GDC_Aliquot	Chromosome	Start	End	Num_Probes	Segment_Mean
1acc357d-6f1e-4f1f-a752-777196037a59	1	62920	668210	21	-0.0465
1acc357d-6f1e-4f1f-a752-777196037a59	1	771719	3305906	719	-0.587
1acc357d-6f1e-4f1f-a752-777196037a59	1	3306063	9200841	3850	-0.4138
1acc357d-6f1e-4f1f-a752-777196037a59	1	9201508	9357887	101	0.2012
1acc357d-6f1e-4f1f-a752-777196037a59	1	9358577	16387008	3811	-0.4179
1acc357d-6f1e-4f1f-a752-777196037a59	1	16389879	16643961	93	0.2614
1acc357d-6f1e-4f1f-a752-777196037a59	1	16679239	21350202	3002	-0.4103
1acc357d-6f1e-4f1f-a752-777196037a59	1	21358903	21380362	20	0.2303
1acc357d-6f1e-4f1f-a752-777196037a59	1	21383983	21875756	275	-0.4138
1acc357d-6f1e-4f1f-a752-777196037a59	1	21882371	22127166	146	0.3671
1acc357d-6f1e-4f1f-a752-777196037a59	1	22146835	22906237	527	-0.4166
1acc357d-6f1e-4f1f-a752-777196037a59	1	22907704	23089581	92	0.3463
1acc357d-6f1e-4f1f-a752-777196037a59	1	23094362	23123142	17	-0.4067
1acc357d-6f1e-4f1f-a752-777196037a59	1	23126110	23606067	279	0.3227
1acc357d-6f1e-4f1f-a752-777196037a59	1	23608442	32538854	4522	-0.4382
1acc357d-6f1e-4f1f-a752-777196037a59	1	32542882	33009862	184	0.0143
1acc357d-6f1e-4f1f-a752-777196037a59	1	33010691	34637053	1124	-0.3931
1acc357d-6f1e-4f1f-a752-777196037a59	1	34637069	34637435	5	-2.379
1acc357d-6f1e-4f1f-a752-777196037a59	1	34637541	34638226	5	-0.6488
1acc357d-6f1e-4f1f-a752-777196037a59	1	34638263	34638890	9	-4.177
1acc357d-6f1e-4f1f-a752-777196037a59	1	34648667	44214794	5326	-0.4234
1acc357d-6f1e-4f1f-a752-777196037a59	1	44215441	44511834	175	-0.0038
1acc357d-6f1e-4f1f-a752-777196037a59	1	44512647	72302815	17971	-0.4377
1acc357d-6f1e-4f1f-a752-777196037a59	1	72303233	72332927	30	-1.7288
1acc357d-6f1e-4f1f-a752-777196037a59	1	72336821	105476583	20748	-0.4607
1acc357d-6f1e-4f1f-a752-777196037a59	1	105476614	105479753	16	-1.7761
1acc357d-6f1e-4f1f-a752-777196037a59	1	105481433	105919040	284	-0.4164
1acc357d-6f1e-4f1f-a752-777196037a59	1	105922415	105922763	2	-2.3447
1acc357d-6f1e-4f1f-a752-777196037a59	1	105927600	108202617	1645	-0.4574
1acc357d-6f1e-4f1f-a752-777196037a59	1	108202633	108203129	3	-2.3367
1acc357d-6f1e-4f1f-a752-777196037a59	1	108203740	109231404	459	-0.4277
1acc357d-6f1e-4f1f-a752-777196037a59	1	109235615	109239381	2	-2.4484
1acc357d-6f1e-4f1f-a752-777196037a59	1	109239415	109690431	215	-0.4587
1acc357d-6f1e-4f1f-a752-777196037a59	1	109690640	109697556	10	0.9215
1acc357d-6f1e-4f1f-a752-777196037a59	1	109702376	112153465	1914	-0.4507
1acc357d-6f1e-4f1f-a752-777196037a59	1	112153571	112166431	37	0.0546
1acc357d-6f1e-4f1f-a752-777196037a59	1	112166451	121598439	5089	-0.4453
1acc357d-6f1e-4f1f-a752-777196037a59	1	121601998	151735743	1906	0.0022
1acc357d-6f1e-4f1f-a752-777196037a59	1	151741636	152183308	250	0.3349
1acc357d-6f1e-4f1f-a752-777196037a59	1	152185315	152583319	267	0.0141
1acc357d-6f1e-4f1f-a752-777196037a59	1	152583408	152614118	32	-1.5225
1acc357d-6f1e-4f1f-a752-777196037a59	1	152618018	152787202	163	0.0463
1acc357d-6f1e-4f1f-a752-777196037a59	1	152789447	152796224	37	-1.5154
1acc357d-6f1e-4f1f-a752-777196037a59	1	152801429	158989785	3641	0.0199
1acc357d-6f1e-4f1f-a752-777196037a59	1	158992249	158993006	2	-2.2476
1acc357d-6f1e-4f1f-a752-777196037a59	1	158997074	162716441	2421	0.0235
1acc357d-6f1e-4f1f-a752-777196037a59	1	162719805	163467957	646	0.8813
1acc357d-6f1e-4f1f-a752-777196037a59	1	163470224	167051804	2780	0.043
1acc357d-6f1e-4f1f-a752-777196037a59	1	167051953	167055371	5	-1.5892
1acc357d-6f1e-4f1f-a752-777196037a59	1	167059022	169017136	1481	0.0237
1acc357d-6f1e-4f1f-a752-777196037a59	1	169017254	169017882	2	-2.461
1acc357d-6f1e-4f1f-a752-777196037a59	1	169017973	174827267	3675	0.0101
1acc357d-6f1e-4f1f-a752-777196037a59	1	174827418	174832702	16	-1.2436
1acc357d-6f1e-4f1f-a752-777196037a59	1	174832716	179354603	3059	0.0332
1acc357d-6f1e-4f1f-a752-777196037a59	1	179361393	179364180	4	-1.8776
1acc357d-6f1e-4f1f-a752-777196037a59	1	179370071	190059474	7102	0.0184
1acc357d-6f1e-4f1f-a752-777196037a59	1	190059737	193712800	2401	-0.0448
1acc357d-6f1e-4f1f-a752-777196037a59	1	193712816	194479104	518	0.0149
1acc357d-6f1e-4f1f-a752-777196037a59	1	194482281	194485888	2	-1.8127
1acc357d-6f1e-4f1f-a752-777196037a59	1	194487886	196745743	1435	0.0077
1acc357d-6f1e-4f1f-a752-777196037a59	1	196758720	196936029	122	-0.7052
1acc357d-6f1e-4f1f-a752-777196037a59	1	196940515	201014120	2539	-0.0058
1acc357d-6f1e-4f1f-a752-777196037a59	1	201014894	201101654	87	0.4174
1acc357d-6f1e-4f1f-a752-777196037a59	1	201102756	205122522	2780	0.0421
1acc357d-6f1e-4f1f-a752-777196037a59	1	205122602	205718745	369	0.3635
1acc357d-6f1e-4f1f-a752-777196037a59	1	205719162	248930189	29618	0.0227
1acc357d-6f1e-4f1f-a752-777196037a59	2	12784	4155990	2961	-0.4922
1acc357d-6f1e-4f1f-a752-777196037a59	2	4158097	4172353	28	0.1457
1acc357d-6f1e-4f1f-a752-777196037a59	2	4174231	27782701	16327	-0.4812
1acc357d-6f1e-4f1f-a752-777196037a59	2	27784960	28058239	124	-0.1094
1acc357d-6f1e-4f1f-a752-777196037a59	2	28066256	35106731	4779	-0.4676
1acc357d-6f1e-4f1f-a752-777196037a59	2	35119874	35253248	82	-1.0054
1acc357d-6f1e-4f1f-a752-777196037a59	2	35258018	35750907	377	-0.4284
1acc357d-6f1e-4f1f-a752-777196037a59	2	35752724	35762881	7	0.9629
1acc357d-6f1e-4f1f-a752-777196037a59	2	35772407	38016474	1746	-0.4866
1acc357d-6f1e-4f1f-a752-777196037a59	2	38017294	38635081	473	0.2707
1acc357d-6f1e-4f1f-a752-777196037a59	2	38646657	45123198	4592	-0.4778
1acc357d-6f1e-4f1f-a752-777196037a59	2	45124728	45124910	2	-3.1666
1acc357d-6f1e-4f1f-a752-777196037a59	2	45125369	52537337	5155	-0.4853
1acc357d-6f1e-4f1f-a752-777196037a59	2	52537675	52554236	15	-1.7111
1acc357d-6f1e-4f1f-a752-777196037a59	2	52554259	59589979	4874	-0.4946
1acc357d-6f1e-4f1f-a752-777196037a59	2	59591512	59807802	163	1.3108
1acc357d-6f1e-4f1f-a752-777196037a59	2	59809173	60212800	311	1.5728
1acc357d-6f1e-4f1f-a752-777196037a59	2	60213064	60618168	293	1.2779
1acc357d-6f1e-4f1f-a752-777196037a59	2	60618425	60725180	56	0.9442
1acc357d-6f1e-4f1f-a752-777196037a59	2	60734447	61429713	324	1.3507
1acc357d-6f1e-4f1f-a752-777196037a59	2	61432269	61735767	145	0.9709
1acc357d-6f1e-4f1f-a752-777196037a59	2	61743112	63381589	785	-0.4361
1acc357d-6f1e-4f1f-a752-777196037a59	2	63385431	65652282	1343	0.9642
1acc357d-6f1e-4f1f-a752-777196037a59	2	65653417	65923711	267	1.3251
1acc357d-6f1e-4f1f-a752-777196037a59	2	65931010	66585206	457	-0.4589
1acc357d-6f1e-4f1f-a752-777196037a59	2	66587105	68142711	1170	1.001
1acc357d-6f1e-4f1f-a752-777196037a59	2	68149121	68236480	48	-0.6381
1acc357d-6f1e-4f1f-a752-777196037a59	2	68237139	68830198	400	0.9857
1acc357d-6f1e-4f1f-a752-777196037a59	2	68831467	79120446	6414	0.5576
1acc357d-6f1e-4f1f-a752-777196037a59	2	79120619	79125897	10	0.8649
1acc357d-6f1e-4f1f-a752-777196037a59	2	79128710	91784176	5662	-0.4678
1acc357d-6f1e-4f1f-a752-777196037a59	2	91793514	106265083	6441	-0.0423
1acc357d-6f1e-4f1f-a752-777196037a59	2	106265177	106268901	9	0.8091
1acc357d-6f1e-4f1f-a752-777196037a59	2	106270952	111479976	2605	-0.0302
1acc357d-6f1e-4f1f-a752-777196037a59	2	111481730	111498124	10	-0.5444
1acc357d-6f1e-4f1f-a752-777196037a59	2	111510522	128880504	10671	0.579
1acc357d-6f1e-4f1f-a752-777196037a59	2	128880904	128882755	16	-0.6406
1acc357d-6f1e-4f1f-a752-777196037a59	2	128888874	130486635	980	0.5766
1acc357d-6f1e-4f1f-a752-777196037a59	2	130526595	130744035	16	-0.0204
1acc357d-6f1e-4f1f-a752-777196037a59	2	130744465	141441852	6526	0.5668
1acc357d-6f1e-4f1f-a752-777196037a59	2	141441892	141529053	83	-0.0205
1acc357d-6f1e-4f1f-a752-777196037a59	2	141532530	146107526	2742	0.5274
1acc357d-6f1e-4f1f-a752-777196037a59	2	146107615	146120827	19	1.402
1acc357d-6f1e-4f1f-a752-777196037a59	2	146120842	194748332	29090	0.5413
1acc357d-6f1e-4f1f-a752-777196037a59	2	194755786	195326346	346	0.6828
1acc357d-6f1e-4f1f-a752-777196037a59	2	195326370	207486030	7205	0.5438
1acc357d-6f1e-4f1f-a752-777196037a59	2	207490188	207494612	17	-0.7455
1acc357d-6f1e-4f1f-a752-777196037a59	2	207494752	211906109	2722	0.5434
1acc357d-6f1e-4f1f-a752-777196037a59	2	211906909	211906945	2	-1.2089
1acc357d-6f1e-4f1f-a752-777196037a59	2	211910216	212316597	288	0.5226
1acc357d-6f1e-4f1f-a752-777196037a59	2	212321824	212327101	25	-0.8328
1acc357d-6f1e-4f1f-a752-777196037a59	2	212327402	215392624	1934	0.5379
1acc357d-6f1e-4f1f-a752-777196037a59	2	215392974	221266696	3802	0.5864
1acc357d-6f1e-4f1f-a752-777196037a59	2	221267417	233666581	7743	0.5431
1acc357d-6f1e-4f1f-a752-777196037a59	2	233670076	240477920	4676	0.5993
1acc357d-6f1e-4f1f-a752-777196037a59	2	240482513	242147305	734	0.5439
1acc357d-6f1e-4f1f-a752-777196037a59	3	20930	9794129	8313	-0.0341
1acc357d-6f1e-4f1f-a752-777196037a59	3	9796602	9866945	29	0.5481
1acc357d-6f1e-4f1f-a752-777196037a59	3	9867065	9951748	37	0.964
1acc357d-6f1e-4f1f-a752-777196037a59	3	9953167	10028991	22	0.4162
1acc357d-6f1e-4f1f-a752-777196037a59	3	10039861	11081913	845	-0.0285
1acc357d-6f1e-4f1f-a752-777196037a59	3	11083082	11088334	4	-1.8136
1acc357d-6f1e-4f1f-a752-777196037a59	3	11088481	49251583	24553	-0.0579
1acc357d-6f1e-4f1f-a752-777196037a59	3	49254363	49355834	39	0.5451
1acc357d-6f1e-4f1f-a752-777196037a59	3	49363977	51931316	1046	-0.0237
1acc357d-6f1e-4f1f-a752-777196037a59	3	51935683	52014280	22	0.4532
1acc357d-6f1e-4f1f-a752-777196037a59	3	52015002	52043626	9	1.1273
1acc357d-6f1e-4f1f-a752-777196037a59	3	52046571	52050024	3	-1.3026
1acc357d-6f1e-4f1f-a752-777196037a59	3	52057238	52428830	126	-0.0277
1acc357d-6f1e-4f1f-a752-777196037a59	3	52434493	52573272	61	0.893
1acc357d-6f1e-4f1f-a752-777196037a59	3	52575478	52863200	150	-0.048
1acc357d-6f1e-4f1f-a752-777196037a59	3	52866248	53291535	295	0.5953
1acc357d-6f1e-4f1f-a752-777196037a59	3	53293218	76092985	16863	-0.0166
1acc357d-6f1e-4f1f-a752-777196037a59	3	76093179	83970122	4387	-0.0676
1acc357d-6f1e-4f1f-a752-777196037a59	3	83970763	84053071	40	0.1503
1acc357d-6f1e-4f1f-a752-777196037a59	3	84056282	84057015	2	-3.467
1acc357d-6f1e-4f1f-a752-777196037a59	3	84061816	122642621	20405	-0.0594
1acc357d-6f1e-4f1f-a752-777196037a59	3	122643973	140539678	10919	-0.0241
1acc357d-6f1e-4f1f-a752-777196037a59	3	140541203	155758758	9352	-0.0527
1acc357d-6f1e-4f1f-a752-777196037a59	3	155763308	155807000	32	0.4614
1acc357d-6f1e-4f1f-a752-777196037a59	3	155808009	162790390	4237	-0.0433
1acc357d-6f1e-4f1f-a752-777196037a59	3	162790404	162911011	78	0.3293
1acc357d-6f1e-4f1f-a752-777196037a59	3	162911124	175418407	7642	-0.0493
1acc357d-6f1e-4f1f-a752-777196037a59	3	175418678	175969845	339	0.0843
1acc357d-6f1e-4f1f-a752-777196037a59	3	175970783	184180057	4766	-0.0567
1acc357d-6f1e-4f1f-a752-777196037a59	3	184183404	184240129	29	0.5743
1acc357d-6f1e-4f1f-a752-777196037a59	3	184250199	186677587	1509	-0.0289
1acc357d-6f1e-4f1f-a752-777196037a59	3	186677660	186697087	29	-0.4697
1acc357d-6f1e-4f1f-a752-777196037a59	3	186697731	193156958	4672	-0.0334
1acc357d-6f1e-4f1f-a752-777196037a59	3	193160113	193165114	20	0.7175
1acc357d-6f1e-4f1f-a752-777196037a59	3	193168646	195549253	1466	-0.0128
1acc357d-6f1e-4f1f-a752-777196037a59	3	195552392	195728990	31	-0.577
1acc357d-6f1e-4f1f-a752-777196037a59	3	195729005	197111615	658	-0.0494
1acc357d-6f1e-4f1f-a752-777196037a59	3	197124047	197258473	66	-0.9655
1acc357d-6f1e-4f1f-a752-777196037a59	3	197260270	198169247	453	-0.0608
1acc357d-6f1e-4f1f-a752-777196037a59	4	68929	13269760	8165	-0.0324
1acc357d-6f1e-4f1f-a752-777196037a59	4	13272224	13274333	2	-2.629
1acc357d-6f1e-4f1f-a752-777196037a59	4	13275028	25057292	8274	-0.0533
1acc357d-6f1e-4f1f-a752-777196037a59	4	25057412	25057840	3	-2.2854
1acc357d-6f1e-4f1f-a752-777196037a59	4	25061926	38960042	9017	-0.0737
1acc357d-6f1e-4f1f-a752-777196037a59	4	38964851	39155366	106	0.5759
1acc357d-6f1e-4f1f-a752-777196037a59	4	39156206	40052471	414	-0.1135
1acc357d-6f1e-4f1f-a752-777196037a59	4	40058748	47860537	4670	-0.0482
1acc357d-6f1e-4f1f-a752-777196037a59	4	47863872	47863985	2	-1.9448
1acc357d-6f1e-4f1f-a752-777196037a59	4	47867952	57886374	4889	-0.0334
1acc357d-6f1e-4f1f-a752-777196037a59	4	57888533	62802116	2842	-0.1081
1acc357d-6f1e-4f1f-a752-777196037a59	4	62804218	62805944	8	-1.952
1acc357d-6f1e-4f1f-a752-777196037a59	4	62813912	68506285	3417	-0.0717
1acc357d-6f1e-4f1f-a752-777196037a59	4	68509223	68674307	71	0.6191
1acc357d-6f1e-4f1f-a752-777196037a59	4	68686026	69272329	319	0.0027
1acc357d-6f1e-4f1f-a752-777196037a59	4	69277656	69366406	44	-0.7634
1acc357d-6f1e-4f1f-a752-777196037a59	4	69370433	108569408	23549	-0.0783
1acc357d-6f1e-4f1f-a752-777196037a59	4	108571276	108599109	13	-0.9689
1acc357d-6f1e-4f1f-a752-777196037a59	4	108609169	114252500	3497	-0.0738
1acc357d-6f1e-4f1f-a752-777196037a59	4	114252544	114263110	27	0.9755
1acc357d-6f1e-4f1f-a752-777196037a59	4	114263154	151868241	21856	-0.079
1acc357d-6f1e-4f1f-a752-777196037a59	4	151870381	151871415	11	-1.1941
1acc357d-6f1e-4f1f-a752-777196037a59	4	151871739	160952848	5805	-0.0821
1acc357d-6f1e-4f1f-a752-777196037a59	4	160958866	160963806	23	-1.898
1acc357d-6f1e-4f1f-a752-777196037a59	4	160963815	171453733	6597	-0.0719
1acc357d-6f1e-4f1f-a752-777196037a59	4	171453798	171456625	11	0.976
1acc357d-6f1e-4f1f-a752-777196037a59	4	171459220	172066777	391	-0.061
1acc357d-6f1e-4f1f-a752-777196037a59	4	172067997	172074828	13	0.7635
1acc357d-6f1e-4f1f-a752-777196037a59	4	172075742	178296164	3722	-0.0731
1acc357d-6f1e-4f1f-a752-777196037a59	4	178298249	178825772	382	0.0855
1acc357d-6f1e-4f1f-a752-777196037a59	4	178826098	179172552	216	-0.0383
1acc357d-6f1e-4f1f-a752-777196037a59	4	179176834	179177184	2	-2.286
1acc357d-6f1e-4f1f-a752-777196037a59	4	179180768	181152683	1462	-0.0653
1acc357d-6f1e-4f1f-a752-777196037a59	4	181152904	182134218	846	-0.5275
1acc357d-6f1e-4f1f-a752-777196037a59	4	182136425	182624436	380	-0.0519
1acc357d-6f1e-4f1f-a752-777196037a59	4	182624838	182998475	269	0.5224
1acc357d-6f1e-4f1f-a752-777196037a59	4	182999334	183537793	300	-0.0538
1acc357d-6f1e-4f1f-a752-777196037a59	4	183542160	183561518	20	0.586
1acc357d-6f1e-4f1f-a752-777196037a59	4	183562723	185977375	1658	-0.0764
1acc357d-6f1e-4f1f-a752-777196037a59	4	185979560	186061784	64	0.6209
1acc357d-6f1e-4f1f-a752-777196037a59	4	186062188	190106768	2634	-0.022
1acc357d-6f1e-4f1f-a752-777196037a59	5	15532	644437	276	-1.0911
1acc357d-6f1e-4f1f-a752-777196037a59	5	645184	717446	30	2.3885
1acc357d-6f1e-4f1f-a752-777196037a59	5	717794	1039424	117	3.0284
1acc357d-6f1e-4f1f-a752-777196037a59	5	1040379	1300469	151	2.4354
1acc357d-6f1e-4f1f-a752-777196037a59	5	1308959	3268825	1612	-1.187
1acc357d-6f1e-4f1f-a752-777196037a59	5	3269544	3272615	5	-5.7603
1acc357d-6f1e-4f1f-a752-777196037a59	5	3273037	5704843	2109	-1.1317
1acc357d-6f1e-4f1f-a752-777196037a59	5	5707299	5713653	7	2.0095
1acc357d-6f1e-4f1f-a752-777196037a59	5	5713946	5808934	102	2.4105
1acc357d-6f1e-4f1f-a752-777196037a59	5	5808955	6010582	180	2.7376
1acc357d-6f1e-4f1f-a752-777196037a59	5	6010598	6091281	77	2.5196
1acc357d-6f1e-4f1f-a752-777196037a59	5	6093588	6414457	253	3.0521
1acc357d-6f1e-4f1f-a752-777196037a59	5	6415690	6625978	191	2.5704
1acc357d-6f1e-4f1f-a752-777196037a59	5	6627994	14024306	5557	-1.0878
1acc357d-6f1e-4f1f-a752-777196037a59	5	14026180	14047520	14	-3.6785
1acc357d-6f1e-4f1f-a752-777196037a59	5	14048154	14953025	749	-1.1179
1acc357d-6f1e-4f1f-a752-777196037a59	5	14955044	14955087	2	-3.6501
1acc357d-6f1e-4f1f-a752-777196037a59	5	14959666	15545912	317	-1.0121
1acc357d-6f1e-4f1f-a752-777196037a59	5	15546967	15548467	2	-4.7068
1acc357d-6f1e-4f1f-a752-777196037a59	5	15550578	15718383	113	-0.9726
1acc357d-6f1e-4f1f-a752-777196037a59	5	15719113	15720488	11	-5.681
1acc357d-6f1e-4f1f-a752-777196037a59	5	15723237	17515692	1158	-1.0962
1acc357d-6f1e-4f1f-a752-777196037a59	5	17601444	17692265	40	0.2267
1acc357d-6f1e-4f1f-a752-777196037a59	5	17696368	17704165	9	0.5593
1acc357d-6f1e-4f1f-a752-777196037a59	5	17707066	17828029	103	1.16
1acc357d-6f1e-4f1f-a752-777196037a59	5	17828744	17829678	3	-0.5291
1acc357d-6f1e-4f1f-a752-777196037a59	5	17833550	17868839	17	1.0743
1acc357d-6f1e-4f1f-a752-777196037a59	5	17872258	17992461	82	0.2604
1acc357d-6f1e-4f1f-a752-777196037a59	5	17992795	18200920	124	1.1211
1acc357d-6f1e-4f1f-a752-777196037a59	5	18202649	18696217	321	1.5174
1acc357d-6f1e-4f1f-a752-777196037a59	5	18696725	18778593	50	1.0919
1acc357d-6f1e-4f1f-a752-777196037a59	5	18778683	18965837	110	2.5517
1acc357d-6f1e-4f1f-a752-777196037a59	5	18966843	18966849	2	-0.6211
1acc357d-6f1e-4f1f-a752-777196037a59	5	18969079	18992718	14	2.1712
1acc357d-6f1e-4f1f-a752-777196037a59	5	18996972	19149293	106	2.8893
1acc357d-6f1e-4f1f-a752-777196037a59	5	19151424	19329155	97	2.2709
1acc357d-6f1e-4f1f-a752-777196037a59	5	19329361	19454175	103	0.544
1acc357d-6f1e-4f1f-a752-777196037a59	5	19458679	19476194	19	1.7892
1acc357d-6f1e-4f1f-a752-777196037a59	5	19480121	19522928	32	0.5449
1acc357d-6f1e-4f1f-a752-777196037a59	5	19523060	19539763	18	1.2514
1acc357d-6f1e-4f1f-a752-777196037a59	5	19545212	19681656	72	0.5772
1acc357d-6f1e-4f1f-a752-777196037a59	5	19684908	19725356	19	1.3557
1acc357d-6f1e-4f1f-a752-777196037a59	5	19732694	20153560	230	0.5755
1acc357d-6f1e-4f1f-a752-777196037a59	5	20162267	20691335	359	-0.9793
1acc357d-6f1e-4f1f-a752-777196037a59	5	20695564	20948058	80	-0.3727
1acc357d-6f1e-4f1f-a752-777196037a59	5	20950527	21063227	76	-1.1214
1acc357d-6f1e-4f1f-a752-777196037a59	5	21067188	21339080	163	2.9625
1acc357d-6f1e-4f1f-a752-777196037a59	5	21341983	21361673	7	1.5515
1acc357d-6f1e-4f1f-a752-777196037a59	5	21370455	21449167	48	3.3728
1acc357d-6f1e-4f1f-a752-777196037a59	5	21451091	21452329	5	5.3129
1acc357d-6f1e-4f1f-a752-777196037a59	5	21452387	21612050	59	3.1623
1acc357d-6f1e-4f1f-a752-777196037a59	5	21617555	22001290	244	2.4622
1acc357d-6f1e-4f1f-a752-777196037a59	5	22002945	22114740	50	1.8297
1acc357d-6f1e-4f1f-a752-777196037a59	5	22115481	22419490	132	2.2805
1acc357d-6f1e-4f1f-a752-777196037a59	5	22424080	22644085	116	2.563
1acc357d-6f1e-4f1f-a752-777196037a59	5	22652480	22846774	119	2.2332
1acc357d-6f1e-4f1f-a752-777196037a59	5	22852875	23101564	158	1.8591
1acc357d-6f1e-4f1f-a752-777196037a59	5	23101737	23192602	49	2.6905
1acc357d-6f1e-4f1f-a752-777196037a59	5	23193329	23289842	64	2.2034
1acc357d-6f1e-4f1f-a752-777196037a59	5	23289968	23298283	28	3.0266
1acc357d-6f1e-4f1f-a752-777196037a59	5	23304126	23771798	276	-1.0328
1acc357d-6f1e-4f1f-a752-777196037a59	5	23772618	24061287	128	3.1461
1acc357d-6f1e-4f1f-a752-777196037a59	5	24061305	24284110	138	2.053
1acc357d-6f1e-4f1f-a752-777196037a59	5	24285370	24290300	2	-0.4075
1acc357d-6f1e-4f1f-a752-777196037a59	5	24291055	24884285	388	2.1524
1acc357d-6f1e-4f1f-a752-777196037a59	5	24884808	24926044	20	2.792
1acc357d-6f1e-4f1f-a752-777196037a59	5	24926538	24968177	33	2.3011
1acc357d-6f1e-4f1f-a752-777196037a59	5	24968516	25180114	120	2.6702
1acc357d-6f1e-4f1f-a752-777196037a59	5	25185080	25410900	116	0.0284
1acc357d-6f1e-4f1f-a752-777196037a59	5	25411871	25568460	103	-1.0715
1acc357d-6f1e-4f1f-a752-777196037a59	5	25570720	25821576	152	2.7022
1acc357d-6f1e-4f1f-a752-777196037a59	5	25821773	25821918	2	-1.4199
1acc357d-6f1e-4f1f-a752-777196037a59	5	25824379	25973239	107	2.8158
1acc357d-6f1e-4f1f-a752-777196037a59	5	25974011	26358066	226	-1.1
1acc357d-6f1e-4f1f-a752-777196037a59	5	26363296	26437541	51	0.5822
1acc357d-6f1e-4f1f-a752-777196037a59	5	26440732	26910363	301	-1.0678
1acc357d-6f1e-4f1f-a752-777196037a59	5	26911237	27415789	250	0.2358
1acc357d-6f1e-4f1f-a752-777196037a59	5	27426236	27505750	51	0.6984
1acc357d-6f1e-4f1f-a752-777196037a59	5	27509091	27584047	46	1.3674
1acc357d-6f1e-4f1f-a752-777196037a59	5	27584203	27609204	14	1.0071
1acc357d-6f1e-4f1f-a752-777196037a59	5	27617078	27882906	138	0.7972
1acc357d-6f1e-4f1f-a752-777196037a59	5	27883950	28121667	146	1.1721
1acc357d-6f1e-4f1f-a752-777196037a59	5	28126801	28215630	47	-0.0953
1acc357d-6f1e-4f1f-a752-777196037a59	5	28218780	28225928	7	1.4896
1acc357d-6f1e-4f1f-a752-777196037a59	5	28229072	28288879	35	2.5509
1acc357d-6f1e-4f1f-a752-777196037a59	5	28289465	28347685	36	0.8547
1acc357d-6f1e-4f1f-a752-777196037a59	5	28348101	28588342	134	-0.0449
1acc357d-6f1e-4f1f-a752-777196037a59	5	28593533	28720113	87	0.9706
1acc357d-6f1e-4f1f-a752-777196037a59	5	28720585	28766375	33	0.6924
1acc357d-6f1e-4f1f-a752-777196037a59	5	28782750	29047361	146	0.2759
1acc357d-6f1e-4f1f-a752-777196037a59	5	29050456	29125707	68	2.5509
1acc357d-6f1e-4f1f-a752-777196037a59	5	29129105	29425722	176	-1.0816
1acc357d-6f1e-4f1f-a752-777196037a59	5	29431519	29440802	6	0.7782
1acc357d-6f1e-4f1f-a752-777196037a59	5	29441301	29662946	140	-1.1292
1acc357d-6f1e-4f1f-a752-777196037a59	5	29670350	29709290	37	0.2238
1acc357d-6f1e-4f1f-a752-777196037a59	5	29715557	29861043	92	-1.1129
1acc357d-6f1e-4f1f-a752-777196037a59	5	29866314	30007844	106	0.2788
1acc357d-6f1e-4f1f-a752-777196037a59	5	30008689	30191298	104	1.1475
1acc357d-6f1e-4f1f-a752-777196037a59	5	30193972	31600187	1015	0.2894
1acc357d-6f1e-4f1f-a752-777196037a59	5	31604344	31880435	212	1.2367
1acc357d-6f1e-4f1f-a752-777196037a59	5	31882106	32349672	315	0.3482
1acc357d-6f1e-4f1f-a752-777196037a59	5	32356870	32406698	27	2.5776
1acc357d-6f1e-4f1f-a752-777196037a59	5	32408550	32793068	294	2.2162
1acc357d-6f1e-4f1f-a752-777196037a59	5	32793707	33525378	440	2.4323
1acc357d-6f1e-4f1f-a752-777196037a59	5	33526886	33546588	47	1.9829
1acc357d-6f1e-4f1f-a752-777196037a59	5	33546670	34654372	670	2.4746
1acc357d-6f1e-4f1f-a752-777196037a59	5	34658342	34978384	199	2.5887
1acc357d-6f1e-4f1f-a752-777196037a59	5	34981689	35577794	408	2.8272
1acc357d-6f1e-4f1f-a752-777196037a59	5	35580784	35841379	175	2.5976
1acc357d-6f1e-4f1f-a752-777196037a59	5	35842711	35842723	2	5.2332
1acc357d-6f1e-4f1f-a752-777196037a59	5	35844754	35874996	29	2.8155
1acc357d-6f1e-4f1f-a752-777196037a59	5	35875125	36029816	123	2.3104
1acc357d-6f1e-4f1f-a752-777196037a59	5	36030167	36081665	51	1.8664
1acc357d-6f1e-4f1f-a752-777196037a59	5	36081929	36088801	9	2.2313
1acc357d-6f1e-4f1f-a752-777196037a59	5	36089118	36199805	49	2.536
1acc357d-6f1e-4f1f-a752-777196037a59	5	36201209	36373927	117	2.0638
1acc357d-6f1e-4f1f-a752-777196037a59	5	36376249	38569755	1421	0.3018
1acc357d-6f1e-4f1f-a752-777196037a59	5	38570322	38698354	85	1.0414
1acc357d-6f1e-4f1f-a752-777196037a59	5	38699070	39533229	572	0.3083
1acc357d-6f1e-4f1f-a752-777196037a59	5	39545311	39574923	29	0.8605
1acc357d-6f1e-4f1f-a752-777196037a59	5	39577819	50163220	3491	0.2886
1acc357d-6f1e-4f1f-a752-777196037a59	5	50163701	58025819	5007	-0.057
1acc357d-6f1e-4f1f-a752-777196037a59	5	58030200	58037706	32	1.5537
1acc357d-6f1e-4f1f-a752-777196037a59	5	58042530	100944026	24504	-0.0535
1acc357d-6f1e-4f1f-a752-777196037a59	5	100947898	101398063	243	-1.1243
1acc357d-6f1e-4f1f-a752-777196037a59	5	101401341	104420653	1757	0.2894
1acc357d-6f1e-4f1f-a752-777196037a59	5	104421895	104430453	8	-0.2653
1acc357d-6f1e-4f1f-a752-777196037a59	5	104431293	104513999	46	-1.1533
1acc357d-6f1e-4f1f-a752-777196037a59	5	104515520	104524903	5	0.2749
1acc357d-6f1e-4f1f-a752-777196037a59	5	104525348	104612534	90	-1.0372
1acc357d-6f1e-4f1f-a752-777196037a59	5	104619021	105405107	556	-0.0084
1acc357d-6f1e-4f1f-a752-777196037a59	5	105407436	106559327	557	-0.1418
1acc357d-6f1e-4f1f-a752-777196037a59	5	106561596	116401949	6844	-0.0422
1acc357d-6f1e-4f1f-a752-777196037a59	5	116414936	116431958	15	0.6813
1acc357d-6f1e-4f1f-a752-777196037a59	5	116435813	141976383	15491	-0.0471
1acc357d-6f1e-4f1f-a752-777196037a59	5	141976594	142061935	57	0.6127
1acc357d-6f1e-4f1f-a752-777196037a59	5	142064828	167554313	17098	-0.0512
1acc357d-6f1e-4f1f-a752-777196037a59	5	167555023	172132801	3500	-0.0058
1acc357d-6f1e-4f1f-a752-777196037a59	5	172132856	172163545	28	-0.4402
1acc357d-6f1e-4f1f-a752-777196037a59	5	172163675	176144148	2840	-0.0084
1acc357d-6f1e-4f1f-a752-777196037a59	5	176144576	180951888	2488	-0.0436
1acc357d-6f1e-4f1f-a752-777196037a59	5	180953203	180990911	16	1.297
1acc357d-6f1e-4f1f-a752-777196037a59	5	180991103	181363319	169	-0.1195
1acc357d-6f1e-4f1f-a752-777196037a59	6	149661	254283	101	-0.1172
1acc357d-6f1e-4f1f-a752-777196037a59	6	257353	381149	101	0.3039
1acc357d-6f1e-4f1f-a752-777196037a59	6	382559	31309909	21918	-0.0368
1acc357d-6f1e-4f1f-a752-777196037a59	6	31318499	31328674	10	-1.807
1acc357d-6f1e-4f1f-a752-777196037a59	6	31342147	32463515	488	-0.1012
1acc357d-6f1e-4f1f-a752-777196037a59	6	32463775	32605994	34	0.9922
1acc357d-6f1e-4f1f-a752-777196037a59	6	32606237	32848886	181	0.0794
1acc357d-6f1e-4f1f-a752-777196037a59	6	32849181	32851214	3	-2.268
1acc357d-6f1e-4f1f-a752-777196037a59	6	32857730	42788734	6335	-0.0208
1acc357d-6f1e-4f1f-a752-777196037a59	6	42791112	43363247	274	0.5496
1acc357d-6f1e-4f1f-a752-777196037a59	6	43367612	76718872	18884	-0.04
1acc357d-6f1e-4f1f-a752-777196037a59	6	76719482	76758214	29	0.7139
1acc357d-6f1e-4f1f-a752-777196037a59	6	76758749	78253172	966	-0.0507
1acc357d-6f1e-4f1f-a752-777196037a59	6	78259348	78325468	110	-0.4947
1acc357d-6f1e-4f1f-a752-777196037a59	6	78329517	93620375	9727	-0.0413
1acc357d-6f1e-4f1f-a752-777196037a59	6	93620761	94898615	828	0.0496
1acc357d-6f1e-4f1f-a752-777196037a59	6	94907391	103286950	4770	-0.0557
1acc357d-6f1e-4f1f-a752-777196037a59	6	103286954	103299578	13	1.1964
1acc357d-6f1e-4f1f-a752-777196037a59	6	103299596	103311783	27	0.4707
1acc357d-6f1e-4f1f-a752-777196037a59	6	103311850	103314186	7	1.2301
1acc357d-6f1e-4f1f-a752-777196037a59	6	103317795	170741917	43725	-0.0434
1acc357d-6f1e-4f1f-a752-777196037a59	7	43355	1464355	419	0.5184
1acc357d-6f1e-4f1f-a752-777196037a59	7	1464784	54305455	37727	-0.0234
1acc357d-6f1e-4f1f-a752-777196037a59	7	54318812	54318824	6	-1.7398
1acc357d-6f1e-4f1f-a752-777196037a59	7	54325795	74615750	7724	-0.015
1acc357d-6f1e-4f1f-a752-777196037a59	7	74616516	74951861	47	0.5844
1acc357d-6f1e-4f1f-a752-777196037a59	7	74953065	75823109	175	-0.0457
1acc357d-6f1e-4f1f-a752-777196037a59	7	75823266	75852505	14	0.6718
1acc357d-6f1e-4f1f-a752-777196037a59	7	75852566	87508065	7235	-0.0559
1acc357d-6f1e-4f1f-a752-777196037a59	7	87508709	87665899	98	0.4943
1acc357d-6f1e-4f1f-a752-777196037a59	7	87669438	88872342	691	-0.027
1acc357d-6f1e-4f1f-a752-777196037a59	7	88881919	90256122	892	0.0545
1acc357d-6f1e-4f1f-a752-777196037a59	7	90257003	97766148	4741	-0.0526
1acc357d-6f1e-4f1f-a752-777196037a59	7	97766150	97773163	15	-0.8475
1acc357d-6f1e-4f1f-a752-777196037a59	7	97774928	105678416	3848	-0.0417
1acc357d-6f1e-4f1f-a752-777196037a59	7	105680446	106311923	524	0.5917
1acc357d-6f1e-4f1f-a752-777196037a59	7	106312292	126406113	12174	-0.0556
1acc357d-6f1e-4f1f-a752-777196037a59	7	126406435	126414344	12	0.6813
1acc357d-6f1e-4f1f-a752-777196037a59	7	126415133	144199159	11053	-0.0333
1acc357d-6f1e-4f1f-a752-777196037a59	7	144207186	144264193	8	-1.1289
1acc357d-6f1e-4f1f-a752-777196037a59	7	144295437	159334314	9576	-0.0336
1acc357d-6f1e-4f1f-a752-777196037a59	8	81254	453270	188	-1.278
1acc357d-6f1e-4f1f-a752-777196037a59	8	457746	457777	2	-7.0718
1acc357d-6f1e-4f1f-a752-777196037a59	8	457790	643041	125	-1.2161
1acc357d-6f1e-4f1f-a752-777196037a59	8	644944	645908	10	0.1401
1acc357d-6f1e-4f1f-a752-777196037a59	8	656117	1345065	482	-1.1535
1acc357d-6f1e-4f1f-a752-777196037a59	8	1345465	1360960	6	-4.3346
1acc357d-6f1e-4f1f-a752-777196037a59	8	1365954	1411964	22	-1.2662
1acc357d-6f1e-4f1f-a752-777196037a59	8	1412156	1412536	9	-1.9237
1acc357d-6f1e-4f1f-a752-777196037a59	8	1412568	1536077	125	-1.0058
1acc357d-6f1e-4f1f-a752-777196037a59	8	1536169	1538116	4	-5.6804
1acc357d-6f1e-4f1f-a752-777196037a59	8	1538672	6813838	6217	-1.1185
1acc357d-6f1e-4f1f-a752-777196037a59	8	6814145	6815022	3	-6.9537
1acc357d-6f1e-4f1f-a752-777196037a59	8	6816936	8292820	427	-1.0844
1acc357d-6f1e-4f1f-a752-777196037a59	8	8294694	8294761	2	-7.3231
1acc357d-6f1e-4f1f-a752-777196037a59	8	8294926	9882819	1373	-1.1109
1acc357d-6f1e-4f1f-a752-777196037a59	8	9883085	9883353	5	-4.8399
1acc357d-6f1e-4f1f-a752-777196037a59	8	9883968	11452160	1299	-1.1903
1acc357d-6f1e-4f1f-a752-777196037a59	8	11452340	11452503	3	-6.122
1acc357d-6f1e-4f1f-a752-777196037a59	8	11465488	13034965	795	-1.1326
1acc357d-6f1e-4f1f-a752-777196037a59	8	13039639	13352212	278	3.0113
1acc357d-6f1e-4f1f-a752-777196037a59	8	13352428	13672848	315	2.602
1acc357d-6f1e-4f1f-a752-777196037a59	8	13673347	13708852	36	1.7284
1acc357d-6f1e-4f1f-a752-777196037a59	8	13714052	13754665	70	2.4167
1acc357d-6f1e-4f1f-a752-777196037a59	8	13757208	13901486	174	1.1735
1acc357d-6f1e-4f1f-a752-777196037a59	8	13901579	13999190	90	1.7993
1acc357d-6f1e-4f1f-a752-777196037a59	8	14000564	14284859	225	1.325
1acc357d-6f1e-4f1f-a752-777196037a59	8	14284946	14415861	142	0.9406
1acc357d-6f1e-4f1f-a752-777196037a59	8	14415878	14455880	35	1.1791
1acc357d-6f1e-4f1f-a752-777196037a59	8	14455886	14578731	105	-1.0801
1acc357d-6f1e-4f1f-a752-777196037a59	8	14579143	14669472	137	0.2946
1acc357d-6f1e-4f1f-a752-777196037a59	8	14679264	22277682	6371	-1.0938
1acc357d-6f1e-4f1f-a752-777196037a59	8	22280746	22398765	57	0.0526
1acc357d-6f1e-4f1f-a752-777196037a59	8	22398797	22426610	18	-0.4127
1acc357d-6f1e-4f1f-a752-777196037a59	8	22429356	22485951	29	0.0179
1acc357d-6f1e-4f1f-a752-777196037a59	8	22489559	22635611	83	0.6643
1acc357d-6f1e-4f1f-a752-777196037a59	8	22637517	26373819	2592	-1.1056
1acc357d-6f1e-4f1f-a752-777196037a59	8	26392780	26591237	145	1.6018
1acc357d-6f1e-4f1f-a752-777196037a59	8	26591895	27412055	659	1.3103
1acc357d-6f1e-4f1f-a752-777196037a59	8	27412130	27459820	41	1.4844
1acc357d-6f1e-4f1f-a752-777196037a59	8	27462529	27549339	71	-1.1281
1acc357d-6f1e-4f1f-a752-777196037a59	8	27557959	27571711	19	1.334
1acc357d-6f1e-4f1f-a752-777196037a59	8	27576158	29081905	992	-1.1206
1acc357d-6f1e-4f1f-a752-777196037a59	8	29089478	29634450	356	2.6585
1acc357d-6f1e-4f1f-a752-777196037a59	8	29637369	30873655	695	-1.0062
1acc357d-6f1e-4f1f-a752-777196037a59	8	30874013	31063427	107	2.0604
1acc357d-6f1e-4f1f-a752-777196037a59	8	31065410	31065440	3	0.4945
1acc357d-6f1e-4f1f-a752-777196037a59	8	31065861	31120201	39	2.0949
1acc357d-6f1e-4f1f-a752-777196037a59	8	31124681	31126552	3	3.1562
1acc357d-6f1e-4f1f-a752-777196037a59	8	31126670	31136972	7	1.9193
1acc357d-6f1e-4f1f-a752-777196037a59	8	31140518	32821348	1260	0.5852
1acc357d-6f1e-4f1f-a752-777196037a59	8	32825580	32829941	6	-0.3793
1acc357d-6f1e-4f1f-a752-777196037a59	8	32830685	33979199	621	0.5878
1acc357d-6f1e-4f1f-a752-777196037a59	8	33986021	33999146	12	2.6567
1acc357d-6f1e-4f1f-a752-777196037a59	8	34002629	34361372	214	-1.0608
1acc357d-6f1e-4f1f-a752-777196037a59	8	34365459	34645745	159	2.2006
1acc357d-6f1e-4f1f-a752-777196037a59	8	34651036	34781228	88	2.6591
1acc357d-6f1e-4f1f-a752-777196037a59	8	34786465	34842176	37	1.8853
1acc357d-6f1e-4f1f-a752-777196037a59	8	34842970	34988817	74	1.5102
1acc357d-6f1e-4f1f-a752-777196037a59	8	34991002	35083664	59	0.5842
1acc357d-6f1e-4f1f-a752-777196037a59	8	35088276	35149923	49	1.7445
1acc357d-6f1e-4f1f-a752-777196037a59	8	35150613	35303593	69	1.3425
1acc357d-6f1e-4f1f-a752-777196037a59	8	35303691	35808961	300	2.0663
1acc357d-6f1e-4f1f-a752-777196037a59	8	35810980	36243258	188	1.6398
1acc357d-6f1e-4f1f-a752-777196037a59	8	36245324	36271604	16	2.8764
1acc357d-6f1e-4f1f-a752-777196037a59	8	36272036	37210686	545	-1.0102
1acc357d-6f1e-4f1f-a752-777196037a59	8	37215522	37267620	39	0.5877
1acc357d-6f1e-4f1f-a752-777196037a59	8	37267904	37379415	92	2.3194
1acc357d-6f1e-4f1f-a752-777196037a59	8	37379784	38010956	281	2.8167
1acc357d-6f1e-4f1f-a752-777196037a59	8	38015824	38147775	47	-1.0165
1acc357d-6f1e-4f1f-a752-777196037a59	8	38148460	38149498	2	-3.4952
1acc357d-6f1e-4f1f-a752-777196037a59	8	38150660	38968045	449	-0.982
1acc357d-6f1e-4f1f-a752-777196037a59	8	38969250	39373140	189	0.5749
1acc357d-6f1e-4f1f-a752-777196037a59	8	39378084	39529446	58	-1.9318
1acc357d-6f1e-4f1f-a752-777196037a59	8	39530780	43931659	2578	0.5902
1acc357d-6f1e-4f1f-a752-777196037a59	8	45951913	111279265	39044	-0.0308
1acc357d-6f1e-4f1f-a752-777196037a59	8	111282050	111283031	10	-1.1265
1acc357d-6f1e-4f1f-a752-777196037a59	8	111288052	112600438	702	-0.0621
1acc357d-6f1e-4f1f-a752-777196037a59	8	112601574	112604916	2	-1.8547
1acc357d-6f1e-4f1f-a752-777196037a59	8	112604927	114619814	1101	-0.0456
1acc357d-6f1e-4f1f-a752-777196037a59	8	114622258	114623472	13	-2.1249
1acc357d-6f1e-4f1f-a752-777196037a59	8	114626121	114628759	11	-0.5124
1acc357d-6f1e-4f1f-a752-777196037a59	8	114628773	114629502	11	-2.0617
1acc357d-6f1e-4f1f-a752-777196037a59	8	114638468	138714105	17453	-0.0125
1acc357d-6f1e-4f1f-a752-777196037a59	8	138715193	140996836	1660	0.0529
1acc357d-6f1e-4f1f-a752-777196037a59	8	140996848	142410372	828	-0.1869
1acc357d-6f1e-4f1f-a752-777196037a59	8	142423108	143616987	433	0.0117
1acc357d-6f1e-4f1f-a752-777196037a59	8	143622987	143625638	9	-2.5695
1acc357d-6f1e-4f1f-a752-777196037a59	8	143636819	144375777	205	-0.1061
1acc357d-6f1e-4f1f-a752-777196037a59	8	144376985	144486673	47	0.4037
1acc357d-6f1e-4f1f-a752-777196037a59	8	144490845	145072769	248	-0.0837
1acc357d-6f1e-4f1f-a752-777196037a59	9	46587	9247105	8727	-0.0186
1acc357d-6f1e-4f1f-a752-777196037a59	9	9247923	12613216	2879	0.0389
1acc357d-6f1e-4f1f-a752-777196037a59	9	12617397	14382956	1398	-0.0295
1acc357d-6f1e-4f1f-a752-777196037a59	9	14383732	14460874	89	-0.9647
1acc357d-6f1e-4f1f-a752-777196037a59	9	14464256	23361807	7086	-0.0253
1acc357d-6f1e-4f1f-a752-777196037a59	9	23363117	23372401	7	1.3456
1acc357d-6f1e-4f1f-a752-777196037a59	9	23373486	39547285	10636	-0.027
1acc357d-6f1e-4f1f-a752-777196037a59	9	39547299	61405110	200	0.146
1acc357d-6f1e-4f1f-a752-777196037a59	9	61520021	61629689	28	0.7131
1acc357d-6f1e-4f1f-a752-777196037a59	9	61633080	111439238	30776	0.0049
1acc357d-6f1e-4f1f-a752-777196037a59	9	111445621	112127825	442	0.5733
1acc357d-6f1e-4f1f-a752-777196037a59	9	112130043	129134244	11482	0.0077
1acc357d-6f1e-4f1f-a752-777196037a59	9	129141602	129229841	48	1.3316
1acc357d-6f1e-4f1f-a752-777196037a59	9	129233792	138048503	4805	0.8452
1acc357d-6f1e-4f1f-a752-777196037a59	9	138054254	138180377	110	0.5381
1acc357d-6f1e-4f1f-a752-777196037a59	9	138181102	138200944	3	0.1216
1acc357d-6f1e-4f1f-a752-777196037a59	10	45792	21452305	17462	-0.0275
1acc357d-6f1e-4f1f-a752-777196037a59	10	21452529	21579946	50	0.55
1acc357d-6f1e-4f1f-a752-777196037a59	10	21585597	26934974	3438	-0.0349
1acc357d-6f1e-4f1f-a752-777196037a59	10	26936975	26941808	16	-0.5945
1acc357d-6f1e-4f1f-a752-777196037a59	10	26942681	35100108	5747	-0.0169
1acc357d-6f1e-4f1f-a752-777196037a59	10	35110891	35215866	52	0.5899
1acc357d-6f1e-4f1f-a752-777196037a59	10	35217751	86841831	31427	-0.0248
1acc357d-6f1e-4f1f-a752-777196037a59	10	86842557	87108914	107	0.5863
1acc357d-6f1e-4f1f-a752-777196037a59	10	87116095	87310039	33	0.0396
1acc357d-6f1e-4f1f-a752-777196037a59	10	87310988	87352872	10	0.8106
1acc357d-6f1e-4f1f-a752-777196037a59	10	87353136	91490125	2979	-0.0562
1acc357d-6f1e-4f1f-a752-777196037a59	10	91495327	126005651	22893	-0.0152
1acc357d-6f1e-4f1f-a752-777196037a59	10	126009084	128791470	2283	0.035
1acc357d-6f1e-4f1f-a752-777196037a59	10	128792056	128792058	2	-2.0862
1acc357d-6f1e-4f1f-a752-777196037a59	10	128795708	130375332	1239	0.0316
1acc357d-6f1e-4f1f-a752-777196037a59	10	130375395	133654968	2065	-0.0706
1acc357d-6f1e-4f1f-a752-777196037a59	11	198510	2845018	998	-0.0381
1acc357d-6f1e-4f1f-a752-777196037a59	11	2848935	2917730	36	0.5579
1acc357d-6f1e-4f1f-a752-777196037a59	11	2937015	4950775	1370	-0.026
1acc357d-6f1e-4f1f-a752-777196037a59	11	4950928	4952799	17	0.9762
1acc357d-6f1e-4f1f-a752-777196037a59	11	4953934	5772353	786	-0.009
1acc357d-6f1e-4f1f-a752-777196037a59	11	5773015	5787909	22	-0.774
1acc357d-6f1e-4f1f-a752-777196037a59	11	5788108	8172402	1739	-0.0214
1acc357d-6f1e-4f1f-a752-777196037a59	11	8172997	8173067	3	-1.7624
1acc357d-6f1e-4f1f-a752-777196037a59	11	8173717	18246450	7164	-0.0196
1acc357d-6f1e-4f1f-a752-777196037a59	11	18254114	18450411	117	0.5967
1acc357d-6f1e-4f1f-a752-777196037a59	11	18453210	18919323	287	-0.0233
1acc357d-6f1e-4f1f-a752-777196037a59	11	18927525	18940469	46	0.958
1acc357d-6f1e-4f1f-a752-777196037a59	11	18940586	33246908	10190	-0.0341
1acc357d-6f1e-4f1f-a752-777196037a59	11	33251794	33373010	54	0.6416
1acc357d-6f1e-4f1f-a752-777196037a59	11	33374789	37121609	3097	-0.0279
1acc357d-6f1e-4f1f-a752-777196037a59	11	37121624	37662182	333	0.1133
1acc357d-6f1e-4f1f-a752-777196037a59	11	37662999	63855852	12660	-0.0294
1acc357d-6f1e-4f1f-a752-777196037a59	11	63858318	64043443	64	0.546
1acc357d-6f1e-4f1f-a752-777196037a59	11	64045704	64152190	52	0.0876
1acc357d-6f1e-4f1f-a752-777196037a59	11	64152580	64193264	17	0.5843
1acc357d-6f1e-4f1f-a752-777196037a59	11	64194340	68520151	1627	-0.085
1acc357d-6f1e-4f1f-a752-777196037a59	11	68521772	71753030	1817	0.0189
1acc357d-6f1e-4f1f-a752-777196037a59	11	71766534	71816501	11	-0.5486
1acc357d-6f1e-4f1f-a752-777196037a59	11	71816650	72235896	197	0.5388
1acc357d-6f1e-4f1f-a752-777196037a59	11	72247858	79050406	3709	-0.0156
1acc357d-6f1e-4f1f-a752-777196037a59	11	79050960	110334251	21663	-0.0487
1acc357d-6f1e-4f1f-a752-777196037a59	11	110337129	122251939	8303	-0.0125
1acc357d-6f1e-4f1f-a752-777196037a59	11	122255020	122274286	18	-0.9272
1acc357d-6f1e-4f1f-a752-777196037a59	11	122274620	124218900	1458	-0.0204
1acc357d-6f1e-4f1f-a752-777196037a59	11	124222249	124222464	2	-1.9327
1acc357d-6f1e-4f1f-a752-777196037a59	11	124222764	133929673	7314	-0.0156
1acc357d-6f1e-4f1f-a752-777196037a59	11	133933344	135074876	842	-0.1217
1acc357d-6f1e-4f1f-a752-777196037a59	12	51460	760032	416	-0.1282
1acc357d-6f1e-4f1f-a752-777196037a59	12	760097	764863	15	-1.1099
1acc357d-6f1e-4f1f-a752-777196037a59	12	766188	6826466	4415	-0.0186
1acc357d-6f1e-4f1f-a752-777196037a59	12	6833508	7123655	123	0.512
1acc357d-6f1e-4f1f-a752-777196037a59	12	7125942	9477960	1153	-0.0475
1acc357d-6f1e-4f1f-a752-777196037a59	12	9481274	9575696	24	1.2869
1acc357d-6f1e-4f1f-a752-777196037a59	12	9582373	33096898	16375	-0.0494
1acc357d-6f1e-4f1f-a752-777196037a59	12	33096966	33227031	110	0.276
1acc357d-6f1e-4f1f-a752-777196037a59	12	33232895	33235894	3	-0.9737
1acc357d-6f1e-4f1f-a752-777196037a59	12	33237809	33242207	3	-4.1671
1acc357d-6f1e-4f1f-a752-777196037a59	12	33242483	37481066	734	0.0224
1acc357d-6f1e-4f1f-a752-777196037a59	12	37494436	37519735	10	0.7489
1acc357d-6f1e-4f1f-a752-777196037a59	12	37535437	45510655	4745	0.2958
1acc357d-6f1e-4f1f-a752-777196037a59	12	45512057	45515754	3	-2.2403
1acc357d-6f1e-4f1f-a752-777196037a59	12	45519509	47960803	1482	0.2702
1acc357d-6f1e-4f1f-a752-777196037a59	12	47964933	48331037	225	0.9884
1acc357d-6f1e-4f1f-a752-777196037a59	12	48331236	48331632	5	-0.0699
1acc357d-6f1e-4f1f-a752-777196037a59	12	48336253	48509521	100	0.9292
1acc357d-6f1e-4f1f-a752-777196037a59	12	48511792	49817550	545	0.2761
1acc357d-6f1e-4f1f-a752-777196037a59	12	49818381	49840042	16	0.8756
1acc357d-6f1e-4f1f-a752-777196037a59	12	49841996	56598016	3894	0.2778
1acc357d-6f1e-4f1f-a752-777196037a59	12	56600446	56830708	86	1.285
1acc357d-6f1e-4f1f-a752-777196037a59	12	56833814	57440002	292	0.2265
1acc357d-6f1e-4f1f-a752-777196037a59	12	57440012	61105015	2286	0.7615
1acc357d-6f1e-4f1f-a752-777196037a59	12	61105795	61153618	39	1.1671
1acc357d-6f1e-4f1f-a752-777196037a59	12	61155222	63717757	1640	0.7889
1acc357d-6f1e-4f1f-a752-777196037a59	12	63723488	63749408	10	-0.0527
1acc357d-6f1e-4f1f-a752-777196037a59	12	63751525	64406869	358	0.752
1acc357d-6f1e-4f1f-a752-777196037a59	12	64407190	65207153	453	1.2545
1acc357d-6f1e-4f1f-a752-777196037a59	12	65207255	65507613	144	2.0329
1acc357d-6f1e-4f1f-a752-777196037a59	12	65511888	66995395	1029	1.3459
1acc357d-6f1e-4f1f-a752-777196037a59	12	66995770	67983821	719	2.0229
1acc357d-6f1e-4f1f-a752-777196037a59	12	67984542	68866976	673	2.4423
1acc357d-6f1e-4f1f-a752-777196037a59	12	68869500	69482397	399	1.9675
1acc357d-6f1e-4f1f-a752-777196037a59	12	69483048	69558730	48	2.6621
1acc357d-6f1e-4f1f-a752-777196037a59	12	69561247	69654405	75	2.0855
1acc357d-6f1e-4f1f-a752-777196037a59	12	69655049	71073616	998	1.8269
1acc357d-6f1e-4f1f-a752-777196037a59	12	71077190	72341721	763	2.213
1acc357d-6f1e-4f1f-a752-777196037a59	12	72344889	72851625	285	1.7968
1acc357d-6f1e-4f1f-a752-777196037a59	12	72859412	73022324	134	2.4538
1acc357d-6f1e-4f1f-a752-777196037a59	12	73022400	73120200	63	1.9551
1acc357d-6f1e-4f1f-a752-777196037a59	12	73121394	73261188	72	2.3478
1acc357d-6f1e-4f1f-a752-777196037a59	12	73261583	73454813	101	1.8193
1acc357d-6f1e-4f1f-a752-777196037a59	12	73457002	73486338	17	1.7224
1acc357d-6f1e-4f1f-a752-777196037a59	12	73493598	74419316	475	1.3428
1acc357d-6f1e-4f1f-a752-777196037a59	12	74419407	74815359	287	2.0934
1acc357d-6f1e-4f1f-a752-777196037a59	12	74817571	74937544	73	-1.0817
1acc357d-6f1e-4f1f-a752-777196037a59	12	74939001	85606096	6690	0.261
1acc357d-6f1e-4f1f-a752-777196037a59	12	85609408	85690308	51	-0.4544
1acc357d-6f1e-4f1f-a752-777196037a59	12	85690388	97640090	7753	0.2607
1acc357d-6f1e-4f1f-a752-777196037a59	12	97640110	129619867	21475	0.3101
1acc357d-6f1e-4f1f-a752-777196037a59	12	129622113	132639591	1955	0.2696
1acc357d-6f1e-4f1f-a752-777196037a59	12	132639662	132640031	2	-1.7842
1acc357d-6f1e-4f1f-a752-777196037a59	12	132640107	133201603	257	0.2205
1acc357d-6f1e-4f1f-a752-777196037a59	13	18452809	19547319	528	0.0044
1acc357d-6f1e-4f1f-a752-777196037a59	13	19549755	19549770	2	4.5416
1acc357d-6f1e-4f1f-a752-777196037a59	13	19550361	63859176	29105	-0.0364
1acc357d-6f1e-4f1f-a752-777196037a59	13	63864631	64360470	294	0.1638
1acc357d-6f1e-4f1f-a752-777196037a59	13	64363350	70698749	3999	-0.0603
1acc357d-6f1e-4f1f-a752-777196037a59	13	70700919	70701289	2	-2.2495
1acc357d-6f1e-4f1f-a752-777196037a59	13	70701508	71902850	718	-0.0759
1acc357d-6f1e-4f1f-a752-777196037a59	13	71903417	71906418	4	-2.7497
1acc357d-6f1e-4f1f-a752-777196037a59	13	71906467	94102696	14348	-0.0539
1acc357d-6f1e-4f1f-a752-777196037a59	13	94113106	112859368	13781	-0.0191
1acc357d-6f1e-4f1f-a752-777196037a59	13	112860360	114342922	654	-0.079
1acc357d-6f1e-4f1f-a752-777196037a59	14	18239283	19955213	165	0.1266
1acc357d-6f1e-4f1f-a752-777196037a59	14	19956767	21855405	1245	0.5406
1acc357d-6f1e-4f1f-a752-777196037a59	14	21856896	22490949	559	0.7666
1acc357d-6f1e-4f1f-a752-777196037a59	14	22490986	22623202	137	0.5232
1acc357d-6f1e-4f1f-a752-777196037a59	14	22625942	22630304	7	-1.5583
1acc357d-6f1e-4f1f-a752-777196037a59	14	22630485	50224871	16742	0.555
1acc357d-6f1e-4f1f-a752-777196037a59	14	50226573	50247556	14	1.0837
1acc357d-6f1e-4f1f-a752-777196037a59	14	50257242	50259513	3	0.3566
1acc357d-6f1e-4f1f-a752-777196037a59	14	50260292	50367541	71	1.0172
1acc357d-6f1e-4f1f-a752-777196037a59	14	50370973	50375562	6	0.453
1acc357d-6f1e-4f1f-a752-777196037a59	14	50380389	74782327	15633	-0.0632
1acc357d-6f1e-4f1f-a752-777196037a59	14	74784715	74897674	65	0.5021
1acc357d-6f1e-4f1f-a752-777196037a59	14	74898359	100627968	17511	-0.0631
1acc357d-6f1e-4f1f-a752-777196037a59	14	100632805	100689263	45	0.4081
1acc357d-6f1e-4f1f-a752-777196037a59	14	100692472	100713300	17	0.8638
1acc357d-6f1e-4f1f-a752-777196037a59	14	100714165	104648048	1896	-0.0516
1acc357d-6f1e-4f1f-a752-777196037a59	14	104651473	104941461	75	0.5223
1acc357d-6f1e-4f1f-a752-777196037a59	14	104954039	105365126	141	-0.0526
1acc357d-6f1e-4f1f-a752-777196037a59	14	105382554	105563300	41	0.5353
1acc357d-6f1e-4f1f-a752-777196037a59	14	105578033	106321086	228	-0.0641
1acc357d-6f1e-4f1f-a752-777196037a59	14	106340102	106346129	7	0.9681
1acc357d-6f1e-4f1f-a752-777196037a59	14	106360014	106416146	30	0.0439
1acc357d-6f1e-4f1f-a752-777196037a59	14	106418444	106458677	43	-1.9243
1acc357d-6f1e-4f1f-a752-777196037a59	14	106458728	106462183	6	-4.011
1acc357d-6f1e-4f1f-a752-777196037a59	14	106462724	106877229	194	-0.162
1acc357d-6f1e-4f1f-a752-777196037a59	15	19811075	20317086	73	-0.2633
1acc357d-6f1e-4f1f-a752-777196037a59	15	20327364	22572323	139	-0.7588
1acc357d-6f1e-4f1f-a752-777196037a59	15	22576496	24326202	940	-0.4376
1acc357d-6f1e-4f1f-a752-777196037a59	15	24329610	24533269	93	0.2433
1acc357d-6f1e-4f1f-a752-777196037a59	15	24533744	34421922	6080	-0.4484
1acc357d-6f1e-4f1f-a752-777196037a59	15	34430601	34526116	64	-1.6677
1acc357d-6f1e-4f1f-a752-777196037a59	15	34570058	56497449	13467	-0.4556
1acc357d-6f1e-4f1f-a752-777196037a59	15	56498505	56509425	26	-1.1624
1acc357d-6f1e-4f1f-a752-777196037a59	15	56509503	76598900	12578	-0.4442
1acc357d-6f1e-4f1f-a752-777196037a59	15	76599170	76603434	21	0.5029
1acc357d-6f1e-4f1f-a752-777196037a59	15	76609838	77015060	180	-0.4543
1acc357d-6f1e-4f1f-a752-777196037a59	15	77015387	77015411	2	-3.4931
1acc357d-6f1e-4f1f-a752-777196037a59	15	77017609	82899980	3663	-0.4296
1acc357d-6f1e-4f1f-a752-777196037a59	15	82901329	83205288	142	0.3557
1acc357d-6f1e-4f1f-a752-777196037a59	15	83211970	101928837	13380	-0.4578
1acc357d-6f1e-4f1f-a752-777196037a59	16	10777	3942371	1501	-0.0885
1acc357d-6f1e-4f1f-a752-777196037a59	16	3943252	4616000	405	0.5343
1acc357d-6f1e-4f1f-a752-777196037a59	16	4621465	7233935	2760	-0.0078
1acc357d-6f1e-4f1f-a752-777196037a59	16	7234058	7238267	6	-1.3248
1acc357d-6f1e-4f1f-a752-777196037a59	16	7238574	15171749	6415	0.0131
1acc357d-6f1e-4f1f-a752-777196037a59	16	15176361	17992464	1468	-0.1037
1acc357d-6f1e-4f1f-a752-777196037a59	16	17992700	19933041	777	0.0192
1acc357d-6f1e-4f1f-a752-777196037a59	16	19934328	19954553	28	-1.0478
1acc357d-6f1e-4f1f-a752-777196037a59	16	19956040	23853403	2069	-0.0176
1acc357d-6f1e-4f1f-a752-777196037a59	16	23853477	23854211	2	-3.2765
1acc357d-6f1e-4f1f-a752-777196037a59	16	23854902	23947650	78	-0.0126
1acc357d-6f1e-4f1f-a752-777196037a59	16	23948099	23952683	2	-2.4667
1acc357d-6f1e-4f1f-a752-777196037a59	16	23952771	32852602	4305	-0.0148
1acc357d-6f1e-4f1f-a752-777196037a59	16	32861972	33045427	21	0.8603
1acc357d-6f1e-4f1f-a752-777196037a59	16	33340712	33701693	7	-0.3532
1acc357d-6f1e-4f1f-a752-777196037a59	16	33735771	33846012	9	0.3982
1acc357d-6f1e-4f1f-a752-777196037a59	16	33862700	34047619	20	-0.0374
1acc357d-6f1e-4f1f-a752-777196037a59	16	34056264	34060396	3	1.0629
1acc357d-6f1e-4f1f-a752-777196037a59	16	34061892	35192391	83	-0.0112
1acc357d-6f1e-4f1f-a752-777196037a59	16	35192564	35601428	239	-0.192
1acc357d-6f1e-4f1f-a752-777196037a59	16	35606033	51352972	2978	-0.025
1acc357d-6f1e-4f1f-a752-777196037a59	16	51353137	67549919	11053	-0.0666
1acc357d-6f1e-4f1f-a752-777196037a59	16	67550756	67780962	77	0.4549
1acc357d-6f1e-4f1f-a752-777196037a59	16	67787419	69290008	712	-0.078
1acc357d-6f1e-4f1f-a752-777196037a59	16	69291773	69424466	59	0.5016
1acc357d-6f1e-4f1f-a752-777196037a59	16	69432313	84023427	12106	-0.0585
1acc357d-6f1e-4f1f-a752-777196037a59	16	84023531	84919474	792	-0.2249
1acc357d-6f1e-4f1f-a752-777196037a59	16	84921132	88542082	2753	-0.0566
1acc357d-6f1e-4f1f-a752-777196037a59	16	88542118	90096352	664	-0.2211
1acc357d-6f1e-4f1f-a752-777196037a59	17	150733	6407996	3462	-1.0901
1acc357d-6f1e-4f1f-a752-777196037a59	17	6408236	6408947	2	-7.5064
1acc357d-6f1e-4f1f-a752-777196037a59	17	6409499	15345377	6117	-1.0629
1acc357d-6f1e-4f1f-a752-777196037a59	17	15352655	18550123	1547	-0.033
1acc357d-6f1e-4f1f-a752-777196037a59	17	18561272	18606845	10	0.7457
1acc357d-6f1e-4f1f-a752-777196037a59	17	18626375	32963496	4294	-0.0292
1acc357d-6f1e-4f1f-a752-777196037a59	17	32963951	33632376	657	0.0722
1acc357d-6f1e-4f1f-a752-777196037a59	17	33633617	33640494	8	-0.5762
1acc357d-6f1e-4f1f-a752-777196037a59	17	33640678	36077954	1789	-0.0454
1acc357d-6f1e-4f1f-a752-777196037a59	17	36084295	36528656	134	-0.2379
1acc357d-6f1e-4f1f-a752-777196037a59	17	36530405	38349428	931	0.0076
1acc357d-6f1e-4f1f-a752-777196037a59	17	38350595	38482665	74	0.6237
1acc357d-6f1e-4f1f-a752-777196037a59	17	38489852	38719062	101	0.0027
1acc357d-6f1e-4f1f-a752-777196037a59	17	38733306	38853897	75	0.6195
1acc357d-6f1e-4f1f-a752-777196037a59	17	38863232	39006431	64	-0.0915
1acc357d-6f1e-4f1f-a752-777196037a59	17	39007491	39453870	197	0.5859
1acc357d-6f1e-4f1f-a752-777196037a59	17	39457761	39692350	96	-0.0203
1acc357d-6f1e-4f1f-a752-777196037a59	17	39694457	39695666	10	-0.8716
1acc357d-6f1e-4f1f-a752-777196037a59	17	39697101	39820216	109	-0.0369
1acc357d-6f1e-4f1f-a752-777196037a59	17	39821288	39831019	6	-0.9188
1acc357d-6f1e-4f1f-a752-777196037a59	17	39832796	41266838	775	-0.0154
1acc357d-6f1e-4f1f-a752-777196037a59	17	41266851	41267082	7	-1.4459
1acc357d-6f1e-4f1f-a752-777196037a59	17	41267234	41273697	7	-0.0765
1acc357d-6f1e-4f1f-a752-777196037a59	17	41273905	41274198	4	-1.9883
1acc357d-6f1e-4f1f-a752-777196037a59	17	41274279	44066232	1517	-0.0275
1acc357d-6f1e-4f1f-a752-777196037a59	17	44071829	44192048	43	0.5312
1acc357d-6f1e-4f1f-a752-777196037a59	17	44193597	46085732	923	-0.0785
1acc357d-6f1e-4f1f-a752-777196037a59	17	46088437	46211213	101	0.352
1acc357d-6f1e-4f1f-a752-777196037a59	17	46214357	46286804	23	0.0486
1acc357d-6f1e-4f1f-a752-777196037a59	17	46323701	46687628	8	-1.0368
1acc357d-6f1e-4f1f-a752-777196037a59	17	46707286	50062439	1736	-0.0312
1acc357d-6f1e-4f1f-a752-777196037a59	17	50064301	50196542	67	0.509
1acc357d-6f1e-4f1f-a752-777196037a59	17	50196930	53640545	2237	-0.0092
1acc357d-6f1e-4f1f-a752-777196037a59	17	53649631	53649820	2	-2.2688
1acc357d-6f1e-4f1f-a752-777196037a59	17	53651183	73837862	12627	-0.0026
1acc357d-6f1e-4f1f-a752-777196037a59	17	73837982	74715289	565	-0.1666
1acc357d-6f1e-4f1f-a752-777196037a59	17	74716223	74985708	131	0.0315
1acc357d-6f1e-4f1f-a752-777196037a59	17	74999282	75104400	53	0.5873
1acc357d-6f1e-4f1f-a752-777196037a59	17	75106406	76786609	775	-0.0516
1acc357d-6f1e-4f1f-a752-777196037a59	17	76789516	76792055	2	-2.2132
1acc357d-6f1e-4f1f-a752-777196037a59	17	76792592	78501838	1005	-0.0635
1acc357d-6f1e-4f1f-a752-777196037a59	17	78505568	78535782	24	0.5914
1acc357d-6f1e-4f1f-a752-777196037a59	17	78536050	79981980	818	-0.0628
1acc357d-6f1e-4f1f-a752-777196037a59	17	79983395	80510627	280	0.4396
1acc357d-6f1e-4f1f-a752-777196037a59	17	80510684	82129223	601	-0.0782
1acc357d-6f1e-4f1f-a752-777196037a59	17	82134008	82628438	223	0.5615
1acc357d-6f1e-4f1f-a752-777196037a59	17	82643549	82665249	17	-0.0452
1acc357d-6f1e-4f1f-a752-777196037a59	17	82673645	82726459	39	0.5014
1acc357d-6f1e-4f1f-a752-777196037a59	17	82727080	83091923	185	-0.0571
1acc357d-6f1e-4f1f-a752-777196037a59	18	48133	21500779	10534	-0.0349
1acc357d-6f1e-4f1f-a752-777196037a59	18	21502650	21882611	140	0.5971
1acc357d-6f1e-4f1f-a752-777196037a59	18	21890777	35495086	8470	-0.0731
1acc357d-6f1e-4f1f-a752-777196037a59	18	35495135	35516908	16	-1.1061
1acc357d-6f1e-4f1f-a752-777196037a59	18	35517546	71375365	24524	-0.0662
1acc357d-6f1e-4f1f-a752-777196037a59	18	71377495	73809118	1936	-0.0042
1acc357d-6f1e-4f1f-a752-777196037a59	18	73815255	80257174	4600	-0.0801
1acc357d-6f1e-4f1f-a752-777196037a59	19	90910	3123115	823	0.4966
1acc357d-6f1e-4f1f-a752-777196037a59	19	3123171	3302891	58	-0.0388
1acc357d-6f1e-4f1f-a752-777196037a59	19	3305832	3461120	49	0.6575
1acc357d-6f1e-4f1f-a752-777196037a59	19	3465230	10167123	2945	-0.052
1acc357d-6f1e-4f1f-a752-777196037a59	19	10175021	10914501	292	0.4902
1acc357d-6f1e-4f1f-a752-777196037a59	19	10916347	12661071	865	-0.0476
1acc357d-6f1e-4f1f-a752-777196037a59	19	12661276	14124713	602	0.5315
1acc357d-6f1e-4f1f-a752-777196037a59	19	14124828	14306758	54	0.9515
1acc357d-6f1e-4f1f-a752-777196037a59	19	14306761	14372533	15	0.4703
1acc357d-6f1e-4f1f-a752-777196037a59	19	14379297	14684089	142	1.342
1acc357d-6f1e-4f1f-a752-777196037a59	19	14686072	15182134	403	1.5649
1acc357d-6f1e-4f1f-a752-777196037a59	19	15182944	15183190	9	0.7077
1acc357d-6f1e-4f1f-a752-777196037a59	19	15185496	15483647	158	1.9877
1acc357d-6f1e-4f1f-a752-777196037a59	19	15484332	15497265	3	-0.1503
1acc357d-6f1e-4f1f-a752-777196037a59	19	15497929	15749751	208	2.2134
1acc357d-6f1e-4f1f-a752-777196037a59	19	15749916	16493866	440	1.8395
1acc357d-6f1e-4f1f-a752-777196037a59	19	16501900	16786312	147	1.237
1acc357d-6f1e-4f1f-a752-777196037a59	19	16787008	17078976	153	0.5236
1acc357d-6f1e-4f1f-a752-777196037a59	19	17082708	18538050	593	-0.0523
1acc357d-6f1e-4f1f-a752-777196037a59	19	18541323	18577161	14	0.4426
1acc357d-6f1e-4f1f-a752-777196037a59	19	18577898	18586968	10	1.0737
1acc357d-6f1e-4f1f-a752-777196037a59	19	18590689	18690989	33	0.5214
1acc357d-6f1e-4f1f-a752-777196037a59	19	18696613	18792999	30	1.0095
1acc357d-6f1e-4f1f-a752-777196037a59	19	18797707	18838098	13	0.4325
1acc357d-6f1e-4f1f-a752-777196037a59	19	18840330	19547663	311	-0.0596
1acc357d-6f1e-4f1f-a752-777196037a59	19	19555076	20370216	470	0.511
1acc357d-6f1e-4f1f-a752-777196037a59	19	20371472	20826032	271	1.2171
1acc357d-6f1e-4f1f-a752-777196037a59	19	20832193	21087877	135	0.5773
1acc357d-6f1e-4f1f-a752-777196037a59	19	21088416	22717097	923	0.0039
1acc357d-6f1e-4f1f-a752-777196037a59	19	22719560	29720486	2559	0.6002
1acc357d-6f1e-4f1f-a752-777196037a59	19	29720914	29815913	84	1.4027
1acc357d-6f1e-4f1f-a752-777196037a59	19	29816191	29882681	56	2.0028
1acc357d-6f1e-4f1f-a752-777196037a59	19	29885608	30158760	184	1.18
1acc357d-6f1e-4f1f-a752-777196037a59	19	30160475	35203668	3444	0.6071
1acc357d-6f1e-4f1f-a752-777196037a59	19	35207747	35294424	64	0.9168
1acc357d-6f1e-4f1f-a752-777196037a59	19	35297579	35298782	4	-0.142
1acc357d-6f1e-4f1f-a752-777196037a59	19	35302135	35356251	43	1.0317
1acc357d-6f1e-4f1f-a752-777196037a59	19	35358159	40560555	2649	0.5412
1acc357d-6f1e-4f1f-a752-777196037a59	19	40563025	40564948	2	-1.5912
1acc357d-6f1e-4f1f-a752-777196037a59	19	40565917	42250485	822	0.5392
1acc357d-6f1e-4f1f-a752-777196037a59	19	42257590	42447981	67	1.0395
1acc357d-6f1e-4f1f-a752-777196037a59	19	42451047	42921390	209	0.507
1acc357d-6f1e-4f1f-a752-777196037a59	19	42922096	43143826	105	0.7432
1acc357d-6f1e-4f1f-a752-777196037a59	19	43148671	45483632	1309	0.5478
1acc357d-6f1e-4f1f-a752-777196037a59	19	45484447	46094922	230	0.7294
1acc357d-6f1e-4f1f-a752-777196037a59	19	46100118	49911983	1679	0.5464
1acc357d-6f1e-4f1f-a752-777196037a59	19	49913000	50186386	144	0.3024
1acc357d-6f1e-4f1f-a752-777196037a59	19	50195360	51136978	462	0.5449
1acc357d-6f1e-4f1f-a752-777196037a59	19	51138418	51139527	2	-1.4129
1acc357d-6f1e-4f1f-a752-777196037a59	19	51140918	56655655	3504	0.5474
1acc357d-6f1e-4f1f-a752-777196037a59	19	56658834	56924527	149	1.0134
1acc357d-6f1e-4f1f-a752-777196037a59	19	56927307	56976129	43	1.2984
1acc357d-6f1e-4f1f-a752-777196037a59	19	56976145	57398504	296	0.9741
1acc357d-6f1e-4f1f-a752-777196037a59	19	57399105	58586487	679	0.4967
1acc357d-6f1e-4f1f-a752-777196037a59	20	80664	1586808	1196	0.579
1acc357d-6f1e-4f1f-a752-777196037a59	20	1587007	1617460	40	-0.3034
1acc357d-6f1e-4f1f-a752-777196037a59	20	1617690	33952792	20054	0.6008
1acc357d-6f1e-4f1f-a752-777196037a59	20	33952903	34838409	354	0.5303
1acc357d-6f1e-4f1f-a752-777196037a59	20	34844720	34846759	2	-0.9662
1acc357d-6f1e-4f1f-a752-777196037a59	20	34847358	37144677	1137	0.5227
1acc357d-6f1e-4f1f-a752-777196037a59	20	37144941	48831423	8244	0.6125
1acc357d-6f1e-4f1f-a752-777196037a59	20	48832634	51012942	1376	0.5479
1acc357d-6f1e-4f1f-a752-777196037a59	20	51013381	58627693	5990	0.6162
1acc357d-6f1e-4f1f-a752-777196037a59	20	58627947	58628122	2	-1.5113
1acc357d-6f1e-4f1f-a752-777196037a59	20	58628123	60993969	1894	0.6534
1acc357d-6f1e-4f1f-a752-777196037a59	20	60994460	61021001	59	0.2988
1acc357d-6f1e-4f1f-a752-777196037a59	20	61021897	62348076	946	0.6618
1acc357d-6f1e-4f1f-a752-777196037a59	20	62350803	62479776	43	1.1197
1acc357d-6f1e-4f1f-a752-777196037a59	20	62479805	63588484	426	0.5716
1acc357d-6f1e-4f1f-a752-777196037a59	20	63588502	64324800	313	0.4144
1acc357d-6f1e-4f1f-a752-777196037a59	21	10354168	10600744	67	0.0107
1acc357d-6f1e-4f1f-a752-777196037a59	21	10601218	30796857	12520	0.4491
1acc357d-6f1e-4f1f-a752-777196037a59	21	30797211	30833144	20	0.9977
1acc357d-6f1e-4f1f-a752-777196037a59	21	30834618	37443429	4523	0.4579
1acc357d-6f1e-4f1f-a752-777196037a59	21	37443484	42796355	4650	0.4991
1acc357d-6f1e-4f1f-a752-777196037a59	21	42799171	44901257	878	0.4318
1acc357d-6f1e-4f1f-a752-777196037a59	21	44903030	45038970	69	0.864
1acc357d-6f1e-4f1f-a752-777196037a59	21	45041260	46677045	951	0.4324
1acc357d-6f1e-4f1f-a752-777196037a59	22	15294547	15570064	12	0.064
1acc357d-6f1e-4f1f-a752-777196037a59	22	15583346	15737995	14	-0.5983
1acc357d-6f1e-4f1f-a752-777196037a59	22	15738476	17639833	715	0.0307
1acc357d-6f1e-4f1f-a752-777196037a59	22	17640393	41163040	15296	-1.078
1acc357d-6f1e-4f1f-a752-777196037a59	22	41168478	41384780	136	-0.0442
1acc357d-6f1e-4f1f-a752-777196037a59	22	41385039	50750050	6496	-1.1352
1acc357d-6f1e-4f1f-a752-777196037a59	22	50750078	50796027	9	-0.2068
1acc357d-6f1e-4f1f-a752-777196037a59	X	251810	63193211	33240	-0.0027
1acc357d-6f1e-4f1f-a752-777196037a59	X	63250575	63285991	21	0.7777
1acc357d-6f1e-4f1f-a752-777196037a59	X	63297125	119839300	28687	0.0008
1acc357d-6f1e-4f1f-a752-777196037a59	X	119841542	119997448	83	0.6537
1acc357d-6f1e-4f1f-a752-777196037a59	X	120000675	152886187	19596	0.0008
1acc357d-6f1e-4f1f-a752-777196037a59	X	152888031	153712451	454	0.5558
1acc357d-6f1e-4f1f-a752-777196037a59	X	153714709	155952689	797	-0.0195
1acc357d-6f1e-4f1f-a752-777196037a59	Y	2782397	6075631	717	-2.5075
1acc357d-6f1e-4f1f-a752-777196037a59	Y	6076562	6102975	11	-4.293
1acc357d-6f1e-4f1f-a752-777196037a59	Y	6103023	7755367	602	-2.7893
1acc357d-6f1e-4f1f-a752-777196037a59	Y	7756409	9330531	892	-3.1473
1acc357d-6f1e-4f1f-a752-777196037a59	Y	9332936	9554275	25	-4.7016
1acc357d-6f1e-4f1f-a752-777196037a59	Y	9554586	26505154	4307	-2.9012
1acc357d-6f1e-4f1f-a752-777196037a59	Y	26505846	56872112	78	-2.5134
