GDC_Aliquot	Chromosome	Start	End	Num_Probes	Segment_Mean
3e30ed60-1512-4a6c-b50b-19e90c781906	1	62920	3303537	737	-0.1761
3e30ed60-1512-4a6c-b50b-19e90c781906	1	3303596	21961373	11265	-0.0164
3e30ed60-1512-4a6c-b50b-19e90c781906	1	21961448	21963542	2	-2.6668
3e30ed60-1512-4a6c-b50b-19e90c781906	1	21963663	49448451	15197	-0.0059
3e30ed60-1512-4a6c-b50b-19e90c781906	1	49449260	49532191	28	-0.872
3e30ed60-1512-4a6c-b50b-19e90c781906	1	49533594	61647091	7966	-0.0037
3e30ed60-1512-4a6c-b50b-19e90c781906	1	61647430	61652515	4	-2.2549
3e30ed60-1512-4a6c-b50b-19e90c781906	1	61654137	72305460	7222	0.0102
3e30ed60-1512-4a6c-b50b-19e90c781906	1	72305684	72356822	52	0.4015
3e30ed60-1512-4a6c-b50b-19e90c781906	1	72357114	80326449	4970	0.0073
3e30ed60-1512-4a6c-b50b-19e90c781906	1	80326818	80327433	3	-2.1057
3e30ed60-1512-4a6c-b50b-19e90c781906	1	80327602	105476583	15773	0.0019
3e30ed60-1512-4a6c-b50b-19e90c781906	1	105476614	105479753	16	-1.5285
3e30ed60-1512-4a6c-b50b-19e90c781906	1	105481433	109690431	2613	0.0025
3e30ed60-1512-4a6c-b50b-19e90c781906	1	109690640	109697556	10	1.293
3e30ed60-1512-4a6c-b50b-19e90c781906	1	109702376	150057713	8183	-0.0009
3e30ed60-1512-4a6c-b50b-19e90c781906	1	150057994	150061347	3	-1.9399
3e30ed60-1512-4a6c-b50b-19e90c781906	1	150071479	152583291	1307	-0.0214
3e30ed60-1512-4a6c-b50b-19e90c781906	1	152583319	152614100	32	-1.4267
3e30ed60-1512-4a6c-b50b-19e90c781906	1	152614118	152789447	166	-0.0205
3e30ed60-1512-4a6c-b50b-19e90c781906	1	152789463	152796224	36	-1.3573
3e30ed60-1512-4a6c-b50b-19e90c781906	1	152801429	210593654	38429	0.0006
3e30ed60-1512-4a6c-b50b-19e90c781906	1	210593761	210598056	2	-3.4302
3e30ed60-1512-4a6c-b50b-19e90c781906	1	210599098	248930189	26221	-0.006
3e30ed60-1512-4a6c-b50b-19e90c781906	2	12784	9783179	7492	-0.0054
3e30ed60-1512-4a6c-b50b-19e90c781906	2	9784258	9810242	16	-0.8253
3e30ed60-1512-4a6c-b50b-19e90c781906	2	9813820	34466002	16339	0.0065
3e30ed60-1512-4a6c-b50b-19e90c781906	2	34474248	34492841	29	-1.1735
3e30ed60-1512-4a6c-b50b-19e90c781906	2	34492907	34511990	17	-2.5485
3e30ed60-1512-4a6c-b50b-19e90c781906	2	34512096	212316590	105279	0.01
3e30ed60-1512-4a6c-b50b-19e90c781906	2	212316597	212328316	36	-0.7433
3e30ed60-1512-4a6c-b50b-19e90c781906	2	212328374	242147305	18834	0.0021
3e30ed60-1512-4a6c-b50b-19e90c781906	3	20930	7068407	6108	0.0379
3e30ed60-1512-4a6c-b50b-19e90c781906	3	7068421	7114015	39	0.8116
3e30ed60-1512-4a6c-b50b-19e90c781906	3	7114819	140823697	82165	-0.0005
3e30ed60-1512-4a6c-b50b-19e90c781906	3	140826859	140828142	2	-2.9046
3e30ed60-1512-4a6c-b50b-19e90c781906	3	140841776	162795304	13415	0.0058
3e30ed60-1512-4a6c-b50b-19e90c781906	3	162795361	162906093	64	-1.5584
3e30ed60-1512-4a6c-b50b-19e90c781906	3	162906109	198169247	21675	0.0045
3e30ed60-1512-4a6c-b50b-19e90c781906	4	68929	10227303	5653	-0.0272
3e30ed60-1512-4a6c-b50b-19e90c781906	4	10227493	10232642	22	-1.9883
3e30ed60-1512-4a6c-b50b-19e90c781906	4	10232984	34777432	16812	-0.0001
3e30ed60-1512-4a6c-b50b-19e90c781906	4	34784878	34795534	13	-2.2826
3e30ed60-1512-4a6c-b50b-19e90c781906	4	34795546	34812623	14	-1.161
3e30ed60-1512-4a6c-b50b-19e90c781906	4	34812653	34823103	11	-2.3468
3e30ed60-1512-4a6c-b50b-19e90c781906	4	34828250	114252544	46746	0.0019
3e30ed60-1512-4a6c-b50b-19e90c781906	4	114254167	114260754	22	0.9188
3e30ed60-1512-4a6c-b50b-19e90c781906	4	114261019	121360818	4298	-0.0025
3e30ed60-1512-4a6c-b50b-19e90c781906	4	121361313	121363980	28	-0.8706
3e30ed60-1512-4a6c-b50b-19e90c781906	4	121369976	151870561	17534	-0.0009
3e30ed60-1512-4a6c-b50b-19e90c781906	4	151870761	151871394	6	-1.8977
3e30ed60-1512-4a6c-b50b-19e90c781906	4	151871415	160959151	5808	-0.0076
3e30ed60-1512-4a6c-b50b-19e90c781906	4	160959187	160963432	14	-0.9414
3e30ed60-1512-4a6c-b50b-19e90c781906	4	160963448	171448195	6602	0.0034
3e30ed60-1512-4a6c-b50b-19e90c781906	4	171453733	171456573	11	0.9604
3e30ed60-1512-4a6c-b50b-19e90c781906	4	171456625	172066777	392	0.0321
3e30ed60-1512-4a6c-b50b-19e90c781906	4	172067997	172074828	13	0.9355
3e30ed60-1512-4a6c-b50b-19e90c781906	4	172075742	184936899	8536	0.0085
3e30ed60-1512-4a6c-b50b-19e90c781906	4	184939165	184943933	4	-2.2252
3e30ed60-1512-4a6c-b50b-19e90c781906	4	184949640	188583950	2546	-0.0091
3e30ed60-1512-4a6c-b50b-19e90c781906	4	188584300	188584766	3	-2.7234
3e30ed60-1512-4a6c-b50b-19e90c781906	4	188585374	189267889	498	0.0761
3e30ed60-1512-4a6c-b50b-19e90c781906	4	189273964	189274508	3	-2.2205
3e30ed60-1512-4a6c-b50b-19e90c781906	4	189278110	190106768	350	0.0065
3e30ed60-1512-4a6c-b50b-19e90c781906	5	15532	773075	330	-0.1213
3e30ed60-1512-4a6c-b50b-19e90c781906	5	773432	823484	16	-1.0482
3e30ed60-1512-4a6c-b50b-19e90c781906	5	823655	10239149	7903	-0.007
3e30ed60-1512-4a6c-b50b-19e90c781906	5	10239166	10240297	2	-2.6991
3e30ed60-1512-4a6c-b50b-19e90c781906	5	10240679	21451168	7310	-0.0024
3e30ed60-1512-4a6c-b50b-19e90c781906	5	21451855	21451889	2	-2.5169
3e30ed60-1512-4a6c-b50b-19e90c781906	5	21452329	27524345	3502	-0.0017
3e30ed60-1512-4a6c-b50b-19e90c781906	5	27525283	27525809	4	-1.7215
3e30ed60-1512-4a6c-b50b-19e90c781906	5	27525825	46271006	11319	-0.0013
3e30ed60-1512-4a6c-b50b-19e90c781906	5	46271828	46278110	7	-1.851
3e30ed60-1512-4a6c-b50b-19e90c781906	5	46313245	58025819	5019	-0.0022
3e30ed60-1512-4a6c-b50b-19e90c781906	5	58030200	58036248	20	2.0538
3e30ed60-1512-4a6c-b50b-19e90c781906	5	58036448	58037706	12	0.6708
3e30ed60-1512-4a6c-b50b-19e90c781906	5	58042530	99115109	23451	0.0014
3e30ed60-1512-4a6c-b50b-19e90c781906	5	99115798	101431087	1313	0.0944
3e30ed60-1512-4a6c-b50b-19e90c781906	5	101431100	140839137	24740	0.0039
3e30ed60-1512-4a6c-b50b-19e90c781906	5	140844251	140872578	13	-1.7163
3e30ed60-1512-4a6c-b50b-19e90c781906	5	140874202	152134610	7455	0.0032
3e30ed60-1512-4a6c-b50b-19e90c781906	5	152135825	152138790	14	-0.8045
3e30ed60-1512-4a6c-b50b-19e90c781906	5	152140710	181363319	19286	-0.006
3e30ed60-1512-4a6c-b50b-19e90c781906	6	149661	7916433	6397	-0.005
3e30ed60-1512-4a6c-b50b-19e90c781906	6	7916853	7917295	2	-2.7062
3e30ed60-1512-4a6c-b50b-19e90c781906	6	7918078	66328153	35167	0.0006
3e30ed60-1512-4a6c-b50b-19e90c781906	6	66331020	66333299	7	-1.6596
3e30ed60-1512-4a6c-b50b-19e90c781906	6	66333342	76726815	6734	0.0139
3e30ed60-1512-4a6c-b50b-19e90c781906	6	76730151	76742924	18	0.9769
3e30ed60-1512-4a6c-b50b-19e90c781906	6	76742956	78261995	975	0.0064
3e30ed60-1512-4a6c-b50b-19e90c781906	6	78262064	78316279	88	0.5537
3e30ed60-1512-4a6c-b50b-19e90c781906	6	78316427	103286954	15344	0.005
3e30ed60-1512-4a6c-b50b-19e90c781906	6	103290101	103314186	46	-1.1143
3e30ed60-1512-4a6c-b50b-19e90c781906	6	103317795	128504126	15142	-0.0052
3e30ed60-1512-4a6c-b50b-19e90c781906	6	128507123	128508254	6	-1.4381
3e30ed60-1512-4a6c-b50b-19e90c781906	6	128509158	161799485	22266	-0.0015
3e30ed60-1512-4a6c-b50b-19e90c781906	6	161800264	161800651	2	-2.9563
3e30ed60-1512-4a6c-b50b-19e90c781906	6	161800688	170741917	6273	-0.0136
3e30ed60-1512-4a6c-b50b-19e90c781906	7	43355	134100424	80947	-0.0012
3e30ed60-1512-4a6c-b50b-19e90c781906	7	134100442	134105690	24	0.775
3e30ed60-1512-4a6c-b50b-19e90c781906	7	134110881	159334314	15951	-0.0106
3e30ed60-1512-4a6c-b50b-19e90c781906	8	81254	145072769	94530	0.0019
3e30ed60-1512-4a6c-b50b-19e90c781906	9	46587	8965645	8489	-0.0008
3e30ed60-1512-4a6c-b50b-19e90c781906	9	8965753	14310225	4467	0.0523
3e30ed60-1512-4a6c-b50b-19e90c781906	9	14310934	61405110	18054	0.0047
3e30ed60-1512-4a6c-b50b-19e90c781906	9	61520021	61647899	30	-1.2773
3e30ed60-1512-4a6c-b50b-19e90c781906	9	61665362	138200944	47601	-0.0035
3e30ed60-1512-4a6c-b50b-19e90c781906	10	45792	24083376	18964	0.0007
3e30ed60-1512-4a6c-b50b-19e90c781906	10	24086334	24089125	12	-1.8006
3e30ed60-1512-4a6c-b50b-19e90c781906	10	24089979	46305538	12308	-0.0144
3e30ed60-1512-4a6c-b50b-19e90c781906	10	46305692	46560397	87	-0.3472
3e30ed60-1512-4a6c-b50b-19e90c781906	10	46560437	46836986	19	0.3889
3e30ed60-1512-4a6c-b50b-19e90c781906	10	46898735	46901552	2	3.0933
3e30ed60-1512-4a6c-b50b-19e90c781906	10	46967412	133654968	58336	-0.0097
3e30ed60-1512-4a6c-b50b-19e90c781906	11	198510	4950775	2397	-0.0168
3e30ed60-1512-4a6c-b50b-19e90c781906	11	4950928	4952799	17	0.9417
3e30ed60-1512-4a6c-b50b-19e90c781906	11	4953934	12350517	5729	0.0058
3e30ed60-1512-4a6c-b50b-19e90c781906	11	12352133	12362322	13	-0.7704
3e30ed60-1512-4a6c-b50b-19e90c781906	11	12362919	18918775	4353	0.0103
3e30ed60-1512-4a6c-b50b-19e90c781906	11	18919309	18940441	47	0.5763
3e30ed60-1512-4a6c-b50b-19e90c781906	11	18940469	36970498	13191	0.0009
3e30ed60-1512-4a6c-b50b-19e90c781906	11	36972196	37327400	284	0.18
3e30ed60-1512-4a6c-b50b-19e90c781906	11	37328514	55595864	8073	0.0061
3e30ed60-1512-4a6c-b50b-19e90c781906	11	55606556	55685533	59	-0.4575
3e30ed60-1512-4a6c-b50b-19e90c781906	11	55686100	64892365	5090	0.0024
3e30ed60-1512-4a6c-b50b-19e90c781906	11	64895755	66010787	443	-0.1536
3e30ed60-1512-4a6c-b50b-19e90c781906	11	66013945	125205405	38709	0.0037
3e30ed60-1512-4a6c-b50b-19e90c781906	11	125205425	125213808	29	-1.1699
3e30ed60-1512-4a6c-b50b-19e90c781906	11	125218374	135074876	7463	-0.0163
3e30ed60-1512-4a6c-b50b-19e90c781906	12	51460	8329264	5516	-0.0142
3e30ed60-1512-4a6c-b50b-19e90c781906	12	8335693	8341033	4	-1.7883
3e30ed60-1512-4a6c-b50b-19e90c781906	12	8342360	133201603	78456	0.001
3e30ed60-1512-4a6c-b50b-19e90c781906	13	18452809	30093887	8088	-0.0094
3e30ed60-1512-4a6c-b50b-19e90c781906	13	30094150	30094401	2	-2.5508
3e30ed60-1512-4a6c-b50b-19e90c781906	13	30094741	68685607	24505	0.0042
3e30ed60-1512-4a6c-b50b-19e90c781906	13	68685697	68694110	15	-1.1481
3e30ed60-1512-4a6c-b50b-19e90c781906	13	68694987	83214009	9655	0.006
3e30ed60-1512-4a6c-b50b-19e90c781906	13	83214153	83218079	8	-1.204
3e30ed60-1512-4a6c-b50b-19e90c781906	13	83218673	83526795	203	0.0468
3e30ed60-1512-4a6c-b50b-19e90c781906	13	83527056	83587116	46	-0.9514
3e30ed60-1512-4a6c-b50b-19e90c781906	13	83593205	96885521	8261	0.0098
3e30ed60-1512-4a6c-b50b-19e90c781906	13	96885592	96885610	2	-3.1543
3e30ed60-1512-4a6c-b50b-19e90c781906	13	96886566	113046155	12097	0.0076
3e30ed60-1512-4a6c-b50b-19e90c781906	13	113049090	113053299	3	-1.8563
3e30ed60-1512-4a6c-b50b-19e90c781906	13	113053344	114342922	543	-0.0568
3e30ed60-1512-4a6c-b50b-19e90c781906	14	18239283	19955213	164	-0.4019
3e30ed60-1512-4a6c-b50b-19e90c781906	14	19956767	86192401	42001	0.0029
3e30ed60-1512-4a6c-b50b-19e90c781906	14	86198350	86204593	3	-2.2913
3e30ed60-1512-4a6c-b50b-19e90c781906	14	86207329	106123951	12272	-0.0084
3e30ed60-1512-4a6c-b50b-19e90c781906	14	106127183	106340102	92	-0.9233
3e30ed60-1512-4a6c-b50b-19e90c781906	14	106340305	106877229	279	0.0567
3e30ed60-1512-4a6c-b50b-19e90c781906	15	19811075	83871986	37953	-0.0065
3e30ed60-1512-4a6c-b50b-19e90c781906	15	83874133	83878525	6	-1.4704
3e30ed60-1512-4a6c-b50b-19e90c781906	15	83878795	101150086	12497	-0.0029
3e30ed60-1512-4a6c-b50b-19e90c781906	15	101151243	101153676	2	-4.2121
3e30ed60-1512-4a6c-b50b-19e90c781906	15	101156200	101928837	544	-0.0179
3e30ed60-1512-4a6c-b50b-19e90c781906	16	10777	19933041	13321	-0.0155
3e30ed60-1512-4a6c-b50b-19e90c781906	16	19934328	19956040	29	-0.8256
3e30ed60-1512-4a6c-b50b-19e90c781906	16	19958932	35225156	6626	-0.0195
3e30ed60-1512-4a6c-b50b-19e90c781906	16	35225230	35505200	163	0.5441
3e30ed60-1512-4a6c-b50b-19e90c781906	16	35505641	55762682	6541	0.0002
3e30ed60-1512-4a6c-b50b-19e90c781906	16	55764310	55764867	3	2.8223
3e30ed60-1512-4a6c-b50b-19e90c781906	16	55770436	87125839	23251	-0.0073
3e30ed60-1512-4a6c-b50b-19e90c781906	16	87126360	87126875	2	-2.6279
3e30ed60-1512-4a6c-b50b-19e90c781906	16	87127348	87982129	539	0.0058
3e30ed60-1512-4a6c-b50b-19e90c781906	16	87983157	89802985	720	-0.154
3e30ed60-1512-4a6c-b50b-19e90c781906	16	89808810	90096867	161	-0.026
3e30ed60-1512-4a6c-b50b-19e90c781906	17	150733	8339592	4481	-0.0326
3e30ed60-1512-4a6c-b50b-19e90c781906	17	8344229	8344415	2	-2.6353
3e30ed60-1512-4a6c-b50b-19e90c781906	17	8346140	10860399	1738	0.0003
3e30ed60-1512-4a6c-b50b-19e90c781906	17	10860688	10863813	3	-2.91
3e30ed60-1512-4a6c-b50b-19e90c781906	17	10864032	36109139	11843	-0.0172
3e30ed60-1512-4a6c-b50b-19e90c781906	17	36109735	36157718	35	0.9496
3e30ed60-1512-4a6c-b50b-19e90c781906	17	36200725	41047659	2380	-0.0118
3e30ed60-1512-4a6c-b50b-19e90c781906	17	41053891	41065355	13	-0.8641
3e30ed60-1512-4a6c-b50b-19e90c781906	17	41066554	41258395	113	-0.0021
3e30ed60-1512-4a6c-b50b-19e90c781906	17	41262120	41277221	40	0.4369
3e30ed60-1512-4a6c-b50b-19e90c781906	17	41277272	46130967	2501	-0.0175
3e30ed60-1512-4a6c-b50b-19e90c781906	17	46131308	46286804	92	-0.4979
3e30ed60-1512-4a6c-b50b-19e90c781906	17	46323701	83091923	21384	-0.0029
3e30ed60-1512-4a6c-b50b-19e90c781906	18	48133	1621355	1102	0.0061
3e30ed60-1512-4a6c-b50b-19e90c781906	18	1623044	1916607	210	0.2244
3e30ed60-1512-4a6c-b50b-19e90c781906	18	1920118	71119807	42165	0.0048
3e30ed60-1512-4a6c-b50b-19e90c781906	18	71119926	73676866	1970	0.0872
3e30ed60-1512-4a6c-b50b-19e90c781906	18	73676898	80257174	4734	-0.0171
3e30ed60-1512-4a6c-b50b-19e90c781906	19	90910	20411869	8862	-0.0062
3e30ed60-1512-4a6c-b50b-19e90c781906	19	20413400	20533583	67	-0.793
3e30ed60-1512-4a6c-b50b-19e90c781906	19	20538075	30576747	4407	-0.0072
3e30ed60-1512-4a6c-b50b-19e90c781906	19	30576965	30578732	2	-2.7077
3e30ed60-1512-4a6c-b50b-19e90c781906	19	30582363	58586487	15570	-0.011
3e30ed60-1512-4a6c-b50b-19e90c781906	20	80664	726179	473	-0.0509
3e30ed60-1512-4a6c-b50b-19e90c781906	20	726954	727068	2	-2.7528
3e30ed60-1512-4a6c-b50b-19e90c781906	20	731131	64324800	41479	-0.0002
3e30ed60-1512-4a6c-b50b-19e90c781906	21	10354168	46677045	23623	0.0035
3e30ed60-1512-4a6c-b50b-19e90c781906	22	15294547	22119549	3100	-0.1103
3e30ed60-1512-4a6c-b50b-19e90c781906	22	22119654	22120255	5	-2.2703
3e30ed60-1512-4a6c-b50b-19e90c781906	22	22127104	23981995	1261	-0.0831
3e30ed60-1512-4a6c-b50b-19e90c781906	22	23988078	24005996	10	-1.2316
3e30ed60-1512-4a6c-b50b-19e90c781906	22	24006015	48856139	17498	-0.0142
3e30ed60-1512-4a6c-b50b-19e90c781906	22	48856712	50796027	1225	-0.0924
3e30ed60-1512-4a6c-b50b-19e90c781906	X	251810	56431373	32153	0.0012
3e30ed60-1512-4a6c-b50b-19e90c781906	X	56443062	56473795	18	1.0212
3e30ed60-1512-4a6c-b50b-19e90c781906	X	56475986	155952689	50681	-0.0008
3e30ed60-1512-4a6c-b50b-19e90c781906	Y	2782397	2988312	100	-2.6007
3e30ed60-1512-4a6c-b50b-19e90c781906	Y	2989050	6167430	646	-2.3323
3e30ed60-1512-4a6c-b50b-19e90c781906	Y	6171310	8528189	1148	-2.8015
3e30ed60-1512-4a6c-b50b-19e90c781906	Y	8528603	9937602	424	-3.154
3e30ed60-1512-4a6c-b50b-19e90c781906	Y	9947340	13478396	941	-2.7049
3e30ed60-1512-4a6c-b50b-19e90c781906	Y	13478462	13482643	3	-7.4685
3e30ed60-1512-4a6c-b50b-19e90c781906	Y	13483009	17058562	1755	-2.6464
3e30ed60-1512-4a6c-b50b-19e90c781906	Y	17067455	17067660	3	-7.0239
3e30ed60-1512-4a6c-b50b-19e90c781906	Y	17070391	56872112	1613	-2.7164
