GDC_Aliquot	Chromosome	Start	End	Num_Probes	Segment_Mean
0e68b520-96e7-402c-a522-64995ea316a5	1	62920	2368188	434	-0.3616
0e68b520-96e7-402c-a522-64995ea316a5	1	2370252	15811279	7885	-0.2998
0e68b520-96e7-402c-a522-64995ea316a5	1	15811564	15811600	2	-2.6574
0e68b520-96e7-402c-a522-64995ea316a5	1	15816465	34625857	10647	-0.3
0e68b520-96e7-402c-a522-64995ea316a5	1	34625993	34648667	24	-0.7922
0e68b520-96e7-402c-a522-64995ea316a5	1	34649941	62061086	16777	-0.3053
0e68b520-96e7-402c-a522-64995ea316a5	1	62067572	174827267	55158	-0.3257
0e68b520-96e7-402c-a522-64995ea316a5	1	174827418	174828549	14	-1.2143
0e68b520-96e7-402c-a522-64995ea316a5	1	174832599	217250148	28619	-0.328
0e68b520-96e7-402c-a522-64995ea316a5	1	217250521	217253745	4	-2.1539
0e68b520-96e7-402c-a522-64995ea316a5	1	217254182	222193326	3428	-0.3413
0e68b520-96e7-402c-a522-64995ea316a5	1	222201492	222203662	2	-2.6277
0e68b520-96e7-402c-a522-64995ea316a5	1	222208792	229675422	4431	-0.3131
0e68b520-96e7-402c-a522-64995ea316a5	1	229681109	229684449	3	-3.0766
0e68b520-96e7-402c-a522-64995ea316a5	1	229684709	242881005	10160	-0.3377
0e68b520-96e7-402c-a522-64995ea316a5	1	242881668	243105104	70	-0.0017
0e68b520-96e7-402c-a522-64995ea316a5	1	243105657	248823142	3673	-0.317
0e68b520-96e7-402c-a522-64995ea316a5	1	248823776	248826485	2	-2.5593
0e68b520-96e7-402c-a522-64995ea316a5	1	248827033	248930189	50	-0.3522
0e68b520-96e7-402c-a522-64995ea316a5	2	12784	4168830	2986	0.0057
0e68b520-96e7-402c-a522-64995ea316a5	2	4168862	4175577	32	-0.9671
0e68b520-96e7-402c-a522-64995ea316a5	2	4175922	34466002	21050	-0.0084
0e68b520-96e7-402c-a522-64995ea316a5	2	34474248	34502800	44	0.5839
0e68b520-96e7-402c-a522-64995ea316a5	2	34511446	52527423	12993	-0.0148
0e68b520-96e7-402c-a522-64995ea316a5	2	52527590	52527743	3	-1.994
0e68b520-96e7-402c-a522-64995ea316a5	2	52531615	127094445	41788	-0.009
0e68b520-96e7-402c-a522-64995ea316a5	2	127099470	127100187	2	-2.3748
0e68b520-96e7-402c-a522-64995ea316a5	2	127100370	128880904	1026	-0.0154
0e68b520-96e7-402c-a522-64995ea316a5	2	128880928	128882723	13	-1.3408
0e68b520-96e7-402c-a522-64995ea316a5	2	128882741	146104517	10407	-0.0101
0e68b520-96e7-402c-a522-64995ea316a5	2	146106836	146109366	24	0.8631
0e68b520-96e7-402c-a522-64995ea316a5	2	146120238	190793047	27116	-0.0191
0e68b520-96e7-402c-a522-64995ea316a5	2	190794421	190808204	9	-1.2825
0e68b520-96e7-402c-a522-64995ea316a5	2	190808564	207490231	9801	-0.015
0e68b520-96e7-402c-a522-64995ea316a5	2	207490454	207494612	16	-1.4683
0e68b520-96e7-402c-a522-64995ea316a5	2	207494752	242147305	22061	-0.0075
0e68b520-96e7-402c-a522-64995ea316a5	3	20930	6875203	6043	0.0845
0e68b520-96e7-402c-a522-64995ea316a5	3	6877661	20266298	9200	0.0426
0e68b520-96e7-402c-a522-64995ea316a5	3	20271633	20274591	3	-1.9912
0e68b520-96e7-402c-a522-64995ea316a5	3	20286589	36665216	11555	0.0416
0e68b520-96e7-402c-a522-64995ea316a5	3	36665832	36666744	2	-1.9977
0e68b520-96e7-402c-a522-64995ea316a5	3	36668339	47871213	6835	0.0556
0e68b520-96e7-402c-a522-64995ea316a5	3	47877257	47886252	4	-1.4991
0e68b520-96e7-402c-a522-64995ea316a5	3	47886677	59751525	6646	0.0372
0e68b520-96e7-402c-a522-64995ea316a5	3	59751763	60514870	917	0.1306
0e68b520-96e7-402c-a522-64995ea316a5	3	60517257	65202778	4072	0.0468
0e68b520-96e7-402c-a522-64995ea316a5	3	65203560	65211204	14	-0.6398
0e68b520-96e7-402c-a522-64995ea316a5	3	65211319	89337951	15093	0.0391
0e68b520-96e7-402c-a522-64995ea316a5	3	89345442	89370231	51	-0.4178
0e68b520-96e7-402c-a522-64995ea316a5	3	89370771	145761336	31731	0.0479
0e68b520-96e7-402c-a522-64995ea316a5	3	145761448	145761775	2	-2.3416
0e68b520-96e7-402c-a522-64995ea316a5	3	145762978	162420194	10234	0.0492
0e68b520-96e7-402c-a522-64995ea316a5	3	162420211	162424917	8	-1.0142
0e68b520-96e7-402c-a522-64995ea316a5	3	162426460	162788742	255	0.099
0e68b520-96e7-402c-a522-64995ea316a5	3	162790390	162908815	75	0.4772
0e68b520-96e7-402c-a522-64995ea316a5	3	162910826	189642965	16642	0.0461
0e68b520-96e7-402c-a522-64995ea316a5	3	189645889	189653225	13	-0.9764
0e68b520-96e7-402c-a522-64995ea316a5	3	189654562	193160113	2489	0.0449
0e68b520-96e7-402c-a522-64995ea316a5	3	193160173	193165114	19	2.2112
0e68b520-96e7-402c-a522-64995ea316a5	3	193168646	198111566	2673	0.0494
0e68b520-96e7-402c-a522-64995ea316a5	3	198118345	198122834	9	-0.8954
0e68b520-96e7-402c-a522-64995ea316a5	3	198124354	198169247	8	-0.1948
0e68b520-96e7-402c-a522-64995ea316a5	4	68929	10208766	5697	0.3649
0e68b520-96e7-402c-a522-64995ea316a5	4	10221792	10227592	11	2.3994
0e68b520-96e7-402c-a522-64995ea316a5	4	10227652	10228006	4	5.2191
0e68b520-96e7-402c-a522-64995ea316a5	4	10228296	10229874	13	2.2434
0e68b520-96e7-402c-a522-64995ea316a5	4	10232590	34777432	16969	0.3367
0e68b520-96e7-402c-a522-64995ea316a5	4	34784878	34823103	38	-0.3436
0e68b520-96e7-402c-a522-64995ea316a5	4	34828250	68509223	19447	0.34
0e68b520-96e7-402c-a522-64995ea316a5	4	68509237	68663241	68	-0.006
0e68b520-96e7-402c-a522-64995ea316a5	4	68671434	71475673	1608	0.357
0e68b520-96e7-402c-a522-64995ea316a5	4	71478943	71483632	7	-0.7195
0e68b520-96e7-402c-a522-64995ea316a5	4	71483876	121360818	30400	0.3354
0e68b520-96e7-402c-a522-64995ea316a5	4	121361313	121363980	28	-0.4062
0e68b520-96e7-402c-a522-64995ea316a5	4	121369976	171448195	30241	0.3357
0e68b520-96e7-402c-a522-64995ea316a5	4	171453733	171456625	12	-1.2413
0e68b520-96e7-402c-a522-64995ea316a5	4	171459220	172501371	639	0.3738
0e68b520-96e7-402c-a522-64995ea316a5	4	172503796	172507492	7	1.3529
0e68b520-96e7-402c-a522-64995ea316a5	4	172519981	190106768	11834	0.3486
0e68b520-96e7-402c-a522-64995ea316a5	5	15532	986438	406	0.3165
0e68b520-96e7-402c-a522-64995ea316a5	5	986593	1097808	38	0.9704
0e68b520-96e7-402c-a522-64995ea316a5	5	1107313	8702128	6488	0.376
0e68b520-96e7-402c-a522-64995ea316a5	5	8702410	8747030	47	-0.5773
0e68b520-96e7-402c-a522-64995ea316a5	5	8749619	21376735	8674	0.3556
0e68b520-96e7-402c-a522-64995ea316a5	5	21377730	21377744	2	-1.9162
0e68b520-96e7-402c-a522-64995ea316a5	5	21385957	21449167	44	0.3167
0e68b520-96e7-402c-a522-64995ea316a5	5	21451091	21452329	5	-2.361
0e68b520-96e7-402c-a522-64995ea316a5	5	21452387	27524345	3524	0.3443
0e68b520-96e7-402c-a522-64995ea316a5	5	27525283	27525913	10	-0.603
0e68b520-96e7-402c-a522-64995ea316a5	5	27527372	58025819	16477	0.3516
0e68b520-96e7-402c-a522-64995ea316a5	5	58030200	58037706	32	-0.1069
0e68b520-96e7-402c-a522-64995ea316a5	5	58042530	140839137	50011	0.3505
0e68b520-96e7-402c-a522-64995ea316a5	5	140844251	140852254	10	-0.7355
0e68b520-96e7-402c-a522-64995ea316a5	5	140861442	156049762	10207	0.3523
0e68b520-96e7-402c-a522-64995ea316a5	5	156049910	156082906	20	-0.4788
0e68b520-96e7-402c-a522-64995ea316a5	5	156083852	180951888	16585	0.3541
0e68b520-96e7-402c-a522-64995ea316a5	5	180953203	180987465	12	-2.5078
0e68b520-96e7-402c-a522-64995ea316a5	5	180990207	180991103	5	-0.685
0e68b520-96e7-402c-a522-64995ea316a5	5	181006225	181265982	164	0.3617
0e68b520-96e7-402c-a522-64995ea316a5	5	181267887	181363319	6	-0.583
0e68b520-96e7-402c-a522-64995ea316a5	6	149661	303017	126	0.101
0e68b520-96e7-402c-a522-64995ea316a5	6	303121	355536	49	0.4382
0e68b520-96e7-402c-a522-64995ea316a5	6	356115	26743855	20035	0.0586
0e68b520-96e7-402c-a522-64995ea316a5	6	26747492	26929769	25	-0.434
0e68b520-96e7-402c-a522-64995ea316a5	6	26936980	29869295	1394	0.0423
0e68b520-96e7-402c-a522-64995ea316a5	6	29869410	29940692	37	0.739
0e68b520-96e7-402c-a522-64995ea316a5	6	29946443	31313046	639	0.0545
0e68b520-96e7-402c-a522-64995ea316a5	6	31318499	31328674	11	1.0847
0e68b520-96e7-402c-a522-64995ea316a5	6	31342147	32486746	501	0.0783
0e68b520-96e7-402c-a522-64995ea316a5	6	32488906	32533522	13	1.6637
0e68b520-96e7-402c-a522-64995ea316a5	6	32540699	32634330	35	0.5576
0e68b520-96e7-402c-a522-64995ea316a5	6	32634492	54066269	13688	0.0576
0e68b520-96e7-402c-a522-64995ea316a5	6	54066286	54067057	8	-1.2796
0e68b520-96e7-402c-a522-64995ea316a5	6	54070550	64627049	4222	0.0469
0e68b520-96e7-402c-a522-64995ea316a5	6	64637651	64639099	2	-2.0096
0e68b520-96e7-402c-a522-64995ea316a5	6	64640883	65689644	699	0.057
0e68b520-96e7-402c-a522-64995ea316a5	6	65689652	65697317	23	-0.6203
0e68b520-96e7-402c-a522-64995ea316a5	6	65698582	66299161	383	0.0422
0e68b520-96e7-402c-a522-64995ea316a5	6	66301114	66323855	27	-0.7009
0e68b520-96e7-402c-a522-64995ea316a5	6	66323874	78253157	7797	0.0414
0e68b520-96e7-402c-a522-64995ea316a5	6	78253172	78325468	113	0.4972
0e68b520-96e7-402c-a522-64995ea316a5	6	78329517	94478134	10364	0.0428
0e68b520-96e7-402c-a522-64995ea316a5	6	94478240	94484007	4	-1.5759
0e68b520-96e7-402c-a522-64995ea316a5	6	94486928	132104102	22871	0.0395
0e68b520-96e7-402c-a522-64995ea316a5	6	132104562	132106655	3	-2.0598
0e68b520-96e7-402c-a522-64995ea316a5	6	132107206	170741917	26378	0.0492
0e68b520-96e7-402c-a522-64995ea316a5	7	43355	6797437	3417	0.0497
0e68b520-96e7-402c-a522-64995ea316a5	7	6799093	6827447	7	-1.555
0e68b520-96e7-402c-a522-64995ea316a5	7	6828011	9267788	2093	0.0774
0e68b520-96e7-402c-a522-64995ea316a5	7	9267904	9267923	2	-2.4096
0e68b520-96e7-402c-a522-64995ea316a5	7	9269358	53164787	32095	0.0508
0e68b520-96e7-402c-a522-64995ea316a5	7	53168444	53169666	2	-2.6977
0e68b520-96e7-402c-a522-64995ea316a5	7	53169871	54305455	831	0.045
0e68b520-96e7-402c-a522-64995ea316a5	7	54318812	54318824	6	-1.9868
0e68b520-96e7-402c-a522-64995ea316a5	7	54325795	70955452	6122	0.0417
0e68b520-96e7-402c-a522-64995ea316a5	7	70958264	70961155	2	-2.0808
0e68b520-96e7-402c-a522-64995ea316a5	7	70963257	109793741	22295	0.0344
0e68b520-96e7-402c-a522-64995ea316a5	7	109797035	109797616	10	0.7514
0e68b520-96e7-402c-a522-64995ea316a5	7	109797618	109800866	13	0.188
0e68b520-96e7-402c-a522-64995ea316a5	7	109801155	109813853	12	0.8712
0e68b520-96e7-402c-a522-64995ea316a5	7	109813925	141911814	19860	0.0406
0e68b520-96e7-402c-a522-64995ea316a5	7	141912316	142810364	589	0.1697
0e68b520-96e7-402c-a522-64995ea316a5	7	142810692	144199159	743	0.0644
0e68b520-96e7-402c-a522-64995ea316a5	7	144207186	144295437	9	-1.116
0e68b520-96e7-402c-a522-64995ea316a5	7	144306653	154221793	6068	0.0537
0e68b520-96e7-402c-a522-64995ea316a5	7	154223036	154223216	3	-1.5841
0e68b520-96e7-402c-a522-64995ea316a5	7	154225769	159334314	3570	0.0691
0e68b520-96e7-402c-a522-64995ea316a5	8	81254	644973	324	0.0654
0e68b520-96e7-402c-a522-64995ea316a5	8	645220	645875	6	1.3136
0e68b520-96e7-402c-a522-64995ea316a5	8	645892	645908	2	4.6635
0e68b520-96e7-402c-a522-64995ea316a5	8	656117	12143614	10679	0.0595
0e68b520-96e7-402c-a522-64995ea316a5	8	12176798	12562158	43	0.514
0e68b520-96e7-402c-a522-64995ea316a5	8	12562581	14579143	1859	0.042
0e68b520-96e7-402c-a522-64995ea316a5	8	14583684	14687142	146	-1.3118
0e68b520-96e7-402c-a522-64995ea316a5	8	14692647	25117007	8391	0.0405
0e68b520-96e7-402c-a522-64995ea316a5	8	25117062	25126818	24	0.7665
0e68b520-96e7-402c-a522-64995ea316a5	8	25133589	39373140	9008	0.0357
0e68b520-96e7-402c-a522-64995ea316a5	8	39378084	39529446	59	0.8736
0e68b520-96e7-402c-a522-64995ea316a5	8	39530780	111262504	41952	0.0386
0e68b520-96e7-402c-a522-64995ea316a5	8	111264705	111283031	18	-0.6547
0e68b520-96e7-402c-a522-64995ea316a5	8	111288052	145072769	22896	0.0511
0e68b520-96e7-402c-a522-64995ea316a5	9	46587	22492890	19820	0.0515
0e68b520-96e7-402c-a522-64995ea316a5	9	22501914	22502700	2	-3.9296
0e68b520-96e7-402c-a522-64995ea316a5	9	22509341	23361807	579	0.027
0e68b520-96e7-402c-a522-64995ea316a5	9	23363117	23373486	8	-2.1212
0e68b520-96e7-402c-a522-64995ea316a5	9	23378490	61405110	10935	0.0418
0e68b520-96e7-402c-a522-64995ea316a5	9	61520021	61647899	30	-0.9348
0e68b520-96e7-402c-a522-64995ea316a5	9	61665362	73635212	4010	0.0233
0e68b520-96e7-402c-a522-64995ea316a5	9	73642196	73643076	2	-2.0146
0e68b520-96e7-402c-a522-64995ea316a5	9	73643213	77154478	2660	0.0308
0e68b520-96e7-402c-a522-64995ea316a5	9	77155482	77162488	29	0.714
0e68b520-96e7-402c-a522-64995ea316a5	9	77171212	138200944	41345	0.0511
0e68b520-96e7-402c-a522-64995ea316a5	10	45792	46657149	31687	0.0556
0e68b520-96e7-402c-a522-64995ea316a5	10	46693480	46708198	4	-1.6397
0e68b520-96e7-402c-a522-64995ea316a5	10	46780843	50689976	2061	0.0952
0e68b520-96e7-402c-a522-64995ea316a5	10	50690165	53861013	2466	0.0324
0e68b520-96e7-402c-a522-64995ea316a5	10	53863411	53863469	2	-2.5292
0e68b520-96e7-402c-a522-64995ea316a5	10	53863770	65545353	8152	0.0483
0e68b520-96e7-402c-a522-64995ea316a5	10	65546321	65565695	34	-0.5824
0e68b520-96e7-402c-a522-64995ea316a5	10	65566308	130430374	44138	0.0555
0e68b520-96e7-402c-a522-64995ea316a5	10	130431007	131943731	1225	0.1593
0e68b520-96e7-402c-a522-64995ea316a5	10	131951413	133654968	801	0.0453
0e68b520-96e7-402c-a522-64995ea316a5	11	198510	5766850	3227	-0.3096
0e68b520-96e7-402c-a522-64995ea316a5	11	5766862	5788108	32	0.3567
0e68b520-96e7-402c-a522-64995ea316a5	11	5788231	18919323	9387	-0.3218
0e68b520-96e7-402c-a522-64995ea316a5	11	18927525	18940586	47	0.8214
0e68b520-96e7-402c-a522-64995ea316a5	11	18949158	38394949	14180	-0.333
0e68b520-96e7-402c-a522-64995ea316a5	11	38397151	38397757	2	-2.6459
0e68b520-96e7-402c-a522-64995ea316a5	11	38403812	55595864	7538	-0.3291
0e68b520-96e7-402c-a522-64995ea316a5	11	55606556	55686100	60	0.3026
0e68b520-96e7-402c-a522-64995ea316a5	11	55693207	77446187	11286	-0.3171
0e68b520-96e7-402c-a522-64995ea316a5	11	77460604	77460620	2	-2.7622
0e68b520-96e7-402c-a522-64995ea316a5	11	77460846	135074876	40909	-0.3295
0e68b520-96e7-402c-a522-64995ea316a5	12	51460	27941811	18938	0.347
0e68b520-96e7-402c-a522-64995ea316a5	12	27941830	27944664	12	-0.8167
0e68b520-96e7-402c-a522-64995ea316a5	12	27944711	80446147	30946	0.339
0e68b520-96e7-402c-a522-64995ea316a5	12	80446276	80456533	2	-2.0818
0e68b520-96e7-402c-a522-64995ea316a5	12	80458189	83769408	2079	0.3318
0e68b520-96e7-402c-a522-64995ea316a5	12	83769511	83771462	3	-1.2022
0e68b520-96e7-402c-a522-64995ea316a5	12	83771500	105837037	14391	0.3371
0e68b520-96e7-402c-a522-64995ea316a5	12	105839837	105840716	4	-1.1756
0e68b520-96e7-402c-a522-64995ea316a5	12	105844731	128744341	15341	0.3507
0e68b520-96e7-402c-a522-64995ea316a5	12	128745968	128748000	7	-0.6763
0e68b520-96e7-402c-a522-64995ea316a5	12	128749443	131636170	2488	0.386
0e68b520-96e7-402c-a522-64995ea316a5	12	131648039	131657925	14	1.1883
0e68b520-96e7-402c-a522-64995ea316a5	12	131658450	133201603	557	0.3243
0e68b520-96e7-402c-a522-64995ea316a5	13	18452809	22462201	2431	-0.8304
0e68b520-96e7-402c-a522-64995ea316a5	13	22462688	22466360	2	-3.3674
0e68b520-96e7-402c-a522-64995ea316a5	13	22466559	26056808	2656	-0.839
0e68b520-96e7-402c-a522-64995ea316a5	13	26063458	26076441	6	-3.4265
0e68b520-96e7-402c-a522-64995ea316a5	13	26078173	26881340	604	-0.8751
0e68b520-96e7-402c-a522-64995ea316a5	13	26882617	26882631	2	-6.8538
0e68b520-96e7-402c-a522-64995ea316a5	13	26883239	57896832	20571	-0.8571
0e68b520-96e7-402c-a522-64995ea316a5	13	57897312	57900253	3	-4.848
0e68b520-96e7-402c-a522-64995ea316a5	13	57900558	114342922	37573	-0.8539
0e68b520-96e7-402c-a522-64995ea316a5	14	18239283	21862976	1436	0.0715
0e68b520-96e7-402c-a522-64995ea316a5	14	21863177	22490342	543	0.2686
0e68b520-96e7-402c-a522-64995ea316a5	14	22490387	40139724	11040	0.0483
0e68b520-96e7-402c-a522-64995ea316a5	14	40144718	40147715	2	-2.2954
0e68b520-96e7-402c-a522-64995ea316a5	14	40148961	68133777	17556	0.0479
0e68b520-96e7-402c-a522-64995ea316a5	14	68135585	68136992	2	-1.9558
0e68b520-96e7-402c-a522-64995ea316a5	14	68140306	73534419	3620	0.0589
0e68b520-96e7-402c-a522-64995ea316a5	14	73540003	73554275	8	-1.0937
0e68b520-96e7-402c-a522-64995ea316a5	14	73563196	89939229	10847	0.0445
0e68b520-96e7-402c-a522-64995ea316a5	14	89939658	89940309	3	-1.4849
0e68b520-96e7-402c-a522-64995ea316a5	14	89943009	94914784	3275	0.0623
0e68b520-96e7-402c-a522-64995ea316a5	14	94915593	99531942	3675	0.0992
0e68b520-96e7-402c-a522-64995ea316a5	14	99534042	106877229	3329	0.0574
0e68b520-96e7-402c-a522-64995ea316a5	15	19811075	20064520	54	-0.2278
0e68b520-96e7-402c-a522-64995ea316a5	15	20187568	22582296	160	0.0832
0e68b520-96e7-402c-a522-64995ea316a5	15	22584747	30231102	4620	-0.3094
0e68b520-96e7-402c-a522-64995ea316a5	15	30252720	30300815	11	-1.517
0e68b520-96e7-402c-a522-64995ea316a5	15	30304026	76586021	29025	-0.3128
0e68b520-96e7-402c-a522-64995ea316a5	15	76598900	76603432	20	0.5614
0e68b520-96e7-402c-a522-64995ea316a5	15	76603433	90295736	8692	-0.3041
0e68b520-96e7-402c-a522-64995ea316a5	15	90296678	90318382	17	-1.1923
0e68b520-96e7-402c-a522-64995ea316a5	15	90321966	101928837	8888	-0.3101
0e68b520-96e7-402c-a522-64995ea316a5	16	10777	2666936	901	0.3012
0e68b520-96e7-402c-a522-64995ea316a5	16	2671962	21336298	13464	0.3695
0e68b520-96e7-402c-a522-64995ea316a5	16	21336878	21580019	33	-0.1257
0e68b520-96e7-402c-a522-64995ea316a5	16	21582134	22547736	366	0.2912
0e68b520-96e7-402c-a522-64995ea316a5	16	22566269	22699421	69	-0.1643
0e68b520-96e7-402c-a522-64995ea316a5	16	22701658	28211069	3925	0.3698
0e68b520-96e7-402c-a522-64995ea316a5	16	28219611	47666843	2195	0.3191
0e68b520-96e7-402c-a522-64995ea316a5	16	47669488	55762682	5956	0.3653
0e68b520-96e7-402c-a522-64995ea316a5	16	55764310	55764867	3	3.2052
0e68b520-96e7-402c-a522-64995ea316a5	16	55770436	70087520	8757	0.3509
0e68b520-96e7-402c-a522-64995ea316a5	16	70087581	70444521	114	0.1258
0e68b520-96e7-402c-a522-64995ea316a5	16	70444929	78337711	5412	0.3572
0e68b520-96e7-402c-a522-64995ea316a5	16	78338543	78350841	15	-1.6361
0e68b520-96e7-402c-a522-64995ea316a5	16	78350868	88459876	9926	0.3841
0e68b520-96e7-402c-a522-64995ea316a5	16	88469691	90096867	675	0.3029
0e68b520-96e7-402c-a522-64995ea316a5	17	150733	8339592	4529	0.0549
0e68b520-96e7-402c-a522-64995ea316a5	17	8344229	8344415	2	-3.274
0e68b520-96e7-402c-a522-64995ea316a5	17	8346140	83091923	40459	0.0623
0e68b520-96e7-402c-a522-64995ea316a5	18	48133	28613464	15038	-0.33
0e68b520-96e7-402c-a522-64995ea316a5	18	28613572	28616166	4	-1.7984
0e68b520-96e7-402c-a522-64995ea316a5	18	28616668	36048764	4573	-0.34
0e68b520-96e7-402c-a522-64995ea316a5	18	36049476	36053320	2	-2.4822
0e68b520-96e7-402c-a522-64995ea316a5	18	36055605	66054343	20619	-0.3346
0e68b520-96e7-402c-a522-64995ea316a5	18	66060256	66065527	14	-1.0611
0e68b520-96e7-402c-a522-64995ea316a5	18	66065571	80257174	10413	-0.3249
0e68b520-96e7-402c-a522-64995ea316a5	19	90910	51628560	24751	0.3417
0e68b520-96e7-402c-a522-64995ea316a5	19	51639099	51644944	11	-2.3991
0e68b520-96e7-402c-a522-64995ea316a5	19	51651652	58586487	4335	0.3477
0e68b520-96e7-402c-a522-64995ea316a5	20	80664	1590106	1213	0.3869
0e68b520-96e7-402c-a522-64995ea316a5	20	1590128	1590457	4	-0.9651
0e68b520-96e7-402c-a522-64995ea316a5	20	1590626	1601561	22	0.1256
0e68b520-96e7-402c-a522-64995ea316a5	20	1609611	1613247	5	-1.2175
0e68b520-96e7-402c-a522-64995ea316a5	20	1617300	18970277	13549	0.3673
0e68b520-96e7-402c-a522-64995ea316a5	20	18971186	18971790	2	-1.4613
0e68b520-96e7-402c-a522-64995ea316a5	20	18971954	45719923	14154	0.3712
0e68b520-96e7-402c-a522-64995ea316a5	20	45721734	45749572	26	-0.6722
0e68b520-96e7-402c-a522-64995ea316a5	20	45752208	48783273	2222	0.4026
0e68b520-96e7-402c-a522-64995ea316a5	20	48790504	55253258	4741	0.3596
0e68b520-96e7-402c-a522-64995ea316a5	20	55256275	63555881	6085	0.4006
0e68b520-96e7-402c-a522-64995ea316a5	20	63556063	63997918	161	0.2181
0e68b520-96e7-402c-a522-64995ea316a5	20	64006728	64324800	166	0.4085
0e68b520-96e7-402c-a522-64995ea316a5	21	10354168	13013344	94	-0.2748
0e68b520-96e7-402c-a522-64995ea316a5	21	13013569	46504929	23585	0.3552
0e68b520-96e7-402c-a522-64995ea316a5	21	46506610	46509272	2	-2.6407
0e68b520-96e7-402c-a522-64995ea316a5	21	46512419	46677045	152	0.3426
0e68b520-96e7-402c-a522-64995ea316a5	22	15294547	50796027	23141	-0.8389
0e68b520-96e7-402c-a522-64995ea316a5	X	251810	37850312	23247	0.0007
0e68b520-96e7-402c-a522-64995ea316a5	X	37851496	37855604	3	-2.99
0e68b520-96e7-402c-a522-64995ea316a5	X	37855706	48001197	5654	-0.0065
0e68b520-96e7-402c-a522-64995ea316a5	X	48020763	48144497	79	0.838
0e68b520-96e7-402c-a522-64995ea316a5	X	48144628	50895685	1129	-0.0192
0e68b520-96e7-402c-a522-64995ea316a5	X	50895783	50896531	2	4.6077
0e68b520-96e7-402c-a522-64995ea316a5	X	50897971	130414455	38384	-0.0124
0e68b520-96e7-402c-a522-64995ea316a5	X	130417997	130418030	2	2.6477
0e68b520-96e7-402c-a522-64995ea316a5	X	130418935	145503607	8819	0.0051
0e68b520-96e7-402c-a522-64995ea316a5	X	145504021	145504118	2	2.7686
0e68b520-96e7-402c-a522-64995ea316a5	X	145504156	151124426	3771	0.0181
0e68b520-96e7-402c-a522-64995ea316a5	X	151125462	151126987	2	-2.1168
0e68b520-96e7-402c-a522-64995ea316a5	X	151128083	153157231	1265	0.0278
0e68b520-96e7-402c-a522-64995ea316a5	X	153157619	153160957	3	1.7343
0e68b520-96e7-402c-a522-64995ea316a5	X	153160970	155952689	1087	-0.0607
0e68b520-96e7-402c-a522-64995ea316a5	Y	2782397	56872112	6640	-0.6957
