GDC_Aliquot	Chromosome	Start	End	Num_Probes	Segment_Mean
8afbffb8-9c8c-4d8e-892e-e7f8af7f4d2c	1	62920	86341	11	-0.9661
8afbffb8-9c8c-4d8e-892e-e7f8af7f4d2c	1	98588	3020748	606	0.1272
8afbffb8-9c8c-4d8e-892e-e7f8af7f4d2c	1	3022133	15827002	7715	-0.011
8afbffb8-9c8c-4d8e-892e-e7f8af7f4d2c	1	15827041	15827706	6	0.7558
8afbffb8-9c8c-4d8e-892e-e7f8af7f4d2c	1	15827744	16617327	312	0.0033
8afbffb8-9c8c-4d8e-892e-e7f8af7f4d2c	1	16627347	16643961	19	-0.3635
8afbffb8-9c8c-4d8e-892e-e7f8af7f4d2c	1	16679239	16868660	29	-0.0167
8afbffb8-9c8c-4d8e-892e-e7f8af7f4d2c	1	16877002	16934716	45	0.6135
8afbffb8-9c8c-4d8e-892e-e7f8af7f4d2c	1	16934753	17496341	399	0.0413
8afbffb8-9c8c-4d8e-892e-e7f8af7f4d2c	1	17497381	24779774	4536	-0.0171
8afbffb8-9c8c-4d8e-892e-e7f8af7f4d2c	1	24780558	25256850	328	0.0624
8afbffb8-9c8c-4d8e-892e-e7f8af7f4d2c	1	25266637	25318693	19	0.8586
8afbffb8-9c8c-4d8e-892e-e7f8af7f4d2c	1	25319167	34626073	4949	-0.0089
8afbffb8-9c8c-4d8e-892e-e7f8af7f4d2c	1	34637053	34638890	20	-0.6442
8afbffb8-9c8c-4d8e-892e-e7f8af7f4d2c	1	34648667	72284670	23717	-0.0012
8afbffb8-9c8c-4d8e-892e-e7f8af7f4d2c	1	72290430	72297687	9	-0.9987
8afbffb8-9c8c-4d8e-892e-e7f8af7f4d2c	1	72302735	72345465	48	1.2162
8afbffb8-9c8c-4d8e-892e-e7f8af7f4d2c	1	72346221	101178654	18495	-0.0009
8afbffb8-9c8c-4d8e-892e-e7f8af7f4d2c	1	101182772	101189736	2	-2.1306
8afbffb8-9c8c-4d8e-892e-e7f8af7f4d2c	1	101190114	103560166	1480	0.0034
8afbffb8-9c8c-4d8e-892e-e7f8af7f4d2c	1	103560435	103587546	19	0.5423
8afbffb8-9c8c-4d8e-892e-e7f8af7f4d2c	1	103589737	103697364	14	0.1584
8afbffb8-9c8c-4d8e-892e-e7f8af7f4d2c	1	103717410	103760781	3	0.9805
8afbffb8-9c8c-4d8e-892e-e7f8af7f4d2c	1	103760879	105470754	916	0.0247
8afbffb8-9c8c-4d8e-892e-e7f8af7f4d2c	1	105476583	105479753	17	-2.2121
8afbffb8-9c8c-4d8e-892e-e7f8af7f4d2c	1	105481433	109690352	2631	0.0113
8afbffb8-9c8c-4d8e-892e-e7f8af7f4d2c	1	109690415	109691788	7	-0.9248
8afbffb8-9c8c-4d8e-892e-e7f8af7f4d2c	1	109691933	121549518	7107	0.0008
8afbffb8-9c8c-4d8e-892e-e7f8af7f4d2c	1	121551153	143748590	120	0.1368
8afbffb8-9c8c-4d8e-892e-e7f8af7f4d2c	1	143748728	143748872	4	1.1006
8afbffb8-9c8c-4d8e-892e-e7f8af7f4d2c	1	143751380	143811517	16	0.4217
8afbffb8-9c8c-4d8e-892e-e7f8af7f4d2c	1	143890323	145988871	163	0.0992
8afbffb8-9c8c-4d8e-892e-e7f8af7f4d2c	1	145994095	146018429	9	0.3781
8afbffb8-9c8c-4d8e-892e-e7f8af7f4d2c	1	146018898	152583291	2147	0.0138
8afbffb8-9c8c-4d8e-892e-e7f8af7f4d2c	1	152583319	152602985	22	0.3932
8afbffb8-9c8c-4d8e-892e-e7f8af7f4d2c	1	152606973	152787202	177	0.0145
8afbffb8-9c8c-4d8e-892e-e7f8af7f4d2c	1	152789447	152796224	37	-0.3997
8afbffb8-9c8c-4d8e-892e-e7f8af7f4d2c	1	152801429	169246873	11259	0.0009
8afbffb8-9c8c-4d8e-892e-e7f8af7f4d2c	1	169247699	169272528	8	0.7323
8afbffb8-9c8c-4d8e-892e-e7f8af7f4d2c	1	169273163	189679027	13419	0.0055
8afbffb8-9c8c-4d8e-892e-e7f8af7f4d2c	1	189679353	189679397	2	-1.4209
8afbffb8-9c8c-4d8e-892e-e7f8af7f4d2c	1	189682917	227237600	25203	0.0029
8afbffb8-9c8c-4d8e-892e-e7f8af7f4d2c	1	227238371	227241477	4	-1.0302
8afbffb8-9c8c-4d8e-892e-e7f8af7f4d2c	1	227245222	246372206	13833	0.0036
8afbffb8-9c8c-4d8e-892e-e7f8af7f4d2c	1	246372857	248930189	1502	0.0581
8afbffb8-9c8c-4d8e-892e-e7f8af7f4d2c	2	12784	4171394	3001	0.0245
8afbffb8-9c8c-4d8e-892e-e7f8af7f4d2c	2	4171491	4174894	15	0.4384
8afbffb8-9c8c-4d8e-892e-e7f8af7f4d2c	2	4174949	34474248	21049	0.0055
8afbffb8-9c8c-4d8e-892e-e7f8af7f4d2c	2	34476327	34512096	46	-2.0053
8afbffb8-9c8c-4d8e-892e-e7f8af7f4d2c	2	34512489	52514599	12980	0.0141
8afbffb8-9c8c-4d8e-892e-e7f8af7f4d2c	2	52516787	52527743	8	-1.0893
8afbffb8-9c8c-4d8e-892e-e7f8af7f4d2c	2	52531615	52554384	32	-0.4696
8afbffb8-9c8c-4d8e-892e-e7f8af7f4d2c	2	52554404	127091296	41743	0.0122
8afbffb8-9c8c-4d8e-892e-e7f8af7f4d2c	2	127091487	127100187	4	-1.4289
8afbffb8-9c8c-4d8e-892e-e7f8af7f4d2c	2	127100370	128880504	1026	0.0135
8afbffb8-9c8c-4d8e-892e-e7f8af7f4d2c	2	128880904	128888874	17	-0.6221
8afbffb8-9c8c-4d8e-892e-e7f8af7f4d2c	2	128888929	199475468	42490	0.0079
8afbffb8-9c8c-4d8e-892e-e7f8af7f4d2c	2	199475660	199478611	2	-1.5862
8afbffb8-9c8c-4d8e-892e-e7f8af7f4d2c	2	199479300	219702258	12548	0.006
8afbffb8-9c8c-4d8e-892e-e7f8af7f4d2c	2	219702670	219702688	2	-1.4369
8afbffb8-9c8c-4d8e-892e-e7f8af7f4d2c	2	219703372	242147305	14359	0.0089
8afbffb8-9c8c-4d8e-892e-e7f8af7f4d2c	3	20930	182919	154	0.05
8afbffb8-9c8c-4d8e-892e-e7f8af7f4d2c	3	188339	191117	4	-0.9358
8afbffb8-9c8c-4d8e-892e-e7f8af7f4d2c	3	193194	2018277	1642	0.0669
8afbffb8-9c8c-4d8e-892e-e7f8af7f4d2c	3	2018578	60791849	39695	0.009
8afbffb8-9c8c-4d8e-892e-e7f8af7f4d2c	3	60792199	60795294	5	-1.0762
8afbffb8-9c8c-4d8e-892e-e7f8af7f4d2c	3	60798502	64634695	3196	0.0041
8afbffb8-9c8c-4d8e-892e-e7f8af7f4d2c	3	64635119	64637144	3	-1.0153
8afbffb8-9c8c-4d8e-892e-e7f8af7f4d2c	3	64637165	65202778	563	0.0046
8afbffb8-9c8c-4d8e-892e-e7f8af7f4d2c	3	65203560	65224777	52	-0.6295
8afbffb8-9c8c-4d8e-892e-e7f8af7f4d2c	3	65230674	75519398	7357	0.0038
8afbffb8-9c8c-4d8e-892e-e7f8af7f4d2c	3	75523398	75537654	6	-1.948
8afbffb8-9c8c-4d8e-892e-e7f8af7f4d2c	3	75546030	75606920	11	0.0032
8afbffb8-9c8c-4d8e-892e-e7f8af7f4d2c	3	75620279	89620865	7844	0.0104
8afbffb8-9c8c-4d8e-892e-e7f8af7f4d2c	3	89622183	89624990	8	-1.0577
8afbffb8-9c8c-4d8e-892e-e7f8af7f4d2c	3	89629449	130041779	21820	0.0042
8afbffb8-9c8c-4d8e-892e-e7f8af7f4d2c	3	130044016	130087393	39	0.4872
8afbffb8-9c8c-4d8e-892e-e7f8af7f4d2c	3	130088081	130412340	201	0.0014
8afbffb8-9c8c-4d8e-892e-e7f8af7f4d2c	3	130413358	130413787	3	-0.9465
8afbffb8-9c8c-4d8e-892e-e7f8af7f4d2c	3	130415719	136300257	3820	0.0034
8afbffb8-9c8c-4d8e-892e-e7f8af7f4d2c	3	136304109	136306584	2	-2.6058
8afbffb8-9c8c-4d8e-892e-e7f8af7f4d2c	3	136319699	138351945	1045	0.0064
8afbffb8-9c8c-4d8e-892e-e7f8af7f4d2c	3	138355281	138357364	2	-1.0101
8afbffb8-9c8c-4d8e-892e-e7f8af7f4d2c	3	138357868	140823697	1648	0.0049
8afbffb8-9c8c-4d8e-892e-e7f8af7f4d2c	3	140826859	140828142	2	-2.9259
8afbffb8-9c8c-4d8e-892e-e7f8af7f4d2c	3	140841776	157529664	10309	0.0157
8afbffb8-9c8c-4d8e-892e-e7f8af7f4d2c	3	157530157	157530403	4	-1.0975
8afbffb8-9c8c-4d8e-892e-e7f8af7f4d2c	3	157531335	162795304	3206	0.013
8afbffb8-9c8c-4d8e-892e-e7f8af7f4d2c	3	162795361	162898127	61	-0.4242
8afbffb8-9c8c-4d8e-892e-e7f8af7f4d2c	3	162906054	169012392	3441	0.0269
8afbffb8-9c8c-4d8e-892e-e7f8af7f4d2c	3	169015614	169020840	2	-2.2991
8afbffb8-9c8c-4d8e-892e-e7f8af7f4d2c	3	169022039	193160113	15706	0.0119
8afbffb8-9c8c-4d8e-892e-e7f8af7f4d2c	3	193160173	193165114	19	1.7342
8afbffb8-9c8c-4d8e-892e-e7f8af7f4d2c	3	193168646	195431412	1450	0.0088
8afbffb8-9c8c-4d8e-892e-e7f8af7f4d2c	3	195440568	195926102	150	0.1966
8afbffb8-9c8c-4d8e-892e-e7f8af7f4d2c	3	195929641	198169247	1092	0.0401
8afbffb8-9c8c-4d8e-892e-e7f8af7f4d2c	4	68929	1517775	535	0.1009
8afbffb8-9c8c-4d8e-892e-e7f8af7f4d2c	4	1535956	9765845	4714	0.0091
8afbffb8-9c8c-4d8e-892e-e7f8af7f4d2c	4	9767199	10221792	445	0.0646
8afbffb8-9c8c-4d8e-892e-e7f8af7f4d2c	4	10222004	10232642	29	-0.9184
8afbffb8-9c8c-4d8e-892e-e7f8af7f4d2c	4	10232984	34777418	16959	0.0069
8afbffb8-9c8c-4d8e-892e-e7f8af7f4d2c	4	34777432	34817148	34	-0.5409
8afbffb8-9c8c-4d8e-892e-e7f8af7f4d2c	4	34817488	68506285	19445	0.0057
8afbffb8-9c8c-4d8e-892e-e7f8af7f4d2c	4	68509223	68639397	66	0.6065
8afbffb8-9c8c-4d8e-892e-e7f8af7f4d2c	4	68640616	69257792	312	0.0451
8afbffb8-9c8c-4d8e-892e-e7f8af7f4d2c	4	69261926	69366081	54	-0.648
8afbffb8-9c8c-4d8e-892e-e7f8af7f4d2c	4	69366304	76792904	4548	0.0014
8afbffb8-9c8c-4d8e-892e-e7f8af7f4d2c	4	76796431	76798782	4	-0.8745
8afbffb8-9c8c-4d8e-892e-e7f8af7f4d2c	4	76803612	86054941	5875	0.0088
8afbffb8-9c8c-4d8e-892e-e7f8af7f4d2c	4	86055238	86058791	19	-0.9071
8afbffb8-9c8c-4d8e-892e-e7f8af7f4d2c	4	86058936	91354606	3262	0.0041
8afbffb8-9c8c-4d8e-892e-e7f8af7f4d2c	4	91361746	91362620	2	-1.5786
8afbffb8-9c8c-4d8e-892e-e7f8af7f4d2c	4	91365073	107583477	9462	0.006
8afbffb8-9c8c-4d8e-892e-e7f8af7f4d2c	4	107587491	107593342	6	-0.8397
8afbffb8-9c8c-4d8e-892e-e7f8af7f4d2c	4	107595118	145574203	22612	0.0077
8afbffb8-9c8c-4d8e-892e-e7f8af7f4d2c	4	145580604	145580740	2	-1.358
8afbffb8-9c8c-4d8e-892e-e7f8af7f4d2c	4	145584576	160958989	9427	0.0085
8afbffb8-9c8c-4d8e-892e-e7f8af7f4d2c	4	160959045	160960056	10	-0.8007
8afbffb8-9c8c-4d8e-892e-e7f8af7f4d2c	4	160960185	187740209	17685	0.0127
8afbffb8-9c8c-4d8e-892e-e7f8af7f4d2c	4	187746438	188047032	171	0.6234
8afbffb8-9c8c-4d8e-892e-e7f8af7f4d2c	4	188047433	188704635	515	0.0603
8afbffb8-9c8c-4d8e-892e-e7f8af7f4d2c	4	188706534	188811202	71	0.6996
8afbffb8-9c8c-4d8e-892e-e7f8af7f4d2c	4	188816526	190106768	713	0.0317
8afbffb8-9c8c-4d8e-892e-e7f8af7f4d2c	5	15532	731776	319	0.0992
8afbffb8-9c8c-4d8e-892e-e7f8af7f4d2c	5	732788	773453	13	0.544
8afbffb8-9c8c-4d8e-892e-e7f8af7f4d2c	5	779766	1454644	331	0.0287
8afbffb8-9c8c-4d8e-892e-e7f8af7f4d2c	5	1457018	1605998	76	0.2522
8afbffb8-9c8c-4d8e-892e-e7f8af7f4d2c	5	1608436	1890119	181	0.0753
8afbffb8-9c8c-4d8e-892e-e7f8af7f4d2c	5	1891707	34700599	22969	0.0106
8afbffb8-9c8c-4d8e-892e-e7f8af7f4d2c	5	34700960	34701084	2	-1.3769
8afbffb8-9c8c-4d8e-892e-e7f8af7f4d2c	5	34703258	45784942	6614	0.005
8afbffb8-9c8c-4d8e-892e-e7f8af7f4d2c	5	45791490	50350622	209	0.1516
8afbffb8-9c8c-4d8e-892e-e7f8af7f4d2c	5	50351976	57045669	4344	0.0055
8afbffb8-9c8c-4d8e-892e-e7f8af7f4d2c	5	57050511	57051866	4	-0.8056
8afbffb8-9c8c-4d8e-892e-e7f8af7f4d2c	5	57052091	58025819	631	-0.011
8afbffb8-9c8c-4d8e-892e-e7f8af7f4d2c	5	58030200	58037706	32	-0.4134
8afbffb8-9c8c-4d8e-892e-e7f8af7f4d2c	5	58042530	70959073	7300	0.0073
8afbffb8-9c8c-4d8e-892e-e7f8af7f4d2c	5	70959076	71364924	14	-0.4154
8afbffb8-9c8c-4d8e-892e-e7f8af7f4d2c	5	71365381	99988808	16882	0.0076
8afbffb8-9c8c-4d8e-892e-e7f8af7f4d2c	5	99989012	99989106	2	-1.3887
8afbffb8-9c8c-4d8e-892e-e7f8af7f4d2c	5	99989443	118050709	11980	0.0104
8afbffb8-9c8c-4d8e-892e-e7f8af7f4d2c	5	118050779	118053390	15	-0.6512
8afbffb8-9c8c-4d8e-892e-e7f8af7f4d2c	5	118068645	152134610	21341	0.0079
8afbffb8-9c8c-4d8e-892e-e7f8af7f4d2c	5	152135825	152137227	9	-0.8678
8afbffb8-9c8c-4d8e-892e-e7f8af7f4d2c	5	152138502	170292668	12603	0.0071
8afbffb8-9c8c-4d8e-892e-e7f8af7f4d2c	5	170293722	170332986	53	0.2254
8afbffb8-9c8c-4d8e-892e-e7f8af7f4d2c	5	170336147	171990845	1094	-0.0059
8afbffb8-9c8c-4d8e-892e-e7f8af7f4d2c	5	171994011	172196711	150	0.18
8afbffb8-9c8c-4d8e-892e-e7f8af7f4d2c	5	172196824	177771448	3552	0.0026
8afbffb8-9c8c-4d8e-892e-e7f8af7f4d2c	5	177800550	177805604	3	2.2709
8afbffb8-9c8c-4d8e-892e-e7f8af7f4d2c	5	177827964	180947523	1793	0.0066
8afbffb8-9c8c-4d8e-892e-e7f8af7f4d2c	5	180951710	180991103	19	0.6235
8afbffb8-9c8c-4d8e-892e-e7f8af7f4d2c	5	181006225	181363319	170	0.1338
8afbffb8-9c8c-4d8e-892e-e7f8af7f4d2c	6	149661	16872001	13198	0.0095
8afbffb8-9c8c-4d8e-892e-e7f8af7f4d2c	6	16874754	16875295	5	-0.8759
8afbffb8-9c8c-4d8e-892e-e7f8af7f4d2c	6	16875433	19044517	1558	-0.0026
8afbffb8-9c8c-4d8e-892e-e7f8af7f4d2c	6	19044532	19050737	5	0.7485
8afbffb8-9c8c-4d8e-892e-e7f8af7f4d2c	6	19050834	23716257	3400	0.002
8afbffb8-9c8c-4d8e-892e-e7f8af7f4d2c	6	23720804	23721842	2	-1.094
8afbffb8-9c8c-4d8e-892e-e7f8af7f4d2c	6	23722239	26352835	1828	-0.0092
8afbffb8-9c8c-4d8e-892e-e7f8af7f4d2c	6	26354344	26619529	176	0.1071
8afbffb8-9c8c-4d8e-892e-e7f8af7f4d2c	6	26622506	26739499	38	-0.03
8afbffb8-9c8c-4d8e-892e-e7f8af7f4d2c	6	26743855	26759781	6	1.0103
8afbffb8-9c8c-4d8e-892e-e7f8af7f4d2c	6	26831719	27593530	333	0.0182
8afbffb8-9c8c-4d8e-892e-e7f8af7f4d2c	6	27596631	27601276	3	1.1784
8afbffb8-9c8c-4d8e-892e-e7f8af7f4d2c	6	27606407	29869411	1078	0.0124
8afbffb8-9c8c-4d8e-892e-e7f8af7f4d2c	6	29869537	29881490	14	-1.0043
8afbffb8-9c8c-4d8e-892e-e7f8af7f4d2c	6	29882419	31318528	661	0.015
8afbffb8-9c8c-4d8e-892e-e7f8af7f4d2c	6	31318754	31342147	10	-1.4069
8afbffb8-9c8c-4d8e-892e-e7f8af7f4d2c	6	31349570	32463515	494	0.0883
8afbffb8-9c8c-4d8e-892e-e7f8af7f4d2c	6	32463775	32533522	19	1.4871
8afbffb8-9c8c-4d8e-892e-e7f8af7f4d2c	6	32540699	32657318	44	0.2747
8afbffb8-9c8c-4d8e-892e-e7f8af7f4d2c	6	32658111	32658841	3	1.5796
8afbffb8-9c8c-4d8e-892e-e7f8af7f4d2c	6	32682835	33970222	798	0.0114
8afbffb8-9c8c-4d8e-892e-e7f8af7f4d2c	6	33970966	33974928	7	-1.0585
8afbffb8-9c8c-4d8e-892e-e7f8af7f4d2c	6	33976809	34749511	415	-0.0059
8afbffb8-9c8c-4d8e-892e-e7f8af7f4d2c	6	34752016	34909104	78	0.2101
8afbffb8-9c8c-4d8e-892e-e7f8af7f4d2c	6	34911426	47185761	8009	-0.0018
8afbffb8-9c8c-4d8e-892e-e7f8af7f4d2c	6	47186133	47192378	3	-1.3972
8afbffb8-9c8c-4d8e-892e-e7f8af7f4d2c	6	47194845	48482577	772	-0.0062
8afbffb8-9c8c-4d8e-892e-e7f8af7f4d2c	6	48489317	48491815	4	-1.2162
8afbffb8-9c8c-4d8e-892e-e7f8af7f4d2c	6	48491863	76726442	15748	0.0093
8afbffb8-9c8c-4d8e-892e-e7f8af7f4d2c	6	76726815	76758906	27	0.415
8afbffb8-9c8c-4d8e-892e-e7f8af7f4d2c	6	76758921	78261995	975	0.0108
8afbffb8-9c8c-4d8e-892e-e7f8af7f4d2c	6	78262064	78315900	87	-0.3455
8afbffb8-9c8c-4d8e-892e-e7f8af7f4d2c	6	78315948	93500416	9762	0.0063
8afbffb8-9c8c-4d8e-892e-e7f8af7f4d2c	6	93505621	94907818	911	0.0629
8afbffb8-9c8c-4d8e-892e-e7f8af7f4d2c	6	94909776	103286954	4806	-0.0029
8afbffb8-9c8c-4d8e-892e-e7f8af7f4d2c	6	103290101	103314186	46	0.8194
8afbffb8-9c8c-4d8e-892e-e7f8af7f4d2c	6	103317795	124110629	12672	0.0014
8afbffb8-9c8c-4d8e-892e-e7f8af7f4d2c	6	124114796	124149220	20	0.7452
8afbffb8-9c8c-4d8e-892e-e7f8af7f4d2c	6	124149616	170741917	31410	0.0057
8afbffb8-9c8c-4d8e-892e-e7f8af7f4d2c	7	43355	231145	135	0.1711
8afbffb8-9c8c-4d8e-892e-e7f8af7f4d2c	7	664936	8327085	4534	0.0178
8afbffb8-9c8c-4d8e-892e-e7f8af7f4d2c	7	8330573	8331102	2	-1.5064
8afbffb8-9c8c-4d8e-892e-e7f8af7f4d2c	7	8331240	11880724	2886	0.0195
8afbffb8-9c8c-4d8e-892e-e7f8af7f4d2c	7	11881247	11881793	5	-0.9802
8afbffb8-9c8c-4d8e-892e-e7f8af7f4d2c	7	11884626	54109613	30706	0.0088
8afbffb8-9c8c-4d8e-892e-e7f8af7f4d2c	7	54109706	54109818	3	-1.1752
8afbffb8-9c8c-4d8e-892e-e7f8af7f4d2c	7	54110080	54318812	169	0.0026
8afbffb8-9c8c-4d8e-892e-e7f8af7f4d2c	7	54318816	54318824	5	-2.1971
8afbffb8-9c8c-4d8e-892e-e7f8af7f4d2c	7	54325795	56220245	1341	0.0041
8afbffb8-9c8c-4d8e-892e-e7f8af7f4d2c	7	56220600	65985925	1987	0.0539
8afbffb8-9c8c-4d8e-892e-e7f8af7f4d2c	7	65988231	88563524	12544	0.0052
8afbffb8-9c8c-4d8e-892e-e7f8af7f4d2c	7	88566274	90611372	1364	0.0541
8afbffb8-9c8c-4d8e-892e-e7f8af7f4d2c	7	90613286	92601702	1244	0.0052
8afbffb8-9c8c-4d8e-892e-e7f8af7f4d2c	7	92605724	92605955	4	-0.8368
8afbffb8-9c8c-4d8e-892e-e7f8af7f4d2c	7	92607580	97766148	3316	0.0011
8afbffb8-9c8c-4d8e-892e-e7f8af7f4d2c	7	97766150	97766159	5	1.2462
8afbffb8-9c8c-4d8e-892e-e7f8af7f4d2c	7	97766194	101491943	1597	0.0165
8afbffb8-9c8c-4d8e-892e-e7f8af7f4d2c	7	101492117	101494033	2	-1.5704
8afbffb8-9c8c-4d8e-892e-e7f8af7f4d2c	7	101498586	109793741	5005	0.0032
8afbffb8-9c8c-4d8e-892e-e7f8af7f4d2c	7	109797035	109797044	8	0.9039
8afbffb8-9c8c-4d8e-892e-e7f8af7f4d2c	7	109797612	109800866	15	0.2503
8afbffb8-9c8c-4d8e-892e-e7f8af7f4d2c	7	109801155	109813853	12	0.8217
8afbffb8-9c8c-4d8e-892e-e7f8af7f4d2c	7	109813925	126405597	10019	0.0061
8afbffb8-9c8c-4d8e-892e-e7f8af7f4d2c	7	126405632	126406561	9	-1.1028
8afbffb8-9c8c-4d8e-892e-e7f8af7f4d2c	7	126406822	134100664	4698	0.0035
8afbffb8-9c8c-4d8e-892e-e7f8af7f4d2c	7	134100967	134113805	27	-0.2848
8afbffb8-9c8c-4d8e-892e-e7f8af7f4d2c	7	134114093	142070260	5196	0.0092
8afbffb8-9c8c-4d8e-892e-e7f8af7f4d2c	7	142070569	142090279	26	0.5154
8afbffb8-9c8c-4d8e-892e-e7f8af7f4d2c	7	142090383	143780181	924	0.0421
8afbffb8-9c8c-4d8e-892e-e7f8af7f4d2c	7	143790571	143848612	9	-0.5154
8afbffb8-9c8c-4d8e-892e-e7f8af7f4d2c	7	143849210	144012606	127	0.0483
8afbffb8-9c8c-4d8e-892e-e7f8af7f4d2c	7	144013003	144014356	11	0.5085
8afbffb8-9c8c-4d8e-892e-e7f8af7f4d2c	7	144015912	144264193	142	-0.0532
8afbffb8-9c8c-4d8e-892e-e7f8af7f4d2c	7	144295437	144336758	5	-1.1984
8afbffb8-9c8c-4d8e-892e-e7f8af7f4d2c	7	144343967	150092385	3570	0.0072
8afbffb8-9c8c-4d8e-892e-e7f8af7f4d2c	7	150097966	150128092	11	-0.5512
8afbffb8-9c8c-4d8e-892e-e7f8af7f4d2c	7	150130868	159209715	5964	0.0194
8afbffb8-9c8c-4d8e-892e-e7f8af7f4d2c	7	159214650	159324709	74	0.6531
8afbffb8-9c8c-4d8e-892e-e7f8af7f4d2c	7	159324804	159334314	16	-0.5443
8afbffb8-9c8c-4d8e-892e-e7f8af7f4d2c	8	81254	645790	329	0.0476
8afbffb8-9c8c-4d8e-892e-e7f8af7f4d2c	8	645875	645908	3	-1.0732
8afbffb8-9c8c-4d8e-892e-e7f8af7f4d2c	8	656117	3926665	3019	0.0273
8afbffb8-9c8c-4d8e-892e-e7f8af7f4d2c	8	3929538	3932584	24	-0.6745
8afbffb8-9c8c-4d8e-892e-e7f8af7f4d2c	8	3933696	4144670	320	0.006
8afbffb8-9c8c-4d8e-892e-e7f8af7f4d2c	8	4144685	4144794	3	-1.4522
8afbffb8-9c8c-4d8e-892e-e7f8af7f4d2c	8	4145131	5736400	2294	0.0148
8afbffb8-9c8c-4d8e-892e-e7f8af7f4d2c	8	5736417	5746973	31	-0.8425
8afbffb8-9c8c-4d8e-892e-e7f8af7f4d2c	8	5749566	6968330	1593	0.0327
8afbffb8-9c8c-4d8e-892e-e7f8af7f4d2c	8	6968741	6980411	14	-0.7954
8afbffb8-9c8c-4d8e-892e-e7f8af7f4d2c	8	6982183	7477487	125	-0.072
8afbffb8-9c8c-4d8e-892e-e7f8af7f4d2c	8	7513956	8132772	31	-0.7559
8afbffb8-9c8c-4d8e-892e-e7f8af7f4d2c	8	8139659	12092042	3218	0.0191
8afbffb8-9c8c-4d8e-892e-e7f8af7f4d2c	8	12130217	12143614	6	-0.8642
8afbffb8-9c8c-4d8e-892e-e7f8af7f4d2c	8	12176798	25114672	10430	-0.0017
8afbffb8-9c8c-4d8e-892e-e7f8af7f4d2c	8	25116928	25126818	27	0.8227
8afbffb8-9c8c-4d8e-892e-e7f8af7f4d2c	8	25133589	39372664	9002	0.0022
8afbffb8-9c8c-4d8e-892e-e7f8af7f4d2c	8	39372806	39529446	61	0.9141
8afbffb8-9c8c-4d8e-892e-e7f8af7f4d2c	8	39530780	40914477	1072	0.0034
8afbffb8-9c8c-4d8e-892e-e7f8af7f4d2c	8	40920333	40920952	2	-1.554
8afbffb8-9c8c-4d8e-892e-e7f8af7f4d2c	8	40926161	84345754	24764	0.0025
8afbffb8-9c8c-4d8e-892e-e7f8af7f4d2c	8	84350648	84356431	19	-0.9513
8afbffb8-9c8c-4d8e-892e-e7f8af7f4d2c	8	84358447	103678365	11535	0.0074
8afbffb8-9c8c-4d8e-892e-e7f8af7f4d2c	8	103678698	103678712	2	-1.7224
8afbffb8-9c8c-4d8e-892e-e7f8af7f4d2c	8	103681457	111282417	4557	0.0042
8afbffb8-9c8c-4d8e-892e-e7f8af7f4d2c	8	111282441	111283031	6	2.5602
8afbffb8-9c8c-4d8e-892e-e7f8af7f4d2c	8	111288052	114239516	1606	0.006
8afbffb8-9c8c-4d8e-892e-e7f8af7f4d2c	8	114241288	114853532	382	0.0945
8afbffb8-9c8c-4d8e-892e-e7f8af7f4d2c	8	114853580	141015051	19128	0.0034
8afbffb8-9c8c-4d8e-892e-e7f8af7f4d2c	8	141015545	141390000	215	0.1521
8afbffb8-9c8c-4d8e-892e-e7f8af7f4d2c	8	141390013	141564862	101	0.0385
8afbffb8-9c8c-4d8e-892e-e7f8af7f4d2c	8	141565045	141566354	3	-2.0546
8afbffb8-9c8c-4d8e-892e-e7f8af7f4d2c	8	141566973	145072769	1448	0.0619
8afbffb8-9c8c-4d8e-892e-e7f8af7f4d2c	9	46587	6994399	6604	0.0198
8afbffb8-9c8c-4d8e-892e-e7f8af7f4d2c	9	6994513	6994542	2	-1.8015
8afbffb8-9c8c-4d8e-892e-e7f8af7f4d2c	9	6994684	8873659	1892	-0.0094
8afbffb8-9c8c-4d8e-892e-e7f8af7f4d2c	9	8873732	10583273	1661	0.0373
8afbffb8-9c8c-4d8e-892e-e7f8af7f4d2c	9	10585369	10585796	5	-0.7829
8afbffb8-9c8c-4d8e-892e-e7f8af7f4d2c	9	10585994	13053049	1872	0.0404
8afbffb8-9c8c-4d8e-892e-e7f8af7f4d2c	9	13053812	23361807	8364	0.0013
8afbffb8-9c8c-4d8e-892e-e7f8af7f4d2c	9	23363117	23373486	8	0.8461
8afbffb8-9c8c-4d8e-892e-e7f8af7f4d2c	9	23378490	33005743	7104	0.0104
8afbffb8-9c8c-4d8e-892e-e7f8af7f4d2c	9	33005759	33007261	4	-0.6716
8afbffb8-9c8c-4d8e-892e-e7f8af7f4d2c	9	33007469	33007570	2	1.9278
8afbffb8-9c8c-4d8e-892e-e7f8af7f4d2c	9	33008115	41451823	3695	0.0034
8afbffb8-9c8c-4d8e-892e-e7f8af7f4d2c	9	41451836	41451846	2	-1.503
8afbffb8-9c8c-4d8e-892e-e7f8af7f4d2c	9	41473331	41644288	22	-0.0906
8afbffb8-9c8c-4d8e-892e-e7f8af7f4d2c	9	41644336	41666811	5	-1.017
8afbffb8-9c8c-4d8e-892e-e7f8af7f4d2c	9	41703463	61405110	98	0.0075
8afbffb8-9c8c-4d8e-892e-e7f8af7f4d2c	9	61520021	61629689	28	0.8033
8afbffb8-9c8c-4d8e-892e-e7f8af7f4d2c	9	61633080	77155713	6675	0.0019
8afbffb8-9c8c-4d8e-892e-e7f8af7f4d2c	9	77155866	77171298	29	0.5973
8afbffb8-9c8c-4d8e-892e-e7f8af7f4d2c	9	77171325	93708429	11553	0.002
8afbffb8-9c8c-4d8e-892e-e7f8af7f4d2c	9	93708675	93711682	3	-1.3202
8afbffb8-9c8c-4d8e-892e-e7f8af7f4d2c	9	93714940	110262162	11772	0.0061
8afbffb8-9c8c-4d8e-892e-e7f8af7f4d2c	9	110262509	110265889	2	-3.3686
8afbffb8-9c8c-4d8e-892e-e7f8af7f4d2c	9	110270151	133061625	15576	-0.0029
8afbffb8-9c8c-4d8e-892e-e7f8af7f4d2c	9	133067827	133079784	8	0.7194
8afbffb8-9c8c-4d8e-892e-e7f8af7f4d2c	9	133081235	134997347	1051	-0.0013
8afbffb8-9c8c-4d8e-892e-e7f8af7f4d2c	9	135000513	135000642	2	-1.4606
8afbffb8-9c8c-4d8e-892e-e7f8af7f4d2c	9	135003242	135319522	239	0.0103
8afbffb8-9c8c-4d8e-892e-e7f8af7f4d2c	9	135322259	135328279	15	0.3806
8afbffb8-9c8c-4d8e-892e-e7f8af7f4d2c	9	135328288	137358495	687	0.0193
8afbffb8-9c8c-4d8e-892e-e7f8af7f4d2c	9	137361190	137361266	2	-1.9302
8afbffb8-9c8c-4d8e-892e-e7f8af7f4d2c	9	137361381	138200944	406	0.0277
8afbffb8-9c8c-4d8e-892e-e7f8af7f4d2c	10	45792	13014263	10915	0.0023
8afbffb8-9c8c-4d8e-892e-e7f8af7f4d2c	10	13014550	13016840	25	-0.9459
8afbffb8-9c8c-4d8e-892e-e7f8af7f4d2c	10	13022223	30957581	13242	-0.0032
8afbffb8-9c8c-4d8e-892e-e7f8af7f4d2c	10	30962405	30962850	11	0.5481
8afbffb8-9c8c-4d8e-892e-e7f8af7f4d2c	10	30962893	34643412	2482	-0.0087
8afbffb8-9c8c-4d8e-892e-e7f8af7f4d2c	10	34644136	34645990	2	-1.7743
8afbffb8-9c8c-4d8e-892e-e7f8af7f4d2c	10	34649343	34959440	206	-0.0157
8afbffb8-9c8c-4d8e-892e-e7f8af7f4d2c	10	34960886	34965192	4	-0.9566
8afbffb8-9c8c-4d8e-892e-e7f8af7f4d2c	10	34971581	45798061	4500	0.0134
8afbffb8-9c8c-4d8e-892e-e7f8af7f4d2c	10	45798171	45817039	2	-1.5741
8afbffb8-9c8c-4d8e-892e-e7f8af7f4d2c	10	45936113	46146453	60	0.1251
8afbffb8-9c8c-4d8e-892e-e7f8af7f4d2c	10	46154876	46446817	172	0.6317
8afbffb8-9c8c-4d8e-892e-e7f8af7f4d2c	10	46489651	46526061	14	-0.0138
8afbffb8-9c8c-4d8e-892e-e7f8af7f4d2c	10	46526086	46560437	26	0.4159
8afbffb8-9c8c-4d8e-892e-e7f8af7f4d2c	10	46560494	54920517	5332	0.0017
8afbffb8-9c8c-4d8e-892e-e7f8af7f4d2c	10	54923330	54932839	6	-1.1784
8afbffb8-9c8c-4d8e-892e-e7f8af7f4d2c	10	54935658	133654968	53525	0.0038
8afbffb8-9c8c-4d8e-892e-e7f8af7f4d2c	11	198510	4942202	2401	0.0181
8afbffb8-9c8c-4d8e-892e-e7f8af7f4d2c	11	4942320	4943195	8	0.6266
8afbffb8-9c8c-4d8e-892e-e7f8af7f4d2c	11	4945831	4946166	4	-0.3683
8afbffb8-9c8c-4d8e-892e-e7f8af7f4d2c	11	4946420	4954475	29	0.5843
8afbffb8-9c8c-4d8e-892e-e7f8af7f4d2c	11	4955027	5766175	784	-0.011
8afbffb8-9c8c-4d8e-892e-e7f8af7f4d2c	11	5766850	5787909	32	0.628
8afbffb8-9c8c-4d8e-892e-e7f8af7f4d2c	11	5788108	8936945	2290	0.0102
8afbffb8-9c8c-4d8e-892e-e7f8af7f4d2c	11	8937147	8943391	5	-1.3468
8afbffb8-9c8c-4d8e-892e-e7f8af7f4d2c	11	8943803	54924229	28634	0.0029
8afbffb8-9c8c-4d8e-892e-e7f8af7f4d2c	11	54933825	54934156	3	-2.2559
8afbffb8-9c8c-4d8e-892e-e7f8af7f4d2c	11	54940988	55608804	246	0.0929
8afbffb8-9c8c-4d8e-892e-e7f8af7f4d2c	11	55609022	55693207	53	0.6493
8afbffb8-9c8c-4d8e-892e-e7f8af7f4d2c	11	55693312	64825254	5114	0.0093
8afbffb8-9c8c-4d8e-892e-e7f8af7f4d2c	11	64825436	65894607	405	0.1509
8afbffb8-9c8c-4d8e-892e-e7f8af7f4d2c	11	65902628	80256469	7720	0.0007
8afbffb8-9c8c-4d8e-892e-e7f8af7f4d2c	11	80256504	80256520	2	-2.7885
8afbffb8-9c8c-4d8e-892e-e7f8af7f4d2c	11	80256642	89765194	6581	0.0033
8afbffb8-9c8c-4d8e-892e-e7f8af7f4d2c	11	89768798	89847184	11	0.497
8afbffb8-9c8c-4d8e-892e-e7f8af7f4d2c	11	89878176	101723653	8683	0.015
8afbffb8-9c8c-4d8e-892e-e7f8af7f4d2c	11	101727129	101727233	4	1.3207
8afbffb8-9c8c-4d8e-892e-e7f8af7f4d2c	11	101727481	134405559	23144	0.0005
8afbffb8-9c8c-4d8e-892e-e7f8af7f4d2c	11	134405706	135074876	543	0.0737
8afbffb8-9c8c-4d8e-892e-e7f8af7f4d2c	12	51460	9477960	6165	0.0096
8afbffb8-9c8c-4d8e-892e-e7f8af7f4d2c	12	9481274	9575696	24	1.0331
8afbffb8-9c8c-4d8e-892e-e7f8af7f4d2c	12	9582373	11039864	1018	0.0088
8afbffb8-9c8c-4d8e-892e-e7f8af7f4d2c	12	11043047	11115108	32	0.3695
8afbffb8-9c8c-4d8e-892e-e7f8af7f4d2c	12	11117645	17802670	4635	0.0051
8afbffb8-9c8c-4d8e-892e-e7f8af7f4d2c	12	17809250	17812131	9	0.579
8afbffb8-9c8c-4d8e-892e-e7f8af7f4d2c	12	17813475	30086381	8601	0
8afbffb8-9c8c-4d8e-892e-e7f8af7f4d2c	12	30086486	30090698	20	-0.7377
8afbffb8-9c8c-4d8e-892e-e7f8af7f4d2c	12	30090732	31753738	1238	-0.0031
8afbffb8-9c8c-4d8e-892e-e7f8af7f4d2c	12	31754340	31756974	4	-1.4242
8afbffb8-9c8c-4d8e-892e-e7f8af7f4d2c	12	31764286	31865190	73	0.0012
8afbffb8-9c8c-4d8e-892e-e7f8af7f4d2c	12	31866328	31900506	39	0.3239
8afbffb8-9c8c-4d8e-892e-e7f8af7f4d2c	12	31903208	34097761	1508	0.0101
8afbffb8-9c8c-4d8e-892e-e7f8af7f4d2c	12	34103774	34111154	9	-0.9572
8afbffb8-9c8c-4d8e-892e-e7f8af7f4d2c	12	34122447	86122076	29961	0.006
8afbffb8-9c8c-4d8e-892e-e7f8af7f4d2c	12	86122306	86122948	2	-1.6358
8afbffb8-9c8c-4d8e-892e-e7f8af7f4d2c	12	86124108	99397874	8690	0.0049
8afbffb8-9c8c-4d8e-892e-e7f8af7f4d2c	12	99397993	99404942	33	0.3564
8afbffb8-9c8c-4d8e-892e-e7f8af7f4d2c	12	99404956	131289421	21789	0.008
8afbffb8-9c8c-4d8e-892e-e7f8af7f4d2c	12	131290753	131329259	16	0.4251
8afbffb8-9c8c-4d8e-892e-e7f8af7f4d2c	12	131330274	131411405	64	-0.0186
8afbffb8-9c8c-4d8e-892e-e7f8af7f4d2c	12	131411632	131413523	7	0.5031
8afbffb8-9c8c-4d8e-892e-e7f8af7f4d2c	12	131415578	131596656	191	0.0138
8afbffb8-9c8c-4d8e-892e-e7f8af7f4d2c	12	131597059	131597454	3	-1.113
8afbffb8-9c8c-4d8e-892e-e7f8af7f4d2c	12	131597710	131636170	41	-0.0207
8afbffb8-9c8c-4d8e-892e-e7f8af7f4d2c	12	131648039	131648790	13	-1.8493
8afbffb8-9c8c-4d8e-892e-e7f8af7f4d2c	12	131657925	133201603	557	0.0738
8afbffb8-9c8c-4d8e-892e-e7f8af7f4d2c	13	18452809	23058865	2856	0.015
8afbffb8-9c8c-4d8e-892e-e7f8af7f4d2c	13	23058992	23059376	6	-0.9337
8afbffb8-9c8c-4d8e-892e-e7f8af7f4d2c	13	23064056	38478674	11302	0.0076
8afbffb8-9c8c-4d8e-892e-e7f8af7f4d2c	13	38483435	38483919	2	-2.2455
8afbffb8-9c8c-4d8e-892e-e7f8af7f4d2c	13	38490920	57176962	11807	0.0071
8afbffb8-9c8c-4d8e-892e-e7f8af7f4d2c	13	57184136	57192665	21	0.3838
8afbffb8-9c8c-4d8e-892e-e7f8af7f4d2c	13	57192687	114342922	38031	0.0102
8afbffb8-9c8c-4d8e-892e-e7f8af7f4d2c	14	18239283	18646056	16	0.0804
8afbffb8-9c8c-4d8e-892e-e7f8af7f4d2c	14	18656322	19215688	26	0.8846
8afbffb8-9c8c-4d8e-892e-e7f8af7f4d2c	14	19256296	19689684	22	0.259
8afbffb8-9c8c-4d8e-892e-e7f8af7f4d2c	14	19732024	19955213	103	1.3046
8afbffb8-9c8c-4d8e-892e-e7f8af7f4d2c	14	19956767	81497262	39239	0.0049
8afbffb8-9c8c-4d8e-892e-e7f8af7f4d2c	14	81500649	81810620	210	0.6267
8afbffb8-9c8c-4d8e-892e-e7f8af7f4d2c	14	81813648	106877229	15700	0.0014
8afbffb8-9c8c-4d8e-892e-e7f8af7f4d2c	15	19811075	20001686	45	-0.0158
8afbffb8-9c8c-4d8e-892e-e7f8af7f4d2c	15	20011702	20064520	9	0.4919
8afbffb8-9c8c-4d8e-892e-e7f8af7f4d2c	15	20187568	20235285	9	-0.0762
8afbffb8-9c8c-4d8e-892e-e7f8af7f4d2c	15	20240885	20376202	30	0.5329
8afbffb8-9c8c-4d8e-892e-e7f8af7f4d2c	15	20376309	20381704	12	-0.4178
8afbffb8-9c8c-4d8e-892e-e7f8af7f4d2c	15	20384774	20422239	25	0.578
8afbffb8-9c8c-4d8e-892e-e7f8af7f4d2c	15	20441322	20625279	7	-0.2784
8afbffb8-9c8c-4d8e-892e-e7f8af7f4d2c	15	20642631	22395047	71	0.7669
8afbffb8-9c8c-4d8e-892e-e7f8af7f4d2c	15	22413894	33981703	6977	0.0043
8afbffb8-9c8c-4d8e-892e-e7f8af7f4d2c	15	33983061	33985310	5	-1.4099
8afbffb8-9c8c-4d8e-892e-e7f8af7f4d2c	15	33987030	76599170	26684	-0.0072
8afbffb8-9c8c-4d8e-892e-e7f8af7f4d2c	15	76599286	76603434	20	-1.9523
8afbffb8-9c8c-4d8e-892e-e7f8af7f4d2c	15	76609838	83871965	4409	-0.0043
8afbffb8-9c8c-4d8e-892e-e7f8af7f4d2c	15	83871986	83874798	6	-2.6776
8afbffb8-9c8c-4d8e-892e-e7f8af7f4d2c	15	83878525	101928837	13179	0.0024
8afbffb8-9c8c-4d8e-892e-e7f8af7f4d2c	16	10777	602298	277	0.1406
8afbffb8-9c8c-4d8e-892e-e7f8af7f4d2c	16	602783	14877558	10818	0.0082
8afbffb8-9c8c-4d8e-892e-e7f8af7f4d2c	16	14879136	17501081	1233	0.0755
8afbffb8-9c8c-4d8e-892e-e7f8af7f4d2c	16	17504683	21336298	2033	0.0025
8afbffb8-9c8c-4d8e-892e-e7f8af7f4d2c	16	21336878	22725028	493	0.1158
8afbffb8-9c8c-4d8e-892e-e7f8af7f4d2c	16	22726765	28130047	3846	-0.0115
8afbffb8-9c8c-4d8e-892e-e7f8af7f4d2c	16	28131265	29643281	397	0.0426
8afbffb8-9c8c-4d8e-892e-e7f8af7f4d2c	16	29644772	29644788	2	-1.4145
8afbffb8-9c8c-4d8e-892e-e7f8af7f4d2c	16	29644889	46518705	1371	0.0638
8afbffb8-9c8c-4d8e-892e-e7f8af7f4d2c	16	46520511	55762682	6435	-0.0025
8afbffb8-9c8c-4d8e-892e-e7f8af7f4d2c	16	55764310	55764867	3	2.56
8afbffb8-9c8c-4d8e-892e-e7f8af7f4d2c	16	55770436	84440562	21009	0.004
8afbffb8-9c8c-4d8e-892e-e7f8af7f4d2c	16	84441429	84807277	351	0.1463
8afbffb8-9c8c-4d8e-892e-e7f8af7f4d2c	16	84807746	88450932	2844	0.0073
8afbffb8-9c8c-4d8e-892e-e7f8af7f4d2c	16	88450967	90096867	680	0.1585
8afbffb8-9c8c-4d8e-892e-e7f8af7f4d2c	17	150733	224636	40	-0.0698
8afbffb8-9c8c-4d8e-892e-e7f8af7f4d2c	17	224655	1277363	520	0.0945
8afbffb8-9c8c-4d8e-892e-e7f8af7f4d2c	17	1278022	18455635	10824	0.0063
8afbffb8-9c8c-4d8e-892e-e7f8af7f4d2c	17	18458372	18565883	25	0.5402
8afbffb8-9c8c-4d8e-892e-e7f8af7f4d2c	17	18571332	22596815	1418	0.0183
8afbffb8-9c8c-4d8e-892e-e7f8af7f4d2c	17	22597966	22600630	2	-1.4478
8afbffb8-9c8c-4d8e-892e-e7f8af7f4d2c	17	22602371	28452035	830	0.0079
8afbffb8-9c8c-4d8e-892e-e7f8af7f4d2c	17	28454323	28455301	2	-2.5636
8afbffb8-9c8c-4d8e-892e-e7f8af7f4d2c	17	28462253	30711143	963	-0.0001
8afbffb8-9c8c-4d8e-892e-e7f8af7f4d2c	17	30712572	30832902	41	0.2096
8afbffb8-9c8c-4d8e-892e-e7f8af7f4d2c	17	30833264	33441940	1531	-0.0029
8afbffb8-9c8c-4d8e-892e-e7f8af7f4d2c	17	33446435	33448805	5	-0.8347
8afbffb8-9c8c-4d8e-892e-e7f8af7f4d2c	17	33448843	33474065	37	-0.0627
8afbffb8-9c8c-4d8e-892e-e7f8af7f4d2c	17	33476374	33476697	3	-0.8158
8afbffb8-9c8c-4d8e-892e-e7f8af7f4d2c	17	33476934	33538834	58	0.0048
8afbffb8-9c8c-4d8e-892e-e7f8af7f4d2c	17	33539048	33540706	2	-2.0345
8afbffb8-9c8c-4d8e-892e-e7f8af7f4d2c	17	33540848	41273697	4500	0.0078
8afbffb8-9c8c-4d8e-892e-e7f8af7f4d2c	17	41273905	41274279	5	0.9581
8afbffb8-9c8c-4d8e-892e-e7f8af7f4d2c	17	41276472	46080121	2491	0.0169
8afbffb8-9c8c-4d8e-892e-e7f8af7f4d2c	17	46080231	46351954	132	0.4162
8afbffb8-9c8c-4d8e-892e-e7f8af7f4d2c	17	46446345	74398167	17165	-0.003
8afbffb8-9c8c-4d8e-892e-e7f8af7f4d2c	17	74399001	74684915	182	0.1346
8afbffb8-9c8c-4d8e-892e-e7f8af7f4d2c	17	74689025	80655063	3239	0.0081
8afbffb8-9c8c-4d8e-892e-e7f8af7f4d2c	17	80655993	80667490	5	-0.9646
8afbffb8-9c8c-4d8e-892e-e7f8af7f4d2c	17	80668820	81418592	320	0.0434
8afbffb8-9c8c-4d8e-892e-e7f8af7f4d2c	17	81418623	81418872	6	0.6728
8afbffb8-9c8c-4d8e-892e-e7f8af7f4d2c	17	81418886	82959812	557	0.0133
8afbffb8-9c8c-4d8e-892e-e7f8af7f4d2c	17	82962720	83091923	61	0.1842
8afbffb8-9c8c-4d8e-892e-e7f8af7f4d2c	18	48133	2588459	1841	0.0259
8afbffb8-9c8c-4d8e-892e-e7f8af7f4d2c	18	2589483	2743115	91	0.2031
8afbffb8-9c8c-4d8e-892e-e7f8af7f4d2c	18	2744612	40680470	20833	0.0025
8afbffb8-9c8c-4d8e-892e-e7f8af7f4d2c	18	40680484	40689848	19	-0.4987
8afbffb8-9c8c-4d8e-892e-e7f8af7f4d2c	18	40690108	42471713	1211	0.0023
8afbffb8-9c8c-4d8e-892e-e7f8af7f4d2c	18	42476604	42478430	26	-0.6034
8afbffb8-9c8c-4d8e-892e-e7f8af7f4d2c	18	42480972	58263318	10651	0.0027
8afbffb8-9c8c-4d8e-892e-e7f8af7f4d2c	18	58263630	58268730	22	-0.9232
8afbffb8-9c8c-4d8e-892e-e7f8af7f4d2c	18	58271707	66240197	5724	0.0093
8afbffb8-9c8c-4d8e-892e-e7f8af7f4d2c	18	66240359	66244124	8	-1.0864
8afbffb8-9c8c-4d8e-892e-e7f8af7f4d2c	18	66244352	69539991	2455	0.0183
8afbffb8-9c8c-4d8e-892e-e7f8af7f4d2c	18	69540616	69550035	8	-0.8495
8afbffb8-9c8c-4d8e-892e-e7f8af7f4d2c	18	69550306	78900693	7090	0.0133
8afbffb8-9c8c-4d8e-892e-e7f8af7f4d2c	18	78902714	78910843	8	-0.6152
8afbffb8-9c8c-4d8e-892e-e7f8af7f4d2c	18	78910898	80257174	698	0.0442
8afbffb8-9c8c-4d8e-892e-e7f8af7f4d2c	19	90910	20411500	8914	0.0185
8afbffb8-9c8c-4d8e-892e-e7f8af7f4d2c	19	20411869	20538428	71	-0.752
8afbffb8-9c8c-4d8e-892e-e7f8af7f4d2c	19	20538656	35358420	7702	0.0076
8afbffb8-9c8c-4d8e-892e-e7f8af7f4d2c	19	35364451	35379534	27	0.4142
8afbffb8-9c8c-4d8e-892e-e7f8af7f4d2c	19	35383481	43193181	3856	0.0133
8afbffb8-9c8c-4d8e-892e-e7f8af7f4d2c	19	43198881	43252085	22	-2.472
8afbffb8-9c8c-4d8e-892e-e7f8af7f4d2c	19	43262507	51628560	4143	0.0128
8afbffb8-9c8c-4d8e-892e-e7f8af7f4d2c	19	51639099	51644944	11	-0.6567
8afbffb8-9c8c-4d8e-892e-e7f8af7f4d2c	19	51651652	58586487	4336	0.0372
8afbffb8-9c8c-4d8e-892e-e7f8af7f4d2c	20	80664	1580353	1202	0.033
8afbffb8-9c8c-4d8e-892e-e7f8af7f4d2c	20	1580934	1601561	36	1.8437
8afbffb8-9c8c-4d8e-892e-e7f8af7f4d2c	20	1609611	14812166	9910	0.0043
8afbffb8-9c8c-4d8e-892e-e7f8af7f4d2c	20	14812188	14812192	2	-2.0669
8afbffb8-9c8c-4d8e-892e-e7f8af7f4d2c	20	14812769	14835816	34	0.1185
8afbffb8-9c8c-4d8e-892e-e7f8af7f4d2c	20	14836372	63598636	30837	0.0004
8afbffb8-9c8c-4d8e-892e-e7f8af7f4d2c	20	63598754	64324800	305	0.1415
8afbffb8-9c8c-4d8e-892e-e7f8af7f4d2c	21	10354168	10541081	34	0.0576
8afbffb8-9c8c-4d8e-892e-e7f8af7f4d2c	21	10544664	12996886	57	0.3301
8afbffb8-9c8c-4d8e-892e-e7f8af7f4d2c	21	13004391	22278814	6195	0.0106
8afbffb8-9c8c-4d8e-892e-e7f8af7f4d2c	21	22283580	22292338	9	-0.7501
8afbffb8-9c8c-4d8e-892e-e7f8af7f4d2c	21	22294679	24213071	1563	0.0186
8afbffb8-9c8c-4d8e-892e-e7f8af7f4d2c	21	24215936	24216026	3	-1.5377
8afbffb8-9c8c-4d8e-892e-e7f8af7f4d2c	21	24216643	36557014	8827	0.0043
8afbffb8-9c8c-4d8e-892e-e7f8af7f4d2c	21	36557831	36558060	2	-1.7557
8afbffb8-9c8c-4d8e-892e-e7f8af7f4d2c	21	36560880	38684499	1699	-0.0007
8afbffb8-9c8c-4d8e-892e-e7f8af7f4d2c	21	38685584	38685967	3	-1.2961
8afbffb8-9c8c-4d8e-892e-e7f8af7f4d2c	21	38687368	45429306	4714	0.0067
8afbffb8-9c8c-4d8e-892e-e7f8af7f4d2c	21	45435886	45539240	43	0.2504
8afbffb8-9c8c-4d8e-892e-e7f8af7f4d2c	21	45544464	45673302	78	0.0752
8afbffb8-9c8c-4d8e-892e-e7f8af7f4d2c	21	45674233	46271080	323	-0.0219
8afbffb8-9c8c-4d8e-892e-e7f8af7f4d2c	21	46272884	46677045	273	0.0851
8afbffb8-9c8c-4d8e-892e-e7f8af7f4d2c	22	15294547	15474116	8	0.1175
8afbffb8-9c8c-4d8e-892e-e7f8af7f4d2c	22	15479574	15737995	18	-0.4863
8afbffb8-9c8c-4d8e-892e-e7f8af7f4d2c	22	15738476	18142004	1080	0.0085
8afbffb8-9c8c-4d8e-892e-e7f8af7f4d2c	22	18143362	18146386	7	-0.8804
8afbffb8-9c8c-4d8e-892e-e7f8af7f4d2c	22	18147293	18783014	20	0.0157
8afbffb8-9c8c-4d8e-892e-e7f8af7f4d2c	22	18818348	22114208	1981	0.1051
8afbffb8-9c8c-4d8e-892e-e7f8af7f4d2c	22	22119549	22120255	6	-0.8086
8afbffb8-9c8c-4d8e-892e-e7f8af7f4d2c	22	22127104	22398127	333	0.0669
8afbffb8-9c8c-4d8e-892e-e7f8af7f4d2c	22	22398345	22398545	4	1.094
8afbffb8-9c8c-4d8e-892e-e7f8af7f4d2c	22	22402989	24714909	1325	0.0581
8afbffb8-9c8c-4d8e-892e-e7f8af7f4d2c	22	24716358	36048140	8717	-0.0072
8afbffb8-9c8c-4d8e-892e-e7f8af7f4d2c	22	36048271	36476703	289	0.1032
8afbffb8-9c8c-4d8e-892e-e7f8af7f4d2c	22	36481192	38894915	1393	-0.0015
8afbffb8-9c8c-4d8e-892e-e7f8af7f4d2c	22	38899250	38900899	3	-3.052
8afbffb8-9c8c-4d8e-892e-e7f8af7f4d2c	22	38903109	42503434	1952	0.0048
8afbffb8-9c8c-4d8e-892e-e7f8af7f4d2c	22	42508600	42538456	20	0.6023
8afbffb8-9c8c-4d8e-892e-e7f8af7f4d2c	22	42546956	49346509	5340	0.003
8afbffb8-9c8c-4d8e-892e-e7f8af7f4d2c	22	49349482	49356408	2	-1.2601
8afbffb8-9c8c-4d8e-892e-e7f8af7f4d2c	22	49357190	49566581	191	0.0471
8afbffb8-9c8c-4d8e-892e-e7f8af7f4d2c	22	49567195	50796027	559	0.1148
8afbffb8-9c8c-4d8e-892e-e7f8af7f4d2c	X	251810	151045694	80904	0.0061
8afbffb8-9c8c-4d8e-892e-e7f8af7f4d2c	X	151046198	151046276	2	-5.3514
8afbffb8-9c8c-4d8e-892e-e7f8af7f4d2c	X	151046615	155952689	2421	0.0093
8afbffb8-9c8c-4d8e-892e-e7f8af7f4d2c	Y	2782397	56872112	6640	-0.9645
