GDC_Aliquot	Chromosome	Start	End	Num_Probes	Segment_Mean
5ac92f02-d9d6-4b89-bc87-764a0a9b1c10	1	62920	266187	17	-0.3496
5ac92f02-d9d6-4b89-bc87-764a0a9b1c10	1	462795	462894	2	2.5707
5ac92f02-d9d6-4b89-bc87-764a0a9b1c10	1	599171	25256800	13956	-0.1976
5ac92f02-d9d6-4b89-bc87-764a0a9b1c10	1	25256850	25320253	24	0.4765
5ac92f02-d9d6-4b89-bc87-764a0a9b1c10	1	25320455	72284670	28647	-0.1965
5ac92f02-d9d6-4b89-bc87-764a0a9b1c10	1	72290430	72297687	9	-2.2929
5ac92f02-d9d6-4b89-bc87-764a0a9b1c10	1	72302735	72345465	48	1.0608
5ac92f02-d9d6-4b89-bc87-764a0a9b1c10	1	72346221	105476583	20916	-0.1945
5ac92f02-d9d6-4b89-bc87-764a0a9b1c10	1	105476614	105479753	16	-2.1705
5ac92f02-d9d6-4b89-bc87-764a0a9b1c10	1	105481433	112147704	4588	-0.186
5ac92f02-d9d6-4b89-bc87-764a0a9b1c10	1	112153343	112163438	27	0.4704
5ac92f02-d9d6-4b89-bc87-764a0a9b1c10	1	112163440	143748012	5248	-0.1972
5ac92f02-d9d6-4b89-bc87-764a0a9b1c10	1	143748074	143760271	20	0.6457
5ac92f02-d9d6-4b89-bc87-764a0a9b1c10	1	143762042	152583051	2320	-0.1787
5ac92f02-d9d6-4b89-bc87-764a0a9b1c10	1	152583230	152613762	31	1.1792
5ac92f02-d9d6-4b89-bc87-764a0a9b1c10	1	152613802	153366548	665	-0.1586
5ac92f02-d9d6-4b89-bc87-764a0a9b1c10	1	153368173	153368348	2	2.6222
5ac92f02-d9d6-4b89-bc87-764a0a9b1c10	1	153371898	158989785	3202	-0.1618
5ac92f02-d9d6-4b89-bc87-764a0a9b1c10	1	158992249	158993006	2	-2.8753
5ac92f02-d9d6-4b89-bc87-764a0a9b1c10	1	158997074	174828195	11099	-0.195
5ac92f02-d9d6-4b89-bc87-764a0a9b1c10	1	174828247	174828310	2	1.8802
5ac92f02-d9d6-4b89-bc87-764a0a9b1c10	1	174828367	196740316	14620	-0.1925
5ac92f02-d9d6-4b89-bc87-764a0a9b1c10	1	196740630	196830375	59	0.368
5ac92f02-d9d6-4b89-bc87-764a0a9b1c10	1	196832298	231724138	23235	-0.1968
5ac92f02-d9d6-4b89-bc87-764a0a9b1c10	1	231727098	231727706	3	1.4177
5ac92f02-d9d6-4b89-bc87-764a0a9b1c10	1	231728256	235109835	2759	-0.2048
5ac92f02-d9d6-4b89-bc87-764a0a9b1c10	1	235109864	235136069	7	0.781
5ac92f02-d9d6-4b89-bc87-764a0a9b1c10	1	235136133	243143622	6009	-0.2243
5ac92f02-d9d6-4b89-bc87-764a0a9b1c10	1	243144364	243189078	15	0.7634
5ac92f02-d9d6-4b89-bc87-764a0a9b1c10	1	243190549	247775109	3066	-0.1817
5ac92f02-d9d6-4b89-bc87-764a0a9b1c10	1	247775446	247775555	2	2.3593
5ac92f02-d9d6-4b89-bc87-764a0a9b1c10	1	247775696	248930189	624	-0.1106
5ac92f02-d9d6-4b89-bc87-764a0a9b1c10	2	12784	7499242	5918	-0.2203
5ac92f02-d9d6-4b89-bc87-764a0a9b1c10	2	7502934	7506841	2	2.322
5ac92f02-d9d6-4b89-bc87-764a0a9b1c10	2	7506876	34476516	18111	-0.1922
5ac92f02-d9d6-4b89-bc87-764a0a9b1c10	2	34476558	34492416	22	-0.9874
5ac92f02-d9d6-4b89-bc87-764a0a9b1c10	2	34492601	34511990	21	-2.2382
5ac92f02-d9d6-4b89-bc87-764a0a9b1c10	2	34512096	40762124	4613	-0.1834
5ac92f02-d9d6-4b89-bc87-764a0a9b1c10	2	40763176	40764298	4	1.5583
5ac92f02-d9d6-4b89-bc87-764a0a9b1c10	2	40764666	52527330	8355	-0.1853
5ac92f02-d9d6-4b89-bc87-764a0a9b1c10	2	52527342	52554404	39	-1.6512
5ac92f02-d9d6-4b89-bc87-764a0a9b1c10	2	52560811	106266773	29363	-0.1872
5ac92f02-d9d6-4b89-bc87-764a0a9b1c10	2	106266875	106268523	5	-2.4251
5ac92f02-d9d6-4b89-bc87-764a0a9b1c10	2	106268557	128881337	13361	-0.1946
5ac92f02-d9d6-4b89-bc87-764a0a9b1c10	2	128881387	128882741	10	-2.0963
5ac92f02-d9d6-4b89-bc87-764a0a9b1c10	2	128882755	146107015	10402	-0.1876
5ac92f02-d9d6-4b89-bc87-764a0a9b1c10	2	146107511	146109366	19	0.6201
5ac92f02-d9d6-4b89-bc87-764a0a9b1c10	2	146120238	242147305	58932	-0.1839
5ac92f02-d9d6-4b89-bc87-764a0a9b1c10	3	20930	182919	154	-0.1633
5ac92f02-d9d6-4b89-bc87-764a0a9b1c10	3	188339	191117	4	-2.4779
5ac92f02-d9d6-4b89-bc87-764a0a9b1c10	3	193194	6609524	5647	-0.1891
5ac92f02-d9d6-4b89-bc87-764a0a9b1c10	3	6609550	6613684	24	0.483
5ac92f02-d9d6-4b89-bc87-764a0a9b1c10	3	6613728	10216895	2822	-0.2143
5ac92f02-d9d6-4b89-bc87-764a0a9b1c10	3	10217213	10254199	30	-0.6548
5ac92f02-d9d6-4b89-bc87-764a0a9b1c10	3	10257779	22520684	8315	-0.2001
5ac92f02-d9d6-4b89-bc87-764a0a9b1c10	3	22520746	22521081	3	1.5417
5ac92f02-d9d6-4b89-bc87-764a0a9b1c10	3	22521102	59853509	23352	-0.2015
5ac92f02-d9d6-4b89-bc87-764a0a9b1c10	3	59854142	59854269	2	-2.9787
5ac92f02-d9d6-4b89-bc87-764a0a9b1c10	3	59858999	60292333	550	-0.202
5ac92f02-d9d6-4b89-bc87-764a0a9b1c10	3	60292565	60294217	2	1.8339
5ac92f02-d9d6-4b89-bc87-764a0a9b1c10	3	60294526	60858970	608	-0.2103
5ac92f02-d9d6-4b89-bc87-764a0a9b1c10	3	60863732	60864509	2	1.8028
5ac92f02-d9d6-4b89-bc87-764a0a9b1c10	3	60864804	75519398	11108	-0.2209
5ac92f02-d9d6-4b89-bc87-764a0a9b1c10	3	75523398	75537654	6	-1.7504
5ac92f02-d9d6-4b89-bc87-764a0a9b1c10	3	75546030	89620865	7859	-0.1995
5ac92f02-d9d6-4b89-bc87-764a0a9b1c10	3	89622183	89622613	6	-2.205
5ac92f02-d9d6-4b89-bc87-764a0a9b1c10	3	89624679	89629449	3	-6.1935
5ac92f02-d9d6-4b89-bc87-764a0a9b1c10	3	89636157	99225614	3101	-0.2065
5ac92f02-d9d6-4b89-bc87-764a0a9b1c10	3	99225632	99230470	36	0.3368
5ac92f02-d9d6-4b89-bc87-764a0a9b1c10	3	99230577	104825814	3267	-0.1844
5ac92f02-d9d6-4b89-bc87-764a0a9b1c10	3	104826492	104830046	4	1.4861
5ac92f02-d9d6-4b89-bc87-764a0a9b1c10	3	104830124	112408270	4684	-0.2035
5ac92f02-d9d6-4b89-bc87-764a0a9b1c10	3	112411455	112411742	2	-2.1684
5ac92f02-d9d6-4b89-bc87-764a0a9b1c10	3	112411772	125112685	7898	-0.205
5ac92f02-d9d6-4b89-bc87-764a0a9b1c10	3	125115166	125115873	2	-2.1019
5ac92f02-d9d6-4b89-bc87-764a0a9b1c10	3	125117164	130044016	2796	-0.2091
5ac92f02-d9d6-4b89-bc87-764a0a9b1c10	3	130044855	130087393	38	0.4786
5ac92f02-d9d6-4b89-bc87-764a0a9b1c10	3	130088081	131987852	1163	-0.2039
5ac92f02-d9d6-4b89-bc87-764a0a9b1c10	3	131989313	131989627	2	-1.9406
5ac92f02-d9d6-4b89-bc87-764a0a9b1c10	3	131996155	133306023	949	-0.2095
5ac92f02-d9d6-4b89-bc87-764a0a9b1c10	3	133306038	133306053	2	2.1494
5ac92f02-d9d6-4b89-bc87-764a0a9b1c10	3	133306168	138059818	2792	-0.2212
5ac92f02-d9d6-4b89-bc87-764a0a9b1c10	3	138063647	138072001	13	-0.8286
5ac92f02-d9d6-4b89-bc87-764a0a9b1c10	3	138076605	139107050	473	-0.2363
5ac92f02-d9d6-4b89-bc87-764a0a9b1c10	3	139117001	139117425	2	-2.2219
5ac92f02-d9d6-4b89-bc87-764a0a9b1c10	3	139118854	140823697	1315	-0.2297
5ac92f02-d9d6-4b89-bc87-764a0a9b1c10	3	140826859	140828142	2	-2.4688
5ac92f02-d9d6-4b89-bc87-764a0a9b1c10	3	140841776	161384339	12556	-0.2005
5ac92f02-d9d6-4b89-bc87-764a0a9b1c10	3	161384931	161385073	2	-2.7324
5ac92f02-d9d6-4b89-bc87-764a0a9b1c10	3	161385196	161797809	268	-0.1821
5ac92f02-d9d6-4b89-bc87-764a0a9b1c10	3	161797839	161797861	2	1.9634
5ac92f02-d9d6-4b89-bc87-764a0a9b1c10	3	161798156	162795304	678	-0.1695
5ac92f02-d9d6-4b89-bc87-764a0a9b1c10	3	162795361	162898127	61	-1.1163
5ac92f02-d9d6-4b89-bc87-764a0a9b1c10	3	162906054	172555565	5726	-0.2116
5ac92f02-d9d6-4b89-bc87-764a0a9b1c10	3	172556726	172558106	4	-2.6339
5ac92f02-d9d6-4b89-bc87-764a0a9b1c10	3	172558964	193156958	13406	-0.2028
5ac92f02-d9d6-4b89-bc87-764a0a9b1c10	3	193160113	193165114	20	2.3421
5ac92f02-d9d6-4b89-bc87-764a0a9b1c10	3	193168646	198169247	2688	-0.2198
5ac92f02-d9d6-4b89-bc87-764a0a9b1c10	4	68929	10229874	5700	-0.2312
5ac92f02-d9d6-4b89-bc87-764a0a9b1c10	4	10232590	10232642	2	2.2482
5ac92f02-d9d6-4b89-bc87-764a0a9b1c10	4	10232984	27156338	12190	-0.2241
5ac92f02-d9d6-4b89-bc87-764a0a9b1c10	4	27158691	27159161	2	-2.6647
5ac92f02-d9d6-4b89-bc87-764a0a9b1c10	4	27159920	63280986	21006	-0.208
5ac92f02-d9d6-4b89-bc87-764a0a9b1c10	4	63281375	63286195	3	-3.5402
5ac92f02-d9d6-4b89-bc87-764a0a9b1c10	4	63288849	63827261	304	-0.2029
5ac92f02-d9d6-4b89-bc87-764a0a9b1c10	4	63828222	63850713	30	0.5344
5ac92f02-d9d6-4b89-bc87-764a0a9b1c10	4	63851308	68352181	2839	-0.2205
5ac92f02-d9d6-4b89-bc87-764a0a9b1c10	4	68352334	68620261	91	0.5155
5ac92f02-d9d6-4b89-bc87-764a0a9b1c10	4	68623617	69257792	314	-0.2014
5ac92f02-d9d6-4b89-bc87-764a0a9b1c10	4	69261926	69366081	54	-1.249
5ac92f02-d9d6-4b89-bc87-764a0a9b1c10	4	69366304	103294549	20607	-0.2066
5ac92f02-d9d6-4b89-bc87-764a0a9b1c10	4	103296943	103296945	3	1.7439
5ac92f02-d9d6-4b89-bc87-764a0a9b1c10	4	103298947	103824414	365	-0.2024
5ac92f02-d9d6-4b89-bc87-764a0a9b1c10	4	103830473	103830480	5	1.6703
5ac92f02-d9d6-4b89-bc87-764a0a9b1c10	4	103830487	103836687	6	0.3064
5ac92f02-d9d6-4b89-bc87-764a0a9b1c10	4	103836726	107145228	1852	-0.19
5ac92f02-d9d6-4b89-bc87-764a0a9b1c10	4	107145578	107147256	10	0.3835
5ac92f02-d9d6-4b89-bc87-764a0a9b1c10	4	107150362	107150471	3	2.009
5ac92f02-d9d6-4b89-bc87-764a0a9b1c10	4	107150731	107588998	308	-0.1982
5ac92f02-d9d6-4b89-bc87-764a0a9b1c10	4	107590598	107593342	3	-2.6683
5ac92f02-d9d6-4b89-bc87-764a0a9b1c10	4	107595118	114252544	4101	-0.2107
5ac92f02-d9d6-4b89-bc87-764a0a9b1c10	4	114254167	114263110	26	0.6764
5ac92f02-d9d6-4b89-bc87-764a0a9b1c10	4	114263154	160958989	27888	-0.2011
5ac92f02-d9d6-4b89-bc87-764a0a9b1c10	4	160959045	160963448	17	-1.5522
5ac92f02-d9d6-4b89-bc87-764a0a9b1c10	4	160963756	171448195	6650	-0.2083
5ac92f02-d9d6-4b89-bc87-764a0a9b1c10	4	171453733	171459220	13	1.3236
5ac92f02-d9d6-4b89-bc87-764a0a9b1c10	4	171459811	172068314	402	-0.2001
5ac92f02-d9d6-4b89-bc87-764a0a9b1c10	4	172068330	172068354	2	-2.4023
5ac92f02-d9d6-4b89-bc87-764a0a9b1c10	4	172068368	184129476	8044	-0.2086
5ac92f02-d9d6-4b89-bc87-764a0a9b1c10	4	184136420	184139569	3	1.7504
5ac92f02-d9d6-4b89-bc87-764a0a9b1c10	4	184142301	187740209	2546	-0.2373
5ac92f02-d9d6-4b89-bc87-764a0a9b1c10	4	187746438	188045675	170	0.5815
5ac92f02-d9d6-4b89-bc87-764a0a9b1c10	4	188047032	188706534	517	-0.2078
5ac92f02-d9d6-4b89-bc87-764a0a9b1c10	4	188707845	188811202	70	0.6387
5ac92f02-d9d6-4b89-bc87-764a0a9b1c10	4	188816526	190106768	712	-0.2483
5ac92f02-d9d6-4b89-bc87-764a0a9b1c10	5	15532	742574	324	0.4965
5ac92f02-d9d6-4b89-bc87-764a0a9b1c10	5	760901	1497135	364	0.4092
5ac92f02-d9d6-4b89-bc87-764a0a9b1c10	5	1498225	1504905	8	-0.4076
5ac92f02-d9d6-4b89-bc87-764a0a9b1c10	5	1507240	1657644	65	0.4293
5ac92f02-d9d6-4b89-bc87-764a0a9b1c10	5	1661621	21376735	14890	0.5387
5ac92f02-d9d6-4b89-bc87-764a0a9b1c10	5	21377730	21377744	2	2.4109
5ac92f02-d9d6-4b89-bc87-764a0a9b1c10	5	21385957	26523273	3002	0.5462
5ac92f02-d9d6-4b89-bc87-764a0a9b1c10	5	26523379	26523816	3	-0.8203
5ac92f02-d9d6-4b89-bc87-764a0a9b1c10	5	26530305	34700599	5242	0.545
5ac92f02-d9d6-4b89-bc87-764a0a9b1c10	5	34700960	34701084	2	-1.4601
5ac92f02-d9d6-4b89-bc87-764a0a9b1c10	5	34703258	177771448	86864	0.551
5ac92f02-d9d6-4b89-bc87-764a0a9b1c10	5	177800550	177805604	3	2.838
5ac92f02-d9d6-4b89-bc87-764a0a9b1c10	5	177827964	180951888	1797	0.5495
5ac92f02-d9d6-4b89-bc87-764a0a9b1c10	5	180953203	180991103	17	1.1514
5ac92f02-d9d6-4b89-bc87-764a0a9b1c10	5	181006225	181363319	170	0.4893
5ac92f02-d9d6-4b89-bc87-764a0a9b1c10	6	149661	32463515	22763	-0.2144
5ac92f02-d9d6-4b89-bc87-764a0a9b1c10	6	32463775	32606604	39	1.2644
5ac92f02-d9d6-4b89-bc87-764a0a9b1c10	6	32610305	33970966	821	-0.1786
5ac92f02-d9d6-4b89-bc87-764a0a9b1c10	6	33974234	33974928	6	-2.2591
5ac92f02-d9d6-4b89-bc87-764a0a9b1c10	6	33976809	34147331	115	-0.1285
5ac92f02-d9d6-4b89-bc87-764a0a9b1c10	6	34153512	34170312	10	0.5064
5ac92f02-d9d6-4b89-bc87-764a0a9b1c10	6	34170525	54066269	12725	-0.2053
5ac92f02-d9d6-4b89-bc87-764a0a9b1c10	6	54066286	54067057	8	1.201
5ac92f02-d9d6-4b89-bc87-764a0a9b1c10	6	54070550	66314441	5328	-0.2022
5ac92f02-d9d6-4b89-bc87-764a0a9b1c10	6	66315477	66334525	45	0.2183
5ac92f02-d9d6-4b89-bc87-764a0a9b1c10	6	66334573	78259348	7765	-0.201
5ac92f02-d9d6-4b89-bc87-764a0a9b1c10	6	78259388	78318053	105	0.2319
5ac92f02-d9d6-4b89-bc87-764a0a9b1c10	6	78322600	103286954	15459	-0.2097
5ac92f02-d9d6-4b89-bc87-764a0a9b1c10	6	103290101	103314186	46	0.5824
5ac92f02-d9d6-4b89-bc87-764a0a9b1c10	6	103317795	124110629	12663	-0.2106
5ac92f02-d9d6-4b89-bc87-764a0a9b1c10	6	124114796	124150388	22	0.6023
5ac92f02-d9d6-4b89-bc87-764a0a9b1c10	6	124152854	167963447	29541	-0.2054
5ac92f02-d9d6-4b89-bc87-764a0a9b1c10	6	167967760	170741917	1833	-0.2794
5ac92f02-d9d6-4b89-bc87-764a0a9b1c10	7	43355	8712213	5005	0.551
5ac92f02-d9d6-4b89-bc87-764a0a9b1c10	7	8713459	19447869	8810	0.5781
5ac92f02-d9d6-4b89-bc87-764a0a9b1c10	7	19449778	54305455	24636	0.5465
5ac92f02-d9d6-4b89-bc87-764a0a9b1c10	7	54318812	54318824	6	-1.8123
5ac92f02-d9d6-4b89-bc87-764a0a9b1c10	7	54325795	76751587	8325	0.4925
5ac92f02-d9d6-4b89-bc87-764a0a9b1c10	7	76754143	77093078	110	0.5992
5ac92f02-d9d6-4b89-bc87-764a0a9b1c10	7	77105116	77106361	2	2.326
5ac92f02-d9d6-4b89-bc87-764a0a9b1c10	7	77109303	91728554	9621	0.5601
5ac92f02-d9d6-4b89-bc87-764a0a9b1c10	7	91728979	91729639	6	1.6442
5ac92f02-d9d6-4b89-bc87-764a0a9b1c10	7	91729718	97756261	3738	0.5462
5ac92f02-d9d6-4b89-bc87-764a0a9b1c10	7	97756328	97766158	10	1.4411
5ac92f02-d9d6-4b89-bc87-764a0a9b1c10	7	97766159	97824375	54	0.5941
5ac92f02-d9d6-4b89-bc87-764a0a9b1c10	7	97825002	97980054	63	0.4023
5ac92f02-d9d6-4b89-bc87-764a0a9b1c10	7	97980107	97982029	2	1.7169
5ac92f02-d9d6-4b89-bc87-764a0a9b1c10	7	97982712	99033743	517	0.455
5ac92f02-d9d6-4b89-bc87-764a0a9b1c10	7	99034810	109793720	5971	0.5461
5ac92f02-d9d6-4b89-bc87-764a0a9b1c10	7	109793728	109797700	16	1.3813
5ac92f02-d9d6-4b89-bc87-764a0a9b1c10	7	109797715	109801155	10	0.3441
5ac92f02-d9d6-4b89-bc87-764a0a9b1c10	7	109801187	109813853	11	1.6914
5ac92f02-d9d6-4b89-bc87-764a0a9b1c10	7	109813925	126404920	10022	0.5563
5ac92f02-d9d6-4b89-bc87-764a0a9b1c10	7	126405428	126406561	12	-0.398
5ac92f02-d9d6-4b89-bc87-764a0a9b1c10	7	126406822	142544396	10295	0.5418
5ac92f02-d9d6-4b89-bc87-764a0a9b1c10	7	142554531	142754721	81	0.8653
5ac92f02-d9d6-4b89-bc87-764a0a9b1c10	7	142756299	159227465	10352	0.5376
5ac92f02-d9d6-4b89-bc87-764a0a9b1c10	7	159229659	159324709	70	0.964
5ac92f02-d9d6-4b89-bc87-764a0a9b1c10	7	159324804	159334314	16	-0.2783
5ac92f02-d9d6-4b89-bc87-764a0a9b1c10	8	81254	3929538	3351	0.5284
5ac92f02-d9d6-4b89-bc87-764a0a9b1c10	8	3929561	3932584	23	-0.2534
5ac92f02-d9d6-4b89-bc87-764a0a9b1c10	8	3933696	4145783	334	0.5394
5ac92f02-d9d6-4b89-bc87-764a0a9b1c10	8	4145941	4145956	2	-1.6548
5ac92f02-d9d6-4b89-bc87-764a0a9b1c10	8	4146039	4380721	542	0.5326
5ac92f02-d9d6-4b89-bc87-764a0a9b1c10	8	4381190	4397503	20	-0.26
5ac92f02-d9d6-4b89-bc87-764a0a9b1c10	8	4399677	5741242	1729	0.5456
5ac92f02-d9d6-4b89-bc87-764a0a9b1c10	8	5741248	5746464	20	-0.1225
5ac92f02-d9d6-4b89-bc87-764a0a9b1c10	8	5746485	6968014	1596	0.5507
5ac92f02-d9d6-4b89-bc87-764a0a9b1c10	8	6968154	6980411	17	-0.3403
5ac92f02-d9d6-4b89-bc87-764a0a9b1c10	8	6982183	7329110	91	0.4778
5ac92f02-d9d6-4b89-bc87-764a0a9b1c10	8	7329124	8237241	72	0.0127
5ac92f02-d9d6-4b89-bc87-764a0a9b1c10	8	8245003	12025748	3207	0.5261
5ac92f02-d9d6-4b89-bc87-764a0a9b1c10	8	12035719	12585546	59	0.1722
5ac92f02-d9d6-4b89-bc87-764a0a9b1c10	8	12616034	25114672	10385	0.5383
5ac92f02-d9d6-4b89-bc87-764a0a9b1c10	8	25116928	25126708	25	1.2476
5ac92f02-d9d6-4b89-bc87-764a0a9b1c10	8	25126735	39373140	9010	0.5286
5ac92f02-d9d6-4b89-bc87-764a0a9b1c10	8	39378084	39529446	59	1.3321
5ac92f02-d9d6-4b89-bc87-764a0a9b1c10	8	39530780	77542695	21910	0.5328
5ac92f02-d9d6-4b89-bc87-764a0a9b1c10	8	77542755	77542835	2	-1.1258
5ac92f02-d9d6-4b89-bc87-764a0a9b1c10	8	77543760	84345754	3939	0.5515
5ac92f02-d9d6-4b89-bc87-764a0a9b1c10	8	84350648	84358566	22	-0.3808
5ac92f02-d9d6-4b89-bc87-764a0a9b1c10	8	84358614	111282237	16093	0.5385
5ac92f02-d9d6-4b89-bc87-764a0a9b1c10	8	111282417	111282852	4	2.3455
5ac92f02-d9d6-4b89-bc87-764a0a9b1c10	8	111282973	111283031	3	5.3038
5ac92f02-d9d6-4b89-bc87-764a0a9b1c10	8	111288052	144090784	22512	0.5428
5ac92f02-d9d6-4b89-bc87-764a0a9b1c10	8	144091114	145072769	382	0.3999
5ac92f02-d9d6-4b89-bc87-764a0a9b1c10	9	46587	6655056	6323	-0.2004
5ac92f02-d9d6-4b89-bc87-764a0a9b1c10	9	6657192	6661406	2	2.5147
5ac92f02-d9d6-4b89-bc87-764a0a9b1c10	9	6661613	11695067	4678	-0.19
5ac92f02-d9d6-4b89-bc87-764a0a9b1c10	9	11695108	11695757	2	2.4635
5ac92f02-d9d6-4b89-bc87-764a0a9b1c10	9	11695785	42856247	20298	-0.2007
5ac92f02-d9d6-4b89-bc87-764a0a9b1c10	9	60863881	61692082	47	0.553
5ac92f02-d9d6-4b89-bc87-764a0a9b1c10	9	61692688	64587807	104	-0.1634
5ac92f02-d9d6-4b89-bc87-764a0a9b1c10	9	64603195	64877074	14	0.4717
5ac92f02-d9d6-4b89-bc87-764a0a9b1c10	9	64881149	70194046	1550	-0.2118
5ac92f02-d9d6-4b89-bc87-764a0a9b1c10	9	70196070	70197838	2	-2.4308
5ac92f02-d9d6-4b89-bc87-764a0a9b1c10	9	70198765	93707025	16563	-0.2156
5ac92f02-d9d6-4b89-bc87-764a0a9b1c10	9	93707815	93708675	3	-2.1401
5ac92f02-d9d6-4b89-bc87-764a0a9b1c10	9	93710664	102079870	5466	-0.2038
5ac92f02-d9d6-4b89-bc87-764a0a9b1c10	9	102079905	102176033	83	0.1079
5ac92f02-d9d6-4b89-bc87-764a0a9b1c10	9	102178679	103804216	1126	-0.1759
5ac92f02-d9d6-4b89-bc87-764a0a9b1c10	9	103806415	103807009	2	-2.3702
5ac92f02-d9d6-4b89-bc87-764a0a9b1c10	9	103808421	106913073	2277	-0.2053
5ac92f02-d9d6-4b89-bc87-764a0a9b1c10	9	106913992	106914149	2	-3.4723
5ac92f02-d9d6-4b89-bc87-764a0a9b1c10	9	106914612	110262162	2803	-0.2118
5ac92f02-d9d6-4b89-bc87-764a0a9b1c10	9	110262509	110265889	2	-2.5153
5ac92f02-d9d6-4b89-bc87-764a0a9b1c10	9	110270151	113993052	2651	-0.2111
5ac92f02-d9d6-4b89-bc87-764a0a9b1c10	9	113995190	113996031	3	-2.6427
5ac92f02-d9d6-4b89-bc87-764a0a9b1c10	9	113998162	116094241	1613	-0.1991
5ac92f02-d9d6-4b89-bc87-764a0a9b1c10	9	116094488	116097104	3	1.5075
5ac92f02-d9d6-4b89-bc87-764a0a9b1c10	9	116098328	131383392	10069	-0.1994
5ac92f02-d9d6-4b89-bc87-764a0a9b1c10	9	131385539	131390317	5	-2.3943
5ac92f02-d9d6-4b89-bc87-764a0a9b1c10	9	131396628	138200944	3609	-0.1933
5ac92f02-d9d6-4b89-bc87-764a0a9b1c10	10	45792	12121858	10162	-0.2085
5ac92f02-d9d6-4b89-bc87-764a0a9b1c10	10	12123998	12127513	2	2.4932
5ac92f02-d9d6-4b89-bc87-764a0a9b1c10	10	12134998	13014550	737	-0.2448
5ac92f02-d9d6-4b89-bc87-764a0a9b1c10	10	13014587	13016840	23	-3.0383
5ac92f02-d9d6-4b89-bc87-764a0a9b1c10	10	13022223	20551945	6020	-0.2141
5ac92f02-d9d6-4b89-bc87-764a0a9b1c10	10	20561183	20561184	2	1.9728
5ac92f02-d9d6-4b89-bc87-764a0a9b1c10	10	20564272	22793956	1332	-0.203
5ac92f02-d9d6-4b89-bc87-764a0a9b1c10	10	22797302	22798369	3	0.9382
5ac92f02-d9d6-4b89-bc87-764a0a9b1c10	10	22803128	24086334	857	-0.2161
5ac92f02-d9d6-4b89-bc87-764a0a9b1c10	10	24088745	24088989	8	-1.9183
5ac92f02-d9d6-4b89-bc87-764a0a9b1c10	10	24088991	45235197	11949	-0.2178
5ac92f02-d9d6-4b89-bc87-764a0a9b1c10	10	45235853	45236496	3	-2.1625
5ac92f02-d9d6-4b89-bc87-764a0a9b1c10	10	45238112	46522514	477	-0.1997
5ac92f02-d9d6-4b89-bc87-764a0a9b1c10	10	46522571	46526086	12	1.4987
5ac92f02-d9d6-4b89-bc87-764a0a9b1c10	10	46526248	55940457	6034	-0.1894
5ac92f02-d9d6-4b89-bc87-764a0a9b1c10	10	55943060	55945440	2	2.287
5ac92f02-d9d6-4b89-bc87-764a0a9b1c10	10	55950582	57443289	1110	-0.2067
5ac92f02-d9d6-4b89-bc87-764a0a9b1c10	10	57450745	57451013	4	-2.1746
5ac92f02-d9d6-4b89-bc87-764a0a9b1c10	10	57458735	105296521	31182	-0.2068
5ac92f02-d9d6-4b89-bc87-764a0a9b1c10	10	105297280	105299412	3	-2.646
5ac92f02-d9d6-4b89-bc87-764a0a9b1c10	10	105302718	133654968	20491	-0.2233
5ac92f02-d9d6-4b89-bc87-764a0a9b1c10	11	198510	4940683	2389	-0.1906
5ac92f02-d9d6-4b89-bc87-764a0a9b1c10	11	4940884	4954475	47	0.3329
5ac92f02-d9d6-4b89-bc87-764a0a9b1c10	11	4955027	5766175	783	-0.1759
5ac92f02-d9d6-4b89-bc87-764a0a9b1c10	11	5766850	5787818	31	0.4579
5ac92f02-d9d6-4b89-bc87-764a0a9b1c10	11	5787909	55592042	31102	-0.2162
5ac92f02-d9d6-4b89-bc87-764a0a9b1c10	11	55592077	55693207	67	0.3739
5ac92f02-d9d6-4b89-bc87-764a0a9b1c10	11	55693312	65922735	5524	-0.1962
5ac92f02-d9d6-4b89-bc87-764a0a9b1c10	11	65925289	65925596	3	-2.3988
5ac92f02-d9d6-4b89-bc87-764a0a9b1c10	11	65927337	80255788	7682	-0.2066
5ac92f02-d9d6-4b89-bc87-764a0a9b1c10	11	80256138	80256460	3	1.59
5ac92f02-d9d6-4b89-bc87-764a0a9b1c10	11	80256469	92097323	8022	-0.2113
5ac92f02-d9d6-4b89-bc87-764a0a9b1c10	11	92097492	92097877	2	2.0471
5ac92f02-d9d6-4b89-bc87-764a0a9b1c10	11	92099538	98429774	4604	-0.2063
5ac92f02-d9d6-4b89-bc87-764a0a9b1c10	11	98430004	98438078	2	1.645
5ac92f02-d9d6-4b89-bc87-764a0a9b1c10	11	98438573	99682796	955	-0.1975
5ac92f02-d9d6-4b89-bc87-764a0a9b1c10	11	99684082	99693939	9	0.5152
5ac92f02-d9d6-4b89-bc87-764a0a9b1c10	11	99694204	101723653	1673	-0.2122
5ac92f02-d9d6-4b89-bc87-764a0a9b1c10	11	101727129	101727233	4	1.1294
5ac92f02-d9d6-4b89-bc87-764a0a9b1c10	11	101727481	107910653	4183	-0.2127
5ac92f02-d9d6-4b89-bc87-764a0a9b1c10	11	107913781	107914372	2	-2.8062
5ac92f02-d9d6-4b89-bc87-764a0a9b1c10	11	107916987	131809011	16973	-0.2228
5ac92f02-d9d6-4b89-bc87-764a0a9b1c10	11	131811155	131811337	2	2.3745
5ac92f02-d9d6-4b89-bc87-764a0a9b1c10	11	131812326	135074876	2507	-0.2346
5ac92f02-d9d6-4b89-bc87-764a0a9b1c10	12	51460	9477960	6166	0.5358
5ac92f02-d9d6-4b89-bc87-764a0a9b1c10	12	9481274	9575696	24	1.3604
5ac92f02-d9d6-4b89-bc87-764a0a9b1c10	12	9582373	34097761	17180	0.5383
5ac92f02-d9d6-4b89-bc87-764a0a9b1c10	12	34103774	34122471	11	-0.4703
5ac92f02-d9d6-4b89-bc87-764a0a9b1c10	12	34122859	42850119	3391	0.5216
5ac92f02-d9d6-4b89-bc87-764a0a9b1c10	12	42854100	42855082	4	1.8505
5ac92f02-d9d6-4b89-bc87-764a0a9b1c10	12	42856554	43105734	182	0.5933
5ac92f02-d9d6-4b89-bc87-764a0a9b1c10	12	43109651	43110006	2	2.3264
5ac92f02-d9d6-4b89-bc87-764a0a9b1c10	12	43113208	99623994	35276	0.5363
5ac92f02-d9d6-4b89-bc87-764a0a9b1c10	12	99625470	99626255	3	2.2833
5ac92f02-d9d6-4b89-bc87-764a0a9b1c10	12	99626961	131648066	21975	0.5203
5ac92f02-d9d6-4b89-bc87-764a0a9b1c10	12	131648123	131648790	11	-1.1508
5ac92f02-d9d6-4b89-bc87-764a0a9b1c10	12	131657925	133201603	559	0.492
5ac92f02-d9d6-4b89-bc87-764a0a9b1c10	13	18452809	23058992	2857	-0.2305
5ac92f02-d9d6-4b89-bc87-764a0a9b1c10	13	23059009	23059376	5	-2.2358
5ac92f02-d9d6-4b89-bc87-764a0a9b1c10	13	23064056	50344529	19244	-0.2156
5ac92f02-d9d6-4b89-bc87-764a0a9b1c10	13	50344909	50345520	2	2.1427
5ac92f02-d9d6-4b89-bc87-764a0a9b1c10	13	50347810	50970918	435	-0.1944
5ac92f02-d9d6-4b89-bc87-764a0a9b1c10	13	50972775	50975062	2	2.2225
5ac92f02-d9d6-4b89-bc87-764a0a9b1c10	13	50975421	72230762	12704	-0.1962
5ac92f02-d9d6-4b89-bc87-764a0a9b1c10	13	72234344	72236198	3	-2.1763
5ac92f02-d9d6-4b89-bc87-764a0a9b1c10	13	72238924	91442720	12350	-0.2039
5ac92f02-d9d6-4b89-bc87-764a0a9b1c10	13	91442770	91445570	2	1.9632
5ac92f02-d9d6-4b89-bc87-764a0a9b1c10	13	91446823	105370372	10010	-0.2109
5ac92f02-d9d6-4b89-bc87-764a0a9b1c10	13	105370636	105374205	2	2.0482
5ac92f02-d9d6-4b89-bc87-764a0a9b1c10	13	105374508	105516602	124	-0.2003
5ac92f02-d9d6-4b89-bc87-764a0a9b1c10	13	105516750	105517653	3	1.3019
5ac92f02-d9d6-4b89-bc87-764a0a9b1c10	13	105517750	105720747	147	-0.2056
5ac92f02-d9d6-4b89-bc87-764a0a9b1c10	13	105723779	105725845	4	1.274
5ac92f02-d9d6-4b89-bc87-764a0a9b1c10	13	105727398	112995438	5519	-0.2264
5ac92f02-d9d6-4b89-bc87-764a0a9b1c10	13	112999532	113020262	5	-1.6499
5ac92f02-d9d6-4b89-bc87-764a0a9b1c10	13	113020421	114342922	566	-0.2362
5ac92f02-d9d6-4b89-bc87-764a0a9b1c10	14	18239283	18559274	10	0.2026
5ac92f02-d9d6-4b89-bc87-764a0a9b1c10	14	18605732	19675350	53	0.585
5ac92f02-d9d6-4b89-bc87-764a0a9b1c10	14	19689684	19955213	104	1.4182
5ac92f02-d9d6-4b89-bc87-764a0a9b1c10	14	19956767	22109826	1495	-0.1839
5ac92f02-d9d6-4b89-bc87-764a0a9b1c10	14	22111868	22501252	339	0.1242
5ac92f02-d9d6-4b89-bc87-764a0a9b1c10	14	22501272	31947229	5638	-0.199
5ac92f02-d9d6-4b89-bc87-764a0a9b1c10	14	31947298	31947499	2	-2.3082
5ac92f02-d9d6-4b89-bc87-764a0a9b1c10	14	31949544	36866383	3464	-0.2267
5ac92f02-d9d6-4b89-bc87-764a0a9b1c10	14	36866665	36867430	4	1.3866
5ac92f02-d9d6-4b89-bc87-764a0a9b1c10	14	36867767	41141293	2614	-0.1937
5ac92f02-d9d6-4b89-bc87-764a0a9b1c10	14	41141487	41160039	6	-1.495
5ac92f02-d9d6-4b89-bc87-764a0a9b1c10	14	41164182	41184774	6	-3.4606
5ac92f02-d9d6-4b89-bc87-764a0a9b1c10	14	41188046	106294689	41195	-0.2032
5ac92f02-d9d6-4b89-bc87-764a0a9b1c10	14	106297265	106297273	3	2.3183
5ac92f02-d9d6-4b89-bc87-764a0a9b1c10	14	106297409	106340774	17	0.0999
5ac92f02-d9d6-4b89-bc87-764a0a9b1c10	14	106345431	106365807	8	-1.8708
5ac92f02-d9d6-4b89-bc87-764a0a9b1c10	14	106369985	106877229	270	-0.2248
5ac92f02-d9d6-4b89-bc87-764a0a9b1c10	15	19811075	20026653	47	-0.1516
5ac92f02-d9d6-4b89-bc87-764a0a9b1c10	15	20041119	20187568	8	0.6573
5ac92f02-d9d6-4b89-bc87-764a0a9b1c10	15	20190276	20396553	58	0.2313
5ac92f02-d9d6-4b89-bc87-764a0a9b1c10	15	20396568	22455811	97	0.6786
5ac92f02-d9d6-4b89-bc87-764a0a9b1c10	15	22483983	33983061	6966	-0.2253
5ac92f02-d9d6-4b89-bc87-764a0a9b1c10	15	33983367	33984788	3	-2.3795
5ac92f02-d9d6-4b89-bc87-764a0a9b1c10	15	33985310	45087504	6565	-0.1868
5ac92f02-d9d6-4b89-bc87-764a0a9b1c10	15	45089203	45091422	3	1.4636
5ac92f02-d9d6-4b89-bc87-764a0a9b1c10	15	45091486	46587779	915	-0.2028
5ac92f02-d9d6-4b89-bc87-764a0a9b1c10	15	46588597	46592148	2	-1.6636
5ac92f02-d9d6-4b89-bc87-764a0a9b1c10	15	46592321	47226922	410	-0.1816
5ac92f02-d9d6-4b89-bc87-764a0a9b1c10	15	47227348	47227357	2	1.8747
5ac92f02-d9d6-4b89-bc87-764a0a9b1c10	15	47233464	76599170	18766	-0.1945
5ac92f02-d9d6-4b89-bc87-764a0a9b1c10	15	76599286	76603434	20	-1.6061
5ac92f02-d9d6-4b89-bc87-764a0a9b1c10	15	76609838	83871965	4408	-0.204
5ac92f02-d9d6-4b89-bc87-764a0a9b1c10	15	83871986	83874673	5	-2.3834
5ac92f02-d9d6-4b89-bc87-764a0a9b1c10	15	83874798	100463841	12079	-0.2096
5ac92f02-d9d6-4b89-bc87-764a0a9b1c10	15	100466195	100466389	2	2.4411
5ac92f02-d9d6-4b89-bc87-764a0a9b1c10	15	100466408	100482275	18	-0.058
5ac92f02-d9d6-4b89-bc87-764a0a9b1c10	15	100482488	100492025	9	0.6206
5ac92f02-d9d6-4b89-bc87-764a0a9b1c10	15	100494809	101107632	471	-0.2252
5ac92f02-d9d6-4b89-bc87-764a0a9b1c10	15	101108761	101145347	34	-0.5448
5ac92f02-d9d6-4b89-bc87-764a0a9b1c10	15	101148851	101150114	3	-2.6673
5ac92f02-d9d6-4b89-bc87-764a0a9b1c10	15	101151243	101928837	548	-0.2156
5ac92f02-d9d6-4b89-bc87-764a0a9b1c10	16	10777	55762682	26915	0.5166
5ac92f02-d9d6-4b89-bc87-764a0a9b1c10	16	55764310	55764867	3	3.1947
5ac92f02-d9d6-4b89-bc87-764a0a9b1c10	16	55770436	88323652	24161	0.5342
5ac92f02-d9d6-4b89-bc87-764a0a9b1c10	16	88326325	90096867	736	0.4312
5ac92f02-d9d6-4b89-bc87-764a0a9b1c10	17	150733	1146088	517	-0.3442
5ac92f02-d9d6-4b89-bc87-764a0a9b1c10	17	1149400	14261269	8375	-0.2049
5ac92f02-d9d6-4b89-bc87-764a0a9b1c10	17	14261498	14262806	3	-3.2102
5ac92f02-d9d6-4b89-bc87-764a0a9b1c10	17	14264492	41265456	11851	-0.1895
5ac92f02-d9d6-4b89-bc87-764a0a9b1c10	17	41266762	41274279	24	0.7529
5ac92f02-d9d6-4b89-bc87-764a0a9b1c10	17	41276472	46085732	2496	-0.1787
5ac92f02-d9d6-4b89-bc87-764a0a9b1c10	17	46088437	46284997	123	0.246
5ac92f02-d9d6-4b89-bc87-764a0a9b1c10	17	46286804	83091923	21506	-0.2024
5ac92f02-d9d6-4b89-bc87-764a0a9b1c10	18	48133	2023812	1431	-0.235
5ac92f02-d9d6-4b89-bc87-764a0a9b1c10	18	2027952	2030271	8	1.1621
5ac92f02-d9d6-4b89-bc87-764a0a9b1c10	18	2034525	40678132	21276	-0.2068
5ac92f02-d9d6-4b89-bc87-764a0a9b1c10	18	40678205	40678426	5	1.2275
5ac92f02-d9d6-4b89-bc87-764a0a9b1c10	18	40678439	42471713	1237	-0.2027
5ac92f02-d9d6-4b89-bc87-764a0a9b1c10	18	42476604	42477802	25	-0.9334
5ac92f02-d9d6-4b89-bc87-764a0a9b1c10	18	42478430	45220183	1707	-0.1982
5ac92f02-d9d6-4b89-bc87-764a0a9b1c10	18	45222045	45223744	4	-1.7894
5ac92f02-d9d6-4b89-bc87-764a0a9b1c10	18	45223864	69540616	17127	-0.2114
5ac92f02-d9d6-4b89-bc87-764a0a9b1c10	18	69541156	69550306	8	-4.4403
5ac92f02-d9d6-4b89-bc87-764a0a9b1c10	18	69550591	78900693	7079	-0.2117
5ac92f02-d9d6-4b89-bc87-764a0a9b1c10	18	78902714	78904863	4	-4.712
5ac92f02-d9d6-4b89-bc87-764a0a9b1c10	18	78906449	80257174	703	-0.2762
5ac92f02-d9d6-4b89-bc87-764a0a9b1c10	19	90910	1023868	203	-0.196
5ac92f02-d9d6-4b89-bc87-764a0a9b1c10	19	1025305	1310137	74	0.4887
5ac92f02-d9d6-4b89-bc87-764a0a9b1c10	19	1317804	24236573	10804	-0.1829
5ac92f02-d9d6-4b89-bc87-764a0a9b1c10	19	24237261	27682977	102	0.1108
5ac92f02-d9d6-4b89-bc87-764a0a9b1c10	19	27687746	29254095	1193	-0.2389
5ac92f02-d9d6-4b89-bc87-764a0a9b1c10	19	29259513	29260207	2	-2.017
5ac92f02-d9d6-4b89-bc87-764a0a9b1c10	19	29260700	32614998	2491	-0.2207
5ac92f02-d9d6-4b89-bc87-764a0a9b1c10	19	32615715	32615815	3	-2.2808
5ac92f02-d9d6-4b89-bc87-764a0a9b1c10	19	32615836	43208098	5660	-0.1813
5ac92f02-d9d6-4b89-bc87-764a0a9b1c10	19	43208446	43252085	19	-2.2135
5ac92f02-d9d6-4b89-bc87-764a0a9b1c10	19	43262507	51628560	4139	-0.1823
5ac92f02-d9d6-4b89-bc87-764a0a9b1c10	19	51639099	51644944	11	-2.0277
5ac92f02-d9d6-4b89-bc87-764a0a9b1c10	19	51651652	58586487	4320	-0.2265
5ac92f02-d9d6-4b89-bc87-764a0a9b1c10	20	80664	1580156	1200	0.5465
5ac92f02-d9d6-4b89-bc87-764a0a9b1c10	20	1580276	1601446	38	2.433
5ac92f02-d9d6-4b89-bc87-764a0a9b1c10	20	1601561	5531096	2860	0.5499
5ac92f02-d9d6-4b89-bc87-764a0a9b1c10	20	5532409	5532983	2	2.5663
5ac92f02-d9d6-4b89-bc87-764a0a9b1c10	20	5534275	14812166	7054	0.5309
5ac92f02-d9d6-4b89-bc87-764a0a9b1c10	20	14812188	14812192	2	-1.604
5ac92f02-d9d6-4b89-bc87-764a0a9b1c10	20	14812769	50792967	21300	0.5189
5ac92f02-d9d6-4b89-bc87-764a0a9b1c10	20	50797349	50882479	56	1.0225
5ac92f02-d9d6-4b89-bc87-764a0a9b1c10	20	50884357	63611648	9524	0.5347
5ac92f02-d9d6-4b89-bc87-764a0a9b1c10	20	63615188	64150343	201	0.3813
5ac92f02-d9d6-4b89-bc87-764a0a9b1c10	20	64153784	64324800	96	0.508
5ac92f02-d9d6-4b89-bc87-764a0a9b1c10	21	10354168	22278814	6281	-0.2006
5ac92f02-d9d6-4b89-bc87-764a0a9b1c10	21	22283580	22292338	9	-4.3272
5ac92f02-d9d6-4b89-bc87-764a0a9b1c10	21	22294679	45591428	16846	-0.2054
5ac92f02-d9d6-4b89-bc87-764a0a9b1c10	21	45592695	45595598	4	1.6691
5ac92f02-d9d6-4b89-bc87-764a0a9b1c10	21	45596923	46677045	646	-0.2245
5ac92f02-d9d6-4b89-bc87-764a0a9b1c10	22	15294547	18142004	1106	-0.2118
5ac92f02-d9d6-4b89-bc87-764a0a9b1c10	22	18143362	18146386	8	-4.4725
5ac92f02-d9d6-4b89-bc87-764a0a9b1c10	22	18147293	20809067	1308	-0.356
5ac92f02-d9d6-4b89-bc87-764a0a9b1c10	22	20809083	23981995	1958	-0.2212
5ac92f02-d9d6-4b89-bc87-764a0a9b1c10	22	23987520	23989773	3	-2.1671
5ac92f02-d9d6-4b89-bc87-764a0a9b1c10	22	23990431	25742441	1235	-0.2067
5ac92f02-d9d6-4b89-bc87-764a0a9b1c10	22	25742471	25742863	2	1.8415
5ac92f02-d9d6-4b89-bc87-764a0a9b1c10	22	25743126	29486497	3083	-0.2298
5ac92f02-d9d6-4b89-bc87-764a0a9b1c10	22	29486822	32534156	1771	-0.1755
5ac92f02-d9d6-4b89-bc87-764a0a9b1c10	22	32534277	33777419	1126	-0.2552
5ac92f02-d9d6-4b89-bc87-764a0a9b1c10	22	33778960	33778998	4	-1.5401
5ac92f02-d9d6-4b89-bc87-764a0a9b1c10	22	33785435	38899250	3540	-0.2161
5ac92f02-d9d6-4b89-bc87-764a0a9b1c10	22	38900535	38900899	2	-3.2579
5ac92f02-d9d6-4b89-bc87-764a0a9b1c10	22	38903109	42316462	1845	-0.1782
5ac92f02-d9d6-4b89-bc87-764a0a9b1c10	22	42321102	42322229	3	-2.4432
5ac92f02-d9d6-4b89-bc87-764a0a9b1c10	22	42327026	49146410	5238	-0.2117
5ac92f02-d9d6-4b89-bc87-764a0a9b1c10	22	49146485	50796027	952	-0.3315
5ac92f02-d9d6-4b89-bc87-764a0a9b1c10	X	251810	7641450	3742	-0.0278
5ac92f02-d9d6-4b89-bc87-764a0a9b1c10	X	7641953	7643017	2	3.3084
5ac92f02-d9d6-4b89-bc87-764a0a9b1c10	X	7643064	75441410	35104	-0.0042
5ac92f02-d9d6-4b89-bc87-764a0a9b1c10	X	75441592	93499844	9059	0.029
5ac92f02-d9d6-4b89-bc87-764a0a9b1c10	X	93502428	153330465	34553	-0.0054
5ac92f02-d9d6-4b89-bc87-764a0a9b1c10	X	153332640	153393000	34	0.6561
5ac92f02-d9d6-4b89-bc87-764a0a9b1c10	X	153404835	155952689	937	0.0183
5ac92f02-d9d6-4b89-bc87-764a0a9b1c10	Y	2782397	56872112	6635	-2.1354
