GDC_Aliquot	Chromosome	Start	End	Num_Probes	Segment_Mean
d8c006d9-07dd-4014-95be-9b6ed20eea23	1	62920	3320610	759	0.1506
d8c006d9-07dd-4014-95be-9b6ed20eea23	1	3320645	16891412	7925	0.0064
d8c006d9-07dd-4014-95be-9b6ed20eea23	1	16898475	16956580	47	0.394
d8c006d9-07dd-4014-95be-9b6ed20eea23	1	16958425	21983381	3318	0.0082
d8c006d9-07dd-4014-95be-9b6ed20eea23	1	21985415	22018600	12	0.602
d8c006d9-07dd-4014-95be-9b6ed20eea23	1	22019085	25256850	1898	0.0042
d8c006d9-07dd-4014-95be-9b6ed20eea23	1	25266637	25320455	24	0.6403
d8c006d9-07dd-4014-95be-9b6ed20eea23	1	25336819	34626073	4926	0.0108
d8c006d9-07dd-4014-95be-9b6ed20eea23	1	34637053	34638890	20	-0.6955
d8c006d9-07dd-4014-95be-9b6ed20eea23	1	34648667	72284670	23587	0.0024
d8c006d9-07dd-4014-95be-9b6ed20eea23	1	72290430	72297687	9	-1.0217
d8c006d9-07dd-4014-95be-9b6ed20eea23	1	72302735	99904217	17685	0.0023
d8c006d9-07dd-4014-95be-9b6ed20eea23	1	99906499	99906514	2	-1.9597
d8c006d9-07dd-4014-95be-9b6ed20eea23	1	99906686	109684695	5780	-0.0037
d8c006d9-07dd-4014-95be-9b6ed20eea23	1	109684893	109697556	13	1.1581
d8c006d9-07dd-4014-95be-9b6ed20eea23	1	109702376	112147704	1933	-0.0012
d8c006d9-07dd-4014-95be-9b6ed20eea23	1	112153343	112163334	26	-0.4178
d8c006d9-07dd-4014-95be-9b6ed20eea23	1	112163438	121601998	5127	0.0045
d8c006d9-07dd-4014-95be-9b6ed20eea23	1	121705338	143811517	122	-0.7919
d8c006d9-07dd-4014-95be-9b6ed20eea23	1	143890323	152583051	2297	0.0093
d8c006d9-07dd-4014-95be-9b6ed20eea23	1	152583230	152614118	35	1.3766
d8c006d9-07dd-4014-95be-9b6ed20eea23	1	152618018	158896783	3785	-0.0014
d8c006d9-07dd-4014-95be-9b6ed20eea23	1	158898711	158899969	2	1.6651
d8c006d9-07dd-4014-95be-9b6ed20eea23	1	158905028	169247699	7601	0.0086
d8c006d9-07dd-4014-95be-9b6ed20eea23	1	169264736	169272528	7	-2.5503
d8c006d9-07dd-4014-95be-9b6ed20eea23	1	169273163	174827267	3485	-0.0032
d8c006d9-07dd-4014-95be-9b6ed20eea23	1	174827418	174832702	16	-1.9317
d8c006d9-07dd-4014-95be-9b6ed20eea23	1	174832716	189679027	9833	0.0013
d8c006d9-07dd-4014-95be-9b6ed20eea23	1	189679353	189686972	5	-1.0021
d8c006d9-07dd-4014-95be-9b6ed20eea23	1	189687970	196745692	4694	-0.0083
d8c006d9-07dd-4014-95be-9b6ed20eea23	1	196745743	196832525	58	0.3968
d8c006d9-07dd-4014-95be-9b6ed20eea23	1	196832720	220767127	16194	-0.0008
d8c006d9-07dd-4014-95be-9b6ed20eea23	1	220767531	220768576	3	-2.156
d8c006d9-07dd-4014-95be-9b6ed20eea23	1	220770239	243690894	15981	0.0045
d8c006d9-07dd-4014-95be-9b6ed20eea23	1	243697622	243697759	5	-1.4478
d8c006d9-07dd-4014-95be-9b6ed20eea23	1	243699806	248930189	3333	0.0059
d8c006d9-07dd-4014-95be-9b6ed20eea23	2	12784	3197646	2236	0.0295
d8c006d9-07dd-4014-95be-9b6ed20eea23	2	3199226	3199974	2	1.6981
d8c006d9-07dd-4014-95be-9b6ed20eea23	2	3200081	4169315	740	0.0177
d8c006d9-07dd-4014-95be-9b6ed20eea23	2	4169594	4176135	33	0.3666
d8c006d9-07dd-4014-95be-9b6ed20eea23	2	4176243	29508299	17577	0.0095
d8c006d9-07dd-4014-95be-9b6ed20eea23	2	29508922	29510832	4	-1.4878
d8c006d9-07dd-4014-95be-9b6ed20eea23	2	29514472	34492401	3342	0.0111
d8c006d9-07dd-4014-95be-9b6ed20eea23	2	34492416	34511990	22	-0.5314
d8c006d9-07dd-4014-95be-9b6ed20eea23	2	34512096	46262656	8629	0.002
d8c006d9-07dd-4014-95be-9b6ed20eea23	2	46262993	46265133	3	-1.3816
d8c006d9-07dd-4014-95be-9b6ed20eea23	2	46265543	52527330	4259	-0.0015
d8c006d9-07dd-4014-95be-9b6ed20eea23	2	52527342	52538556	25	-0.9198
d8c006d9-07dd-4014-95be-9b6ed20eea23	2	52553699	52554236	8	-2.4341
d8c006d9-07dd-4014-95be-9b6ed20eea23	2	52554259	86710564	21758	0.0041
d8c006d9-07dd-4014-95be-9b6ed20eea23	2	86725947	86726731	2	-1.6939
d8c006d9-07dd-4014-95be-9b6ed20eea23	2	86743283	105529850	6823	0.0099
d8c006d9-07dd-4014-95be-9b6ed20eea23	2	105529918	105535647	2	-1.8135
d8c006d9-07dd-4014-95be-9b6ed20eea23	2	105535795	106258266	633	0.0175
d8c006d9-07dd-4014-95be-9b6ed20eea23	2	106263639	106270799	13	0.9096
d8c006d9-07dd-4014-95be-9b6ed20eea23	2	106270952	107824280	985	0.0016
d8c006d9-07dd-4014-95be-9b6ed20eea23	2	107830513	107864451	2	2.0136
d8c006d9-07dd-4014-95be-9b6ed20eea23	2	107875632	176394114	40964	0.0027
d8c006d9-07dd-4014-95be-9b6ed20eea23	2	176402448	176407805	2	2.4778
d8c006d9-07dd-4014-95be-9b6ed20eea23	2	176410410	179548644	2039	0.0199
d8c006d9-07dd-4014-95be-9b6ed20eea23	2	179553484	179557410	30	-0.9578
d8c006d9-07dd-4014-95be-9b6ed20eea23	2	179560916	207485467	16297	-0.0031
d8c006d9-07dd-4014-95be-9b6ed20eea23	2	207485523	207485538	2	-1.8452
d8c006d9-07dd-4014-95be-9b6ed20eea23	2	207485595	241840119	21817	0.0076
d8c006d9-07dd-4014-95be-9b6ed20eea23	2	241841181	242092368	105	-0.8466
d8c006d9-07dd-4014-95be-9b6ed20eea23	2	242095460	242147305	24	0.0549
d8c006d9-07dd-4014-95be-9b6ed20eea23	3	20930	1740119	1516	-0.0655
d8c006d9-07dd-4014-95be-9b6ed20eea23	3	1740840	1745897	6	-1.2994
d8c006d9-07dd-4014-95be-9b6ed20eea23	3	1747474	6275672	3961	-0.0145
d8c006d9-07dd-4014-95be-9b6ed20eea23	3	6277576	6290166	17	0.5349
d8c006d9-07dd-4014-95be-9b6ed20eea23	3	6292750	52988392	29918	-0.0041
d8c006d9-07dd-4014-95be-9b6ed20eea23	3	52988851	53005439	46	-0.6672
d8c006d9-07dd-4014-95be-9b6ed20eea23	3	53005473	68697013	11940	-0.0071
d8c006d9-07dd-4014-95be-9b6ed20eea23	3	68697108	68698262	14	1.3403
d8c006d9-07dd-4014-95be-9b6ed20eea23	3	68699607	143566923	42738	-0.0048
d8c006d9-07dd-4014-95be-9b6ed20eea23	3	143566958	143567132	4	1.5343
d8c006d9-07dd-4014-95be-9b6ed20eea23	3	143567959	162790404	11800	-0.0054
d8c006d9-07dd-4014-95be-9b6ed20eea23	3	162790480	162898127	65	-1.5644
d8c006d9-07dd-4014-95be-9b6ed20eea23	3	162906054	193160256	19027	-0.0038
d8c006d9-07dd-4014-95be-9b6ed20eea23	3	193160406	193165114	17	-1.1272
d8c006d9-07dd-4014-95be-9b6ed20eea23	3	193168646	198169247	2680	0.0091
d8c006d9-07dd-4014-95be-9b6ed20eea23	4	68929	10208766	5665	0.0063
d8c006d9-07dd-4014-95be-9b6ed20eea23	4	10221792	10229874	28	-1.9231
d8c006d9-07dd-4014-95be-9b6ed20eea23	4	10232590	10233644	7	-0.7643
d8c006d9-07dd-4014-95be-9b6ed20eea23	4	10234518	10389091	169	0.0166
d8c006d9-07dd-4014-95be-9b6ed20eea23	4	10390730	10398887	15	0.6025
d8c006d9-07dd-4014-95be-9b6ed20eea23	4	10399044	34784878	16657	-0.0041
d8c006d9-07dd-4014-95be-9b6ed20eea23	4	34785333	34822561	36	0.8092
d8c006d9-07dd-4014-95be-9b6ed20eea23	4	34823103	36008312	764	-0.0056
d8c006d9-07dd-4014-95be-9b6ed20eea23	4	36009771	36011231	3	-1.5028
d8c006d9-07dd-4014-95be-9b6ed20eea23	4	36011519	68395346	18519	-0.01
d8c006d9-07dd-4014-95be-9b6ed20eea23	4	68416487	68422422	4	-1.1672
d8c006d9-07dd-4014-95be-9b6ed20eea23	4	68422424	68472846	9	-0.1872
d8c006d9-07dd-4014-95be-9b6ed20eea23	4	68478894	68623617	69	-1.4208
d8c006d9-07dd-4014-95be-9b6ed20eea23	4	68639397	137171085	40605	-0.0073
d8c006d9-07dd-4014-95be-9b6ed20eea23	4	137171266	137171784	11	-1.0572
d8c006d9-07dd-4014-95be-9b6ed20eea23	4	137171910	154881396	10700	-0.0002
d8c006d9-07dd-4014-95be-9b6ed20eea23	4	154881853	154881905	2	-2.9226
d8c006d9-07dd-4014-95be-9b6ed20eea23	4	154881926	171448195	10506	-0.0094
d8c006d9-07dd-4014-95be-9b6ed20eea23	4	171453733	171456293	8	1.2197
d8c006d9-07dd-4014-95be-9b6ed20eea23	4	171456307	172066777	395	-0.0221
d8c006d9-07dd-4014-95be-9b6ed20eea23	4	172067997	172068382	12	-1.5154
d8c006d9-07dd-4014-95be-9b6ed20eea23	4	172074828	181198698	5825	-0.0132
d8c006d9-07dd-4014-95be-9b6ed20eea23	4	181198765	181202832	4	-1.7978
d8c006d9-07dd-4014-95be-9b6ed20eea23	4	181203286	190106768	6138	-0.0032
d8c006d9-07dd-4014-95be-9b6ed20eea23	5	15532	760901	324	0.0523
d8c006d9-07dd-4014-95be-9b6ed20eea23	5	760915	883719	42	0.5662
d8c006d9-07dd-4014-95be-9b6ed20eea23	5	884324	919382	16	-0.1355
d8c006d9-07dd-4014-95be-9b6ed20eea23	5	919405	1936939	570	0.0981
d8c006d9-07dd-4014-95be-9b6ed20eea23	5	1937749	5680920	3437	-0.0016
d8c006d9-07dd-4014-95be-9b6ed20eea23	5	5682419	5713974	30	0.7107
d8c006d9-07dd-4014-95be-9b6ed20eea23	5	5715019	99500868	54822	-0.0047
d8c006d9-07dd-4014-95be-9b6ed20eea23	5	99504170	99504922	2	-2.3767
d8c006d9-07dd-4014-95be-9b6ed20eea23	5	99508633	150822643	32401	-0.0055
d8c006d9-07dd-4014-95be-9b6ed20eea23	5	150825938	150839042	8	-1.0721
d8c006d9-07dd-4014-95be-9b6ed20eea23	5	150843825	156049910	3607	-0.003
d8c006d9-07dd-4014-95be-9b6ed20eea23	5	156049988	156055719	12	-0.8364
d8c006d9-07dd-4014-95be-9b6ed20eea23	5	156068240	180766779	16387	0.0025
d8c006d9-07dd-4014-95be-9b6ed20eea23	5	180767185	180768522	3	-1.7258
d8c006d9-07dd-4014-95be-9b6ed20eea23	5	180769816	181363319	286	0.0645
d8c006d9-07dd-4014-95be-9b6ed20eea23	6	149661	23742789	18074	0.0014
d8c006d9-07dd-4014-95be-9b6ed20eea23	6	23744444	23745202	2	-2.522
d8c006d9-07dd-4014-95be-9b6ed20eea23	6	23747504	29882497	3435	-0.0032
d8c006d9-07dd-4014-95be-9b6ed20eea23	6	29882589	29933799	18	-0.6817
d8c006d9-07dd-4014-95be-9b6ed20eea23	6	29940692	31313046	633	0.0093
d8c006d9-07dd-4014-95be-9b6ed20eea23	6	31318499	31328674	10	-1.7341
d8c006d9-07dd-4014-95be-9b6ed20eea23	6	31342147	32485152	492	0.0561
d8c006d9-07dd-4014-95be-9b6ed20eea23	6	32486498	32658841	61	1.1092
d8c006d9-07dd-4014-95be-9b6ed20eea23	6	32682835	32722250	44	0.084
d8c006d9-07dd-4014-95be-9b6ed20eea23	6	32723020	32723053	3	1.9063
d8c006d9-07dd-4014-95be-9b6ed20eea23	6	32732907	33970029	744	-0.0075
d8c006d9-07dd-4014-95be-9b6ed20eea23	6	33970222	33974834	7	-0.9089
d8c006d9-07dd-4014-95be-9b6ed20eea23	6	33974928	41218620	4763	0.0094
d8c006d9-07dd-4014-95be-9b6ed20eea23	6	41222106	41226885	3	-1.9809
d8c006d9-07dd-4014-95be-9b6ed20eea23	6	41227682	68976737	15230	-0.0131
d8c006d9-07dd-4014-95be-9b6ed20eea23	6	68977891	68981476	3	-1.8017
d8c006d9-07dd-4014-95be-9b6ed20eea23	6	68987514	76726815	4894	-0.0089
d8c006d9-07dd-4014-95be-9b6ed20eea23	6	76730151	76731778	8	0.9887
d8c006d9-07dd-4014-95be-9b6ed20eea23	6	76732919	78252864	978	-0.0192
d8c006d9-07dd-4014-95be-9b6ed20eea23	6	78252909	78325468	113	0.4013
d8c006d9-07dd-4014-95be-9b6ed20eea23	6	78329517	93759318	9819	-0.0024
d8c006d9-07dd-4014-95be-9b6ed20eea23	6	93760584	93942689	109	-0.1647
d8c006d9-07dd-4014-95be-9b6ed20eea23	6	93942822	93950332	4	1.1512
d8c006d9-07dd-4014-95be-9b6ed20eea23	6	93950729	95389491	673	-0.0879
d8c006d9-07dd-4014-95be-9b6ed20eea23	6	95390273	170741917	48566	-0.0014
d8c006d9-07dd-4014-95be-9b6ed20eea23	7	43355	1473591	422	0.1289
d8c006d9-07dd-4014-95be-9b6ed20eea23	7	1483213	22283924	15423	-0.0139
d8c006d9-07dd-4014-95be-9b6ed20eea23	7	22289718	22395161	81	0.1278
d8c006d9-07dd-4014-95be-9b6ed20eea23	7	22395853	22396868	2	-2.4302
d8c006d9-07dd-4014-95be-9b6ed20eea23	7	22399135	49121079	18444	0.0022
d8c006d9-07dd-4014-95be-9b6ed20eea23	7	49121270	49121473	2	-1.7746
d8c006d9-07dd-4014-95be-9b6ed20eea23	7	49123871	75721820	11749	0.0029
d8c006d9-07dd-4014-95be-9b6ed20eea23	7	75724865	75734920	8	0.9442
d8c006d9-07dd-4014-95be-9b6ed20eea23	7	75745339	85274641	6034	-0.0001
d8c006d9-07dd-4014-95be-9b6ed20eea23	7	85277161	85282038	4	-1.0961
d8c006d9-07dd-4014-95be-9b6ed20eea23	7	85282485	88566274	1808	0.0035
d8c006d9-07dd-4014-95be-9b6ed20eea23	7	88566450	89579887	698	-0.0908
d8c006d9-07dd-4014-95be-9b6ed20eea23	7	89580299	100727566	6477	0.0015
d8c006d9-07dd-4014-95be-9b6ed20eea23	7	100731621	100735219	3	-1.6237
d8c006d9-07dd-4014-95be-9b6ed20eea23	7	100753382	126405502	15276	-0.005
d8c006d9-07dd-4014-95be-9b6ed20eea23	7	126405597	126406822	11	-1.0849
d8c006d9-07dd-4014-95be-9b6ed20eea23	7	126406823	134100424	4668	0.0017
d8c006d9-07dd-4014-95be-9b6ed20eea23	7	134100442	134105690	24	0.9216
d8c006d9-07dd-4014-95be-9b6ed20eea23	7	134110881	142063324	5161	0.0034
d8c006d9-07dd-4014-95be-9b6ed20eea23	7	142069843	142070732	6	-1.6664
d8c006d9-07dd-4014-95be-9b6ed20eea23	7	142070827	142081713	4	-5.4149
d8c006d9-07dd-4014-95be-9b6ed20eea23	7	142081975	142092307	23	-2.1413
d8c006d9-07dd-4014-95be-9b6ed20eea23	7	142099190	144199159	1198	0.0031
d8c006d9-07dd-4014-95be-9b6ed20eea23	7	144207186	144378425	17	0.7073
d8c006d9-07dd-4014-95be-9b6ed20eea23	7	144378656	150588016	3799	0
d8c006d9-07dd-4014-95be-9b6ed20eea23	7	150588713	150604481	8	-1.3021
d8c006d9-07dd-4014-95be-9b6ed20eea23	7	150610834	153450553	1709	-0.0007
d8c006d9-07dd-4014-95be-9b6ed20eea23	7	153450560	153450627	2	-2.6437
d8c006d9-07dd-4014-95be-9b6ed20eea23	7	153450630	159334314	4064	0.0053
d8c006d9-07dd-4014-95be-9b6ed20eea23	8	81254	4145783	3669	0.0133
d8c006d9-07dd-4014-95be-9b6ed20eea23	8	4145941	4145956	2	-2.6236
d8c006d9-07dd-4014-95be-9b6ed20eea23	8	4146039	7124748	3966	-0.0111
d8c006d9-07dd-4014-95be-9b6ed20eea23	8	7125458	7141698	7	-1.3662
d8c006d9-07dd-4014-95be-9b6ed20eea23	8	7152073	7397588	36	-0.3487
d8c006d9-07dd-4014-95be-9b6ed20eea23	8	7414835	8007744	32	0.2773
d8c006d9-07dd-4014-95be-9b6ed20eea23	8	8078333	8245309	19	-0.5191
d8c006d9-07dd-4014-95be-9b6ed20eea23	8	8250244	14652059	5168	0.0106
d8c006d9-07dd-4014-95be-9b6ed20eea23	8	14652523	14652565	3	-1.7609
d8c006d9-07dd-4014-95be-9b6ed20eea23	8	14652887	15543415	762	-0.0174
d8c006d9-07dd-4014-95be-9b6ed20eea23	8	15543669	15555938	10	-1.2687
d8c006d9-07dd-4014-95be-9b6ed20eea23	8	15565761	15916786	361	-0.0257
d8c006d9-07dd-4014-95be-9b6ed20eea23	8	15916847	15930760	8	-1.1435
d8c006d9-07dd-4014-95be-9b6ed20eea23	8	15931492	111282852	57945	-0.0019
d8c006d9-07dd-4014-95be-9b6ed20eea23	8	111282973	111283031	3	-2.6759
d8c006d9-07dd-4014-95be-9b6ed20eea23	8	111288052	114622325	1808	-0.0106
d8c006d9-07dd-4014-95be-9b6ed20eea23	8	114622424	114626166	13	-1.0686
d8c006d9-07dd-4014-95be-9b6ed20eea23	8	114626238	114628759	9	-0.2001
d8c006d9-07dd-4014-95be-9b6ed20eea23	8	114628773	114629340	8	-0.9549
d8c006d9-07dd-4014-95be-9b6ed20eea23	8	114629356	131976820	11943	-0.0036
d8c006d9-07dd-4014-95be-9b6ed20eea23	8	131978838	131978878	2	-1.7873
d8c006d9-07dd-4014-95be-9b6ed20eea23	8	131982329	136669376	3828	0.004
d8c006d9-07dd-4014-95be-9b6ed20eea23	8	136670116	136850192	173	-1.0808
d8c006d9-07dd-4014-95be-9b6ed20eea23	8	136851164	141323295	3391	0.003
d8c006d9-07dd-4014-95be-9b6ed20eea23	8	141323326	142423108	630	0.1277
d8c006d9-07dd-4014-95be-9b6ed20eea23	8	142423309	145072769	942	0.0342
d8c006d9-07dd-4014-95be-9b6ed20eea23	9	46587	9155721	8670	0.0101
d8c006d9-07dd-4014-95be-9b6ed20eea23	9	9157088	14321080	4318	-0.0406
d8c006d9-07dd-4014-95be-9b6ed20eea23	9	14322269	61405110	18092	-0.0055
d8c006d9-07dd-4014-95be-9b6ed20eea23	9	61520021	61647899	30	-1.2847
d8c006d9-07dd-4014-95be-9b6ed20eea23	9	61665362	76527389	6095	0.0035
d8c006d9-07dd-4014-95be-9b6ed20eea23	9	76535422	76545547	14	-1.2627
d8c006d9-07dd-4014-95be-9b6ed20eea23	9	76548592	138200944	41621	0.0004
d8c006d9-07dd-4014-95be-9b6ed20eea23	10	45792	2910645	2300	0.0053
d8c006d9-07dd-4014-95be-9b6ed20eea23	10	2910855	2915989	2	1.6691
d8c006d9-07dd-4014-95be-9b6ed20eea23	10	2917539	4197915	1186	-0.0006
d8c006d9-07dd-4014-95be-9b6ed20eea23	10	4198530	4199380	4	-1.3914
d8c006d9-07dd-4014-95be-9b6ed20eea23	10	4201806	13007585	7318	-0.0008
d8c006d9-07dd-4014-95be-9b6ed20eea23	10	13007600	13008170	8	-0.927
d8c006d9-07dd-4014-95be-9b6ed20eea23	10	13008428	17885034	3914	-0.0067
d8c006d9-07dd-4014-95be-9b6ed20eea23	10	17896194	17910884	3	-1.4039
d8c006d9-07dd-4014-95be-9b6ed20eea23	10	17929793	24086334	4295	-0.0017
d8c006d9-07dd-4014-95be-9b6ed20eea23	10	24088745	24088992	10	0.6472
d8c006d9-07dd-4014-95be-9b6ed20eea23	10	24089125	26937875	1972	0.0005
d8c006d9-07dd-4014-95be-9b6ed20eea23	10	26938239	26941746	11	0.7495
d8c006d9-07dd-4014-95be-9b6ed20eea23	10	26941808	30957581	2999	0.0171
d8c006d9-07dd-4014-95be-9b6ed20eea23	10	30962405	30962809	10	-0.6698
d8c006d9-07dd-4014-95be-9b6ed20eea23	10	30962850	38462431	4741	0.0019
d8c006d9-07dd-4014-95be-9b6ed20eea23	10	38462598	38462993	2	-2.0665
d8c006d9-07dd-4014-95be-9b6ed20eea23	10	38466746	46618028	2699	0.0115
d8c006d9-07dd-4014-95be-9b6ed20eea23	10	46631433	46632302	2	-3.4477
d8c006d9-07dd-4014-95be-9b6ed20eea23	10	46657149	51333797	2485	0.0217
d8c006d9-07dd-4014-95be-9b6ed20eea23	10	51333994	51335359	3	-2.0581
d8c006d9-07dd-4014-95be-9b6ed20eea23	10	51338310	87310039	24470	-0.0006
d8c006d9-07dd-4014-95be-9b6ed20eea23	10	87310988	87353136	11	-0.8619
d8c006d9-07dd-4014-95be-9b6ed20eea23	10	87357543	89178916	1358	-0.0057
d8c006d9-07dd-4014-95be-9b6ed20eea23	10	89183210	89183902	6	-1.6117
d8c006d9-07dd-4014-95be-9b6ed20eea23	10	89183979	130305392	28049	0.0019
d8c006d9-07dd-4014-95be-9b6ed20eea23	10	130305718	131937085	1312	0.0616
d8c006d9-07dd-4014-95be-9b6ed20eea23	10	131940668	132471899	293	-0.0184
d8c006d9-07dd-4014-95be-9b6ed20eea23	10	132473426	132473842	2	-1.2234
d8c006d9-07dd-4014-95be-9b6ed20eea23	10	132477040	133654968	509	0.0328
d8c006d9-07dd-4014-95be-9b6ed20eea23	11	198510	1674786	522	0.0355
d8c006d9-07dd-4014-95be-9b6ed20eea23	11	1680825	1865838	60	0.3136
d8c006d9-07dd-4014-95be-9b6ed20eea23	11	1870675	21825348	14597	0.0019
d8c006d9-07dd-4014-95be-9b6ed20eea23	11	21825960	21827134	4	-1.436
d8c006d9-07dd-4014-95be-9b6ed20eea23	11	21827206	42940281	14569	-0.0044
d8c006d9-07dd-4014-95be-9b6ed20eea23	11	42948034	42949618	6	1.4165
d8c006d9-07dd-4014-95be-9b6ed20eea23	11	42955081	55609022	4440	-0.0056
d8c006d9-07dd-4014-95be-9b6ed20eea23	11	55609035	55674842	39	0.3879
d8c006d9-07dd-4014-95be-9b6ed20eea23	11	55676735	57661063	1277	-0.0099
d8c006d9-07dd-4014-95be-9b6ed20eea23	11	57663999	57664585	2	-1.6036
d8c006d9-07dd-4014-95be-9b6ed20eea23	11	57665582	64897000	3841	-0.0025
d8c006d9-07dd-4014-95be-9b6ed20eea23	11	64898471	64914855	4	-0.8372
d8c006d9-07dd-4014-95be-9b6ed20eea23	11	64917916	65911752	387	0.1522
d8c006d9-07dd-4014-95be-9b6ed20eea23	11	65916060	101723653	22839	-0.0033
d8c006d9-07dd-4014-95be-9b6ed20eea23	11	101727129	101727233	4	1.3782
d8c006d9-07dd-4014-95be-9b6ed20eea23	11	101727481	107368066	3763	0
d8c006d9-07dd-4014-95be-9b6ed20eea23	11	107368088	107368402	3	1.4905
d8c006d9-07dd-4014-95be-9b6ed20eea23	11	107381636	133904968	18907	0.006
d8c006d9-07dd-4014-95be-9b6ed20eea23	11	133907053	134643486	515	0.1043
d8c006d9-07dd-4014-95be-9b6ed20eea23	11	134646232	135074876	350	0.0308
d8c006d9-07dd-4014-95be-9b6ed20eea23	12	51460	224027	96	0.2192
d8c006d9-07dd-4014-95be-9b6ed20eea23	12	224079	4276438	2762	0.0171
d8c006d9-07dd-4014-95be-9b6ed20eea23	12	4276627	4279366	9	0.5918
d8c006d9-07dd-4014-95be-9b6ed20eea23	12	4279989	4280040	4	-1.4242
d8c006d9-07dd-4014-95be-9b6ed20eea23	12	4280183	11066824	4307	-0.0004
d8c006d9-07dd-4014-95be-9b6ed20eea23	12	11068125	11088933	10	0.7326
d8c006d9-07dd-4014-95be-9b6ed20eea23	12	11099275	30081111	13143	0.0037
d8c006d9-07dd-4014-95be-9b6ed20eea23	12	30082346	30090756	27	-0.7482
d8c006d9-07dd-4014-95be-9b6ed20eea23	12	30090789	32177481	1562	0.017
d8c006d9-07dd-4014-95be-9b6ed20eea23	12	32178261	32181558	3	-1.4387
d8c006d9-07dd-4014-95be-9b6ed20eea23	12	32183952	33141726	672	0.0055
d8c006d9-07dd-4014-95be-9b6ed20eea23	12	33148472	33155426	28	0.5639
d8c006d9-07dd-4014-95be-9b6ed20eea23	12	33155453	90089573	32554	-0.0016
d8c006d9-07dd-4014-95be-9b6ed20eea23	12	90097892	90099836	9	0.9097
d8c006d9-07dd-4014-95be-9b6ed20eea23	12	90099849	99398014	6399	0.005
d8c006d9-07dd-4014-95be-9b6ed20eea23	12	99398036	99404956	32	-0.615
d8c006d9-07dd-4014-95be-9b6ed20eea23	12	99409315	128746531	19513	0.0058
d8c006d9-07dd-4014-95be-9b6ed20eea23	12	128746768	128748000	4	-1.5468
d8c006d9-07dd-4014-95be-9b6ed20eea23	12	128749443	133201603	3035	0.0373
d8c006d9-07dd-4014-95be-9b6ed20eea23	13	18452809	23055038	2831	0.0193
d8c006d9-07dd-4014-95be-9b6ed20eea23	13	23055048	23059376	14	-0.7201
d8c006d9-07dd-4014-95be-9b6ed20eea23	13	23064056	37501767	10505	0.0073
d8c006d9-07dd-4014-95be-9b6ed20eea23	13	37501828	37514193	14	0.5811
d8c006d9-07dd-4014-95be-9b6ed20eea23	13	37514237	48957415	7960	0.0013
d8c006d9-07dd-4014-95be-9b6ed20eea23	13	48959579	48962368	2	-3.0781
d8c006d9-07dd-4014-95be-9b6ed20eea23	13	48963569	114342922	42218	-0.0063
d8c006d9-07dd-4014-95be-9b6ed20eea23	14	18239283	19689684	64	-0.0064
d8c006d9-07dd-4014-95be-9b6ed20eea23	14	19732024	19954424	100	-0.5522
d8c006d9-07dd-4014-95be-9b6ed20eea23	14	19955213	22107871	1489	0.002
d8c006d9-07dd-4014-95be-9b6ed20eea23	14	22108137	22501521	342	0.1817
d8c006d9-07dd-4014-95be-9b6ed20eea23	14	22501577	40139724	10906	-0.0001
d8c006d9-07dd-4014-95be-9b6ed20eea23	14	40144718	40147715	2	-1.7379
d8c006d9-07dd-4014-95be-9b6ed20eea23	14	40148961	69547262	18411	-0.0036
d8c006d9-07dd-4014-95be-9b6ed20eea23	14	69551330	69585707	20	0.5465
d8c006d9-07dd-4014-95be-9b6ed20eea23	14	69588829	73529070	2590	-0.0017
d8c006d9-07dd-4014-95be-9b6ed20eea23	14	73534419	73563196	10	1.1338
d8c006d9-07dd-4014-95be-9b6ed20eea23	14	73563211	106294689	20710	0.0006
d8c006d9-07dd-4014-95be-9b6ed20eea23	14	106297265	106297273	3	1.4148
d8c006d9-07dd-4014-95be-9b6ed20eea23	14	106297409	106345838	19	0.0704
d8c006d9-07dd-4014-95be-9b6ed20eea23	14	106346115	106365807	6	-1.4363
d8c006d9-07dd-4014-95be-9b6ed20eea23	14	106369985	106719325	197	-0.0084
d8c006d9-07dd-4014-95be-9b6ed20eea23	14	106769689	106770361	4	-1.6699
d8c006d9-07dd-4014-95be-9b6ed20eea23	14	106775945	106877229	68	0.0092
d8c006d9-07dd-4014-95be-9b6ed20eea23	15	19811075	20670989	151	0.0381
d8c006d9-07dd-4014-95be-9b6ed20eea23	15	20981071	22595648	66	0.4267
d8c006d9-07dd-4014-95be-9b6ed20eea23	15	22606745	24424598	975	0.0084
d8c006d9-07dd-4014-95be-9b6ed20eea23	15	24429604	24469692	30	-0.6039
d8c006d9-07dd-4014-95be-9b6ed20eea23	15	24469711	101928837	49922	0.0034
d8c006d9-07dd-4014-95be-9b6ed20eea23	16	10777	601407	272	0.1445
d8c006d9-07dd-4014-95be-9b6ed20eea23	16	601525	78338543	40682	0.0064
d8c006d9-07dd-4014-95be-9b6ed20eea23	16	78338714	78350868	16	0.9562
d8c006d9-07dd-4014-95be-9b6ed20eea23	16	78351104	88450102	9841	0.0161
d8c006d9-07dd-4014-95be-9b6ed20eea23	16	88450360	90096867	682	0.1357
d8c006d9-07dd-4014-95be-9b6ed20eea23	17	150733	1262192	554	0.112
d8c006d9-07dd-4014-95be-9b6ed20eea23	17	1276729	18414080	10754	0.0037
d8c006d9-07dd-4014-95be-9b6ed20eea23	17	18452078	18561272	26	0.7732
d8c006d9-07dd-4014-95be-9b6ed20eea23	17	18561907	22311652	1305	0.022
d8c006d9-07dd-4014-95be-9b6ed20eea23	17	22316315	22321736	6	-1.0001
d8c006d9-07dd-4014-95be-9b6ed20eea23	17	22322017	45352024	10146	0.003
d8c006d9-07dd-4014-95be-9b6ed20eea23	17	45353330	46080231	388	0.1382
d8c006d9-07dd-4014-95be-9b6ed20eea23	17	46084501	46130967	37	-0.0988
d8c006d9-07dd-4014-95be-9b6ed20eea23	17	46131308	46687628	100	-0.4317
d8c006d9-07dd-4014-95be-9b6ed20eea23	17	46707286	56080975	5766	-0.0043
d8c006d9-07dd-4014-95be-9b6ed20eea23	17	56081095	56095230	27	-1.0378
d8c006d9-07dd-4014-95be-9b6ed20eea23	17	56095462	74087757	11102	-0.0014
d8c006d9-07dd-4014-95be-9b6ed20eea23	17	74088126	74551978	259	0.1712
d8c006d9-07dd-4014-95be-9b6ed20eea23	17	74552708	83091923	4275	0.0177
d8c006d9-07dd-4014-95be-9b6ed20eea23	18	48133	4987699	3509	0.0068
d8c006d9-07dd-4014-95be-9b6ed20eea23	18	4989684	4990805	2	-1.8639
d8c006d9-07dd-4014-95be-9b6ed20eea23	18	5000111	53735600	27995	0.0004
d8c006d9-07dd-4014-95be-9b6ed20eea23	18	53735756	53740840	17	-0.5382
d8c006d9-07dd-4014-95be-9b6ed20eea23	18	53740980	80257174	18780	-0.0048
d8c006d9-07dd-4014-95be-9b6ed20eea23	19	90910	10598160	4037	0.007
d8c006d9-07dd-4014-95be-9b6ed20eea23	19	10606674	10607297	2	-1.7463
d8c006d9-07dd-4014-95be-9b6ed20eea23	19	10608806	12581187	984	0.0171
d8c006d9-07dd-4014-95be-9b6ed20eea23	19	12586552	12587288	2	1.9673
d8c006d9-07dd-4014-95be-9b6ed20eea23	19	12589709	28778774	6949	0.001
d8c006d9-07dd-4014-95be-9b6ed20eea23	19	28786301	28791302	3	-1.6043
d8c006d9-07dd-4014-95be-9b6ed20eea23	19	28791520	43170134	8519	-0.0007
d8c006d9-07dd-4014-95be-9b6ed20eea23	19	43181999	43236813	25	0.7624
d8c006d9-07dd-4014-95be-9b6ed20eea23	19	43249149	44398215	743	-0.004
d8c006d9-07dd-4014-95be-9b6ed20eea23	19	44401739	44402382	3	-1.7927
d8c006d9-07dd-4014-95be-9b6ed20eea23	19	44402845	58586487	7710	0.0136
d8c006d9-07dd-4014-95be-9b6ed20eea23	20	80664	63636974	41803	0.0082
d8c006d9-07dd-4014-95be-9b6ed20eea23	20	63639320	64324800	287	0.1676
d8c006d9-07dd-4014-95be-9b6ed20eea23	21	10354168	10578371	57	-0.4097
d8c006d9-07dd-4014-95be-9b6ed20eea23	21	10579237	46677045	23624	0.0028
d8c006d9-07dd-4014-95be-9b6ed20eea23	22	15294547	16841339	196	-0.096
d8c006d9-07dd-4014-95be-9b6ed20eea23	22	16842963	18032719	800	0.0326
d8c006d9-07dd-4014-95be-9b6ed20eea23	22	18033553	18190590	127	-0.0672
d8c006d9-07dd-4014-95be-9b6ed20eea23	22	18392404	21088994	1509	0.1178
d8c006d9-07dd-4014-95be-9b6ed20eea23	22	21089866	22397854	806	0.0474
d8c006d9-07dd-4014-95be-9b6ed20eea23	22	22398127	22398545	5	1.3419
d8c006d9-07dd-4014-95be-9b6ed20eea23	22	22402989	23815063	822	0.0521
d8c006d9-07dd-4014-95be-9b6ed20eea23	22	23820816	23823674	4	-1.7391
d8c006d9-07dd-4014-95be-9b6ed20eea23	22	23827520	23981995	104	0.0796
d8c006d9-07dd-4014-95be-9b6ed20eea23	22	23987520	23990739	5	1.6847
d8c006d9-07dd-4014-95be-9b6ed20eea23	22	23995113	24036936	29	0.1563
d8c006d9-07dd-4014-95be-9b6ed20eea23	22	24038846	25316206	803	-0.0099
d8c006d9-07dd-4014-95be-9b6ed20eea23	22	25316329	25509955	218	0.14
d8c006d9-07dd-4014-95be-9b6ed20eea23	22	25510247	33777419	6155	-0.0064
d8c006d9-07dd-4014-95be-9b6ed20eea23	22	33778960	33778998	4	-2.0645
d8c006d9-07dd-4014-95be-9b6ed20eea23	22	33785435	42501276	5484	0.0071
d8c006d9-07dd-4014-95be-9b6ed20eea23	22	42503434	42561815	28	0.6854
d8c006d9-07dd-4014-95be-9b6ed20eea23	22	42570422	48559872	4602	0.0005
d8c006d9-07dd-4014-95be-9b6ed20eea23	22	48561471	50796027	1464	0.0851
d8c006d9-07dd-4014-95be-9b6ed20eea23	X	251810	106261421	54476	-0.0007
d8c006d9-07dd-4014-95be-9b6ed20eea23	X	106279016	106307571	16	0.9345
d8c006d9-07dd-4014-95be-9b6ed20eea23	X	106314563	144422855	21684	-0.0002
d8c006d9-07dd-4014-95be-9b6ed20eea23	X	144477565	144572481	56	0.7069
d8c006d9-07dd-4014-95be-9b6ed20eea23	X	144575127	147097576	1778	-0.0068
d8c006d9-07dd-4014-95be-9b6ed20eea23	X	147098467	147103466	17	-0.7123
d8c006d9-07dd-4014-95be-9b6ed20eea23	X	147103488	155952689	4946	0.0193
d8c006d9-07dd-4014-95be-9b6ed20eea23	Y	2782397	6075631	717	-2.4887
d8c006d9-07dd-4014-95be-9b6ed20eea23	Y	6076562	8632342	1239	-2.9348
d8c006d9-07dd-4014-95be-9b6ed20eea23	Y	8632861	8654617	9	-5.3825
d8c006d9-07dd-4014-95be-9b6ed20eea23	Y	8654875	9330531	257	-3.0516
d8c006d9-07dd-4014-95be-9b6ed20eea23	Y	9332936	9550385	21	-5.0353
d8c006d9-07dd-4014-95be-9b6ed20eea23	Y	9550653	25169825	4212	-2.8852
d8c006d9-07dd-4014-95be-9b6ed20eea23	Y	25472063	56872112	178	-2.5907
