GDC_Aliquot	Chromosome	Start	End	Num_Probes	Segment_Mean
820a642e-893a-49ed-b73a-00bceaad9edd	1	62920	806913	28	0.1446
820a642e-893a-49ed-b73a-00bceaad9edd	1	810533	25256850	13968	-0.3971
820a642e-893a-49ed-b73a-00bceaad9edd	1	25266637	25320455	24	0.367
820a642e-893a-49ed-b73a-00bceaad9edd	1	25336819	40087661	7908	-0.3731
820a642e-893a-49ed-b73a-00bceaad9edd	1	40087772	53084515	7089	-0.3493
820a642e-893a-49ed-b73a-00bceaad9edd	1	53085621	53086208	2	-3.1439
820a642e-893a-49ed-b73a-00bceaad9edd	1	53088633	64961923	8904	-0.3415
820a642e-893a-49ed-b73a-00bceaad9edd	1	64963532	64964114	6	-1.5701
820a642e-893a-49ed-b73a-00bceaad9edd	1	64964291	72302815	4783	-0.3205
820a642e-893a-49ed-b73a-00bceaad9edd	1	72303233	72336821	31	-1.2135
820a642e-893a-49ed-b73a-00bceaad9edd	1	72338895	89009452	10940	-0.3218
820a642e-893a-49ed-b73a-00bceaad9edd	1	89009547	89012522	4	-2.0693
820a642e-893a-49ed-b73a-00bceaad9edd	1	89015841	105470754	9998	-0.3202
820a642e-893a-49ed-b73a-00bceaad9edd	1	105476583	105479738	16	0.368
820a642e-893a-49ed-b73a-00bceaad9edd	1	105479753	112147704	4595	-0.3191
820a642e-893a-49ed-b73a-00bceaad9edd	1	112153343	112154768	25	0.3044
820a642e-893a-49ed-b73a-00bceaad9edd	1	112163334	118674791	4135	-0.3361
820a642e-893a-49ed-b73a-00bceaad9edd	1	118674883	118675339	3	-1.9745
820a642e-893a-49ed-b73a-00bceaad9edd	1	118676830	152582700	3456	-0.3255
820a642e-893a-49ed-b73a-00bceaad9edd	1	152583051	152614118	36	0.7129
820a642e-893a-49ed-b73a-00bceaad9edd	1	152618018	169247699	11462	-0.3328
820a642e-893a-49ed-b73a-00bceaad9edd	1	169264736	169272528	7	-2.1335
820a642e-893a-49ed-b73a-00bceaad9edd	1	169273163	172430743	2175	-0.3205
820a642e-893a-49ed-b73a-00bceaad9edd	1	172439412	172440323	2	-1.9417
820a642e-893a-49ed-b73a-00bceaad9edd	1	172441694	173291093	539	-0.2739
820a642e-893a-49ed-b73a-00bceaad9edd	1	173296243	185343034	7903	-0.3437
820a642e-893a-49ed-b73a-00bceaad9edd	1	185344080	189679027	2796	-0.3159
820a642e-893a-49ed-b73a-00bceaad9edd	1	189679353	189679397	2	-1.8228
820a642e-893a-49ed-b73a-00bceaad9edd	1	189682917	196745743	4730	-0.2972
820a642e-893a-49ed-b73a-00bceaad9edd	1	196758720	196846661	61	-1.416
820a642e-893a-49ed-b73a-00bceaad9edd	1	196847600	199955268	1902	-0.2859
820a642e-893a-49ed-b73a-00bceaad9edd	1	199955678	202407067	1690	-0.3786
820a642e-893a-49ed-b73a-00bceaad9edd	1	202409128	202598425	87	-0.2877
820a642e-893a-49ed-b73a-00bceaad9edd	1	202598585	202598658	2	1.5184
820a642e-893a-49ed-b73a-00bceaad9edd	1	202599414	240228440	26205	-0.338
820a642e-893a-49ed-b73a-00bceaad9edd	1	240230715	240230824	5	-1.8036
820a642e-893a-49ed-b73a-00bceaad9edd	1	240230839	242819379	2014	-0.3644
820a642e-893a-49ed-b73a-00bceaad9edd	1	242825855	243860365	611	-0.2562
820a642e-893a-49ed-b73a-00bceaad9edd	1	243860966	245473108	1032	-0.3657
820a642e-893a-49ed-b73a-00bceaad9edd	1	245473737	245482979	9	-3.1825
820a642e-893a-49ed-b73a-00bceaad9edd	1	245483048	248930189	2186	-0.3218
820a642e-893a-49ed-b73a-00bceaad9edd	2	12784	668618	473	-0.3099
820a642e-893a-49ed-b73a-00bceaad9edd	2	668685	3663636	2075	-0.3747
820a642e-893a-49ed-b73a-00bceaad9edd	2	3664382	19477987	12148	-0.3083
820a642e-893a-49ed-b73a-00bceaad9edd	2	19480177	19487063	10	-1.3027
820a642e-893a-49ed-b73a-00bceaad9edd	2	19487129	24376380	3199	-0.3179
820a642e-893a-49ed-b73a-00bceaad9edd	2	24378642	24384085	5	-0.9211
820a642e-893a-49ed-b73a-00bceaad9edd	2	24384113	24388259	14	-1.8158
820a642e-893a-49ed-b73a-00bceaad9edd	2	24388858	34466002	6131	-0.3142
820a642e-893a-49ed-b73a-00bceaad9edd	2	34474248	34511446	45	0.186
820a642e-893a-49ed-b73a-00bceaad9edd	2	34511990	106265177	42411	-0.3043
820a642e-893a-49ed-b73a-00bceaad9edd	2	106266773	106268378	5	-2.8549
820a642e-893a-49ed-b73a-00bceaad9edd	2	106268523	146107526	23801	-0.2997
820a642e-893a-49ed-b73a-00bceaad9edd	2	146107615	146109366	17	-1.8451
820a642e-893a-49ed-b73a-00bceaad9edd	2	146120238	206705079	36397	-0.2771
820a642e-893a-49ed-b73a-00bceaad9edd	2	206705398	206709843	2	-2.8293
820a642e-893a-49ed-b73a-00bceaad9edd	2	206710220	215919106	5923	-0.2735
820a642e-893a-49ed-b73a-00bceaad9edd	2	215919385	220098213	2600	-0.3293
820a642e-893a-49ed-b73a-00bceaad9edd	2	220098265	227624978	5062	-0.2926
820a642e-893a-49ed-b73a-00bceaad9edd	2	227625047	242147305	9013	-0.3298
820a642e-893a-49ed-b73a-00bceaad9edd	3	20930	6604856	5811	-0.3016
820a642e-893a-49ed-b73a-00bceaad9edd	3	6609441	6611645	23	-2.0293
820a642e-893a-49ed-b73a-00bceaad9edd	3	6613391	15615125	6641	-0.3569
820a642e-893a-49ed-b73a-00bceaad9edd	3	15615340	46818342	20705	-0.3207
820a642e-893a-49ed-b73a-00bceaad9edd	3	46827338	59018545	6533	-0.3645
820a642e-893a-49ed-b73a-00bceaad9edd	3	59018837	61301096	2249	-0.2923
820a642e-893a-49ed-b73a-00bceaad9edd	3	61301466	65767501	3785	-0.3469
820a642e-893a-49ed-b73a-00bceaad9edd	3	65767739	65767800	2	-2.8946
820a642e-893a-49ed-b73a-00bceaad9edd	3	65769108	68697013	1977	-0.3275
820a642e-893a-49ed-b73a-00bceaad9edd	3	68697108	68698262	14	-1.2654
820a642e-893a-49ed-b73a-00bceaad9edd	3	68699607	75496671	4911	-0.3303
820a642e-893a-49ed-b73a-00bceaad9edd	3	75497579	75537654	15	0.2823
820a642e-893a-49ed-b73a-00bceaad9edd	3	75546030	82059630	3669	-0.3424
820a642e-893a-49ed-b73a-00bceaad9edd	3	82062201	82064038	3	-2.0008
820a642e-893a-49ed-b73a-00bceaad9edd	3	82064741	89355950	4025	-0.3136
820a642e-893a-49ed-b73a-00bceaad9edd	3	89355952	89355967	3	1.125
820a642e-893a-49ed-b73a-00bceaad9edd	3	89356604	103248705	5537	-0.3121
820a642e-893a-49ed-b73a-00bceaad9edd	3	103248960	103250477	2	-3.5345
820a642e-893a-49ed-b73a-00bceaad9edd	3	103253860	103271406	16	-0.4257
820a642e-893a-49ed-b73a-00bceaad9edd	3	103272420	103273767	2	-2.5589
820a642e-893a-49ed-b73a-00bceaad9edd	3	103273801	121162242	11184	-0.3042
820a642e-893a-49ed-b73a-00bceaad9edd	3	121165011	125950205	2855	-0.3398
820a642e-893a-49ed-b73a-00bceaad9edd	3	125954540	125957120	3	-1.7787
820a642e-893a-49ed-b73a-00bceaad9edd	3	125961657	130044016	2377	-0.3638
820a642e-893a-49ed-b73a-00bceaad9edd	3	130044855	130089968	42	0.2945
820a642e-893a-49ed-b73a-00bceaad9edd	3	130092370	160803270	18947	-0.321
820a642e-893a-49ed-b73a-00bceaad9edd	3	160804828	160814276	5	-1.939
820a642e-893a-49ed-b73a-00bceaad9edd	3	160816437	162822221	1292	-0.3169
820a642e-893a-49ed-b73a-00bceaad9edd	3	162822685	162822702	2	-2.1325
820a642e-893a-49ed-b73a-00bceaad9edd	3	162827928	162908192	47	0.037
820a642e-893a-49ed-b73a-00bceaad9edd	3	162908207	162908815	3	-2.0604
820a642e-893a-49ed-b73a-00bceaad9edd	3	162910826	162996729	70	-0.3342
820a642e-893a-49ed-b73a-00bceaad9edd	3	162999939	163001774	2	-1.8316
820a642e-893a-49ed-b73a-00bceaad9edd	3	163008371	163935640	503	-0.3285
820a642e-893a-49ed-b73a-00bceaad9edd	3	163941155	163944636	11	0.3205
820a642e-893a-49ed-b73a-00bceaad9edd	3	163944933	165877045	1122	-0.3111
820a642e-893a-49ed-b73a-00bceaad9edd	3	165877075	165879465	2	-2.2283
820a642e-893a-49ed-b73a-00bceaad9edd	3	165879631	180755037	9276	-0.316
820a642e-893a-49ed-b73a-00bceaad9edd	3	180758495	180759715	3	-2.1231
820a642e-893a-49ed-b73a-00bceaad9edd	3	180761369	193160173	8156	-0.3282
820a642e-893a-49ed-b73a-00bceaad9edd	3	193160256	193165099	17	0.4404
820a642e-893a-49ed-b73a-00bceaad9edd	3	193165114	196938927	2070	-0.3669
820a642e-893a-49ed-b73a-00bceaad9edd	3	196939188	196947878	2	-2.5246
820a642e-893a-49ed-b73a-00bceaad9edd	3	196948008	198169247	617	-0.3288
820a642e-893a-49ed-b73a-00bceaad9edd	4	68929	413295	146	-0.3323
820a642e-893a-49ed-b73a-00bceaad9edd	4	424355	4097949	1475	0.8035
820a642e-893a-49ed-b73a-00bceaad9edd	4	4101617	4151033	11	-0.0214
820a642e-893a-49ed-b73a-00bceaad9edd	4	4158336	10208766	4065	0.8273
820a642e-893a-49ed-b73a-00bceaad9edd	4	10221792	10233558	34	-0.4298
820a642e-893a-49ed-b73a-00bceaad9edd	4	10233644	39348746	20169	0.8669
820a642e-893a-49ed-b73a-00bceaad9edd	4	39352816	40100244	340	0.7255
820a642e-893a-49ed-b73a-00bceaad9edd	4	40101461	45003738	3128	0.8681
820a642e-893a-49ed-b73a-00bceaad9edd	4	45003835	45004318	4	-0.2757
820a642e-893a-49ed-b73a-00bceaad9edd	4	45008952	48771413	2191	0.8827
820a642e-893a-49ed-b73a-00bceaad9edd	4	48771732	49214614	139	0.8042
820a642e-893a-49ed-b73a-00bceaad9edd	4	49289175	49656595	21	0.2988
820a642e-893a-49ed-b73a-00bceaad9edd	4	51819533	57245548	3584	0.8238
820a642e-893a-49ed-b73a-00bceaad9edd	4	57246182	61071220	2476	0.8666
820a642e-893a-49ed-b73a-00bceaad9edd	4	61075217	61076234	2	2.746
820a642e-893a-49ed-b73a-00bceaad9edd	4	61079968	62802116	938	0.8954
820a642e-893a-49ed-b73a-00bceaad9edd	4	62804218	62805944	8	-0.4434
820a642e-893a-49ed-b73a-00bceaad9edd	4	62813912	63840033	572	0.8931
820a642e-893a-49ed-b73a-00bceaad9edd	4	63841863	63842540	8	1.7815
820a642e-893a-49ed-b73a-00bceaad9edd	4	63850713	67828568	2509	0.879
820a642e-893a-49ed-b73a-00bceaad9edd	4	67829055	68069262	175	1.2504
820a642e-893a-49ed-b73a-00bceaad9edd	4	68071165	68074360	3	2.2932
820a642e-893a-49ed-b73a-00bceaad9edd	4	68074490	68142496	39	1.3183
820a642e-893a-49ed-b73a-00bceaad9edd	4	68143316	68478894	142	0.8723
820a642e-893a-49ed-b73a-00bceaad9edd	4	68494770	68623617	68	-1.3401
820a642e-893a-49ed-b73a-00bceaad9edd	4	68639397	91227888	13998	0.8785
820a642e-893a-49ed-b73a-00bceaad9edd	4	91229437	114252544	13657	-0.3172
820a642e-893a-49ed-b73a-00bceaad9edd	4	114254167	114261019	23	-1.341
820a642e-893a-49ed-b73a-00bceaad9edd	4	114263073	114587010	226	-0.3218
820a642e-893a-49ed-b73a-00bceaad9edd	4	114588837	114589298	2	-2.2701
820a642e-893a-49ed-b73a-00bceaad9edd	4	114593270	151868634	21809	-0.3185
820a642e-893a-49ed-b73a-00bceaad9edd	4	151870381	151871415	12	-3.9207
820a642e-893a-49ed-b73a-00bceaad9edd	4	151871739	171448195	12533	-0.321
820a642e-893a-49ed-b73a-00bceaad9edd	4	171453733	171456625	12	1.1522
820a642e-893a-49ed-b73a-00bceaad9edd	4	171459220	172066706	395	-0.3139
820a642e-893a-49ed-b73a-00bceaad9edd	4	172066777	172068382	13	0.1955
820a642e-893a-49ed-b73a-00bceaad9edd	4	172074828	172501371	230	-0.3037
820a642e-893a-49ed-b73a-00bceaad9edd	4	172503796	172507492	7	1.6146
820a642e-893a-49ed-b73a-00bceaad9edd	4	172519981	178470288	3655	-0.3223
820a642e-893a-49ed-b73a-00bceaad9edd	4	178471191	178471209	3	-1.8262
820a642e-893a-49ed-b73a-00bceaad9edd	4	178474852	179569094	764	-0.3059
820a642e-893a-49ed-b73a-00bceaad9edd	4	179572375	179572493	2	-2.4864
820a642e-893a-49ed-b73a-00bceaad9edd	4	179575316	190106768	7401	-0.3318
820a642e-893a-49ed-b73a-00bceaad9edd	5	15532	676771	303	0.4269
820a642e-893a-49ed-b73a-00bceaad9edd	5	681187	801456	33	0.9289
820a642e-893a-49ed-b73a-00bceaad9edd	5	801650	58036248	35405	0.468
820a642e-893a-49ed-b73a-00bceaad9edd	5	58036448	58036817	7	-0.6703
820a642e-893a-49ed-b73a-00bceaad9edd	5	58037089	68993338	7063	0.4867
820a642e-893a-49ed-b73a-00bceaad9edd	5	68999511	71095426	258	0.3359
820a642e-893a-49ed-b73a-00bceaad9edd	5	71358245	94161106	13436	0.4849
820a642e-893a-49ed-b73a-00bceaad9edd	5	94161340	96850441	1622	0.5355
820a642e-893a-49ed-b73a-00bceaad9edd	5	96850875	99500868	1530	0.4823
820a642e-893a-49ed-b73a-00bceaad9edd	5	99504170	99504922	2	-1.6742
820a642e-893a-49ed-b73a-00bceaad9edd	5	99508633	104515520	2908	0.5075
820a642e-893a-49ed-b73a-00bceaad9edd	5	104524672	104524903	4	1.9953
820a642e-893a-49ed-b73a-00bceaad9edd	5	104525348	105093203	444	0.4859
820a642e-893a-49ed-b73a-00bceaad9edd	5	105097721	105162694	45	-0.374
820a642e-893a-49ed-b73a-00bceaad9edd	5	105167266	118535378	9193	0.4975
820a642e-893a-49ed-b73a-00bceaad9edd	5	118546925	119113149	372	0.9039
820a642e-893a-49ed-b73a-00bceaad9edd	5	119119812	121081471	1287	0.4825
820a642e-893a-49ed-b73a-00bceaad9edd	5	121081684	121131957	25	-0.3851
820a642e-893a-49ed-b73a-00bceaad9edd	5	121132933	133932574	7960	0.4818
820a642e-893a-49ed-b73a-00bceaad9edd	5	133938178	134850013	445	0.3761
820a642e-893a-49ed-b73a-00bceaad9edd	5	134852673	137475377	1887	0.4775
820a642e-893a-49ed-b73a-00bceaad9edd	5	137477783	142456119	2428	0.4253
820a642e-893a-49ed-b73a-00bceaad9edd	5	142456942	163431168	14245	0.4807
820a642e-893a-49ed-b73a-00bceaad9edd	5	163435178	163435536	2	-2.3659
820a642e-893a-49ed-b73a-00bceaad9edd	5	163439542	163539997	82	0.3737
820a642e-893a-49ed-b73a-00bceaad9edd	5	163540412	165085905	951	0.4915
820a642e-893a-49ed-b73a-00bceaad9edd	5	165092164	165098651	4	-1.0055
820a642e-893a-49ed-b73a-00bceaad9edd	5	165099697	175338842	7688	0.4633
820a642e-893a-49ed-b73a-00bceaad9edd	5	175339474	181363319	3142	0.4053
820a642e-893a-49ed-b73a-00bceaad9edd	6	149661	254283	101	-0.4047
820a642e-893a-49ed-b73a-00bceaad9edd	6	257353	294474	21	-1.1047
820a642e-893a-49ed-b73a-00bceaad9edd	6	294725	8223366	6566	-0.3495
820a642e-893a-49ed-b73a-00bceaad9edd	6	8226834	8229361	3	-2.1546
820a642e-893a-49ed-b73a-00bceaad9edd	6	8230314	23742789	11485	-0.3436
820a642e-893a-49ed-b73a-00bceaad9edd	6	23744444	23745202	2	-2.9027
820a642e-893a-49ed-b73a-00bceaad9edd	6	23747504	26670022	2012	-0.3416
820a642e-893a-49ed-b73a-00bceaad9edd	6	26671100	26983345	50	-0.0218
820a642e-893a-49ed-b73a-00bceaad9edd	6	26983428	31313046	2045	-0.3427
820a642e-893a-49ed-b73a-00bceaad9edd	6	31318499	31318754	3	-1.9848
820a642e-893a-49ed-b73a-00bceaad9edd	6	31319334	32658111	565	-0.3719
820a642e-893a-49ed-b73a-00bceaad9edd	6	32658160	32658841	2	-2.3807
820a642e-893a-49ed-b73a-00bceaad9edd	6	32682835	32720838	37	-0.29
820a642e-893a-49ed-b73a-00bceaad9edd	6	32720855	32721076	2	-2.1942
820a642e-893a-49ed-b73a-00bceaad9edd	6	32721547	48963228	10330	-0.3547
820a642e-893a-49ed-b73a-00bceaad9edd	6	48964092	48967563	3	-2.4087
820a642e-893a-49ed-b73a-00bceaad9edd	6	48978926	60969359	5699	-0.3305
820a642e-893a-49ed-b73a-00bceaad9edd	6	60969435	61805786	348	-0.2089
820a642e-893a-49ed-b73a-00bceaad9edd	6	61807003	65000836	1716	-0.3236
820a642e-893a-49ed-b73a-00bceaad9edd	6	65001506	65003899	3	-2.784
820a642e-893a-49ed-b73a-00bceaad9edd	6	65007491	66298369	861	-0.3145
820a642e-893a-49ed-b73a-00bceaad9edd	6	66298393	66338736	56	-2.5636
820a642e-893a-49ed-b73a-00bceaad9edd	6	66339513	76726815	6775	-0.3246
820a642e-893a-49ed-b73a-00bceaad9edd	6	76730151	76733530	11	-3.9855
820a642e-893a-49ed-b73a-00bceaad9edd	6	76736482	76743040	10	-1.3341
820a642e-893a-49ed-b73a-00bceaad9edd	6	76751356	78253172	976	-0.3198
820a642e-893a-49ed-b73a-00bceaad9edd	6	78259348	78325468	111	-1.5995
820a642e-893a-49ed-b73a-00bceaad9edd	6	78329517	78661494	231	-0.336
820a642e-893a-49ed-b73a-00bceaad9edd	6	78664338	78665008	2	-3.9194
820a642e-893a-49ed-b73a-00bceaad9edd	6	78665459	103286954	15224	-0.323
820a642e-893a-49ed-b73a-00bceaad9edd	6	103290101	103314186	46	-1.1169
820a642e-893a-49ed-b73a-00bceaad9edd	6	103317795	125861617	13857	-0.3285
820a642e-893a-49ed-b73a-00bceaad9edd	6	125862546	125865630	3	-2.3867
820a642e-893a-49ed-b73a-00bceaad9edd	6	125867747	170741917	30220	-0.33
820a642e-893a-49ed-b73a-00bceaad9edd	7	43355	6974103	3470	0.4069
820a642e-893a-49ed-b73a-00bceaad9edd	7	6978272	10562133	3005	0.5248
820a642e-893a-49ed-b73a-00bceaad9edd	7	10562250	38254500	20877	0.482
820a642e-893a-49ed-b73a-00bceaad9edd	7	38255395	38301061	71	0.7054
820a642e-893a-49ed-b73a-00bceaad9edd	7	38301430	39499946	905	0.5083
820a642e-893a-49ed-b73a-00bceaad9edd	7	39500116	48155182	5624	0.452
820a642e-893a-49ed-b73a-00bceaad9edd	7	48155992	54242033	4445	0.4765
820a642e-893a-49ed-b73a-00bceaad9edd	7	54242653	54318812	57	0.3664
820a642e-893a-49ed-b73a-00bceaad9edd	7	54318816	54318824	5	-1.7774
820a642e-893a-49ed-b73a-00bceaad9edd	7	54325795	55685481	1130	0.4523
820a642e-893a-49ed-b73a-00bceaad9edd	7	55687963	67178281	2605	0.3999
820a642e-893a-49ed-b73a-00bceaad9edd	7	67179517	67180245	2	-3.3054
820a642e-893a-49ed-b73a-00bceaad9edd	7	67182652	76789195	4603	0.3815
820a642e-893a-49ed-b73a-00bceaad9edd	7	76792150	97856901	13551	0.4853
820a642e-893a-49ed-b73a-00bceaad9edd	7	97857556	102839770	2041	0.3707
820a642e-893a-49ed-b73a-00bceaad9edd	7	102840310	109793741	4491	0.4816
820a642e-893a-49ed-b73a-00bceaad9edd	7	109797035	109797042	6	-1.1327
820a642e-893a-49ed-b73a-00bceaad9edd	7	109797043	109801155	18	0.0443
820a642e-893a-49ed-b73a-00bceaad9edd	7	109801187	109813853	11	-1.7969
820a642e-893a-49ed-b73a-00bceaad9edd	7	109813925	126404920	10023	0.4895
820a642e-893a-49ed-b73a-00bceaad9edd	7	126405428	126406561	12	1.6216
820a642e-893a-49ed-b73a-00bceaad9edd	7	126406822	127596191	856	0.5053
820a642e-893a-49ed-b73a-00bceaad9edd	7	127596949	132802469	3054	0.4504
820a642e-893a-49ed-b73a-00bceaad9edd	7	132805591	134100424	787	0.5193
820a642e-893a-49ed-b73a-00bceaad9edd	7	134100442	134105690	24	0.9482
820a642e-893a-49ed-b73a-00bceaad9edd	7	134110881	140314517	4026	0.4814
820a642e-893a-49ed-b73a-00bceaad9edd	7	140314625	141442679	844	0.4077
820a642e-893a-49ed-b73a-00bceaad9edd	7	141442797	142063324	333	0.4856
820a642e-893a-49ed-b73a-00bceaad9edd	7	142069843	142092307	34	-0.2059
820a642e-893a-49ed-b73a-00bceaad9edd	7	142099190	142475328	305	0.4834
820a642e-893a-49ed-b73a-00bceaad9edd	7	142475569	142804972	145	0.6433
820a642e-893a-49ed-b73a-00bceaad9edd	7	142805092	158324903	9773	0.4564
820a642e-893a-49ed-b73a-00bceaad9edd	7	158335896	158339473	2	3.032
820a642e-893a-49ed-b73a-00bceaad9edd	7	158344294	159334314	633	0.4648
820a642e-893a-49ed-b73a-00bceaad9edd	8	81254	163380	3	0.3816
820a642e-893a-49ed-b73a-00bceaad9edd	8	208062	8139659	7775	-0.3416
820a642e-893a-49ed-b73a-00bceaad9edd	8	8196822	8528287	290	0.4792
820a642e-893a-49ed-b73a-00bceaad9edd	8	8528640	8528847	3	-1.2064
820a642e-893a-49ed-b73a-00bceaad9edd	8	8528932	10329043	1584	0.4741
820a642e-893a-49ed-b73a-00bceaad9edd	8	10330555	12177488	1348	-0.3691
820a642e-893a-49ed-b73a-00bceaad9edd	8	12323772	12418301	30	-1.0873
820a642e-893a-49ed-b73a-00bceaad9edd	8	12419769	14258772	1549	-0.3285
820a642e-893a-49ed-b73a-00bceaad9edd	8	14264083	14271989	5	-1.3167
820a642e-893a-49ed-b73a-00bceaad9edd	8	14274216	15543669	1179	-0.3431
820a642e-893a-49ed-b73a-00bceaad9edd	8	15545551	15555938	9	-4.5294
820a642e-893a-49ed-b73a-00bceaad9edd	8	15565761	25114672	7653	-0.3498
820a642e-893a-49ed-b73a-00bceaad9edd	8	25116928	25126818	27	0.3977
820a642e-893a-49ed-b73a-00bceaad9edd	8	25133589	32821348	5424	-0.3571
820a642e-893a-49ed-b73a-00bceaad9edd	8	32825580	32834603	10	0.9711
820a642e-893a-49ed-b73a-00bceaad9edd	8	32834624	39368830	3566	-0.3762
820a642e-893a-49ed-b73a-00bceaad9edd	8	39372664	39527450	60	0.4315
820a642e-893a-49ed-b73a-00bceaad9edd	8	39527675	48179251	3446	-0.3623
820a642e-893a-49ed-b73a-00bceaad9edd	8	48185200	51742814	2175	0.4897
820a642e-893a-49ed-b73a-00bceaad9edd	8	51747363	51747403	2	1.9477
820a642e-893a-49ed-b73a-00bceaad9edd	8	51749233	69813339	11434	0.4937
820a642e-893a-49ed-b73a-00bceaad9edd	8	69821011	70117930	188	0.3296
820a642e-893a-49ed-b73a-00bceaad9edd	8	70121234	111279265	24729	0.4976
820a642e-893a-49ed-b73a-00bceaad9edd	8	111282050	111282973	8	2.3711
820a642e-893a-49ed-b73a-00bceaad9edd	8	111283031	131218965	13367	0.4999
820a642e-893a-49ed-b73a-00bceaad9edd	8	131219510	131222651	2	-1.0396
820a642e-893a-49ed-b73a-00bceaad9edd	8	131223169	142044072	8391	0.4825
820a642e-893a-49ed-b73a-00bceaad9edd	8	142044202	144903462	1037	0.3843
820a642e-893a-49ed-b73a-00bceaad9edd	8	144909005	145072769	101	0.5133
820a642e-893a-49ed-b73a-00bceaad9edd	9	46587	36058209	29218	-0.3262
820a642e-893a-49ed-b73a-00bceaad9edd	9	36060454	39134929	1882	0.8962
820a642e-893a-49ed-b73a-00bceaad9edd	9	39135456	39588611	44	0.5318
820a642e-893a-49ed-b73a-00bceaad9edd	9	39747848	40099921	8	1.5629
820a642e-893a-49ed-b73a-00bceaad9edd	9	40189830	41646527	89	0.4101
820a642e-893a-49ed-b73a-00bceaad9edd	9	41646850	42211663	31	-0.0204
820a642e-893a-49ed-b73a-00bceaad9edd	9	42230926	61520021	71	0.5609
820a642e-893a-49ed-b73a-00bceaad9edd	9	61521913	61573452	18	-0.5346
820a642e-893a-49ed-b73a-00bceaad9edd	9	61574022	66189025	149	0.3753
820a642e-893a-49ed-b73a-00bceaad9edd	9	66880844	81574329	9718	0.9256
820a642e-893a-49ed-b73a-00bceaad9edd	9	81575904	95650705	9735	0.8916
820a642e-893a-49ed-b73a-00bceaad9edd	9	95651057	127456093	22776	0.9198
820a642e-893a-49ed-b73a-00bceaad9edd	9	127457023	131383392	2058	0.828
820a642e-893a-49ed-b73a-00bceaad9edd	9	131385539	131390317	5	-0.5602
820a642e-893a-49ed-b73a-00bceaad9edd	9	131396628	132909917	1050	0.9126
820a642e-893a-49ed-b73a-00bceaad9edd	9	132909945	132916791	16	0.3816
820a642e-893a-49ed-b73a-00bceaad9edd	9	132916809	135214584	1379	0.8649
820a642e-893a-49ed-b73a-00bceaad9edd	9	135215724	135224871	2	-0.898
820a642e-893a-49ed-b73a-00bceaad9edd	9	135225315	138200944	1180	0.8481
820a642e-893a-49ed-b73a-00bceaad9edd	10	45792	745683	412	-0.3924
820a642e-893a-49ed-b73a-00bceaad9edd	10	751550	752021	3	-2.7087
820a642e-893a-49ed-b73a-00bceaad9edd	10	752244	24088746	18749	-0.3458
820a642e-893a-49ed-b73a-00bceaad9edd	10	24088747	24088992	8	-2.1071
820a642e-893a-49ed-b73a-00bceaad9edd	10	24089125	107048615	52119	-0.341
820a642e-893a-49ed-b73a-00bceaad9edd	10	107048722	107049766	2	-3.6339
820a642e-893a-49ed-b73a-00bceaad9edd	10	107049861	112312333	3754	-0.3106
820a642e-893a-49ed-b73a-00bceaad9edd	10	112313150	112314423	2	-2.9494
820a642e-893a-49ed-b73a-00bceaad9edd	10	112314859	133654968	15462	-0.3546
820a642e-893a-49ed-b73a-00bceaad9edd	11	198510	3465494	1293	-0.4034
820a642e-893a-49ed-b73a-00bceaad9edd	11	3466435	3467311	3	-3.7153
820a642e-893a-49ed-b73a-00bceaad9edd	11	3485296	4274526	453	-0.3607
820a642e-893a-49ed-b73a-00bceaad9edd	11	4280126	4280146	3	-2.5349
820a642e-893a-49ed-b73a-00bceaad9edd	11	4280161	4314648	8	-1.0574
820a642e-893a-49ed-b73a-00bceaad9edd	11	4314837	4946420	654	-0.3014
820a642e-893a-49ed-b73a-00bceaad9edd	11	4947280	4955042	30	0.3437
820a642e-893a-49ed-b73a-00bceaad9edd	11	4955781	5762165	780	-0.3114
820a642e-893a-49ed-b73a-00bceaad9edd	11	5762452	5787909	35	0.3437
820a642e-893a-49ed-b73a-00bceaad9edd	11	5788108	6086560	240	-0.2688
820a642e-893a-49ed-b73a-00bceaad9edd	11	6087039	36227171	21936	-0.3484
820a642e-893a-49ed-b73a-00bceaad9edd	11	36227825	37687076	1051	-0.2785
820a642e-893a-49ed-b73a-00bceaad9edd	11	37687103	42940281	3478	-0.3481
820a642e-893a-49ed-b73a-00bceaad9edd	11	42948034	48224905	3121	-0.3893
820a642e-893a-49ed-b73a-00bceaad9edd	11	48226075	48681009	197	-0.2352
820a642e-893a-49ed-b73a-00bceaad9edd	11	48681137	48688176	3	1.1793
820a642e-893a-49ed-b73a-00bceaad9edd	11	48688191	55608804	1146	-0.2953
820a642e-893a-49ed-b73a-00bceaad9edd	11	55609022	55685533	51	-1.6024
820a642e-893a-49ed-b73a-00bceaad9edd	11	55686100	61120529	3333	-0.3264
820a642e-893a-49ed-b73a-00bceaad9edd	11	61121047	67563060	2819	-0.3947
820a642e-893a-49ed-b73a-00bceaad9edd	11	67567455	68002801	137	-0.2072
820a642e-893a-49ed-b73a-00bceaad9edd	11	68003122	71649144	2008	-0.4219
820a642e-893a-49ed-b73a-00bceaad9edd	11	71649248	72604715	421	-0.3046
820a642e-893a-49ed-b73a-00bceaad9edd	11	72605440	80569016	4809	-0.3611
820a642e-893a-49ed-b73a-00bceaad9edd	11	80569321	85934391	3700	-0.313
820a642e-893a-49ed-b73a-00bceaad9edd	11	85937288	85937857	2	-2.2956
820a642e-893a-49ed-b73a-00bceaad9edd	11	85938980	116153558	20962	-0.3298
820a642e-893a-49ed-b73a-00bceaad9edd	11	116156998	116159140	2	2.1565
820a642e-893a-49ed-b73a-00bceaad9edd	11	116159783	126992951	7797	-0.3572
820a642e-893a-49ed-b73a-00bceaad9edd	11	126993935	128604231	1383	-0.2919
820a642e-893a-49ed-b73a-00bceaad9edd	11	128605047	134731897	4559	-0.3588
820a642e-893a-49ed-b73a-00bceaad9edd	11	134732386	134734098	2	-3.943
820a642e-893a-49ed-b73a-00bceaad9edd	11	134737977	135074876	279	-0.37
820a642e-893a-49ed-b73a-00bceaad9edd	12	51460	5686883	4177	0.4447
820a642e-893a-49ed-b73a-00bceaad9edd	12	5686946	5687581	2	1.8389
820a642e-893a-49ed-b73a-00bceaad9edd	12	5687918	5891968	171	0.4744
820a642e-893a-49ed-b73a-00bceaad9edd	12	5893797	8428347	1258	0.3873
820a642e-893a-49ed-b73a-00bceaad9edd	12	8432076	11066824	1617	0.4757
820a642e-893a-49ed-b73a-00bceaad9edd	12	11068125	11083616	7	-0.2702
820a642e-893a-49ed-b73a-00bceaad9edd	12	11084237	11088933	3	-2.2312
820a642e-893a-49ed-b73a-00bceaad9edd	12	11099275	11192493	38	0.3329
820a642e-893a-49ed-b73a-00bceaad9edd	12	11197667	11200674	3	-1.2746
820a642e-893a-49ed-b73a-00bceaad9edd	12	11203172	30930096	13968	0.4606
820a642e-893a-49ed-b73a-00bceaad9edd	12	30934823	32918356	1355	0.3916
820a642e-893a-49ed-b73a-00bceaad9edd	12	32918670	48027666	7321	0.4656
820a642e-893a-49ed-b73a-00bceaad9edd	12	48030633	51384650	1625	0.3818
820a642e-893a-49ed-b73a-00bceaad9edd	12	51386852	52876940	1112	0.4463
820a642e-893a-49ed-b73a-00bceaad9edd	12	52877443	54384022	751	0.3759
820a642e-893a-49ed-b73a-00bceaad9edd	12	54385039	55675447	840	0.4789
820a642e-893a-49ed-b73a-00bceaad9edd	12	55677133	57579546	879	0.3851
820a642e-893a-49ed-b73a-00bceaad9edd	12	57580173	64563872	4374	0.4569
820a642e-893a-49ed-b73a-00bceaad9edd	12	64567434	64697534	106	0.2873
820a642e-893a-49ed-b73a-00bceaad9edd	12	64697634	94966960	19366	0.4678
820a642e-893a-49ed-b73a-00bceaad9edd	12	94967688	95550497	404	0.3716
820a642e-893a-49ed-b73a-00bceaad9edd	12	95551043	108393642	8853	0.4565
820a642e-893a-49ed-b73a-00bceaad9edd	12	108396137	111252775	1544	0.4008
820a642e-893a-49ed-b73a-00bceaad9edd	12	111254264	112554715	664	0.3281
820a642e-893a-49ed-b73a-00bceaad9edd	12	112558799	119515050	5276	0.4159
820a642e-893a-49ed-b73a-00bceaad9edd	12	119515232	123618370	1881	0.3659
820a642e-893a-49ed-b73a-00bceaad9edd	12	123622468	124786079	739	0.4468
820a642e-893a-49ed-b73a-00bceaad9edd	12	124789196	125141511	232	0.3367
820a642e-893a-49ed-b73a-00bceaad9edd	12	125142139	131648066	5649	0.4485
820a642e-893a-49ed-b73a-00bceaad9edd	12	131648123	131648753	8	1.1361
820a642e-893a-49ed-b73a-00bceaad9edd	12	131648765	133201603	562	0.3957
820a642e-893a-49ed-b73a-00bceaad9edd	13	18452809	30935928	8777	-0.3498
820a642e-893a-49ed-b73a-00bceaad9edd	13	30937518	30938267	2	-2.7465
820a642e-893a-49ed-b73a-00bceaad9edd	13	30938349	31957984	762	-0.3103
820a642e-893a-49ed-b73a-00bceaad9edd	13	31958485	31964286	18	-2.0241
820a642e-893a-49ed-b73a-00bceaad9edd	13	31965910	37496998	3888	-0.3445
820a642e-893a-49ed-b73a-00bceaad9edd	13	37497899	37514193	17	0.3976
820a642e-893a-49ed-b73a-00bceaad9edd	13	37514237	63650072	16330	-0.3217
820a642e-893a-49ed-b73a-00bceaad9edd	13	63650659	63662559	9	-3.6996
820a642e-893a-49ed-b73a-00bceaad9edd	13	63665430	66598647	1795	-0.3141
820a642e-893a-49ed-b73a-00bceaad9edd	13	66602087	66603651	2	-2.5939
820a642e-893a-49ed-b73a-00bceaad9edd	13	66604212	71902850	3381	-0.3187
820a642e-893a-49ed-b73a-00bceaad9edd	13	71903417	71906418	3	2.3137
820a642e-893a-49ed-b73a-00bceaad9edd	13	71906467	98354106	17282	-0.3238
820a642e-893a-49ed-b73a-00bceaad9edd	13	98354446	98355956	2	-2.7037
820a642e-893a-49ed-b73a-00bceaad9edd	13	98359941	100714660	1494	-0.3675
820a642e-893a-49ed-b73a-00bceaad9edd	13	100716083	110397974	7971	-0.3277
820a642e-893a-49ed-b73a-00bceaad9edd	13	110397988	114342922	2286	-0.3869
820a642e-893a-49ed-b73a-00bceaad9edd	14	18239283	19143599	37	0.5837
820a642e-893a-49ed-b73a-00bceaad9edd	14	19185165	19294457	9	0.1605
820a642e-893a-49ed-b73a-00bceaad9edd	14	19294475	19326853	3	-1.1635
820a642e-893a-49ed-b73a-00bceaad9edd	14	19367655	19950798	113	0.1107
820a642e-893a-49ed-b73a-00bceaad9edd	14	19951100	21635439	1117	0.4446
820a642e-893a-49ed-b73a-00bceaad9edd	14	21635545	21926607	244	0.5512
820a642e-893a-49ed-b73a-00bceaad9edd	14	21928047	21936128	9	0.2718
820a642e-893a-49ed-b73a-00bceaad9edd	14	21936461	22490342	447	0.752
820a642e-893a-49ed-b73a-00bceaad9edd	14	22490387	40883413	11532	0.459
820a642e-893a-49ed-b73a-00bceaad9edd	14	40883590	40897069	4	-1.0247
820a642e-893a-49ed-b73a-00bceaad9edd	14	40900554	41141293	227	0.4499
820a642e-893a-49ed-b73a-00bceaad9edd	14	41141487	41184774	12	1.0206
820a642e-893a-49ed-b73a-00bceaad9edd	14	41188046	63055944	13842	0.4767
820a642e-893a-49ed-b73a-00bceaad9edd	14	63056017	64684202	1058	0.3979
820a642e-893a-49ed-b73a-00bceaad9edd	14	64684355	72968515	5273	0.4566
820a642e-893a-49ed-b73a-00bceaad9edd	14	72972193	73540003	276	0.3805
820a642e-893a-49ed-b73a-00bceaad9edd	14	73540147	73563196	8	1.3543
820a642e-893a-49ed-b73a-00bceaad9edd	14	73563211	75950580	1403	0.4192
820a642e-893a-49ed-b73a-00bceaad9edd	14	75952769	75953165	2	-1.0101
820a642e-893a-49ed-b73a-00bceaad9edd	14	75958521	79403566	2446	0.4307
820a642e-893a-49ed-b73a-00bceaad9edd	14	79405491	94419258	9776	0.4636
820a642e-893a-49ed-b73a-00bceaad9edd	14	94421340	94441907	28	0.9289
820a642e-893a-49ed-b73a-00bceaad9edd	14	94442807	100015625	4461	0.4654
820a642e-893a-49ed-b73a-00bceaad9edd	14	100018359	105993894	2620	0.4026
820a642e-893a-49ed-b73a-00bceaad9edd	14	105994146	106877229	399	0.472
820a642e-893a-49ed-b73a-00bceaad9edd	15	19811075	19989485	43	0.3436
820a642e-893a-49ed-b73a-00bceaad9edd	15	19998708	22584747	172	-0.347
820a642e-893a-49ed-b73a-00bceaad9edd	15	22590285	24429740	985	0.3979
820a642e-893a-49ed-b73a-00bceaad9edd	15	24429986	24473026	31	-1.7374
820a642e-893a-49ed-b73a-00bceaad9edd	15	24473449	30156392	3597	0.4333
820a642e-893a-49ed-b73a-00bceaad9edd	15	30157841	30595753	33	-0.1074
820a642e-893a-49ed-b73a-00bceaad9edd	15	30608675	30668947	17	0.4657
820a642e-893a-49ed-b73a-00bceaad9edd	15	30674693	32220019	1036	-0.3631
820a642e-893a-49ed-b73a-00bceaad9edd	15	32239115	32610782	25	0.2668
820a642e-893a-49ed-b73a-00bceaad9edd	15	32612414	33747320	1032	-0.3545
820a642e-893a-49ed-b73a-00bceaad9edd	15	33749120	33967969	194	0.4112
820a642e-893a-49ed-b73a-00bceaad9edd	15	33972900	36295795	1548	-0.3407
820a642e-893a-49ed-b73a-00bceaad9edd	15	36299408	37340344	743	0.4639
820a642e-893a-49ed-b73a-00bceaad9edd	15	37349317	53492842	9634	-0.3495
820a642e-893a-49ed-b73a-00bceaad9edd	15	53492956	53493082	4	-1.9046
820a642e-893a-49ed-b73a-00bceaad9edd	15	53498050	66722549	9012	-0.3494
820a642e-893a-49ed-b73a-00bceaad9edd	15	66724432	66734228	2	-2.2935
820a642e-893a-49ed-b73a-00bceaad9edd	15	66737130	76586021	5768	-0.3567
820a642e-893a-49ed-b73a-00bceaad9edd	15	76598900	76603434	22	0.5871
820a642e-893a-49ed-b73a-00bceaad9edd	15	76609838	85511500	5132	-0.3684
820a642e-893a-49ed-b73a-00bceaad9edd	15	85512451	85513794	2	-2.168
820a642e-893a-49ed-b73a-00bceaad9edd	15	85516040	87399220	1644	-0.3613
820a642e-893a-49ed-b73a-00bceaad9edd	15	87399757	87819370	332	0.4918
820a642e-893a-49ed-b73a-00bceaad9edd	15	87821199	91121427	2103	0.4152
820a642e-893a-49ed-b73a-00bceaad9edd	15	91121644	91930536	612	0.4894
820a642e-893a-49ed-b73a-00bceaad9edd	15	91930650	91931032	2	2.0314
820a642e-893a-49ed-b73a-00bceaad9edd	15	91932113	92895105	953	0.461
820a642e-893a-49ed-b73a-00bceaad9edd	15	92907246	101097601	6216	-0.3532
820a642e-893a-49ed-b73a-00bceaad9edd	15	101098185	101864933	584	0.47
820a642e-893a-49ed-b73a-00bceaad9edd	15	101880399	101928837	12	-0.3088
820a642e-893a-49ed-b73a-00bceaad9edd	16	10777	5305349	2310	0.38
820a642e-893a-49ed-b73a-00bceaad9edd	16	5305666	8110552	3400	0.4599
820a642e-893a-49ed-b73a-00bceaad9edd	16	8119039	16761504	6071	0.4144
820a642e-893a-49ed-b73a-00bceaad9edd	16	16764451	18104860	970	0.476
820a642e-893a-49ed-b73a-00bceaad9edd	16	18134261	18144432	2	2.0309
820a642e-893a-49ed-b73a-00bceaad9edd	16	18148869	18704933	25	0.5097
820a642e-893a-49ed-b73a-00bceaad9edd	16	18705983	19933041	678	0.3665
820a642e-893a-49ed-b73a-00bceaad9edd	16	19934328	19956040	29	-0.3422
820a642e-893a-49ed-b73a-00bceaad9edd	16	19958932	28240535	5291	0.4067
820a642e-893a-49ed-b73a-00bceaad9edd	16	28243807	34024595	1248	0.3427
820a642e-893a-49ed-b73a-00bceaad9edd	16	34025587	59571859	9256	0.4057
820a642e-893a-49ed-b73a-00bceaad9edd	16	59574708	59575042	2	-1.3514
820a642e-893a-49ed-b73a-00bceaad9edd	16	59577456	68756072	5759	0.4152
820a642e-893a-49ed-b73a-00bceaad9edd	16	68758357	70722163	876	0.334
820a642e-893a-49ed-b73a-00bceaad9edd	16	70723652	78337711	5282	0.409
820a642e-893a-49ed-b73a-00bceaad9edd	16	78338543	78350841	15	-1.9731
820a642e-893a-49ed-b73a-00bceaad9edd	16	78350868	78728440	492	0.3996
820a642e-893a-49ed-b73a-00bceaad9edd	16	78728860	84517855	6302	0.4378
820a642e-893a-49ed-b73a-00bceaad9edd	16	84518797	90096867	3807	0.3917
820a642e-893a-49ed-b73a-00bceaad9edd	17	150733	18455632	11379	-0.3917
820a642e-893a-49ed-b73a-00bceaad9edd	17	18455635	18561907	25	-1.2376
820a642e-893a-49ed-b73a-00bceaad9edd	17	18565883	28452035	2248	-0.3634
820a642e-893a-49ed-b73a-00bceaad9edd	17	28454323	28455301	2	-2.4814
820a642e-893a-49ed-b73a-00bceaad9edd	17	28462253	41266851	7125	-0.3691
820a642e-893a-49ed-b73a-00bceaad9edd	17	41266901	41267234	7	-1.575
820a642e-893a-49ed-b73a-00bceaad9edd	17	41271598	46085732	2508	-0.3835
820a642e-893a-49ed-b73a-00bceaad9edd	17	46088437	46286804	124	0.1963
820a642e-893a-49ed-b73a-00bceaad9edd	17	46323701	72101466	15449	-0.3631
820a642e-893a-49ed-b73a-00bceaad9edd	17	72102020	78602041	3955	-0.4035
820a642e-893a-49ed-b73a-00bceaad9edd	17	78602215	78608368	3	-2.2887
820a642e-893a-49ed-b73a-00bceaad9edd	17	78608709	82793886	1965	-0.435
820a642e-893a-49ed-b73a-00bceaad9edd	17	82799934	83091923	163	-0.3354
820a642e-893a-49ed-b73a-00bceaad9edd	18	48133	40680516	22760	-0.3398
820a642e-893a-49ed-b73a-00bceaad9edd	18	40680526	40689848	16	-2.2802
820a642e-893a-49ed-b73a-00bceaad9edd	18	40690108	53677765	8889	-0.3373
820a642e-893a-49ed-b73a-00bceaad9edd	18	53680839	53681183	2	-2.688
820a642e-893a-49ed-b73a-00bceaad9edd	18	53683207	53684270	2	-7.5883
820a642e-893a-49ed-b73a-00bceaad9edd	18	53685778	57482475	2419	-0.3267
820a642e-893a-49ed-b73a-00bceaad9edd	18	57482662	60254878	2104	-0.3682
820a642e-893a-49ed-b73a-00bceaad9edd	18	60254981	66095064	4108	-0.3052
820a642e-893a-49ed-b73a-00bceaad9edd	18	66099904	66100686	3	-3.0779
820a642e-893a-49ed-b73a-00bceaad9edd	18	66108359	70181254	2999	-0.3151
820a642e-893a-49ed-b73a-00bceaad9edd	18	70182545	70183321	2	-2.9012
820a642e-893a-49ed-b73a-00bceaad9edd	18	70183538	80257174	7365	-0.336
820a642e-893a-49ed-b73a-00bceaad9edd	19	90910	15609874	6513	0.3477
820a642e-893a-49ed-b73a-00bceaad9edd	19	15609887	16084246	384	0.4692
820a642e-893a-49ed-b73a-00bceaad9edd	19	16084561	19701386	1586	0.333
820a642e-893a-49ed-b73a-00bceaad9edd	19	19701829	35686929	8415	0.3962
820a642e-893a-49ed-b73a-00bceaad9edd	19	35690144	42939470	3561	0.3606
820a642e-893a-49ed-b73a-00bceaad9edd	19	42939918	43193181	120	0.5401
820a642e-893a-49ed-b73a-00bceaad9edd	19	43198881	43252085	22	-2.0382
820a642e-893a-49ed-b73a-00bceaad9edd	19	43262507	43307659	24	0.5154
820a642e-893a-49ed-b73a-00bceaad9edd	19	43313285	43313843	5	-0.4666
820a642e-893a-49ed-b73a-00bceaad9edd	19	43315252	44517191	812	0.4206
820a642e-893a-49ed-b73a-00bceaad9edd	19	44518638	50829982	2758	0.3463
820a642e-893a-49ed-b73a-00bceaad9edd	19	50835951	53013829	1499	0.4091
820a642e-893a-49ed-b73a-00bceaad9edd	19	53015494	53128041	82	0.6303
820a642e-893a-49ed-b73a-00bceaad9edd	19	53130172	53435276	230	0.4341
820a642e-893a-49ed-b73a-00bceaad9edd	19	53435735	53511924	64	0.9754
820a642e-893a-49ed-b73a-00bceaad9edd	19	53513852	55771003	1180	0.3769
820a642e-893a-49ed-b73a-00bceaad9edd	19	55771169	55771701	3	-1.9333
820a642e-893a-49ed-b73a-00bceaad9edd	19	55774927	58586487	1838	0.4027
820a642e-893a-49ed-b73a-00bceaad9edd	20	80664	1571811	1181	-0.3525
820a642e-893a-49ed-b73a-00bceaad9edd	20	1576544	1580353	21	-2.1563
820a642e-893a-49ed-b73a-00bceaad9edd	20	1580934	1598475	31	-0.0511
820a642e-893a-49ed-b73a-00bceaad9edd	20	1599742	1613247	10	0.7054
820a642e-893a-49ed-b73a-00bceaad9edd	20	1617300	13007141	8767	-0.3545
820a642e-893a-49ed-b73a-00bceaad9edd	20	13007484	13401796	341	0.4492
820a642e-893a-49ed-b73a-00bceaad9edd	20	13410001	14686769	703	-0.3717
820a642e-893a-49ed-b73a-00bceaad9edd	20	14687597	14691711	5	-1.3183
820a642e-893a-49ed-b73a-00bceaad9edd	20	14694942	17502208	2665	-0.3542
820a642e-893a-49ed-b73a-00bceaad9edd	20	17505931	17914710	317	0.4231
820a642e-893a-49ed-b73a-00bceaad9edd	20	17914738	20139770	1827	-0.3759
820a642e-893a-49ed-b73a-00bceaad9edd	20	20140022	20140035	2	-2.324
820a642e-893a-49ed-b73a-00bceaad9edd	20	20141247	20694510	364	-0.36
820a642e-893a-49ed-b73a-00bceaad9edd	20	20699459	25157919	3272	0.4306
820a642e-893a-49ed-b73a-00bceaad9edd	20	25158636	37555342	3632	0.3739
820a642e-893a-49ed-b73a-00bceaad9edd	20	37559155	48549993	7906	0.4355
820a642e-893a-49ed-b73a-00bceaad9edd	20	48552387	49235382	402	-0.403
820a642e-893a-49ed-b73a-00bceaad9edd	20	49239682	50165997	526	0.3956
820a642e-893a-49ed-b73a-00bceaad9edd	20	50175182	50176256	2	-1.1362
820a642e-893a-49ed-b73a-00bceaad9edd	20	50178380	51027085	622	0.3784
820a642e-893a-49ed-b73a-00bceaad9edd	20	51031065	51631720	476	0.4468
820a642e-893a-49ed-b73a-00bceaad9edd	20	51631802	52290315	453	0.3309
820a642e-893a-49ed-b73a-00bceaad9edd	20	52295405	56556488	3415	0.4532
820a642e-893a-49ed-b73a-00bceaad9edd	20	56558355	56711497	98	0.2672
820a642e-893a-49ed-b73a-00bceaad9edd	20	56711758	61135467	3683	0.4539
820a642e-893a-49ed-b73a-00bceaad9edd	20	61135942	64284715	1605	0.3947
820a642e-893a-49ed-b73a-00bceaad9edd	20	64323342	64324800	5	-0.1628
820a642e-893a-49ed-b73a-00bceaad9edd	21	10354168	10559033	53	0.069
820a642e-893a-49ed-b73a-00bceaad9edd	21	10568903	13583316	216	0.4448
820a642e-893a-49ed-b73a-00bceaad9edd	21	13612103	13677975	4	-0.7499
820a642e-893a-49ed-b73a-00bceaad9edd	21	13803967	13944135	37	0.4342
820a642e-893a-49ed-b73a-00bceaad9edd	21	13955114	13964764	8	0.9208
820a642e-893a-49ed-b73a-00bceaad9edd	21	13966115	14118973	56	0.3318
820a642e-893a-49ed-b73a-00bceaad9edd	21	14121040	17106237	2080	0.4813
820a642e-893a-49ed-b73a-00bceaad9edd	21	17106480	17709059	398	0.3677
820a642e-893a-49ed-b73a-00bceaad9edd	21	17715185	30916813	9909	0.4688
820a642e-893a-49ed-b73a-00bceaad9edd	21	30917474	34134130	2226	0.4196
820a642e-893a-49ed-b73a-00bceaad9edd	21	34134889	35615061	1064	0.5049
820a642e-893a-49ed-b73a-00bceaad9edd	21	35621049	46677045	7787	0.4293
820a642e-893a-49ed-b73a-00bceaad9edd	22	15294547	18142004	1107	0.3645
820a642e-893a-49ed-b73a-00bceaad9edd	22	18143362	18147293	9	-0.4142
820a642e-893a-49ed-b73a-00bceaad9edd	22	18148598	21980901	1810	0.3692
820a642e-893a-49ed-b73a-00bceaad9edd	22	21981320	23080505	914	0.4516
820a642e-893a-49ed-b73a-00bceaad9edd	22	23080578	23929558	536	0.3693
820a642e-893a-49ed-b73a-00bceaad9edd	22	23940911	23995755	20	0.8524
820a642e-893a-49ed-b73a-00bceaad9edd	22	24002228	25430519	970	0.3526
820a642e-893a-49ed-b73a-00bceaad9edd	22	25439231	26474927	1024	0.4199
820a642e-893a-49ed-b73a-00bceaad9edd	22	26476138	26641431	158	0.2928
820a642e-893a-49ed-b73a-00bceaad9edd	22	26649540	28514596	1629	0.4148
820a642e-893a-49ed-b73a-00bceaad9edd	22	28515006	32923416	2690	0.3613
820a642e-893a-49ed-b73a-00bceaad9edd	22	32924430	40648422	5179	0.3381
820a642e-893a-49ed-b73a-00bceaad9edd	22	40651552	43161028	1489	0.2731
820a642e-893a-49ed-b73a-00bceaad9edd	22	43162481	48933821	4528	0.3359
820a642e-893a-49ed-b73a-00bceaad9edd	22	48934328	49454261	543	0.3879
820a642e-893a-49ed-b73a-00bceaad9edd	22	49454968	49514176	33	-0.5606
820a642e-893a-49ed-b73a-00bceaad9edd	22	49515169	50796027	618	0.3433
820a642e-893a-49ed-b73a-00bceaad9edd	X	251810	675630	62	0.0591
820a642e-893a-49ed-b73a-00bceaad9edd	X	680096	738433	16	1.0224
820a642e-893a-49ed-b73a-00bceaad9edd	X	876695	63193211	33410	-0.0016
820a642e-893a-49ed-b73a-00bceaad9edd	X	63250575	63297125	22	1.1603
820a642e-893a-49ed-b73a-00bceaad9edd	X	63297592	127419616	33337	0.0096
820a642e-893a-49ed-b73a-00bceaad9edd	X	127423271	127429105	4	-2.0251
820a642e-893a-49ed-b73a-00bceaad9edd	X	127429374	130411906	1681	-0.0156
820a642e-893a-49ed-b73a-00bceaad9edd	X	130414455	130418030	3	-2.306
820a642e-893a-49ed-b73a-00bceaad9edd	X	130418935	135619994	2659	-0.0081
820a642e-893a-49ed-b73a-00bceaad9edd	X	135623557	135668591	31	0.9741
820a642e-893a-49ed-b73a-00bceaad9edd	X	135673726	155952689	12274	-0.008
820a642e-893a-49ed-b73a-00bceaad9edd	Y	2782397	56872112	6637	-2.4577
