GDC_Aliquot	Chromosome	Start	End	Num_Probes	Segment_Mean
b8e37eaf-3103-4ff1-880b-fdd0923c2537	1	62920	3078140	646	-0.3138
b8e37eaf-3103-4ff1-880b-fdd0923c2537	1	3078153	3080038	3	-1.5643
b8e37eaf-3103-4ff1-880b-fdd0923c2537	1	3084360	3306087	100	-0.3285
b8e37eaf-3103-4ff1-880b-fdd0923c2537	1	3308094	7717786	3046	-0.191
b8e37eaf-3103-4ff1-880b-fdd0923c2537	1	7718300	10671135	1592	-0.2635
b8e37eaf-3103-4ff1-880b-fdd0923c2537	1	10671151	16458895	3227	-0.2132
b8e37eaf-3103-4ff1-880b-fdd0923c2537	1	16459069	16988207	159	-0.3705
b8e37eaf-3103-4ff1-880b-fdd0923c2537	1	16993283	17372842	306	-0.2184
b8e37eaf-3103-4ff1-880b-fdd0923c2537	1	17372968	18890631	1123	-0.1445
b8e37eaf-3103-4ff1-880b-fdd0923c2537	1	18895348	22316851	2119	-0.2202
b8e37eaf-3103-4ff1-880b-fdd0923c2537	1	22318364	22322994	3	-1.6067
b8e37eaf-3103-4ff1-880b-fdd0923c2537	1	22323501	25088630	1563	-0.2373
b8e37eaf-3103-4ff1-880b-fdd0923c2537	1	25089191	25090270	2	1.2888
b8e37eaf-3103-4ff1-880b-fdd0923c2537	1	25092208	29202234	1740	-0.2695
b8e37eaf-3103-4ff1-880b-fdd0923c2537	1	29203431	30540928	1018	-0.1727
b8e37eaf-3103-4ff1-880b-fdd0923c2537	1	30541111	30859355	248	-0.2625
b8e37eaf-3103-4ff1-880b-fdd0923c2537	1	30859645	30881945	23	0.1908
b8e37eaf-3103-4ff1-880b-fdd0923c2537	1	30888095	54922807	13343	-0.2294
b8e37eaf-3103-4ff1-880b-fdd0923c2537	1	54923896	55022696	78	0.1315
b8e37eaf-3103-4ff1-880b-fdd0923c2537	1	55025942	58449308	2826	-0.2351
b8e37eaf-3103-4ff1-880b-fdd0923c2537	1	58449352	69553834	7911	-0.2615
b8e37eaf-3103-4ff1-880b-fdd0923c2537	1	69561119	69746766	123	-1.5554
b8e37eaf-3103-4ff1-880b-fdd0923c2537	1	69749346	72302735	1526	-0.2751
b8e37eaf-3103-4ff1-880b-fdd0923c2537	1	72302815	72345465	47	0.441
b8e37eaf-3103-4ff1-880b-fdd0923c2537	1	72346221	84279890	7707	-0.2761
b8e37eaf-3103-4ff1-880b-fdd0923c2537	1	84279920	84280020	2	-1.9683
b8e37eaf-3103-4ff1-880b-fdd0923c2537	1	84283041	93849499	6084	-0.2796
b8e37eaf-3103-4ff1-880b-fdd0923c2537	1	93852127	105470754	7150	0.0538
b8e37eaf-3103-4ff1-880b-fdd0923c2537	1	105476583	105479753	17	-1.9625
b8e37eaf-3103-4ff1-880b-fdd0923c2537	1	105481433	143494500	9780	0.0788
b8e37eaf-3103-4ff1-880b-fdd0923c2537	1	143541857	143796140	117	-1.9274
b8e37eaf-3103-4ff1-880b-fdd0923c2537	1	143811517	144503849	22	-0.6329
b8e37eaf-3103-4ff1-880b-fdd0923c2537	1	144503864	150057713	975	0.067
b8e37eaf-3103-4ff1-880b-fdd0923c2537	1	150057994	150058787	2	-1.6965
b8e37eaf-3103-4ff1-880b-fdd0923c2537	1	150061347	152583230	1322	0.043
b8e37eaf-3103-4ff1-880b-fdd0923c2537	1	152583291	152614118	34	0.543
b8e37eaf-3103-4ff1-880b-fdd0923c2537	1	152618018	152782154	158	0.0717
b8e37eaf-3103-4ff1-880b-fdd0923c2537	1	152783832	152796224	44	0.3802
b8e37eaf-3103-4ff1-880b-fdd0923c2537	1	152801429	152888628	63	0.0778
b8e37eaf-3103-4ff1-880b-fdd0923c2537	1	152894712	153035713	121	0.4041
b8e37eaf-3103-4ff1-880b-fdd0923c2537	1	153041606	169247699	11083	0.0513
b8e37eaf-3103-4ff1-880b-fdd0923c2537	1	169264736	169273163	8	0.819
b8e37eaf-3103-4ff1-880b-fdd0923c2537	1	169285639	169790550	393	0.0038
b8e37eaf-3103-4ff1-880b-fdd0923c2537	1	169791205	169793812	2	-1.1946
b8e37eaf-3103-4ff1-880b-fdd0923c2537	1	169795911	173995068	2752	0.0171
b8e37eaf-3103-4ff1-880b-fdd0923c2537	1	173995146	174778232	323	-0.1377
b8e37eaf-3103-4ff1-880b-fdd0923c2537	1	174786459	174827267	43	0.1339
b8e37eaf-3103-4ff1-880b-fdd0923c2537	1	174827418	174828195	7	-0.7912
b8e37eaf-3103-4ff1-880b-fdd0923c2537	1	174828247	174833014	16	-0.1799
b8e37eaf-3103-4ff1-880b-fdd0923c2537	1	174833313	175033554	101	0.1434
b8e37eaf-3103-4ff1-880b-fdd0923c2537	1	175044029	176251121	859	-0.1237
b8e37eaf-3103-4ff1-880b-fdd0923c2537	1	176263861	176320689	25	0.3505
b8e37eaf-3103-4ff1-880b-fdd0923c2537	1	176323099	180165937	2598	-0.1146
b8e37eaf-3103-4ff1-880b-fdd0923c2537	1	180167369	182917948	1903	0.4384
b8e37eaf-3103-4ff1-880b-fdd0923c2537	1	182920109	189173963	4080	-0.1406
b8e37eaf-3103-4ff1-880b-fdd0923c2537	1	189177925	189190942	13	0.4344
b8e37eaf-3103-4ff1-880b-fdd0923c2537	1	189193276	191270179	1400	-0.1255
b8e37eaf-3103-4ff1-880b-fdd0923c2537	1	191273195	191330353	32	0.2409
b8e37eaf-3103-4ff1-880b-fdd0923c2537	1	191330381	191876711	332	0.3958
b8e37eaf-3103-4ff1-880b-fdd0923c2537	1	191877412	193808930	1374	0.61
b8e37eaf-3103-4ff1-880b-fdd0923c2537	1	193809717	196742057	1901	-0.151
b8e37eaf-3103-4ff1-880b-fdd0923c2537	1	196745692	196859672	72	0.1382
b8e37eaf-3103-4ff1-880b-fdd0923c2537	1	196859741	197509123	339	-0.1665
b8e37eaf-3103-4ff1-880b-fdd0923c2537	1	197516493	197867511	193	0.3671
b8e37eaf-3103-4ff1-880b-fdd0923c2537	1	197867948	198939447	695	0.6106
b8e37eaf-3103-4ff1-880b-fdd0923c2537	1	198942559	200598273	1158	-0.1689
b8e37eaf-3103-4ff1-880b-fdd0923c2537	1	200598468	209897717	6380	-0.102
b8e37eaf-3103-4ff1-880b-fdd0923c2537	1	209908268	209910639	3	1.0241
b8e37eaf-3103-4ff1-880b-fdd0923c2537	1	209913207	218188467	5820	-0.1178
b8e37eaf-3103-4ff1-880b-fdd0923c2537	1	218188740	218328224	86	-0.1925
b8e37eaf-3103-4ff1-880b-fdd0923c2537	1	218336487	222193326	2687	0.0426
b8e37eaf-3103-4ff1-880b-fdd0923c2537	1	222201492	222203662	2	-2.5908
b8e37eaf-3103-4ff1-880b-fdd0923c2537	1	222208792	225465182	1961	0.0538
b8e37eaf-3103-4ff1-880b-fdd0923c2537	1	225469573	238699679	9397	0.0069
b8e37eaf-3103-4ff1-880b-fdd0923c2537	1	238701273	246479836	5623	-0.0337
b8e37eaf-3103-4ff1-880b-fdd0923c2537	1	246482495	246548302	44	-0.0963
b8e37eaf-3103-4ff1-880b-fdd0923c2537	1	246548342	248546369	1204	-0.3974
b8e37eaf-3103-4ff1-880b-fdd0923c2537	1	248550567	248626987	31	-0.9309
b8e37eaf-3103-4ff1-880b-fdd0923c2537	1	248631163	248930189	145	-0.4438
b8e37eaf-3103-4ff1-880b-fdd0923c2537	2	12784	1691331	1098	0.318
b8e37eaf-3103-4ff1-880b-fdd0923c2537	2	1692244	2378571	456	0.5607
b8e37eaf-3103-4ff1-880b-fdd0923c2537	2	2386802	3335275	795	0.3735
b8e37eaf-3103-4ff1-880b-fdd0923c2537	2	3335305	3966062	479	0.6063
b8e37eaf-3103-4ff1-880b-fdd0923c2537	2	3967254	4158097	160	0.2957
b8e37eaf-3103-4ff1-880b-fdd0923c2537	2	4166274	4176243	41	-0.0393
b8e37eaf-3103-4ff1-880b-fdd0923c2537	2	4176429	5839060	1356	0.3345
b8e37eaf-3103-4ff1-880b-fdd0923c2537	2	5839631	6429539	590	0.5376
b8e37eaf-3103-4ff1-880b-fdd0923c2537	2	6430506	23770655	12675	0.3379
b8e37eaf-3103-4ff1-880b-fdd0923c2537	2	23773057	24001290	79	-0.274
b8e37eaf-3103-4ff1-880b-fdd0923c2537	2	24001526	28930708	2474	0.3245
b8e37eaf-3103-4ff1-880b-fdd0923c2537	2	28933651	30709521	1400	0.7482
b8e37eaf-3103-4ff1-880b-fdd0923c2537	2	30714586	33433580	1648	0.3337
b8e37eaf-3103-4ff1-880b-fdd0923c2537	2	33435227	33782118	264	-0.3033
b8e37eaf-3103-4ff1-880b-fdd0923c2537	2	33782408	33954137	161	0.0036
b8e37eaf-3103-4ff1-880b-fdd0923c2537	2	33956304	34295406	303	-0.1243
b8e37eaf-3103-4ff1-880b-fdd0923c2537	2	34298911	34300513	2	1.1518
b8e37eaf-3103-4ff1-880b-fdd0923c2537	2	34300900	34492907	125	-0.1467
b8e37eaf-3103-4ff1-880b-fdd0923c2537	2	34492921	34512965	19	-0.5948
b8e37eaf-3103-4ff1-880b-fdd0923c2537	2	34515572	35397128	591	-0.0966
b8e37eaf-3103-4ff1-880b-fdd0923c2537	2	35397391	38954624	2697	-0.2129
b8e37eaf-3103-4ff1-880b-fdd0923c2537	2	38959008	39037501	56	0.2273
b8e37eaf-3103-4ff1-880b-fdd0923c2537	2	39039848	39099135	30	-0.367
b8e37eaf-3103-4ff1-880b-fdd0923c2537	2	39103236	39153837	19	0.3209
b8e37eaf-3103-4ff1-880b-fdd0923c2537	2	39157336	39178429	10	-0.2078
b8e37eaf-3103-4ff1-880b-fdd0923c2537	2	39182713	41766586	2018	-0.2991
b8e37eaf-3103-4ff1-880b-fdd0923c2537	2	41769185	41861874	117	0.0133
b8e37eaf-3103-4ff1-880b-fdd0923c2537	2	41862899	42356190	372	0.5425
b8e37eaf-3103-4ff1-880b-fdd0923c2537	2	42361487	43247533	558	0.079
b8e37eaf-3103-4ff1-880b-fdd0923c2537	2	43255905	43463855	135	0.5368
b8e37eaf-3103-4ff1-880b-fdd0923c2537	2	43471811	43577467	65	0.0062
b8e37eaf-3103-4ff1-880b-fdd0923c2537	2	43578844	44332416	522	0.5551
b8e37eaf-3103-4ff1-880b-fdd0923c2537	2	44335494	46722198	1920	0.0896
b8e37eaf-3103-4ff1-880b-fdd0923c2537	2	46724353	47690915	628	0.3659
b8e37eaf-3103-4ff1-880b-fdd0923c2537	2	47692617	48364807	317	0.2479
b8e37eaf-3103-4ff1-880b-fdd0923c2537	2	48365063	50451405	1480	0.3365
b8e37eaf-3103-4ff1-880b-fdd0923c2537	2	50454444	52527330	1455	0.4308
b8e37eaf-3103-4ff1-880b-fdd0923c2537	2	52527342	52554236	33	0.9289
b8e37eaf-3103-4ff1-880b-fdd0923c2537	2	52554259	54768609	1710	0.463
b8e37eaf-3103-4ff1-880b-fdd0923c2537	2	54769315	54853486	71	0.2245
b8e37eaf-3103-4ff1-880b-fdd0923c2537	2	54853945	55176499	284	0.442
b8e37eaf-3103-4ff1-880b-fdd0923c2537	2	55179243	56336135	706	0.2503
b8e37eaf-3103-4ff1-880b-fdd0923c2537	2	56337421	57343533	720	0.5542
b8e37eaf-3103-4ff1-880b-fdd0923c2537	2	57345318	57554021	135	0.3263
b8e37eaf-3103-4ff1-880b-fdd0923c2537	2	57557743	57642076	54	-0.2547
b8e37eaf-3103-4ff1-880b-fdd0923c2537	2	57644919	58332292	404	-0.7733
b8e37eaf-3103-4ff1-880b-fdd0923c2537	2	58333544	58606078	146	-0.3382
b8e37eaf-3103-4ff1-880b-fdd0923c2537	2	58606343	60901932	1604	-0.7246
b8e37eaf-3103-4ff1-880b-fdd0923c2537	2	60902726	64029606	1454	-0.3032
b8e37eaf-3103-4ff1-880b-fdd0923c2537	2	64029767	70200325	4315	-0.7285
b8e37eaf-3103-4ff1-880b-fdd0923c2537	2	70201704	72197862	1332	0.0627
b8e37eaf-3103-4ff1-880b-fdd0923c2537	2	72203534	72384046	71	-0.2148
b8e37eaf-3103-4ff1-880b-fdd0923c2537	2	72385745	73544568	465	0.0326
b8e37eaf-3103-4ff1-880b-fdd0923c2537	2	73544741	80316000	4700	-0.2627
b8e37eaf-3103-4ff1-880b-fdd0923c2537	2	80321379	80680823	271	0.0516
b8e37eaf-3103-4ff1-880b-fdd0923c2537	2	80681184	92078382	4495	-0.2524
b8e37eaf-3103-4ff1-880b-fdd0923c2537	2	94662162	99401297	1845	0.1123
b8e37eaf-3103-4ff1-880b-fdd0923c2537	2	99403095	101260947	1252	0.1722
b8e37eaf-3103-4ff1-880b-fdd0923c2537	2	101260963	108356669	4718	0.0842
b8e37eaf-3103-4ff1-880b-fdd0923c2537	2	108365709	108446237	49	-0.3518
b8e37eaf-3103-4ff1-880b-fdd0923c2537	2	108446538	141517326	19640	-0.2412
b8e37eaf-3103-4ff1-880b-fdd0923c2537	2	141517756	146106875	2762	-0.3038
b8e37eaf-3103-4ff1-880b-fdd0923c2537	2	146106889	146109366	21	-1.5485
b8e37eaf-3103-4ff1-880b-fdd0923c2537	2	146120238	183201200	22806	-0.2732
b8e37eaf-3103-4ff1-880b-fdd0923c2537	2	183202615	184903127	1115	0.3262
b8e37eaf-3103-4ff1-880b-fdd0923c2537	2	184904472	184910430	6	0.0182
b8e37eaf-3103-4ff1-880b-fdd0923c2537	2	184912538	185276825	193	-0.2961
b8e37eaf-3103-4ff1-880b-fdd0923c2537	2	185284268	198352010	7280	0.011
b8e37eaf-3103-4ff1-880b-fdd0923c2537	2	198354607	198747094	256	0.3037
b8e37eaf-3103-4ff1-880b-fdd0923c2537	2	198753102	200496465	1077	0.0025
b8e37eaf-3103-4ff1-880b-fdd0923c2537	2	200498208	201015866	312	0.313
b8e37eaf-3103-4ff1-880b-fdd0923c2537	2	201019902	204701832	2026	0.0308
b8e37eaf-3103-4ff1-880b-fdd0923c2537	2	204710175	205660903	703	0.3093
b8e37eaf-3103-4ff1-880b-fdd0923c2537	2	205664160	205999150	263	0.0575
b8e37eaf-3103-4ff1-880b-fdd0923c2537	2	206000140	216509960	6715	0.3143
b8e37eaf-3103-4ff1-880b-fdd0923c2537	2	216512246	221086228	2897	0.3585
b8e37eaf-3103-4ff1-880b-fdd0923c2537	2	221087139	230485833	6204	0.2957
b8e37eaf-3103-4ff1-880b-fdd0923c2537	2	230486593	230533570	21	-0.4466
b8e37eaf-3103-4ff1-880b-fdd0923c2537	2	230538382	232628923	1094	0.3124
b8e37eaf-3103-4ff1-880b-fdd0923c2537	2	232629916	232794078	91	-0.8272
b8e37eaf-3103-4ff1-880b-fdd0923c2537	2	232797634	233359157	352	-0.1493
b8e37eaf-3103-4ff1-880b-fdd0923c2537	2	233364773	235905087	1891	-0.8436
b8e37eaf-3103-4ff1-880b-fdd0923c2537	2	235908875	235920495	14	0.4159
b8e37eaf-3103-4ff1-880b-fdd0923c2537	2	235923929	236197532	148	-0.8132
b8e37eaf-3103-4ff1-880b-fdd0923c2537	2	236200983	242147305	3541	0.3442
b8e37eaf-3103-4ff1-880b-fdd0923c2537	3	20930	2947044	2553	-0.688
b8e37eaf-3103-4ff1-880b-fdd0923c2537	3	2947958	3904406	940	-0.3545
b8e37eaf-3103-4ff1-880b-fdd0923c2537	3	3904691	6603914	2309	-0.2654
b8e37eaf-3103-4ff1-880b-fdd0923c2537	3	6604856	6613391	25	-1.0069
b8e37eaf-3103-4ff1-880b-fdd0923c2537	3	6613561	8885680	1971	-0.2495
b8e37eaf-3103-4ff1-880b-fdd0923c2537	3	8889873	8943748	55	-0.0462
b8e37eaf-3103-4ff1-880b-fdd0923c2537	3	8946431	13970034	3550	0.0524
b8e37eaf-3103-4ff1-880b-fdd0923c2537	3	13973190	14048473	27	-0.3062
b8e37eaf-3103-4ff1-880b-fdd0923c2537	3	14048843	14924000	650	0.0701
b8e37eaf-3103-4ff1-880b-fdd0923c2537	3	14926719	17035776	1409	-0.0036
b8e37eaf-3103-4ff1-880b-fdd0923c2537	3	17035794	37935926	14104	-0.267
b8e37eaf-3103-4ff1-880b-fdd0923c2537	3	37940617	37945437	18	-0.7536
b8e37eaf-3103-4ff1-880b-fdd0923c2537	3	37945615	52989195	8062	-0.2526
b8e37eaf-3103-4ff1-880b-fdd0923c2537	3	52994359	53005473	42	-0.9715
b8e37eaf-3103-4ff1-880b-fdd0923c2537	3	53005661	68697013	12018	-0.238
b8e37eaf-3103-4ff1-880b-fdd0923c2537	3	68697108	68698262	14	-1.1467
b8e37eaf-3103-4ff1-880b-fdd0923c2537	3	68699607	69390946	549	-0.2625
b8e37eaf-3103-4ff1-880b-fdd0923c2537	3	69391555	75519398	4377	-0.1078
b8e37eaf-3103-4ff1-880b-fdd0923c2537	3	75523398	75547095	8	0.6458
b8e37eaf-3103-4ff1-880b-fdd0923c2537	3	75559488	76136808	235	-0.1252
b8e37eaf-3103-4ff1-880b-fdd0923c2537	3	76142860	77775868	1054	-0.2844
b8e37eaf-3103-4ff1-880b-fdd0923c2537	3	77778305	79025909	699	-0.1106
b8e37eaf-3103-4ff1-880b-fdd0923c2537	3	79026377	79059809	15	0.2661
b8e37eaf-3103-4ff1-880b-fdd0923c2537	3	79060155	80397869	733	-0.1077
b8e37eaf-3103-4ff1-880b-fdd0923c2537	3	80401896	80580944	131	-0.3198
b8e37eaf-3103-4ff1-880b-fdd0923c2537	3	80585718	93808615	5264	-0.135
b8e37eaf-3103-4ff1-880b-fdd0923c2537	3	93811402	99226455	2853	-0.3805
b8e37eaf-3103-4ff1-880b-fdd0923c2537	3	99226551	99230212	13	-1.1965
b8e37eaf-3103-4ff1-880b-fdd0923c2537	3	99230225	107314617	4775	-0.3941
b8e37eaf-3103-4ff1-880b-fdd0923c2537	3	107316951	107317337	2	-2.0064
b8e37eaf-3103-4ff1-880b-fdd0923c2537	3	107320614	115670707	5113	-0.4083
b8e37eaf-3103-4ff1-880b-fdd0923c2537	3	115673719	116060010	248	0.0055
b8e37eaf-3103-4ff1-880b-fdd0923c2537	3	116063872	116088803	15	-0.3255
b8e37eaf-3103-4ff1-880b-fdd0923c2537	3	116095094	116326848	156	-0.9313
b8e37eaf-3103-4ff1-880b-fdd0923c2537	3	116327013	125370926	5755	-0.3856
b8e37eaf-3103-4ff1-880b-fdd0923c2537	3	125378238	125481793	47	-0.0217
b8e37eaf-3103-4ff1-880b-fdd0923c2537	3	125486262	130067366	2583	-0.3656
b8e37eaf-3103-4ff1-880b-fdd0923c2537	3	130067443	130087393	31	-1.6706
b8e37eaf-3103-4ff1-880b-fdd0923c2537	3	130088081	158951771	17831	-0.401
b8e37eaf-3103-4ff1-880b-fdd0923c2537	3	158952665	160593887	966	-0.0699
b8e37eaf-3103-4ff1-880b-fdd0923c2537	3	160595415	162248755	1095	-0.0034
b8e37eaf-3103-4ff1-880b-fdd0923c2537	3	162251702	162499233	149	-0.1211
b8e37eaf-3103-4ff1-880b-fdd0923c2537	3	162500556	162519166	30	0.2652
b8e37eaf-3103-4ff1-880b-fdd0923c2537	3	162519243	162788742	165	-0.0378
b8e37eaf-3103-4ff1-880b-fdd0923c2537	3	162790390	162898127	67	0.3214
b8e37eaf-3103-4ff1-880b-fdd0923c2537	3	162906054	177685004	9115	-0.0246
b8e37eaf-3103-4ff1-880b-fdd0923c2537	3	177685206	182585930	2818	0.0222
b8e37eaf-3103-4ff1-880b-fdd0923c2537	3	182586756	182591123	2	-1.2488
b8e37eaf-3103-4ff1-880b-fdd0923c2537	3	182591887	185194886	1452	0.0457
b8e37eaf-3103-4ff1-880b-fdd0923c2537	3	185194960	185538167	180	-0.3235
b8e37eaf-3103-4ff1-880b-fdd0923c2537	3	185541091	193160173	5592	0.0508
b8e37eaf-3103-4ff1-880b-fdd0923c2537	3	193160256	193165114	18	-0.5222
b8e37eaf-3103-4ff1-880b-fdd0923c2537	3	193168646	195728637	1507	0.0643
b8e37eaf-3103-4ff1-880b-fdd0923c2537	3	195728990	195747892	18	-0.3794
b8e37eaf-3103-4ff1-880b-fdd0923c2537	3	195751823	197064524	609	0.0457
b8e37eaf-3103-4ff1-880b-fdd0923c2537	3	197065775	198169247	557	-0.814
b8e37eaf-3103-4ff1-880b-fdd0923c2537	4	68929	264574	94	-0.8176
b8e37eaf-3103-4ff1-880b-fdd0923c2537	4	266837	267018	3	1.0216
b8e37eaf-3103-4ff1-880b-fdd0923c2537	4	273074	756515	157	-0.8461
b8e37eaf-3103-4ff1-880b-fdd0923c2537	4	756877	1387060	266	-0.352
b8e37eaf-3103-4ff1-880b-fdd0923c2537	4	1391361	10876522	5739	-0.2461
b8e37eaf-3103-4ff1-880b-fdd0923c2537	4	10878337	11605877	659	-0.3013
b8e37eaf-3103-4ff1-880b-fdd0923c2537	4	11607497	11614412	8	0.4724
b8e37eaf-3103-4ff1-880b-fdd0923c2537	4	11614492	20428145	6296	-0.302
b8e37eaf-3103-4ff1-880b-fdd0923c2537	4	20430487	22061405	1268	0.2229
b8e37eaf-3103-4ff1-880b-fdd0923c2537	4	22064652	28798385	4544	-0.3096
b8e37eaf-3103-4ff1-880b-fdd0923c2537	4	28802261	34764149	3642	0.1794
b8e37eaf-3103-4ff1-880b-fdd0923c2537	4	34768684	34828327	51	0.498
b8e37eaf-3103-4ff1-880b-fdd0923c2537	4	34828382	36534634	1144	0.177
b8e37eaf-3103-4ff1-880b-fdd0923c2537	4	36538381	36538411	2	-1.9096
b8e37eaf-3103-4ff1-880b-fdd0923c2537	4	36544419	37650387	806	0.2047
b8e37eaf-3103-4ff1-880b-fdd0923c2537	4	37652573	37953793	248	0.4107
b8e37eaf-3103-4ff1-880b-fdd0923c2537	4	37953881	40003768	1258	0.1889
b8e37eaf-3103-4ff1-880b-fdd0923c2537	4	40007305	45285056	3353	0.3404
b8e37eaf-3103-4ff1-880b-fdd0923c2537	4	45287078	45287499	2	-0.972
b8e37eaf-3103-4ff1-880b-fdd0923c2537	4	45293289	49091769	2138	0.3418
b8e37eaf-3103-4ff1-880b-fdd0923c2537	4	49112078	49656595	32	-0.2419
b8e37eaf-3103-4ff1-880b-fdd0923c2537	4	51819533	54241451	1452	0.5277
b8e37eaf-3103-4ff1-880b-fdd0923c2537	4	54249536	54249593	6	-0.2184
b8e37eaf-3103-4ff1-880b-fdd0923c2537	4	54254390	59454315	3584	0.5314
b8e37eaf-3103-4ff1-880b-fdd0923c2537	4	59459231	59464727	5	1.3983
b8e37eaf-3103-4ff1-880b-fdd0923c2537	4	59465817	62802116	1952	0.5188
b8e37eaf-3103-4ff1-880b-fdd0923c2537	4	62804218	62805869	7	-0.0826
b8e37eaf-3103-4ff1-880b-fdd0923c2537	4	62805944	62853455	16	0.4933
b8e37eaf-3103-4ff1-880b-fdd0923c2537	4	62857795	62939162	50	0.8523
b8e37eaf-3103-4ff1-880b-fdd0923c2537	4	62940863	63265520	176	0.5306
b8e37eaf-3103-4ff1-880b-fdd0923c2537	4	63275560	63286195	6	-0.0111
b8e37eaf-3103-4ff1-880b-fdd0923c2537	4	63288849	63806949	292	0.5298
b8e37eaf-3103-4ff1-880b-fdd0923c2537	4	63807836	63828222	14	0.318
b8e37eaf-3103-4ff1-880b-fdd0923c2537	4	63831751	63840033	19	-0.7014
b8e37eaf-3103-4ff1-880b-fdd0923c2537	4	63841863	63842540	8	-2.6164
b8e37eaf-3103-4ff1-880b-fdd0923c2537	4	63850713	68354665	2847	0.5032
b8e37eaf-3103-4ff1-880b-fdd0923c2537	4	68361130	68620122	87	1.08
b8e37eaf-3103-4ff1-880b-fdd0923c2537	4	68620261	69989418	768	0.538
b8e37eaf-3103-4ff1-880b-fdd0923c2537	4	69989466	72992346	1793	0.9662
b8e37eaf-3103-4ff1-880b-fdd0923c2537	4	72992679	73953784	551	0.4758
b8e37eaf-3103-4ff1-880b-fdd0923c2537	4	73954217	74205448	142	0.9849
b8e37eaf-3103-4ff1-880b-fdd0923c2537	4	74206010	74224091	27	0.7024
b8e37eaf-3103-4ff1-880b-fdd0923c2537	4	74224153	74674676	261	0.9837
b8e37eaf-3103-4ff1-880b-fdd0923c2537	4	74676253	75542367	556	-0.29
b8e37eaf-3103-4ff1-880b-fdd0923c2537	4	75546266	75686944	84	0.5045
b8e37eaf-3103-4ff1-880b-fdd0923c2537	4	75687423	76439278	489	-0.3367
b8e37eaf-3103-4ff1-880b-fdd0923c2537	4	76442973	76947187	368	0.5154
b8e37eaf-3103-4ff1-880b-fdd0923c2537	4	76954208	77294377	309	0.9786
b8e37eaf-3103-4ff1-880b-fdd0923c2537	4	77295863	77307084	11	0.3154
b8e37eaf-3103-4ff1-880b-fdd0923c2537	4	77307102	77318037	19	0.8289
b8e37eaf-3103-4ff1-880b-fdd0923c2537	4	77318828	77898792	371	0.4853
b8e37eaf-3103-4ff1-880b-fdd0923c2537	4	77899532	78781392	624	0.9519
b8e37eaf-3103-4ff1-880b-fdd0923c2537	4	78783056	78907896	55	0.4585
b8e37eaf-3103-4ff1-880b-fdd0923c2537	4	78922567	78994173	52	-0.3615
b8e37eaf-3103-4ff1-880b-fdd0923c2537	4	78997397	80257006	699	0.4749
b8e37eaf-3103-4ff1-880b-fdd0923c2537	4	80257529	85247297	3015	-0.3217
b8e37eaf-3103-4ff1-880b-fdd0923c2537	4	85251356	85280937	31	0.938
b8e37eaf-3103-4ff1-880b-fdd0923c2537	4	85283836	86503186	847	-0.3279
b8e37eaf-3103-4ff1-880b-fdd0923c2537	4	86504222	86757973	105	0.4913
b8e37eaf-3103-4ff1-880b-fdd0923c2537	4	86759913	87963788	834	0.9599
b8e37eaf-3103-4ff1-880b-fdd0923c2537	4	87963816	101954515	8247	-0.3297
b8e37eaf-3103-4ff1-880b-fdd0923c2537	4	101958164	101972242	10	0.4638
b8e37eaf-3103-4ff1-880b-fdd0923c2537	4	101972732	102024265	38	-0.3153
b8e37eaf-3103-4ff1-880b-fdd0923c2537	4	102029856	102090936	47	0.3461
b8e37eaf-3103-4ff1-880b-fdd0923c2537	4	102095287	102285904	127	-0.3258
b8e37eaf-3103-4ff1-880b-fdd0923c2537	4	102286223	102458631	105	0.9967
b8e37eaf-3103-4ff1-880b-fdd0923c2537	4	102461261	103824414	777	-0.3218
b8e37eaf-3103-4ff1-880b-fdd0923c2537	4	103830473	103830480	5	0.9575
b8e37eaf-3103-4ff1-880b-fdd0923c2537	4	103830487	108758627	2848	-0.3334
b8e37eaf-3103-4ff1-880b-fdd0923c2537	4	108772770	109978892	691	0.9835
b8e37eaf-3103-4ff1-880b-fdd0923c2537	4	109979635	110247641	217	0.571
b8e37eaf-3103-4ff1-880b-fdd0923c2537	4	110248446	110277351	24	1.003
b8e37eaf-3103-4ff1-880b-fdd0923c2537	4	110285804	111140105	502	0.5054
b8e37eaf-3103-4ff1-880b-fdd0923c2537	4	111143800	111172198	15	0.8416
b8e37eaf-3103-4ff1-880b-fdd0923c2537	4	111183226	113592384	1563	-0.3091
b8e37eaf-3103-4ff1-880b-fdd0923c2537	4	113592669	113612114	2	-2.4817
b8e37eaf-3103-4ff1-880b-fdd0923c2537	4	113612862	114252544	429	-0.3928
b8e37eaf-3103-4ff1-880b-fdd0923c2537	4	114254167	114254256	6	-1.387
b8e37eaf-3103-4ff1-880b-fdd0923c2537	4	114254358	114258196	5	0.0471
b8e37eaf-3103-4ff1-880b-fdd0923c2537	4	114258272	114261019	12	-1.3991
b8e37eaf-3103-4ff1-880b-fdd0923c2537	4	114263073	114350830	87	-0.4264
b8e37eaf-3103-4ff1-880b-fdd0923c2537	4	114366175	115007413	374	1.7146
b8e37eaf-3103-4ff1-880b-fdd0923c2537	4	115010574	118716607	2150	-0.3968
b8e37eaf-3103-4ff1-880b-fdd0923c2537	4	118718546	119965425	761	1.6033
b8e37eaf-3103-4ff1-880b-fdd0923c2537	4	119968344	154102960	20141	-0.3853
b8e37eaf-3103-4ff1-880b-fdd0923c2537	4	154106617	154225395	66	-0.871
b8e37eaf-3103-4ff1-880b-fdd0923c2537	4	154225471	154330522	68	-0.3781
b8e37eaf-3103-4ff1-880b-fdd0923c2537	4	154330633	154335053	2	-1.2393
b8e37eaf-3103-4ff1-880b-fdd0923c2537	4	154335580	154881396	348	-0.3436
b8e37eaf-3103-4ff1-880b-fdd0923c2537	4	154881853	154881905	2	-2.6863
b8e37eaf-3103-4ff1-880b-fdd0923c2537	4	154881926	160958866	3910	-0.3598
b8e37eaf-3103-4ff1-880b-fdd0923c2537	4	160958972	160963448	19	-1.9532
b8e37eaf-3103-4ff1-880b-fdd0923c2537	4	160963756	167037951	3863	-0.3949
b8e37eaf-3103-4ff1-880b-fdd0923c2537	4	167038218	167038495	3	-2.0249
b8e37eaf-3103-4ff1-880b-fdd0923c2537	4	167040584	170051750	1908	-0.3917
b8e37eaf-3103-4ff1-880b-fdd0923c2537	4	170056852	170073915	17	-0.9073
b8e37eaf-3103-4ff1-880b-fdd0923c2537	4	170076823	170107804	16	-0.5381
b8e37eaf-3103-4ff1-880b-fdd0923c2537	4	170109656	170188460	53	-2.7157
b8e37eaf-3103-4ff1-880b-fdd0923c2537	4	170188502	172066777	1205	-0.3947
b8e37eaf-3103-4ff1-880b-fdd0923c2537	4	172067997	172080680	17	0.1996
b8e37eaf-3103-4ff1-880b-fdd0923c2537	4	172080895	172862318	420	-0.4102
b8e37eaf-3103-4ff1-880b-fdd0923c2537	4	172864573	180850856	5212	-0.8458
b8e37eaf-3103-4ff1-880b-fdd0923c2537	4	180851165	181071149	140	-1.9018
b8e37eaf-3103-4ff1-880b-fdd0923c2537	4	181072293	181375578	265	-0.8571
b8e37eaf-3103-4ff1-880b-fdd0923c2537	4	181378276	181507365	116	-1.9696
b8e37eaf-3103-4ff1-880b-fdd0923c2537	4	181507543	181626178	96	-4.3298
b8e37eaf-3103-4ff1-880b-fdd0923c2537	4	181626867	181716437	79	-2.1719
b8e37eaf-3103-4ff1-880b-fdd0923c2537	4	181716472	181740482	47	-1.3881
b8e37eaf-3103-4ff1-880b-fdd0923c2537	4	181741133	181900960	134	-0.8291
b8e37eaf-3103-4ff1-880b-fdd0923c2537	4	181901057	182022987	91	-0.3772
b8e37eaf-3103-4ff1-880b-fdd0923c2537	4	182023828	182315464	246	-0.79
b8e37eaf-3103-4ff1-880b-fdd0923c2537	4	182315542	182664524	273	-1.5546
b8e37eaf-3103-4ff1-880b-fdd0923c2537	4	182673785	189599703	4750	-0.8528
b8e37eaf-3103-4ff1-880b-fdd0923c2537	4	189602245	190106768	159	-0.5596
b8e37eaf-3103-4ff1-880b-fdd0923c2537	5	15532	36346	11	0.4104
b8e37eaf-3103-4ff1-880b-fdd0923c2537	5	37013	1560124	713	0.9396
b8e37eaf-3103-4ff1-880b-fdd0923c2537	5	1560382	1877166	196	0.7424
b8e37eaf-3103-4ff1-880b-fdd0923c2537	5	1880474	2788487	830	0.9998
b8e37eaf-3103-4ff1-880b-fdd0923c2537	5	2789532	4625914	1654	0.8143
b8e37eaf-3103-4ff1-880b-fdd0923c2537	5	4626347	6585121	1798	0.9708
b8e37eaf-3103-4ff1-880b-fdd0923c2537	5	6585361	6777728	168	1.2287
b8e37eaf-3103-4ff1-880b-fdd0923c2537	5	6780049	11161513	3722	0.9418
b8e37eaf-3103-4ff1-880b-fdd0923c2537	5	11162524	11162659	3	-1.3889
b8e37eaf-3103-4ff1-880b-fdd0923c2537	5	11167165	12800777	1085	0.9416
b8e37eaf-3103-4ff1-880b-fdd0923c2537	5	12815668	12826538	11	-0.996
b8e37eaf-3103-4ff1-880b-fdd0923c2537	5	12833745	13657124	452	0.9484
b8e37eaf-3103-4ff1-880b-fdd0923c2537	5	13657229	14267931	541	0.7786
b8e37eaf-3103-4ff1-880b-fdd0923c2537	5	14268868	15331010	746	0.96
b8e37eaf-3103-4ff1-880b-fdd0923c2537	5	15331022	15332597	10	0.4282
b8e37eaf-3103-4ff1-880b-fdd0923c2537	5	15332903	16828124	1002	0.9639
b8e37eaf-3103-4ff1-880b-fdd0923c2537	5	16830997	16831190	2	-0.2541
b8e37eaf-3103-4ff1-880b-fdd0923c2537	5	16834459	17193747	221	0.9459
b8e37eaf-3103-4ff1-880b-fdd0923c2537	5	17193954	17282003	60	1.1671
b8e37eaf-3103-4ff1-880b-fdd0923c2537	5	17286788	17347597	32	0.8441
b8e37eaf-3103-4ff1-880b-fdd0923c2537	5	17348113	21376735	2395	0.7485
b8e37eaf-3103-4ff1-880b-fdd0923c2537	5	21377730	21377744	2	-1.8402
b8e37eaf-3103-4ff1-880b-fdd0923c2537	5	21385957	24523946	1765	0.7442
b8e37eaf-3103-4ff1-880b-fdd0923c2537	5	24524295	27524345	1808	0.8849
b8e37eaf-3103-4ff1-880b-fdd0923c2537	5	27525283	27525913	10	-3.0223
b8e37eaf-3103-4ff1-880b-fdd0923c2537	5	27527372	27589862	36	0.7832
b8e37eaf-3103-4ff1-880b-fdd0923c2537	5	27591517	46191782	11353	0.9056
b8e37eaf-3103-4ff1-880b-fdd0923c2537	5	46195781	46199333	4	-0.5416
b8e37eaf-3103-4ff1-880b-fdd0923c2537	5	46209197	46271006	15	0.9193
b8e37eaf-3103-4ff1-880b-fdd0923c2537	5	46271828	46273400	6	2.1262
b8e37eaf-3103-4ff1-880b-fdd0923c2537	5	46278110	58025819	5067	0.8986
b8e37eaf-3103-4ff1-880b-fdd0923c2537	5	58030200	58037706	32	0.0413
b8e37eaf-3103-4ff1-880b-fdd0923c2537	5	58042530	77988965	11758	0.9019
b8e37eaf-3103-4ff1-880b-fdd0923c2537	5	77989318	78473120	252	0.7304
b8e37eaf-3103-4ff1-880b-fdd0923c2537	5	78473179	79757331	751	0.9003
b8e37eaf-3103-4ff1-880b-fdd0923c2537	5	79757463	80465227	464	0.7503
b8e37eaf-3103-4ff1-880b-fdd0923c2537	5	80467672	82193269	998	0.8915
b8e37eaf-3103-4ff1-880b-fdd0923c2537	5	82195037	83949699	1137	0.7282
b8e37eaf-3103-4ff1-880b-fdd0923c2537	5	83955423	84256436	164	0.9162
b8e37eaf-3103-4ff1-880b-fdd0923c2537	5	84257570	87997874	2001	0.7195
b8e37eaf-3103-4ff1-880b-fdd0923c2537	5	88003329	104717508	9480	0.5211
b8e37eaf-3103-4ff1-880b-fdd0923c2537	5	104724324	104751161	13	-0.6359
b8e37eaf-3103-4ff1-880b-fdd0923c2537	5	104758393	131877947	17744	0.4944
b8e37eaf-3103-4ff1-880b-fdd0923c2537	5	131879172	134099223	1476	0.5463
b8e37eaf-3103-4ff1-880b-fdd0923c2537	5	134100332	135036995	444	0.4803
b8e37eaf-3103-4ff1-880b-fdd0923c2537	5	135042082	139789292	2839	0.5538
b8e37eaf-3103-4ff1-880b-fdd0923c2537	5	139798577	139803311	4	-0.8596
b8e37eaf-3103-4ff1-880b-fdd0923c2537	5	139804359	142621589	1528	0.5793
b8e37eaf-3103-4ff1-880b-fdd0923c2537	5	142622667	142666523	36	1.0402
b8e37eaf-3103-4ff1-880b-fdd0923c2537	5	142667626	150586631	5360	0.5897
b8e37eaf-3103-4ff1-880b-fdd0923c2537	5	150586910	150954075	202	0.4855
b8e37eaf-3103-4ff1-880b-fdd0923c2537	5	150954136	170331504	13575	0.0489
b8e37eaf-3103-4ff1-880b-fdd0923c2537	5	170332986	178847733	5360	0.1066
b8e37eaf-3103-4ff1-880b-fdd0923c2537	5	178848212	178951513	54	-0.13
b8e37eaf-3103-4ff1-880b-fdd0923c2537	5	178953091	179620142	413	0.1284
b8e37eaf-3103-4ff1-880b-fdd0923c2537	5	179620185	179659244	27	-0.1478
b8e37eaf-3103-4ff1-880b-fdd0923c2537	5	179659493	180947523	738	0.1536
b8e37eaf-3103-4ff1-880b-fdd0923c2537	5	180951710	180991103	19	-1.6316
b8e37eaf-3103-4ff1-880b-fdd0923c2537	5	181006225	181363319	170	-0.0201
b8e37eaf-3103-4ff1-880b-fdd0923c2537	6	149661	254267	99	-0.801
b8e37eaf-3103-4ff1-880b-fdd0923c2537	6	254283	294837	23	-1.4542
b8e37eaf-3103-4ff1-880b-fdd0923c2537	6	302306	1137836	757	-0.7795
b8e37eaf-3103-4ff1-880b-fdd0923c2537	6	1144456	1181405	34	0.0052
b8e37eaf-3103-4ff1-880b-fdd0923c2537	6	1184180	8705772	6109	0.1055
b8e37eaf-3103-4ff1-880b-fdd0923c2537	6	8707273	20205679	8635	0.0649
b8e37eaf-3103-4ff1-880b-fdd0923c2537	6	20207330	22824078	1887	0.5651
b8e37eaf-3103-4ff1-880b-fdd0923c2537	6	22828213	24828331	1402	0.0891
b8e37eaf-3103-4ff1-880b-fdd0923c2537	6	24832485	25782086	692	-0.757
b8e37eaf-3103-4ff1-880b-fdd0923c2537	6	25782794	26743855	569	0.0309
b8e37eaf-3103-4ff1-880b-fdd0923c2537	6	26747492	26759781	5	-0.7842
b8e37eaf-3103-4ff1-880b-fdd0923c2537	6	26831719	27025838	59	0.1325
b8e37eaf-3103-4ff1-880b-fdd0923c2537	6	27026566	27941027	464	-0.0128
b8e37eaf-3103-4ff1-880b-fdd0923c2537	6	27941879	29882589	909	0.0755
b8e37eaf-3103-4ff1-880b-fdd0923c2537	6	29882603	29933799	17	-0.6618
b8e37eaf-3103-4ff1-880b-fdd0923c2537	6	29940692	30954793	402	0.0719
b8e37eaf-3103-4ff1-880b-fdd0923c2537	6	30960090	32396067	675	-0.8514
b8e37eaf-3103-4ff1-880b-fdd0923c2537	6	32405408	32463515	63	0.0526
b8e37eaf-3103-4ff1-880b-fdd0923c2537	6	32463775	32533522	19	1.455
b8e37eaf-3103-4ff1-880b-fdd0923c2537	6	32540699	33852991	740	0.1165
b8e37eaf-3103-4ff1-880b-fdd0923c2537	6	33857001	33970966	105	-0.617
b8e37eaf-3103-4ff1-880b-fdd0923c2537	6	33974234	33974928	6	-2.5419
b8e37eaf-3103-4ff1-880b-fdd0923c2537	6	33976809	35307605	698	-0.7146
b8e37eaf-3103-4ff1-880b-fdd0923c2537	6	35313429	36428042	655	0.0832
b8e37eaf-3103-4ff1-880b-fdd0923c2537	6	36431788	38338046	1216	-0.7554
b8e37eaf-3103-4ff1-880b-fdd0923c2537	6	38338577	38790051	342	0.0605
b8e37eaf-3103-4ff1-880b-fdd0923c2537	6	38795957	38817863	21	-0.6644
b8e37eaf-3103-4ff1-880b-fdd0923c2537	6	38818365	38912519	85	0.0351
b8e37eaf-3103-4ff1-880b-fdd0923c2537	6	38914118	39330954	342	-0.7229
b8e37eaf-3103-4ff1-880b-fdd0923c2537	6	39332699	39500972	127	0.1234
b8e37eaf-3103-4ff1-880b-fdd0923c2537	6	39511835	40562822	819	-0.738
b8e37eaf-3103-4ff1-880b-fdd0923c2537	6	40565154	41768718	869	0.139
b8e37eaf-3103-4ff1-880b-fdd0923c2537	6	41777210	42676908	497	0.5708
b8e37eaf-3103-4ff1-880b-fdd0923c2537	6	42678419	46669906	2398	0.1015
b8e37eaf-3103-4ff1-880b-fdd0923c2537	6	46672940	46958100	220	0.6354
b8e37eaf-3103-4ff1-880b-fdd0923c2537	6	46960032	46960083	2	-0.5745
b8e37eaf-3103-4ff1-880b-fdd0923c2537	6	46963821	47186133	206	0.5707
b8e37eaf-3103-4ff1-880b-fdd0923c2537	6	47191793	50303882	1822	0.0941
b8e37eaf-3103-4ff1-880b-fdd0923c2537	6	50306797	50593598	152	0.5788
b8e37eaf-3103-4ff1-880b-fdd0923c2537	6	50595928	51299815	385	0.0527
b8e37eaf-3103-4ff1-880b-fdd0923c2537	6	51300632	52064034	548	0.5583
b8e37eaf-3103-4ff1-880b-fdd0923c2537	6	52067952	52644742	391	0.0854
b8e37eaf-3103-4ff1-880b-fdd0923c2537	6	52644971	52650280	10	0.9983
b8e37eaf-3103-4ff1-880b-fdd0923c2537	6	52652208	53197032	397	0.1038
b8e37eaf-3103-4ff1-880b-fdd0923c2537	6	53201784	53345557	121	0.5665
b8e37eaf-3103-4ff1-880b-fdd0923c2537	6	53346027	54751812	1001	0.0869
b8e37eaf-3103-4ff1-880b-fdd0923c2537	6	54755305	54759003	6	0.9008
b8e37eaf-3103-4ff1-880b-fdd0923c2537	6	54762333	61126602	2001	-0.7452
b8e37eaf-3103-4ff1-880b-fdd0923c2537	6	61128391	61539254	101	-0.4655
b8e37eaf-3103-4ff1-880b-fdd0923c2537	6	61539765	66371217	2844	-0.7409
b8e37eaf-3103-4ff1-880b-fdd0923c2537	6	66371685	66433341	43	-0.2537
b8e37eaf-3103-4ff1-880b-fdd0923c2537	6	66436403	67427451	790	-0.7489
b8e37eaf-3103-4ff1-880b-fdd0923c2537	6	67429828	68125739	458	0.0743
b8e37eaf-3103-4ff1-880b-fdd0923c2537	6	68126533	68741307	359	-0.7765
b8e37eaf-3103-4ff1-880b-fdd0923c2537	6	68743215	69580456	525	0.0583
b8e37eaf-3103-4ff1-880b-fdd0923c2537	6	69583309	71223569	1059	0.5685
b8e37eaf-3103-4ff1-880b-fdd0923c2537	6	71223653	71565028	232	0.875
b8e37eaf-3103-4ff1-880b-fdd0923c2537	6	71566964	72097319	362	0.5823
b8e37eaf-3103-4ff1-880b-fdd0923c2537	6	72097605	73030591	618	0.9042
b8e37eaf-3103-4ff1-880b-fdd0923c2537	6	73031348	73882142	518	0.5754
b8e37eaf-3103-4ff1-880b-fdd0923c2537	6	73882509	73887625	9	1.2468
b8e37eaf-3103-4ff1-880b-fdd0923c2537	6	73891694	75066416	770	0.5396
b8e37eaf-3103-4ff1-880b-fdd0923c2537	6	75066980	75097848	24	-0.6666
b8e37eaf-3103-4ff1-880b-fdd0923c2537	6	75103576	75189618	59	0.0768
b8e37eaf-3103-4ff1-880b-fdd0923c2537	6	75193088	75248037	35	-0.8461
b8e37eaf-3103-4ff1-880b-fdd0923c2537	6	75250825	75532861	165	0.0506
b8e37eaf-3103-4ff1-880b-fdd0923c2537	6	75536645	76719482	711	-0.7111
b8e37eaf-3103-4ff1-880b-fdd0923c2537	6	76719514	76875593	135	-0.3872
b8e37eaf-3103-4ff1-880b-fdd0923c2537	6	76879514	78253172	866	-0.7407
b8e37eaf-3103-4ff1-880b-fdd0923c2537	6	78259348	78325468	112	-0.1283
b8e37eaf-3103-4ff1-880b-fdd0923c2537	6	78329517	79721227	848	-0.741
b8e37eaf-3103-4ff1-880b-fdd0923c2537	6	79725162	81717150	1400	0.0712
b8e37eaf-3103-4ff1-880b-fdd0923c2537	6	81720089	82751302	610	-0.7559
b8e37eaf-3103-4ff1-880b-fdd0923c2537	6	82751585	82891046	85	0.0602
b8e37eaf-3103-4ff1-880b-fdd0923c2537	6	82892349	84213582	761	-0.7146
b8e37eaf-3103-4ff1-880b-fdd0923c2537	6	84219035	85457986	871	0.5564
b8e37eaf-3103-4ff1-880b-fdd0923c2537	6	85462225	85480983	13	-0.8639
b8e37eaf-3103-4ff1-880b-fdd0923c2537	6	85483756	85683872	78	0.0545
b8e37eaf-3103-4ff1-880b-fdd0923c2537	6	85684187	87422001	984	-0.7295
b8e37eaf-3103-4ff1-880b-fdd0923c2537	6	87431422	89345957	1216	0.0595
b8e37eaf-3103-4ff1-880b-fdd0923c2537	6	89348950	89867352	297	0.5473
b8e37eaf-3103-4ff1-880b-fdd0923c2537	6	89877006	89999202	104	-0.7906
b8e37eaf-3103-4ff1-880b-fdd0923c2537	6	90004335	90154476	100	0.0542
b8e37eaf-3103-4ff1-880b-fdd0923c2537	6	90158347	91982258	1263	-0.7782
b8e37eaf-3103-4ff1-880b-fdd0923c2537	6	91984507	92567042	393	0.0306
b8e37eaf-3103-4ff1-880b-fdd0923c2537	6	92567662	92723080	88	-0.7649
b8e37eaf-3103-4ff1-880b-fdd0923c2537	6	92728392	93533915	639	0.0719
b8e37eaf-3103-4ff1-880b-fdd0923c2537	6	93536056	94108633	352	-0.755
b8e37eaf-3103-4ff1-880b-fdd0923c2537	6	94109452	94627135	347	-0.319
b8e37eaf-3103-4ff1-880b-fdd0923c2537	6	94631591	94970302	224	0.3597
b8e37eaf-3103-4ff1-880b-fdd0923c2537	6	95386776	96615848	720	-0.3805
b8e37eaf-3103-4ff1-880b-fdd0923c2537	6	96617812	99818247	2044	0.2972
b8e37eaf-3103-4ff1-880b-fdd0923c2537	6	99822570	100381259	323	-0.3514
b8e37eaf-3103-4ff1-880b-fdd0923c2537	6	100381705	100406746	25	0.6968
b8e37eaf-3103-4ff1-880b-fdd0923c2537	6	100408555	100416404	7	1.2995
b8e37eaf-3103-4ff1-880b-fdd0923c2537	6	100416481	100486313	41	0.7473
b8e37eaf-3103-4ff1-880b-fdd0923c2537	6	100486767	100493600	8	-0.1509
b8e37eaf-3103-4ff1-880b-fdd0923c2537	6	100494341	100605850	42	0.293
b8e37eaf-3103-4ff1-880b-fdd0923c2537	6	100605988	100697783	42	-0.4311
b8e37eaf-3103-4ff1-880b-fdd0923c2537	6	100699219	100747777	28	0.3709
b8e37eaf-3103-4ff1-880b-fdd0923c2537	6	100755175	101951404	714	-0.3707
b8e37eaf-3103-4ff1-880b-fdd0923c2537	6	101957135	102218833	166	0.3162
b8e37eaf-3103-4ff1-880b-fdd0923c2537	6	102219528	103362533	708	0.057
b8e37eaf-3103-4ff1-880b-fdd0923c2537	6	103362717	103377647	6	-0.202
b8e37eaf-3103-4ff1-880b-fdd0923c2537	6	103377649	103576610	150	-0.7679
b8e37eaf-3103-4ff1-880b-fdd0923c2537	6	103579424	103583961	7	-0.1976
b8e37eaf-3103-4ff1-880b-fdd0923c2537	6	103584558	104146072	308	0.0666
b8e37eaf-3103-4ff1-880b-fdd0923c2537	6	104146495	105386367	775	0.2926
b8e37eaf-3103-4ff1-880b-fdd0923c2537	6	105387947	107277432	1201	0.0369
b8e37eaf-3103-4ff1-880b-fdd0923c2537	6	107292605	107720940	289	-0.777
b8e37eaf-3103-4ff1-880b-fdd0923c2537	6	107721130	108023902	225	0.0557
b8e37eaf-3103-4ff1-880b-fdd0923c2537	6	108025473	109827621	1039	0.2659
b8e37eaf-3103-4ff1-880b-fdd0923c2537	6	109835092	109871234	31	-0.4027
b8e37eaf-3103-4ff1-880b-fdd0923c2537	6	109872449	110052245	142	-0.8248
b8e37eaf-3103-4ff1-880b-fdd0923c2537	6	110063863	110488606	296	-0.3595
b8e37eaf-3103-4ff1-880b-fdd0923c2537	6	110492725	112668049	1293	0.2747
b8e37eaf-3103-4ff1-880b-fdd0923c2537	6	112670175	113617493	655	0.0586
b8e37eaf-3103-4ff1-880b-fdd0923c2537	6	113620909	114288923	452	-0.7708
b8e37eaf-3103-4ff1-880b-fdd0923c2537	6	114295800	114364711	37	-0.1409
b8e37eaf-3103-4ff1-880b-fdd0923c2537	6	114365312	114382277	6	0.7358
b8e37eaf-3103-4ff1-880b-fdd0923c2537	6	114386196	114444852	40	-0.7651
b8e37eaf-3103-4ff1-880b-fdd0923c2537	6	114445093	114482838	19	0.0373
b8e37eaf-3103-4ff1-880b-fdd0923c2537	6	114485731	114509495	15	-0.8168
b8e37eaf-3103-4ff1-880b-fdd0923c2537	6	114512571	114565569	27	0.1264
b8e37eaf-3103-4ff1-880b-fdd0923c2537	6	114569157	114905963	201	-0.7707
b8e37eaf-3103-4ff1-880b-fdd0923c2537	6	114923004	114930564	2	-2.6067
b8e37eaf-3103-4ff1-880b-fdd0923c2537	6	114936470	116215088	653	-0.7676
b8e37eaf-3103-4ff1-880b-fdd0923c2537	6	116215902	116225761	6	-0.0102
b8e37eaf-3103-4ff1-880b-fdd0923c2537	6	116227945	116238101	7	-0.702
b8e37eaf-3103-4ff1-880b-fdd0923c2537	6	116240487	116288087	28	-0.0485
b8e37eaf-3103-4ff1-880b-fdd0923c2537	6	116296362	116359327	41	-0.7568
b8e37eaf-3103-4ff1-880b-fdd0923c2537	6	116360315	116487724	82	0.0424
b8e37eaf-3103-4ff1-880b-fdd0923c2537	6	116493205	117749097	758	-0.7748
b8e37eaf-3103-4ff1-880b-fdd0923c2537	6	117752846	117768233	5	-0.1569
b8e37eaf-3103-4ff1-880b-fdd0923c2537	6	117768988	117772428	5	1.0139
b8e37eaf-3103-4ff1-880b-fdd0923c2537	6	117784053	117824659	29	-0.7644
b8e37eaf-3103-4ff1-880b-fdd0923c2537	6	117828365	117953613	69	-0.2092
b8e37eaf-3103-4ff1-880b-fdd0923c2537	6	117956135	118501131	351	-0.7397
b8e37eaf-3103-4ff1-880b-fdd0923c2537	6	118503079	118557607	33	0.0804
b8e37eaf-3103-4ff1-880b-fdd0923c2537	6	118564839	118574415	9	-0.7488
b8e37eaf-3103-4ff1-880b-fdd0923c2537	6	118578861	118634358	25	-0.0213
b8e37eaf-3103-4ff1-880b-fdd0923c2537	6	118637574	118655119	17	0.8326
b8e37eaf-3103-4ff1-880b-fdd0923c2537	6	118657255	118664839	5	-0.8139
b8e37eaf-3103-4ff1-880b-fdd0923c2537	6	118666989	118689806	24	0.0533
b8e37eaf-3103-4ff1-880b-fdd0923c2537	6	118694143	120044835	779	-0.7615
b8e37eaf-3103-4ff1-880b-fdd0923c2537	6	120051739	120065902	12	0.1885
b8e37eaf-3103-4ff1-880b-fdd0923c2537	6	120066492	120072955	3	-0.9007
b8e37eaf-3103-4ff1-880b-fdd0923c2537	6	120076844	120090696	13	-0.0279
b8e37eaf-3103-4ff1-880b-fdd0923c2537	6	120091123	122339939	1302	-0.749
b8e37eaf-3103-4ff1-880b-fdd0923c2537	6	122340169	122362071	12	-0.0595
b8e37eaf-3103-4ff1-880b-fdd0923c2537	6	122362099	122371147	18	-0.7938
b8e37eaf-3103-4ff1-880b-fdd0923c2537	6	122375807	122659414	146	0.0604
b8e37eaf-3103-4ff1-880b-fdd0923c2537	6	122661346	122908906	156	-0.7587
b8e37eaf-3103-4ff1-880b-fdd0923c2537	6	122913088	122923000	13	-0.063
b8e37eaf-3103-4ff1-880b-fdd0923c2537	6	122925172	122939149	12	-0.8203
b8e37eaf-3103-4ff1-880b-fdd0923c2537	6	122946740	122984754	29	0.1292
b8e37eaf-3103-4ff1-880b-fdd0923c2537	6	122992194	122993555	3	-0.9225
b8e37eaf-3103-4ff1-880b-fdd0923c2537	6	122994363	123018006	15	0.1098
b8e37eaf-3103-4ff1-880b-fdd0923c2537	6	123021278	123046369	16	-0.8539
b8e37eaf-3103-4ff1-880b-fdd0923c2537	6	123050335	123055824	5	0.0443
b8e37eaf-3103-4ff1-880b-fdd0923c2537	6	123060407	123114785	35	-0.7877
b8e37eaf-3103-4ff1-880b-fdd0923c2537	6	123114983	123123320	7	0.6587
b8e37eaf-3103-4ff1-880b-fdd0923c2537	6	123123724	123161897	24	0.0085
b8e37eaf-3103-4ff1-880b-fdd0923c2537	6	123169553	123180089	7	-0.6267
b8e37eaf-3103-4ff1-880b-fdd0923c2537	6	123187883	123201473	9	0.0694
b8e37eaf-3103-4ff1-880b-fdd0923c2537	6	123208311	131819464	5499	-0.7917
b8e37eaf-3103-4ff1-880b-fdd0923c2537	6	131823148	133945130	1512	0.073
b8e37eaf-3103-4ff1-880b-fdd0923c2537	6	133947933	133948494	2	-1.2408
b8e37eaf-3103-4ff1-880b-fdd0923c2537	6	133950934	137253219	2282	0.0536
b8e37eaf-3103-4ff1-880b-fdd0923c2537	6	137255453	137718687	391	-0.7777
b8e37eaf-3103-4ff1-880b-fdd0923c2537	6	137721841	138757152	674	0.062
b8e37eaf-3103-4ff1-880b-fdd0923c2537	6	138761712	139175645	283	0.5455
b8e37eaf-3103-4ff1-880b-fdd0923c2537	6	139181178	139720613	339	0.0654
b8e37eaf-3103-4ff1-880b-fdd0923c2537	6	139734084	140107319	232	0.5405
b8e37eaf-3103-4ff1-880b-fdd0923c2537	6	140113897	142001889	945	0.0635
b8e37eaf-3103-4ff1-880b-fdd0923c2537	6	142002718	142691395	402	-0.7669
b8e37eaf-3103-4ff1-880b-fdd0923c2537	6	142693097	143509041	569	0.0335
b8e37eaf-3103-4ff1-880b-fdd0923c2537	6	143511463	145369604	1269	-0.8021
b8e37eaf-3103-4ff1-880b-fdd0923c2537	6	145375491	146325838	504	-0.2791
b8e37eaf-3103-4ff1-880b-fdd0923c2537	6	146326319	146331218	6	0.394
b8e37eaf-3103-4ff1-880b-fdd0923c2537	6	146331295	148057234	1223	-0.2905
b8e37eaf-3103-4ff1-880b-fdd0923c2537	6	148060020	148155829	89	0.3482
b8e37eaf-3103-4ff1-880b-fdd0923c2537	6	148159820	153636235	3951	-0.2809
b8e37eaf-3103-4ff1-880b-fdd0923c2537	6	153639651	153640284	2	-2.1208
b8e37eaf-3103-4ff1-880b-fdd0923c2537	6	153640764	167067656	9706	-0.272
b8e37eaf-3103-4ff1-880b-fdd0923c2537	6	167069474	167088050	4	-1.8678
b8e37eaf-3103-4ff1-880b-fdd0923c2537	6	167088371	170370590	2014	-0.2948
b8e37eaf-3103-4ff1-880b-fdd0923c2537	6	170374153	170416099	29	-0.6551
b8e37eaf-3103-4ff1-880b-fdd0923c2537	6	170417917	170526514	80	-0.2419
b8e37eaf-3103-4ff1-880b-fdd0923c2537	6	170526819	170741917	48	-0.6982
b8e37eaf-3103-4ff1-880b-fdd0923c2537	7	43355	999821	246	1.0309
b8e37eaf-3103-4ff1-880b-fdd0923c2537	7	1000671	1212295	113	0.7541
b8e37eaf-3103-4ff1-880b-fdd0923c2537	7	1212639	2206468	354	0.9886
b8e37eaf-3103-4ff1-880b-fdd0923c2537	7	2206699	3144537	518	0.7419
b8e37eaf-3103-4ff1-880b-fdd0923c2537	7	3147768	3668911	496	0.8805
b8e37eaf-3103-4ff1-880b-fdd0923c2537	7	3669291	6758397	1685	0.7386
b8e37eaf-3103-4ff1-880b-fdd0923c2537	7	6790272	8183221	1131	0.673
b8e37eaf-3103-4ff1-880b-fdd0923c2537	7	8183877	9855925	1427	0.7597
b8e37eaf-3103-4ff1-880b-fdd0923c2537	7	9856577	12653411	2212	0.8497
b8e37eaf-3103-4ff1-880b-fdd0923c2537	7	12653767	13624287	720	0.6741
b8e37eaf-3103-4ff1-880b-fdd0923c2537	7	13625623	13658180	35	0.8977
b8e37eaf-3103-4ff1-880b-fdd0923c2537	7	13658345	13658363	2	-0.5474
b8e37eaf-3103-4ff1-880b-fdd0923c2537	7	13658526	16306931	2175	0.8266
b8e37eaf-3103-4ff1-880b-fdd0923c2537	7	16309138	21298987	4046	0.9508
b8e37eaf-3103-4ff1-880b-fdd0923c2537	7	21299319	21346171	35	0.8551
b8e37eaf-3103-4ff1-880b-fdd0923c2537	7	21346402	21741312	262	0.6025
b8e37eaf-3103-4ff1-880b-fdd0923c2537	7	21741516	21768155	41	0.7431
b8e37eaf-3103-4ff1-880b-fdd0923c2537	7	21768316	22807336	873	0.9332
b8e37eaf-3103-4ff1-880b-fdd0923c2537	7	22808174	24768749	1421	0.7795
b8e37eaf-3103-4ff1-880b-fdd0923c2537	7	24769686	26604393	1389	0.6364
b8e37eaf-3103-4ff1-880b-fdd0923c2537	7	26604808	27150073	300	0.7697
b8e37eaf-3103-4ff1-880b-fdd0923c2537	7	27150779	38244598	7866	0.6273
b8e37eaf-3103-4ff1-880b-fdd0923c2537	7	38246926	38356875	129	0.8232
b8e37eaf-3103-4ff1-880b-fdd0923c2537	7	38361356	48036631	6411	0.6372
b8e37eaf-3103-4ff1-880b-fdd0923c2537	7	48039196	67003133	8250	0.4543
b8e37eaf-3103-4ff1-880b-fdd0923c2537	7	67003322	70955452	2446	0.5477
b8e37eaf-3103-4ff1-880b-fdd0923c2537	7	70958264	70961155	2	-1.9156
b8e37eaf-3103-4ff1-880b-fdd0923c2537	7	70963257	72474775	1034	0.5545
b8e37eaf-3103-4ff1-880b-fdd0923c2537	7	72475563	87398843	8106	0.4882
b8e37eaf-3103-4ff1-880b-fdd0923c2537	7	87399971	87863096	225	-0.0386
b8e37eaf-3103-4ff1-880b-fdd0923c2537	7	87864649	101409205	7883	0.4867
b8e37eaf-3103-4ff1-880b-fdd0923c2537	7	101416451	101416668	2	-1.943
b8e37eaf-3103-4ff1-880b-fdd0923c2537	7	101419630	101868625	226	0.5536
b8e37eaf-3103-4ff1-880b-fdd0923c2537	7	101870974	102261163	202	0.3061
b8e37eaf-3103-4ff1-880b-fdd0923c2537	7	102261702	104579890	1228	0.4963
b8e37eaf-3103-4ff1-880b-fdd0923c2537	7	104580256	104581547	2	1.7313
b8e37eaf-3103-4ff1-880b-fdd0923c2537	7	104595300	108093368	2250	0.4745
b8e37eaf-3103-4ff1-880b-fdd0923c2537	7	108093548	108191967	96	0.6325
b8e37eaf-3103-4ff1-880b-fdd0923c2537	7	108192614	108978111	525	0.4592
b8e37eaf-3103-4ff1-880b-fdd0923c2537	7	108991403	108991722	3	-0.3348
b8e37eaf-3103-4ff1-880b-fdd0923c2537	7	108994408	109793741	517	0.4937
b8e37eaf-3103-4ff1-880b-fdd0923c2537	7	109797035	109813801	34	0.115
b8e37eaf-3103-4ff1-880b-fdd0923c2537	7	109813853	117708735	4850	0.4787
b8e37eaf-3103-4ff1-880b-fdd0923c2537	7	117709173	126473474	5238	0.2165
b8e37eaf-3103-4ff1-880b-fdd0923c2537	7	126479434	130286083	2158	0.0225
b8e37eaf-3103-4ff1-880b-fdd0923c2537	7	130287614	130629231	139	0.3287
b8e37eaf-3103-4ff1-880b-fdd0923c2537	7	130629344	131391593	495	-0.0057
b8e37eaf-3103-4ff1-880b-fdd0923c2537	7	131392277	132438085	791	0.3381
b8e37eaf-3103-4ff1-880b-fdd0923c2537	7	132438890	137992053	3771	0.0103
b8e37eaf-3103-4ff1-880b-fdd0923c2537	7	137992316	141930188	2429	0.2863
b8e37eaf-3103-4ff1-880b-fdd0923c2537	7	141932552	142404324	364	0.0222
b8e37eaf-3103-4ff1-880b-fdd0923c2537	7	142405350	142804157	205	0.1333
b8e37eaf-3103-4ff1-880b-fdd0923c2537	7	142804972	144306653	762	-0.0122
b8e37eaf-3103-4ff1-880b-fdd0923c2537	7	144312471	144352208	5	-0.8861
b8e37eaf-3103-4ff1-880b-fdd0923c2537	7	144377836	150861529	4042	-0.0058
b8e37eaf-3103-4ff1-880b-fdd0923c2537	7	150862199	158735467	5211	0.3022
b8e37eaf-3103-4ff1-880b-fdd0923c2537	7	158735479	159334314	387	0.2077
b8e37eaf-3103-4ff1-880b-fdd0923c2537	8	81254	213414	7	-1.9005
b8e37eaf-3103-4ff1-880b-fdd0923c2537	8	214984	310174	92	-4.0875
b8e37eaf-3103-4ff1-880b-fdd0923c2537	8	310716	347118	28	-6.3962
b8e37eaf-3103-4ff1-880b-fdd0923c2537	8	347692	378687	16	-4.0176
b8e37eaf-3103-4ff1-880b-fdd0923c2537	8	380846	1232345	576	-1.9228
b8e37eaf-3103-4ff1-880b-fdd0923c2537	8	1233311	1411964	123	-4.9592
b8e37eaf-3103-4ff1-880b-fdd0923c2537	8	1412156	1419436	37	-2.293
b8e37eaf-3103-4ff1-880b-fdd0923c2537	8	1419522	1858768	329	-4.0853
b8e37eaf-3103-4ff1-880b-fdd0923c2537	8	1863912	2115666	216	-5.0843
b8e37eaf-3103-4ff1-880b-fdd0923c2537	8	2115814	2789151	498	-4.1558
b8e37eaf-3103-4ff1-880b-fdd0923c2537	8	2790752	2791996	2	-3.1452
b8e37eaf-3103-4ff1-880b-fdd0923c2537	8	2796872	2804617	13	-0.6098
b8e37eaf-3103-4ff1-880b-fdd0923c2537	8	2805054	2807965	3	-2.4191
b8e37eaf-3103-4ff1-880b-fdd0923c2537	8	2808281	2839427	26	-4.5884
b8e37eaf-3103-4ff1-880b-fdd0923c2537	8	2839564	2841077	19	-1.8164
b8e37eaf-3103-4ff1-880b-fdd0923c2537	8	2841464	2850590	33	-2.7985
b8e37eaf-3103-4ff1-880b-fdd0923c2537	8	2852870	2870685	15	-1.136
b8e37eaf-3103-4ff1-880b-fdd0923c2537	8	2870957	2957662	113	-4.8733
b8e37eaf-3103-4ff1-880b-fdd0923c2537	8	2961288	3207046	230	-1.046
b8e37eaf-3103-4ff1-880b-fdd0923c2537	8	3209086	3230287	21	-0.1855
b8e37eaf-3103-4ff1-880b-fdd0923c2537	8	3232059	3244062	14	-0.8991
b8e37eaf-3103-4ff1-880b-fdd0923c2537	8	3244863	3447590	223	-4.6572
b8e37eaf-3103-4ff1-880b-fdd0923c2537	8	3449492	3869445	601	-0.7855
b8e37eaf-3103-4ff1-880b-fdd0923c2537	8	3870375	4600690	1234	-0.0325
b8e37eaf-3103-4ff1-880b-fdd0923c2537	8	4604197	4662466	78	-0.9778
b8e37eaf-3103-4ff1-880b-fdd0923c2537	8	4662657	4720879	62	-1.1734
b8e37eaf-3103-4ff1-880b-fdd0923c2537	8	4720957	4990136	410	-0.8476
b8e37eaf-3103-4ff1-880b-fdd0923c2537	8	4995403	5663850	833	0.5972
b8e37eaf-3103-4ff1-880b-fdd0923c2537	8	5666997	6356701	995	0.0777
b8e37eaf-3103-4ff1-880b-fdd0923c2537	8	6357163	6639234	377	-0.8181
b8e37eaf-3103-4ff1-880b-fdd0923c2537	8	6640232	6678452	25	0.0461
b8e37eaf-3103-4ff1-880b-fdd0923c2537	8	6680004	6944307	281	-0.8845
b8e37eaf-3103-4ff1-880b-fdd0923c2537	8	6944433	11544292	3102	0.0553
b8e37eaf-3103-4ff1-880b-fdd0923c2537	8	11544690	12177488	339	0.5399
b8e37eaf-3103-4ff1-880b-fdd0923c2537	8	12323772	12376891	11	-1.1584
b8e37eaf-3103-4ff1-880b-fdd0923c2537	8	12382326	12581382	36	0.0973
b8e37eaf-3103-4ff1-880b-fdd0923c2537	8	12585546	13017488	343	0.5324
b8e37eaf-3103-4ff1-880b-fdd0923c2537	8	13022461	13026162	11	0.2964
b8e37eaf-3103-4ff1-880b-fdd0923c2537	8	13033465	13811825	782	0.0705
b8e37eaf-3103-4ff1-880b-fdd0923c2537	8	13812067	14879753	1053	0.5335
b8e37eaf-3103-4ff1-880b-fdd0923c2537	8	14883881	15800247	761	0.0456
b8e37eaf-3103-4ff1-880b-fdd0923c2537	8	15800821	16590958	734	0.5521
b8e37eaf-3103-4ff1-880b-fdd0923c2537	8	16591096	24544504	6246	0.0744
b8e37eaf-3103-4ff1-880b-fdd0923c2537	8	24545709	24554168	12	0.5364
b8e37eaf-3103-4ff1-880b-fdd0923c2537	8	24556419	29016728	3361	0.0679
b8e37eaf-3103-4ff1-880b-fdd0923c2537	8	29023811	29251470	123	-0.358
b8e37eaf-3103-4ff1-880b-fdd0923c2537	8	29253016	32829101	2422	0.0475
b8e37eaf-3103-4ff1-880b-fdd0923c2537	8	32829941	32830685	2	1.4932
b8e37eaf-3103-4ff1-880b-fdd0923c2537	8	32830895	57202716	12811	0.0622
b8e37eaf-3103-4ff1-880b-fdd0923c2537	8	57203991	57215241	4	-1.3094
b8e37eaf-3103-4ff1-880b-fdd0923c2537	8	57217466	119284309	37858	0.0516
b8e37eaf-3103-4ff1-880b-fdd0923c2537	8	119298868	119644909	248	1.6971
b8e37eaf-3103-4ff1-880b-fdd0923c2537	8	119645885	121382007	1107	0.0428
b8e37eaf-3103-4ff1-880b-fdd0923c2537	8	121382546	121589019	113	1.8174
b8e37eaf-3103-4ff1-880b-fdd0923c2537	8	121589099	121880606	216	1.6241
b8e37eaf-3103-4ff1-880b-fdd0923c2537	8	121881846	122395852	329	1.7685
b8e37eaf-3103-4ff1-880b-fdd0923c2537	8	122397321	123472344	724	1.6481
b8e37eaf-3103-4ff1-880b-fdd0923c2537	8	123472942	124077015	450	1.7928
b8e37eaf-3103-4ff1-880b-fdd0923c2537	8	124083276	132837871	6302	0.0705
b8e37eaf-3103-4ff1-880b-fdd0923c2537	8	132838364	134131361	1226	0.5877
b8e37eaf-3103-4ff1-880b-fdd0923c2537	8	134133876	134154292	52	0.3518
b8e37eaf-3103-4ff1-880b-fdd0923c2537	8	134156845	136794531	1989	0.5923
b8e37eaf-3103-4ff1-880b-fdd0923c2537	8	136794622	138080576	1077	0.0952
b8e37eaf-3103-4ff1-880b-fdd0923c2537	8	138080880	139968651	1636	0.1511
b8e37eaf-3103-4ff1-880b-fdd0923c2537	8	139968916	140561960	347	0.1086
b8e37eaf-3103-4ff1-880b-fdd0923c2537	8	140562068	142407678	1063	0.044
b8e37eaf-3103-4ff1-880b-fdd0923c2537	8	142409225	143616763	438	0.1458
b8e37eaf-3103-4ff1-880b-fdd0923c2537	8	143616987	143636819	11	-0.5349
b8e37eaf-3103-4ff1-880b-fdd0923c2537	8	143642893	145072769	503	0.0634
b8e37eaf-3103-4ff1-880b-fdd0923c2537	9	46587	1232401	1203	-0.3453
b8e37eaf-3103-4ff1-880b-fdd0923c2537	9	1232509	2147099	1110	0.0388
b8e37eaf-3103-4ff1-880b-fdd0923c2537	9	2148837	2150662	6	-2.3165
b8e37eaf-3103-4ff1-880b-fdd0923c2537	9	2152115	2544091	431	0.0388
b8e37eaf-3103-4ff1-880b-fdd0923c2537	9	2545430	5935542	3095	-0.3357
b8e37eaf-3103-4ff1-880b-fdd0923c2537	9	5935619	5992553	37	-1.4406
b8e37eaf-3103-4ff1-880b-fdd0923c2537	9	5993032	6012734	12	-0.4197
b8e37eaf-3103-4ff1-880b-fdd0923c2537	9	6014242	6026400	8	-1.4864
b8e37eaf-3103-4ff1-880b-fdd0923c2537	9	6031543	35378193	22968	-0.3377
b8e37eaf-3103-4ff1-880b-fdd0923c2537	9	35378637	36088651	363	-0.253
b8e37eaf-3103-4ff1-880b-fdd0923c2537	9	36091136	36099402	3	-1.1673
b8e37eaf-3103-4ff1-880b-fdd0923c2537	9	36099625	37716703	1048	-0.2483
b8e37eaf-3103-4ff1-880b-fdd0923c2537	9	37719014	39487653	853	-0.3188
b8e37eaf-3103-4ff1-880b-fdd0923c2537	9	39487690	41570345	91	-0.0248
b8e37eaf-3103-4ff1-880b-fdd0923c2537	9	41570676	41703463	16	-0.7769
b8e37eaf-3103-4ff1-880b-fdd0923c2537	9	41703482	66103744	262	-0.1027
b8e37eaf-3103-4ff1-880b-fdd0923c2537	9	66146735	66908666	8	-0.6592
b8e37eaf-3103-4ff1-880b-fdd0923c2537	9	66996941	84815167	11911	0.1295
b8e37eaf-3103-4ff1-880b-fdd0923c2537	9	84815576	105192411	14083	0.1694
b8e37eaf-3103-4ff1-880b-fdd0923c2537	9	105192778	105297021	93	-0.104
b8e37eaf-3103-4ff1-880b-fdd0923c2537	9	105297280	107998823	1882	0.193
b8e37eaf-3103-4ff1-880b-fdd0923c2537	9	108003549	109849245	1606	-0.1146
b8e37eaf-3103-4ff1-880b-fdd0923c2537	9	109850502	113383144	2601	-0.1561
b8e37eaf-3103-4ff1-880b-fdd0923c2537	9	113385961	116090405	2004	-0.1122
b8e37eaf-3103-4ff1-880b-fdd0923c2537	9	116092945	116098328	7	0.6198
b8e37eaf-3103-4ff1-880b-fdd0923c2537	9	116098635	130514791	9460	-0.1052
b8e37eaf-3103-4ff1-880b-fdd0923c2537	9	130517687	130517722	2	-1.7962
b8e37eaf-3103-4ff1-880b-fdd0923c2537	9	130517920	135319522	3144	-0.085
b8e37eaf-3103-4ff1-880b-fdd0923c2537	9	135322259	135323776	2	-1.9397
b8e37eaf-3103-4ff1-880b-fdd0923c2537	9	135324566	138138696	1098	-0.1123
b8e37eaf-3103-4ff1-880b-fdd0923c2537	9	138151368	138200944	10	-0.7367
b8e37eaf-3103-4ff1-880b-fdd0923c2537	10	45792	7690456	6672	0.0991
b8e37eaf-3103-4ff1-880b-fdd0923c2537	10	7693913	8458159	582	-0.7574
b8e37eaf-3103-4ff1-880b-fdd0923c2537	10	8459574	8858053	404	0.1007
b8e37eaf-3103-4ff1-880b-fdd0923c2537	10	8865911	9580502	574	-0.741
b8e37eaf-3103-4ff1-880b-fdd0923c2537	10	9580880	10030248	289	-0.5233
b8e37eaf-3103-4ff1-880b-fdd0923c2537	10	10031609	10299175	208	-0.7525
b8e37eaf-3103-4ff1-880b-fdd0923c2537	10	10301955	13143726	2316	0.1024
b8e37eaf-3103-4ff1-880b-fdd0923c2537	10	13144875	13166308	14	-0.7507
b8e37eaf-3103-4ff1-880b-fdd0923c2537	10	13168096	13185604	16	0.0981
b8e37eaf-3103-4ff1-880b-fdd0923c2537	10	13188950	14276492	990	-0.7263
b8e37eaf-3103-4ff1-880b-fdd0923c2537	10	14278692	14963432	617	0.093
b8e37eaf-3103-4ff1-880b-fdd0923c2537	10	14965514	15006595	19	-0.6146
b8e37eaf-3103-4ff1-880b-fdd0923c2537	10	15008463	15838731	635	0.1397
b8e37eaf-3103-4ff1-880b-fdd0923c2537	10	15844581	15973924	88	-0.6828
b8e37eaf-3103-4ff1-880b-fdd0923c2537	10	15974274	15987401	14	-0.0062
b8e37eaf-3103-4ff1-880b-fdd0923c2537	10	15992031	21161717	4028	-0.7425
b8e37eaf-3103-4ff1-880b-fdd0923c2537	10	21164868	21939701	353	0.098
b8e37eaf-3103-4ff1-880b-fdd0923c2537	10	21945664	24088746	1335	-0.7457
b8e37eaf-3103-4ff1-880b-fdd0923c2537	10	24088747	24088992	8	-1.8614
b8e37eaf-3103-4ff1-880b-fdd0923c2537	10	24089125	26934974	1979	-0.7458
b8e37eaf-3103-4ff1-880b-fdd0923c2537	10	26936975	26939510	11	-3.7152
b8e37eaf-3103-4ff1-880b-fdd0923c2537	10	26939523	30957581	2999	-0.76
b8e37eaf-3103-4ff1-880b-fdd0923c2537	10	30962405	30962797	9	-1.8767
b8e37eaf-3103-4ff1-880b-fdd0923c2537	10	30962809	38663748	4771	-0.7174
b8e37eaf-3103-4ff1-880b-fdd0923c2537	10	38665030	45349943	2232	-0.2257
b8e37eaf-3103-4ff1-880b-fdd0923c2537	10	45353397	46250706	301	0.3195
b8e37eaf-3103-4ff1-880b-fdd0923c2537	10	46251840	48194041	493	-0.1785
b8e37eaf-3103-4ff1-880b-fdd0923c2537	10	48195513	49375069	993	-1.3954
b8e37eaf-3103-4ff1-880b-fdd0923c2537	10	49377718	49531164	96	-0.1163
b8e37eaf-3103-4ff1-880b-fdd0923c2537	10	49531319	49576007	36	-1.7746
b8e37eaf-3103-4ff1-880b-fdd0923c2537	10	49579102	72415453	15942	-0.234
b8e37eaf-3103-4ff1-880b-fdd0923c2537	10	72415657	72766221	149	-1.2731
b8e37eaf-3103-4ff1-880b-fdd0923c2537	10	72769485	73054545	121	-0.3036
b8e37eaf-3103-4ff1-880b-fdd0923c2537	10	73059997	75357798	1003	-0.2466
b8e37eaf-3103-4ff1-880b-fdd0923c2537	10	75357847	79484181	3234	-0.1963
b8e37eaf-3103-4ff1-880b-fdd0923c2537	10	79484662	103096384	14988	-0.2427
b8e37eaf-3103-4ff1-880b-fdd0923c2537	10	103097870	103191881	37	-0.6566
b8e37eaf-3103-4ff1-880b-fdd0923c2537	10	103193790	105475914	1513	-0.2378
b8e37eaf-3103-4ff1-880b-fdd0923c2537	10	105482009	109445506	2994	-0.3128
b8e37eaf-3103-4ff1-880b-fdd0923c2537	10	109446778	112298805	1950	-0.244
b8e37eaf-3103-4ff1-880b-fdd0923c2537	10	112300395	127102428	10789	-0.3126
b8e37eaf-3103-4ff1-880b-fdd0923c2537	10	127103267	127593996	412	-0.3742
b8e37eaf-3103-4ff1-880b-fdd0923c2537	10	127596270	128192083	436	-0.5169
b8e37eaf-3103-4ff1-880b-fdd0923c2537	10	128195000	128463171	217	-0.3809
b8e37eaf-3103-4ff1-880b-fdd0923c2537	10	128464654	128464734	4	0.5642
b8e37eaf-3103-4ff1-880b-fdd0923c2537	10	128467014	130392365	1563	-0.386
b8e37eaf-3103-4ff1-880b-fdd0923c2537	10	130392498	131099166	646	-0.4812
b8e37eaf-3103-4ff1-880b-fdd0923c2537	10	131100181	131611061	407	-0.3986
b8e37eaf-3103-4ff1-880b-fdd0923c2537	10	131611176	131820711	160	-0.5901
b8e37eaf-3103-4ff1-880b-fdd0923c2537	10	131820817	132977091	556	-0.357
b8e37eaf-3103-4ff1-880b-fdd0923c2537	10	132977765	133654968	283	-0.9502
b8e37eaf-3103-4ff1-880b-fdd0923c2537	11	198510	4949137	2410	-0.7184
b8e37eaf-3103-4ff1-880b-fdd0923c2537	11	4950775	4955042	23	-1.7039
b8e37eaf-3103-4ff1-880b-fdd0923c2537	11	4955781	5762693	779	-0.7494
b8e37eaf-3103-4ff1-880b-fdd0923c2537	11	5766175	5795002	38	-0.1797
b8e37eaf-3103-4ff1-880b-fdd0923c2537	11	5795055	6933497	838	-0.7535
b8e37eaf-3103-4ff1-880b-fdd0923c2537	11	6934046	42791601	25729	-0.2532
b8e37eaf-3103-4ff1-880b-fdd0923c2537	11	42794936	42796489	2	-1.715
b8e37eaf-3103-4ff1-880b-fdd0923c2537	11	42799053	50692396	4195	-0.238
b8e37eaf-3103-4ff1-880b-fdd0923c2537	11	50699618	68819703	7100	0.0592
b8e37eaf-3103-4ff1-880b-fdd0923c2537	11	68820358	71623337	1641	0.1384
b8e37eaf-3103-4ff1-880b-fdd0923c2537	11	71626328	75084108	1686	0.0415
b8e37eaf-3103-4ff1-880b-fdd0923c2537	11	75085896	80272296	3294	0.082
b8e37eaf-3103-4ff1-880b-fdd0923c2537	11	80272554	84769104	3217	0.0445
b8e37eaf-3103-4ff1-880b-fdd0923c2537	11	84770414	84863113	76	0.2589
b8e37eaf-3103-4ff1-880b-fdd0923c2537	11	84864223	85335536	359	0.0722
b8e37eaf-3103-4ff1-880b-fdd0923c2537	11	85339702	112787076	18858	0.027
b8e37eaf-3103-4ff1-880b-fdd0923c2537	11	112787384	115532821	1963	0.0503
b8e37eaf-3103-4ff1-880b-fdd0923c2537	11	115532859	117640879	1533	0.0963
b8e37eaf-3103-4ff1-880b-fdd0923c2537	11	117643042	119484698	1221	0.0298
b8e37eaf-3103-4ff1-880b-fdd0923c2537	11	119484752	120944529	1070	0.1066
b8e37eaf-3103-4ff1-880b-fdd0923c2537	11	120944858	124098410	2332	0.0374
b8e37eaf-3103-4ff1-880b-fdd0923c2537	11	124103226	124216204	95	0.5097
b8e37eaf-3103-4ff1-880b-fdd0923c2537	11	124216601	124222249	5	0.9996
b8e37eaf-3103-4ff1-880b-fdd0923c2537	11	124222464	124386095	157	0.4932
b8e37eaf-3103-4ff1-880b-fdd0923c2537	11	124389237	126121498	1158	0.0341
b8e37eaf-3103-4ff1-880b-fdd0923c2537	11	126122644	127637396	1235	0.349
b8e37eaf-3103-4ff1-880b-fdd0923c2537	11	127637941	128723651	921	0.275
b8e37eaf-3103-4ff1-880b-fdd0923c2537	11	128724266	134242234	4120	0.3514
b8e37eaf-3103-4ff1-880b-fdd0923c2537	11	134245160	135074876	648	-0.8729
b8e37eaf-3103-4ff1-880b-fdd0923c2537	12	51460	2302834	1413	0.2965
b8e37eaf-3103-4ff1-880b-fdd0923c2537	12	2305509	2489717	167	0.6067
b8e37eaf-3103-4ff1-880b-fdd0923c2537	12	2492197	2538775	34	0.1321
b8e37eaf-3103-4ff1-880b-fdd0923c2537	12	2543114	2568526	20	0.6057
b8e37eaf-3103-4ff1-880b-fdd0923c2537	12	2574166	3298758	501	0.0686
b8e37eaf-3103-4ff1-880b-fdd0923c2537	12	3299681	3411885	75	0.5431
b8e37eaf-3103-4ff1-880b-fdd0923c2537	12	3415587	3560873	92	0.077
b8e37eaf-3103-4ff1-880b-fdd0923c2537	12	3560985	3687633	124	-0.2626
b8e37eaf-3103-4ff1-880b-fdd0923c2537	12	3697939	3977360	220	0.0221
b8e37eaf-3103-4ff1-880b-fdd0923c2537	12	3977381	4125900	87	0.4607
b8e37eaf-3103-4ff1-880b-fdd0923c2537	12	4126264	4225442	106	0.5253
b8e37eaf-3103-4ff1-880b-fdd0923c2537	12	4227617	5130223	796	0.8484
b8e37eaf-3103-4ff1-880b-fdd0923c2537	12	5131060	5904330	721	0.1035
b8e37eaf-3103-4ff1-880b-fdd0923c2537	12	5909564	6037341	103	0.529
b8e37eaf-3103-4ff1-880b-fdd0923c2537	12	6037705	6092721	48	0.137
b8e37eaf-3103-4ff1-880b-fdd0923c2537	12	6093442	6136399	30	0.7965
b8e37eaf-3103-4ff1-880b-fdd0923c2537	12	6136426	6356915	123	0.5242
b8e37eaf-3103-4ff1-880b-fdd0923c2537	12	6358419	6562319	117	0.0104
b8e37eaf-3103-4ff1-880b-fdd0923c2537	12	6572707	7390917	356	0.5316
b8e37eaf-3103-4ff1-880b-fdd0923c2537	12	7398101	7570393	85	0.0119
b8e37eaf-3103-4ff1-880b-fdd0923c2537	12	7570749	8289689	336	0.4434
b8e37eaf-3103-4ff1-880b-fdd0923c2537	12	8296516	8296621	2	1.8206
b8e37eaf-3103-4ff1-880b-fdd0923c2537	12	8300870	8378692	30	0.3669
b8e37eaf-3103-4ff1-880b-fdd0923c2537	12	8380639	8432076	23	0.1251
b8e37eaf-3103-4ff1-880b-fdd0923c2537	12	8442298	8577360	95	0.4643
b8e37eaf-3103-4ff1-880b-fdd0923c2537	12	8579937	9481274	465	0.0289
b8e37eaf-3103-4ff1-880b-fdd0923c2537	12	9485313	9584581	29	0.3543
b8e37eaf-3103-4ff1-880b-fdd0923c2537	12	9584642	11062773	1025	-0.0002
b8e37eaf-3103-4ff1-880b-fdd0923c2537	12	11064250	11088933	12	-1.1016
b8e37eaf-3103-4ff1-880b-fdd0923c2537	12	11099275	12856708	1334	0.0217
b8e37eaf-3103-4ff1-880b-fdd0923c2537	12	12860587	13620752	693	0.1188
b8e37eaf-3103-4ff1-880b-fdd0923c2537	12	13620775	13909020	249	0.5275
b8e37eaf-3103-4ff1-880b-fdd0923c2537	12	13913012	16555415	1641	0.0022
b8e37eaf-3103-4ff1-880b-fdd0923c2537	12	16557871	16879054	189	0.4442
b8e37eaf-3103-4ff1-880b-fdd0923c2537	12	16881812	17507931	350	-0.0196
b8e37eaf-3103-4ff1-880b-fdd0923c2537	12	17508014	17913271	252	0.4083
b8e37eaf-3103-4ff1-880b-fdd0923c2537	12	17913304	19103036	746	-0.0117
b8e37eaf-3103-4ff1-880b-fdd0923c2537	12	19105673	19236460	79	0.8603
b8e37eaf-3103-4ff1-880b-fdd0923c2537	12	19240142	19835329	420	0.4843
b8e37eaf-3103-4ff1-880b-fdd0923c2537	12	19835443	19957659	93	0.697
b8e37eaf-3103-4ff1-880b-fdd0923c2537	12	19961240	20377201	257	-0.0425
b8e37eaf-3103-4ff1-880b-fdd0923c2537	12	20377690	21188162	524	0.7935
b8e37eaf-3103-4ff1-880b-fdd0923c2537	12	21188322	21359263	106	0.9991
b8e37eaf-3103-4ff1-880b-fdd0923c2537	12	21359284	23419263	1382	0.7777
b8e37eaf-3103-4ff1-880b-fdd0923c2537	12	23440132	23850634	296	0.4344
b8e37eaf-3103-4ff1-880b-fdd0923c2537	12	23853734	24926997	790	0.7192
b8e37eaf-3103-4ff1-880b-fdd0923c2537	12	24935378	24984008	49	0.4524
b8e37eaf-3103-4ff1-880b-fdd0923c2537	12	24985082	25319845	361	0.7933
b8e37eaf-3103-4ff1-880b-fdd0923c2537	12	25320574	25604058	222	0.8675
b8e37eaf-3103-4ff1-880b-fdd0923c2537	12	25604748	26402797	596	1.0428
b8e37eaf-3103-4ff1-880b-fdd0923c2537	12	26403026	26453437	51	0.8845
b8e37eaf-3103-4ff1-880b-fdd0923c2537	12	26460708	26469165	11	0.44
b8e37eaf-3103-4ff1-880b-fdd0923c2537	12	26473455	26711598	175	0.6654
b8e37eaf-3103-4ff1-880b-fdd0923c2537	12	26712347	26947630	141	0.3514
b8e37eaf-3103-4ff1-880b-fdd0923c2537	12	26949924	27412591	254	0.6954
b8e37eaf-3103-4ff1-880b-fdd0923c2537	12	27412652	28140470	587	0.4542
b8e37eaf-3103-4ff1-880b-fdd0923c2537	12	28142266	29748453	1160	0.7143
b8e37eaf-3103-4ff1-880b-fdd0923c2537	12	29748979	30256312	467	0.4989
b8e37eaf-3103-4ff1-880b-fdd0923c2537	12	30256367	32531802	1652	0.7147
b8e37eaf-3103-4ff1-880b-fdd0923c2537	12	32533023	33148627	407	0.4714
b8e37eaf-3103-4ff1-880b-fdd0923c2537	12	33148706	33155426	23	0.9111
b8e37eaf-3103-4ff1-880b-fdd0923c2537	12	33155453	33534375	243	0.5112
b8e37eaf-3103-4ff1-880b-fdd0923c2537	12	33536744	33583873	44	0.2309
b8e37eaf-3103-4ff1-880b-fdd0923c2537	12	33584084	34446392	447	1.2349
b8e37eaf-3103-4ff1-880b-fdd0923c2537	12	34458576	37568181	84	1.0766
b8e37eaf-3103-4ff1-880b-fdd0923c2537	12	37572505	37767650	46	0.7458
b8e37eaf-3103-4ff1-880b-fdd0923c2537	12	37768678	41078959	1889	1.0947
b8e37eaf-3103-4ff1-880b-fdd0923c2537	12	41079274	41876049	632	0.9743
b8e37eaf-3103-4ff1-880b-fdd0923c2537	12	41878445	45506042	2200	1.0818
b8e37eaf-3103-4ff1-880b-fdd0923c2537	12	45510655	45515754	4	2.2509
b8e37eaf-3103-4ff1-880b-fdd0923c2537	12	45519509	45697735	131	1.0463
b8e37eaf-3103-4ff1-880b-fdd0923c2537	12	45702903	48331037	1584	1.1293
b8e37eaf-3103-4ff1-880b-fdd0923c2537	12	48331236	48331632	5	-0.3724
b8e37eaf-3103-4ff1-880b-fdd0923c2537	12	48336253	55113880	3766	1.1469
b8e37eaf-3103-4ff1-880b-fdd0923c2537	12	55114092	56377792	707	1.0393
b8e37eaf-3103-4ff1-880b-fdd0923c2537	12	56381879	56645345	127	1.2637
b8e37eaf-3103-4ff1-880b-fdd0923c2537	12	56654812	57192285	275	1.0227
b8e37eaf-3103-4ff1-880b-fdd0923c2537	12	57198774	60478823	2082	1.1539
b8e37eaf-3103-4ff1-880b-fdd0923c2537	12	60480818	60483567	6	-0.5585
b8e37eaf-3103-4ff1-880b-fdd0923c2537	12	60486777	65190360	2822	1.1717
b8e37eaf-3103-4ff1-880b-fdd0923c2537	12	65192297	68313796	2218	1.0426
b8e37eaf-3103-4ff1-880b-fdd0923c2537	12	68321546	70119963	1244	1.1268
b8e37eaf-3103-4ff1-880b-fdd0923c2537	12	70121013	70121022	2	-0.4616
b8e37eaf-3103-4ff1-880b-fdd0923c2537	12	70125657	72291478	1389	1.1409
b8e37eaf-3103-4ff1-880b-fdd0923c2537	12	72293864	72860936	333	0.1748
b8e37eaf-3103-4ff1-880b-fdd0923c2537	12	72866629	73173669	225	1.4562
b8e37eaf-3103-4ff1-880b-fdd0923c2537	12	73179465	73332736	84	0.4183
b8e37eaf-3103-4ff1-880b-fdd0923c2537	12	73332970	77802991	2862	-0.0864
b8e37eaf-3103-4ff1-880b-fdd0923c2537	12	77818614	78506043	533	0.4416
b8e37eaf-3103-4ff1-880b-fdd0923c2537	12	78515718	79207274	412	-0.1018
b8e37eaf-3103-4ff1-880b-fdd0923c2537	12	79210578	80128731	503	1.1147
b8e37eaf-3103-4ff1-880b-fdd0923c2537	12	80131232	103290507	14770	-0.0711
b8e37eaf-3103-4ff1-880b-fdd0923c2537	12	103291199	111534475	5443	-0.0321
b8e37eaf-3103-4ff1-880b-fdd0923c2537	12	111540340	111540492	2	-1.9892
b8e37eaf-3103-4ff1-880b-fdd0923c2537	12	111542193	120071938	6129	-0.0136
b8e37eaf-3103-4ff1-880b-fdd0923c2537	12	120075821	120344697	120	1.1312
b8e37eaf-3103-4ff1-880b-fdd0923c2537	12	120348280	120453513	51	1.4687
b8e37eaf-3103-4ff1-880b-fdd0923c2537	12	120457486	122649739	1040	0.4575
b8e37eaf-3103-4ff1-880b-fdd0923c2537	12	122655073	123155882	187	0.6179
b8e37eaf-3103-4ff1-880b-fdd0923c2537	12	123156306	127791139	3414	0.4933
b8e37eaf-3103-4ff1-880b-fdd0923c2537	12	127791494	127791562	2	1.0371
b8e37eaf-3103-4ff1-880b-fdd0923c2537	12	127792277	133201603	3938	0.4507
b8e37eaf-3103-4ff1-880b-fdd0923c2537	13	18452809	19590935	548	-1.6708
b8e37eaf-3103-4ff1-880b-fdd0923c2537	13	19594345	35222110	11304	-0.3811
b8e37eaf-3103-4ff1-880b-fdd0923c2537	13	35224671	35337640	50	-0.7657
b8e37eaf-3103-4ff1-880b-fdd0923c2537	13	35343207	37497899	1542	-0.3918
b8e37eaf-3103-4ff1-880b-fdd0923c2537	13	37498087	37514193	16	0.3696
b8e37eaf-3103-4ff1-880b-fdd0923c2537	13	37514237	42870809	3784	-0.3989
b8e37eaf-3103-4ff1-880b-fdd0923c2537	13	42873363	42943379	67	-1.97
b8e37eaf-3103-4ff1-880b-fdd0923c2537	13	42944804	51348849	5501	-0.3787
b8e37eaf-3103-4ff1-880b-fdd0923c2537	13	51355168	51835084	231	-0.0303
b8e37eaf-3103-4ff1-880b-fdd0923c2537	13	51835101	52174795	211	-0.3976
b8e37eaf-3103-4ff1-880b-fdd0923c2537	13	52176938	53248045	511	0.0181
b8e37eaf-3103-4ff1-880b-fdd0923c2537	13	53248470	58590438	2990	-0.3784
b8e37eaf-3103-4ff1-880b-fdd0923c2537	13	58592441	61441449	1849	0.0026
b8e37eaf-3103-4ff1-880b-fdd0923c2537	13	61447353	62011150	280	-0.4011
b8e37eaf-3103-4ff1-880b-fdd0923c2537	13	62011617	63135547	595	-0.0556
b8e37eaf-3103-4ff1-880b-fdd0923c2537	13	63136820	64406137	750	-0.3398
b8e37eaf-3103-4ff1-880b-fdd0923c2537	13	64406265	64406673	2	-2.1668
b8e37eaf-3103-4ff1-880b-fdd0923c2537	13	64407767	66446746	1253	-0.4111
b8e37eaf-3103-4ff1-880b-fdd0923c2537	13	66447070	66452034	2	-1.75
b8e37eaf-3103-4ff1-880b-fdd0923c2537	13	66452447	67369984	681	-0.3971
b8e37eaf-3103-4ff1-880b-fdd0923c2537	13	67372510	67392673	15	-1.0026
b8e37eaf-3103-4ff1-880b-fdd0923c2537	13	67395786	67396236	3	-0.3539
b8e37eaf-3103-4ff1-880b-fdd0923c2537	13	67403104	67968987	299	0.0202
b8e37eaf-3103-4ff1-880b-fdd0923c2537	13	67971364	68309882	154	-0.7669
b8e37eaf-3103-4ff1-880b-fdd0923c2537	13	68313927	68653507	227	-0.2909
b8e37eaf-3103-4ff1-880b-fdd0923c2537	13	68656495	71903417	2115	0.3343
b8e37eaf-3103-4ff1-880b-fdd0923c2537	13	71905409	71906311	2	-1.6286
b8e37eaf-3103-4ff1-880b-fdd0923c2537	13	71906418	73724752	1321	0.2985
b8e37eaf-3103-4ff1-880b-fdd0923c2537	13	73724878	74995154	960	0.0335
b8e37eaf-3103-4ff1-880b-fdd0923c2537	13	75000525	75646487	448	0.3034
b8e37eaf-3103-4ff1-880b-fdd0923c2537	13	75647290	76650298	765	0.0311
b8e37eaf-3103-4ff1-880b-fdd0923c2537	13	76653997	76888190	206	0.2901
b8e37eaf-3103-4ff1-880b-fdd0923c2537	13	76888623	80157206	2129	0.0181
b8e37eaf-3103-4ff1-880b-fdd0923c2537	13	80160739	80280327	80	0.2968
b8e37eaf-3103-4ff1-880b-fdd0923c2537	13	80288544	93867697	8437	0.0305
b8e37eaf-3103-4ff1-880b-fdd0923c2537	13	93867772	94007700	83	0.3483
b8e37eaf-3103-4ff1-880b-fdd0923c2537	13	94009357	103217195	6439	0.053
b8e37eaf-3103-4ff1-880b-fdd0923c2537	13	103220353	106163706	2485	0.5442
b8e37eaf-3103-4ff1-880b-fdd0923c2537	13	106167994	107372700	910	0.0606
b8e37eaf-3103-4ff1-880b-fdd0923c2537	13	107373320	109851539	2038	0.3575
b8e37eaf-3103-4ff1-880b-fdd0923c2537	13	109854942	111397046	1218	0.1037
b8e37eaf-3103-4ff1-880b-fdd0923c2537	13	111398360	112466087	645	0.1687
b8e37eaf-3103-4ff1-880b-fdd0923c2537	13	112469630	114319769	879	0.0881
b8e37eaf-3103-4ff1-880b-fdd0923c2537	13	114320569	114342922	11	-0.3882
b8e37eaf-3103-4ff1-880b-fdd0923c2537	14	18239283	18625765	13	-0.128
b8e37eaf-3103-4ff1-880b-fdd0923c2537	14	18639714	19078442	19	0.3479
b8e37eaf-3103-4ff1-880b-fdd0923c2537	14	19110634	19954424	134	-0.1783
b8e37eaf-3103-4ff1-880b-fdd0923c2537	14	19955213	20872492	706	0.1112
b8e37eaf-3103-4ff1-880b-fdd0923c2537	14	20877548	20934437	25	-1.6217
b8e37eaf-3103-4ff1-880b-fdd0923c2537	14	20940797	21928296	630	0.1066
b8e37eaf-3103-4ff1-880b-fdd0923c2537	14	21928444	22526139	510	0.3589
b8e37eaf-3103-4ff1-880b-fdd0923c2537	14	22526849	25010029	1534	0.1015
b8e37eaf-3103-4ff1-880b-fdd0923c2537	14	25010336	25306435	203	0.3474
b8e37eaf-3103-4ff1-880b-fdd0923c2537	14	25307294	26010137	479	0.1012
b8e37eaf-3103-4ff1-880b-fdd0923c2537	14	26010897	26202726	150	0.3592
b8e37eaf-3103-4ff1-880b-fdd0923c2537	14	26210013	41141293	9338	-0.2527
b8e37eaf-3103-4ff1-880b-fdd0923c2537	14	41141487	41184774	12	-3.2608
b8e37eaf-3103-4ff1-880b-fdd0923c2537	14	41188046	43934562	1636	-0.2682
b8e37eaf-3103-4ff1-880b-fdd0923c2537	14	43934658	44126630	144	0.0573
b8e37eaf-3103-4ff1-880b-fdd0923c2537	14	44128425	45446831	681	0.357
b8e37eaf-3103-4ff1-880b-fdd0923c2537	14	45450130	46296277	483	0.5916
b8e37eaf-3103-4ff1-880b-fdd0923c2537	14	46297192	46687720	258	0.3184
b8e37eaf-3103-4ff1-880b-fdd0923c2537	14	46691286	46691955	3	-1.1674
b8e37eaf-3103-4ff1-880b-fdd0923c2537	14	46693176	49642140	1771	0.3467
b8e37eaf-3103-4ff1-880b-fdd0923c2537	14	49644612	57172443	5169	0.075
b8e37eaf-3103-4ff1-880b-fdd0923c2537	14	57173310	57639486	262	0.3358
b8e37eaf-3103-4ff1-880b-fdd0923c2537	14	57644751	57718543	61	0.5022
b8e37eaf-3103-4ff1-880b-fdd0923c2537	14	57718842	57834285	79	0.357
b8e37eaf-3103-4ff1-880b-fdd0923c2537	14	57834453	57995457	156	0.1029
b8e37eaf-3103-4ff1-880b-fdd0923c2537	14	57995674	58427859	204	0.6058
b8e37eaf-3103-4ff1-880b-fdd0923c2537	14	58427913	63494774	3230	0.0772
b8e37eaf-3103-4ff1-880b-fdd0923c2537	14	63495709	63529097	20	0.3867
b8e37eaf-3103-4ff1-880b-fdd0923c2537	14	63533268	64976979	997	0.5655
b8e37eaf-3103-4ff1-880b-fdd0923c2537	14	64979242	66253778	734	0.353
b8e37eaf-3103-4ff1-880b-fdd0923c2537	14	66255388	69547262	1922	0.0818
b8e37eaf-3103-4ff1-880b-fdd0923c2537	14	69551330	69555750	9	-0.6217
b8e37eaf-3103-4ff1-880b-fdd0923c2537	14	69555996	70386286	569	0.1013
b8e37eaf-3103-4ff1-880b-fdd0923c2537	14	70386431	73529070	2054	-0.2305
b8e37eaf-3103-4ff1-880b-fdd0923c2537	14	73534419	73563196	10	1.3877
b8e37eaf-3103-4ff1-880b-fdd0923c2537	14	73563211	81309953	5099	-0.248
b8e37eaf-3103-4ff1-880b-fdd0923c2537	14	81310333	81350830	24	0.1289
b8e37eaf-3103-4ff1-880b-fdd0923c2537	14	81351945	82748761	899	-0.2704
b8e37eaf-3103-4ff1-880b-fdd0923c2537	14	82752894	86021137	2269	0.0102
b8e37eaf-3103-4ff1-880b-fdd0923c2537	14	86021758	102511709	11132	-0.3378
b8e37eaf-3103-4ff1-880b-fdd0923c2537	14	102513126	103540726	505	0.0352
b8e37eaf-3103-4ff1-880b-fdd0923c2537	14	103552118	103697541	77	-0.2947
b8e37eaf-3103-4ff1-880b-fdd0923c2537	14	103697564	104083213	160	0.3189
b8e37eaf-3103-4ff1-880b-fdd0923c2537	14	104083542	104496776	145	-0.3479
b8e37eaf-3103-4ff1-880b-fdd0923c2537	14	104498286	104990824	136	0.0895
b8e37eaf-3103-4ff1-880b-fdd0923c2537	14	104993059	106294689	382	-0.2689
b8e37eaf-3103-4ff1-880b-fdd0923c2537	14	106297265	106297273	3	1.2026
b8e37eaf-3103-4ff1-880b-fdd0923c2537	14	106297409	106321086	14	-0.2973
b8e37eaf-3103-4ff1-880b-fdd0923c2537	14	106340102	106365807	11	0.5546
b8e37eaf-3103-4ff1-880b-fdd0923c2537	14	106369985	106462724	76	-0.2865
b8e37eaf-3103-4ff1-880b-fdd0923c2537	14	106475361	106872075	188	-0.8063
b8e37eaf-3103-4ff1-880b-fdd0923c2537	14	106873771	106877229	6	-5.2657
b8e37eaf-3103-4ff1-880b-fdd0923c2537	15	19811075	20373168	88	1.4811
b8e37eaf-3103-4ff1-880b-fdd0923c2537	15	20376198	20376311	7	0.313
b8e37eaf-3103-4ff1-880b-fdd0923c2537	15	20380735	20384774	11	2.0681
b8e37eaf-3103-4ff1-880b-fdd0923c2537	15	20384789	20525226	27	1.5538
b8e37eaf-3103-4ff1-880b-fdd0923c2537	15	20538669	20625279	4	2.0582
b8e37eaf-3103-4ff1-880b-fdd0923c2537	15	20642631	20986779	17	1.1156
b8e37eaf-3103-4ff1-880b-fdd0923c2537	15	20986997	21266991	17	0.1693
b8e37eaf-3103-4ff1-880b-fdd0923c2537	15	21268107	22299523	35	1.6499
b8e37eaf-3103-4ff1-880b-fdd0923c2537	15	22385639	25541752	1715	0.0778
b8e37eaf-3103-4ff1-880b-fdd0923c2537	15	25541826	25640445	105	1.7584
b8e37eaf-3103-4ff1-880b-fdd0923c2537	15	25642434	26315045	537	0.0599
b8e37eaf-3103-4ff1-880b-fdd0923c2537	15	26317005	26318009	2	-2.8699
b8e37eaf-3103-4ff1-880b-fdd0923c2537	15	26318441	26437633	120	0.062
b8e37eaf-3103-4ff1-880b-fdd0923c2537	15	26439322	26483727	24	0.7411
b8e37eaf-3103-4ff1-880b-fdd0923c2537	15	26484789	26825196	224	0.0771
b8e37eaf-3103-4ff1-880b-fdd0923c2537	15	26829648	26871571	24	1.7769
b8e37eaf-3103-4ff1-880b-fdd0923c2537	15	26874417	27853978	763	0.0737
b8e37eaf-3103-4ff1-880b-fdd0923c2537	15	27855797	27862021	8	0.37
b8e37eaf-3103-4ff1-880b-fdd0923c2537	15	27862875	30215235	1107	0.527
b8e37eaf-3103-4ff1-880b-fdd0923c2537	15	30230885	30259942	6	-0.5115
b8e37eaf-3103-4ff1-880b-fdd0923c2537	15	30269364	32491973	1090	0.5336
b8e37eaf-3103-4ff1-880b-fdd0923c2537	15	32504134	32567657	6	0.2394
b8e37eaf-3103-4ff1-880b-fdd0923c2537	15	32584630	32584783	2	-0.6833
b8e37eaf-3103-4ff1-880b-fdd0923c2537	15	32610782	33069532	382	0.5298
b8e37eaf-3103-4ff1-880b-fdd0923c2537	15	33075528	33085635	12	1.8874
b8e37eaf-3103-4ff1-880b-fdd0923c2537	15	33090065	33091929	8	0.4556
b8e37eaf-3103-4ff1-880b-fdd0923c2537	15	33094098	33956657	818	0.0698
b8e37eaf-3103-4ff1-880b-fdd0923c2537	15	33959501	33960844	2	-1.6258
b8e37eaf-3103-4ff1-880b-fdd0923c2537	15	33962311	35890412	1236	0.0672
b8e37eaf-3103-4ff1-880b-fdd0923c2537	15	35891224	36026562	132	0.7861
b8e37eaf-3103-4ff1-880b-fdd0923c2537	15	36026736	36589159	423	0.584
b8e37eaf-3103-4ff1-880b-fdd0923c2537	15	36600343	37271350	474	1.0834
b8e37eaf-3103-4ff1-880b-fdd0923c2537	15	37271639	37291822	10	0.805
b8e37eaf-3103-4ff1-880b-fdd0923c2537	15	37294032	41343317	2606	0.1051
b8e37eaf-3103-4ff1-880b-fdd0923c2537	15	41343791	41698536	146	0.5872
b8e37eaf-3103-4ff1-880b-fdd0923c2537	15	41698878	54629162	7775	0.0432
b8e37eaf-3103-4ff1-880b-fdd0923c2537	15	54629508	56499925	1183	0.5457
b8e37eaf-3103-4ff1-880b-fdd0923c2537	15	56508779	57927757	973	1.3017
b8e37eaf-3103-4ff1-880b-fdd0923c2537	15	57927799	62624332	3614	0.9077
b8e37eaf-3103-4ff1-880b-fdd0923c2537	15	62624473	65521764	1620	0.5616
b8e37eaf-3103-4ff1-880b-fdd0923c2537	15	65524604	65526049	3	-0.6391
b8e37eaf-3103-4ff1-880b-fdd0923c2537	15	65530196	67198909	1155	0.5774
b8e37eaf-3103-4ff1-880b-fdd0923c2537	15	67200041	67421906	126	0.4147
b8e37eaf-3103-4ff1-880b-fdd0923c2537	15	67422847	69236922	1125	0.5757
b8e37eaf-3103-4ff1-880b-fdd0923c2537	15	69237129	70603374	954	0.9356
b8e37eaf-3103-4ff1-880b-fdd0923c2537	15	70605857	72372641	1078	0.5713
b8e37eaf-3103-4ff1-880b-fdd0923c2537	15	72374083	72699879	137	0.4464
b8e37eaf-3103-4ff1-880b-fdd0923c2537	15	72703695	73841697	643	0.5848
b8e37eaf-3103-4ff1-880b-fdd0923c2537	15	73842098	74188070	287	0.3349
b8e37eaf-3103-4ff1-880b-fdd0923c2537	15	74189501	74785867	269	0.5488
b8e37eaf-3103-4ff1-880b-fdd0923c2537	15	74796712	75241470	168	0.8761
b8e37eaf-3103-4ff1-880b-fdd0923c2537	15	75244923	75755694	154	0.5636
b8e37eaf-3103-4ff1-880b-fdd0923c2537	15	75758528	76270397	260	0.3871
b8e37eaf-3103-4ff1-880b-fdd0923c2537	15	76270695	76599170	179	0.5412
b8e37eaf-3103-4ff1-880b-fdd0923c2537	15	76599286	76603434	20	0.8962
b8e37eaf-3103-4ff1-880b-fdd0923c2537	15	76609838	77841796	586	0.5692
b8e37eaf-3103-4ff1-880b-fdd0923c2537	15	77841995	78725408	501	0.3653
b8e37eaf-3103-4ff1-880b-fdd0923c2537	15	78726466	79482021	542	0.5933
b8e37eaf-3103-4ff1-880b-fdd0923c2537	15	79495493	79611396	144	0.8618
b8e37eaf-3103-4ff1-880b-fdd0923c2537	15	79613549	80482727	659	0.553
b8e37eaf-3103-4ff1-880b-fdd0923c2537	15	80485230	84550221	2180	0.3487
b8e37eaf-3103-4ff1-880b-fdd0923c2537	15	84553803	90354653	4126	0.0922
b8e37eaf-3103-4ff1-880b-fdd0923c2537	15	90354720	91079051	448	-0.7663
b8e37eaf-3103-4ff1-880b-fdd0923c2537	15	91082844	91133330	44	0.067
b8e37eaf-3103-4ff1-880b-fdd0923c2537	15	91138194	91233572	82	-0.8413
b8e37eaf-3103-4ff1-880b-fdd0923c2537	15	91236362	91830369	451	0.0735
b8e37eaf-3103-4ff1-880b-fdd0923c2537	15	91836988	91962129	89	-0.8277
b8e37eaf-3103-4ff1-880b-fdd0923c2537	15	91969962	92222525	328	0.0973
b8e37eaf-3103-4ff1-880b-fdd0923c2537	15	92222644	92223064	3	2.078
b8e37eaf-3103-4ff1-880b-fdd0923c2537	15	92223528	94826658	2197	0.0725
b8e37eaf-3103-4ff1-880b-fdd0923c2537	15	94828413	96002576	870	-0.7897
b8e37eaf-3103-4ff1-880b-fdd0923c2537	15	96006550	97386207	987	0.1092
b8e37eaf-3103-4ff1-880b-fdd0923c2537	15	97390145	97838532	364	-0.7464
b8e37eaf-3103-4ff1-880b-fdd0923c2537	15	97838751	100034683	1541	0.1102
b8e37eaf-3103-4ff1-880b-fdd0923c2537	15	100035141	101734447	1381	0.3555
b8e37eaf-3103-4ff1-880b-fdd0923c2537	15	101734739	101894806	75	-0.2035
b8e37eaf-3103-4ff1-880b-fdd0923c2537	15	101900719	101928837	4	-0.9964
b8e37eaf-3103-4ff1-880b-fdd0923c2537	16	10777	19933041	13445	-0.2497
b8e37eaf-3103-4ff1-880b-fdd0923c2537	16	19934328	19954553	28	-2.5797
b8e37eaf-3103-4ff1-880b-fdd0923c2537	16	19956040	24564764	2603	-0.2549
b8e37eaf-3103-4ff1-880b-fdd0923c2537	16	24564791	24701963	65	0.0768
b8e37eaf-3103-4ff1-880b-fdd0923c2537	16	24704332	46441986	4300	-0.2474
b8e37eaf-3103-4ff1-880b-fdd0923c2537	16	46444015	53955066	4888	-0.6587
b8e37eaf-3103-4ff1-880b-fdd0923c2537	16	53957443	53958347	2	-3.2859
b8e37eaf-3103-4ff1-880b-fdd0923c2537	16	53958792	60175399	4282	-0.6744
b8e37eaf-3103-4ff1-880b-fdd0923c2537	16	60176340	60325624	84	-0.2294
b8e37eaf-3103-4ff1-880b-fdd0923c2537	16	60326007	60900977	379	-0.678
b8e37eaf-3103-4ff1-880b-fdd0923c2537	16	60902058	62718450	1160	-0.1868
b8e37eaf-3103-4ff1-880b-fdd0923c2537	16	62729467	62773497	32	0.2392
b8e37eaf-3103-4ff1-880b-fdd0923c2537	16	62775058	62854049	47	-0.1935
b8e37eaf-3103-4ff1-880b-fdd0923c2537	16	62856944	63575941	498	-0.695
b8e37eaf-3103-4ff1-880b-fdd0923c2537	16	63580016	63788229	146	-0.2001
b8e37eaf-3103-4ff1-880b-fdd0923c2537	16	63789774	64024143	144	0.151
b8e37eaf-3103-4ff1-880b-fdd0923c2537	16	64029820	64485431	357	-0.1945
b8e37eaf-3103-4ff1-880b-fdd0923c2537	16	64485892	68421077	2365	0.1841
b8e37eaf-3103-4ff1-880b-fdd0923c2537	16	68421728	68514692	63	-0.167
b8e37eaf-3103-4ff1-880b-fdd0923c2537	16	68532884	68576361	32	-0.7192
b8e37eaf-3103-4ff1-880b-fdd0923c2537	16	68577028	68608022	10	-0.1652
b8e37eaf-3103-4ff1-880b-fdd0923c2537	16	68612175	68705266	53	-0.7299
b8e37eaf-3103-4ff1-880b-fdd0923c2537	16	68715760	73071442	2003	-0.1783
b8e37eaf-3103-4ff1-880b-fdd0923c2537	16	73074735	75651229	1682	-0.6829
b8e37eaf-3103-4ff1-880b-fdd0923c2537	16	75652248	75864308	96	-0.2363
b8e37eaf-3103-4ff1-880b-fdd0923c2537	16	75864564	78075064	2155	0.1786
b8e37eaf-3103-4ff1-880b-fdd0923c2537	16	78076247	78350868	255	0.4865
b8e37eaf-3103-4ff1-880b-fdd0923c2537	16	78351104	79041528	968	0.172
b8e37eaf-3103-4ff1-880b-fdd0923c2537	16	79042493	79248759	251	-0.1833
b8e37eaf-3103-4ff1-880b-fdd0923c2537	16	79254790	80034502	872	-0.7105
b8e37eaf-3103-4ff1-880b-fdd0923c2537	16	80034517	80970410	973	-0.168
b8e37eaf-3103-4ff1-880b-fdd0923c2537	16	80971482	80971505	2	-3.2691
b8e37eaf-3103-4ff1-880b-fdd0923c2537	16	80972861	82510514	1431	-0.1919
b8e37eaf-3103-4ff1-880b-fdd0923c2537	16	82512188	83115081	753	0.1888
b8e37eaf-3103-4ff1-880b-fdd0923c2537	16	83118121	83406348	395	-0.176
b8e37eaf-3103-4ff1-880b-fdd0923c2537	16	83407048	84061846	740	-0.6603
b8e37eaf-3103-4ff1-880b-fdd0923c2537	16	84064783	84853621	716	-0.2645
b8e37eaf-3103-4ff1-880b-fdd0923c2537	16	84853638	88579409	2834	-0.1546
b8e37eaf-3103-4ff1-880b-fdd0923c2537	16	88579725	90096867	655	-0.2773
b8e37eaf-3103-4ff1-880b-fdd0923c2537	17	150733	2587863	1248	-0.7332
b8e37eaf-3103-4ff1-880b-fdd0923c2537	17	2591126	3943508	799	0.1094
b8e37eaf-3103-4ff1-880b-fdd0923c2537	17	3945780	10595126	4076	-0.7224
b8e37eaf-3103-4ff1-880b-fdd0923c2537	17	10597953	12481604	1395	0.1286
b8e37eaf-3103-4ff1-880b-fdd0923c2537	17	12483347	13029134	401	-0.7159
b8e37eaf-3103-4ff1-880b-fdd0923c2537	17	13031831	17716261	3066	0.0926
b8e37eaf-3103-4ff1-880b-fdd0923c2537	17	17718822	17721793	6	-0.9507
b8e37eaf-3103-4ff1-880b-fdd0923c2537	17	17722187	18452078	371	0.0962
b8e37eaf-3103-4ff1-880b-fdd0923c2537	17	18455632	18561907	26	0.4476
b8e37eaf-3103-4ff1-880b-fdd0923c2537	17	18565883	28979365	2455	0.093
b8e37eaf-3103-4ff1-880b-fdd0923c2537	17	28983064	29058792	53	0.4092
b8e37eaf-3103-4ff1-880b-fdd0923c2537	17	29059429	31834731	1239	0.076
b8e37eaf-3103-4ff1-880b-fdd0923c2537	17	31838646	32186096	137	-0.609
b8e37eaf-3103-4ff1-880b-fdd0923c2537	17	32188117	32989083	454	0.0842
b8e37eaf-3103-4ff1-880b-fdd0923c2537	17	32990680	33636853	655	0.1739
b8e37eaf-3103-4ff1-880b-fdd0923c2537	17	33639174	41265456	4388	0.0859
b8e37eaf-3103-4ff1-880b-fdd0923c2537	17	41266762	41274279	24	-0.9382
b8e37eaf-3103-4ff1-880b-fdd0923c2537	17	41276472	46092761	2507	0.0793
b8e37eaf-3103-4ff1-880b-fdd0923c2537	17	46099618	46571001	123	-0.3453
b8e37eaf-3103-4ff1-880b-fdd0923c2537	17	46664059	58123113	7347	0.1
b8e37eaf-3103-4ff1-880b-fdd0923c2537	17	58134739	58136733	5	-0.9644
b8e37eaf-3103-4ff1-880b-fdd0923c2537	17	58140037	72255700	8226	0.0875
b8e37eaf-3103-4ff1-880b-fdd0923c2537	17	72256844	73811715	1210	0.1659
b8e37eaf-3103-4ff1-880b-fdd0923c2537	17	73814343	75189562	800	0.0662
b8e37eaf-3103-4ff1-880b-fdd0923c2537	17	75196245	75349386	72	0.6752
b8e37eaf-3103-4ff1-880b-fdd0923c2537	17	75353455	75432295	38	0.4666
b8e37eaf-3103-4ff1-880b-fdd0923c2537	17	75433634	75518008	38	0.7647
b8e37eaf-3103-4ff1-880b-fdd0923c2537	17	75544514	83091923	3812	0.159
b8e37eaf-3103-4ff1-880b-fdd0923c2537	18	48133	871267	615	-0.2579
b8e37eaf-3103-4ff1-880b-fdd0923c2537	18	876762	900331	28	-0.7736
b8e37eaf-3103-4ff1-880b-fdd0923c2537	18	900522	901966	6	-1.6549
b8e37eaf-3103-4ff1-880b-fdd0923c2537	18	902282	1300621	240	-0.6798
b8e37eaf-3103-4ff1-880b-fdd0923c2537	18	1308098	2702761	1028	-0.3106
b8e37eaf-3103-4ff1-880b-fdd0923c2537	18	2709164	3144884	290	0.0256
b8e37eaf-3103-4ff1-880b-fdd0923c2537	18	3147440	3599609	299	-0.3127
b8e37eaf-3103-4ff1-880b-fdd0923c2537	18	3607748	4085990	404	-0.8574
b8e37eaf-3103-4ff1-880b-fdd0923c2537	18	4090673	5128440	710	-0.3065
b8e37eaf-3103-4ff1-880b-fdd0923c2537	18	5128559	5470379	238	0.0612
b8e37eaf-3103-4ff1-880b-fdd0923c2537	18	5471766	6113749	497	-0.2376
b8e37eaf-3103-4ff1-880b-fdd0923c2537	18	6114690	6310165	106	0.0335
b8e37eaf-3103-4ff1-880b-fdd0923c2537	18	6310559	6864638	409	-0.2389
b8e37eaf-3103-4ff1-880b-fdd0923c2537	18	6865388	6865659	2	-1.9972
b8e37eaf-3103-4ff1-880b-fdd0923c2537	18	6865855	7606305	595	-0.6563
b8e37eaf-3103-4ff1-880b-fdd0923c2537	18	7607323	7718822	68	-1.4589
b8e37eaf-3103-4ff1-880b-fdd0923c2537	18	7722013	8972286	1017	-4.2337
b8e37eaf-3103-4ff1-880b-fdd0923c2537	18	8972766	9329269	204	-1.4454
b8e37eaf-3103-4ff1-880b-fdd0923c2537	18	9337740	9496578	104	-0.7424
b8e37eaf-3103-4ff1-880b-fdd0923c2537	18	9496799	9772770	221	-1.3695
b8e37eaf-3103-4ff1-880b-fdd0923c2537	18	9773440	9774530	3	-6.7067
b8e37eaf-3103-4ff1-880b-fdd0923c2537	18	9775375	10913439	911	-1.6799
b8e37eaf-3103-4ff1-880b-fdd0923c2537	18	10918115	11398925	345	-0.2527
b8e37eaf-3103-4ff1-880b-fdd0923c2537	18	11405069	11425991	19	-1.6815
b8e37eaf-3103-4ff1-880b-fdd0923c2537	18	11426293	11688002	150	-0.2242
b8e37eaf-3103-4ff1-880b-fdd0923c2537	18	11688980	13052474	738	0.1378
b8e37eaf-3103-4ff1-880b-fdd0923c2537	18	13052829	13794002	522	-0.7394
b8e37eaf-3103-4ff1-880b-fdd0923c2537	18	13796441	13856848	56	-1.762
b8e37eaf-3103-4ff1-880b-fdd0923c2537	18	13857605	14047383	135	-0.6886
b8e37eaf-3103-4ff1-880b-fdd0923c2537	18	14050182	15361215	390	-1.2446
b8e37eaf-3103-4ff1-880b-fdd0923c2537	18	15375163	27380087	3862	-0.2209
b8e37eaf-3103-4ff1-880b-fdd0923c2537	18	27380293	28616694	801	0.0875
b8e37eaf-3103-4ff1-880b-fdd0923c2537	18	28616708	29364572	435	-0.2413
b8e37eaf-3103-4ff1-880b-fdd0923c2537	18	29365004	31454080	1308	0.0928
b8e37eaf-3103-4ff1-880b-fdd0923c2537	18	31454136	31454341	4	-0.8029
b8e37eaf-3103-4ff1-880b-fdd0923c2537	18	31454363	43553417	7868	0.104
b8e37eaf-3103-4ff1-880b-fdd0923c2537	18	43556367	43570938	12	-0.425
b8e37eaf-3103-4ff1-880b-fdd0923c2537	18	43571204	43621658	25	-0.1899
b8e37eaf-3103-4ff1-880b-fdd0923c2537	18	43625511	53740491	7042	0.1058
b8e37eaf-3103-4ff1-880b-fdd0923c2537	18	53740727	53740840	4	1.3476
b8e37eaf-3103-4ff1-880b-fdd0923c2537	18	53740980	57414920	2312	0.0886
b8e37eaf-3103-4ff1-880b-fdd0923c2537	18	57415814	62232004	3505	0.3644
b8e37eaf-3103-4ff1-880b-fdd0923c2537	18	62232758	63546085	966	0.0609
b8e37eaf-3103-4ff1-880b-fdd0923c2537	18	63551914	64135244	417	0.3445
b8e37eaf-3103-4ff1-880b-fdd0923c2537	18	64138846	64559560	286	0.0983
b8e37eaf-3103-4ff1-880b-fdd0923c2537	18	64560559	66132343	1105	-0.2643
b8e37eaf-3103-4ff1-880b-fdd0923c2537	18	66134032	71286635	3698	0.0853
b8e37eaf-3103-4ff1-880b-fdd0923c2537	18	71290725	80257174	6658	-0.2612
b8e37eaf-3103-4ff1-880b-fdd0923c2537	19	90910	417714	86	-0.054
b8e37eaf-3103-4ff1-880b-fdd0923c2537	19	420755	19600906	8355	0.0896
b8e37eaf-3103-4ff1-880b-fdd0923c2537	19	19603223	21632117	1160	0.0451
b8e37eaf-3103-4ff1-880b-fdd0923c2537	19	21632838	21637067	2	-1.4331
b8e37eaf-3103-4ff1-880b-fdd0923c2537	19	21637309	35358420	7089	0.0461
b8e37eaf-3103-4ff1-880b-fdd0923c2537	19	35364451	35370946	21	-1.5498
b8e37eaf-3103-4ff1-880b-fdd0923c2537	19	35375842	36355248	442	0.0348
b8e37eaf-3103-4ff1-880b-fdd0923c2537	19	36355288	36356735	10	-0.5124
b8e37eaf-3103-4ff1-880b-fdd0923c2537	19	36356789	40828847	2311	0.0111
b8e37eaf-3103-4ff1-880b-fdd0923c2537	19	40832930	40886749	29	-0.7032
b8e37eaf-3103-4ff1-880b-fdd0923c2537	19	40886980	54740939	7270	0.0096
b8e37eaf-3103-4ff1-880b-fdd0923c2537	19	54772391	54802362	12	-0.5606
b8e37eaf-3103-4ff1-880b-fdd0923c2537	19	54802832	54822372	9	-1.1565
b8e37eaf-3103-4ff1-880b-fdd0923c2537	19	54822429	54837236	11	-0.3761
b8e37eaf-3103-4ff1-880b-fdd0923c2537	19	54852069	58586487	2285	0.0085
b8e37eaf-3103-4ff1-880b-fdd0923c2537	20	80664	1571811	1182	0.0966
b8e37eaf-3103-4ff1-880b-fdd0923c2537	20	1576544	1580156	18	-0.5811
b8e37eaf-3103-4ff1-880b-fdd0923c2537	20	1580276	1601561	39	-0.0219
b8e37eaf-3103-4ff1-880b-fdd0923c2537	20	1609611	1617460	7	0.8705
b8e37eaf-3103-4ff1-880b-fdd0923c2537	20	1617690	1811274	185	0.0605
b8e37eaf-3103-4ff1-880b-fdd0923c2537	20	1814286	1815667	2	1.3481
b8e37eaf-3103-4ff1-880b-fdd0923c2537	20	1815815	34313857	20146	0.0936
b8e37eaf-3103-4ff1-880b-fdd0923c2537	20	34321615	34838009	211	0.3071
b8e37eaf-3103-4ff1-880b-fdd0923c2537	20	34838409	34846759	3	-0.6126
b8e37eaf-3103-4ff1-880b-fdd0923c2537	20	34847358	35527132	353	0.3527
b8e37eaf-3103-4ff1-880b-fdd0923c2537	20	35527178	37985360	1328	0.063
b8e37eaf-3103-4ff1-880b-fdd0923c2537	20	37986191	38946746	587	0.38
b8e37eaf-3103-4ff1-880b-fdd0923c2537	20	38947150	46610230	5451	0.0888
b8e37eaf-3103-4ff1-880b-fdd0923c2537	20	46611117	46657890	62	0.361
b8e37eaf-3103-4ff1-880b-fdd0923c2537	20	46658094	49087273	1816	0.1067
b8e37eaf-3103-4ff1-880b-fdd0923c2537	20	49088699	49336930	130	0.2839
b8e37eaf-3103-4ff1-880b-fdd0923c2537	20	49338594	50632339	863	0.0522
b8e37eaf-3103-4ff1-880b-fdd0923c2537	20	50639287	50766474	67	0.6187
b8e37eaf-3103-4ff1-880b-fdd0923c2537	20	50768696	56970912	4856	0.0839
b8e37eaf-3103-4ff1-880b-fdd0923c2537	20	56971521	60073043	2344	-0.7999
b8e37eaf-3103-4ff1-880b-fdd0923c2537	20	60074292	60161551	106	-0.2783
b8e37eaf-3103-4ff1-880b-fdd0923c2537	20	60167379	60576572	390	0.6259
b8e37eaf-3103-4ff1-880b-fdd0923c2537	20	60580782	60749438	141	-0.334
b8e37eaf-3103-4ff1-880b-fdd0923c2537	20	60749466	63556719	1708	-0.2388
b8e37eaf-3103-4ff1-880b-fdd0923c2537	20	63567905	64324800	323	-0.3677
b8e37eaf-3103-4ff1-880b-fdd0923c2537	21	10354168	13583316	262	-1.1696
b8e37eaf-3103-4ff1-880b-fdd0923c2537	21	13612103	46677045	23552	-0.2783
b8e37eaf-3103-4ff1-880b-fdd0923c2537	22	15294547	16618707	87	-0.0493
b8e37eaf-3103-4ff1-880b-fdd0923c2537	22	16619607	17073464	252	0.5462
b8e37eaf-3103-4ff1-880b-fdd0923c2537	22	17073644	17112118	27	0.8974
b8e37eaf-3103-4ff1-880b-fdd0923c2537	22	17114025	17141473	36	0.5253
b8e37eaf-3103-4ff1-880b-fdd0923c2537	22	17142518	17241646	58	0.9256
b8e37eaf-3103-4ff1-880b-fdd0923c2537	22	17251087	18392404	670	0.6187
b8e37eaf-3103-4ff1-880b-fdd0923c2537	22	18547989	19352587	268	0.0244
b8e37eaf-3103-4ff1-880b-fdd0923c2537	22	19355698	19880695	330	0.5019
b8e37eaf-3103-4ff1-880b-fdd0923c2537	22	19880850	19966935	79	0.9708
b8e37eaf-3103-4ff1-880b-fdd0923c2537	22	19967444	19968894	7	0.367
b8e37eaf-3103-4ff1-880b-fdd0923c2537	22	19974680	20407094	230	0.0688
b8e37eaf-3103-4ff1-880b-fdd0923c2537	22	20407204	21111383	659	0.4914
b8e37eaf-3103-4ff1-880b-fdd0923c2537	22	21188326	21628051	46	0.039
b8e37eaf-3103-4ff1-880b-fdd0923c2537	22	21633730	21709048	39	-0.8692
b8e37eaf-3103-4ff1-880b-fdd0923c2537	22	21710962	22370351	637	0.5914
b8e37eaf-3103-4ff1-880b-fdd0923c2537	22	22370970	24139663	1065	-0.717
b8e37eaf-3103-4ff1-880b-fdd0923c2537	22	24140315	24685371	250	0.1081
b8e37eaf-3103-4ff1-880b-fdd0923c2537	22	24686148	24686567	3	-0.9011
b8e37eaf-3103-4ff1-880b-fdd0923c2537	22	24691707	24923277	185	0.1223
b8e37eaf-3103-4ff1-880b-fdd0923c2537	22	24930502	25286813	283	-0.6501
b8e37eaf-3103-4ff1-880b-fdd0923c2537	22	25288441	25289870	3	1.0533
b8e37eaf-3103-4ff1-880b-fdd0923c2537	22	25293106	25349934	44	-0.3053
b8e37eaf-3103-4ff1-880b-fdd0923c2537	22	25349949	26476138	1121	-0.7063
b8e37eaf-3103-4ff1-880b-fdd0923c2537	22	26481573	27676140	1286	0.1728
b8e37eaf-3103-4ff1-880b-fdd0923c2537	22	27677498	29759124	1189	-0.6999
b8e37eaf-3103-4ff1-880b-fdd0923c2537	22	29762491	31156472	788	0.1154
b8e37eaf-3103-4ff1-880b-fdd0923c2537	22	31156716	48974078	12375	-0.7115
b8e37eaf-3103-4ff1-880b-fdd0923c2537	22	48977019	49301551	351	-0.8748
b8e37eaf-3103-4ff1-880b-fdd0923c2537	22	49304524	50796027	801	0.0579
b8e37eaf-3103-4ff1-880b-fdd0923c2537	X	251810	3295870	479	0.1035
b8e37eaf-3103-4ff1-880b-fdd0923c2537	X	3296135	3541362	203	0.2276
b8e37eaf-3103-4ff1-880b-fdd0923c2537	X	3541910	4635811	712	0.0988
b8e37eaf-3103-4ff1-880b-fdd0923c2537	X	4640027	5004155	268	0.622
b8e37eaf-3103-4ff1-880b-fdd0923c2537	X	5004902	5877102	764	0.1223
b8e37eaf-3103-4ff1-880b-fdd0923c2537	X	5878101	6518740	522	0.2375
b8e37eaf-3103-4ff1-880b-fdd0923c2537	X	6519826	8815239	1699	0.1382
b8e37eaf-3103-4ff1-880b-fdd0923c2537	X	8818678	9923723	875	0.2441
b8e37eaf-3103-4ff1-880b-fdd0923c2537	X	9923776	10433671	389	0.1079
b8e37eaf-3103-4ff1-880b-fdd0923c2537	X	10433925	47969620	23020	0.1936
b8e37eaf-3103-4ff1-880b-fdd0923c2537	X	47974444	48496493	230	0.1248
b8e37eaf-3103-4ff1-880b-fdd0923c2537	X	48496912	53061750	1815	0.2245
b8e37eaf-3103-4ff1-880b-fdd0923c2537	X	53063744	53523076	186	0.4629
b8e37eaf-3103-4ff1-880b-fdd0923c2537	X	53529919	64992566	3063	0.1945
b8e37eaf-3103-4ff1-880b-fdd0923c2537	X	64995359	68023711	1393	0.1234
b8e37eaf-3103-4ff1-880b-fdd0923c2537	X	68025715	72549544	2164	0.1859
b8e37eaf-3103-4ff1-880b-fdd0923c2537	X	72549926	82204316	4363	0.1274
b8e37eaf-3103-4ff1-880b-fdd0923c2537	X	82208609	82331282	41	-0.7275
b8e37eaf-3103-4ff1-880b-fdd0923c2537	X	82333527	85064922	1434	0.1108
b8e37eaf-3103-4ff1-880b-fdd0923c2537	X	85067061	88150112	2034	-0.2149
b8e37eaf-3103-4ff1-880b-fdd0923c2537	X	88150778	89212862	696	0.391
b8e37eaf-3103-4ff1-880b-fdd0923c2537	X	89224288	97735673	4130	0.1029
b8e37eaf-3103-4ff1-880b-fdd0923c2537	X	97736137	104882034	3696	0.1464
b8e37eaf-3103-4ff1-880b-fdd0923c2537	X	104888052	111474065	3470	-0.6161
b8e37eaf-3103-4ff1-880b-fdd0923c2537	X	111476801	111483997	5	-4.3267
b8e37eaf-3103-4ff1-880b-fdd0923c2537	X	111486148	121270848	5536	-0.6296
b8e37eaf-3103-4ff1-880b-fdd0923c2537	X	121270851	121270926	3	0.7882
b8e37eaf-3103-4ff1-880b-fdd0923c2537	X	121274693	121823599	322	-0.6407
b8e37eaf-3103-4ff1-880b-fdd0923c2537	X	121826446	123138641	834	0.1905
b8e37eaf-3103-4ff1-880b-fdd0923c2537	X	123141338	123233522	84	0.7209
b8e37eaf-3103-4ff1-880b-fdd0923c2537	X	123234654	123319994	80	0.1785
b8e37eaf-3103-4ff1-880b-fdd0923c2537	X	123322615	123429267	66	0.7502
b8e37eaf-3103-4ff1-880b-fdd0923c2537	X	123431371	124645377	734	0.2041
b8e37eaf-3103-4ff1-880b-fdd0923c2537	X	124651027	125983780	710	-0.6273
b8e37eaf-3103-4ff1-880b-fdd0923c2537	X	125997018	126043018	24	0.2811
b8e37eaf-3103-4ff1-880b-fdd0923c2537	X	126044106	126092182	40	-0.6812
b8e37eaf-3103-4ff1-880b-fdd0923c2537	X	126103917	126322536	134	0.1779
b8e37eaf-3103-4ff1-880b-fdd0923c2537	X	126327757	126396686	46	0.7458
b8e37eaf-3103-4ff1-880b-fdd0923c2537	X	126400293	126407390	13	0.2145
b8e37eaf-3103-4ff1-880b-fdd0923c2537	X	126410833	126445739	11	0.7022
b8e37eaf-3103-4ff1-880b-fdd0923c2537	X	126451521	126465650	8	-0.0817
b8e37eaf-3103-4ff1-880b-fdd0923c2537	X	126471570	126516281	42	1.2339
b8e37eaf-3103-4ff1-880b-fdd0923c2537	X	126516297	126549443	43	0.7172
b8e37eaf-3103-4ff1-880b-fdd0923c2537	X	126556524	126626175	47	0.2248
b8e37eaf-3103-4ff1-880b-fdd0923c2537	X	126629379	126640440	6	0.6561
b8e37eaf-3103-4ff1-880b-fdd0923c2537	X	126645466	126686343	37	1.4064
b8e37eaf-3103-4ff1-880b-fdd0923c2537	X	126696773	127384392	388	0.2019
b8e37eaf-3103-4ff1-880b-fdd0923c2537	X	127388396	127440073	32	0.7297
b8e37eaf-3103-4ff1-880b-fdd0923c2537	X	127440509	127683510	165	0.2076
b8e37eaf-3103-4ff1-880b-fdd0923c2537	X	127686532	128757198	538	-0.6336
b8e37eaf-3103-4ff1-880b-fdd0923c2537	X	128758788	128909864	112	0.2354
b8e37eaf-3103-4ff1-880b-fdd0923c2537	X	128913439	130100318	674	-0.6086
b8e37eaf-3103-4ff1-880b-fdd0923c2537	X	130104438	130131419	11	0.098
b8e37eaf-3103-4ff1-880b-fdd0923c2537	X	130133397	130136005	4	-0.8048
b8e37eaf-3103-4ff1-880b-fdd0923c2537	X	130138545	130157210	11	0.1548
b8e37eaf-3103-4ff1-880b-fdd0923c2537	X	130160328	130180104	21	-0.5703
b8e37eaf-3103-4ff1-880b-fdd0923c2537	X	130184327	130925909	393	0.1917
b8e37eaf-3103-4ff1-880b-fdd0923c2537	X	130928658	131029834	46	-0.5483
b8e37eaf-3103-4ff1-880b-fdd0923c2537	X	131029994	131063444	20	-0.8662
b8e37eaf-3103-4ff1-880b-fdd0923c2537	X	131066794	131151547	43	0.2633
b8e37eaf-3103-4ff1-880b-fdd0923c2537	X	131152027	133116913	1046	-0.6362
b8e37eaf-3103-4ff1-880b-fdd0923c2537	X	133116987	134227825	552	0.2477
b8e37eaf-3103-4ff1-880b-fdd0923c2537	X	134236902	135122116	439	-0.5865
b8e37eaf-3103-4ff1-880b-fdd0923c2537	X	135162713	135312955	64	0.1591
b8e37eaf-3103-4ff1-880b-fdd0923c2537	X	135315518	135330188	10	0.6081
b8e37eaf-3103-4ff1-880b-fdd0923c2537	X	135335411	135386550	32	0.083
b8e37eaf-3103-4ff1-880b-fdd0923c2537	X	135397410	135434489	25	-0.6117
b8e37eaf-3103-4ff1-880b-fdd0923c2537	X	135440724	135600175	109	0.196
b8e37eaf-3103-4ff1-880b-fdd0923c2537	X	135606029	135948342	149	-0.7367
b8e37eaf-3103-4ff1-880b-fdd0923c2537	X	135951167	138410523	1434	0.2239
b8e37eaf-3103-4ff1-880b-fdd0923c2537	X	138416213	147974914	6392	-0.6498
b8e37eaf-3103-4ff1-880b-fdd0923c2537	X	147977972	148003226	12	-1.8663
b8e37eaf-3103-4ff1-880b-fdd0923c2537	X	148003628	148056824	39	-3.8934
b8e37eaf-3103-4ff1-880b-fdd0923c2537	X	148057444	148123161	51	-0.2773
b8e37eaf-3103-4ff1-880b-fdd0923c2537	X	148123305	149176281	708	0.3927
b8e37eaf-3103-4ff1-880b-fdd0923c2537	X	149185531	149568014	253	-0.2254
b8e37eaf-3103-4ff1-880b-fdd0923c2537	X	149572955	149849602	111	0.5153
b8e37eaf-3103-4ff1-880b-fdd0923c2537	X	149853401	149899987	26	-3.0477
b8e37eaf-3103-4ff1-880b-fdd0923c2537	X	149932109	150526098	349	-0.2361
b8e37eaf-3103-4ff1-880b-fdd0923c2537	X	150526569	150842211	208	0.1439
b8e37eaf-3103-4ff1-880b-fdd0923c2537	X	150842510	151070759	176	0.784
b8e37eaf-3103-4ff1-880b-fdd0923c2537	X	151074531	151170765	70	0.0566
b8e37eaf-3103-4ff1-880b-fdd0923c2537	X	151175676	151198432	18	0.7415
b8e37eaf-3103-4ff1-880b-fdd0923c2537	X	151201626	152131162	664	1.4877
b8e37eaf-3103-4ff1-880b-fdd0923c2537	X	152134564	153425665	721	0.719
b8e37eaf-3103-4ff1-880b-fdd0923c2537	X	153425752	154103116	296	0.869
b8e37eaf-3103-4ff1-880b-fdd0923c2537	X	154110585	154396235	98	0.7136
b8e37eaf-3103-4ff1-880b-fdd0923c2537	X	154398397	154553220	57	0.9069
b8e37eaf-3103-4ff1-880b-fdd0923c2537	X	154554965	155952689	476	0.6931
b8e37eaf-3103-4ff1-880b-fdd0923c2537	Y	2782397	3015328	114	-2.7045
b8e37eaf-3103-4ff1-880b-fdd0923c2537	Y	3019407	3024380	4	-4.9606
b8e37eaf-3103-4ff1-880b-fdd0923c2537	Y	3025189	6075631	601	-2.4605
b8e37eaf-3103-4ff1-880b-fdd0923c2537	Y	6076562	56872112	5921	-2.8616
