GDC_Aliquot	Chromosome	Start	End	Num_Probes	Segment_Mean
216e082e-4ea9-4358-ae14-cf47c8617c6a	1	62920	1575421	209	-0.1218
216e082e-4ea9-4358-ae14-cf47c8617c6a	1	1696479	1741164	16	-0.6776
216e082e-4ea9-4358-ae14-cf47c8617c6a	1	1756148	8315440	3902	-0.0173
216e082e-4ea9-4358-ae14-cf47c8617c6a	1	8315853	8316537	2	-2.1654
216e082e-4ea9-4358-ae14-cf47c8617c6a	1	8318934	16864367	4542	0.0037
216e082e-4ea9-4358-ae14-cf47c8617c6a	1	16868660	16935752	53	-0.5689
216e082e-4ea9-4358-ae14-cf47c8617c6a	1	16949746	76646739	36638	-0.001
216e082e-4ea9-4358-ae14-cf47c8617c6a	1	76647399	76665935	13	-0.6318
216e082e-4ea9-4358-ae14-cf47c8617c6a	1	76666906	94104662	11162	0.0019
216e082e-4ea9-4358-ae14-cf47c8617c6a	1	94106714	94107490	2	-2.1129
216e082e-4ea9-4358-ae14-cf47c8617c6a	1	94107963	102675153	5563	-0.0021
216e082e-4ea9-4358-ae14-cf47c8617c6a	1	102676764	102677089	2	-2.0208
216e082e-4ea9-4358-ae14-cf47c8617c6a	1	102680136	105476614	1367	-0.0273
216e082e-4ea9-4358-ae14-cf47c8617c6a	1	105476688	105479198	10	-1.0634
216e082e-4ea9-4358-ae14-cf47c8617c6a	1	105479231	109684893	2633	-0.0004
216e082e-4ea9-4358-ae14-cf47c8617c6a	1	109690352	109702376	13	-0.7953
216e082e-4ea9-4358-ae14-cf47c8617c6a	1	109703504	111385772	1314	0.0065
216e082e-4ea9-4358-ae14-cf47c8617c6a	1	111386515	111390609	5	-0.9985
216e082e-4ea9-4358-ae14-cf47c8617c6a	1	111393046	143494500	5774	0.0081
216e082e-4ea9-4358-ae14-cf47c8617c6a	1	143541857	143927887	124	-0.7392
216e082e-4ea9-4358-ae14-cf47c8617c6a	1	143928045	152583051	2300	0.003
216e082e-4ea9-4358-ae14-cf47c8617c6a	1	152583230	152614118	35	-1.7396
216e082e-4ea9-4358-ae14-cf47c8617c6a	1	152618018	194479104	28058	0.0067
216e082e-4ea9-4358-ae14-cf47c8617c6a	1	194482281	194485888	2	-2.264
216e082e-4ea9-4358-ae14-cf47c8617c6a	1	194487886	248930189	37154	0.0042
216e082e-4ea9-4358-ae14-cf47c8617c6a	2	12784	14563570	10992	0.0057
216e082e-4ea9-4358-ae14-cf47c8617c6a	2	14564825	14569897	11	-0.8437
216e082e-4ea9-4358-ae14-cf47c8617c6a	2	14570240	34486407	12975	0.0136
216e082e-4ea9-4358-ae14-cf47c8617c6a	2	34491703	34515572	34	-0.6369
216e082e-4ea9-4358-ae14-cf47c8617c6a	2	34515690	52527743	12939	0.0045
216e082e-4ea9-4358-ae14-cf47c8617c6a	2	52531615	52554404	33	0.7377
216e082e-4ea9-4358-ae14-cf47c8617c6a	2	52560811	87094919	21886	0.0052
216e082e-4ea9-4358-ae14-cf47c8617c6a	2	87103855	87696853	118	0.549
216e082e-4ea9-4358-ae14-cf47c8617c6a	2	87725148	105862828	6934	0.0088
216e082e-4ea9-4358-ae14-cf47c8617c6a	2	105863350	105864989	6	-1.0772
216e082e-4ea9-4358-ae14-cf47c8617c6a	2	105867134	106263639	335	0.0134
216e082e-4ea9-4358-ae14-cf47c8617c6a	2	106264257	106270799	12	-2.203
216e082e-4ea9-4358-ae14-cf47c8617c6a	2	106270952	128880928	13314	0.009
216e082e-4ea9-4358-ae14-cf47c8617c6a	2	128881200	128882741	13	0.7397
216e082e-4ea9-4358-ae14-cf47c8617c6a	2	128882755	137868404	5323	0.0051
216e082e-4ea9-4358-ae14-cf47c8617c6a	2	137868524	137871410	4	-1.5191
216e082e-4ea9-4358-ae14-cf47c8617c6a	2	137871761	141120932	2011	0.0111
216e082e-4ea9-4358-ae14-cf47c8617c6a	2	141124490	141125140	5	-1.452
216e082e-4ea9-4358-ae14-cf47c8617c6a	2	141126534	146104517	3022	0.004
216e082e-4ea9-4358-ae14-cf47c8617c6a	2	146106836	146109366	24	-1.9515
216e082e-4ea9-4358-ae14-cf47c8617c6a	2	146120238	167319556	12547	0.0103
216e082e-4ea9-4358-ae14-cf47c8617c6a	2	167319797	167324930	7	-1.3945
216e082e-4ea9-4358-ae14-cf47c8617c6a	2	167331418	183929673	10616	0.0119
216e082e-4ea9-4358-ae14-cf47c8617c6a	2	183929787	183937714	16	-0.853
216e082e-4ea9-4358-ae14-cf47c8617c6a	2	183943862	242147305	35627	0.0057
216e082e-4ea9-4358-ae14-cf47c8617c6a	3	20930	119631498	76003	0.002
216e082e-4ea9-4358-ae14-cf47c8617c6a	3	119632551	119635091	5	-2.0529
216e082e-4ea9-4358-ae14-cf47c8617c6a	3	119636564	149683933	18269	0.0004
216e082e-4ea9-4358-ae14-cf47c8617c6a	3	149685460	149686168	2	-2.2626
216e082e-4ea9-4358-ae14-cf47c8617c6a	3	149686214	162815162	8012	0.0028
216e082e-4ea9-4358-ae14-cf47c8617c6a	3	162816942	162822702	6	-1.6343
216e082e-4ea9-4358-ae14-cf47c8617c6a	3	162827928	193160113	19129	0.0041
216e082e-4ea9-4358-ae14-cf47c8617c6a	3	193160173	193162798	8	1.1439
216e082e-4ea9-4358-ae14-cf47c8617c6a	3	193162937	195691392	1489	0.0074
216e082e-4ea9-4358-ae14-cf47c8617c6a	3	195695418	195728637	20	-0.5362
216e082e-4ea9-4358-ae14-cf47c8617c6a	3	195728990	196935283	555	0.0272
216e082e-4ea9-4358-ae14-cf47c8617c6a	3	196935404	196955067	15	-0.6348
216e082e-4ea9-4358-ae14-cf47c8617c6a	3	196956906	198169247	609	0.0423
216e082e-4ea9-4358-ae14-cf47c8617c6a	4	68929	9455251	5131	-0.0037
216e082e-4ea9-4358-ae14-cf47c8617c6a	4	9459504	9477699	5	1.6248
216e082e-4ea9-4358-ae14-cf47c8617c6a	4	9484440	10208766	538	0.0036
216e082e-4ea9-4358-ae14-cf47c8617c6a	4	10221792	10227303	8	1.296
216e082e-4ea9-4358-ae14-cf47c8617c6a	4	10227493	10229173	14	3.132
216e082e-4ea9-4358-ae14-cf47c8617c6a	4	10229188	10229625	5	1.1991
216e082e-4ea9-4358-ae14-cf47c8617c6a	4	10229874	18534166	6341	0.004
216e082e-4ea9-4358-ae14-cf47c8617c6a	4	18537461	18546250	7	-1.2025
216e082e-4ea9-4358-ae14-cf47c8617c6a	4	18558257	28402659	6665	0.0012
216e082e-4ea9-4358-ae14-cf47c8617c6a	4	28405513	28405554	2	-1.8078
216e082e-4ea9-4358-ae14-cf47c8617c6a	4	28409032	32537555	2648	0.0041
216e082e-4ea9-4358-ae14-cf47c8617c6a	4	32538160	32542563	3	-1.4213
216e082e-4ea9-4358-ae14-cf47c8617c6a	4	32542776	34777353	1240	0.0018
216e082e-4ea9-4358-ae14-cf47c8617c6a	4	34777382	34823103	42	0.4763
216e082e-4ea9-4358-ae14-cf47c8617c6a	4	34828250	63827261	16472	0.0091
216e082e-4ea9-4358-ae14-cf47c8617c6a	4	63828222	63850713	30	0.5901
216e082e-4ea9-4358-ae14-cf47c8617c6a	4	63851308	68554399	2883	0.0021
216e082e-4ea9-4358-ae14-cf47c8617c6a	4	68560730	68726064	51	0.5697
216e082e-4ea9-4358-ae14-cf47c8617c6a	4	68729873	69523998	467	0.0717
216e082e-4ea9-4358-ae14-cf47c8617c6a	4	69524143	69525061	2	-2.3855
216e082e-4ea9-4358-ae14-cf47c8617c6a	4	69526170	114252472	27081	0.0013
216e082e-4ea9-4358-ae14-cf47c8617c6a	4	114252500	114261019	25	0.6499
216e082e-4ea9-4358-ae14-cf47c8617c6a	4	114263073	160952848	27825	0.0005
216e082e-4ea9-4358-ae14-cf47c8617c6a	4	160958866	160963767	22	-0.7174
216e082e-4ea9-4358-ae14-cf47c8617c6a	4	160963806	171448195	6637	0.0108
216e082e-4ea9-4358-ae14-cf47c8617c6a	4	171453733	171456625	12	1.2245
216e082e-4ea9-4358-ae14-cf47c8617c6a	4	171459220	172066777	395	0.0185
216e082e-4ea9-4358-ae14-cf47c8617c6a	4	172067997	172068382	12	-1.6337
216e082e-4ea9-4358-ae14-cf47c8617c6a	4	172074828	188300104	10888	0.0047
216e082e-4ea9-4358-ae14-cf47c8617c6a	4	188300206	188300221	2	-2.2452
216e082e-4ea9-4358-ae14-cf47c8617c6a	4	188300270	190106768	1142	0.0287
216e082e-4ea9-4358-ae14-cf47c8617c6a	5	15532	742574	324	-0.0247
216e082e-4ea9-4358-ae14-cf47c8617c6a	5	760901	808932	14	-0.4202
216e082e-4ea9-4358-ae14-cf47c8617c6a	5	817735	833513	15	-0.9096
216e082e-4ea9-4358-ae14-cf47c8617c6a	5	852451	6612351	4853	-0.0057
216e082e-4ea9-4358-ae14-cf47c8617c6a	5	6612540	6612793	3	-1.595
216e082e-4ea9-4358-ae14-cf47c8617c6a	5	6613305	10808844	3499	0.004
216e082e-4ea9-4358-ae14-cf47c8617c6a	5	10809062	10810477	2	-1.8305
216e082e-4ea9-4358-ae14-cf47c8617c6a	5	10810492	12815668	1416	-0.0021
216e082e-4ea9-4358-ae14-cf47c8617c6a	5	12815753	12838421	13	-1.6288
216e082e-4ea9-4358-ae14-cf47c8617c6a	5	12849089	17601444	3165	0.0024
216e082e-4ea9-4358-ae14-cf47c8617c6a	5	17601619	17687224	35	-1.0119
216e082e-4ea9-4358-ae14-cf47c8617c6a	5	17687745	17955947	201	0.0217
216e082e-4ea9-4358-ae14-cf47c8617c6a	5	17956881	17960987	3	-2.2831
216e082e-4ea9-4358-ae14-cf47c8617c6a	5	17961700	21439197	2080	0.0042
216e082e-4ea9-4358-ae14-cf47c8617c6a	5	21440955	21564827	25	0.4821
216e082e-4ea9-4358-ae14-cf47c8617c6a	5	21565195	26789387	3103	0.0107
216e082e-4ea9-4358-ae14-cf47c8617c6a	5	26797651	26797735	2	-2.1006
216e082e-4ea9-4358-ae14-cf47c8617c6a	5	26803775	45939197	11700	0.0015
216e082e-4ea9-4358-ae14-cf47c8617c6a	5	45939572	46042617	15	-0.4246
216e082e-4ea9-4358-ae14-cf47c8617c6a	5	46061883	46098416	7	-1.2157
216e082e-4ea9-4358-ae14-cf47c8617c6a	5	46099451	46271006	39	-0.0432
216e082e-4ea9-4358-ae14-cf47c8617c6a	5	46271828	46273400	6	-2.1711
216e082e-4ea9-4358-ae14-cf47c8617c6a	5	46278110	58025819	5050	0.0073
216e082e-4ea9-4358-ae14-cf47c8617c6a	5	58030200	58037706	32	2.6015
216e082e-4ea9-4358-ae14-cf47c8617c6a	5	58042530	160781165	63199	0.0021
216e082e-4ea9-4358-ae14-cf47c8617c6a	5	160781270	160785096	4	-2.2669
216e082e-4ea9-4358-ae14-cf47c8617c6a	5	160785107	180971271	13305	-0.0035
216e082e-4ea9-4358-ae14-cf47c8617c6a	5	180972373	181018221	19	-0.607
216e082e-4ea9-4358-ae14-cf47c8617c6a	5	181018356	181363319	162	-0.0069
216e082e-4ea9-4358-ae14-cf47c8617c6a	6	149661	267693	109	0.0688
216e082e-4ea9-4358-ae14-cf47c8617c6a	6	271773	294474	13	0.9216
216e082e-4ea9-4358-ae14-cf47c8617c6a	6	294725	11071891	8546	0.0004
216e082e-4ea9-4358-ae14-cf47c8617c6a	6	11074069	11076965	7	-1.1917
216e082e-4ea9-4358-ae14-cf47c8617c6a	6	11084404	29869411	12876	0.0058
216e082e-4ea9-4358-ae14-cf47c8617c6a	6	29869537	29906865	20	-0.9945
216e082e-4ea9-4358-ae14-cf47c8617c6a	6	29906932	31313046	650	-0.0208
216e082e-4ea9-4358-ae14-cf47c8617c6a	6	31318499	31328176	7	-2.4073
216e082e-4ea9-4358-ae14-cf47c8617c6a	6	31328210	32656527	557	-0.0793
216e082e-4ea9-4358-ae14-cf47c8617c6a	6	32656814	32658841	5	-1.8593
216e082e-4ea9-4358-ae14-cf47c8617c6a	6	32682835	76726815	25759	0.0012
216e082e-4ea9-4358-ae14-cf47c8617c6a	6	76730151	76742665	15	-3.4555
216e082e-4ea9-4358-ae14-cf47c8617c6a	6	76742675	76743040	6	-1.3364
216e082e-4ea9-4358-ae14-cf47c8617c6a	6	76751356	78246151	961	-0.011
216e082e-4ea9-4358-ae14-cf47c8617c6a	6	78246837	78316784	107	0.2192
216e082e-4ea9-4358-ae14-cf47c8617c6a	6	78316871	101484250	14349	0.0009
216e082e-4ea9-4358-ae14-cf47c8617c6a	6	101491162	101491400	4	-1.5914
216e082e-4ea9-4358-ae14-cf47c8617c6a	6	101491613	110074988	5315	0.0011
216e082e-4ea9-4358-ae14-cf47c8617c6a	6	110075473	110088274	15	-1.1577
216e082e-4ea9-4358-ae14-cf47c8617c6a	6	110091263	123966137	8285	0.0042
216e082e-4ea9-4358-ae14-cf47c8617c6a	6	123968696	123971215	3	-2.1613
216e082e-4ea9-4358-ae14-cf47c8617c6a	6	123971449	133945130	6477	-0.0005
216e082e-4ea9-4358-ae14-cf47c8617c6a	6	133947933	133948494	2	-2.1252
216e082e-4ea9-4358-ae14-cf47c8617c6a	6	133950934	167216173	22895	0.0005
216e082e-4ea9-4358-ae14-cf47c8617c6a	6	167216448	168290243	474	-0.1127
216e082e-4ea9-4358-ae14-cf47c8617c6a	6	168294944	170741917	1607	-0.0175
216e082e-4ea9-4358-ae14-cf47c8617c6a	7	43355	54305455	38294	0.0044
216e082e-4ea9-4358-ae14-cf47c8617c6a	7	54318812	54318824	6	1.2219
216e082e-4ea9-4358-ae14-cf47c8617c6a	7	54325795	56583565	1475	0.0221
216e082e-4ea9-4358-ae14-cf47c8617c6a	7	56583604	57311179	261	0.6255
216e082e-4ea9-4358-ae14-cf47c8617c6a	7	57312170	57474821	131	0.0122
216e082e-4ea9-4358-ae14-cf47c8617c6a	7	57476405	57476932	3	-1.7181
216e082e-4ea9-4358-ae14-cf47c8617c6a	7	57477003	100727566	21143	0.0009
216e082e-4ea9-4358-ae14-cf47c8617c6a	7	100731621	100735219	3	-1.7687
216e082e-4ea9-4358-ae14-cf47c8617c6a	7	100753382	109793741	5295	0.0006
216e082e-4ea9-4358-ae14-cf47c8617c6a	7	109797035	109797700	14	-0.6203
216e082e-4ea9-4358-ae14-cf47c8617c6a	7	109797715	109801155	10	0.2297
216e082e-4ea9-4358-ae14-cf47c8617c6a	7	109801187	109813853	10	-2.4784
216e082e-4ea9-4358-ae14-cf47c8617c6a	7	109813925	126405428	9991	0.0051
216e082e-4ea9-4358-ae14-cf47c8617c6a	7	126405502	126406561	11	-1.5886
216e082e-4ea9-4358-ae14-cf47c8617c6a	7	126406822	142063324	9895	-0.003
216e082e-4ea9-4358-ae14-cf47c8617c6a	7	142069843	142090383	31	-0.7557
216e082e-4ea9-4358-ae14-cf47c8617c6a	7	142090403	150588016	5031	0.0074
216e082e-4ea9-4358-ae14-cf47c8617c6a	7	150588713	150604481	8	-1.2015
216e082e-4ea9-4358-ae14-cf47c8617c6a	7	150610834	159254777	5708	-0.0027
216e082e-4ea9-4358-ae14-cf47c8617c6a	7	159258044	159266713	11	-0.7629
216e082e-4ea9-4358-ae14-cf47c8617c6a	7	159268356	159324709	44	0.1069
216e082e-4ea9-4358-ae14-cf47c8617c6a	7	159324804	159334314	16	-0.8578
216e082e-4ea9-4358-ae14-cf47c8617c6a	8	81254	2844412	2024	-0.0206
216e082e-4ea9-4358-ae14-cf47c8617c6a	8	2846011	2846377	7	-1.6621
216e082e-4ea9-4358-ae14-cf47c8617c6a	8	2849649	7886542	5694	0
216e082e-4ea9-4358-ae14-cf47c8617c6a	8	7888457	7890177	4	-1.4737
216e082e-4ea9-4358-ae14-cf47c8617c6a	8	7919608	8196822	19	-0.0331
216e082e-4ea9-4358-ae14-cf47c8617c6a	8	8197738	8214781	3	-1.5512
216e082e-4ea9-4358-ae14-cf47c8617c6a	8	8234503	12092042	3204	-0.0186
216e082e-4ea9-4358-ae14-cf47c8617c6a	8	12130217	12143614	6	-2.3205
216e082e-4ea9-4358-ae14-cf47c8617c6a	8	12176798	12389977	31	0.7136
216e082e-4ea9-4358-ae14-cf47c8617c6a	8	12418301	14652059	1957	0.0159
216e082e-4ea9-4358-ae14-cf47c8617c6a	8	14652523	14652565	3	-1.4536
216e082e-4ea9-4358-ae14-cf47c8617c6a	8	14652887	40324598	18057	0.0032
216e082e-4ea9-4358-ae14-cf47c8617c6a	8	40326278	40331992	34	-0.9595
216e082e-4ea9-4358-ae14-cf47c8617c6a	8	40335391	111279265	41195	0.0055
216e082e-4ea9-4358-ae14-cf47c8617c6a	8	111282050	111283031	10	1.3908
216e082e-4ea9-4358-ae14-cf47c8617c6a	8	111288052	122559641	7195	-0.0042
216e082e-4ea9-4358-ae14-cf47c8617c6a	8	122561831	122562554	3	-1.6715
216e082e-4ea9-4358-ae14-cf47c8617c6a	8	122562578	141519569	14118	0.0049
216e082e-4ea9-4358-ae14-cf47c8617c6a	8	141519603	141695798	137	-0.2007
216e082e-4ea9-4358-ae14-cf47c8617c6a	8	141696730	145072769	1349	-0.0206
216e082e-4ea9-4358-ae14-cf47c8617c6a	9	46587	25598775	21937	-0.0018
216e082e-4ea9-4358-ae14-cf47c8617c6a	9	25599862	25599965	2	-2.1654
216e082e-4ea9-4358-ae14-cf47c8617c6a	9	25600657	39807498	9091	0.0056
216e082e-4ea9-4358-ae14-cf47c8617c6a	9	39827488	40099921	6	-1.3439
216e082e-4ea9-4358-ae14-cf47c8617c6a	9	40189830	61378951	188	0.0633
216e082e-4ea9-4358-ae14-cf47c8617c6a	9	61405110	61647899	31	-1.3224
216e082e-4ea9-4358-ae14-cf47c8617c6a	9	61665362	138200944	47877	-0.0015
216e082e-4ea9-4358-ae14-cf47c8617c6a	10	45792	24086334	19097	0.0007
216e082e-4ea9-4358-ae14-cf47c8617c6a	10	24088745	24088753	7	-1.8446
216e082e-4ea9-4358-ae14-cf47c8617c6a	10	24088989	31387325	5320	-0.0026
216e082e-4ea9-4358-ae14-cf47c8617c6a	10	31387656	31388401	2	-1.7746
216e082e-4ea9-4358-ae14-cf47c8617c6a	10	31394578	44712577	6274	0.0052
216e082e-4ea9-4358-ae14-cf47c8617c6a	10	44712777	44861860	113	0.5735
216e082e-4ea9-4358-ae14-cf47c8617c6a	10	44862350	133654968	59413	-0.0005
216e082e-4ea9-4358-ae14-cf47c8617c6a	11	198510	4946021	2405	-0.0056
216e082e-4ea9-4358-ae14-cf47c8617c6a	11	4946166	4952799	27	0.7548
216e082e-4ea9-4358-ae14-cf47c8617c6a	11	4953934	18919323	10169	0.0024
216e082e-4ea9-4358-ae14-cf47c8617c6a	11	18927525	18940441	45	-0.972
216e082e-4ea9-4358-ae14-cf47c8617c6a	11	18940469	42791601	17086	0.0002
216e082e-4ea9-4358-ae14-cf47c8617c6a	11	42794936	42796489	2	-3.05
216e082e-4ea9-4358-ae14-cf47c8617c6a	11	42799053	55609035	4570	0.0018
216e082e-4ea9-4358-ae14-cf47c8617c6a	11	55609158	55674842	38	0.6002
216e082e-4ea9-4358-ae14-cf47c8617c6a	11	55676735	55677818	4	-0.3677
216e082e-4ea9-4358-ae14-cf47c8617c6a	11	55678469	55686100	8	0.9176
216e082e-4ea9-4358-ae14-cf47c8617c6a	11	55693207	135074876	52057	0.0002
216e082e-4ea9-4358-ae14-cf47c8617c6a	12	51460	2136696	1257	-0.0098
216e082e-4ea9-4358-ae14-cf47c8617c6a	12	2136758	2148754	40	-0.8099
216e082e-4ea9-4358-ae14-cf47c8617c6a	12	2148857	2967499	557	-0.018
216e082e-4ea9-4358-ae14-cf47c8617c6a	12	2968018	2979845	9	-0.9016
216e082e-4ea9-4358-ae14-cf47c8617c6a	12	2986732	9481274	4278	-0.0036
216e082e-4ea9-4358-ae14-cf47c8617c6a	12	9485313	9562969	21	1.3695
216e082e-4ea9-4358-ae14-cf47c8617c6a	12	9575696	17830318	5676	0.0037
216e082e-4ea9-4358-ae14-cf47c8617c6a	12	17831547	17831741	2	2.1194
216e082e-4ea9-4358-ae14-cf47c8617c6a	12	17832067	22086364	2744	-0.0016
216e082e-4ea9-4358-ae14-cf47c8617c6a	12	22090581	22096185	20	-0.5031
216e082e-4ea9-4358-ae14-cf47c8617c6a	12	22096195	27524572	3932	0.0017
216e082e-4ea9-4358-ae14-cf47c8617c6a	12	27529795	27536017	2	-2.2851
216e082e-4ea9-4358-ae14-cf47c8617c6a	12	27536274	30082346	1845	-0.0041
216e082e-4ea9-4358-ae14-cf47c8617c6a	12	30082488	30090756	26	-0.6293
216e082e-4ea9-4358-ae14-cf47c8617c6a	12	30090789	33148492	2247	-0.0005
216e082e-4ea9-4358-ae14-cf47c8617c6a	12	33148586	33154440	25	-0.658
216e082e-4ea9-4358-ae14-cf47c8617c6a	12	33155426	68117610	19054	0.0007
216e082e-4ea9-4358-ae14-cf47c8617c6a	12	68119904	68120069	2	-2.023
216e082e-4ea9-4358-ae14-cf47c8617c6a	12	68122349	99398036	20058	0.006
216e082e-4ea9-4358-ae14-cf47c8617c6a	12	99401515	99404956	31	-0.8208
216e082e-4ea9-4358-ae14-cf47c8617c6a	12	99409315	131648066	22026	-0.0023
216e082e-4ea9-4358-ae14-cf47c8617c6a	12	131648123	131648790	11	-0.7583
216e082e-4ea9-4358-ae14-cf47c8617c6a	12	131657925	133201603	559	-0.0083
216e082e-4ea9-4358-ae14-cf47c8617c6a	13	18452809	114342922	63819	0.002
216e082e-4ea9-4358-ae14-cf47c8617c6a	14	18239283	19326853	49	0.0564
216e082e-4ea9-4358-ae14-cf47c8617c6a	14	19367655	19885943	80	0.3873
216e082e-4ea9-4358-ae14-cf47c8617c6a	14	19886158	106877229	54976	0.0044
216e082e-4ea9-4358-ae14-cf47c8617c6a	15	19811075	19974863	36	0.1428
216e082e-4ea9-4358-ae14-cf47c8617c6a	15	19978848	22296480	168	0.4043
216e082e-4ea9-4358-ae14-cf47c8617c6a	15	22299009	22584747	11	-0.3834
216e082e-4ea9-4358-ae14-cf47c8617c6a	15	22590285	76599286	33537	-0.0042
216e082e-4ea9-4358-ae14-cf47c8617c6a	15	76599400	76603434	19	1.0603
216e082e-4ea9-4358-ae14-cf47c8617c6a	15	76609838	84158730	4574	-0.0062
216e082e-4ea9-4358-ae14-cf47c8617c6a	15	84159599	84246373	3	-1.6251
216e082e-4ea9-4358-ae14-cf47c8617c6a	15	84388504	97264844	9533	0.0005
216e082e-4ea9-4358-ae14-cf47c8617c6a	15	97265179	97290421	14	-0.7603
216e082e-4ea9-4358-ae14-cf47c8617c6a	15	97290422	101521576	3175	-0.0222
216e082e-4ea9-4358-ae14-cf47c8617c6a	15	101521768	101576664	39	-0.403
216e082e-4ea9-4358-ae14-cf47c8617c6a	15	101578274	101928837	186	0.0417
216e082e-4ea9-4358-ae14-cf47c8617c6a	16	10777	35214946	20049	-0.0088
216e082e-4ea9-4358-ae14-cf47c8617c6a	16	35215237	35522700	173	0.4817
216e082e-4ea9-4358-ae14-cf47c8617c6a	16	35526596	55762682	6568	-0.0033
216e082e-4ea9-4358-ae14-cf47c8617c6a	16	55764310	55764867	3	3.9479
216e082e-4ea9-4358-ae14-cf47c8617c6a	16	55770436	55782734	10	-1.0058
216e082e-4ea9-4358-ae14-cf47c8617c6a	16	55782793	78338543	14222	0.0011
216e082e-4ea9-4358-ae14-cf47c8617c6a	16	78338714	78350841	15	0.7421
216e082e-4ea9-4358-ae14-cf47c8617c6a	16	78350868	85273406	7369	-0.0152
216e082e-4ea9-4358-ae14-cf47c8617c6a	16	85275193	85277474	3	-1.8308
216e082e-4ea9-4358-ae14-cf47c8617c6a	16	85278272	90096867	3171	-0.025
216e082e-4ea9-4358-ae14-cf47c8617c6a	17	150733	15376375	9821	-0.0011
216e082e-4ea9-4358-ae14-cf47c8617c6a	17	15377325	15380542	2	-2.8228
216e082e-4ea9-4358-ae14-cf47c8617c6a	17	15380652	18461528	1519	-0.0071
216e082e-4ea9-4358-ae14-cf47c8617c6a	17	18462631	18529764	14	0.4408
216e082e-4ea9-4358-ae14-cf47c8617c6a	17	18537646	18561907	8	-1.1835
216e082e-4ea9-4358-ae14-cf47c8617c6a	17	18565883	77401915	30636	-0.004
216e082e-4ea9-4358-ae14-cf47c8617c6a	17	77404018	77405554	3	-1.8643
216e082e-4ea9-4358-ae14-cf47c8617c6a	17	77408026	83091923	2809	-0.0215
216e082e-4ea9-4358-ae14-cf47c8617c6a	18	48133	80257174	50491	0.0032
216e082e-4ea9-4358-ae14-cf47c8617c6a	19	90910	4788415	1270	0.0005
216e082e-4ea9-4358-ae14-cf47c8617c6a	19	4789472	4789513	2	-2.4336
216e082e-4ea9-4358-ae14-cf47c8617c6a	19	4795330	21632117	8305	0.0099
216e082e-4ea9-4358-ae14-cf47c8617c6a	19	21632838	21637067	2	-2.2879
216e082e-4ea9-4358-ae14-cf47c8617c6a	19	21637309	31698191	4621	0.0084
216e082e-4ea9-4358-ae14-cf47c8617c6a	19	31700736	31701786	5	-1.3091
216e082e-4ea9-4358-ae14-cf47c8617c6a	19	31702241	35167825	2268	-0.0092
216e082e-4ea9-4358-ae14-cf47c8617c6a	19	35172871	35173089	5	-1.1638
216e082e-4ea9-4358-ae14-cf47c8617c6a	19	35173140	42759354	3849	-0.0066
216e082e-4ea9-4358-ae14-cf47c8617c6a	19	42760198	43038679	125	-0.7924
216e082e-4ea9-4358-ae14-cf47c8617c6a	19	43044862	54215136	5953	0.0036
216e082e-4ea9-4358-ae14-cf47c8617c6a	19	54226329	54237443	16	-0.723
216e082e-4ea9-4358-ae14-cf47c8617c6a	19	54249482	55771003	742	-0.0017
216e082e-4ea9-4358-ae14-cf47c8617c6a	19	55771169	55771701	3	-2.2917
216e082e-4ea9-4358-ae14-cf47c8617c6a	19	55774927	58586487	1837	-0.0237
216e082e-4ea9-4358-ae14-cf47c8617c6a	20	80664	772666	524	0.0021
216e082e-4ea9-4358-ae14-cf47c8617c6a	20	772719	772872	2	-1.8354
216e082e-4ea9-4358-ae14-cf47c8617c6a	20	773273	1580141	667	-0.0273
216e082e-4ea9-4358-ae14-cf47c8617c6a	20	1580156	1601446	39	-0.4958
216e082e-4ea9-4358-ae14-cf47c8617c6a	20	1601561	1613247	6	-1.8877
216e082e-4ea9-4358-ae14-cf47c8617c6a	20	1617300	64324800	40953	0.0021
216e082e-4ea9-4358-ae14-cf47c8617c6a	21	10354168	46677045	23745	0.004
216e082e-4ea9-4358-ae14-cf47c8617c6a	22	15294547	18822597	1136	0.0018
216e082e-4ea9-4358-ae14-cf47c8617c6a	22	18917479	19019471	53	0.5056
216e082e-4ea9-4358-ae14-cf47c8617c6a	22	19037293	23987520	3190	-0.0441
216e082e-4ea9-4358-ae14-cf47c8617c6a	22	23988078	23989773	2	-2.8968
216e082e-4ea9-4358-ae14-cf47c8617c6a	22	23990431	50796027	18797	-0.0104
216e082e-4ea9-4358-ae14-cf47c8617c6a	X	251810	135615278	71003	0.0027
216e082e-4ea9-4358-ae14-cf47c8617c6a	X	135615501	135666603	32	0.605
216e082e-4ea9-4358-ae14-cf47c8617c6a	X	135668591	151124426	9889	0.0031
216e082e-4ea9-4358-ae14-cf47c8617c6a	X	151125462	151126987	2	-2.2264
216e082e-4ea9-4358-ae14-cf47c8617c6a	X	151128083	153031937	1214	-0.0119
216e082e-4ea9-4358-ae14-cf47c8617c6a	X	153033320	153033368	2	-1.5738
216e082e-4ea9-4358-ae14-cf47c8617c6a	X	153033676	155952689	1136	-0.0024
216e082e-4ea9-4358-ae14-cf47c8617c6a	Y	2782397	6233384	780	-2.6859
216e082e-4ea9-4358-ae14-cf47c8617c6a	Y	6249869	22804854	5640	-3.1144
216e082e-4ea9-4358-ae14-cf47c8617c6a	Y	22913244	56872112	202	-2.7546
