GDC_Aliquot	Chromosome	Start	End	Num_Probes	Segment_Mean
c17224a7-066f-4b0c-b43d-0a0e346c555a	1	62920	3225052	701	-0.451
c17224a7-066f-4b0c-b43d-0a0e346c555a	1	3226231	7791826	3111	-0.2772
c17224a7-066f-4b0c-b43d-0a0e346c555a	1	7792057	7798075	3	-3.1303
c17224a7-066f-4b0c-b43d-0a0e346c555a	1	7799131	11676721	2030	-0.3037
c17224a7-066f-4b0c-b43d-0a0e346c555a	1	11686443	11794400	60	0.2394
c17224a7-066f-4b0c-b43d-0a0e346c555a	1	11794419	19438510	4526	-0.275
c17224a7-066f-4b0c-b43d-0a0e346c555a	1	19438624	19602110	108	0.2375
c17224a7-066f-4b0c-b43d-0a0e346c555a	1	19602247	22200660	1545	-0.2958
c17224a7-066f-4b0c-b43d-0a0e346c555a	1	22201914	22405766	156	0.2548
c17224a7-066f-4b0c-b43d-0a0e346c555a	1	22406025	25244778	1610	-0.283
c17224a7-066f-4b0c-b43d-0a0e346c555a	1	25247980	25276376	16	0.0761
c17224a7-066f-4b0c-b43d-0a0e346c555a	1	25276440	25292549	8	0.85
c17224a7-066f-4b0c-b43d-0a0e346c555a	1	25301974	25430443	39	-0.1419
c17224a7-066f-4b0c-b43d-0a0e346c555a	1	25432164	25447591	10	0.6351
c17224a7-066f-4b0c-b43d-0a0e346c555a	1	25562931	32638492	3588	-0.2825
c17224a7-066f-4b0c-b43d-0a0e346c555a	1	32641243	32848695	81	0.2042
c17224a7-066f-4b0c-b43d-0a0e346c555a	1	32857760	34637053	1191	-0.2749
c17224a7-066f-4b0c-b43d-0a0e346c555a	1	34637069	34638226	10	-1.2493
c17224a7-066f-4b0c-b43d-0a0e346c555a	1	34638263	34638890	9	-2.9706
c17224a7-066f-4b0c-b43d-0a0e346c555a	1	34648667	36128572	657	-0.2731
c17224a7-066f-4b0c-b43d-0a0e346c555a	1	36128969	36349840	92	0.141
c17224a7-066f-4b0c-b43d-0a0e346c555a	1	36352400	72284670	22703	-0.2782
c17224a7-066f-4b0c-b43d-0a0e346c555a	1	72290430	72297687	9	-2.3906
c17224a7-066f-4b0c-b43d-0a0e346c555a	1	72302735	72345450	47	0.8711
c17224a7-066f-4b0c-b43d-0a0e346c555a	1	72345465	105470754	20708	-0.3018
c17224a7-066f-4b0c-b43d-0a0e346c555a	1	105476583	105479738	16	1.0009
c17224a7-066f-4b0c-b43d-0a0e346c555a	1	105479753	109690431	2612	-0.3118
c17224a7-066f-4b0c-b43d-0a0e346c555a	1	109690640	109697556	10	1.528
c17224a7-066f-4b0c-b43d-0a0e346c555a	1	109702376	109974774	179	-0.2755
c17224a7-066f-4b0c-b43d-0a0e346c555a	1	109974995	110221006	154	0.2518
c17224a7-066f-4b0c-b43d-0a0e346c555a	1	110222156	110486946	189	-0.3342
c17224a7-066f-4b0c-b43d-0a0e346c555a	1	110488893	110489009	2	-3.3653
c17224a7-066f-4b0c-b43d-0a0e346c555a	1	110489048	112147704	1397	-0.2786
c17224a7-066f-4b0c-b43d-0a0e346c555a	1	112153343	112154619	23	-1.5614
c17224a7-066f-4b0c-b43d-0a0e346c555a	1	112154754	119450861	4554	-0.2747
c17224a7-066f-4b0c-b43d-0a0e346c555a	1	119451153	119550155	105	0.2037
c17224a7-066f-4b0c-b43d-0a0e346c555a	1	119551502	152583408	2861	-0.2967
c17224a7-066f-4b0c-b43d-0a0e346c555a	1	152583587	152614118	31	-1.4789
c17224a7-066f-4b0c-b43d-0a0e346c555a	1	152618018	152784330	161	-0.2436
c17224a7-066f-4b0c-b43d-0a0e346c555a	1	152785214	152796224	39	0.3056
c17224a7-066f-4b0c-b43d-0a0e346c555a	1	152801429	169247699	11138	-0.2772
c17224a7-066f-4b0c-b43d-0a0e346c555a	1	169264736	169272528	7	-2.2581
c17224a7-066f-4b0c-b43d-0a0e346c555a	1	169273163	183193315	9097	-0.2892
c17224a7-066f-4b0c-b43d-0a0e346c555a	1	183194579	183362725	133	0.1971
c17224a7-066f-4b0c-b43d-0a0e346c555a	1	183367124	203942512	13282	-0.2922
c17224a7-066f-4b0c-b43d-0a0e346c555a	1	203943310	203945276	5	-5.7268
c17224a7-066f-4b0c-b43d-0a0e346c555a	1	203952540	211645880	5367	-0.2859
c17224a7-066f-4b0c-b43d-0a0e346c555a	1	211649382	211745135	73	0.2902
c17224a7-066f-4b0c-b43d-0a0e346c555a	1	211747218	223471064	7969	-0.294
c17224a7-066f-4b0c-b43d-0a0e346c555a	1	223471097	223471136	2	-3.6847
c17224a7-066f-4b0c-b43d-0a0e346c555a	1	223471914	229675422	3633	-0.3085
c17224a7-066f-4b0c-b43d-0a0e346c555a	1	229681109	229684449	3	-3.3978
c17224a7-066f-4b0c-b43d-0a0e346c555a	1	229684709	248930189	13787	-0.305
c17224a7-066f-4b0c-b43d-0a0e346c555a	2	12784	20981837	15591	-0.2807
c17224a7-066f-4b0c-b43d-0a0e346c555a	2	20983180	21006988	11	-1.3365
c17224a7-066f-4b0c-b43d-0a0e346c555a	2	21007068	27623736	3629	-0.2508
c17224a7-066f-4b0c-b43d-0a0e346c555a	2	27623778	27784960	65	0.2103
c17224a7-066f-4b0c-b43d-0a0e346c555a	2	27790185	34466002	4459	-0.2694
c17224a7-066f-4b0c-b43d-0a0e346c555a	2	34474248	34483565	7	-2.396
c17224a7-066f-4b0c-b43d-0a0e346c555a	2	34483583	34492907	23	-0.8666
c17224a7-066f-4b0c-b43d-0a0e346c555a	2	34492921	34512096	17	-2.0341
c17224a7-066f-4b0c-b43d-0a0e346c555a	2	34512489	35445850	628	-0.2636
c17224a7-066f-4b0c-b43d-0a0e346c555a	2	35447316	35449858	3	-3.1605
c17224a7-066f-4b0c-b43d-0a0e346c555a	2	35449911	35742970	227	-0.2141
c17224a7-066f-4b0c-b43d-0a0e346c555a	2	35750907	35762881	8	0.9874
c17224a7-066f-4b0c-b43d-0a0e346c555a	2	35772407	38080184	1812	-0.2894
c17224a7-066f-4b0c-b43d-0a0e346c555a	2	38086554	38248980	165	0.2891
c17224a7-066f-4b0c-b43d-0a0e346c555a	2	38250144	38978174	431	-0.2853
c17224a7-066f-4b0c-b43d-0a0e346c555a	2	38978433	39263888	145	0.2245
c17224a7-066f-4b0c-b43d-0a0e346c555a	2	39266144	48289444	6472	-0.2703
c17224a7-066f-4b0c-b43d-0a0e346c555a	2	48292784	48416297	55	-1.015
c17224a7-066f-4b0c-b43d-0a0e346c555a	2	48417136	50425293	1410	-0.3007
c17224a7-066f-4b0c-b43d-0a0e346c555a	2	50426243	50495261	63	0.2393
c17224a7-066f-4b0c-b43d-0a0e346c555a	2	50496864	52527330	1398	-0.2965
c17224a7-066f-4b0c-b43d-0a0e346c555a	2	52527342	52554404	39	-1.8795
c17224a7-066f-4b0c-b43d-0a0e346c555a	2	52560811	56263526	2690	-0.2704
c17224a7-066f-4b0c-b43d-0a0e346c555a	2	56263545	56264469	4	-2.9362
c17224a7-066f-4b0c-b43d-0a0e346c555a	2	56264564	105521668	25720	-0.2736
c17224a7-066f-4b0c-b43d-0a0e346c555a	2	105522355	105522759	2	-3.4054
c17224a7-066f-4b0c-b43d-0a0e346c555a	2	105523754	122719438	10025	-0.2714
c17224a7-066f-4b0c-b43d-0a0e346c555a	2	122722323	122724665	8	-1.8045
c17224a7-066f-4b0c-b43d-0a0e346c555a	2	122726077	128881408	3839	-0.29
c17224a7-066f-4b0c-b43d-0a0e346c555a	2	128881423	128882741	8	-2.1804
c17224a7-066f-4b0c-b43d-0a0e346c555a	2	128882755	146107615	10304	-0.2775
c17224a7-066f-4b0c-b43d-0a0e346c555a	2	146107675	146109366	16	-1.6082
c17224a7-066f-4b0c-b43d-0a0e346c555a	2	146120238	164804281	11000	-0.2847
c17224a7-066f-4b0c-b43d-0a0e346c555a	2	164807476	165001537	110	0.2165
c17224a7-066f-4b0c-b43d-0a0e346c555a	2	165007296	223177638	35429	-0.2694
c17224a7-066f-4b0c-b43d-0a0e346c555a	2	223177651	223371681	135	0.2594
c17224a7-066f-4b0c-b43d-0a0e346c555a	2	223372963	231569283	5153	-0.2805
c17224a7-066f-4b0c-b43d-0a0e346c555a	2	231569950	231720097	60	0.2168
c17224a7-066f-4b0c-b43d-0a0e346c555a	2	231731910	242147305	6450	-0.2583
c17224a7-066f-4b0c-b43d-0a0e346c555a	3	20930	6274847	5458	-0.2738
c17224a7-066f-4b0c-b43d-0a0e346c555a	3	6275672	6293785	20	0.6264
c17224a7-066f-4b0c-b43d-0a0e346c555a	3	6296749	6604856	233	-0.3153
c17224a7-066f-4b0c-b43d-0a0e346c555a	3	6609441	6611645	23	-2.2855
c17224a7-066f-4b0c-b43d-0a0e346c555a	3	6613391	6685754	65	-0.297
c17224a7-066f-4b0c-b43d-0a0e346c555a	3	6686238	6686715	3	-2.8497
c17224a7-066f-4b0c-b43d-0a0e346c555a	3	6690711	16199049	6883	-0.2894
c17224a7-066f-4b0c-b43d-0a0e346c555a	3	16199122	16199818	6	-2.145
c17224a7-066f-4b0c-b43d-0a0e346c555a	3	16199877	28768295	8457	-0.3026
c17224a7-066f-4b0c-b43d-0a0e346c555a	3	28768950	28774591	6	-6.7062
c17224a7-066f-4b0c-b43d-0a0e346c555a	3	28774617	49064980	12487	-0.2978
c17224a7-066f-4b0c-b43d-0a0e346c555a	3	49075245	49279905	68	0.2471
c17224a7-066f-4b0c-b43d-0a0e346c555a	3	49280814	52275363	1185	-0.2962
c17224a7-066f-4b0c-b43d-0a0e346c555a	3	52286896	52629561	141	0.1946
c17224a7-066f-4b0c-b43d-0a0e346c555a	3	52635784	75519398	17004	-0.2986
c17224a7-066f-4b0c-b43d-0a0e346c555a	3	75523398	75547095	8	-1.7458
c17224a7-066f-4b0c-b43d-0a0e346c555a	3	75559488	100989625	11867	-0.313
c17224a7-066f-4b0c-b43d-0a0e346c555a	3	100989919	100990152	3	-2.6366
c17224a7-066f-4b0c-b43d-0a0e346c555a	3	100990705	139252188	22952	-0.2943
c17224a7-066f-4b0c-b43d-0a0e346c555a	3	139254646	139365699	76	0.2017
c17224a7-066f-4b0c-b43d-0a0e346c555a	3	139369043	162794951	14539	-0.3043
c17224a7-066f-4b0c-b43d-0a0e346c555a	3	162795304	162898127	62	-1.4388
c17224a7-066f-4b0c-b43d-0a0e346c555a	3	162906054	173518093	6299	-0.3143
c17224a7-066f-4b0c-b43d-0a0e346c555a	3	173519113	173582403	26	0.6741
c17224a7-066f-4b0c-b43d-0a0e346c555a	3	173583028	175472717	1358	-0.3019
c17224a7-066f-4b0c-b43d-0a0e346c555a	3	175477702	175658078	133	-1.0305
c17224a7-066f-4b0c-b43d-0a0e346c555a	3	175660714	193156958	11113	-0.3009
c17224a7-066f-4b0c-b43d-0a0e346c555a	3	193160113	193162798	9	1.966
c17224a7-066f-4b0c-b43d-0a0e346c555a	3	193162937	193165099	10	0.9211
c17224a7-066f-4b0c-b43d-0a0e346c555a	3	193165114	198169247	2662	-0.2852
c17224a7-066f-4b0c-b43d-0a0e346c555a	4	68929	10207627	5597	-0.3008
c17224a7-066f-4b0c-b43d-0a0e346c555a	4	10208245	10232642	38	-1.3898
c17224a7-066f-4b0c-b43d-0a0e346c555a	4	10232984	34777418	16749	-0.319
c17224a7-066f-4b0c-b43d-0a0e346c555a	4	34777432	34823103	39	0.7179
c17224a7-066f-4b0c-b43d-0a0e346c555a	4	34828250	56794530	12095	-0.307
c17224a7-066f-4b0c-b43d-0a0e346c555a	4	56802075	63828222	4269	0.5499
c17224a7-066f-4b0c-b43d-0a0e346c555a	4	63831751	63838575	7	-1.4822
c17224a7-066f-4b0c-b43d-0a0e346c555a	4	63839438	63840033	13	-0.2499
c17224a7-066f-4b0c-b43d-0a0e346c555a	4	63841863	63842540	8	-2.3544
c17224a7-066f-4b0c-b43d-0a0e346c555a	4	63850713	68354665	2817	0.5542
c17224a7-066f-4b0c-b43d-0a0e346c555a	4	68361130	68422424	11	-0.6607
c17224a7-066f-4b0c-b43d-0a0e346c555a	4	68429081	68506285	12	0.6766
c17224a7-066f-4b0c-b43d-0a0e346c555a	4	68509223	68623617	65	1.1036
c17224a7-066f-4b0c-b43d-0a0e346c555a	4	68639397	69523998	475	0.6191
c17224a7-066f-4b0c-b43d-0a0e346c555a	4	69524143	69525061	2	-1.9341
c17224a7-066f-4b0c-b43d-0a0e346c555a	4	69526170	87779307	11238	0.561
c17224a7-066f-4b0c-b43d-0a0e346c555a	4	87783516	87784195	3	-2.2458
c17224a7-066f-4b0c-b43d-0a0e346c555a	4	87784676	114252544	15733	0.557
c17224a7-066f-4b0c-b43d-0a0e346c555a	4	114254167	114263096	25	-0.9993
c17224a7-066f-4b0c-b43d-0a0e346c555a	4	114263110	114586468	221	0.5784
c17224a7-066f-4b0c-b43d-0a0e346c555a	4	114587010	114589298	3	-2.9194
c17224a7-066f-4b0c-b43d-0a0e346c555a	4	114593270	120352312	3410	0.5589
c17224a7-066f-4b0c-b43d-0a0e346c555a	4	120355209	120355609	2	-1.8708
c17224a7-066f-4b0c-b43d-0a0e346c555a	4	120356237	121053520	459	0.5583
c17224a7-066f-4b0c-b43d-0a0e346c555a	4	121059316	121059483	2	-2.5931
c17224a7-066f-4b0c-b43d-0a0e346c555a	4	121060967	127378175	3709	0.557
c17224a7-066f-4b0c-b43d-0a0e346c555a	4	127384607	127600258	101	0.1713
c17224a7-066f-4b0c-b43d-0a0e346c555a	4	127602057	171448195	26400	0.5573
c17224a7-066f-4b0c-b43d-0a0e346c555a	4	171453733	171456559	10	-0.6834
c17224a7-066f-4b0c-b43d-0a0e346c555a	4	171456573	181131472	6165	0.5727
c17224a7-066f-4b0c-b43d-0a0e346c555a	4	181131888	181152904	26	0.1538
c17224a7-066f-4b0c-b43d-0a0e346c555a	4	181157671	181216168	54	-0.2957
c17224a7-066f-4b0c-b43d-0a0e346c555a	4	181223571	181242754	13	-1.4023
c17224a7-066f-4b0c-b43d-0a0e346c555a	4	181244967	181496904	240	-0.3107
c17224a7-066f-4b0c-b43d-0a0e346c555a	4	181496947	181534871	30	0.3304
c17224a7-066f-4b0c-b43d-0a0e346c555a	4	181536057	181556233	21	-0.3439
c17224a7-066f-4b0c-b43d-0a0e346c555a	4	181559073	181821290	243	0.1951
c17224a7-066f-4b0c-b43d-0a0e346c555a	4	181830044	181863568	33	-0.4355
c17224a7-066f-4b0c-b43d-0a0e346c555a	4	181868461	181901179	31	-1.2646
c17224a7-066f-4b0c-b43d-0a0e346c555a	4	181902213	182310355	329	0.1825
c17224a7-066f-4b0c-b43d-0a0e346c555a	4	182311266	190106768	5177	0.5906
c17224a7-066f-4b0c-b43d-0a0e346c555a	5	15532	1877166	914	0.5245
c17224a7-066f-4b0c-b43d-0a0e346c555a	5	1880474	5690492	3482	0.6273
c17224a7-066f-4b0c-b43d-0a0e346c555a	5	5693159	5711859	16	1.3212
c17224a7-066f-4b0c-b43d-0a0e346c555a	5	5713522	16614589	8301	0.6025
c17224a7-066f-4b0c-b43d-0a0e346c555a	5	16621618	21449167	2867	0.5601
c17224a7-066f-4b0c-b43d-0a0e346c555a	5	21451091	21452387	6	-1.0467
c17224a7-066f-4b0c-b43d-0a0e346c555a	5	21454830	33482060	7366	0.5664
c17224a7-066f-4b0c-b43d-0a0e346c555a	5	33482444	33669532	171	1.2017
c17224a7-066f-4b0c-b43d-0a0e346c555a	5	33677422	46271006	7312	0.5814
c17224a7-066f-4b0c-b43d-0a0e346c555a	5	46271828	46273400	6	2.3811
c17224a7-066f-4b0c-b43d-0a0e346c555a	5	46278110	52676642	1332	0.5771
c17224a7-066f-4b0c-b43d-0a0e346c555a	5	52678465	52817148	126	0.8701
c17224a7-066f-4b0c-b43d-0a0e346c555a	5	52820923	58030200	3576	0.5898
c17224a7-066f-4b0c-b43d-0a0e346c555a	5	58030336	58037706	30	2.2547
c17224a7-066f-4b0c-b43d-0a0e346c555a	5	58042530	72564274	8021	0.5959
c17224a7-066f-4b0c-b43d-0a0e346c555a	5	72567459	72707814	54	0.117
c17224a7-066f-4b0c-b43d-0a0e346c555a	5	72708749	76289308	2400	0.6022
c17224a7-066f-4b0c-b43d-0a0e346c555a	5	76295636	76604957	264	0.9441
c17224a7-066f-4b0c-b43d-0a0e346c555a	5	76605334	81047622	2708	0.5872
c17224a7-066f-4b0c-b43d-0a0e346c555a	5	81047929	81049608	2	-2.1338
c17224a7-066f-4b0c-b43d-0a0e346c555a	5	81049783	133065760	31548	0.5805
c17224a7-066f-4b0c-b43d-0a0e346c555a	5	133069585	133962095	745	0.6508
c17224a7-066f-4b0c-b43d-0a0e346c555a	5	133971415	134147584	102	0.8963
c17224a7-066f-4b0c-b43d-0a0e346c555a	5	134148515	134436376	137	0.5236
c17224a7-066f-4b0c-b43d-0a0e346c555a	5	134436621	134602473	102	0.8717
c17224a7-066f-4b0c-b43d-0a0e346c555a	5	134606802	134785832	56	0.3584
c17224a7-066f-4b0c-b43d-0a0e346c555a	5	134786504	136717770	1329	0.6327
c17224a7-066f-4b0c-b43d-0a0e346c555a	5	136718411	136872854	91	0.9133
c17224a7-066f-4b0c-b43d-0a0e346c555a	5	136881590	138237948	843	0.6192
c17224a7-066f-4b0c-b43d-0a0e346c555a	5	138238036	138674276	231	0.8624
c17224a7-066f-4b0c-b43d-0a0e346c555a	5	138676636	140839137	934	0.563
c17224a7-066f-4b0c-b43d-0a0e346c555a	5	140844251	140861442	11	-0.2211
c17224a7-066f-4b0c-b43d-0a0e346c555a	5	140862894	150822643	6512	0.6042
c17224a7-066f-4b0c-b43d-0a0e346c555a	5	150825938	150837869	7	-0.7326
c17224a7-066f-4b0c-b43d-0a0e346c555a	5	150839042	151613112	567	0.6212
c17224a7-066f-4b0c-b43d-0a0e346c555a	5	151613290	151891364	189	0.8502
c17224a7-066f-4b0c-b43d-0a0e346c555a	5	151895721	152135825	195	0.6003
c17224a7-066f-4b0c-b43d-0a0e346c555a	5	152135909	152140710	14	-0.1314
c17224a7-066f-4b0c-b43d-0a0e346c555a	5	152140861	159885453	5265	0.6066
c17224a7-066f-4b0c-b43d-0a0e346c555a	5	159886141	167653975	5064	0.5593
c17224a7-066f-4b0c-b43d-0a0e346c555a	5	167655000	176798130	6633	0.6198
c17224a7-066f-4b0c-b43d-0a0e346c555a	5	176799840	176882170	31	0.1427
c17224a7-066f-4b0c-b43d-0a0e346c555a	5	176882853	177770954	351	0.575
c17224a7-066f-4b0c-b43d-0a0e346c555a	5	177771448	177805604	4	2.4104
c17224a7-066f-4b0c-b43d-0a0e346c555a	5	177827964	179358031	865	0.6355
c17224a7-066f-4b0c-b43d-0a0e346c555a	5	179362755	179373756	10	-0.2843
c17224a7-066f-4b0c-b43d-0a0e346c555a	5	179373929	180947523	913	0.5697
c17224a7-066f-4b0c-b43d-0a0e346c555a	5	180951710	180991103	19	-2.0155
c17224a7-066f-4b0c-b43d-0a0e346c555a	5	181006225	181363319	168	0.4515
c17224a7-066f-4b0c-b43d-0a0e346c555a	6	149661	302306	125	-0.2836
c17224a7-066f-4b0c-b43d-0a0e346c555a	6	303017	384521	78	-0.7067
c17224a7-066f-4b0c-b43d-0a0e346c555a	6	384546	6025978	4574	-0.2898
c17224a7-066f-4b0c-b43d-0a0e346c555a	6	6033698	6034203	3	-2.939
c17224a7-066f-4b0c-b43d-0a0e346c555a	6	6036812	29869295	16593	-0.2993
c17224a7-066f-4b0c-b43d-0a0e346c555a	6	29869410	29907031	24	0.6858
c17224a7-066f-4b0c-b43d-0a0e346c555a	6	29909182	30990477	423	-0.3225
c17224a7-066f-4b0c-b43d-0a0e346c555a	6	30992490	31159013	113	0.271
c17224a7-066f-4b0c-b43d-0a0e346c555a	6	31159167	32722250	708	-0.3819
c17224a7-066f-4b0c-b43d-0a0e346c555a	6	32723020	32723053	3	2.0959
c17224a7-066f-4b0c-b43d-0a0e346c555a	6	32732907	36781295	2284	-0.2797
c17224a7-066f-4b0c-b43d-0a0e346c555a	6	36785528	37286204	343	0.1766
c17224a7-066f-4b0c-b43d-0a0e346c555a	6	37287139	44173995	4497	-0.2972
c17224a7-066f-4b0c-b43d-0a0e346c555a	6	44185123	44522070	202	0.2293
c17224a7-066f-4b0c-b43d-0a0e346c555a	6	44522377	57045536	7982	-0.3046
c17224a7-066f-4b0c-b43d-0a0e346c555a	6	57048274	57085208	15	-2.5107
c17224a7-066f-4b0c-b43d-0a0e346c555a	6	57087832	78261995	11192	-0.3075
c17224a7-066f-4b0c-b43d-0a0e346c555a	6	78262064	78263059	10	-3.9404
c17224a7-066f-4b0c-b43d-0a0e346c555a	6	78263079	78325468	94	-1.8944
c17224a7-066f-4b0c-b43d-0a0e346c555a	6	78329517	78661494	227	-0.2927
c17224a7-066f-4b0c-b43d-0a0e346c555a	6	78664338	78665008	2	-2.9281
c17224a7-066f-4b0c-b43d-0a0e346c555a	6	78665459	92549189	8689	-0.3133
c17224a7-066f-4b0c-b43d-0a0e346c555a	6	92549781	92549902	3	-2.8135
c17224a7-066f-4b0c-b43d-0a0e346c555a	6	92550124	103286954	6365	-0.3153
c17224a7-066f-4b0c-b43d-0a0e346c555a	6	103290101	103314186	46	0.4573
c17224a7-066f-4b0c-b43d-0a0e346c555a	6	103317795	117684905	8700	-0.3211
c17224a7-066f-4b0c-b43d-0a0e346c555a	6	117690454	117691871	2	-4.5335
c17224a7-066f-4b0c-b43d-0a0e346c555a	6	117692949	161436779	28289	-0.3151
c17224a7-066f-4b0c-b43d-0a0e346c555a	6	161438623	161701701	254	-1.2511
c17224a7-066f-4b0c-b43d-0a0e346c555a	6	161704733	167067656	4175	-0.3055
c17224a7-066f-4b0c-b43d-0a0e346c555a	6	167069474	167674834	228	-0.5576
c17224a7-066f-4b0c-b43d-0a0e346c555a	6	167683004	170741917	1926	-0.3623
c17224a7-066f-4b0c-b43d-0a0e346c555a	7	43355	63778	24	0.2636
c17224a7-066f-4b0c-b43d-0a0e346c555a	7	64201	4117015	2039	0.5545
c17224a7-066f-4b0c-b43d-0a0e346c555a	7	4118722	4118921	2	-2.7983
c17224a7-066f-4b0c-b43d-0a0e346c555a	7	4121739	6791305	1318	0.5506
c17224a7-066f-4b0c-b43d-0a0e346c555a	7	6797375	6799093	3	-1.2772
c17224a7-066f-4b0c-b43d-0a0e346c555a	7	6814479	6903028	34	0.3296
c17224a7-066f-4b0c-b43d-0a0e346c555a	7	6915340	6915396	2	-2.6161
c17224a7-066f-4b0c-b43d-0a0e346c555a	7	6915679	13543641	5340	0.5706
c17224a7-066f-4b0c-b43d-0a0e346c555a	7	13547787	13552049	10	-1.8592
c17224a7-066f-4b0c-b43d-0a0e346c555a	7	13558316	16890902	2722	0.5562
c17224a7-066f-4b0c-b43d-0a0e346c555a	7	16891415	17376481	353	1.5653
c17224a7-066f-4b0c-b43d-0a0e346c555a	7	17378188	33161579	11750	0.5788
c17224a7-066f-4b0c-b43d-0a0e346c555a	7	33165339	33327507	87	0.1493
c17224a7-066f-4b0c-b43d-0a0e346c555a	7	33328021	39412731	4340	0.5881
c17224a7-066f-4b0c-b43d-0a0e346c555a	7	39413272	54305455	10141	1.1293
c17224a7-066f-4b0c-b43d-0a0e346c555a	7	54318812	54318824	6	-1.6619
c17224a7-066f-4b0c-b43d-0a0e346c555a	7	54325795	56776129	1582	1.1079
c17224a7-066f-4b0c-b43d-0a0e346c555a	7	56776894	88229619	13987	0.5532
c17224a7-066f-4b0c-b43d-0a0e346c555a	7	88230249	90517048	1491	0.6556
c17224a7-066f-4b0c-b43d-0a0e346c555a	7	90517168	99149664	5287	0.5534
c17224a7-066f-4b0c-b43d-0a0e346c555a	7	99150819	111420351	6981	0.1573
c17224a7-066f-4b0c-b43d-0a0e346c555a	7	111420728	111429358	9	-0.9024
c17224a7-066f-4b0c-b43d-0a0e346c555a	7	111429478	111692378	130	0.3106
c17224a7-066f-4b0c-b43d-0a0e346c555a	7	111693468	132170749	12120	0.1665
c17224a7-066f-4b0c-b43d-0a0e346c555a	7	132171451	134185891	1365	0.2419
c17224a7-066f-4b0c-b43d-0a0e346c555a	7	134186054	134280213	52	0.8295
c17224a7-066f-4b0c-b43d-0a0e346c555a	7	134282128	142063324	5043	0.2019
c17224a7-066f-4b0c-b43d-0a0e346c555a	7	142069843	142092108	33	-0.9636
c17224a7-066f-4b0c-b43d-0a0e346c555a	7	142092307	159334314	10783	0.2047
c17224a7-066f-4b0c-b43d-0a0e346c555a	8	81254	208062	4	0.5704
c17224a7-066f-4b0c-b43d-0a0e346c555a	8	212672	226528	11	-2.2058
c17224a7-066f-4b0c-b43d-0a0e346c555a	8	229693	643041	301	-0.3535
c17224a7-066f-4b0c-b43d-0a0e346c555a	8	644944	645908	10	1.4398
c17224a7-066f-4b0c-b43d-0a0e346c555a	8	656117	3916413	2969	-0.3326
c17224a7-066f-4b0c-b43d-0a0e346c555a	8	3919342	3932584	25	-2.1364
c17224a7-066f-4b0c-b43d-0a0e346c555a	8	3933696	10273186	6159	-0.3205
c17224a7-066f-4b0c-b43d-0a0e346c555a	8	10273731	10273949	2	-5.08
c17224a7-066f-4b0c-b43d-0a0e346c555a	8	10274100	12092042	1371	-0.3032
c17224a7-066f-4b0c-b43d-0a0e346c555a	8	12130217	12143614	6	-2.017
c17224a7-066f-4b0c-b43d-0a0e346c555a	8	12176798	16339682	3457	-0.3109
c17224a7-066f-4b0c-b43d-0a0e346c555a	8	16349445	16354575	9	-1.4903
c17224a7-066f-4b0c-b43d-0a0e346c555a	8	16354608	16404738	47	-0.2663
c17224a7-066f-4b0c-b43d-0a0e346c555a	8	16404755	16417152	26	-1.7348
c17224a7-066f-4b0c-b43d-0a0e346c555a	8	16421186	23544795	5646	-0.296
c17224a7-066f-4b0c-b43d-0a0e346c555a	8	23550227	23550298	4	-3.1434
c17224a7-066f-4b0c-b43d-0a0e346c555a	8	23550358	25116928	1111	-0.2902
c17224a7-066f-4b0c-b43d-0a0e346c555a	8	25116961	25126735	25	-2.0361
c17224a7-066f-4b0c-b43d-0a0e346c555a	8	25126818	27387205	1710	-0.2818
c17224a7-066f-4b0c-b43d-0a0e346c555a	8	27388916	27536847	127	0.235
c17224a7-066f-4b0c-b43d-0a0e346c555a	8	27537022	39372664	7057	-0.3101
c17224a7-066f-4b0c-b43d-0a0e346c555a	8	39372806	39529446	61	0.7171
c17224a7-066f-4b0c-b43d-0a0e346c555a	8	39530780	49976331	4440	-0.2953
c17224a7-066f-4b0c-b43d-0a0e346c555a	8	49976425	49977637	2	-3.2312
c17224a7-066f-4b0c-b43d-0a0e346c555a	8	49977722	139855926	57258	-0.298
c17224a7-066f-4b0c-b43d-0a0e346c555a	8	139857986	140055634	149	-1.0682
c17224a7-066f-4b0c-b43d-0a0e346c555a	8	140055665	141247279	680	-0.2878
c17224a7-066f-4b0c-b43d-0a0e346c555a	8	141255160	142323490	613	-0.4888
c17224a7-066f-4b0c-b43d-0a0e346c555a	8	142328201	145072769	976	-0.2951
c17224a7-066f-4b0c-b43d-0a0e346c555a	9	46587	6695986	6276	-0.2901
c17224a7-066f-4b0c-b43d-0a0e346c555a	9	6701145	6708357	7	-2.7149
c17224a7-066f-4b0c-b43d-0a0e346c555a	9	6712314	42073850	24573	-0.2914
c17224a7-066f-4b0c-b43d-0a0e346c555a	9	42080170	42156306	12	-2.0512
c17224a7-066f-4b0c-b43d-0a0e346c555a	9	42159409	61405110	76	-0.5136
c17224a7-066f-4b0c-b43d-0a0e346c555a	9	61520021	61574022	20	-1.4015
c17224a7-066f-4b0c-b43d-0a0e346c555a	9	61580999	72063626	2993	-0.2874
c17224a7-066f-4b0c-b43d-0a0e346c555a	9	72064538	72067893	5	-5.9573
c17224a7-066f-4b0c-b43d-0a0e346c555a	9	72068141	97614848	17508	-0.2755
c17224a7-066f-4b0c-b43d-0a0e346c555a	9	97614858	97822911	134	0.2961
c17224a7-066f-4b0c-b43d-0a0e346c555a	9	97829394	101376722	2337	-0.2693
c17224a7-066f-4b0c-b43d-0a0e346c555a	9	101376899	101500347	87	0.2417
c17224a7-066f-4b0c-b43d-0a0e346c555a	9	101502258	105165963	2774	-0.28
c17224a7-066f-4b0c-b43d-0a0e346c555a	9	105166463	105305634	128	-0.9256
c17224a7-066f-4b0c-b43d-0a0e346c555a	9	105306489	114663715	6893	-0.2625
c17224a7-066f-4b0c-b43d-0a0e346c555a	9	114668079	114668244	2	-2.6235
c17224a7-066f-4b0c-b43d-0a0e346c555a	9	114668331	127280090	8887	-0.2541
c17224a7-066f-4b0c-b43d-0a0e346c555a	9	127281224	127445801	112	0.2081
c17224a7-066f-4b0c-b43d-0a0e346c555a	9	127448667	131561135	2169	-0.2731
c17224a7-066f-4b0c-b43d-0a0e346c555a	9	131561159	131903631	260	0.2819
c17224a7-066f-4b0c-b43d-0a0e346c555a	9	131906163	134821803	1754	-0.2583
c17224a7-066f-4b0c-b43d-0a0e346c555a	9	134823572	134889620	46	0.313
c17224a7-066f-4b0c-b43d-0a0e346c555a	9	134889889	136473005	793	-0.2864
c17224a7-066f-4b0c-b43d-0a0e346c555a	9	136478000	136648786	51	0.1981
c17224a7-066f-4b0c-b43d-0a0e346c555a	9	136650384	138177488	559	-0.299
c17224a7-066f-4b0c-b43d-0a0e346c555a	9	138180185	138200944	5	0.9685
c17224a7-066f-4b0c-b43d-0a0e346c555a	10	45792	94706	18	0.1504
c17224a7-066f-4b0c-b43d-0a0e346c555a	10	96465	46295928	31326	0.5736
c17224a7-066f-4b0c-b43d-0a0e346c555a	10	46298299	46532940	77	0.0979
c17224a7-066f-4b0c-b43d-0a0e346c555a	10	46538819	60789362	9542	0.5705
c17224a7-066f-4b0c-b43d-0a0e346c555a	10	60789664	60926605	110	0.9005
c17224a7-066f-4b0c-b43d-0a0e346c555a	10	60933307	69027762	5172	0.5602
c17224a7-066f-4b0c-b43d-0a0e346c555a	10	69031295	69138596	72	1.1427
c17224a7-066f-4b0c-b43d-0a0e346c555a	10	69141467	72098696	2283	0.6168
c17224a7-066f-4b0c-b43d-0a0e346c555a	10	72098791	72550189	192	0.1881
c17224a7-066f-4b0c-b43d-0a0e346c555a	10	72557951	72742959	64	0.5879
c17224a7-066f-4b0c-b43d-0a0e346c555a	10	72744336	89178916	10893	0.2091
c17224a7-066f-4b0c-b43d-0a0e346c555a	10	89183339	89188333	11	-0.9185
c17224a7-066f-4b0c-b43d-0a0e346c555a	10	89190337	102154836	7862	0.2055
c17224a7-066f-4b0c-b43d-0a0e346c555a	10	102161314	102372778	85	0.5591
c17224a7-066f-4b0c-b43d-0a0e346c555a	10	102380521	110778761	5682	0.1753
c17224a7-066f-4b0c-b43d-0a0e346c555a	10	110779141	130380993	14415	0.2121
c17224a7-066f-4b0c-b43d-0a0e346c555a	10	130381157	133654968	2051	0.1537
c17224a7-066f-4b0c-b43d-0a0e346c555a	11	198510	4950775	2389	-0.2785
c17224a7-066f-4b0c-b43d-0a0e346c555a	11	4950928	4954445	19	0.83
c17224a7-066f-4b0c-b43d-0a0e346c555a	11	4954475	55595864	31582	-0.2931
c17224a7-066f-4b0c-b43d-0a0e346c555a	11	55606556	55685533	59	-1.4406
c17224a7-066f-4b0c-b43d-0a0e346c555a	11	55686100	63883564	4690	-0.2747
c17224a7-066f-4b0c-b43d-0a0e346c555a	11	63896536	64169789	120	0.2254
c17224a7-066f-4b0c-b43d-0a0e346c555a	11	64170477	64771757	234	-0.2835
c17224a7-066f-4b0c-b43d-0a0e346c555a	11	64772163	66020601	481	-0.4431
c17224a7-066f-4b0c-b43d-0a0e346c555a	11	66026326	66442020	175	-0.2709
c17224a7-066f-4b0c-b43d-0a0e346c555a	11	66444958	66601587	53	0.1765
c17224a7-066f-4b0c-b43d-0a0e346c555a	11	66610375	67286673	236	-0.2899
c17224a7-066f-4b0c-b43d-0a0e346c555a	11	67292163	67546364	92	0.1945
c17224a7-066f-4b0c-b43d-0a0e346c555a	11	67550364	79654333	6602	-0.2439
c17224a7-066f-4b0c-b43d-0a0e346c555a	11	79654376	79654506	2	-4.2945
c17224a7-066f-4b0c-b43d-0a0e346c555a	11	79654979	120167980	27869	-0.2732
c17224a7-066f-4b0c-b43d-0a0e346c555a	11	120172067	120319119	99	0.2651
c17224a7-066f-4b0c-b43d-0a0e346c555a	11	120322802	130614833	7473	-0.2662
c17224a7-066f-4b0c-b43d-0a0e346c555a	11	130615338	130630189	13	-1.16
c17224a7-066f-4b0c-b43d-0a0e346c555a	11	130630257	134486811	3012	-0.2654
c17224a7-066f-4b0c-b43d-0a0e346c555a	11	134488702	134849674	321	-0.4861
c17224a7-066f-4b0c-b43d-0a0e346c555a	11	134856228	135074876	151	-0.3169
c17224a7-066f-4b0c-b43d-0a0e346c555a	12	51460	127212	36	0.3047
c17224a7-066f-4b0c-b43d-0a0e346c555a	12	128355	1910449	1061	0.5352
c17224a7-066f-4b0c-b43d-0a0e346c555a	12	1910879	4276176	1756	0.6056
c17224a7-066f-4b0c-b43d-0a0e346c555a	12	4276217	4283364	21	-0.0051
c17224a7-066f-4b0c-b43d-0a0e346c555a	12	4285628	6883056	1997	0.6376
c17224a7-066f-4b0c-b43d-0a0e346c555a	12	6883589	8253044	641	0.5434
c17224a7-066f-4b0c-b43d-0a0e346c555a	12	8257106	8432076	65	0.1628
c17224a7-066f-4b0c-b43d-0a0e346c555a	12	8442298	11351157	1741	0.5785
c17224a7-066f-4b0c-b43d-0a0e346c555a	12	11358643	11390472	31	-0.4349
c17224a7-066f-4b0c-b43d-0a0e346c555a	12	11399258	12377139	814	0.5835
c17224a7-066f-4b0c-b43d-0a0e346c555a	12	12377763	12391189	27	-0.0475
c17224a7-066f-4b0c-b43d-0a0e346c555a	12	12391232	12474542	67	0.5579
c17224a7-066f-4b0c-b43d-0a0e346c555a	12	12474585	12661666	133	0.8643
c17224a7-066f-4b0c-b43d-0a0e346c555a	12	12661884	26109493	9132	0.5604
c17224a7-066f-4b0c-b43d-0a0e346c555a	12	26114229	26434504	232	0.8758
c17224a7-066f-4b0c-b43d-0a0e346c555a	12	26435333	30082648	2573	0.5775
c17224a7-066f-4b0c-b43d-0a0e346c555a	12	30086334	30091000	26	-0.2067
c17224a7-066f-4b0c-b43d-0a0e346c555a	12	30091017	45510655	7802	0.5612
c17224a7-066f-4b0c-b43d-0a0e346c555a	12	45512057	45515754	3	-2.2309
c17224a7-066f-4b0c-b43d-0a0e346c555a	12	45519509	53106258	4392	0.5755
c17224a7-066f-4b0c-b43d-0a0e346c555a	12	53108654	53251414	73	0.9427
c17224a7-066f-4b0c-b43d-0a0e346c555a	12	53252785	55525207	1271	0.5691
c17224a7-066f-4b0c-b43d-0a0e346c555a	12	55526489	55526530	2	2.5239
c17224a7-066f-4b0c-b43d-0a0e346c555a	12	55531758	57801279	1076	0.5624
c17224a7-066f-4b0c-b43d-0a0e346c555a	12	57806572	57907364	53	0.945
c17224a7-066f-4b0c-b43d-0a0e346c555a	12	57908475	64492171	4141	0.5546
c17224a7-066f-4b0c-b43d-0a0e346c555a	12	64494879	64663268	119	0.9668
c17224a7-066f-4b0c-b43d-0a0e346c555a	12	64663497	70478895	3930	0.5859
c17224a7-066f-4b0c-b43d-0a0e346c555a	12	70482534	70484247	8	-2.0042
c17224a7-066f-4b0c-b43d-0a0e346c555a	12	70485605	90089573	11942	0.5592
c17224a7-066f-4b0c-b43d-0a0e346c555a	12	90097892	90098297	7	-1.4857
c17224a7-066f-4b0c-b43d-0a0e346c555a	12	90099780	94363517	2868	0.5741
c17224a7-066f-4b0c-b43d-0a0e346c555a	12	94364050	94365633	2	-1.7299
c17224a7-066f-4b0c-b43d-0a0e346c555a	12	94371252	99018549	3290	0.5704
c17224a7-066f-4b0c-b43d-0a0e346c555a	12	99021216	131635702	22203	0.2201
c17224a7-066f-4b0c-b43d-0a0e346c555a	12	131636170	131657925	15	-0.5173
c17224a7-066f-4b0c-b43d-0a0e346c555a	12	131658450	133201603	554	0.1472
c17224a7-066f-4b0c-b43d-0a0e346c555a	13	18452809	57139232	25628	-0.2894
c17224a7-066f-4b0c-b43d-0a0e346c555a	13	57174890	57253958	67	-0.9996
c17224a7-066f-4b0c-b43d-0a0e346c555a	13	57254420	101127963	27766	-0.3032
c17224a7-066f-4b0c-b43d-0a0e346c555a	13	101130327	101130472	2	-3.4345
c17224a7-066f-4b0c-b43d-0a0e346c555a	13	101134806	114342922	9785	-0.2941
c17224a7-066f-4b0c-b43d-0a0e346c555a	14	18239283	18976793	27	0.5089
c17224a7-066f-4b0c-b43d-0a0e346c555a	14	19011729	19955213	138	-0.0417
c17224a7-066f-4b0c-b43d-0a0e346c555a	14	19956767	22019130	1419	0.6275
c17224a7-066f-4b0c-b43d-0a0e346c555a	14	22019458	22484618	378	0.8012
c17224a7-066f-4b0c-b43d-0a0e346c555a	14	22490304	44295742	13534	0.5799
c17224a7-066f-4b0c-b43d-0a0e346c555a	14	44301734	44329116	16	-0.2165
c17224a7-066f-4b0c-b43d-0a0e346c555a	14	44332945	44808643	277	0.5726
c17224a7-066f-4b0c-b43d-0a0e346c555a	14	44812083	45356853	230	0.2887
c17224a7-066f-4b0c-b43d-0a0e346c555a	14	45356894	100659218	36185	0.5933
c17224a7-066f-4b0c-b43d-0a0e346c555a	14	100660982	100780564	89	1.0632
c17224a7-066f-4b0c-b43d-0a0e346c555a	14	100784971	105520403	2106	0.5986
c17224a7-066f-4b0c-b43d-0a0e346c555a	14	105521701	106340102	236	0.3542
c17224a7-066f-4b0c-b43d-0a0e346c555a	14	106340305	106364815	9	1.7706
c17224a7-066f-4b0c-b43d-0a0e346c555a	14	106365807	106877229	270	0.603
c17224a7-066f-4b0c-b43d-0a0e346c555a	15	19811075	20041119	48	0.1611
c17224a7-066f-4b0c-b43d-0a0e346c555a	15	20041902	22385639	159	-0.4651
c17224a7-066f-4b0c-b43d-0a0e346c555a	15	22395047	30314058	4611	0.2007
c17224a7-066f-4b0c-b43d-0a0e346c555a	15	30440076	30633402	14	-1.0083
c17224a7-066f-4b0c-b43d-0a0e346c555a	15	30638297	34090276	2345	0.2456
c17224a7-066f-4b0c-b43d-0a0e346c555a	15	34093583	34304258	118	0.5844
c17224a7-066f-4b0c-b43d-0a0e346c555a	15	34304510	34376961	60	0.228
c17224a7-066f-4b0c-b43d-0a0e346c555a	15	34378326	34522159	70	-0.3097
c17224a7-066f-4b0c-b43d-0a0e346c555a	15	34522341	50633900	9690	0.2291
c17224a7-066f-4b0c-b43d-0a0e346c555a	15	50639118	50918415	114	0.6223
c17224a7-066f-4b0c-b43d-0a0e346c555a	15	50920060	52095745	699	0.2428
c17224a7-066f-4b0c-b43d-0a0e346c555a	15	52100969	52277111	122	0.6511
c17224a7-066f-4b0c-b43d-0a0e346c555a	15	52280678	53492691	879	0.2205
c17224a7-066f-4b0c-b43d-0a0e346c555a	15	53492794	53498050	7	-1.5591
c17224a7-066f-4b0c-b43d-0a0e346c555a	15	53498521	53902792	307	0.2439
c17224a7-066f-4b0c-b43d-0a0e346c555a	15	53908153	53909163	2	-2.3999
c17224a7-066f-4b0c-b43d-0a0e346c555a	15	53912031	63763973	7058	0.2317
c17224a7-066f-4b0c-b43d-0a0e346c555a	15	63766447	63893331	66	0.589
c17224a7-066f-4b0c-b43d-0a0e346c555a	15	63896165	64945332	497	0.2564
c17224a7-066f-4b0c-b43d-0a0e346c555a	15	64947019	65150689	93	0.8891
c17224a7-066f-4b0c-b43d-0a0e346c555a	15	65161809	66667185	866	0.2178
c17224a7-066f-4b0c-b43d-0a0e346c555a	15	66668114	66969175	244	0.6302
c17224a7-066f-4b0c-b43d-0a0e346c555a	15	66977109	76598900	5535	0.2352
c17224a7-066f-4b0c-b43d-0a0e346c555a	15	76599170	76603434	21	-1.6895
c17224a7-066f-4b0c-b43d-0a0e346c555a	15	76609838	89462120	8138	0.2325
c17224a7-066f-4b0c-b43d-0a0e346c555a	15	89462391	96259159	5217	-0.2823
c17224a7-066f-4b0c-b43d-0a0e346c555a	15	96260000	96288284	25	-1.341
c17224a7-066f-4b0c-b43d-0a0e346c555a	15	96290711	101055693	3395	-0.2941
c17224a7-066f-4b0c-b43d-0a0e346c555a	15	101055794	101145347	77	0.1413
c17224a7-066f-4b0c-b43d-0a0e346c555a	15	101148851	101316578	111	0.6507
c17224a7-066f-4b0c-b43d-0a0e346c555a	15	101317215	101928837	438	0.1679
c17224a7-066f-4b0c-b43d-0a0e346c555a	16	10777	1354829	444	0.1703
c17224a7-066f-4b0c-b43d-0a0e346c555a	16	1364497	1710632	152	0.6155
c17224a7-066f-4b0c-b43d-0a0e346c555a	16	1711273	1995746	134	0.1085
c17224a7-066f-4b0c-b43d-0a0e346c555a	16	2011465	7469687	4191	-0.3213
c17224a7-066f-4b0c-b43d-0a0e346c555a	16	7469842	14446405	5891	-0.2639
c17224a7-066f-4b0c-b43d-0a0e346c555a	16	14447496	19338132	2117	-0.3541
c17224a7-066f-4b0c-b43d-0a0e346c555a	16	19338668	19339186	2	-3.5092
c17224a7-066f-4b0c-b43d-0a0e346c555a	16	19341924	19933041	331	-0.233
c17224a7-066f-4b0c-b43d-0a0e346c555a	16	19934328	19954553	28	-1.0784
c17224a7-066f-4b0c-b43d-0a0e346c555a	16	19956040	29861611	5636	-0.2851
c17224a7-066f-4b0c-b43d-0a0e346c555a	16	29871169	35237450	980	0.1602
c17224a7-066f-4b0c-b43d-0a0e346c555a	16	35237676	35585454	195	-0.0223
c17224a7-066f-4b0c-b43d-0a0e346c555a	16	35588000	55762682	6508	0.2189
c17224a7-066f-4b0c-b43d-0a0e346c555a	16	55764310	55764867	3	3.0643
c17224a7-066f-4b0c-b43d-0a0e346c555a	16	55770436	69242713	8299	0.195
c17224a7-066f-4b0c-b43d-0a0e346c555a	16	69243170	69547769	144	0.5433
c17224a7-066f-4b0c-b43d-0a0e346c555a	16	69547824	70006481	216	0.1644
c17224a7-066f-4b0c-b43d-0a0e346c555a	16	70015893	70336648	95	0.692
c17224a7-066f-4b0c-b43d-0a0e346c555a	16	70337649	77536208	4552	0.2099
c17224a7-066f-4b0c-b43d-0a0e346c555a	16	77536452	77536793	2	-2.5369
c17224a7-066f-4b0c-b43d-0a0e346c555a	16	77537296	81260132	4185	0.225
c17224a7-066f-4b0c-b43d-0a0e346c555a	16	81265916	81551468	253	0.8821
c17224a7-066f-4b0c-b43d-0a0e346c555a	16	81551943	84029815	2737	0.2425
c17224a7-066f-4b0c-b43d-0a0e346c555a	16	84030884	84869111	753	0.1047
c17224a7-066f-4b0c-b43d-0a0e346c555a	16	84869400	85027111	118	0.5915
c17224a7-066f-4b0c-b43d-0a0e346c555a	16	85029183	85663012	377	0.213
c17224a7-066f-4b0c-b43d-0a0e346c555a	16	85665269	85814985	115	0.5995
c17224a7-066f-4b0c-b43d-0a0e346c555a	16	85815117	85956974	125	0.1181
c17224a7-066f-4b0c-b43d-0a0e346c555a	16	85957317	88541905	2055	0.2425
c17224a7-066f-4b0c-b43d-0a0e346c555a	16	88541950	90096867	668	0.083
c17224a7-066f-4b0c-b43d-0a0e346c555a	17	150733	18455632	11228	-0.3051
c17224a7-066f-4b0c-b43d-0a0e346c555a	17	18455635	18561272	24	-1.1979
c17224a7-066f-4b0c-b43d-0a0e346c555a	17	18561907	28827705	2376	-0.2903
c17224a7-066f-4b0c-b43d-0a0e346c555a	17	28836344	29084170	124	0.2178
c17224a7-066f-4b0c-b43d-0a0e346c555a	17	29086385	32290557	1424	-0.2835
c17224a7-066f-4b0c-b43d-0a0e346c555a	17	32293264	32428471	52	0.1837
c17224a7-066f-4b0c-b43d-0a0e346c555a	17	32428682	38551005	3855	-1.1125
c17224a7-066f-4b0c-b43d-0a0e346c555a	17	38552041	38554277	2	-6.9771
c17224a7-066f-4b0c-b43d-0a0e346c555a	17	38554762	41258395	1369	-1.0439
c17224a7-066f-4b0c-b43d-0a0e346c555a	17	41262120	41274279	27	0.2905
c17224a7-066f-4b0c-b43d-0a0e346c555a	17	41276472	41486804	218	-1.0239
c17224a7-066f-4b0c-b43d-0a0e346c555a	17	41487088	41487884	4	-2.9367
c17224a7-066f-4b0c-b43d-0a0e346c555a	17	41489914	41491116	2	-6.8162
c17224a7-066f-4b0c-b43d-0a0e346c555a	17	41491194	44193597	1308	-0.9894
c17224a7-066f-4b0c-b43d-0a0e346c555a	17	44203278	46085732	919	-0.3708
c17224a7-066f-4b0c-b43d-0a0e346c555a	17	46088437	46211213	101	0.3825
c17224a7-066f-4b0c-b43d-0a0e346c555a	17	46214357	62314906	9317	-0.2793
c17224a7-066f-4b0c-b43d-0a0e346c555a	17	62318332	62579946	100	0.1425
c17224a7-066f-4b0c-b43d-0a0e346c555a	17	62579973	76381091	8502	-0.297
c17224a7-066f-4b0c-b43d-0a0e346c555a	17	76388178	76540680	80	0.2137
c17224a7-066f-4b0c-b43d-0a0e346c555a	17	76541492	77113952	339	-0.2911
c17224a7-066f-4b0c-b43d-0a0e346c555a	17	77114929	77215257	78	0.1655
c17224a7-066f-4b0c-b43d-0a0e346c555a	17	77219021	80048446	1597	-0.3211
c17224a7-066f-4b0c-b43d-0a0e346c555a	17	80049923	80201684	120	0.3021
c17224a7-066f-4b0c-b43d-0a0e346c555a	17	80210594	81321846	564	-0.298
c17224a7-066f-4b0c-b43d-0a0e346c555a	17	81326387	81510993	52	0.1481
c17224a7-066f-4b0c-b43d-0a0e346c555a	17	81536446	81830747	76	-0.2332
c17224a7-066f-4b0c-b43d-0a0e346c555a	17	81844876	82073964	31	0.5908
c17224a7-066f-4b0c-b43d-0a0e346c555a	17	82100360	82363785	102	-0.3324
c17224a7-066f-4b0c-b43d-0a0e346c555a	17	82367768	82531567	63	0.1415
c17224a7-066f-4b0c-b43d-0a0e346c555a	17	82534607	83091923	314	-0.3195
c17224a7-066f-4b0c-b43d-0a0e346c555a	18	48133	30234583	15788	-0.2914
c17224a7-066f-4b0c-b43d-0a0e346c555a	18	30235355	30236003	2	-7.1923
c17224a7-066f-4b0c-b43d-0a0e346c555a	18	30238649	80257174	34285	-0.2868
c17224a7-066f-4b0c-b43d-0a0e346c555a	19	90910	379930	75	1.2261
c17224a7-066f-4b0c-b43d-0a0e346c555a	19	384644	5949147	1689	0.8371
c17224a7-066f-4b0c-b43d-0a0e346c555a	19	5949258	27805597	9446	0.539
c17224a7-066f-4b0c-b43d-0a0e346c555a	19	27806172	33578306	4214	0.6021
c17224a7-066f-4b0c-b43d-0a0e346c555a	19	33579218	40337220	3757	0.5444
c17224a7-066f-4b0c-b43d-0a0e346c555a	19	40340043	40529729	70	0.9226
c17224a7-066f-4b0c-b43d-0a0e346c555a	19	40536518	42418355	892	0.5885
c17224a7-066f-4b0c-b43d-0a0e346c555a	19	42435212	42784116	167	0.1829
c17224a7-066f-4b0c-b43d-0a0e346c555a	19	42786621	58586487	8652	0.5431
c17224a7-066f-4b0c-b43d-0a0e346c555a	20	80664	4040298	2875	-0.2887
c17224a7-066f-4b0c-b43d-0a0e346c555a	20	4040488	4092628	54	-0.7538
c17224a7-066f-4b0c-b43d-0a0e346c555a	20	4092658	34085949	18286	-0.288
c17224a7-066f-4b0c-b43d-0a0e346c555a	20	34087921	34281276	68	0.2714
c17224a7-066f-4b0c-b43d-0a0e346c555a	20	34283744	34815781	206	-0.2608
c17224a7-066f-4b0c-b43d-0a0e346c555a	20	34817424	35022583	97	0.3828
c17224a7-066f-4b0c-b43d-0a0e346c555a	20	35023935	50067371	9949	-0.2559
c17224a7-066f-4b0c-b43d-0a0e346c555a	20	50068567	50234655	93	0.2459
c17224a7-066f-4b0c-b43d-0a0e346c555a	20	50237647	64324800	10185	-0.2769
c17224a7-066f-4b0c-b43d-0a0e346c555a	21	10354168	46677045	23641	0.2128
c17224a7-066f-4b0c-b43d-0a0e346c555a	22	15294547	15583346	13	-0.2374
c17224a7-066f-4b0c-b43d-0a0e346c555a	22	15591298	18620743	1111	0.209
c17224a7-066f-4b0c-b43d-0a0e346c555a	22	18649244	18760941	3	1.8642
c17224a7-066f-4b0c-b43d-0a0e346c555a	22	18783014	20238103	839	0.0948
c17224a7-066f-4b0c-b43d-0a0e346c555a	22	20245065	21074667	643	-0.4704
c17224a7-066f-4b0c-b43d-0a0e346c555a	22	21076728	28888781	5666	-0.2949
c17224a7-066f-4b0c-b43d-0a0e346c555a	22	28889550	28959833	49	-1.3235
c17224a7-066f-4b0c-b43d-0a0e346c555a	22	28961938	29158195	155	-3.7347
c17224a7-066f-4b0c-b43d-0a0e346c555a	22	29166271	29339044	77	-0.3441
c17224a7-066f-4b0c-b43d-0a0e346c555a	22	29347705	29474323	92	0.2379
c17224a7-066f-4b0c-b43d-0a0e346c555a	22	29474345	35642653	4526	-0.2607
c17224a7-066f-4b0c-b43d-0a0e346c555a	22	35644067	36323118	410	-0.4321
c17224a7-066f-4b0c-b43d-0a0e346c555a	22	36323140	41223828	2752	-0.2978
c17224a7-066f-4b0c-b43d-0a0e346c555a	22	41236179	41366866	55	0.1686
c17224a7-066f-4b0c-b43d-0a0e346c555a	22	41371916	48859457	5415	-0.279
c17224a7-066f-4b0c-b43d-0a0e346c555a	22	48863149	50796027	1218	-0.4003
c17224a7-066f-4b0c-b43d-0a0e346c555a	X	251810	16842200	10232	0.0072
c17224a7-066f-4b0c-b43d-0a0e346c555a	X	16848618	17010963	85	0.3903
c17224a7-066f-4b0c-b43d-0a0e346c555a	X	17011637	33006603	10003	0.0109
c17224a7-066f-4b0c-b43d-0a0e346c555a	X	33007130	34534284	1065	0.0908
c17224a7-066f-4b0c-b43d-0a0e346c555a	X	34537867	77095811	18079	0.0056
c17224a7-066f-4b0c-b43d-0a0e346c555a	X	77099734	77327016	22	-0.6799
c17224a7-066f-4b0c-b43d-0a0e346c555a	X	77335165	153294492	42458	0.0117
c17224a7-066f-4b0c-b43d-0a0e346c555a	X	153294703	153441345	86	0.3707
c17224a7-066f-4b0c-b43d-0a0e346c555a	X	153442159	155952689	912	-0.0003
c17224a7-066f-4b0c-b43d-0a0e346c555a	Y	2782397	3024380	117	-2.5811
c17224a7-066f-4b0c-b43d-0a0e346c555a	Y	3025189	6075631	600	-2.2076
c17224a7-066f-4b0c-b43d-0a0e346c555a	Y	6076562	9330531	1505	-2.8165
c17224a7-066f-4b0c-b43d-0a0e346c555a	Y	9332936	9554275	25	-4.7697
c17224a7-066f-4b0c-b43d-0a0e346c555a	Y	9554586	56872112	4385	-2.6759
