GDC_Aliquot	Chromosome	Start	End	Num_Probes	Segment_Mean
70276548-ccb5-49ff-b185-4b91f8b3672d	1	62920	869076	49	-0.0627
70276548-ccb5-49ff-b185-4b91f8b3672d	1	874393	3286332	685	0.2205
70276548-ccb5-49ff-b185-4b91f8b3672d	1	3291811	5951845	2047	0.0015
70276548-ccb5-49ff-b185-4b91f8b3672d	1	5954503	5999169	24	0.362
70276548-ccb5-49ff-b185-4b91f8b3672d	1	5999262	16863509	5888	0.018
70276548-ccb5-49ff-b185-4b91f8b3672d	1	16864367	16935752	54	0.5886
70276548-ccb5-49ff-b185-4b91f8b3672d	1	16949746	19480165	1821	0.0135
70276548-ccb5-49ff-b185-4b91f8b3672d	1	19480198	19482144	3	-1.4825
70276548-ccb5-49ff-b185-4b91f8b3672d	1	19482334	25256850	3431	0.0222
70276548-ccb5-49ff-b185-4b91f8b3672d	1	25266637	25320455	24	-1.7081
70276548-ccb5-49ff-b185-4b91f8b3672d	1	25336819	34626073	4945	0.0129
70276548-ccb5-49ff-b185-4b91f8b3672d	1	34637053	34638890	20	-0.5838
70276548-ccb5-49ff-b185-4b91f8b3672d	1	34648667	39630381	2695	0.0031
70276548-ccb5-49ff-b185-4b91f8b3672d	1	39631846	39688076	28	0.4371
70276548-ccb5-49ff-b185-4b91f8b3672d	1	39688962	68166696	18546	0.004
70276548-ccb5-49ff-b185-4b91f8b3672d	1	68169707	68170064	3	-1.3977
70276548-ccb5-49ff-b185-4b91f8b3672d	1	68173702	72284670	2440	0.0082
70276548-ccb5-49ff-b185-4b91f8b3672d	1	72290430	72297687	9	-0.7882
70276548-ccb5-49ff-b185-4b91f8b3672d	1	72302735	72351338	52	0.3981
70276548-ccb5-49ff-b185-4b91f8b3672d	1	72352916	89009572	10918	-0.0021
70276548-ccb5-49ff-b185-4b91f8b3672d	1	89012275	89012522	2	-2.4702
70276548-ccb5-49ff-b185-4b91f8b3672d	1	89015841	109690431	12649	-0.0002
70276548-ccb5-49ff-b185-4b91f8b3672d	1	109690640	109697533	9	-0.7833
70276548-ccb5-49ff-b185-4b91f8b3672d	1	109697556	110833598	835	0.0108
70276548-ccb5-49ff-b185-4b91f8b3672d	1	110834746	110845604	39	-0.7142
70276548-ccb5-49ff-b185-4b91f8b3672d	1	110849445	112147704	1069	0.0006
70276548-ccb5-49ff-b185-4b91f8b3672d	1	112153343	112154768	25	-1.5084
70276548-ccb5-49ff-b185-4b91f8b3672d	1	112163334	143558316	5171	0.0089
70276548-ccb5-49ff-b185-4b91f8b3672d	1	143567319	143713930	73	0.3298
70276548-ccb5-49ff-b185-4b91f8b3672d	1	143714499	152583230	2347	0.0271
70276548-ccb5-49ff-b185-4b91f8b3672d	1	152583291	152614118	34	-1.6883
70276548-ccb5-49ff-b185-4b91f8b3672d	1	152618018	152787202	164	-0.0004
70276548-ccb5-49ff-b185-4b91f8b3672d	1	152789447	152796224	37	0.464
70276548-ccb5-49ff-b185-4b91f8b3672d	1	152801429	196745743	29401	0.002
70276548-ccb5-49ff-b185-4b91f8b3672d	1	196758720	196843377	59	0.3064
70276548-ccb5-49ff-b185-4b91f8b3672d	1	196843400	196847600	3	-1.5008
70276548-ccb5-49ff-b185-4b91f8b3672d	1	196854187	217506738	14119	0.0093
70276548-ccb5-49ff-b185-4b91f8b3672d	1	217507194	217547385	25	0.5971
70276548-ccb5-49ff-b185-4b91f8b3672d	1	217547993	217997857	277	0.0062
70276548-ccb5-49ff-b185-4b91f8b3672d	1	218001692	218007188	7	-1.1306
70276548-ccb5-49ff-b185-4b91f8b3672d	1	218008881	222193326	2925	0.0019
70276548-ccb5-49ff-b185-4b91f8b3672d	1	222201492	222203662	2	-3.0263
70276548-ccb5-49ff-b185-4b91f8b3672d	1	222208792	231779959	5940	0.0054
70276548-ccb5-49ff-b185-4b91f8b3672d	1	231781483	231819980	26	0.4649
70276548-ccb5-49ff-b185-4b91f8b3672d	1	231820536	242244355	8131	0.0049
70276548-ccb5-49ff-b185-4b91f8b3672d	1	242244619	242245765	2	-1.554
70276548-ccb5-49ff-b185-4b91f8b3672d	1	242245798	246677064	2971	0.0093
70276548-ccb5-49ff-b185-4b91f8b3672d	1	246677118	246706315	21	0.8313
70276548-ccb5-49ff-b185-4b91f8b3672d	1	246709941	248930189	1294	0.0209
70276548-ccb5-49ff-b185-4b91f8b3672d	2	12784	188421	100	0.1242
70276548-ccb5-49ff-b185-4b91f8b3672d	2	189800	206253	14	0.5022
70276548-ccb5-49ff-b185-4b91f8b3672d	2	206636	206704	3	1.1791
70276548-ccb5-49ff-b185-4b91f8b3672d	2	206851	240785	26	0.3393
70276548-ccb5-49ff-b185-4b91f8b3672d	2	243876	4155990	2839	0.0274
70276548-ccb5-49ff-b185-4b91f8b3672d	2	4158097	4176429	43	-0.5134
70276548-ccb5-49ff-b185-4b91f8b3672d	2	4182472	7472831	2871	0.0059
70276548-ccb5-49ff-b185-4b91f8b3672d	2	7473225	7498587	21	0.5396
70276548-ccb5-49ff-b185-4b91f8b3672d	2	7499242	32844008	16870	0.005
70276548-ccb5-49ff-b185-4b91f8b3672d	2	32844126	32892533	31	0.5254
70276548-ccb5-49ff-b185-4b91f8b3672d	2	32894316	34466002	1238	0.0114
70276548-ccb5-49ff-b185-4b91f8b3672d	2	34474248	34511446	45	0.564
70276548-ccb5-49ff-b185-4b91f8b3672d	2	34511990	46647861	9048	0.0067
70276548-ccb5-49ff-b185-4b91f8b3672d	2	46650167	46681060	40	0.3807
70276548-ccb5-49ff-b185-4b91f8b3672d	2	46681657	49401195	1693	-0.0062
70276548-ccb5-49ff-b185-4b91f8b3672d	2	49401280	49401323	2	-1.2108
70276548-ccb5-49ff-b185-4b91f8b3672d	2	49408543	52527743	2204	0.0108
70276548-ccb5-49ff-b185-4b91f8b3672d	2	52531615	52554404	33	-0.4475
70276548-ccb5-49ff-b185-4b91f8b3672d	2	52560811	60368028	5536	0.0064
70276548-ccb5-49ff-b185-4b91f8b3672d	2	60371965	60412318	29	0.4315
70276548-ccb5-49ff-b185-4b91f8b3672d	2	60412959	67860549	4504	0.0044
70276548-ccb5-49ff-b185-4b91f8b3672d	2	67860909	67938948	46	0.3184
70276548-ccb5-49ff-b185-4b91f8b3672d	2	67941220	87516129	11934	0.0019
70276548-ccb5-49ff-b185-4b91f8b3672d	2	87516162	87588764	19	-0.4444
70276548-ccb5-49ff-b185-4b91f8b3672d	2	87595227	88155367	133	0.0172
70276548-ccb5-49ff-b185-4b91f8b3672d	2	88155440	88184804	20	0.5278
70276548-ccb5-49ff-b185-4b91f8b3672d	2	88192539	111312123	9749	0.0109
70276548-ccb5-49ff-b185-4b91f8b3672d	2	111331380	111430941	27	0.5152
70276548-ccb5-49ff-b185-4b91f8b3672d	2	111438656	129597933	11343	0.0096
70276548-ccb5-49ff-b185-4b91f8b3672d	2	129598357	129598954	3	-1.5678
70276548-ccb5-49ff-b185-4b91f8b3672d	2	129601358	183929673	33099	0.0049
70276548-ccb5-49ff-b185-4b91f8b3672d	2	183929787	183930110	6	-1.143
70276548-ccb5-49ff-b185-4b91f8b3672d	2	183936912	183937714	10	-0.6449
70276548-ccb5-49ff-b185-4b91f8b3672d	2	183943862	186928271	1696	0.0003
70276548-ccb5-49ff-b185-4b91f8b3672d	2	186930938	186937430	7	-1.0323
70276548-ccb5-49ff-b185-4b91f8b3672d	2	186941571	232370621	27784	0.0053
70276548-ccb5-49ff-b185-4b91f8b3672d	2	232370659	232454022	68	0.2827
70276548-ccb5-49ff-b185-4b91f8b3672d	2	232455267	241536647	5950	0.0096
70276548-ccb5-49ff-b185-4b91f8b3672d	2	241537572	242072210	150	0.2147
70276548-ccb5-49ff-b185-4b91f8b3672d	2	242072479	242147305	40	-0.0012
70276548-ccb5-49ff-b185-4b91f8b3672d	3	20930	933963	739	-0.0004
70276548-ccb5-49ff-b185-4b91f8b3672d	3	934009	973670	31	0.5359
70276548-ccb5-49ff-b185-4b91f8b3672d	3	973713	1740119	765	-0.0137
70276548-ccb5-49ff-b185-4b91f8b3672d	3	1740840	1745897	6	-1.4651
70276548-ccb5-49ff-b185-4b91f8b3672d	3	1747474	4833378	2810	0.008
70276548-ccb5-49ff-b185-4b91f8b3672d	3	4833826	4835515	2	-2.4531
70276548-ccb5-49ff-b185-4b91f8b3672d	3	4835857	75372019	48226	0.0023
70276548-ccb5-49ff-b185-4b91f8b3672d	3	75377956	75590356	74	-0.6806
70276548-ccb5-49ff-b185-4b91f8b3672d	3	75596233	128559316	28987	0.0042
70276548-ccb5-49ff-b185-4b91f8b3672d	3	128563854	128575512	8	0.3708
70276548-ccb5-49ff-b185-4b91f8b3672d	3	128578209	128612769	16	0.7751
70276548-ccb5-49ff-b185-4b91f8b3672d	3	128613836	128627419	9	0.3552
70276548-ccb5-49ff-b185-4b91f8b3672d	3	128627940	142797724	8414	0.0068
70276548-ccb5-49ff-b185-4b91f8b3672d	3	142797984	142801337	3	-1.5521
70276548-ccb5-49ff-b185-4b91f8b3672d	3	142804507	150797167	5087	0.0144
70276548-ccb5-49ff-b185-4b91f8b3672d	3	150797936	150812953	13	0.3735
70276548-ccb5-49ff-b185-4b91f8b3672d	3	150813207	150825038	7	0.7977
70276548-ccb5-49ff-b185-4b91f8b3672d	3	150825128	150865140	21	0.2694
70276548-ccb5-49ff-b185-4b91f8b3672d	3	150865205	162822702	7395	0.0062
70276548-ccb5-49ff-b185-4b91f8b3672d	3	162827928	162896180	39	-0.4338
70276548-ccb5-49ff-b185-4b91f8b3672d	3	162897779	183318378	12382	0.0064
70276548-ccb5-49ff-b185-4b91f8b3672d	3	183318541	184183601	468	0.1276
70276548-ccb5-49ff-b185-4b91f8b3672d	3	184184700	193155915	6295	0.0076
70276548-ccb5-49ff-b185-4b91f8b3672d	3	193156958	193164968	17	-0.449
70276548-ccb5-49ff-b185-4b91f8b3672d	3	193164983	193165114	4	-1.374
70276548-ccb5-49ff-b185-4b91f8b3672d	3	193168646	195830590	1558	0.0141
70276548-ccb5-49ff-b185-4b91f8b3672d	3	195832418	196017100	59	0.2893
70276548-ccb5-49ff-b185-4b91f8b3672d	3	196017117	196784158	381	0.0269
70276548-ccb5-49ff-b185-4b91f8b3672d	3	196788297	196841921	21	0.7188
70276548-ccb5-49ff-b185-4b91f8b3672d	3	196843248	198169247	670	0.0865
70276548-ccb5-49ff-b185-4b91f8b3672d	4	68929	547938	209	0.0759
70276548-ccb5-49ff-b185-4b91f8b3672d	4	548239	1059384	147	0.2515
70276548-ccb5-49ff-b185-4b91f8b3672d	4	1060146	4101617	1266	0.0398
70276548-ccb5-49ff-b185-4b91f8b3672d	4	4108503	4133854	9	-0.5535
70276548-ccb5-49ff-b185-4b91f8b3672d	4	4151033	7420537	2581	0.0089
70276548-ccb5-49ff-b185-4b91f8b3672d	4	7425210	7484048	62	0.2956
70276548-ccb5-49ff-b185-4b91f8b3672d	4	7485025	10222004	1419	-0.0015
70276548-ccb5-49ff-b185-4b91f8b3672d	4	10222224	10232642	28	-0.8067
70276548-ccb5-49ff-b185-4b91f8b3672d	4	10232984	34777432	16950	0.0003
70276548-ccb5-49ff-b185-4b91f8b3672d	4	34784878	34823103	38	-2.5716
70276548-ccb5-49ff-b185-4b91f8b3672d	4	34828250	48142982	8366	-0.0027
70276548-ccb5-49ff-b185-4b91f8b3672d	4	48143089	51823256	617	0.0918
70276548-ccb5-49ff-b185-4b91f8b3672d	4	51823373	68418873	10430	-0.0006
70276548-ccb5-49ff-b185-4b91f8b3672d	4	68422420	68422424	3	-1.8416
70276548-ccb5-49ff-b185-4b91f8b3672d	4	68429081	68506285	12	0.1065
70276548-ccb5-49ff-b185-4b91f8b3672d	4	68509223	68620122	63	0.605
70276548-ccb5-49ff-b185-4b91f8b3672d	4	68620261	70470554	1107	0.0204
70276548-ccb5-49ff-b185-4b91f8b3672d	4	70471368	70472247	2	1.3446
70276548-ccb5-49ff-b185-4b91f8b3672d	4	70475444	76803612	3814	-0.0034
70276548-ccb5-49ff-b185-4b91f8b3672d	4	76803814	76803873	2	-1.4766
70276548-ccb5-49ff-b185-4b91f8b3672d	4	76803938	91148753	9015	-0.0068
70276548-ccb5-49ff-b185-4b91f8b3672d	4	91152891	91159466	7	-0.8901
70276548-ccb5-49ff-b185-4b91f8b3672d	4	91160414	114252544	13696	0.0035
70276548-ccb5-49ff-b185-4b91f8b3672d	4	114254167	114261019	23	-1.658
70276548-ccb5-49ff-b185-4b91f8b3672d	4	114263073	137171041	13216	0.0034
70276548-ccb5-49ff-b185-4b91f8b3672d	4	137171085	137173967	17	-0.7759
70276548-ccb5-49ff-b185-4b91f8b3672d	4	137187209	140332932	2177	0.0005
70276548-ccb5-49ff-b185-4b91f8b3672d	4	140333031	140377920	27	0.3489
70276548-ccb5-49ff-b185-4b91f8b3672d	4	140383403	148564636	4849	0.0068
70276548-ccb5-49ff-b185-4b91f8b3672d	4	148565477	148572350	4	-0.8304
70276548-ccb5-49ff-b185-4b91f8b3672d	4	148573002	150642254	1115	0.0119
70276548-ccb5-49ff-b185-4b91f8b3672d	4	150643998	150695171	23	0.467
70276548-ccb5-49ff-b185-4b91f8b3672d	4	150696001	151870485	610	0.0398
70276548-ccb5-49ff-b185-4b91f8b3672d	4	151870502	151871415	10	-1.2857
70276548-ccb5-49ff-b185-4b91f8b3672d	4	151871739	160959045	5861	0.0041
70276548-ccb5-49ff-b185-4b91f8b3672d	4	160959151	160964151	29	0.3369
70276548-ccb5-49ff-b185-4b91f8b3672d	4	160964197	169918879	5672	0.002
70276548-ccb5-49ff-b185-4b91f8b3672d	4	169919521	169925890	6	-1.03
70276548-ccb5-49ff-b185-4b91f8b3672d	4	169926381	171456307	975	-0.0083
70276548-ccb5-49ff-b185-4b91f8b3672d	4	171456559	171456625	3	1.2503
70276548-ccb5-49ff-b185-4b91f8b3672d	4	171459220	172066777	396	-0.0137
70276548-ccb5-49ff-b185-4b91f8b3672d	4	172067997	172068382	12	-2.0018
70276548-ccb5-49ff-b185-4b91f8b3672d	4	172074828	178470288	3887	0.0051
70276548-ccb5-49ff-b185-4b91f8b3672d	4	178471191	178474852	4	-1.1114
70276548-ccb5-49ff-b185-4b91f8b3672d	4	178475027	182653219	3231	0.0098
70276548-ccb5-49ff-b185-4b91f8b3672d	4	182653291	184160842	952	0.0784
70276548-ccb5-49ff-b185-4b91f8b3672d	4	184160955	184972933	591	0.0079
70276548-ccb5-49ff-b185-4b91f8b3672d	4	184973501	185339670	213	0.1568
70276548-ccb5-49ff-b185-4b91f8b3672d	4	185340566	186955235	1188	0.0201
70276548-ccb5-49ff-b185-4b91f8b3672d	4	186955316	186980112	38	0.2983
70276548-ccb5-49ff-b185-4b91f8b3672d	4	186980127	187841086	546	-0.0132
70276548-ccb5-49ff-b185-4b91f8b3672d	4	187842497	188133607	172	0.1239
70276548-ccb5-49ff-b185-4b91f8b3672d	4	188135966	188139456	5	-0.507
70276548-ccb5-49ff-b185-4b91f8b3672d	4	188145847	188300104	91	0.1622
70276548-ccb5-49ff-b185-4b91f8b3672d	4	188300206	188300221	2	-1.8132
70276548-ccb5-49ff-b185-4b91f8b3672d	4	188300270	190106768	1140	0.0389
70276548-ccb5-49ff-b185-4b91f8b3672d	5	15532	676334	301	0.1832
70276548-ccb5-49ff-b185-4b91f8b3672d	5	676744	817735	38	-0.2976
70276548-ccb5-49ff-b185-4b91f8b3672d	5	817877	1890119	582	0.1294
70276548-ccb5-49ff-b185-4b91f8b3672d	5	1891707	9337430	6573	0.0083
70276548-ccb5-49ff-b185-4b91f8b3672d	5	9339469	9380366	47	0.4097
70276548-ccb5-49ff-b185-4b91f8b3672d	5	9380686	12791608	2627	0.0092
70276548-ccb5-49ff-b185-4b91f8b3672d	5	12800777	12838421	15	0.7516
70276548-ccb5-49ff-b185-4b91f8b3672d	5	12849089	33613973	13049	0.005
70276548-ccb5-49ff-b185-4b91f8b3672d	5	33614101	33614210	2	-2.7485
70276548-ccb5-49ff-b185-4b91f8b3672d	5	33614731	34700599	643	-0.0057
70276548-ccb5-49ff-b185-4b91f8b3672d	5	34700960	34701084	2	-1.5939
70276548-ccb5-49ff-b185-4b91f8b3672d	5	34703258	104515520	38630	0.0017
70276548-ccb5-49ff-b185-4b91f8b3672d	5	104524672	104524903	4	-1.3398
70276548-ccb5-49ff-b185-4b91f8b3672d	5	104525348	106891826	1405	0.0043
70276548-ccb5-49ff-b185-4b91f8b3672d	5	106893972	106897163	13	-1.0268
70276548-ccb5-49ff-b185-4b91f8b3672d	5	106897172	139789292	21269	0.0033
70276548-ccb5-49ff-b185-4b91f8b3672d	5	139798577	139803311	4	-1.3495
70276548-ccb5-49ff-b185-4b91f8b3672d	5	139804359	140824700	479	0.0165
70276548-ccb5-49ff-b185-4b91f8b3672d	5	140827458	140852254	14	0.4687
70276548-ccb5-49ff-b185-4b91f8b3672d	5	140861442	143896384	1977	0.0022
70276548-ccb5-49ff-b185-4b91f8b3672d	5	143896950	143916917	15	-0.4973
70276548-ccb5-49ff-b185-4b91f8b3672d	5	143918210	174711833	21363	0.0029
70276548-ccb5-49ff-b185-4b91f8b3672d	5	174712101	174761903	23	0.7524
70276548-ccb5-49ff-b185-4b91f8b3672d	5	174766306	176623510	1117	0.0161
70276548-ccb5-49ff-b185-4b91f8b3672d	5	176623714	176831400	121	0.211
70276548-ccb5-49ff-b185-4b91f8b3672d	5	176838981	179629594	1406	0.0441
70276548-ccb5-49ff-b185-4b91f8b3672d	5	179631680	179659493	14	0.5009
70276548-ccb5-49ff-b185-4b91f8b3672d	5	179668592	181176691	867	0.025
70276548-ccb5-49ff-b185-4b91f8b3672d	5	181176719	181363319	61	0.2374
70276548-ccb5-49ff-b185-4b91f8b3672d	6	149661	257353	102	0.0742
70276548-ccb5-49ff-b185-4b91f8b3672d	6	258265	380821	99	0.5981
70276548-ccb5-49ff-b185-4b91f8b3672d	6	381149	808660	358	0.0781
70276548-ccb5-49ff-b185-4b91f8b3672d	6	809200	858094	41	0.624
70276548-ccb5-49ff-b185-4b91f8b3672d	6	858296	2602123	1412	0.0096
70276548-ccb5-49ff-b185-4b91f8b3672d	6	2603943	2604964	4	-1.0436
70276548-ccb5-49ff-b185-4b91f8b3672d	6	2608562	10493010	6304	0.0079
70276548-ccb5-49ff-b185-4b91f8b3672d	6	10493538	10608048	103	0.1791
70276548-ccb5-49ff-b185-4b91f8b3672d	6	10610508	15459121	3601	-0.0053
70276548-ccb5-49ff-b185-4b91f8b3672d	6	15459703	15537094	76	0.221
70276548-ccb5-49ff-b185-4b91f8b3672d	6	15538454	24219260	6434	0.0049
70276548-ccb5-49ff-b185-4b91f8b3672d	6	24221245	24278641	30	0.4915
70276548-ccb5-49ff-b185-4b91f8b3672d	6	24278848	27516037	1946	0.0058
70276548-ccb5-49ff-b185-4b91f8b3672d	6	27520823	27745749	124	0.1881
70276548-ccb5-49ff-b185-4b91f8b3672d	6	27747451	29869295	984	-0.0064
70276548-ccb5-49ff-b185-4b91f8b3672d	6	29869410	29906865	22	-1.0632
70276548-ccb5-49ff-b185-4b91f8b3672d	6	29906932	30003229	61	-0.244
70276548-ccb5-49ff-b185-4b91f8b3672d	6	30003771	31318528	593	0.0089
70276548-ccb5-49ff-b185-4b91f8b3672d	6	31318754	31328674	9	-1.83
70276548-ccb5-49ff-b185-4b91f8b3672d	6	31342147	32463515	495	0.054
70276548-ccb5-49ff-b185-4b91f8b3672d	6	32463775	32533522	19	1.5601
70276548-ccb5-49ff-b185-4b91f8b3672d	6	32540699	32593518	13	0.6609
70276548-ccb5-49ff-b185-4b91f8b3672d	6	32602269	54066286	13698	0.0047
70276548-ccb5-49ff-b185-4b91f8b3672d	6	54066353	54067057	7	-1.2213
70276548-ccb5-49ff-b185-4b91f8b3672d	6	54070550	66295080	5324	0.0033
70276548-ccb5-49ff-b185-4b91f8b3672d	6	66298369	66338736	56	-0.6597
70276548-ccb5-49ff-b185-4b91f8b3672d	6	66339513	71544988	3495	0.0112
70276548-ccb5-49ff-b185-4b91f8b3672d	6	71565028	71627314	49	0.3158
70276548-ccb5-49ff-b185-4b91f8b3672d	6	71628404	76305231	2930	0.0024
70276548-ccb5-49ff-b185-4b91f8b3672d	6	76307183	76307209	3	-1.5817
70276548-ccb5-49ff-b185-4b91f8b3672d	6	76307276	76726442	295	-0.0017
70276548-ccb5-49ff-b185-4b91f8b3672d	6	76726815	76758214	24	0.3649
70276548-ccb5-49ff-b185-4b91f8b3672d	6	76758749	78253157	973	-0.0059
70276548-ccb5-49ff-b185-4b91f8b3672d	6	78253172	78325457	112	0.5345
70276548-ccb5-49ff-b185-4b91f8b3672d	6	78325468	103286954	15450	0.0038
70276548-ccb5-49ff-b185-4b91f8b3672d	6	103290101	103299578	12	1.1504
70276548-ccb5-49ff-b185-4b91f8b3672d	6	103299596	103311783	27	0.4801
70276548-ccb5-49ff-b185-4b91f8b3672d	6	103311850	103314186	7	1.0517
70276548-ccb5-49ff-b185-4b91f8b3672d	6	103317795	167145251	41961	0.0013
70276548-ccb5-49ff-b185-4b91f8b3672d	6	167147219	168987579	1058	0.0906
70276548-ccb5-49ff-b185-4b91f8b3672d	6	168988349	170741917	1063	0.0152
70276548-ccb5-49ff-b185-4b91f8b3672d	7	43355	1287994	378	0.1262
70276548-ccb5-49ff-b185-4b91f8b3672d	7	1292195	6727754	3026	0.0391
70276548-ccb5-49ff-b185-4b91f8b3672d	7	6727908	6989154	69	0.1559
70276548-ccb5-49ff-b185-4b91f8b3672d	7	6999855	14132336	5978	0.0132
70276548-ccb5-49ff-b185-4b91f8b3672d	7	14132507	14193999	45	0.3523
70276548-ccb5-49ff-b185-4b91f8b3672d	7	14196086	39037797	18495	0.0065
70276548-ccb5-49ff-b185-4b91f8b3672d	7	39037805	39039873	2	-1.6502
70276548-ccb5-49ff-b185-4b91f8b3672d	7	39040000	56898978	12050	0.0041
70276548-ccb5-49ff-b185-4b91f8b3672d	7	56899337	57086717	12	0.7106
70276548-ccb5-49ff-b185-4b91f8b3672d	7	57088013	62526795	444	0.0572
70276548-ccb5-49ff-b185-4b91f8b3672d	7	62526866	63055450	165	0.5386
70276548-ccb5-49ff-b185-4b91f8b3672d	7	63056859	63465455	105	0.0551
70276548-ccb5-49ff-b185-4b91f8b3672d	7	63500432	63579159	6	-0.817
70276548-ccb5-49ff-b185-4b91f8b3672d	7	63582683	70863171	3721	0.0234
70276548-ccb5-49ff-b185-4b91f8b3672d	7	70864107	70883383	15	0.5073
70276548-ccb5-49ff-b185-4b91f8b3672d	7	70885096	70955452	41	0.04
70276548-ccb5-49ff-b185-4b91f8b3672d	7	70958264	70961155	2	-1.8576
70276548-ccb5-49ff-b185-4b91f8b3672d	7	70963257	97756423	15674	0.0063
70276548-ccb5-49ff-b185-4b91f8b3672d	7	97756621	97773163	18	-0.5234
70276548-ccb5-49ff-b185-4b91f8b3672d	7	97774928	100723515	1279	0.0189
70276548-ccb5-49ff-b185-4b91f8b3672d	7	100726651	100758170	8	0.6671
70276548-ccb5-49ff-b185-4b91f8b3672d	7	100758307	101323817	226	-0.0061
70276548-ccb5-49ff-b185-4b91f8b3672d	7	101325082	101498586	76	0.2575
70276548-ccb5-49ff-b185-4b91f8b3672d	7	101498690	105456214	2156	-0.0005
70276548-ccb5-49ff-b185-4b91f8b3672d	7	105457859	105512795	29	0.3242
70276548-ccb5-49ff-b185-4b91f8b3672d	7	105513065	128458017	14258	0.0092
70276548-ccb5-49ff-b185-4b91f8b3672d	7	128459851	128714632	80	0.2043
70276548-ccb5-49ff-b185-4b91f8b3672d	7	128714883	131977761	1805	0.0017
70276548-ccb5-49ff-b185-4b91f8b3672d	7	131978133	132215411	177	0.208
70276548-ccb5-49ff-b185-4b91f8b3672d	7	132215596	134100424	1254	0.0108
70276548-ccb5-49ff-b185-4b91f8b3672d	7	134100442	134110881	25	0.598
70276548-ccb5-49ff-b185-4b91f8b3672d	7	134110912	135556467	1074	0.0127
70276548-ccb5-49ff-b185-4b91f8b3672d	7	135559291	135563004	2	-1.8403
70276548-ccb5-49ff-b185-4b91f8b3672d	7	135563024	142069843	4126	0.0003
70276548-ccb5-49ff-b185-4b91f8b3672d	7	142069880	142087846	24	-0.6941
70276548-ccb5-49ff-b185-4b91f8b3672d	7	142088099	144249785	1211	0.0238
70276548-ccb5-49ff-b185-4b91f8b3672d	7	144255220	144343967	12	0.8128
70276548-ccb5-49ff-b185-4b91f8b3672d	7	144352208	159334314	9636	0.0162
70276548-ccb5-49ff-b185-4b91f8b3672d	8	81254	1418902	897	0.0424
70276548-ccb5-49ff-b185-4b91f8b3672d	8	1419196	1419436	2	1.4083
70276548-ccb5-49ff-b185-4b91f8b3672d	8	1419522	2178964	661	0.024
70276548-ccb5-49ff-b185-4b91f8b3672d	8	2179870	2215182	31	0.4147
70276548-ccb5-49ff-b185-4b91f8b3672d	8	2215736	2350248	21	0.2034
70276548-ccb5-49ff-b185-4b91f8b3672d	8	2350264	4145783	2092	0.0066
70276548-ccb5-49ff-b185-4b91f8b3672d	8	4145941	4145956	2	-2.441
70276548-ccb5-49ff-b185-4b91f8b3672d	8	4146039	7167045	4005	0.0202
70276548-ccb5-49ff-b185-4b91f8b3672d	8	7172468	7185818	5	-1.1067
70276548-ccb5-49ff-b185-4b91f8b3672d	8	7296545	7368781	21	0.4826
70276548-ccb5-49ff-b185-4b91f8b3672d	8	7368914	39373140	22725	0.007
70276548-ccb5-49ff-b185-4b91f8b3672d	8	39378084	39529446	58	-2.0066
70276548-ccb5-49ff-b185-4b91f8b3672d	8	39530780	46097973	2622	0.0191
70276548-ccb5-49ff-b185-4b91f8b3672d	8	46100608	46267692	47	0.3272
70276548-ccb5-49ff-b185-4b91f8b3672d	8	46271659	46613954	97	-0.0137
70276548-ccb5-49ff-b185-4b91f8b3672d	8	46615926	46624924	9	0.6111
70276548-ccb5-49ff-b185-4b91f8b3672d	8	46634473	62783308	10189	0.0037
70276548-ccb5-49ff-b185-4b91f8b3672d	8	62783360	62785468	2	-1.6175
70276548-ccb5-49ff-b185-4b91f8b3672d	8	62785856	75082431	7487	-0.0022
70276548-ccb5-49ff-b185-4b91f8b3672d	8	75090507	75116671	30	0.4612
70276548-ccb5-49ff-b185-4b91f8b3672d	8	75120727	114622424	23279	0.0021
70276548-ccb5-49ff-b185-4b91f8b3672d	8	114622438	114629502	32	-0.5989
70276548-ccb5-49ff-b185-4b91f8b3672d	8	114638468	140632832	19038	-0.0006
70276548-ccb5-49ff-b185-4b91f8b3672d	8	140638029	142140841	915	0.1158
70276548-ccb5-49ff-b185-4b91f8b3672d	8	142143283	142144522	2	-1.4962
70276548-ccb5-49ff-b185-4b91f8b3672d	8	142152210	142407067	109	0.2129
70276548-ccb5-49ff-b185-4b91f8b3672d	8	142407252	143580513	427	0.0287
70276548-ccb5-49ff-b185-4b91f8b3672d	8	143582129	144200964	184	0.1221
70276548-ccb5-49ff-b185-4b91f8b3672d	8	144203744	144285324	26	0.6303
70276548-ccb5-49ff-b185-4b91f8b3672d	8	144285362	145072769	318	0.1766
70276548-ccb5-49ff-b185-4b91f8b3672d	9	46587	2147099	2311	0.0122
70276548-ccb5-49ff-b185-4b91f8b3672d	9	2148837	2150662	6	-0.9943
70276548-ccb5-49ff-b185-4b91f8b3672d	9	2152115	4635525	2460	0.0098
70276548-ccb5-49ff-b185-4b91f8b3672d	9	4636840	4636900	2	-1.228
70276548-ccb5-49ff-b185-4b91f8b3672d	9	4639853	5078443	452	0.0086
70276548-ccb5-49ff-b185-4b91f8b3672d	9	5079156	5081953	11	-0.6163
70276548-ccb5-49ff-b185-4b91f8b3672d	9	5082995	6501060	957	-0.0108
70276548-ccb5-49ff-b185-4b91f8b3672d	9	6502260	6695986	159	0.1201
70276548-ccb5-49ff-b185-4b91f8b3672d	9	6701145	6708357	7	-0.5047
70276548-ccb5-49ff-b185-4b91f8b3672d	9	6712314	6974900	210	0.1356
70276548-ccb5-49ff-b185-4b91f8b3672d	9	6975319	12019745	4686	-0.0066
70276548-ccb5-49ff-b185-4b91f8b3672d	9	12019818	12172549	108	-0.8933
70276548-ccb5-49ff-b185-4b91f8b3672d	9	12173024	39140350	19719	0.0032
70276548-ccb5-49ff-b185-4b91f8b3672d	9	39146302	39146321	2	-1.5842
70276548-ccb5-49ff-b185-4b91f8b3672d	9	39214987	61405110	233	0.0721
70276548-ccb5-49ff-b185-4b91f8b3672d	9	61520021	61647899	30	-1.1587
70276548-ccb5-49ff-b185-4b91f8b3672d	9	61665362	77153789	6665	0.0022
70276548-ccb5-49ff-b185-4b91f8b3672d	9	77154478	77171212	31	0.759
70276548-ccb5-49ff-b185-4b91f8b3672d	9	77171226	126851417	35227	0.0007
70276548-ccb5-49ff-b185-4b91f8b3672d	9	126854027	126867847	11	0.5852
70276548-ccb5-49ff-b185-4b91f8b3672d	9	126868709	126876638	5	1.1082
70276548-ccb5-49ff-b185-4b91f8b3672d	9	126882360	126907071	14	0.4702
70276548-ccb5-49ff-b185-4b91f8b3672d	9	126907277	135248156	4907	0.013
70276548-ccb5-49ff-b185-4b91f8b3672d	9	135259826	135472087	147	0.1993
70276548-ccb5-49ff-b185-4b91f8b3672d	9	135472543	136191173	308	0.0188
70276548-ccb5-49ff-b185-4b91f8b3672d	9	136197833	136227174	12	0.3967
70276548-ccb5-49ff-b185-4b91f8b3672d	9	136228197	136532614	89	0.0764
70276548-ccb5-49ff-b185-4b91f8b3672d	9	136536903	136537300	3	-0.8638
70276548-ccb5-49ff-b185-4b91f8b3672d	9	136539349	136811224	72	0.031
70276548-ccb5-49ff-b185-4b91f8b3672d	9	136817006	136869464	7	0.4998
70276548-ccb5-49ff-b185-4b91f8b3672d	9	136871168	137333905	93	0.0552
70276548-ccb5-49ff-b185-4b91f8b3672d	9	137334669	137358495	12	0.6773
70276548-ccb5-49ff-b185-4b91f8b3672d	9	137361190	138200944	408	0.0547
70276548-ccb5-49ff-b185-4b91f8b3672d	10	45792	454846	234	0.0724
70276548-ccb5-49ff-b185-4b91f8b3672d	10	460045	496007	30	0.458
70276548-ccb5-49ff-b185-4b91f8b3672d	10	498409	24086334	18896	0.0072
70276548-ccb5-49ff-b185-4b91f8b3672d	10	24088745	24089125	11	1.4622
70276548-ccb5-49ff-b185-4b91f8b3672d	10	24089979	25864119	1240	0.0014
70276548-ccb5-49ff-b185-4b91f8b3672d	10	25864162	25886996	26	0.6175
70276548-ccb5-49ff-b185-4b91f8b3672d	10	25887122	100296406	46730	0.0053
70276548-ccb5-49ff-b185-4b91f8b3672d	10	100296448	100334837	35	0.5386
70276548-ccb5-49ff-b185-4b91f8b3672d	10	100343657	113444969	8610	-0.0021
70276548-ccb5-49ff-b185-4b91f8b3672d	10	113448998	113457106	8	-1.0148
70276548-ccb5-49ff-b185-4b91f8b3672d	10	113459555	117804691	3030	0.0101
70276548-ccb5-49ff-b185-4b91f8b3672d	10	117806027	117806050	2	-1.1761
70276548-ccb5-49ff-b185-4b91f8b3672d	10	117806784	118271562	329	0.0008
70276548-ccb5-49ff-b185-4b91f8b3672d	10	118272440	118272904	2	-1.3038
70276548-ccb5-49ff-b185-4b91f8b3672d	10	118274731	122574497	3411	0.0088
70276548-ccb5-49ff-b185-4b91f8b3672d	10	122584593	122587398	4	-1.2064
70276548-ccb5-49ff-b185-4b91f8b3672d	10	122587462	130990860	6398	0.0057
70276548-ccb5-49ff-b185-4b91f8b3672d	10	130991050	132382467	943	0.0646
70276548-ccb5-49ff-b185-4b91f8b3672d	10	132382993	132725466	147	-0.0127
70276548-ccb5-49ff-b185-4b91f8b3672d	10	132731395	133035228	141	0.2204
70276548-ccb5-49ff-b185-4b91f8b3672d	10	133038543	133654968	258	0.03
70276548-ccb5-49ff-b185-4b91f8b3672d	11	198510	766168	189	0.1447
70276548-ccb5-49ff-b185-4b91f8b3672d	11	766479	5757293	3028	0.0036
70276548-ccb5-49ff-b185-4b91f8b3672d	11	5761695	5766175	9	0.2984
70276548-ccb5-49ff-b185-4b91f8b3672d	11	5766850	5787909	32	-2.3818
70276548-ccb5-49ff-b185-4b91f8b3672d	11	5788108	42940281	26692	-0.0005
70276548-ccb5-49ff-b185-4b91f8b3672d	11	42948034	42949618	6	1.7029
70276548-ccb5-49ff-b185-4b91f8b3672d	11	42955081	44630664	1176	-0.0023
70276548-ccb5-49ff-b185-4b91f8b3672d	11	44631657	44680546	38	0.7215
70276548-ccb5-49ff-b185-4b91f8b3672d	11	44682458	48751110	2128	-0.0032
70276548-ccb5-49ff-b185-4b91f8b3672d	11	48751124	48762166	7	-0.6399
70276548-ccb5-49ff-b185-4b91f8b3672d	11	48769548	49737435	376	0.0592
70276548-ccb5-49ff-b185-4b91f8b3672d	11	49738003	49739136	6	-0.898
70276548-ccb5-49ff-b185-4b91f8b3672d	11	49744609	55608804	730	-0.0203
70276548-ccb5-49ff-b185-4b91f8b3672d	11	55609022	55674842	40	0.7902
70276548-ccb5-49ff-b185-4b91f8b3672d	11	55676735	55677818	4	-0.3446
70276548-ccb5-49ff-b185-4b91f8b3672d	11	55678469	55685533	7	0.8873
70276548-ccb5-49ff-b185-4b91f8b3672d	11	55686100	62251070	3922	0.0003
70276548-ccb5-49ff-b185-4b91f8b3672d	11	62251184	62286215	27	0.5181
70276548-ccb5-49ff-b185-4b91f8b3672d	11	62288216	64786671	1156	0.029
70276548-ccb5-49ff-b185-4b91f8b3672d	11	64790643	65029966	71	0.2334
70276548-ccb5-49ff-b185-4b91f8b3672d	11	65031323	65143630	42	-0.0172
70276548-ccb5-49ff-b185-4b91f8b3672d	11	65145897	65903039	305	0.2102
70276548-ccb5-49ff-b185-4b91f8b3672d	11	65906669	107368040	26784	0.0005
70276548-ccb5-49ff-b185-4b91f8b3672d	11	107368066	107368402	4	-1.043
70276548-ccb5-49ff-b185-4b91f8b3672d	11	107381636	107776206	306	0.0035
70276548-ccb5-49ff-b185-4b91f8b3672d	11	107777591	107800875	18	0.6347
70276548-ccb5-49ff-b185-4b91f8b3672d	11	107801319	134739499	19283	0.0094
70276548-ccb5-49ff-b185-4b91f8b3672d	11	134739663	134739672	2	-2.5903
70276548-ccb5-49ff-b185-4b91f8b3672d	11	134740048	135074876	275	0.078
70276548-ccb5-49ff-b185-4b91f8b3672d	12	51460	1717879	977	0.116
70276548-ccb5-49ff-b185-4b91f8b3672d	12	1718620	9381287	5158	0.0101
70276548-ccb5-49ff-b185-4b91f8b3672d	12	9381549	9477960	25	0.1835
70276548-ccb5-49ff-b185-4b91f8b3672d	12	9481274	9575696	24	0.8993
70276548-ccb5-49ff-b185-4b91f8b3672d	12	9582373	11068125	1035	-0.0025
70276548-ccb5-49ff-b185-4b91f8b3672d	12	11070111	11083616	6	-0.8774
70276548-ccb5-49ff-b185-4b91f8b3672d	12	11084237	11088933	3	-2.4486
70276548-ccb5-49ff-b185-4b91f8b3672d	12	11099275	114853997	64880	0.001
70276548-ccb5-49ff-b185-4b91f8b3672d	12	114854133	114890645	23	0.6699
70276548-ccb5-49ff-b185-4b91f8b3672d	12	114895335	115795205	876	0.0129
70276548-ccb5-49ff-b185-4b91f8b3672d	12	115798607	115811478	36	0.3035
70276548-ccb5-49ff-b185-4b91f8b3672d	12	115811521	119892351	2856	0.0019
70276548-ccb5-49ff-b185-4b91f8b3672d	12	119894128	119942498	25	0.4724
70276548-ccb5-49ff-b185-4b91f8b3672d	12	119943188	128304239	5317	0.006
70276548-ccb5-49ff-b185-4b91f8b3672d	12	128304796	128304830	2	-1.4955
70276548-ccb5-49ff-b185-4b91f8b3672d	12	128308072	128744341	408	-0.0044
70276548-ccb5-49ff-b185-4b91f8b3672d	12	128745968	128748000	7	-1.4243
70276548-ccb5-49ff-b185-4b91f8b3672d	12	128749443	129807155	1001	-0.0105
70276548-ccb5-49ff-b185-4b91f8b3672d	12	129807401	129850426	23	0.6177
70276548-ccb5-49ff-b185-4b91f8b3672d	12	129850703	133201603	2033	0.0536
70276548-ccb5-49ff-b185-4b91f8b3672d	13	18452809	24559220	4085	0.0081
70276548-ccb5-49ff-b185-4b91f8b3672d	13	24561767	24725970	117	0.1706
70276548-ccb5-49ff-b185-4b91f8b3672d	13	24727407	33156138	6248	0.0046
70276548-ccb5-49ff-b185-4b91f8b3672d	13	33157097	33183327	29	0.5018
70276548-ccb5-49ff-b185-4b91f8b3672d	13	33183948	37496233	2967	0.0052
70276548-ccb5-49ff-b185-4b91f8b3672d	13	37496998	37510620	17	0.8858
70276548-ccb5-49ff-b185-4b91f8b3672d	13	37514193	63714658	16364	0.0032
70276548-ccb5-49ff-b185-4b91f8b3672d	13	63715183	63831189	60	0.5462
70276548-ccb5-49ff-b185-4b91f8b3672d	13	63845058	71903417	5086	-0.0006
70276548-ccb5-49ff-b185-4b91f8b3672d	13	71905409	71906311	2	-1.8165
70276548-ccb5-49ff-b185-4b91f8b3672d	13	71906418	74353861	1848	0.0145
70276548-ccb5-49ff-b185-4b91f8b3672d	13	74354918	74357704	2	-2.063
70276548-ccb5-49ff-b185-4b91f8b3672d	13	74358054	100032178	16566	-0.0007
70276548-ccb5-49ff-b185-4b91f8b3672d	13	100033332	100088583	19	0.5879
70276548-ccb5-49ff-b185-4b91f8b3672d	13	100093289	102112295	1514	0.0017
70276548-ccb5-49ff-b185-4b91f8b3672d	13	102113043	102196499	81	0.2063
70276548-ccb5-49ff-b185-4b91f8b3672d	13	102196735	112859368	8336	0.0005
70276548-ccb5-49ff-b185-4b91f8b3672d	13	112860360	114096020	545	0.0894
70276548-ccb5-49ff-b185-4b91f8b3672d	13	114096463	114342922	113	0.0109
70276548-ccb5-49ff-b185-4b91f8b3672d	14	18239283	18661510	19	0.0556
70276548-ccb5-49ff-b185-4b91f8b3672d	14	18662134	18950560	7	0.9019
70276548-ccb5-49ff-b185-4b91f8b3672d	14	18976793	19675350	37	0.0507
70276548-ccb5-49ff-b185-4b91f8b3672d	14	19689684	19957701	107	-0.2817
70276548-ccb5-49ff-b185-4b91f8b3672d	14	19957752	19967227	15	0.0459
70276548-ccb5-49ff-b185-4b91f8b3672d	14	19988055	20022453	25	0.3657
70276548-ccb5-49ff-b185-4b91f8b3672d	14	20023874	20482024	335	-0.0207
70276548-ccb5-49ff-b185-4b91f8b3672d	14	20482102	20525085	45	0.3109
70276548-ccb5-49ff-b185-4b91f8b3672d	14	20525104	21928444	938	0.026
70276548-ccb5-49ff-b185-4b91f8b3672d	14	21928968	22610824	585	0.0972
70276548-ccb5-49ff-b185-4b91f8b3672d	14	22613020	22651420	33	0.4452
70276548-ccb5-49ff-b185-4b91f8b3672d	14	22651807	22770303	66	0.0995
70276548-ccb5-49ff-b185-4b91f8b3672d	14	22770671	34527508	7500	0.0006
70276548-ccb5-49ff-b185-4b91f8b3672d	14	34548002	34568006	12	0.7246
70276548-ccb5-49ff-b185-4b91f8b3672d	14	34568491	43946887	5674	-0.0004
70276548-ccb5-49ff-b185-4b91f8b3672d	14	43947002	44019000	66	0.3081
70276548-ccb5-49ff-b185-4b91f8b3672d	14	44019125	47227057	1811	0.0086
70276548-ccb5-49ff-b185-4b91f8b3672d	14	47238133	47247780	8	-0.9441
70276548-ccb5-49ff-b185-4b91f8b3672d	14	47248244	69997659	14554	0.0016
70276548-ccb5-49ff-b185-4b91f8b3672d	14	69997986	69998049	2	-1.8807
70276548-ccb5-49ff-b185-4b91f8b3672d	14	69998985	73529070	2345	0.0052
70276548-ccb5-49ff-b185-4b91f8b3672d	14	73534419	73554275	9	1.0402
70276548-ccb5-49ff-b185-4b91f8b3672d	14	73563196	77219014	2273	0.0014
70276548-ccb5-49ff-b185-4b91f8b3672d	14	77219192	77219960	2	-1.6561
70276548-ccb5-49ff-b185-4b91f8b3672d	14	77224697	105632998	18345	0.0028
70276548-ccb5-49ff-b185-4b91f8b3672d	14	105636696	105701150	9	-1.0457
70276548-ccb5-49ff-b185-4b91f8b3672d	14	105728140	106117964	116	0.0893
70276548-ccb5-49ff-b185-4b91f8b3672d	14	106120996	106346129	101	-0.7254
70276548-ccb5-49ff-b185-4b91f8b3672d	14	106360014	106877229	274	0.1119
70276548-ccb5-49ff-b185-4b91f8b3672d	15	19811075	20001686	45	0.028
70276548-ccb5-49ff-b185-4b91f8b3672d	15	20011702	20373168	43	0.4987
70276548-ccb5-49ff-b185-4b91f8b3672d	15	20376198	20376311	7	-0.4674
70276548-ccb5-49ff-b185-4b91f8b3672d	15	20380735	22584747	120	0.4901
70276548-ccb5-49ff-b185-4b91f8b3672d	15	22590285	101928837	51250	0.0064
70276548-ccb5-49ff-b185-4b91f8b3672d	16	10777	1511767	484	0.1833
70276548-ccb5-49ff-b185-4b91f8b3672d	16	1514822	14653245	10578	0.0143
70276548-ccb5-49ff-b185-4b91f8b3672d	16	14657199	16461996	672	0.1587
70276548-ccb5-49ff-b185-4b91f8b3672d	16	16474027	19930646	1706	0.0219
70276548-ccb5-49ff-b185-4b91f8b3672d	16	19931704	19954553	31	-0.6486
70276548-ccb5-49ff-b185-4b91f8b3672d	16	19956040	20801179	586	0.0062
70276548-ccb5-49ff-b185-4b91f8b3672d	16	20803462	20849575	27	0.3033
70276548-ccb5-49ff-b185-4b91f8b3672d	16	20849750	21325480	261	-0.0083
70276548-ccb5-49ff-b185-4b91f8b3672d	16	21328723	22836662	594	0.1222
70276548-ccb5-49ff-b185-4b91f8b3672d	16	22838344	28826752	3935	-0.0012
70276548-ccb5-49ff-b185-4b91f8b3672d	16	28827845	29032129	66	0.2222
70276548-ccb5-49ff-b185-4b91f8b3672d	16	29032554	29568713	120	0.006
70276548-ccb5-49ff-b185-4b91f8b3672d	16	29569793	30522479	269	0.1946
70276548-ccb5-49ff-b185-4b91f8b3672d	16	30527776	55762682	7562	-0.0006
70276548-ccb5-49ff-b185-4b91f8b3672d	16	55764310	55764867	3	2.5826
70276548-ccb5-49ff-b185-4b91f8b3672d	16	55770436	84172779	20735	0.0062
70276548-ccb5-49ff-b185-4b91f8b3672d	16	84177859	84886473	682	0.1106
70276548-ccb5-49ff-b185-4b91f8b3672d	16	84892020	86982302	1915	0.0244
70276548-ccb5-49ff-b185-4b91f8b3672d	16	86983022	87017029	23	0.3885
70276548-ccb5-49ff-b185-4b91f8b3672d	16	87017042	88579725	871	0.0103
70276548-ccb5-49ff-b185-4b91f8b3672d	16	88580238	89612644	438	0.2053
70276548-ccb5-49ff-b185-4b91f8b3672d	16	89617393	89654501	12	0.6792
70276548-ccb5-49ff-b185-4b91f8b3672d	16	89660076	90096867	204	0.1626
70276548-ccb5-49ff-b185-4b91f8b3672d	17	150733	1276729	559	0.1322
70276548-ccb5-49ff-b185-4b91f8b3672d	17	1277363	18455632	10815	0.0119
70276548-ccb5-49ff-b185-4b91f8b3672d	17	18455635	18561907	25	0.4735
70276548-ccb5-49ff-b185-4b91f8b3672d	17	18565883	19994311	612	0.0231
70276548-ccb5-49ff-b185-4b91f8b3672d	17	19999720	20104006	53	0.327
70276548-ccb5-49ff-b185-4b91f8b3672d	17	20106094	36119525	6158	0.0129
70276548-ccb5-49ff-b185-4b91f8b3672d	17	36119737	36208249	31	0.6868
70276548-ccb5-49ff-b185-4b91f8b3672d	17	36460442	41265456	2520	0.0251
70276548-ccb5-49ff-b185-4b91f8b3672d	17	41266762	41274198	23	0.6364
70276548-ccb5-49ff-b185-4b91f8b3672d	17	41274279	46085732	2499	0.0266
70276548-ccb5-49ff-b185-4b91f8b3672d	17	46088437	46569894	129	0.3772
70276548-ccb5-49ff-b185-4b91f8b3672d	17	46571001	73860625	16816	0.0026
70276548-ccb5-49ff-b185-4b91f8b3672d	17	73867346	74486881	380	0.1283
70276548-ccb5-49ff-b185-4b91f8b3672d	17	74487632	77299060	1440	0.0251
70276548-ccb5-49ff-b185-4b91f8b3672d	17	77301858	77347009	27	0.1615
70276548-ccb5-49ff-b185-4b91f8b3672d	17	77349524	77371402	26	0.5719
70276548-ccb5-49ff-b185-4b91f8b3672d	17	77371564	78285287	529	0.029
70276548-ccb5-49ff-b185-4b91f8b3672d	17	78286051	78286887	2	1.455
70276548-ccb5-49ff-b185-4b91f8b3672d	17	78290662	78406024	58	0.1024
70276548-ccb5-49ff-b185-4b91f8b3672d	17	78406441	78453175	26	0.5602
70276548-ccb5-49ff-b185-4b91f8b3672d	17	78453396	80636836	1267	0.0383
70276548-ccb5-49ff-b185-4b91f8b3672d	17	80637868	80695448	37	0.3489
70276548-ccb5-49ff-b185-4b91f8b3672d	17	80696528	83091923	927	0.0693
70276548-ccb5-49ff-b185-4b91f8b3672d	18	48133	458383	291	0.0469
70276548-ccb5-49ff-b185-4b91f8b3672d	18	458505	866161	320	0.1758
70276548-ccb5-49ff-b185-4b91f8b3672d	18	868075	49563584	28039	0.0032
70276548-ccb5-49ff-b185-4b91f8b3672d	18	49564514	49594946	31	0.7354
70276548-ccb5-49ff-b185-4b91f8b3672d	18	49601955	53740491	3054	-0.0026
70276548-ccb5-49ff-b185-4b91f8b3672d	18	53740727	53741022	6	1.3655
70276548-ccb5-49ff-b185-4b91f8b3672d	18	53741814	78352252	17867	0.0018
70276548-ccb5-49ff-b185-4b91f8b3672d	18	78358438	78358464	2	-1.5118
70276548-ccb5-49ff-b185-4b91f8b3672d	18	78358638	79372793	643	-0.0063
70276548-ccb5-49ff-b185-4b91f8b3672d	18	79373147	80058479	303	0.1663
70276548-ccb5-49ff-b185-4b91f8b3672d	18	80061248	80257174	113	0.0647
70276548-ccb5-49ff-b185-4b91f8b3672d	19	90910	24185732	11086	0.0255
70276548-ccb5-49ff-b185-4b91f8b3672d	19	24187286	27257085	60	-0.3509
70276548-ccb5-49ff-b185-4b91f8b3672d	19	27260767	39217933	7473	0.0049
70276548-ccb5-49ff-b185-4b91f8b3672d	19	39220195	39251987	15	0.627
70276548-ccb5-49ff-b185-4b91f8b3672d	19	39252450	51639099	6099	0.015
70276548-ccb5-49ff-b185-4b91f8b3672d	19	51639362	51644944	10	-0.6787
70276548-ccb5-49ff-b185-4b91f8b3672d	19	51651652	53597044	1386	0.0383
70276548-ccb5-49ff-b185-4b91f8b3672d	19	53598477	53818748	154	0.2529
70276548-ccb5-49ff-b185-4b91f8b3672d	19	53831125	54390781	266	0.0343
70276548-ccb5-49ff-b185-4b91f8b3672d	19	54397776	54434666	15	0.6188
70276548-ccb5-49ff-b185-4b91f8b3672d	19	54437283	54801157	207	0.0069
70276548-ccb5-49ff-b185-4b91f8b3672d	19	54801545	54802362	2	-1.9169
70276548-ccb5-49ff-b185-4b91f8b3672d	19	54802832	54867244	34	0.2473
70276548-ccb5-49ff-b185-4b91f8b3672d	19	54868000	55682641	370	0.0354
70276548-ccb5-49ff-b185-4b91f8b3672d	19	55687738	55731006	31	0.3677
70276548-ccb5-49ff-b185-4b91f8b3672d	19	55731073	55766684	27	0.0138
70276548-ccb5-49ff-b185-4b91f8b3672d	19	55770704	55771701	5	0.7269
70276548-ccb5-49ff-b185-4b91f8b3672d	19	55774927	55981866	208	-0.006
70276548-ccb5-49ff-b185-4b91f8b3672d	19	55983081	55992324	12	0.4321
70276548-ccb5-49ff-b185-4b91f8b3672d	19	55994810	58377835	1519	0.0115
70276548-ccb5-49ff-b185-4b91f8b3672d	19	58379768	58586487	96	0.2112
70276548-ccb5-49ff-b185-4b91f8b3672d	20	80664	236170	116	-0.0243
70276548-ccb5-49ff-b185-4b91f8b3672d	20	236433	423763	128	0.1922
70276548-ccb5-49ff-b185-4b91f8b3672d	20	423956	1590140	970	0.0232
70276548-ccb5-49ff-b185-4b91f8b3672d	20	1590158	1609809	26	-0.3345
70276548-ccb5-49ff-b185-4b91f8b3672d	20	1609888	1613247	3	-1.771
70276548-ccb5-49ff-b185-4b91f8b3672d	20	1617300	7412092	4321	0.0176
70276548-ccb5-49ff-b185-4b91f8b3672d	20	7420339	7426090	2	-2.6426
70276548-ccb5-49ff-b185-4b91f8b3672d	20	7426261	24059471	13109	-0.0001
70276548-ccb5-49ff-b185-4b91f8b3672d	20	24064831	24065596	2	-1.8966
70276548-ccb5-49ff-b185-4b91f8b3672d	20	24066199	30206919	1304	0.0127
70276548-ccb5-49ff-b185-4b91f8b3672d	20	30208745	30214279	2	-1.8953
70276548-ccb5-49ff-b185-4b91f8b3672d	20	30219666	63595400	22018	0.0047
70276548-ccb5-49ff-b185-4b91f8b3672d	20	63598636	64202107	244	0.224
70276548-ccb5-49ff-b185-4b91f8b3672d	20	64206133	64324800	62	0.0839
70276548-ccb5-49ff-b185-4b91f8b3672d	21	10354168	10420775	9	-0.0308
70276548-ccb5-49ff-b185-4b91f8b3672d	21	10420974	10541081	25	-0.4941
70276548-ccb5-49ff-b185-4b91f8b3672d	21	10544664	13583316	235	0.0158
70276548-ccb5-49ff-b185-4b91f8b3672d	21	13612103	13677975	4	-1.0401
70276548-ccb5-49ff-b185-4b91f8b3672d	21	13803967	39566002	18818	-0.0003
70276548-ccb5-49ff-b185-4b91f8b3672d	21	39566104	39625432	53	0.3784
70276548-ccb5-49ff-b185-4b91f8b3672d	21	39625738	44390788	3350	0.0035
70276548-ccb5-49ff-b185-4b91f8b3672d	21	44390869	44447588	13	0.541
70276548-ccb5-49ff-b185-4b91f8b3672d	21	44448356	46677045	1312	0.0521
70276548-ccb5-49ff-b185-4b91f8b3672d	22	15294547	15474116	8	0.4005
70276548-ccb5-49ff-b185-4b91f8b3672d	22	15479574	18141598	1099	0.0211
70276548-ccb5-49ff-b185-4b91f8b3672d	22	18142004	21741482	1692	0.1395
70276548-ccb5-49ff-b185-4b91f8b3672d	22	21742513	23929558	1577	0.0643
70276548-ccb5-49ff-b185-4b91f8b3672d	22	23940911	23995755	20	0.627
70276548-ccb5-49ff-b185-4b91f8b3672d	22	24002228	24312354	171	-0.0316
70276548-ccb5-49ff-b185-4b91f8b3672d	22	24312999	25011938	434	0.0748
70276548-ccb5-49ff-b185-4b91f8b3672d	22	25019167	25304934	224	-0.0253
70276548-ccb5-49ff-b185-4b91f8b3672d	22	25305524	25518364	266	0.1414
70276548-ccb5-49ff-b185-4b91f8b3672d	22	25519689	41918409	11322	0.0109
70276548-ccb5-49ff-b185-4b91f8b3672d	22	41921107	41969069	27	0.6608
70276548-ccb5-49ff-b185-4b91f8b3672d	22	41971180	49001662	5266	0.0179
70276548-ccb5-49ff-b185-4b91f8b3672d	22	49002195	50528603	987	0.1334
70276548-ccb5-49ff-b185-4b91f8b3672d	22	50534679	50534687	5	-2.6481
70276548-ccb5-49ff-b185-4b91f8b3672d	22	50535325	50796027	143	0.2008
70276548-ccb5-49ff-b185-4b91f8b3672d	X	251810	5779660	2318	0.039
70276548-ccb5-49ff-b185-4b91f8b3672d	X	5781049	5781353	2	-5.4931
70276548-ccb5-49ff-b185-4b91f8b3672d	X	5783136	145583952	74880	0.0123
70276548-ccb5-49ff-b185-4b91f8b3672d	X	145584090	145584295	2	-4.5514
70276548-ccb5-49ff-b185-4b91f8b3672d	X	145584556	150186340	3082	0.0018
70276548-ccb5-49ff-b185-4b91f8b3672d	X	150186692	150186766	2	-3.9344
70276548-ccb5-49ff-b185-4b91f8b3672d	X	150188645	155952689	2978	0.0241
70276548-ccb5-49ff-b185-4b91f8b3672d	Y	2782397	21961640	6340	-0.937
70276548-ccb5-49ff-b185-4b91f8b3672d	Y	22159306	22197200	5	-2.2843
70276548-ccb5-49ff-b185-4b91f8b3672d	Y	22213784	22913244	93	-0.8926
70276548-ccb5-49ff-b185-4b91f8b3672d	Y	23013519	23029591	3	-2.3648
70276548-ccb5-49ff-b185-4b91f8b3672d	Y	23045484	56872112	198	-0.8974
