GDC_Aliquot	Chromosome	Start	End	Num_Probes	Segment_Mean
71b0e121-a5ad-4b9a-8003-417c8fe715f7	1	62920	1715891	213	0.0415
71b0e121-a5ad-4b9a-8003-417c8fe715f7	1	1716055	1741164	12	-0.8643
71b0e121-a5ad-4b9a-8003-417c8fe715f7	1	1756148	8035647	3751	0.0337
71b0e121-a5ad-4b9a-8003-417c8fe715f7	1	8036148	12370544	2260	-0.0215
71b0e121-a5ad-4b9a-8003-417c8fe715f7	1	12371149	15035860	1564	0.0445
71b0e121-a5ad-4b9a-8003-417c8fe715f7	1	15036048	15039744	2	1.3613
71b0e121-a5ad-4b9a-8003-417c8fe715f7	1	15040194	15823420	505	0.0143
71b0e121-a5ad-4b9a-8003-417c8fe715f7	1	15827002	15827430	6	-2.3792
71b0e121-a5ad-4b9a-8003-417c8fe715f7	1	15827706	16721984	344	0.0191
71b0e121-a5ad-4b9a-8003-417c8fe715f7	1	16766762	16784801	9	-0.7753
71b0e121-a5ad-4b9a-8003-417c8fe715f7	1	16785064	16935393	58	0.0844
71b0e121-a5ad-4b9a-8003-417c8fe715f7	1	16935737	30793010	8051	-0.3008
71b0e121-a5ad-4b9a-8003-417c8fe715f7	1	30794326	54760173	13231	0.0267
71b0e121-a5ad-4b9a-8003-417c8fe715f7	1	54761907	61647430	5295	0.0668
71b0e121-a5ad-4b9a-8003-417c8fe715f7	1	61648334	61654306	6	-1.0996
71b0e121-a5ad-4b9a-8003-417c8fe715f7	1	61654892	72302735	7256	0.0359
71b0e121-a5ad-4b9a-8003-417c8fe715f7	1	72302815	72345465	47	1.3831
71b0e121-a5ad-4b9a-8003-417c8fe715f7	1	72346221	91788454	12700	0.0511
71b0e121-a5ad-4b9a-8003-417c8fe715f7	1	91791069	103560166	7207	-0.0375
71b0e121-a5ad-4b9a-8003-417c8fe715f7	1	103560435	103760781	36	0.5857
71b0e121-a5ad-4b9a-8003-417c8fe715f7	1	103760879	108665524	3040	-0.0263
71b0e121-a5ad-4b9a-8003-417c8fe715f7	1	108673894	109028555	222	0.2597
71b0e121-a5ad-4b9a-8003-417c8fe715f7	1	109031904	109684695	291	-0.0792
71b0e121-a5ad-4b9a-8003-417c8fe715f7	1	109684893	109697556	13	-0.6545
71b0e121-a5ad-4b9a-8003-417c8fe715f7	1	109702376	112147589	1932	-0.0449
71b0e121-a5ad-4b9a-8003-417c8fe715f7	1	112147626	112154552	21	0.6237
71b0e121-a5ad-4b9a-8003-417c8fe715f7	1	112154566	119084502	4354	-0.039
71b0e121-a5ad-4b9a-8003-417c8fe715f7	1	119084604	121426988	708	0.0616
71b0e121-a5ad-4b9a-8003-417c8fe715f7	1	121430469	121601998	74	0.7394
71b0e121-a5ad-4b9a-8003-417c8fe715f7	1	121705338	143541857	4	-0.234
71b0e121-a5ad-4b9a-8003-417c8fe715f7	1	143545399	143890323	118	-0.9917
71b0e121-a5ad-4b9a-8003-417c8fe715f7	1	143893019	152583051	2304	0.0065
71b0e121-a5ad-4b9a-8003-417c8fe715f7	1	152583230	152614100	34	-1.7945
71b0e121-a5ad-4b9a-8003-417c8fe715f7	1	152614118	152787202	167	0.0815
71b0e121-a5ad-4b9a-8003-417c8fe715f7	1	152789447	152796224	37	-0.442
71b0e121-a5ad-4b9a-8003-417c8fe715f7	1	152801429	153381871	462	0.0834
71b0e121-a5ad-4b9a-8003-417c8fe715f7	1	153382346	155184594	867	-0.0081
71b0e121-a5ad-4b9a-8003-417c8fe715f7	1	155205866	155261512	24	0.4118
71b0e121-a5ad-4b9a-8003-417c8fe715f7	1	155262283	157332303	1003	-0.0009
71b0e121-a5ad-4b9a-8003-417c8fe715f7	1	157334365	159517081	1613	0.061
71b0e121-a5ad-4b9a-8003-417c8fe715f7	1	159518282	161425765	1214	0.0035
71b0e121-a5ad-4b9a-8003-417c8fe715f7	1	161426316	164426058	2196	0.0831
71b0e121-a5ad-4b9a-8003-417c8fe715f7	1	164426144	164430445	2	-1.6329
71b0e121-a5ad-4b9a-8003-417c8fe715f7	1	164430946	166772052	1964	0.0818
71b0e121-a5ad-4b9a-8003-417c8fe715f7	1	166775078	175485920	5832	0.0446
71b0e121-a5ad-4b9a-8003-417c8fe715f7	1	175487417	177999481	1653	0.0849
71b0e121-a5ad-4b9a-8003-417c8fe715f7	1	177999924	178109108	74	0.3902
71b0e121-a5ad-4b9a-8003-417c8fe715f7	1	178109221	193186662	10006	0.0406
71b0e121-a5ad-4b9a-8003-417c8fe715f7	1	193187149	193187202	3	-1.4041
71b0e121-a5ad-4b9a-8003-417c8fe715f7	1	193187218	199142393	3811	0.0537
71b0e121-a5ad-4b9a-8003-417c8fe715f7	1	199142562	199144712	6	-1.2606
71b0e121-a5ad-4b9a-8003-417c8fe715f7	1	199145110	202598425	2294	0.0144
71b0e121-a5ad-4b9a-8003-417c8fe715f7	1	202598585	202598658	2	-1.2899
71b0e121-a5ad-4b9a-8003-417c8fe715f7	1	202599414	205222539	1878	0.0155
71b0e121-a5ad-4b9a-8003-417c8fe715f7	1	205235128	205468772	142	0.3624
71b0e121-a5ad-4b9a-8003-417c8fe715f7	1	205469786	248930189	29943	0.0465
71b0e121-a5ad-4b9a-8003-417c8fe715f7	2	12784	295136	179	0.4923
71b0e121-a5ad-4b9a-8003-417c8fe715f7	2	295255	296852	4	-0.8071
71b0e121-a5ad-4b9a-8003-417c8fe715f7	2	300879	4155597	2794	0.4125
71b0e121-a5ad-4b9a-8003-417c8fe715f7	2	4155990	4175577	38	-0.3578
71b0e121-a5ad-4b9a-8003-417c8fe715f7	2	4175922	5991327	1505	0.3839
71b0e121-a5ad-4b9a-8003-417c8fe715f7	2	5991808	5991996	2	-0.9964
71b0e121-a5ad-4b9a-8003-417c8fe715f7	2	5992198	9025856	2500	0.3965
71b0e121-a5ad-4b9a-8003-417c8fe715f7	2	9034251	11432589	1660	0.3284
71b0e121-a5ad-4b9a-8003-417c8fe715f7	2	11432689	23900863	8943	0.3789
71b0e121-a5ad-4b9a-8003-417c8fe715f7	2	23901109	32688540	4982	0.3395
71b0e121-a5ad-4b9a-8003-417c8fe715f7	2	32690302	34466002	1370	0.3865
71b0e121-a5ad-4b9a-8003-417c8fe715f7	2	34474248	34512096	47	-0.1687
71b0e121-a5ad-4b9a-8003-417c8fe715f7	2	34512489	38549579	3070	0.3814
71b0e121-a5ad-4b9a-8003-417c8fe715f7	2	38551960	38727353	92	0.634
71b0e121-a5ad-4b9a-8003-417c8fe715f7	2	38728724	38741355	7	0.3398
71b0e121-a5ad-4b9a-8003-417c8fe715f7	2	38745139	38764223	13	-0.0566
71b0e121-a5ad-4b9a-8003-417c8fe715f7	2	38764814	39190698	220	0.3175
71b0e121-a5ad-4b9a-8003-417c8fe715f7	2	39190816	42001571	2245	0.3968
71b0e121-a5ad-4b9a-8003-417c8fe715f7	2	42001664	43145980	750	0.3176
71b0e121-a5ad-4b9a-8003-417c8fe715f7	2	43150241	43157125	7	-0.4699
71b0e121-a5ad-4b9a-8003-417c8fe715f7	2	43157902	50604596	5234	0.3645
71b0e121-a5ad-4b9a-8003-417c8fe715f7	2	50610356	51161728	394	0.4623
71b0e121-a5ad-4b9a-8003-417c8fe715f7	2	51162105	52531977	934	0.3877
71b0e121-a5ad-4b9a-8003-417c8fe715f7	2	52537070	52554137	16	-0.2503
71b0e121-a5ad-4b9a-8003-417c8fe715f7	2	52554157	60702964	5719	0.3732
71b0e121-a5ad-4b9a-8003-417c8fe715f7	2	60704735	62418125	805	0.3012
71b0e121-a5ad-4b9a-8003-417c8fe715f7	2	62419874	69151524	4431	0.365
71b0e121-a5ad-4b9a-8003-417c8fe715f7	2	69153142	74691565	3086	0.3307
71b0e121-a5ad-4b9a-8003-417c8fe715f7	2	74691660	97535071	9721	0.3702
71b0e121-a5ad-4b9a-8003-417c8fe715f7	2	97537802	97545247	4	-1.2295
71b0e121-a5ad-4b9a-8003-417c8fe715f7	2	97545726	100423494	1619	0.3592
71b0e121-a5ad-4b9a-8003-417c8fe715f7	2	100425836	100827343	302	0.6146
71b0e121-a5ad-4b9a-8003-417c8fe715f7	2	100828048	106266773	3628	0.3757
71b0e121-a5ad-4b9a-8003-417c8fe715f7	2	106266875	106268901	7	1.294
71b0e121-a5ad-4b9a-8003-417c8fe715f7	2	106270799	113569606	3771	0.3663
71b0e121-a5ad-4b9a-8003-417c8fe715f7	2	113574198	113648819	12	-0.2422
71b0e121-a5ad-4b9a-8003-417c8fe715f7	2	113662808	127085913	8526	0.3827
71b0e121-a5ad-4b9a-8003-417c8fe715f7	2	127091296	127100187	5	-0.8935
71b0e121-a5ad-4b9a-8003-417c8fe715f7	2	127100370	159102108	19186	0.3633
71b0e121-a5ad-4b9a-8003-417c8fe715f7	2	159103831	159104461	2	-2.2555
71b0e121-a5ad-4b9a-8003-417c8fe715f7	2	159106775	207486030	29051	0.3593
71b0e121-a5ad-4b9a-8003-417c8fe715f7	2	207490188	207494612	18	-0.5703
71b0e121-a5ad-4b9a-8003-417c8fe715f7	2	207494752	212302239	3012	0.3633
71b0e121-a5ad-4b9a-8003-417c8fe715f7	2	212302673	212328374	55	0.598
71b0e121-a5ad-4b9a-8003-417c8fe715f7	2	212328396	217817651	3681	0.3564
71b0e121-a5ad-4b9a-8003-417c8fe715f7	2	217818048	219732888	957	0.2906
71b0e121-a5ad-4b9a-8003-417c8fe715f7	2	219737117	229869491	6801	0.3571
71b0e121-a5ad-4b9a-8003-417c8fe715f7	2	229874493	233536332	1999	0.3105
71b0e121-a5ad-4b9a-8003-417c8fe715f7	2	233537184	241576690	5325	0.3719
71b0e121-a5ad-4b9a-8003-417c8fe715f7	2	241576877	241793671	28	-0.0152
71b0e121-a5ad-4b9a-8003-417c8fe715f7	2	241793708	242147305	137	0.4635
71b0e121-a5ad-4b9a-8003-417c8fe715f7	3	20930	1648970	1448	-0.3956
71b0e121-a5ad-4b9a-8003-417c8fe715f7	3	1649380	1670498	15	-1.0704
71b0e121-a5ad-4b9a-8003-417c8fe715f7	3	1675327	6993491	4630	-0.4028
71b0e121-a5ad-4b9a-8003-417c8fe715f7	3	6994278	6994569	2	-2.7918
71b0e121-a5ad-4b9a-8003-417c8fe715f7	3	6995260	12650089	4325	-0.4221
71b0e121-a5ad-4b9a-8003-417c8fe715f7	3	12650515	14006673	923	-0.5025
71b0e121-a5ad-4b9a-8003-417c8fe715f7	3	14006894	16197556	1446	-0.4329
71b0e121-a5ad-4b9a-8003-417c8fe715f7	3	16199049	16199672	6	-2.0374
71b0e121-a5ad-4b9a-8003-417c8fe715f7	3	16199818	24945776	5710	-0.405
71b0e121-a5ad-4b9a-8003-417c8fe715f7	3	24947447	24949139	2	-3.6399
71b0e121-a5ad-4b9a-8003-417c8fe715f7	3	24950202	26560273	1345	-0.3872
71b0e121-a5ad-4b9a-8003-417c8fe715f7	3	26570006	26570394	7	-1.8103
71b0e121-a5ad-4b9a-8003-417c8fe715f7	3	26570407	60794907	21356	-0.422
71b0e121-a5ad-4b9a-8003-417c8fe715f7	3	60795013	60795294	3	-3.1236
71b0e121-a5ad-4b9a-8003-417c8fe715f7	3	60798502	68697013	6179	-0.4008
71b0e121-a5ad-4b9a-8003-417c8fe715f7	3	68697108	68698262	14	-1.4467
71b0e121-a5ad-4b9a-8003-417c8fe715f7	3	68699607	85573697	10404	-0.405
71b0e121-a5ad-4b9a-8003-417c8fe715f7	3	85575623	85575869	2	-2.5076
71b0e121-a5ad-4b9a-8003-417c8fe715f7	3	85579698	113384897	13981	-0.3964
71b0e121-a5ad-4b9a-8003-417c8fe715f7	3	113385568	113385597	2	-2.3468
71b0e121-a5ad-4b9a-8003-417c8fe715f7	3	113392749	117224163	2459	-0.4007
71b0e121-a5ad-4b9a-8003-417c8fe715f7	3	117226233	117696017	337	-0.8287
71b0e121-a5ad-4b9a-8003-417c8fe715f7	3	117701570	130041779	7223	-0.4303
71b0e121-a5ad-4b9a-8003-417c8fe715f7	3	130044016	130087393	39	0.2413
71b0e121-a5ad-4b9a-8003-417c8fe715f7	3	130088081	150610845	12657	-0.4039
71b0e121-a5ad-4b9a-8003-417c8fe715f7	3	150613774	150614224	4	-2.5861
71b0e121-a5ad-4b9a-8003-417c8fe715f7	3	150616975	162405578	7186	-0.4008
71b0e121-a5ad-4b9a-8003-417c8fe715f7	3	162419812	162424917	14	-2.1942
71b0e121-a5ad-4b9a-8003-417c8fe715f7	3	162426460	162794951	259	-0.3859
71b0e121-a5ad-4b9a-8003-417c8fe715f7	3	162795304	162908207	68	0.3747
71b0e121-a5ad-4b9a-8003-417c8fe715f7	3	162908784	183239859	12252	-0.397
71b0e121-a5ad-4b9a-8003-417c8fe715f7	3	183240208	184456163	636	-0.5287
71b0e121-a5ad-4b9a-8003-417c8fe715f7	3	184460486	193160113	6134	-0.3974
71b0e121-a5ad-4b9a-8003-417c8fe715f7	3	193160173	193165114	19	-1.5353
71b0e121-a5ad-4b9a-8003-417c8fe715f7	3	193168646	195559056	1467	-0.41
71b0e121-a5ad-4b9a-8003-417c8fe715f7	3	195656271	195737444	39	-0.9462
71b0e121-a5ad-4b9a-8003-417c8fe715f7	3	195737636	198169247	1161	-0.4282
71b0e121-a5ad-4b9a-8003-417c8fe715f7	4	68929	5164024	2423	0.0318
71b0e121-a5ad-4b9a-8003-417c8fe715f7	4	5164348	5177975	7	-1.2632
71b0e121-a5ad-4b9a-8003-417c8fe715f7	4	5179462	10208766	3246	0.0475
71b0e121-a5ad-4b9a-8003-417c8fe715f7	4	10221792	10229874	28	1.9941
71b0e121-a5ad-4b9a-8003-417c8fe715f7	4	10232590	34777340	16890	0.0598
71b0e121-a5ad-4b9a-8003-417c8fe715f7	4	34777353	34828250	44	0.5382
71b0e121-a5ad-4b9a-8003-417c8fe715f7	4	34828291	54631719	10765	0.039
71b0e121-a5ad-4b9a-8003-417c8fe715f7	4	54635559	54639766	5	-1.7314
71b0e121-a5ad-4b9a-8003-417c8fe715f7	4	54641439	63281375	5399	0.0513
71b0e121-a5ad-4b9a-8003-417c8fe715f7	4	63285942	63286195	2	-1.9643
71b0e121-a5ad-4b9a-8003-417c8fe715f7	4	63288849	63840033	326	0.0811
71b0e121-a5ad-4b9a-8003-417c8fe715f7	4	63841863	63842540	8	0.8779
71b0e121-a5ad-4b9a-8003-417c8fe715f7	4	63850713	65735436	1208	0.0581
71b0e121-a5ad-4b9a-8003-417c8fe715f7	4	65735467	65735669	3	-1.2629
71b0e121-a5ad-4b9a-8003-417c8fe715f7	4	65736606	68506285	1648	0.0445
71b0e121-a5ad-4b9a-8003-417c8fe715f7	4	68509223	68618369	61	-0.4798
71b0e121-a5ad-4b9a-8003-417c8fe715f7	4	68618391	69049005	202	0.0525
71b0e121-a5ad-4b9a-8003-417c8fe715f7	4	69058489	69422116	196	0.2306
71b0e121-a5ad-4b9a-8003-417c8fe715f7	4	69424538	114252544	27151	0.0408
71b0e121-a5ad-4b9a-8003-417c8fe715f7	4	114254167	114263073	24	0.9735
71b0e121-a5ad-4b9a-8003-417c8fe715f7	4	114263096	171448195	34474	0.0436
71b0e121-a5ad-4b9a-8003-417c8fe715f7	4	171453733	171456625	12	-0.9116
71b0e121-a5ad-4b9a-8003-417c8fe715f7	4	171459220	172066777	394	0.067
71b0e121-a5ad-4b9a-8003-417c8fe715f7	4	172067997	172068382	12	-1.8669
71b0e121-a5ad-4b9a-8003-417c8fe715f7	4	172074828	183561518	7663	0.0567
71b0e121-a5ad-4b9a-8003-417c8fe715f7	4	183562723	183654708	52	0.4078
71b0e121-a5ad-4b9a-8003-417c8fe715f7	4	183654935	187920618	2938	0.0462
71b0e121-a5ad-4b9a-8003-417c8fe715f7	4	187920874	188313532	273	-0.1104
71b0e121-a5ad-4b9a-8003-417c8fe715f7	4	188313553	190106768	1103	0.0699
71b0e121-a5ad-4b9a-8003-417c8fe715f7	5	15532	12785150	10125	0.0804
71b0e121-a5ad-4b9a-8003-417c8fe715f7	5	12790757	12824299	14	-0.4431
71b0e121-a5ad-4b9a-8003-417c8fe715f7	5	12826538	21376735	5443	0.0649
71b0e121-a5ad-4b9a-8003-417c8fe715f7	5	21377730	21377744	2	-2.1697
71b0e121-a5ad-4b9a-8003-417c8fe715f7	5	21385957	21449167	44	0.128
71b0e121-a5ad-4b9a-8003-417c8fe715f7	5	21451091	21451889	4	-2.3061
71b0e121-a5ad-4b9a-8003-417c8fe715f7	5	21452329	58025759	19931	0.0572
71b0e121-a5ad-4b9a-8003-417c8fe715f7	5	58025819	58037706	33	-0.6468
71b0e121-a5ad-4b9a-8003-417c8fe715f7	5	58042530	104515520	26698	0.048
71b0e121-a5ad-4b9a-8003-417c8fe715f7	5	104524672	104524780	2	-1.7873
71b0e121-a5ad-4b9a-8003-417c8fe715f7	5	104524847	120305330	10767	0.0509
71b0e121-a5ad-4b9a-8003-417c8fe715f7	5	120305963	120323363	14	-0.4901
71b0e121-a5ad-4b9a-8003-417c8fe715f7	5	120323397	170267249	32375	0.0429
71b0e121-a5ad-4b9a-8003-417c8fe715f7	5	170278157	170313505	45	0.3192
71b0e121-a5ad-4b9a-8003-417c8fe715f7	5	170315357	172611318	1582	0.0256
71b0e121-a5ad-4b9a-8003-417c8fe715f7	5	172613063	172801462	116	0.4088
71b0e121-a5ad-4b9a-8003-417c8fe715f7	5	172803859	180951888	4888	0.033
71b0e121-a5ad-4b9a-8003-417c8fe715f7	5	180953203	180991103	17	-1.023
71b0e121-a5ad-4b9a-8003-417c8fe715f7	5	181006225	181363319	168	0.0516
71b0e121-a5ad-4b9a-8003-417c8fe715f7	6	149661	294474	122	0.1299
71b0e121-a5ad-4b9a-8003-417c8fe715f7	6	294725	381149	80	0.4509
71b0e121-a5ad-4b9a-8003-417c8fe715f7	6	382559	6025978	4615	0.0609
71b0e121-a5ad-4b9a-8003-417c8fe715f7	6	6033698	6034203	3	-4.0214
71b0e121-a5ad-4b9a-8003-417c8fe715f7	6	6036812	29869411	16723	0.0442
71b0e121-a5ad-4b9a-8003-417c8fe715f7	6	29869537	29875657	7	-0.6108
71b0e121-a5ad-4b9a-8003-417c8fe715f7	6	29876257	29881490	7	-1.4595
71b0e121-a5ad-4b9a-8003-417c8fe715f7	6	29882419	32656527	1217	-0.0076
71b0e121-a5ad-4b9a-8003-417c8fe715f7	6	32656814	32658841	5	-1.8059
71b0e121-a5ad-4b9a-8003-417c8fe715f7	6	32682835	36223930	1977	0.0048
71b0e121-a5ad-4b9a-8003-417c8fe715f7	6	36224085	36255748	25	0.741
71b0e121-a5ad-4b9a-8003-417c8fe715f7	6	36262801	37823455	1060	-0.0112
71b0e121-a5ad-4b9a-8003-417c8fe715f7	6	37823749	41352727	2627	0.0567
71b0e121-a5ad-4b9a-8003-417c8fe715f7	6	41353481	43820018	1322	-0.0119
71b0e121-a5ad-4b9a-8003-417c8fe715f7	6	43820118	54066269	6633	0.0547
71b0e121-a5ad-4b9a-8003-417c8fe715f7	6	54066286	54067057	8	-1.4103
71b0e121-a5ad-4b9a-8003-417c8fe715f7	6	54070550	65000836	4449	0.0599
71b0e121-a5ad-4b9a-8003-417c8fe715f7	6	65001506	65003899	3	-1.3821
71b0e121-a5ad-4b9a-8003-417c8fe715f7	6	65007491	73882142	5892	0.0471
71b0e121-a5ad-4b9a-8003-417c8fe715f7	6	73882509	73887625	9	-0.8826
71b0e121-a5ad-4b9a-8003-417c8fe715f7	6	73891694	74521328	427	0.0253
71b0e121-a5ad-4b9a-8003-417c8fe715f7	6	74525443	74526181	2	-1.2505
71b0e121-a5ad-4b9a-8003-417c8fe715f7	6	74526280	74823796	179	0.0275
71b0e121-a5ad-4b9a-8003-417c8fe715f7	6	74824464	74824465	2	1.4516
71b0e121-a5ad-4b9a-8003-417c8fe715f7	6	74824680	76249748	826	0.0359
71b0e121-a5ad-4b9a-8003-417c8fe715f7	6	76251140	76323492	66	-0.1947
71b0e121-a5ad-4b9a-8003-417c8fe715f7	6	76323667	78224960	1230	0.0496
71b0e121-a5ad-4b9a-8003-417c8fe715f7	6	78225040	78325468	136	0.3443
71b0e121-a5ad-4b9a-8003-417c8fe715f7	6	78329517	87708826	5792	0.0426
71b0e121-a5ad-4b9a-8003-417c8fe715f7	6	87709934	87723636	14	0.7828
71b0e121-a5ad-4b9a-8003-417c8fe715f7	6	87724147	153636235	41756	0.0464
71b0e121-a5ad-4b9a-8003-417c8fe715f7	6	153639651	153640284	2	-2.9143
71b0e121-a5ad-4b9a-8003-417c8fe715f7	6	153640764	170741917	11856	0.0587
71b0e121-a5ad-4b9a-8003-417c8fe715f7	7	43355	4267584	2185	0.0348
71b0e121-a5ad-4b9a-8003-417c8fe715f7	7	4268477	6680710	1177	-0.0389
71b0e121-a5ad-4b9a-8003-417c8fe715f7	7	6693575	12732225	4834	0.0565
71b0e121-a5ad-4b9a-8003-417c8fe715f7	7	12732238	13151685	320	0.4601
71b0e121-a5ad-4b9a-8003-417c8fe715f7	7	13156675	15187434	1663	0.0703
71b0e121-a5ad-4b9a-8003-417c8fe715f7	7	15190357	15191106	3	-1.8128
71b0e121-a5ad-4b9a-8003-417c8fe715f7	7	15194883	22395161	5807	0.062
71b0e121-a5ad-4b9a-8003-417c8fe715f7	7	22395853	22396868	2	-3.1266
71b0e121-a5ad-4b9a-8003-417c8fe715f7	7	22399135	38271497	11274	0.0567
71b0e121-a5ad-4b9a-8003-417c8fe715f7	7	38271765	38332110	103	0.303
71b0e121-a5ad-4b9a-8003-417c8fe715f7	7	38338324	43678040	3595	0.0615
71b0e121-a5ad-4b9a-8003-417c8fe715f7	7	43678132	45211806	742	-0.0111
71b0e121-a5ad-4b9a-8003-417c8fe715f7	7	45213058	54318812	6613	0.0639
71b0e121-a5ad-4b9a-8003-417c8fe715f7	7	54318816	54318824	5	-2.3259
71b0e121-a5ad-4b9a-8003-417c8fe715f7	7	54325795	66183914	3393	0.0426
71b0e121-a5ad-4b9a-8003-417c8fe715f7	7	66195203	66604180	140	0.2496
71b0e121-a5ad-4b9a-8003-417c8fe715f7	7	66617537	72031034	3295	0.038
71b0e121-a5ad-4b9a-8003-417c8fe715f7	7	72031096	76531991	1406	-0.0259
71b0e121-a5ad-4b9a-8003-417c8fe715f7	7	76532105	76936273	153	0.189
71b0e121-a5ad-4b9a-8003-417c8fe715f7	7	76936433	97592802	13199	0.0511
71b0e121-a5ad-4b9a-8003-417c8fe715f7	7	97594302	97744119	110	0.1363
71b0e121-a5ad-4b9a-8003-417c8fe715f7	7	97744169	97772733	23	-0.1775
71b0e121-a5ad-4b9a-8003-417c8fe715f7	7	97772779	97773163	4	-1.3108
71b0e121-a5ad-4b9a-8003-417c8fe715f7	7	97774928	101332737	1514	-0.0037
71b0e121-a5ad-4b9a-8003-417c8fe715f7	7	101336029	101498586	69	-0.2917
71b0e121-a5ad-4b9a-8003-417c8fe715f7	7	101498690	102740558	479	-0.0075
71b0e121-a5ad-4b9a-8003-417c8fe715f7	7	102752570	102753624	2	-1.3222
71b0e121-a5ad-4b9a-8003-417c8fe715f7	7	102754481	103346033	254	-0.0087
71b0e121-a5ad-4b9a-8003-417c8fe715f7	7	103347145	109793720	4250	0.0349
71b0e121-a5ad-4b9a-8003-417c8fe715f7	7	109793728	109813853	36	0.6431
71b0e121-a5ad-4b9a-8003-417c8fe715f7	7	109813925	126404920	9979	0.0508
71b0e121-a5ad-4b9a-8003-417c8fe715f7	7	126405428	126406822	13	-1.3051
71b0e121-a5ad-4b9a-8003-417c8fe715f7	7	126406823	134100424	4683	0.0343
71b0e121-a5ad-4b9a-8003-417c8fe715f7	7	134100442	134111088	28	-0.7426
71b0e121-a5ad-4b9a-8003-417c8fe715f7	7	134113300	138131986	2778	0.0393
71b0e121-a5ad-4b9a-8003-417c8fe715f7	7	138132663	138132879	2	-1.8935
71b0e121-a5ad-4b9a-8003-417c8fe715f7	7	138138924	142440316	2713	0.0239
71b0e121-a5ad-4b9a-8003-417c8fe715f7	7	142440552	142811078	184	0.2265
71b0e121-a5ad-4b9a-8003-417c8fe715f7	7	142815207	157975705	9536	0.0449
71b0e121-a5ad-4b9a-8003-417c8fe715f7	7	157978145	157978919	3	-1.7526
71b0e121-a5ad-4b9a-8003-417c8fe715f7	7	157985169	159334314	816	0.0765
71b0e121-a5ad-4b9a-8003-417c8fe715f7	8	81254	2844412	2018	-0.3977
71b0e121-a5ad-4b9a-8003-417c8fe715f7	8	2846011	2846377	7	-1.665
71b0e121-a5ad-4b9a-8003-417c8fe715f7	8	2849649	3926665	1296	-0.405
71b0e121-a5ad-4b9a-8003-417c8fe715f7	8	3929538	3932584	24	-1.0769
71b0e121-a5ad-4b9a-8003-417c8fe715f7	8	3933696	8726643	4854	-0.403
71b0e121-a5ad-4b9a-8003-417c8fe715f7	8	8726834	8730079	8	-1.9515
71b0e121-a5ad-4b9a-8003-417c8fe715f7	8	8731984	38528396	21646	-0.4107
71b0e121-a5ad-4b9a-8003-417c8fe715f7	8	38529873	38530912	3	-2.3677
71b0e121-a5ad-4b9a-8003-417c8fe715f7	8	38531112	39372664	395	-0.4127
71b0e121-a5ad-4b9a-8003-417c8fe715f7	8	39372806	39529446	61	0.5681
71b0e121-a5ad-4b9a-8003-417c8fe715f7	8	39530780	50119451	4552	-0.3996
71b0e121-a5ad-4b9a-8003-417c8fe715f7	8	50119464	50119827	7	-1.8449
71b0e121-a5ad-4b9a-8003-417c8fe715f7	8	50126018	136665653	54763	-0.4048
71b0e121-a5ad-4b9a-8003-417c8fe715f7	8	136669376	136742541	57	-1.434
71b0e121-a5ad-4b9a-8003-417c8fe715f7	8	136744785	136756230	5	-2.7591
71b0e121-a5ad-4b9a-8003-417c8fe715f7	8	136756552	136825354	64	-1.472
71b0e121-a5ad-4b9a-8003-417c8fe715f7	8	136825371	136850173	48	-1.0014
71b0e121-a5ad-4b9a-8003-417c8fe715f7	8	136850192	144205728	4611	-0.4071
71b0e121-a5ad-4b9a-8003-417c8fe715f7	8	144209695	144232274	17	-1.0028
71b0e121-a5ad-4b9a-8003-417c8fe715f7	8	144284502	145072769	320	-0.4436
71b0e121-a5ad-4b9a-8003-417c8fe715f7	9	46587	149727	14	0.1473
71b0e121-a5ad-4b9a-8003-417c8fe715f7	9	177057	4008653	3980	-0.2753
71b0e121-a5ad-4b9a-8003-417c8fe715f7	9	4008954	4020107	41	0.1365
71b0e121-a5ad-4b9a-8003-417c8fe715f7	9	4020447	5079156	1170	-0.2749
71b0e121-a5ad-4b9a-8003-417c8fe715f7	9	5081416	5081953	10	0.5336
71b0e121-a5ad-4b9a-8003-417c8fe715f7	9	5082995	6365852	870	-0.254
71b0e121-a5ad-4b9a-8003-417c8fe715f7	9	6367414	7030591	522	-0.3958
71b0e121-a5ad-4b9a-8003-417c8fe715f7	9	7031086	12554856	5015	-0.2616
71b0e121-a5ad-4b9a-8003-417c8fe715f7	9	12556594	12562294	3	-2.4587
71b0e121-a5ad-4b9a-8003-417c8fe715f7	9	12565520	16903448	3577	-0.2593
71b0e121-a5ad-4b9a-8003-417c8fe715f7	9	16903852	16906361	4	-2.0846
71b0e121-a5ad-4b9a-8003-417c8fe715f7	9	16906558	22492890	4502	-0.2629
71b0e121-a5ad-4b9a-8003-417c8fe715f7	9	22501914	22502700	2	-3.3572
71b0e121-a5ad-4b9a-8003-417c8fe715f7	9	22509341	33855140	8227	-0.2599
71b0e121-a5ad-4b9a-8003-417c8fe715f7	9	33855467	33855496	2	-2.9639
71b0e121-a5ad-4b9a-8003-417c8fe715f7	9	33862510	34051130	91	-0.2444
71b0e121-a5ad-4b9a-8003-417c8fe715f7	9	34051180	36633901	1311	0.0339
71b0e121-a5ad-4b9a-8003-417c8fe715f7	9	36636088	36637217	2	-1.3882
71b0e121-a5ad-4b9a-8003-417c8fe715f7	9	36637462	37033162	377	0.0397
71b0e121-a5ad-4b9a-8003-417c8fe715f7	9	37033364	37034620	2	-2.6108
71b0e121-a5ad-4b9a-8003-417c8fe715f7	9	37034672	41050618	1302	0.0505
71b0e121-a5ad-4b9a-8003-417c8fe715f7	9	41050990	41571860	43	-0.2226
71b0e121-a5ad-4b9a-8003-417c8fe715f7	9	41635766	63580418	176	0.3313
71b0e121-a5ad-4b9a-8003-417c8fe715f7	9	63590317	63592813	7	2.7811
71b0e121-a5ad-4b9a-8003-417c8fe715f7	9	63614182	64467459	46	0.4406
71b0e121-a5ad-4b9a-8003-417c8fe715f7	9	64480563	64965577	37	-0.2827
71b0e121-a5ad-4b9a-8003-417c8fe715f7	9	64965589	98849605	21409	0.4136
71b0e121-a5ad-4b9a-8003-417c8fe715f7	9	98849781	99094053	205	0.7315
71b0e121-a5ad-4b9a-8003-417c8fe715f7	9	99096068	120850861	16372	0.4143
71b0e121-a5ad-4b9a-8003-417c8fe715f7	9	120853245	121008468	116	0.6658
71b0e121-a5ad-4b9a-8003-417c8fe715f7	9	121011694	131374970	6037	0.3809
71b0e121-a5ad-4b9a-8003-417c8fe715f7	9	131375526	131614671	176	0.5813
71b0e121-a5ad-4b9a-8003-417c8fe715f7	9	131614993	132909917	883	0.4132
71b0e121-a5ad-4b9a-8003-417c8fe715f7	9	132909945	132919107	21	0.0464
71b0e121-a5ad-4b9a-8003-417c8fe715f7	9	132919209	132977950	90	0.4133
71b0e121-a5ad-4b9a-8003-417c8fe715f7	9	132979886	133211646	118	0.6657
71b0e121-a5ad-4b9a-8003-417c8fe715f7	9	133211660	138124242	2325	0.3824
71b0e121-a5ad-4b9a-8003-417c8fe715f7	9	138130866	138151368	8	-0.4614
71b0e121-a5ad-4b9a-8003-417c8fe715f7	9	138160309	138200944	9	0.7099
71b0e121-a5ad-4b9a-8003-417c8fe715f7	10	45792	17885034	14772	0.0554
71b0e121-a5ad-4b9a-8003-417c8fe715f7	10	17896194	17907840	2	-2.33
71b0e121-a5ad-4b9a-8003-417c8fe715f7	10	17910884	24086334	4315	0.0495
71b0e121-a5ad-4b9a-8003-417c8fe715f7	10	24088745	24089125	11	-1.9136
71b0e121-a5ad-4b9a-8003-417c8fe715f7	10	24089979	24909758	563	0.0363
71b0e121-a5ad-4b9a-8003-417c8fe715f7	10	24910375	25777168	614	0.4065
71b0e121-a5ad-4b9a-8003-417c8fe715f7	10	25779520	26520471	536	0.0028
71b0e121-a5ad-4b9a-8003-417c8fe715f7	10	26523382	26527122	6	-1.3219
71b0e121-a5ad-4b9a-8003-417c8fe715f7	10	26528020	26934974	259	0.0416
71b0e121-a5ad-4b9a-8003-417c8fe715f7	10	26936975	26939544	13	0.9075
71b0e121-a5ad-4b9a-8003-417c8fe715f7	10	26941064	32663489	4066	0.0356
71b0e121-a5ad-4b9a-8003-417c8fe715f7	10	32663561	32666045	27	-0.3968
71b0e121-a5ad-4b9a-8003-417c8fe715f7	10	32666158	34819154	1520	0.0774
71b0e121-a5ad-4b9a-8003-417c8fe715f7	10	34823866	34962423	88	-0.1501
71b0e121-a5ad-4b9a-8003-417c8fe715f7	10	34965192	38397214	2061	0.0552
71b0e121-a5ad-4b9a-8003-417c8fe715f7	10	38407748	46657149	2717	0.4009
71b0e121-a5ad-4b9a-8003-417c8fe715f7	10	46693480	46810571	9	-0.7208
71b0e121-a5ad-4b9a-8003-417c8fe715f7	10	46836986	54920517	5301	0.421
71b0e121-a5ad-4b9a-8003-417c8fe715f7	10	54923330	54932839	6	-0.575
71b0e121-a5ad-4b9a-8003-417c8fe715f7	10	54935658	55679736	470	0.4503
71b0e121-a5ad-4b9a-8003-417c8fe715f7	10	55679752	55680167	2	-1.2375
71b0e121-a5ad-4b9a-8003-417c8fe715f7	10	55680620	56752165	722	0.397
71b0e121-a5ad-4b9a-8003-417c8fe715f7	10	56752192	56764353	35	0.9204
71b0e121-a5ad-4b9a-8003-417c8fe715f7	10	56765627	66256938	6694	0.4136
71b0e121-a5ad-4b9a-8003-417c8fe715f7	10	66257041	66586997	228	0.1529
71b0e121-a5ad-4b9a-8003-417c8fe715f7	10	66587779	67131618	403	0.4476
71b0e121-a5ad-4b9a-8003-417c8fe715f7	10	67133194	74199386	4193	0.3729
71b0e121-a5ad-4b9a-8003-417c8fe715f7	10	74201378	78972656	3364	0.43
71b0e121-a5ad-4b9a-8003-417c8fe715f7	10	78980515	80147692	618	0.3284
71b0e121-a5ad-4b9a-8003-417c8fe715f7	10	80147714	89726108	6822	0.4188
71b0e121-a5ad-4b9a-8003-417c8fe715f7	10	89729520	104301509	8615	0.3843
71b0e121-a5ad-4b9a-8003-417c8fe715f7	10	104302435	124572044	14718	0.4172
71b0e121-a5ad-4b9a-8003-417c8fe715f7	10	124572306	124999801	224	0.3591
71b0e121-a5ad-4b9a-8003-417c8fe715f7	10	125000451	133420688	6114	0.4453
71b0e121-a5ad-4b9a-8003-417c8fe715f7	10	133429369	133563774	109	1.0386
71b0e121-a5ad-4b9a-8003-417c8fe715f7	10	133573736	133654968	35	0.5442
71b0e121-a5ad-4b9a-8003-417c8fe715f7	11	198510	2080462	626	-0.0303
71b0e121-a5ad-4b9a-8003-417c8fe715f7	11	2080574	2220042	43	0.3589
71b0e121-a5ad-4b9a-8003-417c8fe715f7	11	2220091	4949013	1738	0.0361
71b0e121-a5ad-4b9a-8003-417c8fe715f7	11	4949047	4955042	27	0.9384
71b0e121-a5ad-4b9a-8003-417c8fe715f7	11	4955781	5430645	421	0.049
71b0e121-a5ad-4b9a-8003-417c8fe715f7	11	5431336	5433011	6	-0.9299
71b0e121-a5ad-4b9a-8003-417c8fe715f7	11	5434316	10212323	3406	0.0383
71b0e121-a5ad-4b9a-8003-417c8fe715f7	11	10212684	10459936	187	0.3156
71b0e121-a5ad-4b9a-8003-417c8fe715f7	11	10464626	18919323	6138	0.051
71b0e121-a5ad-4b9a-8003-417c8fe715f7	11	18927525	18940441	45	-0.6316
71b0e121-a5ad-4b9a-8003-417c8fe715f7	11	18940469	32442622	9811	0.0612
71b0e121-a5ad-4b9a-8003-417c8fe715f7	11	32443362	34305538	1144	-0.0048
71b0e121-a5ad-4b9a-8003-417c8fe715f7	11	34307230	45675423	8217	0.0553
71b0e121-a5ad-4b9a-8003-417c8fe715f7	11	45675522	55595864	2461	0.0062
71b0e121-a5ad-4b9a-8003-417c8fe715f7	11	55606556	55674842	48	-1.9566
71b0e121-a5ad-4b9a-8003-417c8fe715f7	11	55676735	55677818	4	0.5415
71b0e121-a5ad-4b9a-8003-417c8fe715f7	11	55678469	55685533	7	-2.2602
71b0e121-a5ad-4b9a-8003-417c8fe715f7	11	55686100	60978783	3224	0.0465
71b0e121-a5ad-4b9a-8003-417c8fe715f7	11	60982978	78557479	8600	0.0046
71b0e121-a5ad-4b9a-8003-417c8fe715f7	11	78560568	89814936	7940	0.0513
71b0e121-a5ad-4b9a-8003-417c8fe715f7	11	89815724	89834373	3	-1.3947
71b0e121-a5ad-4b9a-8003-417c8fe715f7	11	89847184	116885467	18896	0.0453
71b0e121-a5ad-4b9a-8003-417c8fe715f7	11	116885502	119914663	1974	-0.0093
71b0e121-a5ad-4b9a-8003-417c8fe715f7	11	119914996	134739499	11120	0.0534
71b0e121-a5ad-4b9a-8003-417c8fe715f7	11	134739663	134739672	2	-2.372
71b0e121-a5ad-4b9a-8003-417c8fe715f7	11	134740048	135074876	276	0.1201
71b0e121-a5ad-4b9a-8003-417c8fe715f7	12	51460	760032	418	0.2244
71b0e121-a5ad-4b9a-8003-417c8fe715f7	12	760097	767080	17	-0.7331
71b0e121-a5ad-4b9a-8003-417c8fe715f7	12	767122	6140660	4091	0.3424
71b0e121-a5ad-4b9a-8003-417c8fe715f7	12	6143206	8494906	1100	0.2752
71b0e121-a5ad-4b9a-8003-417c8fe715f7	12	8500237	9481274	521	0.3445
71b0e121-a5ad-4b9a-8003-417c8fe715f7	12	9485313	9575696	22	-1.3209
71b0e121-a5ad-4b9a-8003-417c8fe715f7	12	9582373	11064250	1026	0.3274
71b0e121-a5ad-4b9a-8003-417c8fe715f7	12	11066824	11115108	17	0.8868
71b0e121-a5ad-4b9a-8003-417c8fe715f7	12	11117645	11351008	121	0.344
71b0e121-a5ad-4b9a-8003-417c8fe715f7	12	11351041	11390472	33	-0.4174
71b0e121-a5ad-4b9a-8003-417c8fe715f7	12	11399258	27493053	11142	0.33
71b0e121-a5ad-4b9a-8003-417c8fe715f7	12	27493059	27498429	29	-0.5754
71b0e121-a5ad-4b9a-8003-417c8fe715f7	12	27504228	27941830	321	0.329
71b0e121-a5ad-4b9a-8003-417c8fe715f7	12	27941988	27944711	12	-0.8829
71b0e121-a5ad-4b9a-8003-417c8fe715f7	12	27950527	31752177	2790	0.3317
71b0e121-a5ad-4b9a-8003-417c8fe715f7	12	31752796	31756974	8	-0.6248
71b0e121-a5ad-4b9a-8003-417c8fe715f7	12	31764286	32185818	344	0.3019
71b0e121-a5ad-4b9a-8003-417c8fe715f7	12	32185833	32185941	2	1.601
71b0e121-a5ad-4b9a-8003-417c8fe715f7	12	32185984	33148586	668	0.3292
71b0e121-a5ad-4b9a-8003-417c8fe715f7	12	33148600	33155453	26	-0.3761
71b0e121-a5ad-4b9a-8003-417c8fe715f7	12	33155525	34077549	567	0.324
71b0e121-a5ad-4b9a-8003-417c8fe715f7	12	34078005	37991710	321	0.1816
71b0e121-a5ad-4b9a-8003-417c8fe715f7	12	37999454	80178558	25947	0.3237
71b0e121-a5ad-4b9a-8003-417c8fe715f7	12	80179128	108433651	18510	0.3805
71b0e121-a5ad-4b9a-8003-417c8fe715f7	12	108434912	112589216	2161	0.3214
71b0e121-a5ad-4b9a-8003-417c8fe715f7	12	112589364	119892351	5483	0.3991
71b0e121-a5ad-4b9a-8003-417c8fe715f7	12	119894128	123722949	1699	0.3061
71b0e121-a5ad-4b9a-8003-417c8fe715f7	12	123723021	127089515	2559	0.3919
71b0e121-a5ad-4b9a-8003-417c8fe715f7	12	127091148	127101309	7	-0.4866
71b0e121-a5ad-4b9a-8003-417c8fe715f7	12	127101484	132450394	4230	0.4123
71b0e121-a5ad-4b9a-8003-417c8fe715f7	12	132469327	133201603	294	0.3052
71b0e121-a5ad-4b9a-8003-417c8fe715f7	13	18452809	26882617	5685	-0.4137
71b0e121-a5ad-4b9a-8003-417c8fe715f7	13	26882631	26885755	3	-2.9994
71b0e121-a5ad-4b9a-8003-417c8fe715f7	13	26888781	57184255	20121	-0.406
71b0e121-a5ad-4b9a-8003-417c8fe715f7	13	57184492	57204234	29	-1.109
71b0e121-a5ad-4b9a-8003-417c8fe715f7	13	57204246	59641249	1481	-0.3875
71b0e121-a5ad-4b9a-8003-417c8fe715f7	13	59641521	59641940	4	-2.3683
71b0e121-a5ad-4b9a-8003-417c8fe715f7	13	59643010	95287632	22771	-0.3977
71b0e121-a5ad-4b9a-8003-417c8fe715f7	13	95287677	95419815	102	-0.6547
71b0e121-a5ad-4b9a-8003-417c8fe715f7	13	95420009	99554241	2562	-0.4029
71b0e121-a5ad-4b9a-8003-417c8fe715f7	13	99555405	99574719	17	-1.0606
71b0e121-a5ad-4b9a-8003-417c8fe715f7	13	99577526	103742197	3231	-0.4154
71b0e121-a5ad-4b9a-8003-417c8fe715f7	13	103742242	103751373	12	-1.342
71b0e121-a5ad-4b9a-8003-417c8fe715f7	13	103752788	114342922	7613	-0.4044
71b0e121-a5ad-4b9a-8003-417c8fe715f7	14	18239283	19732024	65	0.0863
71b0e121-a5ad-4b9a-8003-417c8fe715f7	14	19732222	19952080	100	0.5116
71b0e121-a5ad-4b9a-8003-417c8fe715f7	14	19954424	20082381	94	0.2166
71b0e121-a5ad-4b9a-8003-417c8fe715f7	14	20085125	20087037	2	-1.427
71b0e121-a5ad-4b9a-8003-417c8fe715f7	14	20089108	21912650	1224	0.1215
71b0e121-a5ad-4b9a-8003-417c8fe715f7	14	21913024	22514241	546	0.2896
71b0e121-a5ad-4b9a-8003-417c8fe715f7	14	22519044	22623202	90	0.0623
71b0e121-a5ad-4b9a-8003-417c8fe715f7	14	22625942	22630714	9	-0.7523
71b0e121-a5ad-4b9a-8003-417c8fe715f7	14	22630780	26314697	2354	0.1526
71b0e121-a5ad-4b9a-8003-417c8fe715f7	14	26314707	26314712	6	1.1057
71b0e121-a5ad-4b9a-8003-417c8fe715f7	14	26325898	34440923	5132	0.169
71b0e121-a5ad-4b9a-8003-417c8fe715f7	14	34444469	35401592	467	0.0543
71b0e121-a5ad-4b9a-8003-417c8fe715f7	14	35405648	37659502	1451	0.1464
71b0e121-a5ad-4b9a-8003-417c8fe715f7	14	37659826	37673871	7	-0.664
71b0e121-a5ad-4b9a-8003-417c8fe715f7	14	37674316	41138431	2133	0.153
71b0e121-a5ad-4b9a-8003-417c8fe715f7	14	41139155	41207547	23	-0.5054
71b0e121-a5ad-4b9a-8003-417c8fe715f7	14	41207565	50030630	5121	0.1582
71b0e121-a5ad-4b9a-8003-417c8fe715f7	14	50031326	50033208	2	-1.6764
71b0e121-a5ad-4b9a-8003-417c8fe715f7	14	50035325	51427974	870	0.1262
71b0e121-a5ad-4b9a-8003-417c8fe715f7	14	51429515	60184256	5957	0.1677
71b0e121-a5ad-4b9a-8003-417c8fe715f7	14	60184684	73534419	8393	0.1391
71b0e121-a5ad-4b9a-8003-417c8fe715f7	14	73540003	73563196	9	-1.427
71b0e121-a5ad-4b9a-8003-417c8fe715f7	14	73563211	78187229	2985	0.1302
71b0e121-a5ad-4b9a-8003-417c8fe715f7	14	78188783	88083819	6614	0.1783
71b0e121-a5ad-4b9a-8003-417c8fe715f7	14	88084433	106321086	11174	0.1427
71b0e121-a5ad-4b9a-8003-417c8fe715f7	14	106340102	106346129	7	-1.591
71b0e121-a5ad-4b9a-8003-417c8fe715f7	14	106360014	106418444	31	0.4253
71b0e121-a5ad-4b9a-8003-417c8fe715f7	14	106423925	106462183	48	-0.3712
71b0e121-a5ad-4b9a-8003-417c8fe715f7	14	106462724	106877229	194	0.26
71b0e121-a5ad-4b9a-8003-417c8fe715f7	15	19811075	20206773	59	-0.196
71b0e121-a5ad-4b9a-8003-417c8fe715f7	15	20207225	20373168	29	-0.697
71b0e121-a5ad-4b9a-8003-417c8fe715f7	15	20376198	20376311	7	0.3068
71b0e121-a5ad-4b9a-8003-417c8fe715f7	15	20380735	22296480	109	-0.9444
71b0e121-a5ad-4b9a-8003-417c8fe715f7	15	22299009	23107778	298	-0.5131
71b0e121-a5ad-4b9a-8003-417c8fe715f7	15	23108480	39769318	10678	-0.3931
71b0e121-a5ad-4b9a-8003-417c8fe715f7	15	39771386	46559383	3367	-0.4384
71b0e121-a5ad-4b9a-8003-417c8fe715f7	15	46561777	46569271	2	-2.7139
71b0e121-a5ad-4b9a-8003-417c8fe715f7	15	46570556	47226610	433	-0.3888
71b0e121-a5ad-4b9a-8003-417c8fe715f7	15	47226837	47227348	4	-1.7077
71b0e121-a5ad-4b9a-8003-417c8fe715f7	15	47227357	53902792	4281	-0.397
71b0e121-a5ad-4b9a-8003-417c8fe715f7	15	53908153	53909163	2	-2.4749
71b0e121-a5ad-4b9a-8003-417c8fe715f7	15	53912031	56497449	1696	-0.3862
71b0e121-a5ad-4b9a-8003-417c8fe715f7	15	56498505	56508779	25	-1.596
71b0e121-a5ad-4b9a-8003-417c8fe715f7	15	56509425	76586021	12643	-0.424
71b0e121-a5ad-4b9a-8003-417c8fe715f7	15	76598900	76609838	23	0.5891
71b0e121-a5ad-4b9a-8003-417c8fe715f7	15	76609853	101928837	17450	-0.4097
71b0e121-a5ad-4b9a-8003-417c8fe715f7	16	10777	41192	11	-0.2508
71b0e121-a5ad-4b9a-8003-417c8fe715f7	16	44808	4845318	2010	-0.0119
71b0e121-a5ad-4b9a-8003-417c8fe715f7	16	4845378	8853658	4366	0.0566
71b0e121-a5ad-4b9a-8003-417c8fe715f7	16	8855330	9196892	216	-0.1128
71b0e121-a5ad-4b9a-8003-417c8fe715f7	16	9200801	10216839	1083	0.0912
71b0e121-a5ad-4b9a-8003-417c8fe715f7	16	10217175	13400980	2417	0.0157
71b0e121-a5ad-4b9a-8003-417c8fe715f7	16	13401347	15305027	1046	0.0809
71b0e121-a5ad-4b9a-8003-417c8fe715f7	16	15306057	15446683	31	-0.1123
71b0e121-a5ad-4b9a-8003-417c8fe715f7	16	15448342	15451165	4	-1.5446
71b0e121-a5ad-4b9a-8003-417c8fe715f7	16	15454986	15635873	81	0.0406
71b0e121-a5ad-4b9a-8003-417c8fe715f7	16	15636231	16797785	470	-0.0899
71b0e121-a5ad-4b9a-8003-417c8fe715f7	16	16798001	28191156	6917	0.0515
71b0e121-a5ad-4b9a-8003-417c8fe715f7	16	28191375	29268429	292	-0.0293
71b0e121-a5ad-4b9a-8003-417c8fe715f7	16	29269203	29269734	3	1.2969
71b0e121-a5ad-4b9a-8003-417c8fe715f7	16	29270444	31652721	751	-0.0558
71b0e121-a5ad-4b9a-8003-417c8fe715f7	16	31656313	55764310	7090	0.065
71b0e121-a5ad-4b9a-8003-417c8fe715f7	16	55764850	55764867	2	3.6754
71b0e121-a5ad-4b9a-8003-417c8fe715f7	16	55770436	55775554	6	0.8835
71b0e121-a5ad-4b9a-8003-417c8fe715f7	16	55776109	58729296	1771	0.0217
71b0e121-a5ad-4b9a-8003-417c8fe715f7	16	58730126	66235233	5176	0.0842
71b0e121-a5ad-4b9a-8003-417c8fe715f7	16	66235992	69316258	1414	0.0093
71b0e121-a5ad-4b9a-8003-417c8fe715f7	16	69317007	69500961	86	0.2666
71b0e121-a5ad-4b9a-8003-417c8fe715f7	16	69502202	70117657	275	0.0131
71b0e121-a5ad-4b9a-8003-417c8fe715f7	16	70118419	70164453	13	0.6438
71b0e121-a5ad-4b9a-8003-417c8fe715f7	16	70164493	72570206	1050	0.0478
71b0e121-a5ad-4b9a-8003-417c8fe715f7	16	72571310	72726755	71	-0.3261
71b0e121-a5ad-4b9a-8003-417c8fe715f7	16	72727835	74364089	1172	0.0642
71b0e121-a5ad-4b9a-8003-417c8fe715f7	16	74364131	74422703	7	1.0709
71b0e121-a5ad-4b9a-8003-417c8fe715f7	16	74431498	77561388	2355	0.0497
71b0e121-a5ad-4b9a-8003-417c8fe715f7	16	77561438	77561468	2	-1.5448
71b0e121-a5ad-4b9a-8003-417c8fe715f7	16	77562124	80217859	3129	0.0684
71b0e121-a5ad-4b9a-8003-417c8fe715f7	16	80218562	80219179	6	-0.8924
71b0e121-a5ad-4b9a-8003-417c8fe715f7	16	80219577	81106035	866	0.0683
71b0e121-a5ad-4b9a-8003-417c8fe715f7	16	81106550	81280814	173	-0.0996
71b0e121-a5ad-4b9a-8003-417c8fe715f7	16	81280891	84093174	3044	0.0608
71b0e121-a5ad-4b9a-8003-417c8fe715f7	16	84093254	85739416	1261	-0.0187
71b0e121-a5ad-4b9a-8003-417c8fe715f7	16	85742505	90096867	2911	0.0365
71b0e121-a5ad-4b9a-8003-417c8fe715f7	17	150733	899398	402	-0.302
71b0e121-a5ad-4b9a-8003-417c8fe715f7	17	899530	1753224	353	-0.3736
71b0e121-a5ad-4b9a-8003-417c8fe715f7	17	1753779	2541630	463	-0.4114
71b0e121-a5ad-4b9a-8003-417c8fe715f7	17	2542610	2551528	11	-1.2644
71b0e121-a5ad-4b9a-8003-417c8fe715f7	17	2552229	10363887	4727	-0.4212
71b0e121-a5ad-4b9a-8003-417c8fe715f7	17	10363914	14086420	2764	-0.3525
71b0e121-a5ad-4b9a-8003-417c8fe715f7	17	14090825	14266459	127	-0.7992
71b0e121-a5ad-4b9a-8003-417c8fe715f7	17	14268207	19596423	2834	-0.4037
71b0e121-a5ad-4b9a-8003-417c8fe715f7	17	19598485	19635134	29	-1.3607
71b0e121-a5ad-4b9a-8003-417c8fe715f7	17	19635445	20312319	377	-0.373
71b0e121-a5ad-4b9a-8003-417c8fe715f7	17	20312592	22520641	612	-0.2911
71b0e121-a5ad-4b9a-8003-417c8fe715f7	17	22527685	22530697	3	-2.054
71b0e121-a5ad-4b9a-8003-417c8fe715f7	17	22530709	28588097	921	-0.2684
71b0e121-a5ad-4b9a-8003-417c8fe715f7	17	28590964	28805724	73	0.0862
71b0e121-a5ad-4b9a-8003-417c8fe715f7	17	28817590	34115037	2991	-0.2895
71b0e121-a5ad-4b9a-8003-417c8fe715f7	17	34117289	34561959	470	-0.1851
71b0e121-a5ad-4b9a-8003-417c8fe715f7	17	34563258	36109139	939	-0.3009
71b0e121-a5ad-4b9a-8003-417c8fe715f7	17	36109735	36157718	35	0.759
71b0e121-a5ad-4b9a-8003-417c8fe715f7	17	36200725	40101463	1860	-0.3171
71b0e121-a5ad-4b9a-8003-417c8fe715f7	17	40104956	41265456	644	0.0464
71b0e121-a5ad-4b9a-8003-417c8fe715f7	17	41266762	41274198	23	-1.2349
71b0e121-a5ad-4b9a-8003-417c8fe715f7	17	41274279	45577724	2145	-0.006
71b0e121-a5ad-4b9a-8003-417c8fe715f7	17	45579014	45582060	6	-0.9753
71b0e121-a5ad-4b9a-8003-417c8fe715f7	17	45587327	46100092	344	0.0703
71b0e121-a5ad-4b9a-8003-417c8fe715f7	17	46103588	46284643	111	-0.3511
71b0e121-a5ad-4b9a-8003-417c8fe715f7	17	46284997	46446360	6	1.0289
71b0e121-a5ad-4b9a-8003-417c8fe715f7	17	46569894	50405727	1921	0.0025
71b0e121-a5ad-4b9a-8003-417c8fe715f7	17	50406205	56633114	4297	0.0656
71b0e121-a5ad-4b9a-8003-417c8fe715f7	17	56637402	68508878	6510	0.0304
71b0e121-a5ad-4b9a-8003-417c8fe715f7	17	68509664	73957721	4089	0.0786
71b0e121-a5ad-4b9a-8003-417c8fe715f7	17	73966520	79246981	2910	-0.0188
71b0e121-a5ad-4b9a-8003-417c8fe715f7	17	79249578	79250308	3	-2.2859
71b0e121-a5ad-4b9a-8003-417c8fe715f7	17	79250962	80660500	784	0.004
71b0e121-a5ad-4b9a-8003-417c8fe715f7	17	80660743	80667490	2	-1.8768
71b0e121-a5ad-4b9a-8003-417c8fe715f7	17	80668820	81862798	434	0.013
71b0e121-a5ad-4b9a-8003-417c8fe715f7	17	81874852	82056196	22	0.5971
71b0e121-a5ad-4b9a-8003-417c8fe715f7	17	82064485	83091923	484	-0.0023
71b0e121-a5ad-4b9a-8003-417c8fe715f7	18	48133	3838450	2664	-0.4383
71b0e121-a5ad-4b9a-8003-417c8fe715f7	18	3838816	11782739	5858	-0.3789
71b0e121-a5ad-4b9a-8003-417c8fe715f7	18	11783305	13559940	1062	-0.4292
71b0e121-a5ad-4b9a-8003-417c8fe715f7	18	13561941	13562150	3	-2.3755
71b0e121-a5ad-4b9a-8003-417c8fe715f7	18	13562178	38657916	11773	-0.3871
71b0e121-a5ad-4b9a-8003-417c8fe715f7	18	38658976	38660148	2	-2.8444
71b0e121-a5ad-4b9a-8003-417c8fe715f7	18	38660355	71406382	22455	-0.3997
71b0e121-a5ad-4b9a-8003-417c8fe715f7	18	71409097	71412016	3	-2.983
71b0e121-a5ad-4b9a-8003-417c8fe715f7	18	71412112	80257174	6520	-0.4059
71b0e121-a5ad-4b9a-8003-417c8fe715f7	19	90910	1732601	383	0.2094
71b0e121-a5ad-4b9a-8003-417c8fe715f7	19	1741837	1770751	2	-1.5022
71b0e121-a5ad-4b9a-8003-417c8fe715f7	19	1773354	12581187	4638	0.2976
71b0e121-a5ad-4b9a-8003-417c8fe715f7	19	12586552	12587288	2	-1.5558
71b0e121-a5ad-4b9a-8003-417c8fe715f7	19	12589709	15671587	1540	0.3035
71b0e121-a5ad-4b9a-8003-417c8fe715f7	19	15673306	15680807	4	-0.9981
71b0e121-a5ad-4b9a-8003-417c8fe715f7	19	15680854	17165636	857	0.2996
71b0e121-a5ad-4b9a-8003-417c8fe715f7	19	17166874	17317873	61	0.6316
71b0e121-a5ad-4b9a-8003-417c8fe715f7	19	17318829	19702210	971	0.2634
71b0e121-a5ad-4b9a-8003-417c8fe715f7	19	19704153	27881970	2819	0.3727
71b0e121-a5ad-4b9a-8003-417c8fe715f7	19	27882042	29816208	1565	0.4135
71b0e121-a5ad-4b9a-8003-417c8fe715f7	19	29816431	30037196	148	0.5661
71b0e121-a5ad-4b9a-8003-417c8fe715f7	19	30037623	32057551	1509	0.4234
71b0e121-a5ad-4b9a-8003-417c8fe715f7	19	32058716	34980388	1876	0.3799
71b0e121-a5ad-4b9a-8003-417c8fe715f7	19	34981044	43198881	4150	0.3327
71b0e121-a5ad-4b9a-8003-417c8fe715f7	19	43199352	43252085	21	-0.353
71b0e121-a5ad-4b9a-8003-417c8fe715f7	19	43262507	48692795	2739	0.3477
71b0e121-a5ad-4b9a-8003-417c8fe715f7	19	48693465	48872419	63	0.7109
71b0e121-a5ad-4b9a-8003-417c8fe715f7	19	48881185	49377132	179	0.298
71b0e121-a5ad-4b9a-8003-417c8fe715f7	19	49379357	49608188	75	0.6084
71b0e121-a5ad-4b9a-8003-417c8fe715f7	19	49608769	51628545	1075	0.3695
71b0e121-a5ad-4b9a-8003-417c8fe715f7	19	51628560	51644944	12	0.9279
71b0e121-a5ad-4b9a-8003-417c8fe715f7	19	51651652	52907120	858	0.3584
71b0e121-a5ad-4b9a-8003-417c8fe715f7	19	52907398	52950470	25	-0.0188
71b0e121-a5ad-4b9a-8003-417c8fe715f7	19	52951214	53012070	49	0.3808
71b0e121-a5ad-4b9a-8003-417c8fe715f7	19	53013829	53048976	23	0.8392
71b0e121-a5ad-4b9a-8003-417c8fe715f7	19	53050987	53540009	382	0.3698
71b0e121-a5ad-4b9a-8003-417c8fe715f7	19	53540134	54232262	397	0.2174
71b0e121-a5ad-4b9a-8003-417c8fe715f7	19	54236859	56311288	1156	0.3278
71b0e121-a5ad-4b9a-8003-417c8fe715f7	19	56312363	56896471	380	0.4381
71b0e121-a5ad-4b9a-8003-417c8fe715f7	19	56897893	57040974	128	0.7437
71b0e121-a5ad-4b9a-8003-417c8fe715f7	19	57041065	58586487	921	0.3754
71b0e121-a5ad-4b9a-8003-417c8fe715f7	20	80664	726179	479	-0.3894
71b0e121-a5ad-4b9a-8003-417c8fe715f7	20	726954	727068	2	-1.945
71b0e121-a5ad-4b9a-8003-417c8fe715f7	20	731131	1580353	714	-0.3063
71b0e121-a5ad-4b9a-8003-417c8fe715f7	20	1580934	1609809	38	1.7177
71b0e121-a5ad-4b9a-8003-417c8fe715f7	20	1609888	6081994	3212	-0.3542
71b0e121-a5ad-4b9a-8003-417c8fe715f7	20	6082266	15126392	6945	-0.2818
71b0e121-a5ad-4b9a-8003-417c8fe715f7	20	15130492	15145326	19	-0.8388
71b0e121-a5ad-4b9a-8003-417c8fe715f7	20	15149767	26316572	8456	-0.3007
71b0e121-a5ad-4b9a-8003-417c8fe715f7	20	26324855	30364187	36	0.0657
71b0e121-a5ad-4b9a-8003-417c8fe715f7	20	30367103	31489837	131	-0.2304
71b0e121-a5ad-4b9a-8003-417c8fe715f7	20	31491057	37003756	2592	-0.3638
71b0e121-a5ad-4b9a-8003-417c8fe715f7	20	37003824	43468584	4704	-0.286
71b0e121-a5ad-4b9a-8003-417c8fe715f7	20	43469618	51904751	5741	-0.3323
71b0e121-a5ad-4b9a-8003-417c8fe715f7	20	51906271	51908110	4	-2.4304
71b0e121-a5ad-4b9a-8003-417c8fe715f7	20	51911233	64324800	8998	-0.3201
71b0e121-a5ad-4b9a-8003-417c8fe715f7	21	10354168	10605101	69	0.2648
71b0e121-a5ad-4b9a-8003-417c8fe715f7	21	10605262	13084095	31	-0.0188
71b0e121-a5ad-4b9a-8003-417c8fe715f7	21	13092058	36103191	16277	0.3904
71b0e121-a5ad-4b9a-8003-417c8fe715f7	21	36104061	36311848	132	0.2234
71b0e121-a5ad-4b9a-8003-417c8fe715f7	21	36313295	41727214	4509	0.3956
71b0e121-a5ad-4b9a-8003-417c8fe715f7	21	41729736	41730428	4	-1.0316
71b0e121-a5ad-4b9a-8003-417c8fe715f7	21	41730694	43309959	1024	0.3535
71b0e121-a5ad-4b9a-8003-417c8fe715f7	21	43313191	43313400	2	-1.246
71b0e121-a5ad-4b9a-8003-417c8fe715f7	21	43319168	46677045	1712	0.3549
71b0e121-a5ad-4b9a-8003-417c8fe715f7	22	15294547	16626217	90	-0.2108
71b0e121-a5ad-4b9a-8003-417c8fe715f7	22	16626376	16626440	2	-4.6502
71b0e121-a5ad-4b9a-8003-417c8fe715f7	22	16630053	50796027	22980	-0.4265
71b0e121-a5ad-4b9a-8003-417c8fe715f7	X	251810	155952689	83232	0.0038
71b0e121-a5ad-4b9a-8003-417c8fe715f7	Y	2782397	3106791	145	-3.0917
71b0e121-a5ad-4b9a-8003-417c8fe715f7	Y	3106917	6071948	570	-2.6146
71b0e121-a5ad-4b9a-8003-417c8fe715f7	Y	6075631	8484811	1135	-3.2268
71b0e121-a5ad-4b9a-8003-417c8fe715f7	Y	8485666	9557010	398	-3.6367
71b0e121-a5ad-4b9a-8003-417c8fe715f7	Y	9557764	56872112	4375	-3.1797
