GDC_Aliquot	Chromosome	Start	End	Num_Probes	Segment_Mean
4e75ac96-f2d0-448b-9169-3cb35b244af0	1	62920	462894	19	-0.6647
4e75ac96-f2d0-448b-9169-3cb35b244af0	1	599171	3306087	728	0.1148
4e75ac96-f2d0-448b-9169-3cb35b244af0	1	3308094	4361012	635	0.0114
4e75ac96-f2d0-448b-9169-3cb35b244af0	1	4361945	4363836	3	-1.4372
4e75ac96-f2d0-448b-9169-3cb35b244af0	1	4364038	15823420	6920	0.0112
4e75ac96-f2d0-448b-9169-3cb35b244af0	1	15827002	15827430	6	-2.0276
4e75ac96-f2d0-448b-9169-3cb35b244af0	1	15827706	25256188	5635	0.0091
4e75ac96-f2d0-448b-9169-3cb35b244af0	1	25256352	25320455	27	0.5385
4e75ac96-f2d0-448b-9169-3cb35b244af0	1	25336819	75585159	30478	0.0006
4e75ac96-f2d0-448b-9169-3cb35b244af0	1	75589078	75589169	2	-2.4138
4e75ac96-f2d0-448b-9169-3cb35b244af0	1	75593824	105476583	18861	0.0043
4e75ac96-f2d0-448b-9169-3cb35b244af0	1	105476614	105479753	16	1.3936
4e75ac96-f2d0-448b-9169-3cb35b244af0	1	105481433	109676386	2609	0.0099
4e75ac96-f2d0-448b-9169-3cb35b244af0	1	109677464	109710508	34	-0.4686
4e75ac96-f2d0-448b-9169-3cb35b244af0	1	109718120	111385772	1292	0.0062
4e75ac96-f2d0-448b-9169-3cb35b244af0	1	111386515	111387158	4	-1.2595
4e75ac96-f2d0-448b-9169-3cb35b244af0	1	111390609	112147704	617	-0.0012
4e75ac96-f2d0-448b-9169-3cb35b244af0	1	112153343	112154576	21	0.6265
4e75ac96-f2d0-448b-9169-3cb35b244af0	1	112154591	121549518	5108	-0.0011
4e75ac96-f2d0-448b-9169-3cb35b244af0	1	121551153	146002100	308	0.1665
4e75ac96-f2d0-448b-9169-3cb35b244af0	1	146004021	152582700	2127	0.0166
4e75ac96-f2d0-448b-9169-3cb35b244af0	1	152583051	152614064	34	0.5476
4e75ac96-f2d0-448b-9169-3cb35b244af0	1	152614100	152778761	158	0.0452
4e75ac96-f2d0-448b-9169-3cb35b244af0	1	152782154	152796224	45	0.6065
4e75ac96-f2d0-448b-9169-3cb35b244af0	1	152801429	158896783	3583	0.0036
4e75ac96-f2d0-448b-9169-3cb35b244af0	1	158898711	158899969	2	2.2939
4e75ac96-f2d0-448b-9169-3cb35b244af0	1	158905028	222193326	42916	0.0056
4e75ac96-f2d0-448b-9169-3cb35b244af0	1	222201492	222203662	2	-3.3704
4e75ac96-f2d0-448b-9169-3cb35b244af0	1	222208792	248930189	18259	0.0058
4e75ac96-f2d0-448b-9169-3cb35b244af0	2	12784	4158097	2972	0.0481
4e75ac96-f2d0-448b-9169-3cb35b244af0	2	4166274	4175977	38	-0.7763
4e75ac96-f2d0-448b-9169-3cb35b244af0	2	4176105	34466002	20890	0.0089
4e75ac96-f2d0-448b-9169-3cb35b244af0	2	34474248	34511990	46	0.5278
4e75ac96-f2d0-448b-9169-3cb35b244af0	2	34512096	35750907	862	-0.0058
4e75ac96-f2d0-448b-9169-3cb35b244af0	2	35752724	35762881	7	-1.637
4e75ac96-f2d0-448b-9169-3cb35b244af0	2	35772407	52531803	12019	0.0154
4e75ac96-f2d0-448b-9169-3cb35b244af0	2	52531878	52554404	28	-0.5878
4e75ac96-f2d0-448b-9169-3cb35b244af0	2	52560811	87286164	21864	0.0092
4e75ac96-f2d0-448b-9169-3cb35b244af0	2	87287256	87295819	3	-1.8107
4e75ac96-f2d0-448b-9169-3cb35b244af0	2	87299357	97537802	1795	0.006
4e75ac96-f2d0-448b-9169-3cb35b244af0	2	97540809	97545247	3	-2.4494
4e75ac96-f2d0-448b-9169-3cb35b244af0	2	97545726	146104517	29177	0.0073
4e75ac96-f2d0-448b-9169-3cb35b244af0	2	146106836	146120827	26	0.9128
4e75ac96-f2d0-448b-9169-3cb35b244af0	2	146120842	206705079	36083	0.0068
4e75ac96-f2d0-448b-9169-3cb35b244af0	2	206705398	206709843	2	-3.2967
4e75ac96-f2d0-448b-9169-3cb35b244af0	2	206710220	207490231	524	0.0069
4e75ac96-f2d0-448b-9169-3cb35b244af0	2	207490454	207494612	15	-0.7657
4e75ac96-f2d0-448b-9169-3cb35b244af0	2	207494752	242147305	21918	0.0128
4e75ac96-f2d0-448b-9169-3cb35b244af0	3	20930	6604856	5730	0.014
4e75ac96-f2d0-448b-9169-3cb35b244af0	3	6609441	6611645	23	-0.9746
4e75ac96-f2d0-448b-9169-3cb35b244af0	3	6613391	36629012	20766	0.003
4e75ac96-f2d0-448b-9169-3cb35b244af0	3	36629822	36639661	12	0.7321
4e75ac96-f2d0-448b-9169-3cb35b244af0	3	36639752	37940970	825	0.0006
4e75ac96-f2d0-448b-9169-3cb35b244af0	3	37941181	37942340	11	-1.0731
4e75ac96-f2d0-448b-9169-3cb35b244af0	3	37942460	60789727	13802	0.012
4e75ac96-f2d0-448b-9169-3cb35b244af0	3	60792199	60795294	5	-1.5326
4e75ac96-f2d0-448b-9169-3cb35b244af0	3	60798502	68697013	6188	0.0056
4e75ac96-f2d0-448b-9169-3cb35b244af0	3	68697108	68698262	14	-1.4223
4e75ac96-f2d0-448b-9169-3cb35b244af0	3	68699607	98180575	15203	-0.0002
4e75ac96-f2d0-448b-9169-3cb35b244af0	3	98189826	98195973	4	-1.5293
4e75ac96-f2d0-448b-9169-3cb35b244af0	3	98197104	162419812	39030	0.0041
4e75ac96-f2d0-448b-9169-3cb35b244af0	3	162419865	162424917	13	-1.3388
4e75ac96-f2d0-448b-9169-3cb35b244af0	3	162426460	162788742	253	-0.0006
4e75ac96-f2d0-448b-9169-3cb35b244af0	3	162790390	162898127	67	-0.3709
4e75ac96-f2d0-448b-9169-3cb35b244af0	3	162906054	193160113	19010	0.0066
4e75ac96-f2d0-448b-9169-3cb35b244af0	3	193160173	193165114	19	-1.3031
4e75ac96-f2d0-448b-9169-3cb35b244af0	3	193168646	198169247	2678	0.0049
4e75ac96-f2d0-448b-9169-3cb35b244af0	4	68929	4164791	1626	0.0245
4e75ac96-f2d0-448b-9169-3cb35b244af0	4	4165256	4169608	4	-1.466
4e75ac96-f2d0-448b-9169-3cb35b244af0	4	4173850	5313707	880	0.047
4e75ac96-f2d0-448b-9169-3cb35b244af0	4	5315008	5321568	4	1.1123
4e75ac96-f2d0-448b-9169-3cb35b244af0	4	5322472	9455251	2606	0.0211
4e75ac96-f2d0-448b-9169-3cb35b244af0	4	9459504	9477699	6	-1.2795
4e75ac96-f2d0-448b-9169-3cb35b244af0	4	9484440	10390730	740	0.0344
4e75ac96-f2d0-448b-9169-3cb35b244af0	4	10391530	10401094	16	0.804
4e75ac96-f2d0-448b-9169-3cb35b244af0	4	10401122	45003738	23258	0.003
4e75ac96-f2d0-448b-9169-3cb35b244af0	4	45003835	45004318	4	-1.9777
4e75ac96-f2d0-448b-9169-3cb35b244af0	4	45008952	63831812	9837	0.0042
4e75ac96-f2d0-448b-9169-3cb35b244af0	4	63831891	63850713	26	-0.8243
4e75ac96-f2d0-448b-9169-3cb35b244af0	4	63851308	68395346	2824	-0.0034
4e75ac96-f2d0-448b-9169-3cb35b244af0	4	68416487	68429081	6	-1.1574
4e75ac96-f2d0-448b-9169-3cb35b244af0	4	68439221	68506285	11	0.0435
4e75ac96-f2d0-448b-9169-3cb35b244af0	4	68509223	68639397	66	0.7587
4e75ac96-f2d0-448b-9169-3cb35b244af0	4	68640616	190106768	74154	0.0032
4e75ac96-f2d0-448b-9169-3cb35b244af0	5	15532	773453	332	0.0924
4e75ac96-f2d0-448b-9169-3cb35b244af0	5	779766	825192	18	-1.0248
4e75ac96-f2d0-448b-9169-3cb35b244af0	5	825538	7121380	5284	0.0182
4e75ac96-f2d0-448b-9169-3cb35b244af0	5	7122831	7122852	2	-1.8579
4e75ac96-f2d0-448b-9169-3cb35b244af0	5	7124909	12965494	4519	0.012
4e75ac96-f2d0-448b-9169-3cb35b244af0	5	12976954	12977395	3	-1.6471
4e75ac96-f2d0-448b-9169-3cb35b244af0	5	12977724	21376735	5373	0.0068
4e75ac96-f2d0-448b-9169-3cb35b244af0	5	21377730	21377744	2	-1.759
4e75ac96-f2d0-448b-9169-3cb35b244af0	5	21385957	21449167	44	0.1283
4e75ac96-f2d0-448b-9169-3cb35b244af0	5	21451091	21452329	5	-1.6553
4e75ac96-f2d0-448b-9169-3cb35b244af0	5	21452387	44776454	14317	0.0054
4e75ac96-f2d0-448b-9169-3cb35b244af0	5	44776508	44795284	4	-1.9358
4e75ac96-f2d0-448b-9169-3cb35b244af0	5	44795623	45784837	400	0.0124
4e75ac96-f2d0-448b-9169-3cb35b244af0	5	45784942	50382297	215	0.1579
4e75ac96-f2d0-448b-9169-3cb35b244af0	5	50393257	58025819	4946	-0.0043
4e75ac96-f2d0-448b-9169-3cb35b244af0	5	58030200	58037706	32	-0.4882
4e75ac96-f2d0-448b-9169-3cb35b244af0	5	58042530	133796021	45576	0.0016
4e75ac96-f2d0-448b-9169-3cb35b244af0	5	133799386	133799875	2	-2.2213
4e75ac96-f2d0-448b-9169-3cb35b244af0	5	133802374	150815622	10488	0.0033
4e75ac96-f2d0-448b-9169-3cb35b244af0	5	150819281	150839042	12	-0.7643
4e75ac96-f2d0-448b-9169-3cb35b244af0	5	150843825	181363319	20278	0.011
4e75ac96-f2d0-448b-9169-3cb35b244af0	6	149661	29869411	21476	0.0024
4e75ac96-f2d0-448b-9169-3cb35b244af0	6	29869537	29881490	14	-1.3081
4e75ac96-f2d0-448b-9169-3cb35b244af0	6	29882419	32641650	1208	0.0365
4e75ac96-f2d0-448b-9169-3cb35b244af0	6	32656527	32658841	6	-1.9541
4e75ac96-f2d0-448b-9169-3cb35b244af0	6	32682835	66298369	18892	0.0023
4e75ac96-f2d0-448b-9169-3cb35b244af0	6	66299130	66328153	34	-0.8196
4e75ac96-f2d0-448b-9169-3cb35b244af0	6	66331020	66333299	7	-2.5699
4e75ac96-f2d0-448b-9169-3cb35b244af0	6	66333342	66338664	13	-0.787
4e75ac96-f2d0-448b-9169-3cb35b244af0	6	66338736	73880782	4956	0.0058
4e75ac96-f2d0-448b-9169-3cb35b244af0	6	73880906	73885038	10	0.9874
4e75ac96-f2d0-448b-9169-3cb35b244af0	6	73887573	76708490	1747	-0.0014
4e75ac96-f2d0-448b-9169-3cb35b244af0	6	76708515	76719482	11	0.7146
4e75ac96-f2d0-448b-9169-3cb35b244af0	6	76719514	78253172	995	0.0048
4e75ac96-f2d0-448b-9169-3cb35b244af0	6	78259348	78325223	107	0.5097
4e75ac96-f2d0-448b-9169-3cb35b244af0	6	78325310	103286954	15344	0.0014
4e75ac96-f2d0-448b-9169-3cb35b244af0	6	103290101	103314186	46	0.7601
4e75ac96-f2d0-448b-9169-3cb35b244af0	6	103317795	166880997	41467	-0.0006
4e75ac96-f2d0-448b-9169-3cb35b244af0	6	166882878	167187860	210	0.0478
4e75ac96-f2d0-448b-9169-3cb35b244af0	6	167194108	167200616	3	1.5739
4e75ac96-f2d0-448b-9169-3cb35b244af0	6	167200995	170358442	1917	0.0628
4e75ac96-f2d0-448b-9169-3cb35b244af0	6	170359033	170741917	172	-0.0189
4e75ac96-f2d0-448b-9169-3cb35b244af0	7	43355	5897269	3038	0.0286
4e75ac96-f2d0-448b-9169-3cb35b244af0	7	5900408	5911197	3	-2.0289
4e75ac96-f2d0-448b-9169-3cb35b244af0	7	5916628	22395161	12876	-0.001
4e75ac96-f2d0-448b-9169-3cb35b244af0	7	22395853	22396868	2	-2.9395
4e75ac96-f2d0-448b-9169-3cb35b244af0	7	22399135	52643044	21057	0.0034
4e75ac96-f2d0-448b-9169-3cb35b244af0	7	52646339	52646521	2	-2.7277
4e75ac96-f2d0-448b-9169-3cb35b244af0	7	52647819	54305455	1198	0.0009
4e75ac96-f2d0-448b-9169-3cb35b244af0	7	54318812	54318824	6	-2.4335
4e75ac96-f2d0-448b-9169-3cb35b244af0	7	54325795	65495544	3178	0.0103
4e75ac96-f2d0-448b-9169-3cb35b244af0	7	65498738	65595036	11	-0.8116
4e75ac96-f2d0-448b-9169-3cb35b244af0	7	65595136	126404920	35004	0.004
4e75ac96-f2d0-448b-9169-3cb35b244af0	7	126405428	126406561	12	1.134
4e75ac96-f2d0-448b-9169-3cb35b244af0	7	126406822	134093884	4665	0.0073
4e75ac96-f2d0-448b-9169-3cb35b244af0	7	134093896	134105690	27	0.7147
4e75ac96-f2d0-448b-9169-3cb35b244af0	7	134110881	154598185	12759	0.0091
4e75ac96-f2d0-448b-9169-3cb35b244af0	7	154601461	154607903	4	-2.1689
4e75ac96-f2d0-448b-9169-3cb35b244af0	7	154609120	157721518	2228	0.0053
4e75ac96-f2d0-448b-9169-3cb35b244af0	7	157726604	159280682	941	0.0881
4e75ac96-f2d0-448b-9169-3cb35b244af0	7	159284055	159334314	51	-0.1236
4e75ac96-f2d0-448b-9169-3cb35b244af0	8	81254	7120877	7631	0.0387
4e75ac96-f2d0-448b-9169-3cb35b244af0	8	7124748	7380497	42	-0.4119
4e75ac96-f2d0-448b-9169-3cb35b244af0	8	7396819	7513956	13	0.3077
4e75ac96-f2d0-448b-9169-3cb35b244af0	8	7514723	7890177	13	-0.6994
4e75ac96-f2d0-448b-9169-3cb35b244af0	8	7919608	12092042	3213	0.0368
4e75ac96-f2d0-448b-9169-3cb35b244af0	8	12130217	12143614	6	-1.1786
4e75ac96-f2d0-448b-9169-3cb35b244af0	8	12176798	25116928	10346	0.0001
4e75ac96-f2d0-448b-9169-3cb35b244af0	8	25116961	25126818	26	-0.5675
4e75ac96-f2d0-448b-9169-3cb35b244af0	8	25133589	32311921	4939	-0.0025
4e75ac96-f2d0-448b-9169-3cb35b244af0	8	32312024	32314446	3	-1.5947
4e75ac96-f2d0-448b-9169-3cb35b244af0	8	32314494	37338998	2985	-0.0001
4e75ac96-f2d0-448b-9169-3cb35b244af0	8	37347983	39373140	1007	0.0252
4e75ac96-f2d0-448b-9169-3cb35b244af0	8	39378084	39529446	59	1.1309
4e75ac96-f2d0-448b-9169-3cb35b244af0	8	39530780	40326280	585	0.0043
4e75ac96-f2d0-448b-9169-3cb35b244af0	8	40326286	40331963	30	-0.869
4e75ac96-f2d0-448b-9169-3cb35b244af0	8	40331978	72252763	17831	0.0033
4e75ac96-f2d0-448b-9169-3cb35b244af0	8	72263677	72266446	2	-2.0387
4e75ac96-f2d0-448b-9169-3cb35b244af0	8	72270154	130840369	36189	0.0046
4e75ac96-f2d0-448b-9169-3cb35b244af0	8	130842946	130843478	2	-2.2017
4e75ac96-f2d0-448b-9169-3cb35b244af0	8	130843797	141211692	8120	0.0086
4e75ac96-f2d0-448b-9169-3cb35b244af0	8	141211775	144851387	1499	0.1112
4e75ac96-f2d0-448b-9169-3cb35b244af0	8	144855326	145072769	130	-0.0036
4e75ac96-f2d0-448b-9169-3cb35b244af0	9	46587	6695986	6303	0.0137
4e75ac96-f2d0-448b-9169-3cb35b244af0	9	6701145	6708357	7	-3.1766
4e75ac96-f2d0-448b-9169-3cb35b244af0	9	6712314	16898260	8824	0.0026
4e75ac96-f2d0-448b-9169-3cb35b244af0	9	16903448	16913797	39	-0.8696
4e75ac96-f2d0-448b-9169-3cb35b244af0	9	16914010	23361807	5024	0.0044
4e75ac96-f2d0-448b-9169-3cb35b244af0	9	23363117	23373486	8	-1.8711
4e75ac96-f2d0-448b-9169-3cb35b244af0	9	23378490	31193237	5735	0.0037
4e75ac96-f2d0-448b-9169-3cb35b244af0	9	31195001	31233320	36	-0.9817
4e75ac96-f2d0-448b-9169-3cb35b244af0	9	31234840	39588611	4872	0.0115
4e75ac96-f2d0-448b-9169-3cb35b244af0	9	39747848	40099921	8	-1.0003
4e75ac96-f2d0-448b-9169-3cb35b244af0	9	40189830	41569588	72	-0.0706
4e75ac96-f2d0-448b-9169-3cb35b244af0	9	41569590	41659472	18	-0.7916
4e75ac96-f2d0-448b-9169-3cb35b244af0	9	41666811	42856247	86	0.0817
4e75ac96-f2d0-448b-9169-3cb35b244af0	9	60863881	63620755	92	-0.2964
4e75ac96-f2d0-448b-9169-3cb35b244af0	9	63620856	116094241	34026	0.008
4e75ac96-f2d0-448b-9169-3cb35b244af0	9	116094488	116097104	3	-3.8518
4e75ac96-f2d0-448b-9169-3cb35b244af0	9	116098328	138177075	13601	0.008
4e75ac96-f2d0-448b-9169-3cb35b244af0	9	138177488	138200944	6	1.0839
4e75ac96-f2d0-448b-9169-3cb35b244af0	10	45792	1124836	613	0.0629
4e75ac96-f2d0-448b-9169-3cb35b244af0	10	1125794	1274325	94	0.2873
4e75ac96-f2d0-448b-9169-3cb35b244af0	10	1275770	4197915	2775	0.0137
4e75ac96-f2d0-448b-9169-3cb35b244af0	10	4198530	4199380	4	-1.4382
4e75ac96-f2d0-448b-9169-3cb35b244af0	10	4201806	24088745	15528	0.0021
4e75ac96-f2d0-448b-9169-3cb35b244af0	10	24088746	24089125	10	-2.011
4e75ac96-f2d0-448b-9169-3cb35b244af0	10	24089979	26933116	1966	-0.0036
4e75ac96-f2d0-448b-9169-3cb35b244af0	10	26934974	26939510	12	0.6089
4e75ac96-f2d0-448b-9169-3cb35b244af0	10	26939523	30962405	3002	0.0039
4e75ac96-f2d0-448b-9169-3cb35b244af0	10	30962419	30962753	6	-1.0548
4e75ac96-f2d0-448b-9169-3cb35b244af0	10	30962785	41796971	4818	0.0057
4e75ac96-f2d0-448b-9169-3cb35b244af0	10	41798237	42358241	48	-0.3176
4e75ac96-f2d0-448b-9169-3cb35b244af0	10	42358254	44752045	1722	0.0062
4e75ac96-f2d0-448b-9169-3cb35b244af0	10	44752240	44767158	19	0.5282
4e75ac96-f2d0-448b-9169-3cb35b244af0	10	44768003	46195690	631	0.014
4e75ac96-f2d0-448b-9169-3cb35b244af0	10	46196488	46526265	177	0.1954
4e75ac96-f2d0-448b-9169-3cb35b244af0	10	46526280	46708121	34	-0.1136
4e75ac96-f2d0-448b-9169-3cb35b244af0	10	46708198	46967412	10	-1.3017
4e75ac96-f2d0-448b-9169-3cb35b244af0	10	47002596	50658896	2021	0.0672
4e75ac96-f2d0-448b-9169-3cb35b244af0	10	50659047	57443289	5019	0.0003
4e75ac96-f2d0-448b-9169-3cb35b244af0	10	57450745	57451013	4	-2.8206
4e75ac96-f2d0-448b-9169-3cb35b244af0	10	57458735	133419150	51220	0.0093
4e75ac96-f2d0-448b-9169-3cb35b244af0	10	133420636	133574363	114	0.6618
4e75ac96-f2d0-448b-9169-3cb35b244af0	10	133574371	133654968	33	0.0624
4e75ac96-f2d0-448b-9169-3cb35b244af0	11	198510	4274526	1733	0.0164
4e75ac96-f2d0-448b-9169-3cb35b244af0	11	4280126	4363567	17	0.8396
4e75ac96-f2d0-448b-9169-3cb35b244af0	11	4365435	4946166	645	0.0088
4e75ac96-f2d0-448b-9169-3cb35b244af0	11	4946420	4952799	26	0.7363
4e75ac96-f2d0-448b-9169-3cb35b244af0	11	4953934	5766862	776	0.0171
4e75ac96-f2d0-448b-9169-3cb35b244af0	11	5768371	5788231	32	-0.6407
4e75ac96-f2d0-448b-9169-3cb35b244af0	11	5791130	48739732	29818	0.0052
4e75ac96-f2d0-448b-9169-3cb35b244af0	11	48739740	48761945	12	-0.8243
4e75ac96-f2d0-448b-9169-3cb35b244af0	11	48762166	55595864	1099	-0.0172
4e75ac96-f2d0-448b-9169-3cb35b244af0	11	55606556	55695678	64	0.4133
4e75ac96-f2d0-448b-9169-3cb35b244af0	11	55701048	133041669	50304	0.0081
4e75ac96-f2d0-448b-9169-3cb35b244af0	11	133042949	135018902	1478	0.0752
4e75ac96-f2d0-448b-9169-3cb35b244af0	11	135018917	135074876	38	-0.1004
4e75ac96-f2d0-448b-9169-3cb35b244af0	12	51460	1700995	966	0.05
4e75ac96-f2d0-448b-9169-3cb35b244af0	12	1702316	127511714	79036	0.0051
4e75ac96-f2d0-448b-9169-3cb35b244af0	12	127512471	129384752	1656	0.0507
4e75ac96-f2d0-448b-9169-3cb35b244af0	12	129390231	129390525	2	-1.8021
4e75ac96-f2d0-448b-9169-3cb35b244af0	12	129391468	131636170	1889	0.0608
4e75ac96-f2d0-448b-9169-3cb35b244af0	12	131648039	131669648	19	0.7023
4e75ac96-f2d0-448b-9169-3cb35b244af0	12	131670006	133201603	549	0.0531
4e75ac96-f2d0-448b-9169-3cb35b244af0	13	18452809	37496998	13335	0.0107
4e75ac96-f2d0-448b-9169-3cb35b244af0	13	37497899	37510620	16	0.8797
4e75ac96-f2d0-448b-9169-3cb35b244af0	13	37514193	57176962	12405	0.0015
4e75ac96-f2d0-448b-9169-3cb35b244af0	13	57184136	57204246	34	-2.1921
4e75ac96-f2d0-448b-9169-3cb35b244af0	13	57215580	114342922	37708	0.0027
4e75ac96-f2d0-448b-9169-3cb35b244af0	14	18239283	19945699	159	0.2514
4e75ac96-f2d0-448b-9169-3cb35b244af0	14	19949702	22152030	1544	-0.0079
4e75ac96-f2d0-448b-9169-3cb35b244af0	14	22155699	22526139	314	-0.1363
4e75ac96-f2d0-448b-9169-3cb35b244af0	14	22526849	60589222	23751	0.0048
4e75ac96-f2d0-448b-9169-3cb35b244af0	14	60591424	60592418	2	-2.9366
4e75ac96-f2d0-448b-9169-3cb35b244af0	14	60599500	63340314	1777	0.017
4e75ac96-f2d0-448b-9169-3cb35b244af0	14	63341771	63357080	13	0.624
4e75ac96-f2d0-448b-9169-3cb35b244af0	14	63359967	69551330	3731	0.0125
4e75ac96-f2d0-448b-9169-3cb35b244af0	14	69551651	69556009	10	-0.8339
4e75ac96-f2d0-448b-9169-3cb35b244af0	14	69556227	73526068	2596	0.0167
4e75ac96-f2d0-448b-9169-3cb35b244af0	14	73529070	73563196	11	0.9157
4e75ac96-f2d0-448b-9169-3cb35b244af0	14	73563211	106258891	20680	0.0066
4e75ac96-f2d0-448b-9169-3cb35b244af0	14	106260759	106266923	7	1.0433
4e75ac96-f2d0-448b-9169-3cb35b244af0	14	106271566	106297265	11	-0.1593
4e75ac96-f2d0-448b-9169-3cb35b244af0	14	106297268	106297273	2	-2.0959
4e75ac96-f2d0-448b-9169-3cb35b244af0	14	106297409	106877229	294	0.1249
4e75ac96-f2d0-448b-9169-3cb35b244af0	15	19811075	24401996	1186	0.0178
4e75ac96-f2d0-448b-9169-3cb35b244af0	15	24402847	24469643	35	-0.6472
4e75ac96-f2d0-448b-9169-3cb35b244af0	15	24469692	30077828	3573	0.0272
4e75ac96-f2d0-448b-9169-3cb35b244af0	15	30094208	30633402	41	-0.7829
4e75ac96-f2d0-448b-9169-3cb35b244af0	15	30638297	34652036	2659	0.0124
4e75ac96-f2d0-448b-9169-3cb35b244af0	15	34652182	34656918	3	-2.0958
4e75ac96-f2d0-448b-9169-3cb35b244af0	15	34656993	101150086	43058	0.0067
4e75ac96-f2d0-448b-9169-3cb35b244af0	15	101150114	101156200	4	1.43
4e75ac96-f2d0-448b-9169-3cb35b244af0	15	101157048	101928837	545	0.0218
4e75ac96-f2d0-448b-9169-3cb35b244af0	16	10777	12016	3	-1.5515
4e75ac96-f2d0-448b-9169-3cb35b244af0	16	35827	84019057	47230	0.0198
4e75ac96-f2d0-448b-9169-3cb35b244af0	16	84022882	84717888	639	0.1457
4e75ac96-f2d0-448b-9169-3cb35b244af0	16	84721292	88583347	2942	0.0194
4e75ac96-f2d0-448b-9169-3cb35b244af0	16	88583497	90096867	648	0.1131
4e75ac96-f2d0-448b-9169-3cb35b244af0	17	150733	83091923	44719	0.0148
4e75ac96-f2d0-448b-9169-3cb35b244af0	18	48133	80257174	50278	0.0066
4e75ac96-f2d0-448b-9169-3cb35b244af0	19	90910	35358420	16616	0.0093
4e75ac96-f2d0-448b-9169-3cb35b244af0	19	35364451	35370946	21	-1.801
4e75ac96-f2d0-448b-9169-3cb35b244af0	19	35375842	58586487	12317	0.012
4e75ac96-f2d0-448b-9169-3cb35b244af0	20	80664	1580305	1190	0.0465
4e75ac96-f2d0-448b-9169-3cb35b244af0	20	1580353	1613247	42	1.5765
4e75ac96-f2d0-448b-9169-3cb35b244af0	20	1617300	64324800	40829	0.0089
4e75ac96-f2d0-448b-9169-3cb35b244af0	21	10354168	10569525	55	-0.3226
4e75ac96-f2d0-448b-9169-3cb35b244af0	21	10571815	45251056	22812	-0.0013
4e75ac96-f2d0-448b-9169-3cb35b244af0	21	45251731	45629689	183	0.1883
4e75ac96-f2d0-448b-9169-3cb35b244af0	21	45629951	46677045	615	0.002
4e75ac96-f2d0-448b-9169-3cb35b244af0	22	15294547	15825930	35	0.1947
4e75ac96-f2d0-448b-9169-3cb35b244af0	22	15869820	16807330	132	0.5463
4e75ac96-f2d0-448b-9169-3cb35b244af0	22	16819011	17014661	133	-0.0181
4e75ac96-f2d0-448b-9169-3cb35b244af0	22	17018144	17018618	2	-1.6355
4e75ac96-f2d0-448b-9169-3cb35b244af0	22	17019000	18190590	821	0.0061
4e75ac96-f2d0-448b-9169-3cb35b244af0	22	18392404	23348125	2864	0.1108
4e75ac96-f2d0-448b-9169-3cb35b244af0	22	23348201	25265731	1203	0.0338
4e75ac96-f2d0-448b-9169-3cb35b244af0	22	25268018	25522742	282	-0.9348
4e75ac96-f2d0-448b-9169-3cb35b244af0	22	25526375	48671241	16280	0.0089
4e75ac96-f2d0-448b-9169-3cb35b244af0	22	48671614	50796027	1396	0.0751
4e75ac96-f2d0-448b-9169-3cb35b244af0	X	251810	7182164	3400	0.0199
4e75ac96-f2d0-448b-9169-3cb35b244af0	X	7185165	7188165	4	2.2645
4e75ac96-f2d0-448b-9169-3cb35b244af0	X	7190809	9291938	1550	-0.0095
4e75ac96-f2d0-448b-9169-3cb35b244af0	X	9292005	9293170	2	-4.1923
4e75ac96-f2d0-448b-9169-3cb35b244af0	X	9295869	10111512	665	0.012
4e75ac96-f2d0-448b-9169-3cb35b244af0	X	10111521	10128378	11	1.4808
4e75ac96-f2d0-448b-9169-3cb35b244af0	X	10129540	45988987	22001	0.0079
4e75ac96-f2d0-448b-9169-3cb35b244af0	X	45989489	45989573	2	-3.9885
4e75ac96-f2d0-448b-9169-3cb35b244af0	X	45989675	56741797	4608	-0.0014
4e75ac96-f2d0-448b-9169-3cb35b244af0	X	56742423	56742773	2	-4.3735
4e75ac96-f2d0-448b-9169-3cb35b244af0	X	56746645	56863202	77	0.0915
4e75ac96-f2d0-448b-9169-3cb35b244af0	X	56863342	56864156	2	-3.4647
4e75ac96-f2d0-448b-9169-3cb35b244af0	X	56865720	62538453	696	0.0196
4e75ac96-f2d0-448b-9169-3cb35b244af0	X	62554105	62937141	63	0.973
4e75ac96-f2d0-448b-9169-3cb35b244af0	X	62947312	118883488	28150	0.0058
4e75ac96-f2d0-448b-9169-3cb35b244af0	X	118885642	118887088	2	-5.4011
4e75ac96-f2d0-448b-9169-3cb35b244af0	X	118887176	126203774	4244	-0.0002
4e75ac96-f2d0-448b-9169-3cb35b244af0	X	126203900	126204012	2	-4.8242
4e75ac96-f2d0-448b-9169-3cb35b244af0	X	126208071	155952689	17208	0.0148
4e75ac96-f2d0-448b-9169-3cb35b244af0	Y	2782397	56872112	6633	-0.9374
