GDC_Aliquot	Chromosome	Start	End	Num_Probes	Segment_Mean
66357110-4492-4df6-8dc6-8217b7961ddb	1	62920	16721984	8673	0.0023
66357110-4492-4df6-8dc6-8217b7961ddb	1	16766762	16935752	69	0.41
66357110-4492-4df6-8dc6-8217b7961ddb	1	16949746	25276440	5258	-0.0001
66357110-4492-4df6-8dc6-8217b7961ddb	1	25277975	25319167	10	-0.7648
66357110-4492-4df6-8dc6-8217b7961ddb	1	25319693	34622883	4931	0.0027
66357110-4492-4df6-8dc6-8217b7961ddb	1	34625857	34638890	24	-0.6223
66357110-4492-4df6-8dc6-8217b7961ddb	1	34648667	105476583	44655	0.002
66357110-4492-4df6-8dc6-8217b7961ddb	1	105476614	105479753	16	-2.0611
66357110-4492-4df6-8dc6-8217b7961ddb	1	105481433	108187137	1933	0.0067
66357110-4492-4df6-8dc6-8217b7961ddb	1	108191613	108192255	2	-3.9892
66357110-4492-4df6-8dc6-8217b7961ddb	1	108194874	109684893	694	0.0113
66357110-4492-4df6-8dc6-8217b7961ddb	1	109690352	109697556	13	-1.1386
66357110-4492-4df6-8dc6-8217b7961ddb	1	109702376	110789487	801	-0.0047
66357110-4492-4df6-8dc6-8217b7961ddb	1	110792420	110845604	70	0.2341
66357110-4492-4df6-8dc6-8217b7961ddb	1	110849445	112147704	1068	-0.0003
66357110-4492-4df6-8dc6-8217b7961ddb	1	112153343	112163440	28	0.5905
66357110-4492-4df6-8dc6-8217b7961ddb	1	112163460	143546851	5150	-0.0037
66357110-4492-4df6-8dc6-8217b7961ddb	1	143547055	143928045	121	-0.8014
66357110-4492-4df6-8dc6-8217b7961ddb	1	143942271	152583051	2306	0.0236
66357110-4492-4df6-8dc6-8217b7961ddb	1	152583230	152614118	35	1.3014
66357110-4492-4df6-8dc6-8217b7961ddb	1	152618018	152789463	168	-0.0111
66357110-4492-4df6-8dc6-8217b7961ddb	1	152789479	152795805	31	0.5528
66357110-4492-4df6-8dc6-8217b7961ddb	1	152795862	174826800	14758	0.0018
66357110-4492-4df6-8dc6-8217b7961ddb	1	174827128	174832716	19	-0.9512
66357110-4492-4df6-8dc6-8217b7961ddb	1	174832734	206835963	21048	0.0045
66357110-4492-4df6-8dc6-8217b7961ddb	1	206836043	206837489	3	-2.5279
66357110-4492-4df6-8dc6-8217b7961ddb	1	206838113	248930189	29312	0.0057
66357110-4492-4df6-8dc6-8217b7961ddb	2	12784	34466002	24031	0.0054
66357110-4492-4df6-8dc6-8217b7961ddb	2	34474248	34512489	48	-0.4568
66357110-4492-4df6-8dc6-8217b7961ddb	2	34512965	35750907	867	0.0474
66357110-4492-4df6-8dc6-8217b7961ddb	2	35752724	35762850	6	-2.1935
66357110-4492-4df6-8dc6-8217b7961ddb	2	35762881	52531677	12111	0.0144
66357110-4492-4df6-8dc6-8217b7961ddb	2	52531803	52554404	29	-0.5239
66357110-4492-4df6-8dc6-8217b7961ddb	2	52560811	86710564	21849	0.0078
66357110-4492-4df6-8dc6-8217b7961ddb	2	86725947	86745723	5	-1.1864
66357110-4492-4df6-8dc6-8217b7961ddb	2	86747195	87462096	150	-0.0562
66357110-4492-4df6-8dc6-8217b7961ddb	2	87463778	87465499	2	-2.4746
66357110-4492-4df6-8dc6-8217b7961ddb	2	87466706	87522664	18	-0.3424
66357110-4492-4df6-8dc6-8217b7961ddb	2	87528459	87551361	4	-2.2406
66357110-4492-4df6-8dc6-8217b7961ddb	2	87569749	89019816	613	-0.0125
66357110-4492-4df6-8dc6-8217b7961ddb	2	89021424	89069842	11	-0.7965
66357110-4492-4df6-8dc6-8217b7961ddb	2	89085826	127084661	19017	0.0062
66357110-4492-4df6-8dc6-8217b7961ddb	2	127084748	127100370	11	-0.9086
66357110-4492-4df6-8dc6-8217b7961ddb	2	127101070	134154672	4009	-0.0008
66357110-4492-4df6-8dc6-8217b7961ddb	2	134154691	134154900	2	-2.1417
66357110-4492-4df6-8dc6-8217b7961ddb	2	134155369	146104517	7425	0.0065
66357110-4492-4df6-8dc6-8217b7961ddb	2	146106836	146109366	24	-1.8265
66357110-4492-4df6-8dc6-8217b7961ddb	2	146120238	159102108	7765	0.0073
66357110-4492-4df6-8dc6-8217b7961ddb	2	159103831	159104461	2	-2.3713
66357110-4492-4df6-8dc6-8217b7961ddb	2	159106775	182732735	14759	0.0037
66357110-4492-4df6-8dc6-8217b7961ddb	2	182735041	188863170	3442	0.0447
66357110-4492-4df6-8dc6-8217b7961ddb	2	188863265	207486030	10902	0.0119
66357110-4492-4df6-8dc6-8217b7961ddb	2	207490188	207494612	17	-0.8775
66357110-4492-4df6-8dc6-8217b7961ddb	2	207494752	236843202	18874	-0.0001
66357110-4492-4df6-8dc6-8217b7961ddb	2	236845171	236847307	2	-3.6552
66357110-4492-4df6-8dc6-8217b7961ddb	2	236849207	242147305	3136	0.0011
66357110-4492-4df6-8dc6-8217b7961ddb	3	20930	164380	132	-0.0341
66357110-4492-4df6-8dc6-8217b7961ddb	3	164447	6511265	5613	0.0546
66357110-4492-4df6-8dc6-8217b7961ddb	3	6511767	52998022	29892	0.0051
66357110-4492-4df6-8dc6-8217b7961ddb	3	52999132	53005100	24	-0.826
66357110-4492-4df6-8dc6-8217b7961ddb	3	53005201	59807336	4634	0.0004
66357110-4492-4df6-8dc6-8217b7961ddb	3	59807935	59810199	3	-1.5258
66357110-4492-4df6-8dc6-8217b7961ddb	3	59810815	60365829	656	0.0475
66357110-4492-4df6-8dc6-8217b7961ddb	3	60366174	60602894	274	0.1603
66357110-4492-4df6-8dc6-8217b7961ddb	3	60603605	75519398	11367	0.0063
66357110-4492-4df6-8dc6-8217b7961ddb	3	75523398	75537654	6	-1.5973
66357110-4492-4df6-8dc6-8217b7961ddb	3	75546030	98180575	10372	0.0079
66357110-4492-4df6-8dc6-8217b7961ddb	3	98189826	98195973	4	-1.8449
66357110-4492-4df6-8dc6-8217b7961ddb	3	98197104	130067366	19286	0.0039
66357110-4492-4df6-8dc6-8217b7961ddb	3	130067443	130087393	31	0.7159
66357110-4492-4df6-8dc6-8217b7961ddb	3	130088081	162815162	20230	0.0094
66357110-4492-4df6-8dc6-8217b7961ddb	3	162816942	162822702	6	-2.2705
66357110-4492-4df6-8dc6-8217b7961ddb	3	162827928	162906109	46	0.4653
66357110-4492-4df6-8dc6-8217b7961ddb	3	162908192	162908815	4	-1.5081
66357110-4492-4df6-8dc6-8217b7961ddb	3	162910826	162996729	70	0.1547
66357110-4492-4df6-8dc6-8217b7961ddb	3	162999939	163001774	2	-2.8996
66357110-4492-4df6-8dc6-8217b7961ddb	3	163008371	193160113	19044	0.0119
66357110-4492-4df6-8dc6-8217b7961ddb	3	193160173	193165114	19	1.7767
66357110-4492-4df6-8dc6-8217b7961ddb	3	193168646	198169247	2687	0.0221
66357110-4492-4df6-8dc6-8217b7961ddb	4	68929	9455251	5143	-0.0095
66357110-4492-4df6-8dc6-8217b7961ddb	4	9459504	9477699	6	-1.1605
66357110-4492-4df6-8dc6-8217b7961ddb	4	9484440	10208766	536	0.0016
66357110-4492-4df6-8dc6-8217b7961ddb	4	10221792	10233558	34	-1.1249
66357110-4492-4df6-8dc6-8217b7961ddb	4	10233644	34785368	16940	0.0031
66357110-4492-4df6-8dc6-8217b7961ddb	4	34785527	34828250	36	0.4796
66357110-4492-4df6-8dc6-8217b7961ddb	4	34828291	69254604	19793	0.0085
66357110-4492-4df6-8dc6-8217b7961ddb	4	69254981	69362906	55	-0.7093
66357110-4492-4df6-8dc6-8217b7961ddb	4	69362938	74347559	3008	0.0068
66357110-4492-4df6-8dc6-8217b7961ddb	4	74347642	74350521	3	-2.2159
66357110-4492-4df6-8dc6-8217b7961ddb	4	74354069	130120778	33652	0.0074
66357110-4492-4df6-8dc6-8217b7961ddb	4	130121002	130133076	2	-3.6355
66357110-4492-4df6-8dc6-8217b7961ddb	4	130137041	160120152	17875	0.0052
66357110-4492-4df6-8dc6-8217b7961ddb	4	160131622	160149637	39	-0.8115
66357110-4492-4df6-8dc6-8217b7961ddb	4	160162718	160952848	592	0.0158
66357110-4492-4df6-8dc6-8217b7961ddb	4	160958866	160963448	20	-0.486
66357110-4492-4df6-8dc6-8217b7961ddb	4	160963756	171448195	6656	0.0132
66357110-4492-4df6-8dc6-8217b7961ddb	4	171453733	171456573	11	-1.5802
66357110-4492-4df6-8dc6-8217b7961ddb	4	171456625	189267889	12105	0.0196
66357110-4492-4df6-8dc6-8217b7961ddb	4	189273964	189278110	4	-3.1071
66357110-4492-4df6-8dc6-8217b7961ddb	4	189278617	190106768	350	0.0647
66357110-4492-4df6-8dc6-8217b7961ddb	5	15532	8702128	6915	0.017
66357110-4492-4df6-8dc6-8217b7961ddb	5	8702410	8747030	47	-0.8919
66357110-4492-4df6-8dc6-8217b7961ddb	5	8749619	27605934	12272	0.0107
66357110-4492-4df6-8dc6-8217b7961ddb	5	27607964	27632193	13	-1.0687
66357110-4492-4df6-8dc6-8217b7961ddb	5	27638650	34599977	4518	0.0162
66357110-4492-4df6-8dc6-8217b7961ddb	5	34600158	34615859	10	-0.6555
66357110-4492-4df6-8dc6-8217b7961ddb	5	34615931	46271006	6799	0.0043
66357110-4492-4df6-8dc6-8217b7961ddb	5	46271828	46273400	6	-2.7135
66357110-4492-4df6-8dc6-8217b7961ddb	5	46278110	50409180	99	0.2342
66357110-4492-4df6-8dc6-8217b7961ddb	5	50410956	58030200	4964	0.0085
66357110-4492-4df6-8dc6-8217b7961ddb	5	58030336	58037089	27	-0.5161
66357110-4492-4df6-8dc6-8217b7961ddb	5	58037128	86815939	16910	0.0037
66357110-4492-4df6-8dc6-8217b7961ddb	5	86819561	86823329	3	-2.4322
66357110-4492-4df6-8dc6-8217b7961ddb	5	86825812	99152826	6770	0.0015
66357110-4492-4df6-8dc6-8217b7961ddb	5	99155237	100733747	897	0.1088
66357110-4492-4df6-8dc6-8217b7961ddb	5	100737382	174236186	48268	0.0065
66357110-4492-4df6-8dc6-8217b7961ddb	5	174236935	174239481	2	-3.461
66357110-4492-4df6-8dc6-8217b7961ddb	5	174239655	181363319	4028	0.0087
66357110-4492-4df6-8dc6-8217b7961ddb	6	149661	31309909	22269	0.0035
66357110-4492-4df6-8dc6-8217b7961ddb	6	31313046	31328674	12	-1.4957
66357110-4492-4df6-8dc6-8217b7961ddb	6	31342147	32562367	519	0.0374
66357110-4492-4df6-8dc6-8217b7961ddb	6	32562521	32605994	9	-0.9415
66357110-4492-4df6-8dc6-8217b7961ddb	6	32606237	54066286	13686	0.0035
66357110-4492-4df6-8dc6-8217b7961ddb	6	54066353	54067057	7	-1.1634
66357110-4492-4df6-8dc6-8217b7961ddb	6	54070550	78246837	13128	0.0071
66357110-4492-4df6-8dc6-8217b7961ddb	6	78251492	78325468	123	0.5354
66357110-4492-4df6-8dc6-8217b7961ddb	6	78329517	90416016	7535	0.0019
66357110-4492-4df6-8dc6-8217b7961ddb	6	90416570	90416903	5	-1.0066
66357110-4492-4df6-8dc6-8217b7961ddb	6	90416954	93778242	2360	-0.0077
66357110-4492-4df6-8dc6-8217b7961ddb	6	93778601	95386776	774	0.0988
66357110-4492-4df6-8dc6-8217b7961ddb	6	95388284	103286954	4775	-0.0023
66357110-4492-4df6-8dc6-8217b7961ddb	6	103290101	103314186	46	0.7004
66357110-4492-4df6-8dc6-8217b7961ddb	6	103317795	170741917	44060	0.0054
66357110-4492-4df6-8dc6-8217b7961ddb	7	43355	16657813	11376	0.0154
66357110-4492-4df6-8dc6-8217b7961ddb	7	16660822	16662219	10	-1.0145
66357110-4492-4df6-8dc6-8217b7961ddb	7	16670083	22395161	4642	0.0261
66357110-4492-4df6-8dc6-8217b7961ddb	7	22395853	22396868	2	-3.3607
66357110-4492-4df6-8dc6-8217b7961ddb	7	22399135	30971870	6191	0.0027
66357110-4492-4df6-8dc6-8217b7961ddb	7	30973889	30975915	2	-2.2847
66357110-4492-4df6-8dc6-8217b7961ddb	7	30978432	70955452	22299	0.0056
66357110-4492-4df6-8dc6-8217b7961ddb	7	70958264	70961155	2	-1.9998
66357110-4492-4df6-8dc6-8217b7961ddb	7	70963257	76514576	2136	0.0092
66357110-4492-4df6-8dc6-8217b7961ddb	7	76524031	76527224	3	-1.3622
66357110-4492-4df6-8dc6-8217b7961ddb	7	76531980	88716180	7724	0.0121
66357110-4492-4df6-8dc6-8217b7961ddb	7	88716654	90119714	935	0.1061
66357110-4492-4df6-8dc6-8217b7961ddb	7	90122155	97756658	4867	-0.0045
66357110-4492-4df6-8dc6-8217b7961ddb	7	97766148	97773163	16	0.4778
66357110-4492-4df6-8dc6-8217b7961ddb	7	97774928	109793720	6585	0.0091
66357110-4492-4df6-8dc6-8217b7961ddb	7	109793728	109813853	37	0.6236
66357110-4492-4df6-8dc6-8217b7961ddb	7	109813925	111283392	993	0.0096
66357110-4492-4df6-8dc6-8217b7961ddb	7	111286668	111663603	215	0.1427
66357110-4492-4df6-8dc6-8217b7961ddb	7	111669738	126404920	8804	0.0065
66357110-4492-4df6-8dc6-8217b7961ddb	7	126405428	126406561	12	0.9143
66357110-4492-4df6-8dc6-8217b7961ddb	7	126406822	144199159	11139	0.0093
66357110-4492-4df6-8dc6-8217b7961ddb	7	144207186	144352208	15	0.782
66357110-4492-4df6-8dc6-8217b7961ddb	7	144377836	155095616	6842	0.0119
66357110-4492-4df6-8dc6-8217b7961ddb	7	155095656	155095770	4	-1.278
66357110-4492-4df6-8dc6-8217b7961ddb	7	155095787	159334314	2774	0.0063
66357110-4492-4df6-8dc6-8217b7961ddb	8	81254	644973	324	0.063
66357110-4492-4df6-8dc6-8217b7961ddb	8	645220	645875	6	0.9594
66357110-4492-4df6-8dc6-8217b7961ddb	8	645892	645908	2	4.6755
66357110-4492-4df6-8dc6-8217b7961ddb	8	656117	17596651	15239	0.0252
66357110-4492-4df6-8dc6-8217b7961ddb	8	17596745	144583655	79439	0.0038
66357110-4492-4df6-8dc6-8217b7961ddb	8	144584805	145072769	227	0.0543
66357110-4492-4df6-8dc6-8217b7961ddb	9	46587	3838708	3819	0.0178
66357110-4492-4df6-8dc6-8217b7961ddb	9	3840625	3840882	2	-1.9196
66357110-4492-4df6-8dc6-8217b7961ddb	9	3840936	9785685	5446	0.0206
66357110-4492-4df6-8dc6-8217b7961ddb	9	9785805	12521813	2363	0.0736
66357110-4492-4df6-8dc6-8217b7961ddb	9	12521826	28001005	12227	0.0047
66357110-4492-4df6-8dc6-8217b7961ddb	9	28001222	30591739	1890	0.0555
66357110-4492-4df6-8dc6-8217b7961ddb	9	30591803	30597972	5	0.9597
66357110-4492-4df6-8dc6-8217b7961ddb	9	30598663	30653465	25	0.069
66357110-4492-4df6-8dc6-8217b7961ddb	9	30654172	41659472	5419	-0.003
66357110-4492-4df6-8dc6-8217b7961ddb	9	41666811	42073850	11	0.5818
66357110-4492-4df6-8dc6-8217b7961ddb	9	42080170	42308537	28	-0.0139
66357110-4492-4df6-8dc6-8217b7961ddb	9	42501791	42715632	15	-0.5585
66357110-4492-4df6-8dc6-8217b7961ddb	9	42719891	61405110	45	-0.0238
66357110-4492-4df6-8dc6-8217b7961ddb	9	61520021	61668104	32	-1.3831
66357110-4492-4df6-8dc6-8217b7961ddb	9	61680289	137358304	47529	0.0036
66357110-4492-4df6-8dc6-8217b7961ddb	9	137358336	137361381	5	-1.6456
66357110-4492-4df6-8dc6-8217b7961ddb	9	137378551	138200944	405	0.0032
66357110-4492-4df6-8dc6-8217b7961ddb	10	45792	17885034	14801	0.0083
66357110-4492-4df6-8dc6-8217b7961ddb	10	17896194	17907840	2	-2.2083
66357110-4492-4df6-8dc6-8217b7961ddb	10	17910884	24086334	4330	0.0039
66357110-4492-4df6-8dc6-8217b7961ddb	10	24088745	24089125	11	-2.0786
66357110-4492-4df6-8dc6-8217b7961ddb	10	24089979	26939421	1983	-0.0002
66357110-4492-4df6-8dc6-8217b7961ddb	10	26939492	26939544	4	-1.3237
66357110-4492-4df6-8dc6-8217b7961ddb	10	26941064	27298602	193	-0.0015
66357110-4492-4df6-8dc6-8217b7961ddb	10	27304498	27308509	2	-1.8479
66357110-4492-4df6-8dc6-8217b7961ddb	10	27318256	45817039	10003	0.0046
66357110-4492-4df6-8dc6-8217b7961ddb	10	45936113	45998155	2	-1.59
66357110-4492-4df6-8dc6-8217b7961ddb	10	45999975	46560525	272	0.0171
66357110-4492-4df6-8dc6-8217b7961ddb	10	46606240	46632302	5	-1.4468
66357110-4492-4df6-8dc6-8217b7961ddb	10	46657149	56753095	6524	0.0088
66357110-4492-4df6-8dc6-8217b7961ddb	10	56756615	56765982	35	0.4409
66357110-4492-4df6-8dc6-8217b7961ddb	10	56766034	96021025	26123	0.0061
66357110-4492-4df6-8dc6-8217b7961ddb	10	96021148	96021459	3	-2.3475
66357110-4492-4df6-8dc6-8217b7961ddb	10	96023610	133654968	26077	-0.0008
66357110-4492-4df6-8dc6-8217b7961ddb	11	198510	4946420	2409	0.002
66357110-4492-4df6-8dc6-8217b7961ddb	11	4947280	4955042	30	-1.7971
66357110-4492-4df6-8dc6-8217b7961ddb	11	4955781	5761729	775	-0.0096
66357110-4492-4df6-8dc6-8217b7961ddb	11	5761746	5787909	39	0.6001
66357110-4492-4df6-8dc6-8217b7961ddb	11	5788108	135074876	83318	0.0045
66357110-4492-4df6-8dc6-8217b7961ddb	12	51460	4950486	3432	-0.003
66357110-4492-4df6-8dc6-8217b7961ddb	12	4953586	4963280	14	-0.58
66357110-4492-4df6-8dc6-8217b7961ddb	12	4964209	8369086	2118	0.0145
66357110-4492-4df6-8dc6-8217b7961ddb	12	8370326	8376796	3	-1.0796
66357110-4492-4df6-8dc6-8217b7961ddb	12	8378692	9477960	580	0.0164
66357110-4492-4df6-8dc6-8217b7961ddb	12	9481274	9575696	24	1.0752
66357110-4492-4df6-8dc6-8217b7961ddb	12	9582373	22086364	8456	0.0055
66357110-4492-4df6-8dc6-8217b7961ddb	12	22090581	22090627	2	-1.9492
66357110-4492-4df6-8dc6-8217b7961ddb	12	22090727	24767647	1837	0.0133
66357110-4492-4df6-8dc6-8217b7961ddb	12	24767732	24775225	7	-0.8952
66357110-4492-4df6-8dc6-8217b7961ddb	12	24775644	27941830	2431	0.0089
66357110-4492-4df6-8dc6-8217b7961ddb	12	27941988	27944711	12	-0.6907
66357110-4492-4df6-8dc6-8217b7961ddb	12	27950527	33141726	3810	0.0114
66357110-4492-4df6-8dc6-8217b7961ddb	12	33148472	33155426	28	-0.6384
66357110-4492-4df6-8dc6-8217b7961ddb	12	33155453	34175632	628	0.0764
66357110-4492-4df6-8dc6-8217b7961ddb	12	34179379	34629712	152	-0.1123
66357110-4492-4df6-8dc6-8217b7961ddb	12	34635041	37593924	46	0.0806
66357110-4492-4df6-8dc6-8217b7961ddb	12	37618765	37620216	2	-2.0671
66357110-4492-4df6-8dc6-8217b7961ddb	12	37640556	37687480	17	-0.121
66357110-4492-4df6-8dc6-8217b7961ddb	12	37687481	37711729	7	0.6298
66357110-4492-4df6-8dc6-8217b7961ddb	12	37711807	38213562	124	0.0101
66357110-4492-4df6-8dc6-8217b7961ddb	12	38214646	38651456	254	0.1381
66357110-4492-4df6-8dc6-8217b7961ddb	12	38651526	40150880	860	-0.003
66357110-4492-4df6-8dc6-8217b7961ddb	12	40153577	40153948	2	-1.6406
66357110-4492-4df6-8dc6-8217b7961ddb	12	40155603	48330546	5190	0.0022
66357110-4492-4df6-8dc6-8217b7961ddb	12	48330710	48331632	12	0.5441
66357110-4492-4df6-8dc6-8217b7961ddb	12	48336253	83769408	21838	0.003
66357110-4492-4df6-8dc6-8217b7961ddb	12	83769511	83771462	3	-1.5447
66357110-4492-4df6-8dc6-8217b7961ddb	12	83771500	99649144	10255	-0.0027
66357110-4492-4df6-8dc6-8217b7961ddb	12	99649593	99649980	3	-2.6333
66357110-4492-4df6-8dc6-8217b7961ddb	12	99650237	126823105	17702	0.0052
66357110-4492-4df6-8dc6-8217b7961ddb	12	126823969	126830459	9	-1.2075
66357110-4492-4df6-8dc6-8217b7961ddb	12	126832742	133201603	4772	0.0145
66357110-4492-4df6-8dc6-8217b7961ddb	13	18452809	71902850	34952	0.0034
66357110-4492-4df6-8dc6-8217b7961ddb	13	71903417	71906311	3	-2.4803
66357110-4492-4df6-8dc6-8217b7961ddb	13	71906418	114342922	28987	0.0055
66357110-4492-4df6-8dc6-8217b7961ddb	14	18239283	19764376	79	-0.0228
66357110-4492-4df6-8dc6-8217b7961ddb	14	19766357	19932900	75	-0.3293
66357110-4492-4df6-8dc6-8217b7961ddb	14	19934423	41513726	13813	0.0095
66357110-4492-4df6-8dc6-8217b7961ddb	14	41515633	41645195	65	0.6279
66357110-4492-4df6-8dc6-8217b7961ddb	14	41648526	105613310	40713	0.0038
66357110-4492-4df6-8dc6-8217b7961ddb	14	105616252	105733039	19	0.7806
66357110-4492-4df6-8dc6-8217b7961ddb	14	105752248	106418444	242	0.0558
66357110-4492-4df6-8dc6-8217b7961ddb	14	106423925	106462169	47	-0.7288
66357110-4492-4df6-8dc6-8217b7961ddb	14	106462183	106877229	196	0.0694
66357110-4492-4df6-8dc6-8217b7961ddb	15	19811075	20345433	76	0.0708
66357110-4492-4df6-8dc6-8217b7961ddb	15	20364698	22483983	135	0.4874
66357110-4492-4df6-8dc6-8217b7961ddb	15	22572323	26981522	2802	0.0165
66357110-4492-4df6-8dc6-8217b7961ddb	15	26982553	26983199	2	-3.7595
66357110-4492-4df6-8dc6-8217b7961ddb	15	26983223	34379885	4395	0.0096
66357110-4492-4df6-8dc6-8217b7961ddb	15	34386576	34576695	69	-0.8065
66357110-4492-4df6-8dc6-8217b7961ddb	15	34576808	57313022	14002	0.0025
66357110-4492-4df6-8dc6-8217b7961ddb	15	57314675	57316106	2	-1.8612
66357110-4492-4df6-8dc6-8217b7961ddb	15	57316463	76598900	12338	0.0031
66357110-4492-4df6-8dc6-8217b7961ddb	15	76599170	76603434	21	1.2061
66357110-4492-4df6-8dc6-8217b7961ddb	15	76609838	82882631	3885	0.0039
66357110-4492-4df6-8dc6-8217b7961ddb	15	82889131	82890669	4	-1.2312
66357110-4492-4df6-8dc6-8217b7961ddb	15	82894443	97959336	10784	0.0074
66357110-4492-4df6-8dc6-8217b7961ddb	15	97965741	98099595	77	-1.0617
66357110-4492-4df6-8dc6-8217b7961ddb	15	98102910	100107849	1441	-0.0109
66357110-4492-4df6-8dc6-8217b7961ddb	15	100109424	100111521	3	-1.7355
66357110-4492-4df6-8dc6-8217b7961ddb	15	100111627	101928837	1378	0.0035
66357110-4492-4df6-8dc6-8217b7961ddb	16	10777	395897	184	0.0605
66357110-4492-4df6-8dc6-8217b7961ddb	16	396362	486680	34	-0.374
66357110-4492-4df6-8dc6-8217b7961ddb	16	486686	6613643	3664	0.0085
66357110-4492-4df6-8dc6-8217b7961ddb	16	6614053	7245102	830	0.0895
66357110-4492-4df6-8dc6-8217b7961ddb	16	7245166	16539504	7011	0.0019
66357110-4492-4df6-8dc6-8217b7961ddb	16	16539715	16563603	7	-1.4253
66357110-4492-4df6-8dc6-8217b7961ddb	16	16569719	19933041	1694	0.0126
66357110-4492-4df6-8dc6-8217b7961ddb	16	19934328	19954553	28	-1.0066
66357110-4492-4df6-8dc6-8217b7961ddb	16	19956040	27614991	4840	0.0087
66357110-4492-4df6-8dc6-8217b7961ddb	16	27617481	27629702	4	-1.2336
66357110-4492-4df6-8dc6-8217b7961ddb	16	27631964	78337711	22809	-0.0006
66357110-4492-4df6-8dc6-8217b7961ddb	16	78338543	78345778	13	0.9702
66357110-4492-4df6-8dc6-8217b7961ddb	16	78349243	88459366	9898	0.0081
66357110-4492-4df6-8dc6-8217b7961ddb	16	88459423	88459876	2	-1.9094
66357110-4492-4df6-8dc6-8217b7961ddb	16	88469691	90096867	674	-0.0301
66357110-4492-4df6-8dc6-8217b7961ddb	17	150733	350768	116	-0.074
66357110-4492-4df6-8dc6-8217b7961ddb	17	351669	353102	2	-2.1026
66357110-4492-4df6-8dc6-8217b7961ddb	17	354968	34568510	17140	0.0108
66357110-4492-4df6-8dc6-8217b7961ddb	17	34571477	34571898	2	-1.9365
66357110-4492-4df6-8dc6-8217b7961ddb	17	34572233	36098851	926	0.0092
66357110-4492-4df6-8dc6-8217b7961ddb	17	36101021	36150221	42	-0.3057
66357110-4492-4df6-8dc6-8217b7961ddb	17	36157718	41085237	2417	0.0141
66357110-4492-4df6-8dc6-8217b7961ddb	17	41088020	41089704	2	1.3899
66357110-4492-4df6-8dc6-8217b7961ddb	17	41090139	41265456	98	0.0024
66357110-4492-4df6-8dc6-8217b7961ddb	17	41266762	41274198	23	0.4266
66357110-4492-4df6-8dc6-8217b7961ddb	17	41274279	46085732	2498	0.0101
66357110-4492-4df6-8dc6-8217b7961ddb	17	46088437	46215253	106	0.4721
66357110-4492-4df6-8dc6-8217b7961ddb	17	46215389	46351954	20	0.1182
66357110-4492-4df6-8dc6-8217b7961ddb	17	46446345	46446360	2	-1.8499
66357110-4492-4df6-8dc6-8217b7961ddb	17	46569894	80655063	20556	0.0036
66357110-4492-4df6-8dc6-8217b7961ddb	17	80655993	80667490	5	-1.8103
66357110-4492-4df6-8dc6-8217b7961ddb	17	80668820	82786452	776	-0.0071
66357110-4492-4df6-8dc6-8217b7961ddb	17	82786497	82792814	2	-1.8726
66357110-4492-4df6-8dc6-8217b7961ddb	17	82793886	83018585	134	0.0178
66357110-4492-4df6-8dc6-8217b7961ddb	17	83019255	83027393	4	-0.7337
66357110-4492-4df6-8dc6-8217b7961ddb	17	83027448	83091923	24	0.0945
66357110-4492-4df6-8dc6-8217b7961ddb	18	48133	40680506	22730	0.0099
66357110-4492-4df6-8dc6-8217b7961ddb	18	40680516	40685425	15	-0.6096
66357110-4492-4df6-8dc6-8217b7961ddb	18	40689534	42471713	1212	0.0098
66357110-4492-4df6-8dc6-8217b7961ddb	18	42476604	42478430	26	-0.6867
66357110-4492-4df6-8dc6-8217b7961ddb	18	42480972	43817919	815	0.0033
66357110-4492-4df6-8dc6-8217b7961ddb	18	43818132	43819518	2	-1.3409
66357110-4492-4df6-8dc6-8217b7961ddb	18	43822130	45222435	887	-0.0063
66357110-4492-4df6-8dc6-8217b7961ddb	18	45223744	45223864	2	-1.7091
66357110-4492-4df6-8dc6-8217b7961ddb	18	45224560	60430306	10561	0.0015
66357110-4492-4df6-8dc6-8217b7961ddb	18	60432192	60453998	48	-1.0221
66357110-4492-4df6-8dc6-8217b7961ddb	18	60459078	71356219	7692	0.0161
66357110-4492-4df6-8dc6-8217b7961ddb	18	71356416	73699619	1867	0.0847
66357110-4492-4df6-8dc6-8217b7961ddb	18	73699797	78900693	4034	0.0006
66357110-4492-4df6-8dc6-8217b7961ddb	18	78902714	78904863	5	-1.3755
66357110-4492-4df6-8dc6-8217b7961ddb	18	78906449	80257174	702	0.004
66357110-4492-4df6-8dc6-8217b7961ddb	19	90910	5506648	1582	0.0012
66357110-4492-4df6-8dc6-8217b7961ddb	19	5510228	5510642	3	-2.9608
66357110-4492-4df6-8dc6-8217b7961ddb	19	5510689	9162624	1786	0.0123
66357110-4492-4df6-8dc6-8217b7961ddb	19	9163124	9167445	6	-1.304
66357110-4492-4df6-8dc6-8217b7961ddb	19	9174084	55771169	23822	0.0112
66357110-4492-4df6-8dc6-8217b7961ddb	19	55771663	55771701	2	-2.5908
66357110-4492-4df6-8dc6-8217b7961ddb	19	55774927	58586487	1834	0.0079
66357110-4492-4df6-8dc6-8217b7961ddb	20	80664	80907	8	-0.3941
66357110-4492-4df6-8dc6-8217b7961ddb	20	80941	1580934	1193	0.0068
66357110-4492-4df6-8dc6-8217b7961ddb	20	1581021	1601122	33	-0.5317
66357110-4492-4df6-8dc6-8217b7961ddb	20	1601446	1613247	7	-1.8424
66357110-4492-4df6-8dc6-8217b7961ddb	20	1617300	3846662	1570	0.0056
66357110-4492-4df6-8dc6-8217b7961ddb	20	3849020	3851613	2	-1.9369
66357110-4492-4df6-8dc6-8217b7961ddb	20	3858160	8170758	3287	0.0113
66357110-4492-4df6-8dc6-8217b7961ddb	20	8171066	8581993	317	0.1484
66357110-4492-4df6-8dc6-8217b7961ddb	20	8582385	54028329	28374	0.0083
66357110-4492-4df6-8dc6-8217b7961ddb	20	54031269	54042112	36	-0.698
66357110-4492-4df6-8dc6-8217b7961ddb	20	54046035	64324800	7421	0.0005
66357110-4492-4df6-8dc6-8217b7961ddb	21	10354168	22165872	6216	0.0127
66357110-4492-4df6-8dc6-8217b7961ddb	21	22166129	23380193	919	0.0771
66357110-4492-4df6-8dc6-8217b7961ddb	21	23380270	46677045	16663	0.0038
66357110-4492-4df6-8dc6-8217b7961ddb	22	15294547	15479574	9	0.528
66357110-4492-4df6-8dc6-8217b7961ddb	22	15484297	17188416	415	0.0018
66357110-4492-4df6-8dc6-8217b7961ddb	22	17189334	17189366	2	-1.5734
66357110-4492-4df6-8dc6-8217b7961ddb	22	17190243	18142004	680	-0.0103
66357110-4492-4df6-8dc6-8217b7961ddb	22	18143362	18146386	7	-1.17
66357110-4492-4df6-8dc6-8217b7961ddb	22	18147293	38894915	14037	0.0102
66357110-4492-4df6-8dc6-8217b7961ddb	22	38899250	38900899	3	-3.5734
66357110-4492-4df6-8dc6-8217b7961ddb	22	38903109	38967614	39	-0.062
66357110-4492-4df6-8dc6-8217b7961ddb	22	38967679	38975897	20	-0.871
66357110-4492-4df6-8dc6-8217b7961ddb	22	38978372	42496433	1886	0.0134
66357110-4492-4df6-8dc6-8217b7961ddb	22	42496576	42529608	21	0.5715
66357110-4492-4df6-8dc6-8217b7961ddb	22	42536311	50796027	6083	-0.0034
66357110-4492-4df6-8dc6-8217b7961ddb	X	251810	3118208	328	-0.0387
66357110-4492-4df6-8dc6-8217b7961ddb	X	3118287	3118846	2	-5.4011
66357110-4492-4df6-8dc6-8217b7961ddb	X	3120563	9275965	4626	0.0272
66357110-4492-4df6-8dc6-8217b7961ddb	X	9280182	9293170	12	-1.4125
66357110-4492-4df6-8dc6-8217b7961ddb	X	9295869	23229013	8983	0.0008
66357110-4492-4df6-8dc6-8217b7961ddb	X	23229083	23230003	2	-5.4436
66357110-4492-4df6-8dc6-8217b7961ddb	X	23231679	23794649	415	0.0748
66357110-4492-4df6-8dc6-8217b7961ddb	X	23795231	23796816	4	-2.1872
66357110-4492-4df6-8dc6-8217b7961ddb	X	23797290	33038173	6018	0.0235
66357110-4492-4df6-8dc6-8217b7961ddb	X	33038503	33038576	2	-5.0821
66357110-4492-4df6-8dc6-8217b7961ddb	X	33038595	130489630	47787	0.0138
66357110-4492-4df6-8dc6-8217b7961ddb	X	130489669	130493249	2	-6.2664
66357110-4492-4df6-8dc6-8217b7961ddb	X	130493797	149803608	11634	0.005
66357110-4492-4df6-8dc6-8217b7961ddb	X	149803667	149807840	11	-1.9955
66357110-4492-4df6-8dc6-8217b7961ddb	X	149810199	151045694	745	-0.0083
66357110-4492-4df6-8dc6-8217b7961ddb	X	151046198	151046276	2	-5.2936
66357110-4492-4df6-8dc6-8217b7961ddb	X	151046615	155952689	2406	-0.0141
66357110-4492-4df6-8dc6-8217b7961ddb	Y	2782397	56872112	6635	-0.9726
