GDC_Aliquot	Chromosome	Start	End	Num_Probes	Segment_Mean
ff8cf96c-3447-4e79-bbc0-44a019bbf3ce	1	62920	777165	23	0.4415
ff8cf96c-3447-4e79-bbc0-44a019bbf3ce	1	783283	25256850	13925	-0.4282
ff8cf96c-3447-4e79-bbc0-44a019bbf3ce	1	25266637	25319167	20	-1.6606
ff8cf96c-3447-4e79-bbc0-44a019bbf3ce	1	25319693	72303233	28561	-0.4379
ff8cf96c-3447-4e79-bbc0-44a019bbf3ce	1	72303253	72345450	44	-1.6019
ff8cf96c-3447-4e79-bbc0-44a019bbf3ce	1	72345465	112147704	25417	-0.4422
ff8cf96c-3447-4e79-bbc0-44a019bbf3ce	1	112153343	112154768	25	-1.3828
ff8cf96c-3447-4e79-bbc0-44a019bbf3ce	1	112163334	119575395	4705	-0.445
ff8cf96c-3447-4e79-bbc0-44a019bbf3ce	1	119575625	119580764	11	0.6261
ff8cf96c-3447-4e79-bbc0-44a019bbf3ce	1	119581111	152582700	2841	-0.4045
ff8cf96c-3447-4e79-bbc0-44a019bbf3ce	1	152583051	152614118	36	0.7528
ff8cf96c-3447-4e79-bbc0-44a019bbf3ce	1	152618018	152778761	158	-0.3566
ff8cf96c-3447-4e79-bbc0-44a019bbf3ce	1	152782154	152790564	27	0.1628
ff8cf96c-3447-4e79-bbc0-44a019bbf3ce	1	152790593	160698899	4809	-0.4268
ff8cf96c-3447-4e79-bbc0-44a019bbf3ce	1	160703576	168948385	6154	0.4629
ff8cf96c-3447-4e79-bbc0-44a019bbf3ce	1	168949234	168950549	4	-3.3671
ff8cf96c-3447-4e79-bbc0-44a019bbf3ce	1	168952095	169247699	258	0.4678
ff8cf96c-3447-4e79-bbc0-44a019bbf3ce	1	169264736	169272528	7	-1.9589
ff8cf96c-3447-4e79-bbc0-44a019bbf3ce	1	169273163	179354603	6583	0.4532
ff8cf96c-3447-4e79-bbc0-44a019bbf3ce	1	179361393	179362247	2	-2.5412
ff8cf96c-3447-4e79-bbc0-44a019bbf3ce	1	179364180	193186662	9136	0.4647
ff8cf96c-3447-4e79-bbc0-44a019bbf3ce	1	193187149	193187202	3	-1.4011
ff8cf96c-3447-4e79-bbc0-44a019bbf3ce	1	193187218	196758720	2387	0.4677
ff8cf96c-3447-4e79-bbc0-44a019bbf3ce	1	196761905	196832525	56	-1.4139
ff8cf96c-3447-4e79-bbc0-44a019bbf3ce	1	196832720	209897717	8751	0.4526
ff8cf96c-3447-4e79-bbc0-44a019bbf3ce	1	209908268	209910639	3	-1.6466
ff8cf96c-3447-4e79-bbc0-44a019bbf3ce	1	209913207	217316418	5209	0.4615
ff8cf96c-3447-4e79-bbc0-44a019bbf3ce	1	217316782	217316797	2	-2.2095
ff8cf96c-3447-4e79-bbc0-44a019bbf3ce	1	217316968	229675422	7777	0.4621
ff8cf96c-3447-4e79-bbc0-44a019bbf3ce	1	229681109	229684449	3	-2.6274
ff8cf96c-3447-4e79-bbc0-44a019bbf3ce	1	229684709	238343366	6585	0.4638
ff8cf96c-3447-4e79-bbc0-44a019bbf3ce	1	238345689	238349314	3	-1.8092
ff8cf96c-3447-4e79-bbc0-44a019bbf3ce	1	238351120	248633912	7185	0.4582
ff8cf96c-3447-4e79-bbc0-44a019bbf3ce	1	248645563	248661962	5	-1.0955
ff8cf96c-3447-4e79-bbc0-44a019bbf3ce	1	248662519	248930189	136	0.5204
ff8cf96c-3447-4e79-bbc0-44a019bbf3ce	2	12784	4158097	2971	-0.4031
ff8cf96c-3447-4e79-bbc0-44a019bbf3ce	2	4166274	4175922	37	-2.1414
ff8cf96c-3447-4e79-bbc0-44a019bbf3ce	2	4175977	24374359	14835	-0.4064
ff8cf96c-3447-4e79-bbc0-44a019bbf3ce	2	24376304	24386596	13	0.4483
ff8cf96c-3447-4e79-bbc0-44a019bbf3ce	2	24386777	30328342	3386	-0.4079
ff8cf96c-3447-4e79-bbc0-44a019bbf3ce	2	30328500	30333233	4	-2.6883
ff8cf96c-3447-4e79-bbc0-44a019bbf3ce	2	30334137	33537896	1993	-0.4169
ff8cf96c-3447-4e79-bbc0-44a019bbf3ce	2	33540701	33545200	3	-2.1148
ff8cf96c-3447-4e79-bbc0-44a019bbf3ce	2	33545250	34476604	733	-0.4413
ff8cf96c-3447-4e79-bbc0-44a019bbf3ce	2	34476668	34498234	32	0.2415
ff8cf96c-3447-4e79-bbc0-44a019bbf3ce	2	34501613	52527743	12945	-0.4134
ff8cf96c-3447-4e79-bbc0-44a019bbf3ce	2	52531615	52563002	35	-2.1397
ff8cf96c-3447-4e79-bbc0-44a019bbf3ce	2	52563355	87134049	21901	-0.4103
ff8cf96c-3447-4e79-bbc0-44a019bbf3ce	2	87146770	87696853	114	0.5932
ff8cf96c-3447-4e79-bbc0-44a019bbf3ce	2	87725148	88776068	424	-0.4516
ff8cf96c-3447-4e79-bbc0-44a019bbf3ce	2	88777337	94895864	493	-0.2552
ff8cf96c-3447-4e79-bbc0-44a019bbf3ce	2	94907229	106265177	6349	-0.4011
ff8cf96c-3447-4e79-bbc0-44a019bbf3ce	2	106266773	106268378	5	-2.6032
ff8cf96c-3447-4e79-bbc0-44a019bbf3ce	2	106268523	106594349	133	-0.405
ff8cf96c-3447-4e79-bbc0-44a019bbf3ce	2	106594589	106597736	3	-2.0824
ff8cf96c-3447-4e79-bbc0-44a019bbf3ce	2	106597944	124536585	10575	-0.3995
ff8cf96c-3447-4e79-bbc0-44a019bbf3ce	2	124540250	125263301	437	-0.559
ff8cf96c-3447-4e79-bbc0-44a019bbf3ce	2	125265293	127084748	1152	-0.4168
ff8cf96c-3447-4e79-bbc0-44a019bbf3ce	2	127084830	127104693	13	0.504
ff8cf96c-3447-4e79-bbc0-44a019bbf3ce	2	127108118	130037806	1899	-0.4237
ff8cf96c-3447-4e79-bbc0-44a019bbf3ce	2	130059766	130116915	11	0.6639
ff8cf96c-3447-4e79-bbc0-44a019bbf3ce	2	130117303	146106836	9467	-0.4002
ff8cf96c-3447-4e79-bbc0-44a019bbf3ce	2	146106861	146122856	36	0.13
ff8cf96c-3447-4e79-bbc0-44a019bbf3ce	2	146123485	179544549	20357	-0.4051
ff8cf96c-3447-4e79-bbc0-44a019bbf3ce	2	179544743	179557394	38	0.0813
ff8cf96c-3447-4e79-bbc0-44a019bbf3ce	2	179557410	183220725	2312	-0.3914
ff8cf96c-3447-4e79-bbc0-44a019bbf3ce	2	183221060	183224996	9	-5.3832
ff8cf96c-3447-4e79-bbc0-44a019bbf3ce	2	183229270	186288222	1794	-0.4052
ff8cf96c-3447-4e79-bbc0-44a019bbf3ce	2	186294632	186643815	196	-2.7245
ff8cf96c-3447-4e79-bbc0-44a019bbf3ce	2	186649879	242147305	34044	-0.3996
ff8cf96c-3447-4e79-bbc0-44a019bbf3ce	3	20930	4317366	3831	-0.4746
ff8cf96c-3447-4e79-bbc0-44a019bbf3ce	3	4317579	4334204	7	-1.6219
ff8cf96c-3447-4e79-bbc0-44a019bbf3ce	3	4334346	4710118	369	-3.4312
ff8cf96c-3447-4e79-bbc0-44a019bbf3ce	3	4710900	10145384	4322	-0.4598
ff8cf96c-3447-4e79-bbc0-44a019bbf3ce	3	10145397	10153990	10	0.5273
ff8cf96c-3447-4e79-bbc0-44a019bbf3ce	3	10155096	10210222	45	-0.357
ff8cf96c-3447-4e79-bbc0-44a019bbf3ce	3	10210263	10210380	3	1.525
ff8cf96c-3447-4e79-bbc0-44a019bbf3ce	3	10210525	11438024	932	-0.4509
ff8cf96c-3447-4e79-bbc0-44a019bbf3ce	3	11442295	11477281	21	-3.2923
ff8cf96c-3447-4e79-bbc0-44a019bbf3ce	3	11480611	12649682	880	-0.4671
ff8cf96c-3447-4e79-bbc0-44a019bbf3ce	3	12649789	12650089	2	1.7717
ff8cf96c-3447-4e79-bbc0-44a019bbf3ce	3	12650515	12651033	5	-0.6764
ff8cf96c-3447-4e79-bbc0-44a019bbf3ce	3	12651596	12657047	16	0.2419
ff8cf96c-3447-4e79-bbc0-44a019bbf3ce	3	12657829	26570176	9427	-0.4578
ff8cf96c-3447-4e79-bbc0-44a019bbf3ce	3	26570255	26570394	3	-2.5431
ff8cf96c-3447-4e79-bbc0-44a019bbf3ce	3	26570407	46733286	13077	-0.4596
ff8cf96c-3447-4e79-bbc0-44a019bbf3ce	3	46733893	46790560	35	0.109
ff8cf96c-3447-4e79-bbc0-44a019bbf3ce	3	46790591	59853509	7189	-0.4738
ff8cf96c-3447-4e79-bbc0-44a019bbf3ce	3	59854142	59854269	2	-2.5131
ff8cf96c-3447-4e79-bbc0-44a019bbf3ce	3	59858999	65211691	4864	-0.4654
ff8cf96c-3447-4e79-bbc0-44a019bbf3ce	3	65211833	65224777	31	0.424
ff8cf96c-3447-4e79-bbc0-44a019bbf3ce	3	65230674	75332618	7246	-0.4699
ff8cf96c-3447-4e79-bbc0-44a019bbf3ce	3	75335279	75912067	171	-0.241
ff8cf96c-3447-4e79-bbc0-44a019bbf3ce	3	75914709	84645221	4868	-0.4553
ff8cf96c-3447-4e79-bbc0-44a019bbf3ce	3	84649532	84653449	24	0.1766
ff8cf96c-3447-4e79-bbc0-44a019bbf3ce	3	84657133	90436812	3109	-0.4628
ff8cf96c-3447-4e79-bbc0-44a019bbf3ce	3	90453712	95737262	996	0.4687
ff8cf96c-3447-4e79-bbc0-44a019bbf3ce	3	95748036	95749266	2	-3.3055
ff8cf96c-3447-4e79-bbc0-44a019bbf3ce	3	95749836	116520419	12314	0.4594
ff8cf96c-3447-4e79-bbc0-44a019bbf3ce	3	116524291	117034692	431	-0.4524
ff8cf96c-3447-4e79-bbc0-44a019bbf3ce	3	117042813	117068331	27	0.4685
ff8cf96c-3447-4e79-bbc0-44a019bbf3ce	3	117070052	117696017	473	-0.466
ff8cf96c-3447-4e79-bbc0-44a019bbf3ce	3	117701570	126227421	5126	0.4573
ff8cf96c-3447-4e79-bbc0-44a019bbf3ce	3	126228936	126244071	5	-0.606
ff8cf96c-3447-4e79-bbc0-44a019bbf3ce	3	126244933	130068178	2144	0.4691
ff8cf96c-3447-4e79-bbc0-44a019bbf3ce	3	130068356	130079892	20	-0.2395
ff8cf96c-3447-4e79-bbc0-44a019bbf3ce	3	130079938	162822685	20212	0.4655
ff8cf96c-3447-4e79-bbc0-44a019bbf3ce	3	162822702	162908207	49	1.4527
ff8cf96c-3447-4e79-bbc0-44a019bbf3ce	3	162908784	169012392	3423	0.466
ff8cf96c-3447-4e79-bbc0-44a019bbf3ce	3	169015614	169020840	2	-1.9368
ff8cf96c-3447-4e79-bbc0-44a019bbf3ce	3	169022039	176211928	4740	0.4606
ff8cf96c-3447-4e79-bbc0-44a019bbf3ce	3	176214519	176214790	2	2.2486
ff8cf96c-3447-4e79-bbc0-44a019bbf3ce	3	176215159	189642965	8419	0.456
ff8cf96c-3447-4e79-bbc0-44a019bbf3ce	3	189645889	189654562	14	-0.3627
ff8cf96c-3447-4e79-bbc0-44a019bbf3ce	3	189654574	192884896	2273	0.4651
ff8cf96c-3447-4e79-bbc0-44a019bbf3ce	3	192884948	192890762	16	1.2722
ff8cf96c-3447-4e79-bbc0-44a019bbf3ce	3	192890809	193155915	186	0.4632
ff8cf96c-3447-4e79-bbc0-44a019bbf3ce	3	193156958	193161217	8	1.4061
ff8cf96c-3447-4e79-bbc0-44a019bbf3ce	3	193162684	195663809	1489	0.4811
ff8cf96c-3447-4e79-bbc0-44a019bbf3ce	3	195673928	195728637	24	1.1745
ff8cf96c-3447-4e79-bbc0-44a019bbf3ce	3	195728990	198169131	1179	0.4818
ff8cf96c-3447-4e79-bbc0-44a019bbf3ce	3	198169146	198169247	2	-0.865
ff8cf96c-3447-4e79-bbc0-44a019bbf3ce	4	68929	9394920	5102	0.4866
ff8cf96c-3447-4e79-bbc0-44a019bbf3ce	4	9395759	9399406	2	-1.2316
ff8cf96c-3447-4e79-bbc0-44a019bbf3ce	4	9403179	9455251	35	0.3602
ff8cf96c-3447-4e79-bbc0-44a019bbf3ce	4	9459504	9484440	7	-0.6266
ff8cf96c-3447-4e79-bbc0-44a019bbf3ce	4	9494650	10208518	533	0.5044
ff8cf96c-3447-4e79-bbc0-44a019bbf3ce	4	10208570	10229469	29	1.0642
ff8cf96c-3447-4e79-bbc0-44a019bbf3ce	4	10229625	10390730	181	0.506
ff8cf96c-3447-4e79-bbc0-44a019bbf3ce	4	10391530	10399044	15	-0.498
ff8cf96c-3447-4e79-bbc0-44a019bbf3ce	4	10401094	34777432	16735	0.4619
ff8cf96c-3447-4e79-bbc0-44a019bbf3ce	4	34784878	34823103	38	-2.4761
ff8cf96c-3447-4e79-bbc0-44a019bbf3ce	4	34828250	36013359	774	0.4619
ff8cf96c-3447-4e79-bbc0-44a019bbf3ce	4	36013604	36013896	2	-2.651
ff8cf96c-3447-4e79-bbc0-44a019bbf3ce	4	36015896	49295203	8168	0.4608
ff8cf96c-3447-4e79-bbc0-44a019bbf3ce	4	49501149	51819827	20	-0.0828
ff8cf96c-3447-4e79-bbc0-44a019bbf3ce	4	51819878	68352181	10400	0.4543
ff8cf96c-3447-4e79-bbc0-44a019bbf3ce	4	68352334	68615219	85	0.192
ff8cf96c-3447-4e79-bbc0-44a019bbf3ce	4	68616004	69252259	313	0.4478
ff8cf96c-3447-4e79-bbc0-44a019bbf3ce	4	69252275	69374271	66	0.8052
ff8cf96c-3447-4e79-bbc0-44a019bbf3ce	4	69376311	69523998	105	0.4681
ff8cf96c-3447-4e79-bbc0-44a019bbf3ce	4	69524143	69525061	2	-2.3906
ff8cf96c-3447-4e79-bbc0-44a019bbf3ce	4	69526170	90490085	12994	0.4488
ff8cf96c-3447-4e79-bbc0-44a019bbf3ce	4	90497097	91045464	359	-0.4435
ff8cf96c-3447-4e79-bbc0-44a019bbf3ce	4	91054172	91160414	78	0.4002
ff8cf96c-3447-4e79-bbc0-44a019bbf3ce	4	91164559	91474709	179	0.1009
ff8cf96c-3447-4e79-bbc0-44a019bbf3ce	4	91477538	103824414	7217	0.4564
ff8cf96c-3447-4e79-bbc0-44a019bbf3ce	4	103830473	103830480	5	-0.8351
ff8cf96c-3447-4e79-bbc0-44a019bbf3ce	4	103830487	107145001	1852	0.4538
ff8cf96c-3447-4e79-bbc0-44a019bbf3ce	4	107145112	107152442	20	-0.0919
ff8cf96c-3447-4e79-bbc0-44a019bbf3ce	4	107152537	107578517	298	0.4524
ff8cf96c-3447-4e79-bbc0-44a019bbf3ce	4	107580466	107593342	8	-0.3802
ff8cf96c-3447-4e79-bbc0-44a019bbf3ce	4	107595118	114252544	4099	0.4616
ff8cf96c-3447-4e79-bbc0-44a019bbf3ce	4	114254167	114261019	23	1.3488
ff8cf96c-3447-4e79-bbc0-44a019bbf3ce	4	114263073	114263110	3	-0.8706
ff8cf96c-3447-4e79-bbc0-44a019bbf3ce	4	114263154	127294512	7818	0.4726
ff8cf96c-3447-4e79-bbc0-44a019bbf3ce	4	127295024	128856409	739	0.3872
ff8cf96c-3447-4e79-bbc0-44a019bbf3ce	4	128856516	134811874	3325	0.4687
ff8cf96c-3447-4e79-bbc0-44a019bbf3ce	4	134815211	150947789	9633	-0.4555
ff8cf96c-3447-4e79-bbc0-44a019bbf3ce	4	150955157	150959988	19	0.3011
ff8cf96c-3447-4e79-bbc0-44a019bbf3ce	4	150960057	155956368	3150	-0.446
ff8cf96c-3447-4e79-bbc0-44a019bbf3ce	4	155957769	155959729	18	0.2677
ff8cf96c-3447-4e79-bbc0-44a019bbf3ce	4	155959735	156384225	306	-0.4606
ff8cf96c-3447-4e79-bbc0-44a019bbf3ce	4	156384240	156384562	8	0.9958
ff8cf96c-3447-4e79-bbc0-44a019bbf3ce	4	156384637	160958989	2816	-0.4612
ff8cf96c-3447-4e79-bbc0-44a019bbf3ce	4	160959045	160959754	8	-2.2593
ff8cf96c-3447-4e79-bbc0-44a019bbf3ce	4	160959950	180362239	12269	-0.4565
ff8cf96c-3447-4e79-bbc0-44a019bbf3ce	4	180365533	180543240	161	-3.5376
ff8cf96c-3447-4e79-bbc0-44a019bbf3ce	4	180543544	180688733	128	-0.4022
ff8cf96c-3447-4e79-bbc0-44a019bbf3ce	4	180692598	180693075	2	-3.3236
ff8cf96c-3447-4e79-bbc0-44a019bbf3ce	4	180693215	180966557	193	-0.4908
ff8cf96c-3447-4e79-bbc0-44a019bbf3ce	4	180966783	181092199	72	-3.0138
ff8cf96c-3447-4e79-bbc0-44a019bbf3ce	4	181093367	181131951	33	-0.6878
ff8cf96c-3447-4e79-bbc0-44a019bbf3ce	4	181132227	181138705	10	0.2239
ff8cf96c-3447-4e79-bbc0-44a019bbf3ce	4	181139016	181274335	109	-0.4635
ff8cf96c-3447-4e79-bbc0-44a019bbf3ce	4	181276588	181494871	214	-3.71
ff8cf96c-3447-4e79-bbc0-44a019bbf3ce	4	181496904	188300104	4718	-0.4567
ff8cf96c-3447-4e79-bbc0-44a019bbf3ce	4	188300206	188300221	2	-2.7783
ff8cf96c-3447-4e79-bbc0-44a019bbf3ce	4	188300270	190030808	1135	-0.452
ff8cf96c-3447-4e79-bbc0-44a019bbf3ce	4	190036331	190106768	7	0.7764
ff8cf96c-3447-4e79-bbc0-44a019bbf3ce	5	15532	12791608	10140	0.4869
ff8cf96c-3447-4e79-bbc0-44a019bbf3ce	5	12800777	12838421	15	-1.5584
ff8cf96c-3447-4e79-bbc0-44a019bbf3ce	5	12849089	15719997	1970	0.4702
ff8cf96c-3447-4e79-bbc0-44a019bbf3ce	5	15720105	15720342	5	-0.7386
ff8cf96c-3447-4e79-bbc0-44a019bbf3ce	5	15720369	27524345	7045	0.4653
ff8cf96c-3447-4e79-bbc0-44a019bbf3ce	5	27525283	27525913	10	-0.4159
ff8cf96c-3447-4e79-bbc0-44a019bbf3ce	5	27527372	34479148	4473	0.4623
ff8cf96c-3447-4e79-bbc0-44a019bbf3ce	5	34481599	34484048	4	-0.7143
ff8cf96c-3447-4e79-bbc0-44a019bbf3ce	5	34484641	46191782	6883	0.4608
ff8cf96c-3447-4e79-bbc0-44a019bbf3ce	5	46195781	46271006	19	0.7883
ff8cf96c-3447-4e79-bbc0-44a019bbf3ce	5	46271828	46273400	6	-2.5279
ff8cf96c-3447-4e79-bbc0-44a019bbf3ce	5	46278110	50151472	21	0.7055
ff8cf96c-3447-4e79-bbc0-44a019bbf3ce	5	50159802	58030200	5034	1.0548
ff8cf96c-3447-4e79-bbc0-44a019bbf3ce	5	58030336	58037688	29	0.3767
ff8cf96c-3447-4e79-bbc0-44a019bbf3ce	5	58042530	150797535	56404	1.0557
ff8cf96c-3447-4e79-bbc0-44a019bbf3ce	5	150798146	150822643	10	0.2939
ff8cf96c-3447-4e79-bbc0-44a019bbf3ce	5	150825938	150839042	8	-2.6987
ff8cf96c-3447-4e79-bbc0-44a019bbf3ce	5	150843825	177771448	18375	1.0567
ff8cf96c-3447-4e79-bbc0-44a019bbf3ce	5	177800550	177805604	3	-0.4889
ff8cf96c-3447-4e79-bbc0-44a019bbf3ce	5	177827964	180951710	1790	1.0517
ff8cf96c-3447-4e79-bbc0-44a019bbf3ce	5	180951888	180991103	18	1.6924
ff8cf96c-3447-4e79-bbc0-44a019bbf3ce	5	181006225	181363319	170	1.1155
ff8cf96c-3447-4e79-bbc0-44a019bbf3ce	6	149661	7913450	6425	-0.4438
ff8cf96c-3447-4e79-bbc0-44a019bbf3ce	6	7916433	7916853	2	-2.9748
ff8cf96c-3447-4e79-bbc0-44a019bbf3ce	6	7917295	31305253	15761	-0.4575
ff8cf96c-3447-4e79-bbc0-44a019bbf3ce	6	31305926	31328674	13	0.584
ff8cf96c-3447-4e79-bbc0-44a019bbf3ce	6	31342147	73882509	24515	-0.4507
ff8cf96c-3447-4e79-bbc0-44a019bbf3ce	6	73882741	73887625	8	-3.0132
ff8cf96c-3447-4e79-bbc0-44a019bbf3ce	6	73891694	76726815	1764	-0.4606
ff8cf96c-3447-4e79-bbc0-44a019bbf3ce	6	76730151	76742665	15	-3.5911
ff8cf96c-3447-4e79-bbc0-44a019bbf3ce	6	76742675	77759738	657	-0.452
ff8cf96c-3447-4e79-bbc0-44a019bbf3ce	6	77760416	77760614	3	-1.8777
ff8cf96c-3447-4e79-bbc0-44a019bbf3ce	6	77761562	78253157	318	-0.4681
ff8cf96c-3447-4e79-bbc0-44a019bbf3ce	6	78253172	78261995	5	-1.5203
ff8cf96c-3447-4e79-bbc0-44a019bbf3ce	6	78262064	78263079	11	-3.7686
ff8cf96c-3447-4e79-bbc0-44a019bbf3ce	6	78263236	78325468	96	-1.8467
ff8cf96c-3447-4e79-bbc0-44a019bbf3ce	6	78329517	80566395	1417	-0.4508
ff8cf96c-3447-4e79-bbc0-44a019bbf3ce	6	80568268	80574921	7	0.7024
ff8cf96c-3447-4e79-bbc0-44a019bbf3ce	6	80574999	93772923	8438	-0.4622
ff8cf96c-3447-4e79-bbc0-44a019bbf3ce	6	93776524	93958970	111	-0.7245
ff8cf96c-3447-4e79-bbc0-44a019bbf3ce	6	93962293	103286954	5426	-0.4702
ff8cf96c-3447-4e79-bbc0-44a019bbf3ce	6	103290101	103311950	41	-0.8759
ff8cf96c-3447-4e79-bbc0-44a019bbf3ce	6	103312129	103314186	5	-2.2582
ff8cf96c-3447-4e79-bbc0-44a019bbf3ce	6	103317795	170741917	43894	-0.4634
ff8cf96c-3447-4e79-bbc0-44a019bbf3ce	7	43355	137957	87	0.5956
ff8cf96c-3447-4e79-bbc0-44a019bbf3ce	7	145185	158626	12	-0.2513
ff8cf96c-3447-4e79-bbc0-44a019bbf3ce	7	161442	38271497	27165	0.4637
ff8cf96c-3447-4e79-bbc0-44a019bbf3ce	7	38271765	38345240	108	0.8687
ff8cf96c-3447-4e79-bbc0-44a019bbf3ce	7	38347190	38356875	7	-0.4813
ff8cf96c-3447-4e79-bbc0-44a019bbf3ce	7	38361356	54318812	10953	0.4619
ff8cf96c-3447-4e79-bbc0-44a019bbf3ce	7	54318816	54318824	5	-1.2356
ff8cf96c-3447-4e79-bbc0-44a019bbf3ce	7	54325795	64142038	2520	0.4866
ff8cf96c-3447-4e79-bbc0-44a019bbf3ce	7	64142051	65057242	484	0.3658
ff8cf96c-3447-4e79-bbc0-44a019bbf3ce	7	65059538	66006023	327	0.5129
ff8cf96c-3447-4e79-bbc0-44a019bbf3ce	7	66008591	66630751	211	0.3045
ff8cf96c-3447-4e79-bbc0-44a019bbf3ce	7	66631041	66673298	16	0.7628
ff8cf96c-3447-4e79-bbc0-44a019bbf3ce	7	66680876	67172252	168	0.3818
ff8cf96c-3447-4e79-bbc0-44a019bbf3ce	7	67176387	67340013	52	0.7567
ff8cf96c-3447-4e79-bbc0-44a019bbf3ce	7	67340098	70955452	2326	0.4052
ff8cf96c-3447-4e79-bbc0-44a019bbf3ce	7	70958264	70961155	2	-2.2705
ff8cf96c-3447-4e79-bbc0-44a019bbf3ce	7	70963257	76362980	2101	0.4014
ff8cf96c-3447-4e79-bbc0-44a019bbf3ce	7	76364983	76443274	24	0.5073
ff8cf96c-3447-4e79-bbc0-44a019bbf3ce	7	76445663	76506413	3	1.4449
ff8cf96c-3447-4e79-bbc0-44a019bbf3ce	7	76507072	76514576	9	0.4194
ff8cf96c-3447-4e79-bbc0-44a019bbf3ce	7	76524031	76568113	8	1.3596
ff8cf96c-3447-4e79-bbc0-44a019bbf3ce	7	76568664	89890325	8457	0.4656
ff8cf96c-3447-4e79-bbc0-44a019bbf3ce	7	89892494	89895535	3	-0.8878
ff8cf96c-3447-4e79-bbc0-44a019bbf3ce	7	89902765	97980107	5167	0.4561
ff8cf96c-3447-4e79-bbc0-44a019bbf3ce	7	97982029	97982736	3	-1.6328
ff8cf96c-3447-4e79-bbc0-44a019bbf3ce	7	97984459	126404920	16500	0.4556
ff8cf96c-3447-4e79-bbc0-44a019bbf3ce	7	126405428	126406561	12	1.7398
ff8cf96c-3447-4e79-bbc0-44a019bbf3ce	7	126406822	134100664	4691	0.4639
ff8cf96c-3447-4e79-bbc0-44a019bbf3ce	7	134100967	134105690	18	-0.2177
ff8cf96c-3447-4e79-bbc0-44a019bbf3ce	7	134110881	140492191	4102	0.458
ff8cf96c-3447-4e79-bbc0-44a019bbf3ce	7	140492365	140498403	11	1.1298
ff8cf96c-3447-4e79-bbc0-44a019bbf3ce	7	140498493	142070260	1082	0.4249
ff8cf96c-3447-4e79-bbc0-44a019bbf3ce	7	142070569	142109689	36	0.8459
ff8cf96c-3447-4e79-bbc0-44a019bbf3ce	7	142109917	142414176	251	0.4927
ff8cf96c-3447-4e79-bbc0-44a019bbf3ce	7	142415520	142785841	187	0.7001
ff8cf96c-3447-4e79-bbc0-44a019bbf3ce	7	142801993	143733483	472	0.4651
ff8cf96c-3447-4e79-bbc0-44a019bbf3ce	7	143733941	143875073	17	1.0322
ff8cf96c-3447-4e79-bbc0-44a019bbf3ce	7	143875193	150126227	3852	0.4647
ff8cf96c-3447-4e79-bbc0-44a019bbf3ce	7	150128092	150130868	2	2.2519
ff8cf96c-3447-4e79-bbc0-44a019bbf3ce	7	150139332	150643123	280	0.5089
ff8cf96c-3447-4e79-bbc0-44a019bbf3ce	7	150643707	150644353	2	-3.0187
ff8cf96c-3447-4e79-bbc0-44a019bbf3ce	7	150644630	159334314	5756	0.4839
ff8cf96c-3447-4e79-bbc0-44a019bbf3ce	8	81254	2746316	1900	-0.4425
ff8cf96c-3447-4e79-bbc0-44a019bbf3ce	8	2746661	2752393	5	-2.1586
ff8cf96c-3447-4e79-bbc0-44a019bbf3ce	8	2752537	3676693	1058	-0.419
ff8cf96c-3447-4e79-bbc0-44a019bbf3ce	8	3679023	3682943	3	1.0577
ff8cf96c-3447-4e79-bbc0-44a019bbf3ce	8	3683615	4282176	1000	-0.4615
ff8cf96c-3447-4e79-bbc0-44a019bbf3ce	8	4283878	4286218	7	1.0687
ff8cf96c-3447-4e79-bbc0-44a019bbf3ce	8	4287368	7930192	3757	-0.4248
ff8cf96c-3447-4e79-bbc0-44a019bbf3ce	8	7941868	8120649	13	0.7209
ff8cf96c-3447-4e79-bbc0-44a019bbf3ce	8	8132772	12092042	3206	-0.4343
ff8cf96c-3447-4e79-bbc0-44a019bbf3ce	8	12130217	12143614	6	-1.9795
ff8cf96c-3447-4e79-bbc0-44a019bbf3ce	8	12176798	12374772	6	-0.1102
ff8cf96c-3447-4e79-bbc0-44a019bbf3ce	8	12374907	12496252	31	0.4765
ff8cf96c-3447-4e79-bbc0-44a019bbf3ce	8	12519969	39373140	19315	-0.456
ff8cf96c-3447-4e79-bbc0-44a019bbf3ce	8	39378084	39529446	59	-2.4858
ff8cf96c-3447-4e79-bbc0-44a019bbf3ce	8	39530780	120990355	47914	-0.4505
ff8cf96c-3447-4e79-bbc0-44a019bbf3ce	8	120990449	120994524	4	-3.9227
ff8cf96c-3447-4e79-bbc0-44a019bbf3ce	8	120995703	144322286	16343	-0.4399
ff8cf96c-3447-4e79-bbc0-44a019bbf3ce	8	144323743	144539160	65	0.0064
ff8cf96c-3447-4e79-bbc0-44a019bbf3ce	8	144539176	145072769	243	-0.442
ff8cf96c-3447-4e79-bbc0-44a019bbf3ce	9	46587	6695986	6342	0.4835
ff8cf96c-3447-4e79-bbc0-44a019bbf3ce	9	6701145	6708357	7	-0.555
ff8cf96c-3447-4e79-bbc0-44a019bbf3ce	9	6712314	8693898	1974	0.4724
ff8cf96c-3447-4e79-bbc0-44a019bbf3ce	9	8694330	8705964	6	-0.7562
ff8cf96c-3447-4e79-bbc0-44a019bbf3ce	9	8706583	40922005	22723	0.4525
ff8cf96c-3447-4e79-bbc0-44a019bbf3ce	9	40926319	42727685	135	-0.0896
ff8cf96c-3447-4e79-bbc0-44a019bbf3ce	9	42729302	64794598	184	0.4678
ff8cf96c-3447-4e79-bbc0-44a019bbf3ce	9	64800092	64945250	14	-0.4732
ff8cf96c-3447-4e79-bbc0-44a019bbf3ce	9	64965577	103804216	24748	0.4518
ff8cf96c-3447-4e79-bbc0-44a019bbf3ce	9	103806415	103807009	2	-3.0649
ff8cf96c-3447-4e79-bbc0-44a019bbf3ce	9	103808421	120938501	13286	0.4619
ff8cf96c-3447-4e79-bbc0-44a019bbf3ce	9	120940297	120947863	10	-0.6794
ff8cf96c-3447-4e79-bbc0-44a019bbf3ce	9	120947884	125394593	2650	0.4473
ff8cf96c-3447-4e79-bbc0-44a019bbf3ce	9	125395047	127456093	1379	0.4998
ff8cf96c-3447-4e79-bbc0-44a019bbf3ce	9	127457023	131801228	2366	0.4262
ff8cf96c-3447-4e79-bbc0-44a019bbf3ce	9	131801458	138109553	3257	0.5006
ff8cf96c-3447-4e79-bbc0-44a019bbf3ce	9	138110039	138112068	14	1.1286
ff8cf96c-3447-4e79-bbc0-44a019bbf3ce	9	138116005	138200944	41	0.6064
ff8cf96c-3447-4e79-bbc0-44a019bbf3ce	10	45792	2511048	1907	0.4808
ff8cf96c-3447-4e79-bbc0-44a019bbf3ce	10	2512121	2520136	3	-0.891
ff8cf96c-3447-4e79-bbc0-44a019bbf3ce	10	2520450	2874574	376	0.4892
ff8cf96c-3447-4e79-bbc0-44a019bbf3ce	10	2874782	2880574	7	-0.3676
ff8cf96c-3447-4e79-bbc0-44a019bbf3ce	10	2881116	3900888	959	0.4915
ff8cf96c-3447-4e79-bbc0-44a019bbf3ce	10	3901087	3904783	5	-0.9984
ff8cf96c-3447-4e79-bbc0-44a019bbf3ce	10	3904877	13755853	8264	0.4603
ff8cf96c-3447-4e79-bbc0-44a019bbf3ce	10	13756911	13759269	2	-1.7755
ff8cf96c-3447-4e79-bbc0-44a019bbf3ce	10	13759432	42330980	17487	0.4434
ff8cf96c-3447-4e79-bbc0-44a019bbf3ce	10	42331264	42332543	2	-1.4715
ff8cf96c-3447-4e79-bbc0-44a019bbf3ce	10	42335359	45757597	2310	0.4551
ff8cf96c-3447-4e79-bbc0-44a019bbf3ce	10	45761333	46294181	178	-0.5404
ff8cf96c-3447-4e79-bbc0-44a019bbf3ce	10	46294944	47075763	129	-0.2836
ff8cf96c-3447-4e79-bbc0-44a019bbf3ce	10	47076636	50144008	1661	-0.5625
ff8cf96c-3447-4e79-bbc0-44a019bbf3ce	10	50150838	53904245	2848	0.4681
ff8cf96c-3447-4e79-bbc0-44a019bbf3ce	10	53904266	53905230	2	-1.5867
ff8cf96c-3447-4e79-bbc0-44a019bbf3ce	10	53914357	54920517	763	0.4568
ff8cf96c-3447-4e79-bbc0-44a019bbf3ce	10	54923330	54929747	4	-2.148
ff8cf96c-3447-4e79-bbc0-44a019bbf3ce	10	54929994	59604372	3315	0.4478
ff8cf96c-3447-4e79-bbc0-44a019bbf3ce	10	59604671	59605506	6	-0.7021
ff8cf96c-3447-4e79-bbc0-44a019bbf3ce	10	59605724	65546518	4009	0.4574
ff8cf96c-3447-4e79-bbc0-44a019bbf3ce	10	65548165	65554688	28	-1.7588
ff8cf96c-3447-4e79-bbc0-44a019bbf3ce	10	65563037	89178404	15755	0.451
ff8cf96c-3447-4e79-bbc0-44a019bbf3ce	10	89178684	89188152	11	-0.5954
ff8cf96c-3447-4e79-bbc0-44a019bbf3ce	10	89188211	98073947	5567	0.4445
ff8cf96c-3447-4e79-bbc0-44a019bbf3ce	10	98075083	98077645	10	1.1411
ff8cf96c-3447-4e79-bbc0-44a019bbf3ce	10	98085972	116721609	12322	0.4546
ff8cf96c-3447-4e79-bbc0-44a019bbf3ce	10	116721893	116794989	60	0.7398
ff8cf96c-3447-4e79-bbc0-44a019bbf3ce	10	116795207	127291053	7770	0.4646
ff8cf96c-3447-4e79-bbc0-44a019bbf3ce	10	127292060	133654968	4542	0.4984
ff8cf96c-3447-4e79-bbc0-44a019bbf3ce	11	198510	4946166	2406	-0.4318
ff8cf96c-3447-4e79-bbc0-44a019bbf3ce	11	4946420	4955042	31	0.2455
ff8cf96c-3447-4e79-bbc0-44a019bbf3ce	11	4955781	5766175	776	-0.4601
ff8cf96c-3447-4e79-bbc0-44a019bbf3ce	11	5766850	5788231	34	-2.0641
ff8cf96c-3447-4e79-bbc0-44a019bbf3ce	11	5791130	18940271	9382	-0.4307
ff8cf96c-3447-4e79-bbc0-44a019bbf3ce	11	18940375	18949201	6	0.8248
ff8cf96c-3447-4e79-bbc0-44a019bbf3ce	11	18949628	41225494	15967	-0.4416
ff8cf96c-3447-4e79-bbc0-44a019bbf3ce	11	41226592	41586392	276	-3.2245
ff8cf96c-3447-4e79-bbc0-44a019bbf3ce	11	41586957	48642055	4248	-0.4522
ff8cf96c-3447-4e79-bbc0-44a019bbf3ce	11	48644484	48688877	10	0.667
ff8cf96c-3447-4e79-bbc0-44a019bbf3ce	11	48688881	50614055	733	-0.4495
ff8cf96c-3447-4e79-bbc0-44a019bbf3ce	11	50630048	54579472	30	0.1354
ff8cf96c-3447-4e79-bbc0-44a019bbf3ce	11	54581250	55608804	372	-0.4454
ff8cf96c-3447-4e79-bbc0-44a019bbf3ce	11	55609022	55685533	51	-1.6964
ff8cf96c-3447-4e79-bbc0-44a019bbf3ce	11	55686100	62746849	4150	-0.4534
ff8cf96c-3447-4e79-bbc0-44a019bbf3ce	11	62747328	62759612	5	1.2895
ff8cf96c-3447-4e79-bbc0-44a019bbf3ce	11	62763622	64964714	969	-0.4299
ff8cf96c-3447-4e79-bbc0-44a019bbf3ce	11	64965378	65893863	362	-0.2251
ff8cf96c-3447-4e79-bbc0-44a019bbf3ce	11	65894294	67577849	639	-0.453
ff8cf96c-3447-4e79-bbc0-44a019bbf3ce	11	67581985	67968943	124	-0.1206
ff8cf96c-3447-4e79-bbc0-44a019bbf3ce	11	67969022	96245055	17972	-0.4421
ff8cf96c-3447-4e79-bbc0-44a019bbf3ce	11	96246567	96246636	2	-3.3435
ff8cf96c-3447-4e79-bbc0-44a019bbf3ce	11	96249404	101723653	4154	-0.431
ff8cf96c-3447-4e79-bbc0-44a019bbf3ce	11	101727129	101727233	4	2.0791
ff8cf96c-3447-4e79-bbc0-44a019bbf3ce	11	101727481	102224199	309	-0.4593
ff8cf96c-3447-4e79-bbc0-44a019bbf3ce	11	102226584	102228420	2	1.8759
ff8cf96c-3447-4e79-bbc0-44a019bbf3ce	11	102232367	107910653	3851	-0.4394
ff8cf96c-3447-4e79-bbc0-44a019bbf3ce	11	107913781	107914372	2	-3.0206
ff8cf96c-3447-4e79-bbc0-44a019bbf3ce	11	107916987	135074876	19412	-0.4353
ff8cf96c-3447-4e79-bbc0-44a019bbf3ce	12	51460	206267	85	0.5618
ff8cf96c-3447-4e79-bbc0-44a019bbf3ce	12	207206	215129	4	1.6943
ff8cf96c-3447-4e79-bbc0-44a019bbf3ce	12	215769	2126723	1171	0.4745
ff8cf96c-3447-4e79-bbc0-44a019bbf3ce	12	2136696	2148754	41	-0.3269
ff8cf96c-3447-4e79-bbc0-44a019bbf3ce	12	2148857	7870680	4060	0.4793
ff8cf96c-3447-4e79-bbc0-44a019bbf3ce	12	7870934	7927704	23	1.2936
ff8cf96c-3447-4e79-bbc0-44a019bbf3ce	12	7927734	9575696	790	0.4707
ff8cf96c-3447-4e79-bbc0-44a019bbf3ce	12	9582373	9582374	2	2.3683
ff8cf96c-3447-4e79-bbc0-44a019bbf3ce	12	9583090	10892026	918	0.4656
ff8cf96c-3447-4e79-bbc0-44a019bbf3ce	12	10894104	11062773	109	0.0937
ff8cf96c-3447-4e79-bbc0-44a019bbf3ce	12	11064250	11104230	14	0.9321
ff8cf96c-3447-4e79-bbc0-44a019bbf3ce	12	11107676	11373355	149	0.0888
ff8cf96c-3447-4e79-bbc0-44a019bbf3ce	12	11383179	11388095	8	0.8624
ff8cf96c-3447-4e79-bbc0-44a019bbf3ce	12	11390452	11791178	380	0.0635
ff8cf96c-3447-4e79-bbc0-44a019bbf3ce	12	11791394	20991368	6115	0.4581
ff8cf96c-3447-4e79-bbc0-44a019bbf3ce	12	20991497	20992076	12	1.1411
ff8cf96c-3447-4e79-bbc0-44a019bbf3ce	12	20992373	31175492	7444	0.4582
ff8cf96c-3447-4e79-bbc0-44a019bbf3ce	12	31176235	31257350	67	-0.577
ff8cf96c-3447-4e79-bbc0-44a019bbf3ce	12	31257887	32184722	623	0.4093
ff8cf96c-3447-4e79-bbc0-44a019bbf3ce	12	32185818	32185984	4	1.6189
ff8cf96c-3447-4e79-bbc0-44a019bbf3ce	12	32186046	33141710	661	0.3986
ff8cf96c-3447-4e79-bbc0-44a019bbf3ce	12	33141726	33155608	33	-0.1604
ff8cf96c-3447-4e79-bbc0-44a019bbf3ce	12	33155655	45510655	5558	0.463
ff8cf96c-3447-4e79-bbc0-44a019bbf3ce	12	45512057	45515754	3	-1.5355
ff8cf96c-3447-4e79-bbc0-44a019bbf3ce	12	45519509	72848336	16638	0.4487
ff8cf96c-3447-4e79-bbc0-44a019bbf3ce	12	72851624	72851625	2	-1.76
ff8cf96c-3447-4e79-bbc0-44a019bbf3ce	12	72859412	109510118	23772	0.452
ff8cf96c-3447-4e79-bbc0-44a019bbf3ce	12	109513357	113847043	2364	0.4059
ff8cf96c-3447-4e79-bbc0-44a019bbf3ce	12	113847668	114209029	378	0.5701
ff8cf96c-3447-4e79-bbc0-44a019bbf3ce	12	114209054	119546020	4034	0.4418
ff8cf96c-3447-4e79-bbc0-44a019bbf3ce	12	119551082	119552928	14	-0.5505
ff8cf96c-3447-4e79-bbc0-44a019bbf3ce	12	119552943	123654956	1875	0.4192
ff8cf96c-3447-4e79-bbc0-44a019bbf3ce	12	123655050	133201603	7123	0.4877
ff8cf96c-3447-4e79-bbc0-44a019bbf3ce	13	18452809	56273920	25199	-1.2002
ff8cf96c-3447-4e79-bbc0-44a019bbf3ce	13	56274152	56277087	3	-6.0785
ff8cf96c-3447-4e79-bbc0-44a019bbf3ce	13	56277160	57139094	412	-1.1201
ff8cf96c-3447-4e79-bbc0-44a019bbf3ce	13	57139099	57202435	43	-0.2737
ff8cf96c-3447-4e79-bbc0-44a019bbf3ce	13	57204234	58009176	413	-1.131
ff8cf96c-3447-4e79-bbc0-44a019bbf3ce	13	58009216	58016945	4	-2.9794
ff8cf96c-3447-4e79-bbc0-44a019bbf3ce	13	58016973	58019138	2	-7.4436
ff8cf96c-3447-4e79-bbc0-44a019bbf3ce	13	58019212	78952001	13404	-1.1919
ff8cf96c-3447-4e79-bbc0-44a019bbf3ce	13	78952037	78955636	2	-7.1439
ff8cf96c-3447-4e79-bbc0-44a019bbf3ce	13	78955705	91969456	7884	-1.1855
ff8cf96c-3447-4e79-bbc0-44a019bbf3ce	13	91977603	92232033	163	-3.3514
ff8cf96c-3447-4e79-bbc0-44a019bbf3ce	13	92232117	107249633	10833	-1.2158
ff8cf96c-3447-4e79-bbc0-44a019bbf3ce	13	107249799	107249894	2	-7.5751
ff8cf96c-3447-4e79-bbc0-44a019bbf3ce	13	107249921	114342922	4804	-1.2688
ff8cf96c-3447-4e79-bbc0-44a019bbf3ce	14	18239283	19019303	30	0.2332
ff8cf96c-3447-4e79-bbc0-44a019bbf3ce	14	19049265	19110634	3	-1.3374
ff8cf96c-3447-4e79-bbc0-44a019bbf3ce	14	19134873	22075325	1591	0.4391
ff8cf96c-3447-4e79-bbc0-44a019bbf3ce	14	22077526	22509405	398	0.7396
ff8cf96c-3447-4e79-bbc0-44a019bbf3ce	14	22509533	23957515	838	0.4591
ff8cf96c-3447-4e79-bbc0-44a019bbf3ce	14	23975620	24025841	38	0.9215
ff8cf96c-3447-4e79-bbc0-44a019bbf3ce	14	24030533	34548665	6784	0.4595
ff8cf96c-3447-4e79-bbc0-44a019bbf3ce	14	34551068	34551172	2	-1.3257
ff8cf96c-3447-4e79-bbc0-44a019bbf3ce	14	34551779	42385962	4780	0.4597
ff8cf96c-3447-4e79-bbc0-44a019bbf3ce	14	42386263	42386514	3	-1.0025
ff8cf96c-3447-4e79-bbc0-44a019bbf3ce	14	42387773	44859904	1448	0.418
ff8cf96c-3447-4e79-bbc0-44a019bbf3ce	14	44862194	44964474	51	0.0964
ff8cf96c-3447-4e79-bbc0-44a019bbf3ce	14	44968655	45300952	122	-0.6391
ff8cf96c-3447-4e79-bbc0-44a019bbf3ce	14	45306044	46043510	422	-0.0605
ff8cf96c-3447-4e79-bbc0-44a019bbf3ce	14	46045231	46687720	385	0.4512
ff8cf96c-3447-4e79-bbc0-44a019bbf3ce	14	46691286	46691955	3	-1.2321
ff8cf96c-3447-4e79-bbc0-44a019bbf3ce	14	46693176	47690492	619	0.4851
ff8cf96c-3447-4e79-bbc0-44a019bbf3ce	14	47691443	47792835	59	-0.435
ff8cf96c-3447-4e79-bbc0-44a019bbf3ce	14	47792851	94950261	30624	0.4583
ff8cf96c-3447-4e79-bbc0-44a019bbf3ce	14	94950497	99581380	3676	0.4997
ff8cf96c-3447-4e79-bbc0-44a019bbf3ce	14	99582084	106321086	3000	0.4556
ff8cf96c-3447-4e79-bbc0-44a019bbf3ce	14	106340102	106346129	7	1.8197
ff8cf96c-3447-4e79-bbc0-44a019bbf3ce	14	106360014	106877229	274	0.4683
ff8cf96c-3447-4e79-bbc0-44a019bbf3ce	15	19811075	20026653	47	-0.2794
ff8cf96c-3447-4e79-bbc0-44a019bbf3ce	15	20041119	22299523	159	-1.0468
ff8cf96c-3447-4e79-bbc0-44a019bbf3ce	15	22385639	26315045	2346	-0.461
ff8cf96c-3447-4e79-bbc0-44a019bbf3ce	15	26317005	26318009	2	-3.5625
ff8cf96c-3447-4e79-bbc0-44a019bbf3ce	15	26318441	30307497	2276	-0.4453
ff8cf96c-3447-4e79-bbc0-44a019bbf3ce	15	30313650	30595753	12	-2.0157
ff8cf96c-3447-4e79-bbc0-44a019bbf3ce	15	30608675	32220019	1052	-0.4355
ff8cf96c-3447-4e79-bbc0-44a019bbf3ce	15	32239115	32323432	8	-1.7698
ff8cf96c-3447-4e79-bbc0-44a019bbf3ce	15	32339520	53492956	13097	-0.4425
ff8cf96c-3447-4e79-bbc0-44a019bbf3ce	15	53492997	53493082	3	-2.6491
ff8cf96c-3447-4e79-bbc0-44a019bbf3ce	15	53498050	56498657	2010	-0.4387
ff8cf96c-3447-4e79-bbc0-44a019bbf3ce	15	56498682	56498877	5	-1.8249
ff8cf96c-3447-4e79-bbc0-44a019bbf3ce	15	56498896	56499688	8	-0.5826
ff8cf96c-3447-4e79-bbc0-44a019bbf3ce	15	56499703	56508779	8	-2.4444
ff8cf96c-3447-4e79-bbc0-44a019bbf3ce	15	56509425	63630498	5288	-0.4317
ff8cf96c-3447-4e79-bbc0-44a019bbf3ce	15	63630553	63632869	2	-3.0518
ff8cf96c-3447-4e79-bbc0-44a019bbf3ce	15	63635355	76599286	7399	-0.4356
ff8cf96c-3447-4e79-bbc0-44a019bbf3ce	15	76599400	76603434	19	-1.4253
ff8cf96c-3447-4e79-bbc0-44a019bbf3ce	15	76609838	84246373	4565	-0.4312
ff8cf96c-3447-4e79-bbc0-44a019bbf3ce	15	84388504	84388506	3	1.2757
ff8cf96c-3447-4e79-bbc0-44a019bbf3ce	15	84390750	87549553	2278	-0.4355
ff8cf96c-3447-4e79-bbc0-44a019bbf3ce	15	87551799	87553553	2	-2.648
ff8cf96c-3447-4e79-bbc0-44a019bbf3ce	15	87554253	92222525	3277	-0.4314
ff8cf96c-3447-4e79-bbc0-44a019bbf3ce	15	92222644	92223064	3	3.4769
ff8cf96c-3447-4e79-bbc0-44a019bbf3ce	15	92223528	93310656	957	-0.4475
ff8cf96c-3447-4e79-bbc0-44a019bbf3ce	15	93312082	93314323	2	-3.5591
ff8cf96c-3447-4e79-bbc0-44a019bbf3ce	15	93319185	101928837	6430	-0.4395
ff8cf96c-3447-4e79-bbc0-44a019bbf3ce	16	10777	1496860	477	0.604
ff8cf96c-3447-4e79-bbc0-44a019bbf3ce	16	1505082	4177550	1224	0.4378
ff8cf96c-3447-4e79-bbc0-44a019bbf3ce	16	4177588	4199650	28	0.9268
ff8cf96c-3447-4e79-bbc0-44a019bbf3ce	16	4200022	6644145	2196	0.4225
ff8cf96c-3447-4e79-bbc0-44a019bbf3ce	16	6647124	6679672	34	0.6016
ff8cf96c-3447-4e79-bbc0-44a019bbf3ce	16	6680188	6752434	133	0.1213
ff8cf96c-3447-4e79-bbc0-44a019bbf3ce	16	6755912	6777133	39	-0.4309
ff8cf96c-3447-4e79-bbc0-44a019bbf3ce	16	6777653	6975027	202	0.0262
ff8cf96c-3447-4e79-bbc0-44a019bbf3ce	16	6976211	7023282	54	-0.4812
ff8cf96c-3447-4e79-bbc0-44a019bbf3ce	16	7023653	7170263	208	-1.1498
ff8cf96c-3447-4e79-bbc0-44a019bbf3ce	16	7170741	7201930	49	-0.4037
ff8cf96c-3447-4e79-bbc0-44a019bbf3ce	16	7202629	7290952	127	0.0747
ff8cf96c-3447-4e79-bbc0-44a019bbf3ce	16	7292776	7542159	286	-0.5191
ff8cf96c-3447-4e79-bbc0-44a019bbf3ce	16	7542891	7628294	116	-0.0077
ff8cf96c-3447-4e79-bbc0-44a019bbf3ce	16	7630565	7664817	61	0.1368
ff8cf96c-3447-4e79-bbc0-44a019bbf3ce	16	7667203	14531477	5749	0.4522
ff8cf96c-3447-4e79-bbc0-44a019bbf3ce	16	14532037	14665911	58	0.2964
ff8cf96c-3447-4e79-bbc0-44a019bbf3ce	16	14666125	17559865	1290	0.5462
ff8cf96c-3447-4e79-bbc0-44a019bbf3ce	16	17560078	19933041	1077	0.4449
ff8cf96c-3447-4e79-bbc0-44a019bbf3ce	16	19934328	19959496	32	-0.327
ff8cf96c-3447-4e79-bbc0-44a019bbf3ce	16	19959543	21401082	887	0.4614
ff8cf96c-3447-4e79-bbc0-44a019bbf3ce	16	21503753	21735181	120	0.5982
ff8cf96c-3447-4e79-bbc0-44a019bbf3ce	16	21735632	21775420	6	1.5234
ff8cf96c-3447-4e79-bbc0-44a019bbf3ce	16	21776197	22576729	265	0.5505
ff8cf96c-3447-4e79-bbc0-44a019bbf3ce	16	22579557	22614450	10	-0.1774
ff8cf96c-3447-4e79-bbc0-44a019bbf3ce	16	22615026	22769271	120	0.6399
ff8cf96c-3447-4e79-bbc0-44a019bbf3ce	16	22770649	28826585	3985	0.4483
ff8cf96c-3447-4e79-bbc0-44a019bbf3ce	16	28826752	30308986	395	0.5949
ff8cf96c-3447-4e79-bbc0-44a019bbf3ce	16	30308999	32458145	674	0.4191
ff8cf96c-3447-4e79-bbc0-44a019bbf3ce	16	32471634	33862700	46	0.0079
ff8cf96c-3447-4e79-bbc0-44a019bbf3ce	16	33865345	35237149	145	0.5373
ff8cf96c-3447-4e79-bbc0-44a019bbf3ce	16	35237450	35526596	163	1.1584
ff8cf96c-3447-4e79-bbc0-44a019bbf3ce	16	35530722	35853319	91	0.5667
ff8cf96c-3447-4e79-bbc0-44a019bbf3ce	16	35853721	80218562	23039	0.4487
ff8cf96c-3447-4e79-bbc0-44a019bbf3ce	16	80218606	80219179	5	-0.626
ff8cf96c-3447-4e79-bbc0-44a019bbf3ce	16	80219577	80891742	668	0.457
ff8cf96c-3447-4e79-bbc0-44a019bbf3ce	16	80891884	90096867	7600	0.4996
ff8cf96c-3447-4e79-bbc0-44a019bbf3ce	17	150733	18375453	11310	-0.4503
ff8cf96c-3447-4e79-bbc0-44a019bbf3ce	17	18375514	18571332	50	0.0996
ff8cf96c-3447-4e79-bbc0-44a019bbf3ce	17	18592992	43109546	10402	-0.4257
ff8cf96c-3447-4e79-bbc0-44a019bbf3ce	17	43111997	43117386	12	0.5302
ff8cf96c-3447-4e79-bbc0-44a019bbf3ce	17	43117831	44611102	680	-0.4611
ff8cf96c-3447-4e79-bbc0-44a019bbf3ce	17	44615145	44616498	3	-2.148
ff8cf96c-3447-4e79-bbc0-44a019bbf3ce	17	44616999	45436394	384	-0.4577
ff8cf96c-3447-4e79-bbc0-44a019bbf3ce	17	45442744	46085732	359	-0.2416
ff8cf96c-3447-4e79-bbc0-44a019bbf3ce	17	46088437	74062280	17033	-0.4554
ff8cf96c-3447-4e79-bbc0-44a019bbf3ce	17	74062498	74689025	382	-0.2762
ff8cf96c-3447-4e79-bbc0-44a019bbf3ce	17	74694557	83091923	4170	-0.4325
ff8cf96c-3447-4e79-bbc0-44a019bbf3ce	18	48133	40680516	22670	-0.4388
ff8cf96c-3447-4e79-bbc0-44a019bbf3ce	18	40680526	40685399	12	-1.9932
ff8cf96c-3447-4e79-bbc0-44a019bbf3ce	18	40685413	50301018	6427	-0.4359
ff8cf96c-3447-4e79-bbc0-44a019bbf3ce	18	50301095	50301550	3	-2.1072
ff8cf96c-3447-4e79-bbc0-44a019bbf3ce	18	50301573	51039262	546	-0.4566
ff8cf96c-3447-4e79-bbc0-44a019bbf3ce	18	51039401	51039656	4	0.7826
ff8cf96c-3447-4e79-bbc0-44a019bbf3ce	18	51039939	53998472	2099	-0.4337
ff8cf96c-3447-4e79-bbc0-44a019bbf3ce	18	53998629	53998782	2	-2.7987
ff8cf96c-3447-4e79-bbc0-44a019bbf3ce	18	54001998	54824398	490	-0.4369
ff8cf96c-3447-4e79-bbc0-44a019bbf3ce	18	54824560	54824649	2	-2.2404
ff8cf96c-3447-4e79-bbc0-44a019bbf3ce	18	54825164	60439643	3913	-0.449
ff8cf96c-3447-4e79-bbc0-44a019bbf3ce	18	60441324	60448003	2	1.4654
ff8cf96c-3447-4e79-bbc0-44a019bbf3ce	18	60448502	63211396	1851	-0.4283
ff8cf96c-3447-4e79-bbc0-44a019bbf3ce	18	63212453	63212566	3	-2.1546
ff8cf96c-3447-4e79-bbc0-44a019bbf3ce	18	63213063	65536463	1673	-0.4119
ff8cf96c-3447-4e79-bbc0-44a019bbf3ce	18	65536507	65536707	4	1.168
ff8cf96c-3447-4e79-bbc0-44a019bbf3ce	18	65537087	66099904	424	-0.5333
ff8cf96c-3447-4e79-bbc0-44a019bbf3ce	18	66100052	66100686	2	-3.1761
ff8cf96c-3447-4e79-bbc0-44a019bbf3ce	18	66108359	80257174	10317	-0.442
ff8cf96c-3447-4e79-bbc0-44a019bbf3ce	19	90910	4425615	1170	0.4191
ff8cf96c-3447-4e79-bbc0-44a019bbf3ce	19	4425829	4742226	81	0.7352
ff8cf96c-3447-4e79-bbc0-44a019bbf3ce	19	4742540	29965978	11706	0.4185
ff8cf96c-3447-4e79-bbc0-44a019bbf3ce	19	29967456	31968416	1478	0.4869
ff8cf96c-3447-4e79-bbc0-44a019bbf3ce	19	31972198	35365179	2230	0.4262
ff8cf96c-3447-4e79-bbc0-44a019bbf3ce	19	35365304	35375899	20	1.0275
ff8cf96c-3447-4e79-bbc0-44a019bbf3ce	19	35376052	38740263	1674	0.4006
ff8cf96c-3447-4e79-bbc0-44a019bbf3ce	19	38748537	38758431	3	-1.3934
ff8cf96c-3447-4e79-bbc0-44a019bbf3ce	19	38759064	43185398	2170	0.43
ff8cf96c-3447-4e79-bbc0-44a019bbf3ce	19	43187166	43450763	123	0.6864
ff8cf96c-3447-4e79-bbc0-44a019bbf3ce	19	43451497	54154140	5726	0.4468
ff8cf96c-3447-4e79-bbc0-44a019bbf3ce	19	54154264	54226378	50	0.8859
ff8cf96c-3447-4e79-bbc0-44a019bbf3ce	19	54226396	54237443	13	1.7883
ff8cf96c-3447-4e79-bbc0-44a019bbf3ce	19	54249482	55013445	395	0.8233
ff8cf96c-3447-4e79-bbc0-44a019bbf3ce	19	55017474	55044464	32	1.2779
ff8cf96c-3447-4e79-bbc0-44a019bbf3ce	19	55054266	58429147	2101	0.7608
ff8cf96c-3447-4e79-bbc0-44a019bbf3ce	19	58432041	58433008	2	-2.4056
ff8cf96c-3447-4e79-bbc0-44a019bbf3ce	19	58434689	58586487	52	0.9658
ff8cf96c-3447-4e79-bbc0-44a019bbf3ce	20	80664	2051654	1612	0.1341
ff8cf96c-3447-4e79-bbc0-44a019bbf3ce	20	2056537	3830556	1183	0.0657
ff8cf96c-3447-4e79-bbc0-44a019bbf3ce	20	3830786	3866951	20	0.6175
ff8cf96c-3447-4e79-bbc0-44a019bbf3ce	20	3867769	57012392	34395	0.0822
ff8cf96c-3447-4e79-bbc0-44a019bbf3ce	20	57019630	64324185	4978	0.118
ff8cf96c-3447-4e79-bbc0-44a019bbf3ce	20	64324292	64324800	2	-2.0262
ff8cf96c-3447-4e79-bbc0-44a019bbf3ce	21	10354168	13028693	97	0.0554
ff8cf96c-3447-4e79-bbc0-44a019bbf3ce	21	13080541	46677045	23674	0.4641
ff8cf96c-3447-4e79-bbc0-44a019bbf3ce	22	15294547	16408174	42	0.1368
ff8cf96c-3447-4e79-bbc0-44a019bbf3ce	22	16412132	19295241	1322	-0.4299
ff8cf96c-3447-4e79-bbc0-44a019bbf3ce	22	19295955	24020015	3030	-0.2917
ff8cf96c-3447-4e79-bbc0-44a019bbf3ce	22	24020100	24685371	335	-0.4501
ff8cf96c-3447-4e79-bbc0-44a019bbf3ce	22	24686148	24691707	4	-1.9806
ff8cf96c-3447-4e79-bbc0-44a019bbf3ce	22	24691721	25310951	475	-0.4693
ff8cf96c-3447-4e79-bbc0-44a019bbf3ce	22	25315890	25325827	11	0.7103
ff8cf96c-3447-4e79-bbc0-44a019bbf3ce	22	25325879	25739962	385	-0.362
ff8cf96c-3447-4e79-bbc0-44a019bbf3ce	22	25740026	25742471	6	0.8613
ff8cf96c-3447-4e79-bbc0-44a019bbf3ce	22	25742863	28927735	2724	-0.4393
ff8cf96c-3447-4e79-bbc0-44a019bbf3ce	22	28929935	28930615	2	-6.6121
ff8cf96c-3447-4e79-bbc0-44a019bbf3ce	22	28931919	29061567	100	-2.6905
ff8cf96c-3447-4e79-bbc0-44a019bbf3ce	22	29061594	29141077	70	-4.204
ff8cf96c-3447-4e79-bbc0-44a019bbf3ce	22	29144142	29472866	173	-0.495
ff8cf96c-3447-4e79-bbc0-44a019bbf3ce	22	29473201	29485728	7	0.9625
ff8cf96c-3447-4e79-bbc0-44a019bbf3ce	22	29485839	33777419	2896	-0.4571
ff8cf96c-3447-4e79-bbc0-44a019bbf3ce	22	33778960	33778986	3	-2.1177
ff8cf96c-3447-4e79-bbc0-44a019bbf3ce	22	33778998	38967679	3567	-0.4318
ff8cf96c-3447-4e79-bbc0-44a019bbf3ce	22	38967712	39007789	35	0.1705
ff8cf96c-3447-4e79-bbc0-44a019bbf3ce	22	39007816	50796027	7953	-0.4342
ff8cf96c-3447-4e79-bbc0-44a019bbf3ce	X	251810	22498223	13349	-0.0106
ff8cf96c-3447-4e79-bbc0-44a019bbf3ce	X	22498808	22498824	2	-2.7094
ff8cf96c-3447-4e79-bbc0-44a019bbf3ce	X	22500950	31108987	5601	0.003
ff8cf96c-3447-4e79-bbc0-44a019bbf3ce	X	31113682	31123670	10	-0.8786
ff8cf96c-3447-4e79-bbc0-44a019bbf3ce	X	31125065	58398391	14237	-0.0049
ff8cf96c-3447-4e79-bbc0-44a019bbf3ce	X	58400799	62748289	54	0.4233
ff8cf96c-3447-4e79-bbc0-44a019bbf3ce	X	62754020	122146643	30212	-0.0043
ff8cf96c-3447-4e79-bbc0-44a019bbf3ce	X	122149530	122149662	2	-2.6757
ff8cf96c-3447-4e79-bbc0-44a019bbf3ce	X	122153555	147277033	14928	-0.0006
ff8cf96c-3447-4e79-bbc0-44a019bbf3ce	X	147279480	147280769	3	-2.3044
ff8cf96c-3447-4e79-bbc0-44a019bbf3ce	X	147280837	153161448	3735	0.0209
ff8cf96c-3447-4e79-bbc0-44a019bbf3ce	X	153161480	153161656	2	-2.2339
ff8cf96c-3447-4e79-bbc0-44a019bbf3ce	X	153161875	155683544	1048	0.0129
ff8cf96c-3447-4e79-bbc0-44a019bbf3ce	X	155687724	155699647	13	-1.6434
ff8cf96c-3447-4e79-bbc0-44a019bbf3ce	X	155699837	155952689	19	-0.0435
ff8cf96c-3447-4e79-bbc0-44a019bbf3ce	Y	2782397	56872112	6631	-2.8633
