GDC_Aliquot	Chromosome	Start	End	Num_Probes	Segment_Mean
f3e0595b-e839-4c34-b467-56b303181376	1	62920	777165	23	-0.1133
f3e0595b-e839-4c34-b467-56b303181376	1	783283	1027585	54	0.8656
f3e0595b-e839-4c34-b467-56b303181376	1	1052992	10610834	5263	0.1789
f3e0595b-e839-4c34-b467-56b303181376	1	10611363	10619664	3	-1.5444
f3e0595b-e839-4c34-b467-56b303181376	1	10621749	12792599	1129	0.1644
f3e0595b-e839-4c34-b467-56b303181376	1	12797714	12868035	30	-0.7485
f3e0595b-e839-4c34-b467-56b303181376	1	12922922	14496017	862	0.1317
f3e0595b-e839-4c34-b467-56b303181376	1	14496420	25256850	6592	0.1814
f3e0595b-e839-4c34-b467-56b303181376	1	25266637	25320198	22	-0.2288
f3e0595b-e839-4c34-b467-56b303181376	1	25320253	33104527	3849	0.1724
f3e0595b-e839-4c34-b467-56b303181376	1	33106376	51563717	10354	0.1473
f3e0595b-e839-4c34-b467-56b303181376	1	51564707	51585116	10	0.7516
f3e0595b-e839-4c34-b467-56b303181376	1	51587466	72284670	14315	0.1449
f3e0595b-e839-4c34-b467-56b303181376	1	72290430	72297687	9	-0.852
f3e0595b-e839-4c34-b467-56b303181376	1	72302735	72345465	48	1.3338
f3e0595b-e839-4c34-b467-56b303181376	1	72346221	103620877	19871	0.1474
f3e0595b-e839-4c34-b467-56b303181376	1	103621165	103717617	5	1.3169
f3e0595b-e839-4c34-b467-56b303181376	1	103760781	105476688	911	0.1364
f3e0595b-e839-4c34-b467-56b303181376	1	105476748	105479753	14	1.5251
f3e0595b-e839-4c34-b467-56b303181376	1	105481433	109684893	2615	0.1551
f3e0595b-e839-4c34-b467-56b303181376	1	109690352	109697556	12	1.3962
f3e0595b-e839-4c34-b467-56b303181376	1	109702376	112153343	1933	0.1689
f3e0595b-e839-4c34-b467-56b303181376	1	112153465	112154768	24	-0.3238
f3e0595b-e839-4c34-b467-56b303181376	1	112163334	114289343	1318	0.1409
f3e0595b-e839-4c34-b467-56b303181376	1	114291004	114291088	2	-1.8977
f3e0595b-e839-4c34-b467-56b303181376	1	114291180	143494500	3807	0.1439
f3e0595b-e839-4c34-b467-56b303181376	1	143541857	152583051	2417	0.7506
f3e0595b-e839-4c34-b467-56b303181376	1	152583230	152614118	35	-1.5972
f3e0595b-e839-4c34-b467-56b303181376	1	152618018	152789447	165	0.7467
f3e0595b-e839-4c34-b467-56b303181376	1	152789463	152801429	37	1.2619
f3e0595b-e839-4c34-b467-56b303181376	1	152804279	158411038	3136	0.7429
f3e0595b-e839-4c34-b467-56b303181376	1	158412810	158498370	60	1.1358
f3e0595b-e839-4c34-b467-56b303181376	1	158502209	163554603	3594	0.729
f3e0595b-e839-4c34-b467-56b303181376	1	163555434	164052247	290	1.1395
f3e0595b-e839-4c34-b467-56b303181376	1	164057282	169017063	3896	-0.738
f3e0595b-e839-4c34-b467-56b303181376	1	169017136	169017973	3	-7.6595
f3e0595b-e839-4c34-b467-56b303181376	1	169020148	188803609	12923	-0.7233
f3e0595b-e839-4c34-b467-56b303181376	1	188807778	188838716	15	1.0264
f3e0595b-e839-4c34-b467-56b303181376	1	188844382	190764276	1306	1.1248
f3e0595b-e839-4c34-b467-56b303181376	1	190765748	191249214	297	0.6859
f3e0595b-e839-4c34-b467-56b303181376	1	191249489	193252785	1359	1.1363
f3e0595b-e839-4c34-b467-56b303181376	1	193255965	195809597	1647	0.729
f3e0595b-e839-4c34-b467-56b303181376	1	195810831	196105695	245	1.1308
f3e0595b-e839-4c34-b467-56b303181376	1	196105818	196745692	379	0.7242
f3e0595b-e839-4c34-b467-56b303181376	1	196745743	196821815	49	-0.0215
f3e0595b-e839-4c34-b467-56b303181376	1	196829435	204489038	4954	0.7209
f3e0595b-e839-4c34-b467-56b303181376	1	204497732	209897717	3768	0.157
f3e0595b-e839-4c34-b467-56b303181376	1	209908268	209910639	3	1.4318
f3e0595b-e839-4c34-b467-56b303181376	1	209913207	215682652	3854	0.1294
f3e0595b-e839-4c34-b467-56b303181376	1	215684851	215688763	14	-0.9569
f3e0595b-e839-4c34-b467-56b303181376	1	215692667	235117260	13279	0.1358
f3e0595b-e839-4c34-b467-56b303181376	1	235124437	235124487	2	-1.857
f3e0595b-e839-4c34-b467-56b303181376	1	235136069	240655348	4175	0.147
f3e0595b-e839-4c34-b467-56b303181376	1	240657216	240657773	3	-1.1475
f3e0595b-e839-4c34-b467-56b303181376	1	240662000	246793852	4248	0.1589
f3e0595b-e839-4c34-b467-56b303181376	1	246794759	246795038	2	1.8958
f3e0595b-e839-4c34-b467-56b303181376	1	246798440	248930189	1214	0.1457
f3e0595b-e839-4c34-b467-56b303181376	2	12784	3158335	2185	0.0876
f3e0595b-e839-4c34-b467-56b303181376	2	3159967	3193425	34	0.4416
f3e0595b-e839-4c34-b467-56b303181376	2	3193576	3197646	19	0.0553
f3e0595b-e839-4c34-b467-56b303181376	2	3199226	3199974	2	2.5422
f3e0595b-e839-4c34-b467-56b303181376	2	3200081	4149435	725	0.0924
f3e0595b-e839-4c34-b467-56b303181376	2	4149699	4182472	51	0.463
f3e0595b-e839-4c34-b467-56b303181376	2	4187192	5183410	788	0.1156
f3e0595b-e839-4c34-b467-56b303181376	2	5185991	7020591	1640	0.0645
f3e0595b-e839-4c34-b467-56b303181376	2	7023063	14322300	5324	0.136
f3e0595b-e839-4c34-b467-56b303181376	2	14323038	18323699	2989	0.0917
f3e0595b-e839-4c34-b467-56b303181376	2	18324310	24376380	4036	0.1358
f3e0595b-e839-4c34-b467-56b303181376	2	24378642	24388259	19	-0.6745
f3e0595b-e839-4c34-b467-56b303181376	2	24388858	34476516	6096	0.1355
f3e0595b-e839-4c34-b467-56b303181376	2	34476558	34511990	43	0.7365
f3e0595b-e839-4c34-b467-56b303181376	2	34512096	35750907	862	0.1245
f3e0595b-e839-4c34-b467-56b303181376	2	35752724	35762850	6	1.1096
f3e0595b-e839-4c34-b467-56b303181376	2	35762881	37342365	1245	0.1536
f3e0595b-e839-4c34-b467-56b303181376	2	37342432	37921617	455	0.2584
f3e0595b-e839-4c34-b467-56b303181376	2	37927651	52527330	10316	0.144
f3e0595b-e839-4c34-b467-56b303181376	2	52527342	52554404	39	-0.4741
f3e0595b-e839-4c34-b467-56b303181376	2	52560811	86710564	21746	0.1315
f3e0595b-e839-4c34-b467-56b303181376	2	86725947	86726731	2	-2.0819
f3e0595b-e839-4c34-b467-56b303181376	2	86743283	146104517	31117	0.134
f3e0595b-e839-4c34-b467-56b303181376	2	146106836	146109366	24	-1.9016
f3e0595b-e839-4c34-b467-56b303181376	2	146120238	158929428	7617	0.1168
f3e0595b-e839-4c34-b467-56b303181376	2	158930941	158931281	2	-1.8627
f3e0595b-e839-4c34-b467-56b303181376	2	158931342	180955383	13673	0.1378
f3e0595b-e839-4c34-b467-56b303181376	2	180957936	180958045	2	-1.4978
f3e0595b-e839-4c34-b467-56b303181376	2	180958575	202614129	12291	0.133
f3e0595b-e839-4c34-b467-56b303181376	2	202619832	202620373	2	-1.3751
f3e0595b-e839-4c34-b467-56b303181376	2	202628594	207485467	3036	0.1228
f3e0595b-e839-4c34-b467-56b303181376	2	207485523	207495498	28	0.5726
f3e0595b-e839-4c34-b467-56b303181376	2	207495544	212316597	3005	0.1163
f3e0595b-e839-4c34-b467-56b303181376	2	212321824	212325311	9	-5.2362
f3e0595b-e839-4c34-b467-56b303181376	2	212325396	212327101	16	-2.1257
f3e0595b-e839-4c34-b467-56b303181376	2	212327402	242147305	18883	0.1237
f3e0595b-e839-4c34-b467-56b303181376	3	20930	24349	2	-0.605
f3e0595b-e839-4c34-b467-56b303181376	3	26924	1704827	1483	0.0504
f3e0595b-e839-4c34-b467-56b303181376	3	1704875	9214502	6530	0.1101
f3e0595b-e839-4c34-b467-56b303181376	3	9215792	16197556	4733	0.167
f3e0595b-e839-4c34-b467-56b303181376	3	16199049	16199672	6	-0.6747
f3e0595b-e839-4c34-b467-56b303181376	3	16199818	26381978	6929	0.1561
f3e0595b-e839-4c34-b467-56b303181376	3	26382217	26397852	8	-0.652
f3e0595b-e839-4c34-b467-56b303181376	3	26404482	33825243	4963	0.1504
f3e0595b-e839-4c34-b467-56b303181376	3	33825437	53130787	10869	0.1245
f3e0595b-e839-4c34-b467-56b303181376	3	53136596	53163575	16	0.6869
f3e0595b-e839-4c34-b467-56b303181376	3	53164998	68697013	11840	0.1171
f3e0595b-e839-4c34-b467-56b303181376	3	68697108	68698262	14	1.4721
f3e0595b-e839-4c34-b467-56b303181376	3	68699607	73833731	3872	0.1223
f3e0595b-e839-4c34-b467-56b303181376	3	73833956	82759677	5074	0.0868
f3e0595b-e839-4c34-b467-56b303181376	3	82765491	94244790	4187	0.1265
f3e0595b-e839-4c34-b467-56b303181376	3	94247357	104402160	5542	-0.9082
f3e0595b-e839-4c34-b467-56b303181376	3	104402322	104430458	24	-0.2599
f3e0595b-e839-4c34-b467-56b303181376	3	104430527	107192089	1754	-0.8597
f3e0595b-e839-4c34-b467-56b303181376	3	107196975	128556653	13085	-0.9306
f3e0595b-e839-4c34-b467-56b303181376	3	128556857	130044016	686	-0.8709
f3e0595b-e839-4c34-b467-56b303181376	3	130044855	130171554	66	-0.3003
f3e0595b-e839-4c34-b467-56b303181376	3	130174126	162794951	19937	-0.91
f3e0595b-e839-4c34-b467-56b303181376	3	162795304	162908784	69	-0.0999
f3e0595b-e839-4c34-b467-56b303181376	3	162908815	175499151	7677	-0.905
f3e0595b-e839-4c34-b467-56b303181376	3	175500784	175502132	2	-4.2451
f3e0595b-e839-4c34-b467-56b303181376	3	175504311	185289878	5569	-0.9022
f3e0595b-e839-4c34-b467-56b303181376	3	185290786	186645242	915	-0.8229
f3e0595b-e839-4c34-b467-56b303181376	3	186645310	186648161	3	-2.7802
f3e0595b-e839-4c34-b467-56b303181376	3	186648427	189642965	2244	-0.8227
f3e0595b-e839-4c34-b467-56b303181376	3	189645889	189646849	11	-2.6579
f3e0595b-e839-4c34-b467-56b303181376	3	189653199	198169247	5130	-0.8044
f3e0595b-e839-4c34-b467-56b303181376	4	68929	3597723	1431	0.1796
f3e0595b-e839-4c34-b467-56b303181376	4	3598142	3600457	2	-2.1368
f3e0595b-e839-4c34-b467-56b303181376	4	3607663	9455251	3687	0.1599
f3e0595b-e839-4c34-b467-56b303181376	4	9459504	9477560	5	-0.968
f3e0595b-e839-4c34-b467-56b303181376	4	9477699	10208339	531	0.1226
f3e0595b-e839-4c34-b467-56b303181376	4	10208489	10229173	27	0.5878
f3e0595b-e839-4c34-b467-56b303181376	4	10229188	10389091	182	0.19
f3e0595b-e839-4c34-b467-56b303181376	4	10390730	10398532	14	-0.4083
f3e0595b-e839-4c34-b467-56b303181376	4	10398887	25064736	10606	0.1372
f3e0595b-e839-4c34-b467-56b303181376	4	25065100	33237291	5185	0.1067
f3e0595b-e839-4c34-b467-56b303181376	4	33240228	49214614	9798	0.1399
f3e0595b-e839-4c34-b467-56b303181376	4	49289175	49289338	2	-1.7776
f3e0595b-e839-4c34-b467-56b303181376	4	49295203	63841863	7546	0.1229
f3e0595b-e839-4c34-b467-56b303181376	4	63841887	63842036	2	1.7748
f3e0595b-e839-4c34-b467-56b303181376	4	63842099	69436722	3318	0.1354
f3e0595b-e839-4c34-b467-56b303181376	4	69437813	75414582	3593	0.0915
f3e0595b-e839-4c34-b467-56b303181376	4	75414784	102895956	16649	0.1311
f3e0595b-e839-4c34-b467-56b303181376	4	102911530	116117832	7893	-0.7599
f3e0595b-e839-4c34-b467-56b303181376	4	116120853	121360818	3177	-0.8319
f3e0595b-e839-4c34-b467-56b303181376	4	121361313	121369976	29	-2.5861
f3e0595b-e839-4c34-b467-56b303181376	4	121370367	123953634	1378	-0.8411
f3e0595b-e839-4c34-b467-56b303181376	4	123954094	134741666	6031	-0.778
f3e0595b-e839-4c34-b467-56b303181376	4	134744164	137163953	1330	-0.8553
f3e0595b-e839-4c34-b467-56b303181376	4	137168393	137275102	155	-0.6175
f3e0595b-e839-4c34-b467-56b303181376	4	137275882	139059873	1171	-0.8412
f3e0595b-e839-4c34-b467-56b303181376	4	139067199	139135901	130	-0.5841
f3e0595b-e839-4c34-b467-56b303181376	4	139136150	140409000	761	-0.879
f3e0595b-e839-4c34-b467-56b303181376	4	140419875	158066703	10579	0.1286
f3e0595b-e839-4c34-b467-56b303181376	4	158071073	158955808	466	-0.7292
f3e0595b-e839-4c34-b467-56b303181376	4	158955878	158956195	2	-2.4345
f3e0595b-e839-4c34-b467-56b303181376	4	158956216	160958989	1311	-0.7058
f3e0595b-e839-4c34-b467-56b303181376	4	160959045	160963756	18	-2.0974
f3e0595b-e839-4c34-b467-56b303181376	4	160963767	164928054	2570	-0.7359
f3e0595b-e839-4c34-b467-56b303181376	4	164928702	164932971	2	-2.8285
f3e0595b-e839-4c34-b467-56b303181376	4	164935953	167447145	1448	-0.7719
f3e0595b-e839-4c34-b467-56b303181376	4	167447617	168246816	527	-0.6423
f3e0595b-e839-4c34-b467-56b303181376	4	168247202	168841617	492	-0.7559
f3e0595b-e839-4c34-b467-56b303181376	4	168842101	172066777	1937	-0.9119
f3e0595b-e839-4c34-b467-56b303181376	4	172067997	172068382	12	0.2132
f3e0595b-e839-4c34-b467-56b303181376	4	172074828	172963719	467	-0.9289
f3e0595b-e839-4c34-b467-56b303181376	4	172964355	181059642	5221	-0.7262
f3e0595b-e839-4c34-b467-56b303181376	4	181062449	189258155	5824	-0.9419
f3e0595b-e839-4c34-b467-56b303181376	4	189260132	190106768	355	-0.799
f3e0595b-e839-4c34-b467-56b303181376	5	15532	58025819	35476	0.1533
f3e0595b-e839-4c34-b467-56b303181376	5	58030200	58037706	32	2.1322
f3e0595b-e839-4c34-b467-56b303181376	5	58042530	99863578	23897	0.1445
f3e0595b-e839-4c34-b467-56b303181376	5	99863637	100315753	295	-0.8826
f3e0595b-e839-4c34-b467-56b303181376	5	100318271	118050922	11671	0.1552
f3e0595b-e839-4c34-b467-56b303181376	5	118052727	118053390	11	-0.8265
f3e0595b-e839-4c34-b467-56b303181376	5	118068645	171611049	34561	0.1452
f3e0595b-e839-4c34-b467-56b303181376	5	171612618	180192222	5344	0.1836
f3e0595b-e839-4c34-b467-56b303181376	5	180192400	180194243	2	-1.433
f3e0595b-e839-4c34-b467-56b303181376	5	180194267	180947523	424	0.1924
f3e0595b-e839-4c34-b467-56b303181376	5	180951710	181006225	20	0.7871
f3e0595b-e839-4c34-b467-56b303181376	5	181015400	181363319	167	0.1813
f3e0595b-e839-4c34-b467-56b303181376	6	149661	291082	117	-0.8454
f3e0595b-e839-4c34-b467-56b303181376	6	294286	381149	83	-0.2682
f3e0595b-e839-4c34-b467-56b303181376	6	382559	22390290	16672	-0.9417
f3e0595b-e839-4c34-b467-56b303181376	6	22390351	22390389	2	-6.0368
f3e0595b-e839-4c34-b467-56b303181376	6	22390871	31216398	4995	-0.9368
f3e0595b-e839-4c34-b467-56b303181376	6	31216419	31216648	2	-5.8696
f3e0595b-e839-4c34-b467-56b303181376	6	31218757	31574531	256	-1.039
f3e0595b-e839-4c34-b467-56b303181376	6	31578985	31635190	12	-2.8759
f3e0595b-e839-4c34-b467-56b303181376	6	31635412	57385590	15825	-0.9263
f3e0595b-e839-4c34-b467-56b303181376	6	57387090	58432750	234	-0.687
f3e0595b-e839-4c34-b467-56b303181376	6	60351931	63779600	1531	0.6537
f3e0595b-e839-4c34-b467-56b303181376	6	63786375	64627049	459	0.0845
f3e0595b-e839-4c34-b467-56b303181376	6	64637651	64639099	2	-1.9523
f3e0595b-e839-4c34-b467-56b303181376	6	64640883	69235104	3140	0.0892
f3e0595b-e839-4c34-b467-56b303181376	6	69243919	69266270	10	0.7136
f3e0595b-e839-4c34-b467-56b303181376	6	69266356	73882509	2960	0.0793
f3e0595b-e839-4c34-b467-56b303181376	6	73882741	73891694	9	-2.5876
f3e0595b-e839-4c34-b467-56b303181376	6	73893839	75561141	1053	0.0621
f3e0595b-e839-4c34-b467-56b303181376	6	75562558	76726815	709	0.6982
f3e0595b-e839-4c34-b467-56b303181376	6	76730151	76759379	28	1.4238
f3e0595b-e839-4c34-b467-56b303181376	6	76760534	78246837	951	0.7158
f3e0595b-e839-4c34-b467-56b303181376	6	78251492	78325468	121	1.2498
f3e0595b-e839-4c34-b467-56b303181376	6	78329517	82543967	2715	0.7476
f3e0595b-e839-4c34-b467-56b303181376	6	82550163	82575015	15	1.295
f3e0595b-e839-4c34-b467-56b303181376	6	82575983	82579170	2	2.6388
f3e0595b-e839-4c34-b467-56b303181376	6	82580035	83116929	320	1.1293
f3e0595b-e839-4c34-b467-56b303181376	6	83123689	84080552	543	0.8092
f3e0595b-e839-4c34-b467-56b303181376	6	84080825	87545998	2087	0.7409
f3e0595b-e839-4c34-b467-56b303181376	6	87547177	90473086	1878	0.8476
f3e0595b-e839-4c34-b467-56b303181376	6	90475543	90505460	50	1.4351
f3e0595b-e839-4c34-b467-56b303181376	6	90507565	92506794	1324	0.8628
f3e0595b-e839-4c34-b467-56b303181376	6	92510556	93725102	860	0.2227
f3e0595b-e839-4c34-b467-56b303181376	6	93727665	93986911	167	1.2796
f3e0595b-e839-4c34-b467-56b303181376	6	93990370	95386776	642	0.2524
f3e0595b-e839-4c34-b467-56b303181376	6	95388284	96126937	440	0.8694
f3e0595b-e839-4c34-b467-56b303181376	6	96127441	96132349	2	-1.2787
f3e0595b-e839-4c34-b467-56b303181376	6	96133802	99109942	1788	0.8589
f3e0595b-e839-4c34-b467-56b303181376	6	99118244	100365312	822	1.2036
f3e0595b-e839-4c34-b467-56b303181376	6	100372915	100544830	112	0.7954
f3e0595b-e839-4c34-b467-56b303181376	6	100546445	103145505	1484	1.2348
f3e0595b-e839-4c34-b467-56b303181376	6	103145534	103170563	14	0.6422
f3e0595b-e839-4c34-b467-56b303181376	6	103171475	103286954	82	0.1934
f3e0595b-e839-4c34-b467-56b303181376	6	103290101	103314186	46	-1.2828
f3e0595b-e839-4c34-b467-56b303181376	6	103317795	103848365	368	0.2444
f3e0595b-e839-4c34-b467-56b303181376	6	103856098	103907904	31	-0.8971
f3e0595b-e839-4c34-b467-56b303181376	6	103912933	105416982	890	0.2231
f3e0595b-e839-4c34-b467-56b303181376	6	105421734	107231276	1157	1.2356
f3e0595b-e839-4c34-b467-56b303181376	6	107232090	107234765	4	0.2297
f3e0595b-e839-4c34-b467-56b303181376	6	107238519	107264647	17	1.218
f3e0595b-e839-4c34-b467-56b303181376	6	107267248	108287714	647	0.2645
f3e0595b-e839-4c34-b467-56b303181376	6	108289437	109604711	744	1.2307
f3e0595b-e839-4c34-b467-56b303181376	6	109606805	113344125	2355	0.2323
f3e0595b-e839-4c34-b467-56b303181376	6	113347401	113528129	145	1.2107
f3e0595b-e839-4c34-b467-56b303181376	6	113530837	114096680	395	0.2172
f3e0595b-e839-4c34-b467-56b303181376	6	114100863	118801385	2658	1.239
f3e0595b-e839-4c34-b467-56b303181376	6	118805540	119754328	506	0.8613
f3e0595b-e839-4c34-b467-56b303181376	6	119760369	119857867	76	1.2382
f3e0595b-e839-4c34-b467-56b303181376	6	119858622	141353458	13683	0.8111
f3e0595b-e839-4c34-b467-56b303181376	6	141355266	154550946	8975	0.1472
f3e0595b-e839-4c34-b467-56b303181376	6	154553352	154556401	2	-1.4356
f3e0595b-e839-4c34-b467-56b303181376	6	154557246	160910194	4124	0.1322
f3e0595b-e839-4c34-b467-56b303181376	6	160912109	162313394	1182	0.7451
f3e0595b-e839-4c34-b467-56b303181376	6	162314232	167351763	3837	0.145
f3e0595b-e839-4c34-b467-56b303181376	6	167354673	167356911	2	-1.4077
f3e0595b-e839-4c34-b467-56b303181376	6	167357185	169164621	1125	0.1902
f3e0595b-e839-4c34-b467-56b303181376	6	169164779	169691613	401	0.0708
f3e0595b-e839-4c34-b467-56b303181376	6	169691843	169788165	60	0.179
f3e0595b-e839-4c34-b467-56b303181376	6	169789830	169789978	3	-1.1062
f3e0595b-e839-4c34-b467-56b303181376	6	169790563	170343103	216	0.2122
f3e0595b-e839-4c34-b467-56b303181376	6	170344701	170599922	178	0.7247
f3e0595b-e839-4c34-b467-56b303181376	6	170600274	170741917	5	0.22
f3e0595b-e839-4c34-b467-56b303181376	7	43355	664936	136	0.3859
f3e0595b-e839-4c34-b467-56b303181376	7	665647	4767437	2429	0.2078
f3e0595b-e839-4c34-b467-56b303181376	7	4773752	6713784	807	0.7741
f3e0595b-e839-4c34-b467-56b303181376	7	6713974	6969571	74	0.4772
f3e0595b-e839-4c34-b467-56b303181376	7	6974103	18972289	9691	0.7452
f3e0595b-e839-4c34-b467-56b303181376	7	18972709	38271497	14034	0.157
f3e0595b-e839-4c34-b467-56b303181376	7	38271765	38342370	106	0.4573
f3e0595b-e839-4c34-b467-56b303181376	7	38345240	56693807	12465	0.1296
f3e0595b-e839-4c34-b467-56b303181376	7	56694420	56701121	3	-2.9432
f3e0595b-e839-4c34-b467-56b303181376	7	56704473	70955452	4533	0.1242
f3e0595b-e839-4c34-b467-56b303181376	7	70958264	70961155	2	2.7687
f3e0595b-e839-4c34-b467-56b303181376	7	70963257	101409205	17111	0.1469
f3e0595b-e839-4c34-b467-56b303181376	7	101416451	101416668	2	-2.2618
f3e0595b-e839-4c34-b467-56b303181376	7	101419630	126405428	15000	0.1381
f3e0595b-e839-4c34-b467-56b303181376	7	126405502	126406822	12	-0.8554
f3e0595b-e839-4c34-b467-56b303181376	7	126406823	142028822	9819	0.1415
f3e0595b-e839-4c34-b467-56b303181376	7	142028835	142809831	516	0.2764
f3e0595b-e839-4c34-b467-56b303181376	7	142810364	143506678	422	0.1159
f3e0595b-e839-4c34-b467-56b303181376	7	143507648	143888027	62	0.3491
f3e0595b-e839-4c34-b467-56b303181376	7	143888376	144264193	267	0.1559
f3e0595b-e839-4c34-b467-56b303181376	7	144295437	144306653	2	-1.891
f3e0595b-e839-4c34-b467-56b303181376	7	144312471	158324903	8953	0.1523
f3e0595b-e839-4c34-b467-56b303181376	7	158335896	158339473	2	2.3245
f3e0595b-e839-4c34-b467-56b303181376	7	158344294	159334314	632	0.1768
f3e0595b-e839-4c34-b467-56b303181376	8	81254	25116928	21270	0.1539
f3e0595b-e839-4c34-b467-56b303181376	8	25116961	25126818	26	-2.5503
f3e0595b-e839-4c34-b467-56b303181376	8	25133589	39373140	8937	0.1361
f3e0595b-e839-4c34-b467-56b303181376	8	39378084	39529446	59	1.328
f3e0595b-e839-4c34-b467-56b303181376	8	39530780	141349451	62843	0.1119
f3e0595b-e839-4c34-b467-56b303181376	8	141356259	142423108	612	0.2597
f3e0595b-e839-4c34-b467-56b303181376	8	142423309	144404676	659	0.1462
f3e0595b-e839-4c34-b467-56b303181376	8	144411077	144411188	2	-1.592
f3e0595b-e839-4c34-b467-56b303181376	8	144422326	145072769	279	0.1909
f3e0595b-e839-4c34-b467-56b303181376	9	46587	4042324	4051	-0.9096
f3e0595b-e839-4c34-b467-56b303181376	9	4043426	4049372	9	-6.0572
f3e0595b-e839-4c34-b467-56b303181376	9	4050166	4050983	3	-2.9498
f3e0595b-e839-4c34-b467-56b303181376	9	4051387	4970909	906	-0.9232
f3e0595b-e839-4c34-b467-56b303181376	9	4971458	5081528	168	-0.6534
f3e0595b-e839-4c34-b467-56b303181376	9	5081541	5081766	6	-2.1277
f3e0595b-e839-4c34-b467-56b303181376	9	5081852	5123125	59	-0.5548
f3e0595b-e839-4c34-b467-56b303181376	9	5129013	35808366	23345	-0.9094
f3e0595b-e839-4c34-b467-56b303181376	9	35812626	39464004	2056	0.1428
f3e0595b-e839-4c34-b467-56b303181376	9	39464177	39464735	2	-1.4048
f3e0595b-e839-4c34-b467-56b303181376	9	39464757	41639988	108	0.169
f3e0595b-e839-4c34-b467-56b303181376	9	41644133	41646527	5	-0.9114
f3e0595b-e839-4c34-b467-56b303181376	9	41646850	63580418	169	0.1487
f3e0595b-e839-4c34-b467-56b303181376	9	63590317	63592813	7	1.5369
f3e0595b-e839-4c34-b467-56b303181376	9	63614182	66189025	93	0.1376
f3e0595b-e839-4c34-b467-56b303181376	9	66880844	66908666	5	1.2585
f3e0595b-e839-4c34-b467-56b303181376	9	66996941	76527389	5952	0.1485
f3e0595b-e839-4c34-b467-56b303181376	9	76535422	76545547	14	-1.147
f3e0595b-e839-4c34-b467-56b303181376	9	76548592	97272511	14266	0.1395
f3e0595b-e839-4c34-b467-56b303181376	9	97273209	120757548	17545	0.1794
f3e0595b-e839-4c34-b467-56b303181376	9	120758299	122314811	958	0.2085
f3e0595b-e839-4c34-b467-56b303181376	9	122319716	122358553	21	0.8414
f3e0595b-e839-4c34-b467-56b303181376	9	122358899	137361190	8398	0.2261
f3e0595b-e839-4c34-b467-56b303181376	9	137361266	137361381	2	-1.2922
f3e0595b-e839-4c34-b467-56b303181376	9	137378551	138124242	389	0.2421
f3e0595b-e839-4c34-b467-56b303181376	9	138130866	138200944	17	-0.0623
f3e0595b-e839-4c34-b467-56b303181376	10	45792	1511146	903	-0.7768
f3e0595b-e839-4c34-b467-56b303181376	10	1512215	4068671	2456	-0.8451
f3e0595b-e839-4c34-b467-56b303181376	10	4068927	24086334	15526	-0.7681
f3e0595b-e839-4c34-b467-56b303181376	10	24088745	24090022	13	0.4925
f3e0595b-e839-4c34-b467-56b303181376	10	24090078	25341995	819	-0.8043
f3e0595b-e839-4c34-b467-56b303181376	10	25345177	25407297	45	0.2036
f3e0595b-e839-4c34-b467-56b303181376	10	25410264	26260793	631	0.671
f3e0595b-e839-4c34-b467-56b303181376	10	26261196	26934974	464	-0.7583
f3e0595b-e839-4c34-b467-56b303181376	10	26936975	26941064	14	0.1334
f3e0595b-e839-4c34-b467-56b303181376	10	26941746	29801297	2091	-0.7795
f3e0595b-e839-4c34-b467-56b303181376	10	29801849	29801935	2	0.8106
f3e0595b-e839-4c34-b467-56b303181376	10	29804352	46304188	8255	0.1353
f3e0595b-e839-4c34-b467-56b303181376	10	46304206	46522514	53	0.4423
f3e0595b-e839-4c34-b467-56b303181376	10	46522571	46532940	19	-0.0224
f3e0595b-e839-4c34-b467-56b303181376	10	46538819	47045228	49	0.6069
f3e0595b-e839-4c34-b467-56b303181376	10	47066259	79491575	21737	0.1485
f3e0595b-e839-4c34-b467-56b303181376	10	79523511	79533859	2	-1.8802
f3e0595b-e839-4c34-b467-56b303181376	10	79576939	79625643	9	-0.41
f3e0595b-e839-4c34-b467-56b303181376	10	79625693	88110593	5794	0.1409
f3e0595b-e839-4c34-b467-56b303181376	10	88112446	88116498	3	-1.7126
f3e0595b-e839-4c34-b467-56b303181376	10	88118685	130990860	29418	0.1437
f3e0595b-e839-4c34-b467-56b303181376	10	130991050	131639180	512	0.7202
f3e0595b-e839-4c34-b467-56b303181376	10	131640199	131641742	7	-1.1687
f3e0595b-e839-4c34-b467-56b303181376	10	131648231	131766962	83	0.7818
f3e0595b-e839-4c34-b467-56b303181376	10	131770019	133654968	871	-0.7783
f3e0595b-e839-4c34-b467-56b303181376	11	198510	5766850	3199	0.1464
f3e0595b-e839-4c34-b467-56b303181376	11	5766862	5787909	31	-0.5854
f3e0595b-e839-4c34-b467-56b303181376	11	5788108	49679859	30205	0.1342
f3e0595b-e839-4c34-b467-56b303181376	11	49686823	49739136	27	-0.6042
f3e0595b-e839-4c34-b467-56b303181376	11	49744609	54891697	468	0.1226
f3e0595b-e839-4c34-b467-56b303181376	11	54891768	55298590	74	-0.1999
f3e0595b-e839-4c34-b467-56b303181376	11	55302102	55609035	186	0.1128
f3e0595b-e839-4c34-b467-56b303181376	11	55609158	55685533	49	0.6783
f3e0595b-e839-4c34-b467-56b303181376	11	55686100	60000148	2584	0.126
f3e0595b-e839-4c34-b467-56b303181376	11	60001331	69738395	4624	0.1744
f3e0595b-e839-4c34-b467-56b303181376	11	69738836	101723653	21121	0.1322
f3e0595b-e839-4c34-b467-56b303181376	11	101727129	101727233	4	1.9579
f3e0595b-e839-4c34-b467-56b303181376	11	101727481	107359575	3755	0.1405
f3e0595b-e839-4c34-b467-56b303181376	11	107359898	116688286	6309	0.0803
f3e0595b-e839-4c34-b467-56b303181376	11	116689609	124288741	5338	0.1205
f3e0595b-e839-4c34-b467-56b303181376	11	124292454	125205405	609	0.0708
f3e0595b-e839-4c34-b467-56b303181376	11	125205425	125213808	28	-0.7521
f3e0595b-e839-4c34-b467-56b303181376	11	125218374	134299300	6865	0.0916
f3e0595b-e839-4c34-b467-56b303181376	11	134299441	135074876	613	0.1627
f3e0595b-e839-4c34-b467-56b303181376	12	51460	11061546	7176	0.1467
f3e0595b-e839-4c34-b467-56b303181376	12	11062773	11083616	10	-0.6644
f3e0595b-e839-4c34-b467-56b303181376	12	11084237	11088933	3	-2.5631
f3e0595b-e839-4c34-b467-56b303181376	12	11099275	11358644	132	0.1667
f3e0595b-e839-4c34-b467-56b303181376	12	11359558	11390472	29	-0.8942
f3e0595b-e839-4c34-b467-56b303181376	12	11399258	11846142	441	0.1279
f3e0595b-e839-4c34-b467-56b303181376	12	11846491	11848222	5	-0.7358
f3e0595b-e839-4c34-b467-56b303181376	12	11848318	16211815	3006	0.1452
f3e0595b-e839-4c34-b467-56b303181376	12	16211963	16239611	21	-0.8144
f3e0595b-e839-4c34-b467-56b303181376	12	16244477	25205639	5932	0.1157
f3e0595b-e839-4c34-b467-56b303181376	12	25205672	33148472	5834	0.1485
f3e0595b-e839-4c34-b467-56b303181376	12	33148492	33155426	27	-0.4235
f3e0595b-e839-4c34-b467-56b303181376	12	33155453	86981556	30741	0.1532
f3e0595b-e839-4c34-b467-56b303181376	12	86982760	97490972	6939	0.1856
f3e0595b-e839-4c34-b467-56b303181376	12	97492963	99397830	1269	0.1582
f3e0595b-e839-4c34-b467-56b303181376	12	99397874	99404942	34	0.4795
f3e0595b-e839-4c34-b467-56b303181376	12	99404956	113850408	9157	0.1413
f3e0595b-e839-4c34-b467-56b303181376	12	113852253	113964574	114	0.3522
f3e0595b-e839-4c34-b467-56b303181376	12	113964762	129966017	11315	0.1532
f3e0595b-e839-4c34-b467-56b303181376	12	129968386	131507917	1260	0.2125
f3e0595b-e839-4c34-b467-56b303181376	12	131508087	133201603	693	0.1315
f3e0595b-e839-4c34-b467-56b303181376	13	18452809	32314368	9736	0.1677
f3e0595b-e839-4c34-b467-56b303181376	13	32319654	32334967	58	-0.5884
f3e0595b-e839-4c34-b467-56b303181376	13	32337141	37496998	3555	0.1567
f3e0595b-e839-4c34-b467-56b303181376	13	37497899	37510620	16	1.004
f3e0595b-e839-4c34-b467-56b303181376	13	37514193	71902850	21340	0.1605
f3e0595b-e839-4c34-b467-56b303181376	13	71903417	71906418	4	-1.889
f3e0595b-e839-4c34-b467-56b303181376	13	71906467	105020136	22199	0.1608
f3e0595b-e839-4c34-b467-56b303181376	13	105020668	105028565	3	-0.8876
f3e0595b-e839-4c34-b467-56b303181376	13	105030091	106730287	1373	0.1955
f3e0595b-e839-4c34-b467-56b303181376	13	106731890	106732362	2	-1.3411
f3e0595b-e839-4c34-b467-56b303181376	13	106732887	107245262	363	0.1642
f3e0595b-e839-4c34-b467-56b303181376	13	107248689	107249633	2	-1.2927
f3e0595b-e839-4c34-b467-56b303181376	13	107249799	110020621	2255	0.2117
f3e0595b-e839-4c34-b467-56b303181376	13	110021267	110028597	10	-0.4644
f3e0595b-e839-4c34-b467-56b303181376	13	110028865	114062415	2478	0.2
f3e0595b-e839-4c34-b467-56b303181376	13	114071975	114313444	116	0.081
f3e0595b-e839-4c34-b467-56b303181376	13	114319769	114342922	12	-0.2975
f3e0595b-e839-4c34-b467-56b303181376	14	18239283	18605732	11	0.3243
f3e0595b-e839-4c34-b467-56b303181376	14	18605867	18693043	14	1.0177
f3e0595b-e839-4c34-b467-56b303181376	14	18950560	19289821	20	0.2405
f3e0595b-e839-4c34-b467-56b303181376	14	19294457	19425567	10	-0.5956
f3e0595b-e839-4c34-b467-56b303181376	14	19430665	21913250	1423	0.1776
f3e0595b-e839-4c34-b467-56b303181376	14	21913580	22490580	487	0.389
f3e0595b-e839-4c34-b467-56b303181376	14	22490838	23986216	894	0.1532
f3e0595b-e839-4c34-b467-56b303181376	14	23989435	23989734	3	-1.8373
f3e0595b-e839-4c34-b467-56b303181376	14	23992645	26294421	1557	0.1489
f3e0595b-e839-4c34-b467-56b303181376	14	26300516	26300517	2	-1.7472
f3e0595b-e839-4c34-b467-56b303181376	14	26300519	41139155	9190	0.1375
f3e0595b-e839-4c34-b467-56b303181376	14	41141293	41188146	14	-1.8246
f3e0595b-e839-4c34-b467-56b303181376	14	41200899	67643104	16432	0.1384
f3e0595b-e839-4c34-b467-56b303181376	14	67643220	74081545	4122	0.1659
f3e0595b-e839-4c34-b467-56b303181376	14	74083053	74130992	35	-0.1497
f3e0595b-e839-4c34-b467-56b303181376	14	74131146	77702468	2284	0.1764
f3e0595b-e839-4c34-b467-56b303181376	14	77706332	97663748	13466	0.1449
f3e0595b-e839-4c34-b467-56b303181376	14	97663937	106340102	4681	0.1835
f3e0595b-e839-4c34-b467-56b303181376	14	106340305	106346129	6	1.4435
f3e0595b-e839-4c34-b467-56b303181376	14	106360014	106877229	273	0.2444
f3e0595b-e839-4c34-b467-56b303181376	15	19811075	20001686	45	0.0914
f3e0595b-e839-4c34-b467-56b303181376	15	20011702	20670516	105	-0.411
f3e0595b-e839-4c34-b467-56b303181376	15	20670989	21071626	14	0.4008
f3e0595b-e839-4c34-b467-56b303181376	15	21078947	22413894	45	-0.5547
f3e0595b-e839-4c34-b467-56b303181376	15	22455811	23199669	312	0.1736
f3e0595b-e839-4c34-b467-56b303181376	15	23396367	23425837	12	-1.1617
f3e0595b-e839-4c34-b467-56b303181376	15	23426699	24266888	598	0.1498
f3e0595b-e839-4c34-b467-56b303181376	15	24269473	24424598	61	0.7399
f3e0595b-e839-4c34-b467-56b303181376	15	24429604	24429986	3	0.295
f3e0595b-e839-4c34-b467-56b303181376	15	24435245	24473026	30	-0.4906
f3e0595b-e839-4c34-b467-56b303181376	15	24473449	62488767	24173	0.1509
f3e0595b-e839-4c34-b467-56b303181376	15	62490067	76586021	8231	0.1849
f3e0595b-e839-4c34-b467-56b303181376	15	76598900	76603434	22	1.0914
f3e0595b-e839-4c34-b467-56b303181376	15	76609838	101928837	17466	0.1722
f3e0595b-e839-4c34-b467-56b303181376	16	10777	16269368	11657	0.1627
f3e0595b-e839-4c34-b467-56b303181376	16	16419234	16563603	19	-0.3457
f3e0595b-e839-4c34-b467-56b303181376	16	16569719	19933041	1683	0.1606
f3e0595b-e839-4c34-b467-56b303181376	16	19934328	19958932	30	-0.8919
f3e0595b-e839-4c34-b467-56b303181376	16	19959168	22430699	1267	0.1414
f3e0595b-e839-4c34-b467-56b303181376	16	22546611	22579924	11	-0.2265
f3e0595b-e839-4c34-b467-56b303181376	16	22591547	22604483	3	-1.4935
f3e0595b-e839-4c34-b467-56b303181376	16	22614263	22699421	59	-0.2219
f3e0595b-e839-4c34-b467-56b303181376	16	22701658	55761136	12007	0.1421
f3e0595b-e839-4c34-b467-56b303181376	16	55762477	55788532	22	-0.6589
f3e0595b-e839-4c34-b467-56b303181376	16	55808442	55824881	13	0.7849
f3e0595b-e839-4c34-b467-56b303181376	16	55834527	70006481	8647	0.1511
f3e0595b-e839-4c34-b467-56b303181376	16	70015893	70152235	38	0.6941
f3e0595b-e839-4c34-b467-56b303181376	16	70153189	78337711	5483	0.1414
f3e0595b-e839-4c34-b467-56b303181376	16	78338543	78350841	16	1.3375
f3e0595b-e839-4c34-b467-56b303181376	16	78350868	88605592	9897	0.1579
f3e0595b-e839-4c34-b467-56b303181376	16	88606003	89671474	429	0.2651
f3e0595b-e839-4c34-b467-56b303181376	16	89674188	90096867	199	0.1747
f3e0595b-e839-4c34-b467-56b303181376	17	150733	46138956	23002	-0.8752
f3e0595b-e839-4c34-b467-56b303181376	17	46142189	46446360	88	-1.422
f3e0595b-e839-4c34-b467-56b303181376	17	46569894	72917980	15904	-0.9056
f3e0595b-e839-4c34-b467-56b303181376	17	72918110	72920043	4	-5.3102
f3e0595b-e839-4c34-b467-56b303181376	17	72920192	83091923	5299	-0.9187
f3e0595b-e839-4c34-b467-56b303181376	18	48133	24118246	11961	0.1436
f3e0595b-e839-4c34-b467-56b303181376	18	24118500	66060256	27990	0.0037
f3e0595b-e839-4c34-b467-56b303181376	18	66060309	66061104	11	-1.9036
f3e0595b-e839-4c34-b467-56b303181376	18	66065502	78128482	9093	0.0177
f3e0595b-e839-4c34-b467-56b303181376	18	78129700	78169908	33	0.2742
f3e0595b-e839-4c34-b467-56b303181376	18	78170831	78520463	239	0.0507
f3e0595b-e839-4c34-b467-56b303181376	18	78521909	78616129	78	0.2851
f3e0595b-e839-4c34-b467-56b303181376	18	78617877	79431690	476	0.0434
f3e0595b-e839-4c34-b467-56b303181376	18	79439023	80257174	400	0.2048
f3e0595b-e839-4c34-b467-56b303181376	19	90910	9163124	3370	0.1953
f3e0595b-e839-4c34-b467-56b303181376	19	9163996	9167445	5	-0.8058
f3e0595b-e839-4c34-b467-56b303181376	19	9174084	19354008	4922	0.1904
f3e0595b-e839-4c34-b467-56b303181376	19	19368011	19720735	162	0.1481
f3e0595b-e839-4c34-b467-56b303181376	19	19724944	19725867	2	-1.6227
f3e0595b-e839-4c34-b467-56b303181376	19	19729959	33677727	7032	0.125
f3e0595b-e839-4c34-b467-56b303181376	19	33681345	35364451	1133	0.182
f3e0595b-e839-4c34-b467-56b303181376	19	35364547	35370268	16	-0.4082
f3e0595b-e839-4c34-b467-56b303181376	19	35370747	42751065	3662	0.1615
f3e0595b-e839-4c34-b467-56b303181376	19	42758830	42850300	39	0.7844
f3e0595b-e839-4c34-b467-56b303181376	19	42858500	53558036	5669	0.1787
f3e0595b-e839-4c34-b467-56b303181376	19	53558641	53838324	180	-0.01
f3e0595b-e839-4c34-b467-56b303181376	19	53839317	58586487	2776	0.1688
f3e0595b-e839-4c34-b467-56b303181376	20	80664	1571811	1170	0.1049
f3e0595b-e839-4c34-b467-56b303181376	20	1576544	1601561	57	-0.509
f3e0595b-e839-4c34-b467-56b303181376	20	1609611	1613247	5	1.8275
f3e0595b-e839-4c34-b467-56b303181376	20	1617300	24530757	17706	0.0823
f3e0595b-e839-4c34-b467-56b303181376	20	24531148	64324800	23142	0.1484
f3e0595b-e839-4c34-b467-56b303181376	21	10354168	10579237	58	-0.1972
f3e0595b-e839-4c34-b467-56b303181376	21	10582026	10775586	29	0.2707
f3e0595b-e839-4c34-b467-56b303181376	21	12973348	13013569	8	-0.4167
f3e0595b-e839-4c34-b467-56b303181376	21	13028413	42021503	20874	-0.8861
f3e0595b-e839-4c34-b467-56b303181376	21	42023389	42043554	26	0.2056
f3e0595b-e839-4c34-b467-56b303181376	21	42048495	46677045	2477	-0.925
f3e0595b-e839-4c34-b467-56b303181376	22	15294547	18392404	1124	0.1481
f3e0595b-e839-4c34-b467-56b303181376	22	18547989	23347796	2862	0.2344
f3e0595b-e839-4c34-b467-56b303181376	22	23348125	24475815	645	0.1665
f3e0595b-e839-4c34-b467-56b303181376	22	24480832	24481324	3	-1.1572
f3e0595b-e839-4c34-b467-56b303181376	22	24481808	25340705	607	0.1564
f3e0595b-e839-4c34-b467-56b303181376	22	25340707	25377543	60	0.4013
f3e0595b-e839-4c34-b467-56b303181376	22	25377555	28943756	3052	0.154
f3e0595b-e839-4c34-b467-56b303181376	22	28944305	29052004	76	-0.6962
f3e0595b-e839-4c34-b467-56b303181376	22	29052333	29063744	19	0.3246
f3e0595b-e839-4c34-b467-56b303181376	22	29069654	29101579	35	-0.8339
f3e0595b-e839-4c34-b467-56b303181376	22	29107913	30787101	933	0.2005
f3e0595b-e839-4c34-b467-56b303181376	22	30789013	32000912	680	0.1526
f3e0595b-e839-4c34-b467-56b303181376	22	32004263	32024063	10	-0.4223
f3e0595b-e839-4c34-b467-56b303181376	22	32025097	32104071	43	0.1105
f3e0595b-e839-4c34-b467-56b303181376	22	32104276	32104287	2	-1.1609
f3e0595b-e839-4c34-b467-56b303181376	22	32107688	35440478	2931	0.1446
f3e0595b-e839-4c34-b467-56b303181376	22	35443779	36046074	355	0.2139
f3e0595b-e839-4c34-b467-56b303181376	22	36046932	36048140	3	-1.2641
f3e0595b-e839-4c34-b467-56b303181376	22	36048271	49484482	9082	0.1948
f3e0595b-e839-4c34-b467-56b303181376	22	49484699	49506600	11	-0.6752
f3e0595b-e839-4c34-b467-56b303181376	22	49507677	50796027	623	0.2366
f3e0595b-e839-4c34-b467-56b303181376	X	251810	4125343	906	-0.0634
f3e0595b-e839-4c34-b467-56b303181376	X	4125937	4125980	3	-3.1164
f3e0595b-e839-4c34-b467-56b303181376	X	4128902	24577219	13810	-0.015
f3e0595b-e839-4c34-b467-56b303181376	X	24577297	24577630	4	-3.5709
f3e0595b-e839-4c34-b467-56b303181376	X	24579832	54997395	16563	0.0022
f3e0595b-e839-4c34-b467-56b303181376	X	54998126	55004028	5	-2.4952
f3e0595b-e839-4c34-b467-56b303181376	X	55007244	138489575	40473	-0.0011
f3e0595b-e839-4c34-b467-56b303181376	X	138489734	138491705	10	-1.96
f3e0595b-e839-4c34-b467-56b303181376	X	138491915	140200262	1071	-0.0515
f3e0595b-e839-4c34-b467-56b303181376	X	140200284	140202494	4	-2.9372
f3e0595b-e839-4c34-b467-56b303181376	X	140203496	155952689	9430	-0.0046
f3e0595b-e839-4c34-b467-56b303181376	Y	2782397	6075631	717	-2.6309
f3e0595b-e839-4c34-b467-56b303181376	Y	6076562	8484811	1135	-2.9673
f3e0595b-e839-4c34-b467-56b303181376	Y	8485666	9921955	465	-3.3149
f3e0595b-e839-4c34-b467-56b303181376	Y	9937005	13478396	943	-2.8766
f3e0595b-e839-4c34-b467-56b303181376	Y	13478462	13482643	3	-7.6029
f3e0595b-e839-4c34-b467-56b303181376	Y	13483009	25169825	3193	-2.9088
f3e0595b-e839-4c34-b467-56b303181376	Y	25472063	56872112	178	-2.5607
