GDC_Aliquot	Chromosome	Start	End	Num_Probes	Segment_Mean
586958fe-f0d2-466d-be89-af58aea6dc2c	1	62920	968658	66	0.0613
586958fe-f0d2-466d-be89-af58aea6dc2c	1	969227	1094939	20	-0.6684
586958fe-f0d2-466d-be89-af58aea6dc2c	1	1100599	2065208	261	-0.1061
586958fe-f0d2-466d-be89-af58aea6dc2c	1	2065483	2465735	118	-0.2947
586958fe-f0d2-466d-be89-af58aea6dc2c	1	2484985	3259896	258	-0.1389
586958fe-f0d2-466d-be89-af58aea6dc2c	1	3260916	7773370	3107	-0.0504
586958fe-f0d2-466d-be89-af58aea6dc2c	1	7773425	12779433	2655	-0.0968
586958fe-f0d2-466d-be89-af58aea6dc2c	1	12792599	12867264	30	-2.1427
586958fe-f0d2-466d-be89-af58aea6dc2c	1	12868035	16877002	2184	-0.0561
586958fe-f0d2-466d-be89-af58aea6dc2c	1	16883108	16935752	51	-0.5899
586958fe-f0d2-466d-be89-af58aea6dc2c	1	16949746	17613939	456	-0.0675
586958fe-f0d2-466d-be89-af58aea6dc2c	1	17619688	18847120	970	-0.0156
586958fe-f0d2-466d-be89-af58aea6dc2c	1	18848253	18860632	5	0.7513
586958fe-f0d2-466d-be89-af58aea6dc2c	1	18860749	19256867	232	-0.0147
586958fe-f0d2-466d-be89-af58aea6dc2c	1	19257510	25277975	3603	-0.0807
586958fe-f0d2-466d-be89-af58aea6dc2c	1	25278567	25320455	13	0.6533
586958fe-f0d2-466d-be89-af58aea6dc2c	1	25336819	29145923	1569	-0.1259
586958fe-f0d2-466d-be89-af58aea6dc2c	1	29146182	30765649	1231	-0.0313
586958fe-f0d2-466d-be89-af58aea6dc2c	1	30768199	33518706	1271	-0.1007
586958fe-f0d2-466d-be89-af58aea6dc2c	1	33520233	34811039	1000	-0.0378
586958fe-f0d2-466d-be89-af58aea6dc2c	1	34814188	36569244	788	-0.1026
586958fe-f0d2-466d-be89-af58aea6dc2c	1	36569987	37426949	602	-0.018
586958fe-f0d2-466d-be89-af58aea6dc2c	1	37427023	37433067	3	-0.8358
586958fe-f0d2-466d-be89-af58aea6dc2c	1	37434572	38662929	691	-0.0557
586958fe-f0d2-466d-be89-af58aea6dc2c	1	38666758	38666761	4	0.7312
586958fe-f0d2-466d-be89-af58aea6dc2c	1	38669516	38922124	178	-0.0419
586958fe-f0d2-466d-be89-af58aea6dc2c	1	38925542	38930398	5	-0.8036
586958fe-f0d2-466d-be89-af58aea6dc2c	1	38933197	40024990	524	-0.091
586958fe-f0d2-466d-be89-af58aea6dc2c	1	40025165	40569010	288	-0.1742
586958fe-f0d2-466d-be89-af58aea6dc2c	1	40572498	41654173	651	-0.0615
586958fe-f0d2-466d-be89-af58aea6dc2c	1	41658206	42004603	270	-0.5774
586958fe-f0d2-466d-be89-af58aea6dc2c	1	42005270	47441932	2924	-0.0899
586958fe-f0d2-466d-be89-af58aea6dc2c	1	47441990	48755631	963	-0.0093
586958fe-f0d2-466d-be89-af58aea6dc2c	1	48755684	52003922	1483	-0.0837
586958fe-f0d2-466d-be89-af58aea6dc2c	1	52005042	52008801	3	-0.9545
586958fe-f0d2-466d-be89-af58aea6dc2c	1	52009771	53273275	685	-0.1047
586958fe-f0d2-466d-be89-af58aea6dc2c	1	53273344	59994583	5109	-0.0562
586958fe-f0d2-466d-be89-af58aea6dc2c	1	59994604	62942489	2045	-0.0847
586958fe-f0d2-466d-be89-af58aea6dc2c	1	62944136	62944948	2	-2.4848
586958fe-f0d2-466d-be89-af58aea6dc2c	1	62945637	70452130	5244	-0.0901
586958fe-f0d2-466d-be89-af58aea6dc2c	1	70453039	70601370	123	0.1043
586958fe-f0d2-466d-be89-af58aea6dc2c	1	70603424	72303233	1043	-0.1153
586958fe-f0d2-466d-be89-af58aea6dc2c	1	72303253	72345450	44	-1.4651
586958fe-f0d2-466d-be89-af58aea6dc2c	1	72345465	75585159	1931	-0.1262
586958fe-f0d2-466d-be89-af58aea6dc2c	1	75589078	75589169	2	-1.8937
586958fe-f0d2-466d-be89-af58aea6dc2c	1	75593824	103616762	18081	-0.1013
586958fe-f0d2-466d-be89-af58aea6dc2c	1	103620877	103717410	5	-1.0001
586958fe-f0d2-466d-be89-af58aea6dc2c	1	103717617	105476614	920	-0.1285
586958fe-f0d2-466d-be89-af58aea6dc2c	1	105476688	105479753	15	0.6326
586958fe-f0d2-466d-be89-af58aea6dc2c	1	105481433	109679105	2634	-0.1179
586958fe-f0d2-466d-be89-af58aea6dc2c	1	109684695	109707968	23	-0.4739
586958fe-f0d2-466d-be89-af58aea6dc2c	1	109708520	109771909	43	-0.1221
586958fe-f0d2-466d-be89-af58aea6dc2c	1	109772255	112147704	1893	-0.0672
586958fe-f0d2-466d-be89-af58aea6dc2c	1	112153343	112154619	23	0.5894
586958fe-f0d2-466d-be89-af58aea6dc2c	1	112154754	119614159	4771	-0.0788
586958fe-f0d2-466d-be89-af58aea6dc2c	1	119619529	119697804	56	0.3895
586958fe-f0d2-466d-be89-af58aea6dc2c	1	119697884	152582700	2767	-0.1007
586958fe-f0d2-466d-be89-af58aea6dc2c	1	152583051	152614118	36	1.1895
586958fe-f0d2-466d-be89-af58aea6dc2c	1	152618018	152787202	166	-0.0319
586958fe-f0d2-466d-be89-af58aea6dc2c	1	152789447	152796224	37	-1.6556
586958fe-f0d2-466d-be89-af58aea6dc2c	1	152801429	156833150	2066	-0.0915
586958fe-f0d2-466d-be89-af58aea6dc2c	1	156834329	156977106	71	0.4848
586958fe-f0d2-466d-be89-af58aea6dc2c	1	156977276	158896783	1471	-0.0863
586958fe-f0d2-466d-be89-af58aea6dc2c	1	158898711	158899969	2	-1.4115
586958fe-f0d2-466d-be89-af58aea6dc2c	1	158905028	169247699	7653	-0.0766
586958fe-f0d2-466d-be89-af58aea6dc2c	1	169264736	169272528	7	0.7189
586958fe-f0d2-466d-be89-af58aea6dc2c	1	169273163	184654425	10247	-0.0843
586958fe-f0d2-466d-be89-af58aea6dc2c	1	184655059	196745743	7905	-0.1237
586958fe-f0d2-466d-be89-af58aea6dc2c	1	196758720	196846661	61	-1.6632
586958fe-f0d2-466d-be89-af58aea6dc2c	1	196847600	199138574	1368	-0.1268
586958fe-f0d2-466d-be89-af58aea6dc2c	1	199142235	199144712	9	-2.2687
586958fe-f0d2-466d-be89-af58aea6dc2c	1	199145110	209897717	7393	-0.0774
586958fe-f0d2-466d-be89-af58aea6dc2c	1	209908268	209910639	3	-1.6204
586958fe-f0d2-466d-be89-af58aea6dc2c	1	209913207	232868177	15441	-0.0913
586958fe-f0d2-466d-be89-af58aea6dc2c	1	232869435	232878141	16	-0.8336
586958fe-f0d2-466d-be89-af58aea6dc2c	1	232878310	233293246	339	-0.1076
586958fe-f0d2-466d-be89-af58aea6dc2c	1	233297754	248930189	11171	-0.6329
586958fe-f0d2-466d-be89-af58aea6dc2c	2	12784	453548	277	-0.3347
586958fe-f0d2-466d-be89-af58aea6dc2c	2	453820	455049	3	-2.2533
586958fe-f0d2-466d-be89-af58aea6dc2c	2	455588	715029	224	-0.297
586958fe-f0d2-466d-be89-af58aea6dc2c	2	715471	1893750	718	-0.4333
586958fe-f0d2-466d-be89-af58aea6dc2c	2	1896432	3147886	958	-0.2831
586958fe-f0d2-466d-be89-af58aea6dc2c	2	3148670	3149267	3	-1.6592
586958fe-f0d2-466d-be89-af58aea6dc2c	2	3149378	23623566	15366	-0.304
586958fe-f0d2-466d-be89-af58aea6dc2c	2	23631258	24012104	172	-0.581
586958fe-f0d2-466d-be89-af58aea6dc2c	2	24020490	27585287	1739	-0.3108
586958fe-f0d2-466d-be89-af58aea6dc2c	2	27588539	27588768	2	-2.7626
586958fe-f0d2-466d-be89-af58aea6dc2c	2	27593055	34178234	4375	-0.3085
586958fe-f0d2-466d-be89-af58aea6dc2c	2	34178697	34179871	4	-2.0491
586958fe-f0d2-466d-be89-af58aea6dc2c	2	34180737	34466002	217	-0.3551
586958fe-f0d2-466d-be89-af58aea6dc2c	2	34474248	34511990	46	0.1941
586958fe-f0d2-466d-be89-af58aea6dc2c	2	34512096	35356085	538	-0.3635
586958fe-f0d2-466d-be89-af58aea6dc2c	2	35356441	35390609	53	-2.8035
586958fe-f0d2-466d-be89-af58aea6dc2c	2	35396850	35750907	280	-0.3973
586958fe-f0d2-466d-be89-af58aea6dc2c	2	35752724	35762850	6	-1.4094
586958fe-f0d2-466d-be89-af58aea6dc2c	2	35762881	52527727	12112	-0.3257
586958fe-f0d2-466d-be89-af58aea6dc2c	2	52527743	52554404	34	0.0817
586958fe-f0d2-466d-be89-af58aea6dc2c	2	52560811	57655447	3681	-0.3163
586958fe-f0d2-466d-be89-af58aea6dc2c	2	57655585	57897224	160	-0.0661
586958fe-f0d2-466d-be89-af58aea6dc2c	2	57899807	59400017	937	-0.3183
586958fe-f0d2-466d-be89-af58aea6dc2c	2	59411121	59416363	2	1.9549
586958fe-f0d2-466d-be89-af58aea6dc2c	2	59417321	75197476	9709	-0.31
586958fe-f0d2-466d-be89-af58aea6dc2c	2	75202571	87225631	7510	-0.3394
586958fe-f0d2-466d-be89-af58aea6dc2c	2	87228594	97537802	1822	-0.2908
586958fe-f0d2-466d-be89-af58aea6dc2c	2	97540809	97545726	4	-1.9851
586958fe-f0d2-466d-be89-af58aea6dc2c	2	97550415	119421658	13102	-0.3137
586958fe-f0d2-466d-be89-af58aea6dc2c	2	119422781	119422789	2	-2.2301
586958fe-f0d2-466d-be89-af58aea6dc2c	2	119422990	124470196	3176	-0.3048
586958fe-f0d2-466d-be89-af58aea6dc2c	2	124479206	124479306	2	-1.8729
586958fe-f0d2-466d-be89-af58aea6dc2c	2	124484365	134243967	5718	-0.3108
586958fe-f0d2-466d-be89-af58aea6dc2c	2	134244024	134457291	189	-0.5832
586958fe-f0d2-466d-be89-af58aea6dc2c	2	134458353	137747577	2029	-0.2943
586958fe-f0d2-466d-be89-af58aea6dc2c	2	137747834	140597564	1758	-0.3572
586958fe-f0d2-466d-be89-af58aea6dc2c	2	140598029	140598385	2	-1.9545
586958fe-f0d2-466d-be89-af58aea6dc2c	2	140598690	146104517	3381	-0.3303
586958fe-f0d2-466d-be89-af58aea6dc2c	2	146106836	146109366	24	0.4851
586958fe-f0d2-466d-be89-af58aea6dc2c	2	146120238	177899184	19495	-0.323
586958fe-f0d2-466d-be89-af58aea6dc2c	2	177903230	177903774	2	1.0804
586958fe-f0d2-466d-be89-af58aea6dc2c	2	177903956	179548644	966	-0.3191
586958fe-f0d2-466d-be89-af58aea6dc2c	2	179553484	179557161	27	-2.2596
586958fe-f0d2-466d-be89-af58aea6dc2c	2	179557179	189641181	5970	-0.3301
586958fe-f0d2-466d-be89-af58aea6dc2c	2	189643321	189644024	3	-1.6681
586958fe-f0d2-466d-be89-af58aea6dc2c	2	189646051	202428368	7285	-0.3313
586958fe-f0d2-466d-be89-af58aea6dc2c	2	202431052	202447478	41	-1.9875
586958fe-f0d2-466d-be89-af58aea6dc2c	2	202448759	204481642	1094	-0.3248
586958fe-f0d2-466d-be89-af58aea6dc2c	2	204481655	204483832	17	-0.6769
586958fe-f0d2-466d-be89-af58aea6dc2c	2	204483912	207490231	2018	-0.3044
586958fe-f0d2-466d-be89-af58aea6dc2c	2	207490454	207494612	16	-2.6155
586958fe-f0d2-466d-be89-af58aea6dc2c	2	207494752	242016073	21949	-0.313
586958fe-f0d2-466d-be89-af58aea6dc2c	2	242016144	242147305	92	-0.5756
586958fe-f0d2-466d-be89-af58aea6dc2c	3	20930	182919	154	-0.3854
586958fe-f0d2-466d-be89-af58aea6dc2c	3	188339	191117	4	-2.9603
586958fe-f0d2-466d-be89-af58aea6dc2c	3	193194	2697017	2156	-0.3867
586958fe-f0d2-466d-be89-af58aea6dc2c	3	2699340	5493206	2515	-0.3348
586958fe-f0d2-466d-be89-af58aea6dc2c	3	5493895	5497427	2	-1.9934
586958fe-f0d2-466d-be89-af58aea6dc2c	3	5497901	11371130	4704	-0.322
586958fe-f0d2-466d-be89-af58aea6dc2c	3	11371349	11371926	3	-3.7038
586958fe-f0d2-466d-be89-af58aea6dc2c	3	11375791	30790921	13460	-0.3596
586958fe-f0d2-466d-be89-af58aea6dc2c	3	30791855	30792155	2	-2.2057
586958fe-f0d2-466d-be89-af58aea6dc2c	3	30793275	35898810	3148	-0.3627
586958fe-f0d2-466d-be89-af58aea6dc2c	3	35899632	53437311	9820	-0.342
586958fe-f0d2-466d-be89-af58aea6dc2c	3	53447687	55536924	1643	-0.2947
586958fe-f0d2-466d-be89-af58aea6dc2c	3	55537489	55537902	4	-1.3262
586958fe-f0d2-466d-be89-af58aea6dc2c	3	55540792	56056162	421	-0.3016
586958fe-f0d2-466d-be89-af58aea6dc2c	3	56058113	64438428	6471	-0.3483
586958fe-f0d2-466d-be89-af58aea6dc2c	3	64438995	64439342	3	-1.6334
586958fe-f0d2-466d-be89-af58aea6dc2c	3	64441426	65213575	772	-0.3234
586958fe-f0d2-466d-be89-af58aea6dc2c	3	65213590	65224640	24	0.1538
586958fe-f0d2-466d-be89-af58aea6dc2c	3	65224777	68697013	2420	-0.3483
586958fe-f0d2-466d-be89-af58aea6dc2c	3	68697108	68699607	15	-1.1273
586958fe-f0d2-466d-be89-af58aea6dc2c	3	68699635	73740141	3811	-0.3463
586958fe-f0d2-466d-be89-af58aea6dc2c	3	73743450	75416934	1078	-0.3692
586958fe-f0d2-466d-be89-af58aea6dc2c	3	75417000	75420058	2	0.8996
586958fe-f0d2-466d-be89-af58aea6dc2c	3	75420342	75511990	33	-0.3748
586958fe-f0d2-466d-be89-af58aea6dc2c	3	75519398	75566288	12	0.3456
586958fe-f0d2-466d-be89-af58aea6dc2c	3	75571744	81545929	3394	-0.3828
586958fe-f0d2-466d-be89-af58aea6dc2c	3	81546953	81548156	2	-2.4373
586958fe-f0d2-466d-be89-af58aea6dc2c	3	81551646	84649532	1574	-0.3686
586958fe-f0d2-466d-be89-af58aea6dc2c	3	84649683	84650033	4	0.8011
586958fe-f0d2-466d-be89-af58aea6dc2c	3	84650533	84653084	16	-0.0552
586958fe-f0d2-466d-be89-af58aea6dc2c	3	84653262	84653449	3	0.6579
586958fe-f0d2-466d-be89-af58aea6dc2c	3	84657133	85549509	517	-0.4048
586958fe-f0d2-466d-be89-af58aea6dc2c	3	85554493	85555921	4	-1.3494
586958fe-f0d2-466d-be89-af58aea6dc2c	3	85556663	87587095	1151	-0.3927
586958fe-f0d2-466d-be89-af58aea6dc2c	3	87587944	87620220	19	-0.8617
586958fe-f0d2-466d-be89-af58aea6dc2c	3	87620648	96588814	2848	-0.3845
586958fe-f0d2-466d-be89-af58aea6dc2c	3	96588957	96589019	2	-3.2261
586958fe-f0d2-466d-be89-af58aea6dc2c	3	96593552	125993370	17793	-0.3499
586958fe-f0d2-466d-be89-af58aea6dc2c	3	125993427	126002464	21	-2.1018
586958fe-f0d2-466d-be89-af58aea6dc2c	3	126002511	126003019	7	-3.6945
586958fe-f0d2-466d-be89-af58aea6dc2c	3	126003489	126097220	65	-0.3158
586958fe-f0d2-466d-be89-af58aea6dc2c	3	126098361	126098375	2	-3.5409
586958fe-f0d2-466d-be89-af58aea6dc2c	3	126101511	130067097	2262	-0.3188
586958fe-f0d2-466d-be89-af58aea6dc2c	3	130067366	130087393	32	-1.3983
586958fe-f0d2-466d-be89-af58aea6dc2c	3	130088081	131987852	1165	-0.339
586958fe-f0d2-466d-be89-af58aea6dc2c	3	131989313	131999369	5	-1.3408
586958fe-f0d2-466d-be89-af58aea6dc2c	3	132004782	132273893	265	-0.3433
586958fe-f0d2-466d-be89-af58aea6dc2c	3	132273929	132276840	3	-2.2467
586958fe-f0d2-466d-be89-af58aea6dc2c	3	132281633	133302311	652	-0.3398
586958fe-f0d2-466d-be89-af58aea6dc2c	3	133302343	133650668	238	0.163
586958fe-f0d2-466d-be89-af58aea6dc2c	3	133652529	143015058	5578	-0.3281
586958fe-f0d2-466d-be89-af58aea6dc2c	3	143018701	143018715	2	-2.7095
586958fe-f0d2-466d-be89-af58aea6dc2c	3	143019008	162807070	12345	-0.3636
586958fe-f0d2-466d-be89-af58aea6dc2c	3	162810842	162822702	10	0.68
586958fe-f0d2-466d-be89-af58aea6dc2c	3	162827928	162906054	43	0.0425
586958fe-f0d2-466d-be89-af58aea6dc2c	3	162906065	162908207	5	0.5059
586958fe-f0d2-466d-be89-af58aea6dc2c	3	162908784	193155702	19136	-0.3678
586958fe-f0d2-466d-be89-af58aea6dc2c	3	193155761	193165114	24	0.0624
586958fe-f0d2-466d-be89-af58aea6dc2c	3	193168646	194939881	1185	-0.3475
586958fe-f0d2-466d-be89-af58aea6dc2c	3	194941224	194948867	2	-2.1484
586958fe-f0d2-466d-be89-af58aea6dc2c	3	194952897	194989838	38	-0.3958
586958fe-f0d2-466d-be89-af58aea6dc2c	3	194990268	194994702	3	-2.2471
586958fe-f0d2-466d-be89-af58aea6dc2c	3	194995358	195691392	258	-0.387
586958fe-f0d2-466d-be89-af58aea6dc2c	3	195695418	195728990	21	0.3033
586958fe-f0d2-466d-be89-af58aea6dc2c	3	195729005	195733825	8	-0.3521
586958fe-f0d2-466d-be89-af58aea6dc2c	3	195735445	195737444	4	-0.9746
586958fe-f0d2-466d-be89-af58aea6dc2c	3	195737636	195755499	10	-0.1461
586958fe-f0d2-466d-be89-af58aea6dc2c	3	195768362	195768450	2	-3.1289
586958fe-f0d2-466d-be89-af58aea6dc2c	3	195768501	198169247	1158	-0.4074
586958fe-f0d2-466d-be89-af58aea6dc2c	4	68929	1617307	550	0.1106
586958fe-f0d2-466d-be89-af58aea6dc2c	4	1617661	3877891	1017	0.196
586958fe-f0d2-466d-be89-af58aea6dc2c	4	3884081	4182970	78	-0.0654
586958fe-f0d2-466d-be89-af58aea6dc2c	4	4183221	8722817	3449	0.2504
586958fe-f0d2-466d-be89-af58aea6dc2c	4	9370577	9447575	56	0.0187
586958fe-f0d2-466d-be89-af58aea6dc2c	4	9449621	9484440	10	-0.5707
586958fe-f0d2-466d-be89-af58aea6dc2c	4	9494650	9608588	33	0.0135
586958fe-f0d2-466d-be89-af58aea6dc2c	4	9609556	10208766	503	0.2471
586958fe-f0d2-466d-be89-af58aea6dc2c	4	10221792	10229874	28	2.421
586958fe-f0d2-466d-be89-af58aea6dc2c	4	10232590	10390730	179	0.2797
586958fe-f0d2-466d-be89-af58aea6dc2c	4	10391530	10399044	15	-0.5323
586958fe-f0d2-466d-be89-af58aea6dc2c	4	10401094	28361568	12849	0.1852
586958fe-f0d2-466d-be89-af58aea6dc2c	4	28364428	30218586	1231	0.481
586958fe-f0d2-466d-be89-af58aea6dc2c	4	30220771	30220825	2	-1.3148
586958fe-f0d2-466d-be89-af58aea6dc2c	4	30220981	31017657	461	0.5055
586958fe-f0d2-466d-be89-af58aea6dc2c	4	31018330	34789130	2243	0.6104
586958fe-f0d2-466d-be89-af58aea6dc2c	4	34793850	34822561	28	0.9984
586958fe-f0d2-466d-be89-af58aea6dc2c	4	34823103	35189542	248	0.5064
586958fe-f0d2-466d-be89-af58aea6dc2c	4	35194064	35274996	55	0.7779
586958fe-f0d2-466d-be89-af58aea6dc2c	4	35276023	35319116	24	0.5997
586958fe-f0d2-466d-be89-af58aea6dc2c	4	35324445	37761264	1727	0.4908
586958fe-f0d2-466d-be89-af58aea6dc2c	4	37761392	37762300	3	-0.9614
586958fe-f0d2-466d-be89-af58aea6dc2c	4	37762373	38285588	395	0.5129
586958fe-f0d2-466d-be89-af58aea6dc2c	4	38285712	38610661	246	0.6461
586958fe-f0d2-466d-be89-af58aea6dc2c	4	38613220	39423161	494	0.7646
586958fe-f0d2-466d-be89-af58aea6dc2c	4	39424581	39451134	19	0.6971
586958fe-f0d2-466d-be89-af58aea6dc2c	4	39451234	39496923	22	0.4202
586958fe-f0d2-466d-be89-af58aea6dc2c	4	39498719	39697775	79	0.7424
586958fe-f0d2-466d-be89-af58aea6dc2c	4	39699074	43891370	2658	0.4951
586958fe-f0d2-466d-be89-af58aea6dc2c	4	43895560	43958912	42	0.2944
586958fe-f0d2-466d-be89-af58aea6dc2c	4	43959405	43961013	3	-0.4687
586958fe-f0d2-466d-be89-af58aea6dc2c	4	43964068	45189839	743	0.3047
586958fe-f0d2-466d-be89-af58aea6dc2c	4	45190550	45190848	2	-1.0667
586958fe-f0d2-466d-be89-af58aea6dc2c	4	45193059	49063964	2188	0.2968
586958fe-f0d2-466d-be89-af58aea6dc2c	4	49078996	51819533	40	0.0307
586958fe-f0d2-466d-be89-af58aea6dc2c	4	51819827	58289376	4370	0.312
586958fe-f0d2-466d-be89-af58aea6dc2c	4	58289394	68394833	6072	0.2609
586958fe-f0d2-466d-be89-af58aea6dc2c	4	68395346	68422424	6	-1.216
586958fe-f0d2-466d-be89-af58aea6dc2c	4	68429081	68478894	9	0.1206
586958fe-f0d2-466d-be89-af58aea6dc2c	4	68494770	68623617	68	-1.5472
586958fe-f0d2-466d-be89-af58aea6dc2c	4	68639397	111384507	25814	0.2804
586958fe-f0d2-466d-be89-af58aea6dc2c	4	111384608	111388212	13	0.7781
586958fe-f0d2-466d-be89-af58aea6dc2c	4	111388295	114252544	1838	0.2917
586958fe-f0d2-466d-be89-af58aea6dc2c	4	114254167	114261019	23	-1.517
586958fe-f0d2-466d-be89-af58aea6dc2c	4	114263073	121360818	4335	0.2605
586958fe-f0d2-466d-be89-af58aea6dc2c	4	121361313	121363827	27	-0.6265
586958fe-f0d2-466d-be89-af58aea6dc2c	4	121363980	126108933	2719	0.2736
586958fe-f0d2-466d-be89-af58aea6dc2c	4	126109429	126109450	2	-1.3028
586958fe-f0d2-466d-be89-af58aea6dc2c	4	126110085	129140622	1628	0.2691
586958fe-f0d2-466d-be89-af58aea6dc2c	4	129141596	129147005	3	1.2171
586958fe-f0d2-466d-be89-af58aea6dc2c	4	129151408	129180530	18	0.3201
586958fe-f0d2-466d-be89-af58aea6dc2c	4	129188594	129839163	493	0.1194
586958fe-f0d2-466d-be89-af58aea6dc2c	4	129839942	136269785	3430	0.0692
586958fe-f0d2-466d-be89-af58aea6dc2c	4	136273607	154881396	11359	0.1064
586958fe-f0d2-466d-be89-af58aea6dc2c	4	154881853	154881926	3	1.1801
586958fe-f0d2-466d-be89-af58aea6dc2c	4	154882047	157710920	1911	0.1024
586958fe-f0d2-466d-be89-af58aea6dc2c	4	157713617	157718116	2	1.2727
586958fe-f0d2-466d-be89-af58aea6dc2c	4	157718515	160958989	2001	0.0888
586958fe-f0d2-466d-be89-af58aea6dc2c	4	160959045	160959754	8	-0.7137
586958fe-f0d2-466d-be89-af58aea6dc2c	4	160959950	170343840	5980	0.0892
586958fe-f0d2-466d-be89-af58aea6dc2c	4	170346793	170352007	8	-0.6574
586958fe-f0d2-466d-be89-af58aea6dc2c	4	170352863	171222879	504	0.0679
586958fe-f0d2-466d-be89-af58aea6dc2c	4	171222949	171448195	179	-0.1566
586958fe-f0d2-466d-be89-af58aea6dc2c	4	171453733	171456625	12	1.075
586958fe-f0d2-466d-be89-af58aea6dc2c	4	171459220	172066777	397	-0.1294
586958fe-f0d2-466d-be89-af58aea6dc2c	4	172067997	172068382	12	0.4275
586958fe-f0d2-466d-be89-af58aea6dc2c	4	172074828	172224282	83	-0.0994
586958fe-f0d2-466d-be89-af58aea6dc2c	4	172224713	181548537	6129	0.08
586958fe-f0d2-466d-be89-af58aea6dc2c	4	181548870	181566272	20	-0.0538
586958fe-f0d2-466d-be89-af58aea6dc2c	4	181569021	181771172	195	-0.5308
586958fe-f0d2-466d-be89-af58aea6dc2c	4	181771245	181773959	4	-1.7953
586958fe-f0d2-466d-be89-af58aea6dc2c	4	181779779	181859415	64	-0.4138
586958fe-f0d2-466d-be89-af58aea6dc2c	4	181859920	181863568	6	-0.1195
586958fe-f0d2-466d-be89-af58aea6dc2c	4	181868461	182170578	244	0.1247
586958fe-f0d2-466d-be89-af58aea6dc2c	4	182176179	182650253	379	-0.027
586958fe-f0d2-466d-be89-af58aea6dc2c	4	182651199	182695758	38	-0.3377
586958fe-f0d2-466d-be89-af58aea6dc2c	4	182697624	182896096	151	-0.0737
586958fe-f0d2-466d-be89-af58aea6dc2c	4	182896171	183573131	387	0.0282
586958fe-f0d2-466d-be89-af58aea6dc2c	4	183576356	184625571	729	-0.1026
586958fe-f0d2-466d-be89-af58aea6dc2c	4	184631944	184668612	17	-1.3243
586958fe-f0d2-466d-be89-af58aea6dc2c	4	184670290	187559936	2047	-0.0931
586958fe-f0d2-466d-be89-af58aea6dc2c	4	187562041	190046094	1572	-0.4342
586958fe-f0d2-466d-be89-af58aea6dc2c	4	190094046	190106768	4	0.5014
586958fe-f0d2-466d-be89-af58aea6dc2c	5	15532	717446	312	0.3196
586958fe-f0d2-466d-be89-af58aea6dc2c	5	717794	761010	17	0.9771
586958fe-f0d2-466d-be89-af58aea6dc2c	5	772967	1040379	101	0.4077
586958fe-f0d2-466d-be89-af58aea6dc2c	5	1049424	1268242	114	0.1904
586958fe-f0d2-466d-be89-af58aea6dc2c	5	1268732	1499060	145	0.4022
586958fe-f0d2-466d-be89-af58aea6dc2c	5	1499150	1880474	231	0.2984
586958fe-f0d2-466d-be89-af58aea6dc2c	5	1890119	10133622	7319	0.4044
586958fe-f0d2-466d-be89-af58aea6dc2c	5	10133984	10949768	658	0.6639
586958fe-f0d2-466d-be89-af58aea6dc2c	5	10950065	11196862	234	0.8287
586958fe-f0d2-466d-be89-af58aea6dc2c	5	11197210	12791608	1048	0.6539
586958fe-f0d2-466d-be89-af58aea6dc2c	5	12800777	12826538	12	-0.9954
586958fe-f0d2-466d-be89-af58aea6dc2c	5	12833745	13262461	159	0.6288
586958fe-f0d2-466d-be89-af58aea6dc2c	5	13262940	13560359	231	0.3664
586958fe-f0d2-466d-be89-af58aea6dc2c	5	13564624	13781343	158	0.5628
586958fe-f0d2-466d-be89-af58aea6dc2c	5	13781371	15718383	1422	0.3924
586958fe-f0d2-466d-be89-af58aea6dc2c	5	15719113	15720488	11	-0.7544
586958fe-f0d2-466d-be89-af58aea6dc2c	5	15723237	16228423	316	0.369
586958fe-f0d2-466d-be89-af58aea6dc2c	5	16231019	16327074	86	0.5517
586958fe-f0d2-466d-be89-af58aea6dc2c	5	16330378	17220166	614	0.359
586958fe-f0d2-466d-be89-af58aea6dc2c	5	17220730	17398137	102	0.5303
586958fe-f0d2-466d-be89-af58aea6dc2c	5	17398619	20417739	1798	0.3461
586958fe-f0d2-466d-be89-af58aea6dc2c	5	20418416	20695564	232	0.4849
586958fe-f0d2-466d-be89-af58aea6dc2c	5	20695956	21926325	665	0.3427
586958fe-f0d2-466d-be89-af58aea6dc2c	5	21926409	30829619	5192	0.3146
586958fe-f0d2-466d-be89-af58aea6dc2c	5	30829672	39878117	6230	0.3823
586958fe-f0d2-466d-be89-af58aea6dc2c	5	39883866	40641881	494	0.454
586958fe-f0d2-466d-be89-af58aea6dc2c	5	40642195	45018459	2307	0.3655
586958fe-f0d2-466d-be89-af58aea6dc2c	5	45020358	50225758	475	0.4781
586958fe-f0d2-466d-be89-af58aea6dc2c	5	50230193	50585485	146	0.3384
586958fe-f0d2-466d-be89-af58aea6dc2c	5	50585669	50608982	11	-0.0603
586958fe-f0d2-466d-be89-af58aea6dc2c	5	50609430	53106218	1523	0.3663
586958fe-f0d2-466d-be89-af58aea6dc2c	5	53108689	53109452	2	-1.2232
586958fe-f0d2-466d-be89-af58aea6dc2c	5	53113609	58025819	3351	0.3747
586958fe-f0d2-466d-be89-af58aea6dc2c	5	58030200	58036817	27	-0.0646
586958fe-f0d2-466d-be89-af58aea6dc2c	5	58037089	69550476	7295	0.3723
586958fe-f0d2-466d-be89-af58aea6dc2c	5	69571467	69822308	5	1.1624
586958fe-f0d2-466d-be89-af58aea6dc2c	5	69937600	70959068	5	0.4099
586958fe-f0d2-466d-be89-af58aea6dc2c	5	70959069	71011717	12	0.0242
586958fe-f0d2-466d-be89-af58aea6dc2c	5	71053366	71095426	3	1.3167
586958fe-f0d2-466d-be89-af58aea6dc2c	5	71358245	78812085	4932	0.3887
586958fe-f0d2-466d-be89-af58aea6dc2c	5	78814168	78815348	3	-1.0491
586958fe-f0d2-466d-be89-af58aea6dc2c	5	78819688	80226678	857	0.3761
586958fe-f0d2-466d-be89-af58aea6dc2c	5	80226786	99500868	10798	0.3509
586958fe-f0d2-466d-be89-af58aea6dc2c	5	99504170	99504922	2	-1.6349
586958fe-f0d2-466d-be89-af58aea6dc2c	5	99508633	107190830	4522	0.3376
586958fe-f0d2-466d-be89-af58aea6dc2c	5	107190913	117659730	7492	0.3635
586958fe-f0d2-466d-be89-af58aea6dc2c	5	117660411	121760699	2692	0.331
586958fe-f0d2-466d-be89-af58aea6dc2c	5	121765151	121765689	5	-0.5205
586958fe-f0d2-466d-be89-af58aea6dc2c	5	121767521	129138650	4729	0.3614
586958fe-f0d2-466d-be89-af58aea6dc2c	5	129139049	132179720	1587	0.3158
586958fe-f0d2-466d-be89-af58aea6dc2c	5	132185229	133206872	543	0.3668
586958fe-f0d2-466d-be89-af58aea6dc2c	5	133207309	134127578	771	0.4394
586958fe-f0d2-466d-be89-af58aea6dc2c	5	134128966	134401584	137	0.2873
586958fe-f0d2-466d-be89-af58aea6dc2c	5	134409493	134556291	82	0.7401
586958fe-f0d2-466d-be89-af58aea6dc2c	5	134557171	135036154	212	0.339
586958fe-f0d2-466d-be89-af58aea6dc2c	5	135036710	136561723	1113	0.4377
586958fe-f0d2-466d-be89-af58aea6dc2c	5	136565342	136947532	227	0.3524
586958fe-f0d2-466d-be89-af58aea6dc2c	5	136951245	137417258	410	0.4467
586958fe-f0d2-466d-be89-af58aea6dc2c	5	137417531	147967638	6231	0.3746
586958fe-f0d2-466d-be89-af58aea6dc2c	5	147968656	161313507	9235	0.2702
586958fe-f0d2-466d-be89-af58aea6dc2c	5	161313648	167376316	3870	0.2176
586958fe-f0d2-466d-be89-af58aea6dc2c	5	167378986	167747794	297	0.2511
586958fe-f0d2-466d-be89-af58aea6dc2c	5	167748041	171858051	3186	0.3054
586958fe-f0d2-466d-be89-af58aea6dc2c	5	171858628	172231342	257	0.198
586958fe-f0d2-466d-be89-af58aea6dc2c	5	172231347	176159227	2831	0.2957
586958fe-f0d2-466d-be89-af58aea6dc2c	5	176159790	177771448	692	0.2263
586958fe-f0d2-466d-be89-af58aea6dc2c	5	177800550	177805604	3	3.0131
586958fe-f0d2-466d-be89-af58aea6dc2c	5	177827964	178856409	571	0.243
586958fe-f0d2-466d-be89-af58aea6dc2c	5	178862335	179681642	513	0.0346
586958fe-f0d2-466d-be89-af58aea6dc2c	5	179683849	180947523	711	-0.2856
586958fe-f0d2-466d-be89-af58aea6dc2c	5	180951710	181018356	26	0.2178
586958fe-f0d2-466d-be89-af58aea6dc2c	5	181019233	181363319	163	-0.3053
586958fe-f0d2-466d-be89-af58aea6dc2c	6	149661	1015515	756	0.3122
586958fe-f0d2-466d-be89-af58aea6dc2c	6	1016749	6025978	4088	0.3954
586958fe-f0d2-466d-be89-af58aea6dc2c	6	6033698	6034203	3	-0.7219
586958fe-f0d2-466d-be89-af58aea6dc2c	6	6036812	14815195	6792	0.3874
586958fe-f0d2-466d-be89-af58aea6dc2c	6	14816280	29815442	9943	0.3513
586958fe-f0d2-466d-be89-af58aea6dc2c	6	29817903	29821394	2	-1.082
586958fe-f0d2-466d-be89-af58aea6dc2c	6	29830682	31313046	730	0.3536
586958fe-f0d2-466d-be89-af58aea6dc2c	6	31318499	31342147	12	-1.116
586958fe-f0d2-466d-be89-af58aea6dc2c	6	31349570	32461866	485	0.3418
586958fe-f0d2-466d-be89-af58aea6dc2c	6	32461942	32610305	49	-0.0282
586958fe-f0d2-466d-be89-af58aea6dc2c	6	32611193	32722250	70	0.2938
586958fe-f0d2-466d-be89-af58aea6dc2c	6	32723020	32723053	3	-1.1445
586958fe-f0d2-466d-be89-af58aea6dc2c	6	32732907	32810504	67	0.3476
586958fe-f0d2-466d-be89-af58aea6dc2c	6	32811611	32814241	5	-1.1039
586958fe-f0d2-466d-be89-af58aea6dc2c	6	32814372	39842750	4377	0.3697
586958fe-f0d2-466d-be89-af58aea6dc2c	6	39843776	40013221	153	0.7653
586958fe-f0d2-466d-be89-af58aea6dc2c	6	40014615	41741685	1328	0.4305
586958fe-f0d2-466d-be89-af58aea6dc2c	6	41743584	43762745	1023	0.3233
586958fe-f0d2-466d-be89-af58aea6dc2c	6	43766101	45800630	1259	0.3983
586958fe-f0d2-466d-be89-af58aea6dc2c	6	45800692	45801702	5	-0.3338
586958fe-f0d2-466d-be89-af58aea6dc2c	6	45802515	46958100	841	0.3966
586958fe-f0d2-466d-be89-af58aea6dc2c	6	46960032	46960083	2	-0.5899
586958fe-f0d2-466d-be89-af58aea6dc2c	6	46963821	48811979	1187	0.3742
586958fe-f0d2-466d-be89-af58aea6dc2c	6	48815972	48963228	84	0.2954
586958fe-f0d2-466d-be89-af58aea6dc2c	6	48964092	48967563	5	-0.485
586958fe-f0d2-466d-be89-af58aea6dc2c	6	48978926	50925015	1098	0.3276
586958fe-f0d2-466d-be89-af58aea6dc2c	6	50925538	50925578	2	1.3296
586958fe-f0d2-466d-be89-af58aea6dc2c	6	50931560	51239276	132	0.3348
586958fe-f0d2-466d-be89-af58aea6dc2c	6	51239756	53448058	1581	0.3856
586958fe-f0d2-466d-be89-af58aea6dc2c	6	53449388	53554281	68	0.2956
586958fe-f0d2-466d-be89-af58aea6dc2c	6	53559477	54066286	416	0.4068
586958fe-f0d2-466d-be89-af58aea6dc2c	6	54066353	54067057	7	1.8049
586958fe-f0d2-466d-be89-af58aea6dc2c	6	54070550	58096364	2075	0.3639
586958fe-f0d2-466d-be89-af58aea6dc2c	6	58099774	58100791	4	-2.6789
586958fe-f0d2-466d-be89-af58aea6dc2c	6	58106296	68976737	5151	0.3293
586958fe-f0d2-466d-be89-af58aea6dc2c	6	68977806	68981476	4	-1.3864
586958fe-f0d2-466d-be89-af58aea6dc2c	6	68987514	76305231	4624	0.3406
586958fe-f0d2-466d-be89-af58aea6dc2c	6	76307183	76307209	3	-0.9593
586958fe-f0d2-466d-be89-af58aea6dc2c	6	76307276	76706116	277	0.3099
586958fe-f0d2-466d-be89-af58aea6dc2c	6	76707753	76711665	9	0.7813
586958fe-f0d2-466d-be89-af58aea6dc2c	6	76711775	76730151	11	0.2801
586958fe-f0d2-466d-be89-af58aea6dc2c	6	76730331	76742924	17	-0.1383
586958fe-f0d2-466d-be89-af58aea6dc2c	6	76742956	78205269	933	0.3246
586958fe-f0d2-466d-be89-af58aea6dc2c	6	78205328	78213330	6	0.9434
586958fe-f0d2-466d-be89-af58aea6dc2c	6	78215495	78261995	44	0.3431
586958fe-f0d2-466d-be89-af58aea6dc2c	6	78262064	78331916	110	0.0663
586958fe-f0d2-466d-be89-af58aea6dc2c	6	78332002	88320556	6231	0.341
586958fe-f0d2-466d-be89-af58aea6dc2c	6	88322358	88711846	279	0.7465
586958fe-f0d2-466d-be89-af58aea6dc2c	6	88717472	92140335	2262	0.3497
586958fe-f0d2-466d-be89-af58aea6dc2c	6	92141378	94471163	1586	0.3196
586958fe-f0d2-466d-be89-af58aea6dc2c	6	94471284	94491482	12	0.7975
586958fe-f0d2-466d-be89-af58aea6dc2c	6	94495560	104963989	6166	0.3257
586958fe-f0d2-466d-be89-af58aea6dc2c	6	104964260	114930564	6231	0.3531
586958fe-f0d2-466d-be89-af58aea6dc2c	6	114936470	115019038	36	0.0164
586958fe-f0d2-466d-be89-af58aea6dc2c	6	115023365	125861617	6577	0.3387
586958fe-f0d2-466d-be89-af58aea6dc2c	6	125862546	125865630	3	-2.5825
586958fe-f0d2-466d-be89-af58aea6dc2c	6	125867747	128974029	1708	0.342
586958fe-f0d2-466d-be89-af58aea6dc2c	6	128974266	128974282	2	-0.6457
586958fe-f0d2-466d-be89-af58aea6dc2c	6	128978773	134375877	3750	0.3525
586958fe-f0d2-466d-be89-af58aea6dc2c	6	134376239	134376302	2	-0.9427
586958fe-f0d2-466d-be89-af58aea6dc2c	6	134376858	134770926	297	0.3494
586958fe-f0d2-466d-be89-af58aea6dc2c	6	134773134	134773134	2	-0.7726
586958fe-f0d2-466d-be89-af58aea6dc2c	6	134775986	137614054	2001	0.3564
586958fe-f0d2-466d-be89-af58aea6dc2c	6	137614228	137931946	217	0.5069
586958fe-f0d2-466d-be89-af58aea6dc2c	6	137932342	156229089	12226	0.3412
586958fe-f0d2-466d-be89-af58aea6dc2c	6	156229266	163968096	5445	0.3632
586958fe-f0d2-466d-be89-af58aea6dc2c	6	163969887	164082776	133	0.2283
586958fe-f0d2-466d-be89-af58aea6dc2c	6	164082925	167180696	2359	0.3827
586958fe-f0d2-466d-be89-af58aea6dc2c	6	167183757	167187860	4	-0.8938
586958fe-f0d2-466d-be89-af58aea6dc2c	6	167194108	170741917	2102	0.3387
586958fe-f0d2-466d-be89-af58aea6dc2c	7	43355	1271601	371	0.4279
586958fe-f0d2-466d-be89-af58aea6dc2c	7	1276603	6797375	3045	0.508
586958fe-f0d2-466d-be89-af58aea6dc2c	7	6797437	6999855	58	0.2246
586958fe-f0d2-466d-be89-af58aea6dc2c	7	7000869	21231415	11640	0.4887
586958fe-f0d2-466d-be89-af58aea6dc2c	7	21231678	21455028	161	0.7958
586958fe-f0d2-466d-be89-af58aea6dc2c	7	21456779	22395161	776	0.5321
586958fe-f0d2-466d-be89-af58aea6dc2c	7	22395853	22396868	2	-2.6775
586958fe-f0d2-466d-be89-af58aea6dc2c	7	22399135	22803562	316	0.5586
586958fe-f0d2-466d-be89-af58aea6dc2c	7	22805261	24111556	839	0.4805
586958fe-f0d2-466d-be89-af58aea6dc2c	7	24113298	26092037	1607	0.5507
586958fe-f0d2-466d-be89-af58aea6dc2c	7	26092670	26105793	5	-0.2631
586958fe-f0d2-466d-be89-af58aea6dc2c	7	26107599	28059822	1281	0.525
586958fe-f0d2-466d-be89-af58aea6dc2c	7	28062854	28063792	3	1.4641
586958fe-f0d2-466d-be89-af58aea6dc2c	7	28065884	29634124	1322	0.5437
586958fe-f0d2-466d-be89-af58aea6dc2c	7	29634172	29650443	8	-0.2606
586958fe-f0d2-466d-be89-af58aea6dc2c	7	29651467	29680222	19	0.596
586958fe-f0d2-466d-be89-af58aea6dc2c	7	29680865	29714859	14	0.1952
586958fe-f0d2-466d-be89-af58aea6dc2c	7	29718152	32538138	2035	0.5453
586958fe-f0d2-466d-be89-af58aea6dc2c	7	32538259	33093202	246	0.4676
586958fe-f0d2-466d-be89-af58aea6dc2c	7	33093595	33145870	28	0.249
586958fe-f0d2-466d-be89-af58aea6dc2c	7	33150181	37351662	2888	0.5312
586958fe-f0d2-466d-be89-af58aea6dc2c	7	37355456	37355769	2	-0.696
586958fe-f0d2-466d-be89-af58aea6dc2c	7	37356999	38279777	699	0.5114
586958fe-f0d2-466d-be89-af58aea6dc2c	7	38279875	38339129	103	0.7194
586958fe-f0d2-466d-be89-af58aea6dc2c	7	38342370	50302666	7944	0.5317
586958fe-f0d2-466d-be89-af58aea6dc2c	7	50307654	51352299	827	0.5921
586958fe-f0d2-466d-be89-af58aea6dc2c	7	51352630	53122741	1341	0.5184
586958fe-f0d2-466d-be89-af58aea6dc2c	7	53124145	53171597	50	0.2154
586958fe-f0d2-466d-be89-af58aea6dc2c	7	53171613	54305455	827	0.487
586958fe-f0d2-466d-be89-af58aea6dc2c	7	54318812	54318824	6	-1.9527
586958fe-f0d2-466d-be89-af58aea6dc2c	7	54325795	55613605	1088	0.5371
586958fe-f0d2-466d-be89-af58aea6dc2c	7	55616279	57231638	597	0.4465
586958fe-f0d2-466d-be89-af58aea6dc2c	7	57233313	57347444	82	0.5486
586958fe-f0d2-466d-be89-af58aea6dc2c	7	57348627	65502854	1427	0.3364
586958fe-f0d2-466d-be89-af58aea6dc2c	7	65539561	65561579	4	-0.8275
586958fe-f0d2-466d-be89-af58aea6dc2c	7	65586825	67164253	530	0.3079
586958fe-f0d2-466d-be89-af58aea6dc2c	7	67164342	67180245	8	-0.3221
586958fe-f0d2-466d-be89-af58aea6dc2c	7	67182652	67394986	77	0.2799
586958fe-f0d2-466d-be89-af58aea6dc2c	7	67396738	67398147	4	-0.6234
586958fe-f0d2-466d-be89-af58aea6dc2c	7	67398357	71685810	2824	0.3832
586958fe-f0d2-466d-be89-af58aea6dc2c	7	71686864	91578827	11319	0.3464
586958fe-f0d2-466d-be89-af58aea6dc2c	7	91589569	91589817	3	-0.9448
586958fe-f0d2-466d-be89-af58aea6dc2c	7	91595717	97766148	3846	0.3529
586958fe-f0d2-466d-be89-af58aea6dc2c	7	97766150	97766159	5	1.5004
586958fe-f0d2-466d-be89-af58aea6dc2c	7	97766194	107922002	5333	0.3487
586958fe-f0d2-466d-be89-af58aea6dc2c	7	107924003	108135818	171	0.502
586958fe-f0d2-466d-be89-af58aea6dc2c	7	108135993	108161224	22	0.2661
586958fe-f0d2-466d-be89-af58aea6dc2c	7	108161434	108162976	2	1.2459
586958fe-f0d2-466d-be89-af58aea6dc2c	7	108162984	108519736	267	0.3382
586958fe-f0d2-466d-be89-af58aea6dc2c	7	108521007	108750511	149	0.438
586958fe-f0d2-466d-be89-af58aea6dc2c	7	108750620	109793741	664	0.3264
586958fe-f0d2-466d-be89-af58aea6dc2c	7	109797035	109797715	15	1.1517
586958fe-f0d2-466d-be89-af58aea6dc2c	7	109797717	109801155	9	0.5122
586958fe-f0d2-466d-be89-af58aea6dc2c	7	109801187	109813853	11	1.2986
586958fe-f0d2-466d-be89-af58aea6dc2c	7	109813925	120026838	6144	0.3305
586958fe-f0d2-466d-be89-af58aea6dc2c	7	120029649	124296487	2563	0.3713
586958fe-f0d2-466d-be89-af58aea6dc2c	7	124297086	126595921	1465	0.3246
586958fe-f0d2-466d-be89-af58aea6dc2c	7	126597723	129389635	1671	0.3731
586958fe-f0d2-466d-be89-af58aea6dc2c	7	129390926	130120334	331	0.3207
586958fe-f0d2-466d-be89-af58aea6dc2c	7	130127796	131460424	736	0.4971
586958fe-f0d2-466d-be89-af58aea6dc2c	7	131462409	133837947	1651	0.5589
586958fe-f0d2-466d-be89-af58aea6dc2c	7	133840072	134100424	172	0.4896
586958fe-f0d2-466d-be89-af58aea6dc2c	7	134100442	134110881	25	1.0268
586958fe-f0d2-466d-be89-af58aea6dc2c	7	134110912	140829022	4369	0.5152
586958fe-f0d2-466d-be89-af58aea6dc2c	7	140829286	140829299	2	-0.687
586958fe-f0d2-466d-be89-af58aea6dc2c	7	140831761	141302752	344	0.4941
586958fe-f0d2-466d-be89-af58aea6dc2c	7	141303245	141304226	2	1.5653
586958fe-f0d2-466d-be89-af58aea6dc2c	7	141304510	141988332	420	0.5026
586958fe-f0d2-466d-be89-af58aea6dc2c	7	141990508	142063324	65	0.368
586958fe-f0d2-466d-be89-af58aea6dc2c	7	142069843	142099190	35	-0.4501
586958fe-f0d2-466d-be89-af58aea6dc2c	7	142099360	142505416	325	0.3757
586958fe-f0d2-466d-be89-af58aea6dc2c	7	142505749	142804120	122	0.5928
586958fe-f0d2-466d-be89-af58aea6dc2c	7	142804157	144264193	761	0.3592
586958fe-f0d2-466d-be89-af58aea6dc2c	7	144295437	144306653	2	2.5441
586958fe-f0d2-466d-be89-af58aea6dc2c	7	144312471	150575278	3830	0.3543
586958fe-f0d2-466d-be89-af58aea6dc2c	7	150581287	150581426	2	-1.2744
586958fe-f0d2-466d-be89-af58aea6dc2c	7	150583184	154195084	2204	0.3684
586958fe-f0d2-466d-be89-af58aea6dc2c	7	154195805	157991957	2800	0.4114
586958fe-f0d2-466d-be89-af58aea6dc2c	7	157996157	158604766	325	0.5587
586958fe-f0d2-466d-be89-af58aea6dc2c	7	158605738	158990489	261	0.0644
586958fe-f0d2-466d-be89-af58aea6dc2c	7	158991533	159131377	101	0.3733
586958fe-f0d2-466d-be89-af58aea6dc2c	7	159134958	159334314	124	0.1176
586958fe-f0d2-466d-be89-af58aea6dc2c	8	81254	13954848	12325	-0.3708
586958fe-f0d2-466d-be89-af58aea6dc2c	8	13955583	13957728	2	-3.2664
586958fe-f0d2-466d-be89-af58aea6dc2c	8	13957826	14723959	755	-0.3431
586958fe-f0d2-466d-be89-af58aea6dc2c	8	14724165	16349552	1410	-0.4001
586958fe-f0d2-466d-be89-af58aea6dc2c	8	16349558	25116961	6921	-0.3327
586958fe-f0d2-466d-be89-af58aea6dc2c	8	25117007	25126818	25	-1.9556
586958fe-f0d2-466d-be89-af58aea6dc2c	8	25133589	39372664	9001	-0.3424
586958fe-f0d2-466d-be89-af58aea6dc2c	8	39372806	39529446	61	0.4133
586958fe-f0d2-466d-be89-af58aea6dc2c	8	39530780	40378368	656	-0.3497
586958fe-f0d2-466d-be89-af58aea6dc2c	8	40379740	40380618	5	-1.4804
586958fe-f0d2-466d-be89-af58aea6dc2c	8	40381056	50119451	3918	-0.3387
586958fe-f0d2-466d-be89-af58aea6dc2c	8	50119464	50119827	7	-1.9305
586958fe-f0d2-466d-be89-af58aea6dc2c	8	50120863	91957716	25498	-0.3532
586958fe-f0d2-466d-be89-af58aea6dc2c	8	91958394	105783155	8552	-0.3236
586958fe-f0d2-466d-be89-af58aea6dc2c	8	105783724	116483160	6302	-0.3668
586958fe-f0d2-466d-be89-af58aea6dc2c	8	116485410	134988235	13513	-0.3213
586958fe-f0d2-466d-be89-af58aea6dc2c	8	134993363	134995341	3	-3.0263
586958fe-f0d2-466d-be89-af58aea6dc2c	8	134996210	139141133	3292	-0.3134
586958fe-f0d2-466d-be89-af58aea6dc2c	8	139141600	139143199	3	-2.2295
586958fe-f0d2-466d-be89-af58aea6dc2c	8	139144082	140384297	995	-0.2724
586958fe-f0d2-466d-be89-af58aea6dc2c	8	140384587	143857216	1664	-0.3613
586958fe-f0d2-466d-be89-af58aea6dc2c	8	143872894	143876552	2	-1.9365
586958fe-f0d2-466d-be89-af58aea6dc2c	8	143882296	145072769	428	-0.3817
586958fe-f0d2-466d-be89-af58aea6dc2c	9	46587	710669	698	-0.1328
586958fe-f0d2-466d-be89-af58aea6dc2c	9	710684	1042284	303	0.1233
586958fe-f0d2-466d-be89-af58aea6dc2c	9	1048496	3026333	2233	-0.085
586958fe-f0d2-466d-be89-af58aea6dc2c	9	3026966	3880973	639	0.1279
586958fe-f0d2-466d-be89-af58aea6dc2c	9	3881005	3982163	117	-0.107
586958fe-f0d2-466d-be89-af58aea6dc2c	9	3983003	4020629	76	0.1871
586958fe-f0d2-466d-be89-af58aea6dc2c	9	4020685	4273941	348	-0.1051
586958fe-f0d2-466d-be89-af58aea6dc2c	9	4278256	4495859	212	0.1402
586958fe-f0d2-466d-be89-af58aea6dc2c	9	4497428	4566863	78	0.3153
586958fe-f0d2-466d-be89-af58aea6dc2c	9	4568237	5754117	1021	0.0897
586958fe-f0d2-466d-be89-af58aea6dc2c	9	5756223	6090160	229	0.2987
586958fe-f0d2-466d-be89-af58aea6dc2c	9	6090276	6463353	234	0.1142
586958fe-f0d2-466d-be89-af58aea6dc2c	9	6467200	6695986	180	0.2946
586958fe-f0d2-466d-be89-af58aea6dc2c	9	6701145	7074807	335	0.0603
586958fe-f0d2-466d-be89-af58aea6dc2c	9	7074970	7097263	27	-0.2897
586958fe-f0d2-466d-be89-af58aea6dc2c	9	7097281	7104151	6	0.4281
586958fe-f0d2-466d-be89-af58aea6dc2c	9	7104617	7171606	91	-0.0511
586958fe-f0d2-466d-be89-af58aea6dc2c	9	7173346	7222895	69	0.1509
586958fe-f0d2-466d-be89-af58aea6dc2c	9	7226519	7232797	12	-1.5319
586958fe-f0d2-466d-be89-af58aea6dc2c	9	7237331	7688633	497	0.1979
586958fe-f0d2-466d-be89-af58aea6dc2c	9	7688878	9339871	1503	-0.1058
586958fe-f0d2-466d-be89-af58aea6dc2c	9	9340127	13275747	3288	0.1424
586958fe-f0d2-466d-be89-af58aea6dc2c	9	13282734	13692591	326	-0.0936
586958fe-f0d2-466d-be89-af58aea6dc2c	9	13703904	14189816	455	0.1777
586958fe-f0d2-466d-be89-af58aea6dc2c	9	14191523	15062573	751	-0.0651
586958fe-f0d2-466d-be89-af58aea6dc2c	9	15064518	15299793	221	0.15
586958fe-f0d2-466d-be89-af58aea6dc2c	9	15300970	16123978	598	-0.0821
586958fe-f0d2-466d-be89-af58aea6dc2c	9	16124776	16219482	115	0.1658
586958fe-f0d2-466d-be89-af58aea6dc2c	9	16221744	16226020	7	-0.9976
586958fe-f0d2-466d-be89-af58aea6dc2c	9	16230841	16761599	492	0.1624
586958fe-f0d2-466d-be89-af58aea6dc2c	9	16761623	16840210	70	0.002
586958fe-f0d2-466d-be89-af58aea6dc2c	9	16841372	16907151	64	0.1538
586958fe-f0d2-466d-be89-af58aea6dc2c	9	16909635	17336481	338	-0.1032
586958fe-f0d2-466d-be89-af58aea6dc2c	9	17339587	17519463	134	0.1397
586958fe-f0d2-466d-be89-af58aea6dc2c	9	17527468	17831835	354	-0.0208
586958fe-f0d2-466d-be89-af58aea6dc2c	9	17832234	17929269	84	0.1695
586958fe-f0d2-466d-be89-af58aea6dc2c	9	17932015	19058108	1050	0.337
586958fe-f0d2-466d-be89-af58aea6dc2c	9	19058823	19578307	358	0.3107
586958fe-f0d2-466d-be89-af58aea6dc2c	9	19579429	19862351	215	0.1768
586958fe-f0d2-466d-be89-af58aea6dc2c	9	19864223	20270745	344	0.3145
586958fe-f0d2-466d-be89-af58aea6dc2c	9	20275356	20382287	116	0.1647
586958fe-f0d2-466d-be89-af58aea6dc2c	9	20386304	23024947	1896	0.3129
586958fe-f0d2-466d-be89-af58aea6dc2c	9	23027843	23283064	176	0.1344
586958fe-f0d2-466d-be89-af58aea6dc2c	9	23283200	23361807	49	0.2736
586958fe-f0d2-466d-be89-af58aea6dc2c	9	23363117	23373486	8	1.0908
586958fe-f0d2-466d-be89-af58aea6dc2c	9	23378490	24503818	796	0.3171
586958fe-f0d2-466d-be89-af58aea6dc2c	9	24504127	24517684	19	-0.5533
586958fe-f0d2-466d-be89-af58aea6dc2c	9	24519686	24848118	252	0.2448
586958fe-f0d2-466d-be89-af58aea6dc2c	9	24849062	25981647	801	0.3183
586958fe-f0d2-466d-be89-af58aea6dc2c	9	25981753	26068551	75	0.0827
586958fe-f0d2-466d-be89-af58aea6dc2c	9	26069192	27912334	1443	0.3237
586958fe-f0d2-466d-be89-af58aea6dc2c	9	27913504	28204065	290	0.1854
586958fe-f0d2-466d-be89-af58aea6dc2c	9	28208609	29697752	1069	0.3089
586958fe-f0d2-466d-be89-af58aea6dc2c	9	29701284	32036754	1618	0.1975
586958fe-f0d2-466d-be89-af58aea6dc2c	9	32038498	35070180	1949	0.3389
586958fe-f0d2-466d-be89-af58aea6dc2c	9	35084369	35113250	21	0.7443
586958fe-f0d2-466d-be89-af58aea6dc2c	9	35118314	38989381	2349	0.3598
586958fe-f0d2-466d-be89-af58aea6dc2c	9	38996106	38996751	3	-1.2084
586958fe-f0d2-466d-be89-af58aea6dc2c	9	39011605	40753470	74	0.2242
586958fe-f0d2-466d-be89-af58aea6dc2c	9	40769393	42574420	127	-0.1831
586958fe-f0d2-466d-be89-af58aea6dc2c	9	42585140	42726239	13	1.2569
586958fe-f0d2-466d-be89-af58aea6dc2c	9	42727685	63580418	110	0.4314
586958fe-f0d2-466d-be89-af58aea6dc2c	9	63590317	63592813	7	1.8929
586958fe-f0d2-466d-be89-af58aea6dc2c	9	63614182	64493528	50	0.2911
586958fe-f0d2-466d-be89-af58aea6dc2c	9	64495298	66883464	46	-0.0108
586958fe-f0d2-466d-be89-af58aea6dc2c	9	66901326	87907679	14229	0.3366
586958fe-f0d2-466d-be89-af58aea6dc2c	9	87939236	87939304	2	-1.8257
586958fe-f0d2-466d-be89-af58aea6dc2c	9	87943042	91190658	2358	0.3758
586958fe-f0d2-466d-be89-af58aea6dc2c	9	91192638	97266477	3784	0.3279
586958fe-f0d2-466d-be89-af58aea6dc2c	9	97267067	99401504	1503	0.3777
586958fe-f0d2-466d-be89-af58aea6dc2c	9	99402255	106527271	4956	0.3182
586958fe-f0d2-466d-be89-af58aea6dc2c	9	106528916	109107072	2123	0.3707
586958fe-f0d2-466d-be89-af58aea6dc2c	9	109107805	109107943	2	-0.8556
586958fe-f0d2-466d-be89-af58aea6dc2c	9	109111785	110936657	1526	0.3664
586958fe-f0d2-466d-be89-af58aea6dc2c	9	110937100	112820083	1266	0.304
586958fe-f0d2-466d-be89-af58aea6dc2c	9	112820690	124118482	8455	0.3721
586958fe-f0d2-466d-be89-af58aea6dc2c	9	124120426	124368783	150	0.5075
586958fe-f0d2-466d-be89-af58aea6dc2c	9	124369370	127468476	1881	0.3606
586958fe-f0d2-466d-be89-af58aea6dc2c	9	127472448	131383392	2049	0.329
586958fe-f0d2-466d-be89-af58aea6dc2c	9	131385539	131390317	5	-0.5126
586958fe-f0d2-466d-be89-af58aea6dc2c	9	131396628	134338944	1901	0.3617
586958fe-f0d2-466d-be89-af58aea6dc2c	9	134339565	135244840	565	0.4266
586958fe-f0d2-466d-be89-af58aea6dc2c	9	135245869	136209619	465	0.3547
586958fe-f0d2-466d-be89-af58aea6dc2c	9	136210101	136374886	20	0.017
586958fe-f0d2-466d-be89-af58aea6dc2c	9	136376424	138177075	669	0.3167
586958fe-f0d2-466d-be89-af58aea6dc2c	9	138177488	138200944	6	0.8706
586958fe-f0d2-466d-be89-af58aea6dc2c	10	45792	65208	6	0.1536
586958fe-f0d2-466d-be89-af58aea6dc2c	10	66015	1641446	1047	-0.4074
586958fe-f0d2-466d-be89-af58aea6dc2c	10	1641600	1642670	2	-2.8462
586958fe-f0d2-466d-be89-af58aea6dc2c	10	1642855	1693855	60	-0.4025
586958fe-f0d2-466d-be89-af58aea6dc2c	10	1694226	1743537	57	-0.6546
586958fe-f0d2-466d-be89-af58aea6dc2c	10	1743895	5595919	3565	-0.3882
586958fe-f0d2-466d-be89-af58aea6dc2c	10	5595979	5674930	67	-0.6297
586958fe-f0d2-466d-be89-af58aea6dc2c	10	5675162	20844253	12429	-0.3867
586958fe-f0d2-466d-be89-af58aea6dc2c	10	20846501	20848817	5	-1.7566
586958fe-f0d2-466d-be89-af58aea6dc2c	10	20848891	22420324	797	-0.3783
586958fe-f0d2-466d-be89-af58aea6dc2c	10	22421086	24086334	1128	-0.3466
586958fe-f0d2-466d-be89-af58aea6dc2c	10	24088745	24090022	13	0.6696
586958fe-f0d2-466d-be89-af58aea6dc2c	10	24090078	30957563	5004	-0.3609
586958fe-f0d2-466d-be89-af58aea6dc2c	10	30957581	30962893	13	0.2756
586958fe-f0d2-466d-be89-af58aea6dc2c	10	30962956	46522571	7434	-0.346
586958fe-f0d2-466d-be89-af58aea6dc2c	10	46525652	46543248	20	0.3356
586958fe-f0d2-466d-be89-af58aea6dc2c	10	46545913	46618028	21	-0.29
586958fe-f0d2-466d-be89-af58aea6dc2c	10	46631433	46804606	11	-0.9572
586958fe-f0d2-466d-be89-af58aea6dc2c	10	46810571	50062639	1682	-0.2946
586958fe-f0d2-466d-be89-af58aea6dc2c	10	50070600	50132160	5	-2.1901
586958fe-f0d2-466d-be89-af58aea6dc2c	10	50144008	51333797	804	-0.3526
586958fe-f0d2-466d-be89-af58aea6dc2c	10	51333994	51335359	3	-2.1112
586958fe-f0d2-466d-be89-af58aea6dc2c	10	51338310	55725632	3355	-0.3681
586958fe-f0d2-466d-be89-af58aea6dc2c	10	55727106	55727514	2	-2.3671
586958fe-f0d2-466d-be89-af58aea6dc2c	10	55727624	65546518	6819	-0.347
586958fe-f0d2-466d-be89-af58aea6dc2c	10	65548165	65554688	28	0.2444
586958fe-f0d2-466d-be89-af58aea6dc2c	10	65563037	69441979	2491	-0.3633
586958fe-f0d2-466d-be89-af58aea6dc2c	10	69446951	71585081	1721	-0.2997
586958fe-f0d2-466d-be89-af58aea6dc2c	10	71585623	76763816	2751	-0.3472
586958fe-f0d2-466d-be89-af58aea6dc2c	10	76764378	79426222	2205	-0.2873
586958fe-f0d2-466d-be89-af58aea6dc2c	10	79428905	79595316	50	-0.4473
586958fe-f0d2-466d-be89-af58aea6dc2c	10	79624118	79737848	14	0.3693
586958fe-f0d2-466d-be89-af58aea6dc2c	10	79747269	109483044	19520	-0.3439
586958fe-f0d2-466d-be89-af58aea6dc2c	10	109484809	109485109	3	-1.642
586958fe-f0d2-466d-be89-af58aea6dc2c	10	109489240	120057660	7233	-0.3336
586958fe-f0d2-466d-be89-af58aea6dc2c	10	120058354	130547233	8238	-0.3134
586958fe-f0d2-466d-be89-af58aea6dc2c	10	130547415	132674642	1509	-0.3587
586958fe-f0d2-466d-be89-af58aea6dc2c	10	132678400	133654968	415	-0.4235
586958fe-f0d2-466d-be89-af58aea6dc2c	11	198510	1878795	589	-0.4317
586958fe-f0d2-466d-be89-af58aea6dc2c	11	1883471	4946166	1825	-0.3259
586958fe-f0d2-466d-be89-af58aea6dc2c	11	4946420	4954475	29	-1.2881
586958fe-f0d2-466d-be89-af58aea6dc2c	11	4955027	5762693	783	-0.357
586958fe-f0d2-466d-be89-af58aea6dc2c	11	5766175	5787818	32	0.1719
586958fe-f0d2-466d-be89-af58aea6dc2c	11	5787909	21397172	11696	-0.3206
586958fe-f0d2-466d-be89-af58aea6dc2c	11	21397200	21733139	261	-0.3768
586958fe-f0d2-466d-be89-af58aea6dc2c	11	21735961	21741547	3	-1.5472
586958fe-f0d2-466d-be89-af58aea6dc2c	11	21741865	25633389	2757	-0.3619
586958fe-f0d2-466d-be89-af58aea6dc2c	11	25633667	25639130	2	-3.4673
586958fe-f0d2-466d-be89-af58aea6dc2c	11	25641188	44904164	13410	-0.3413
586958fe-f0d2-466d-be89-af58aea6dc2c	11	44904388	44906077	3	-2.0042
586958fe-f0d2-466d-be89-af58aea6dc2c	11	44906969	48571573	1844	-0.3418
586958fe-f0d2-466d-be89-af58aea6dc2c	11	48572716	48581124	4	0.6375
586958fe-f0d2-466d-be89-af58aea6dc2c	11	48584766	48644484	35	-0.462
586958fe-f0d2-466d-be89-af58aea6dc2c	11	48653391	48688873	8	0.4365
586958fe-f0d2-466d-be89-af58aea6dc2c	11	48688875	55606572	1137	-0.3377
586958fe-f0d2-466d-be89-af58aea6dc2c	11	55606712	55693207	59	0.2184
586958fe-f0d2-466d-be89-af58aea6dc2c	11	55693312	55741892	45	-0.3271
586958fe-f0d2-466d-be89-af58aea6dc2c	11	55753280	55753284	2	1.0239
586958fe-f0d2-466d-be89-af58aea6dc2c	11	55756095	60450317	2882	-0.3437
586958fe-f0d2-466d-be89-af58aea6dc2c	11	60454677	60461318	7	0.3822
586958fe-f0d2-466d-be89-af58aea6dc2c	11	60461341	62004892	803	-0.3362
586958fe-f0d2-466d-be89-af58aea6dc2c	11	62010997	62018066	11	0.266
586958fe-f0d2-466d-be89-af58aea6dc2c	11	62019738	80256469	9483	-0.3291
586958fe-f0d2-466d-be89-af58aea6dc2c	11	80256504	80256520	2	-2.2422
586958fe-f0d2-466d-be89-af58aea6dc2c	11	80256642	83957139	2726	-0.3383
586958fe-f0d2-466d-be89-af58aea6dc2c	11	83957142	83959277	2	-2.5284
586958fe-f0d2-466d-be89-af58aea6dc2c	11	83959282	84203653	165	-0.3471
586958fe-f0d2-466d-be89-af58aea6dc2c	11	84207276	84207296	2	-2.059
586958fe-f0d2-466d-be89-af58aea6dc2c	11	84208263	87696233	2362	-0.3384
586958fe-f0d2-466d-be89-af58aea6dc2c	11	87696773	87823928	90	-0.752
586958fe-f0d2-466d-be89-af58aea6dc2c	11	87824228	89741663	1233	-0.3499
586958fe-f0d2-466d-be89-af58aea6dc2c	11	89754781	89834373	13	-1.9376
586958fe-f0d2-466d-be89-af58aea6dc2c	11	89847184	101723653	8687	-0.3468
586958fe-f0d2-466d-be89-af58aea6dc2c	11	101727129	101727233	4	1.8348
586958fe-f0d2-466d-be89-af58aea6dc2c	11	101727481	105079697	2345	-0.3468
586958fe-f0d2-466d-be89-af58aea6dc2c	11	105079768	105105343	23	-3.7734
586958fe-f0d2-466d-be89-af58aea6dc2c	11	105105939	109124087	2510	-0.3558
586958fe-f0d2-466d-be89-af58aea6dc2c	11	109126820	109127235	2	-1.9337
586958fe-f0d2-466d-be89-af58aea6dc2c	11	109127412	109762666	360	-0.3429
586958fe-f0d2-466d-be89-af58aea6dc2c	11	109766922	109767051	2	0.9362
586958fe-f0d2-466d-be89-af58aea6dc2c	11	109768123	113057841	2164	-0.3218
586958fe-f0d2-466d-be89-af58aea6dc2c	11	113058635	113146439	80	-0.6883
586958fe-f0d2-466d-be89-af58aea6dc2c	11	113146469	132954476	14606	-0.3198
586958fe-f0d2-466d-be89-af58aea6dc2c	11	132954579	132998171	32	-0.716
586958fe-f0d2-466d-be89-af58aea6dc2c	11	133007143	135074876	1564	-0.3614
586958fe-f0d2-466d-be89-af58aea6dc2c	12	51460	756804	417	0.4864
586958fe-f0d2-466d-be89-af58aea6dc2c	12	759943	764863	18	-0.387
586958fe-f0d2-466d-be89-af58aea6dc2c	12	766188	776028	27	0.3723
586958fe-f0d2-466d-be89-af58aea6dc2c	12	779262	2185912	875	0.5264
586958fe-f0d2-466d-be89-af58aea6dc2c	12	2189882	2660358	354	0.6584
586958fe-f0d2-466d-be89-af58aea6dc2c	12	2661725	6427703	3001	0.5617
586958fe-f0d2-466d-be89-af58aea6dc2c	12	6427959	8194209	839	0.5017
586958fe-f0d2-466d-be89-af58aea6dc2c	12	8204911	8354585	45	0.2097
586958fe-f0d2-466d-be89-af58aea6dc2c	12	8354649	8404097	16	0.5893
586958fe-f0d2-466d-be89-af58aea6dc2c	12	8405892	8428347	17	-0.2386
586958fe-f0d2-466d-be89-af58aea6dc2c	12	8432076	51914990	26222	0.5068
586958fe-f0d2-466d-be89-af58aea6dc2c	12	51916521	52088803	90	0.8035
586958fe-f0d2-466d-be89-af58aea6dc2c	12	52090859	52464489	356	0.5404
586958fe-f0d2-466d-be89-af58aea6dc2c	12	52467254	52881550	390	0.6153
586958fe-f0d2-466d-be89-af58aea6dc2c	12	52881902	54102382	641	0.4886
586958fe-f0d2-466d-be89-af58aea6dc2c	12	54106013	54245437	69	0.8656
586958fe-f0d2-466d-be89-af58aea6dc2c	12	54249018	56202659	1124	0.4955
586958fe-f0d2-466d-be89-af58aea6dc2c	12	56207514	56264010	31	0.7598
586958fe-f0d2-466d-be89-af58aea6dc2c	12	56268256	56842186	247	0.4863
586958fe-f0d2-466d-be89-af58aea6dc2c	12	56843977	56846593	2	-0.6661
586958fe-f0d2-466d-be89-af58aea6dc2c	12	56846660	58742754	1159	0.5173
586958fe-f0d2-466d-be89-af58aea6dc2c	12	58744854	58745152	3	-0.5186
586958fe-f0d2-466d-be89-af58aea6dc2c	12	58747617	62611355	2369	0.4851
586958fe-f0d2-466d-be89-af58aea6dc2c	12	62613207	68589440	3991	0.5248
586958fe-f0d2-466d-be89-af58aea6dc2c	12	68589665	68856768	173	0.4813
586958fe-f0d2-466d-be89-af58aea6dc2c	12	68866648	69167072	208	0.5648
586958fe-f0d2-466d-be89-af58aea6dc2c	12	69167939	69501649	208	0.695
586958fe-f0d2-466d-be89-af58aea6dc2c	12	69502982	71607417	1451	0.5306
586958fe-f0d2-466d-be89-af58aea6dc2c	12	71607839	73486338	1116	0.8006
586958fe-f0d2-466d-be89-af58aea6dc2c	12	73493598	86353948	8040	0.6815
586958fe-f0d2-466d-be89-af58aea6dc2c	12	86359041	87490776	619	0.5185
586958fe-f0d2-466d-be89-af58aea6dc2c	12	87494791	87869056	191	0.6561
586958fe-f0d2-466d-be89-af58aea6dc2c	12	87872330	94630589	4381	0.5339
586958fe-f0d2-466d-be89-af58aea6dc2c	12	94634736	101143876	4470	0.3593
586958fe-f0d2-466d-be89-af58aea6dc2c	12	101155434	101335384	118	0.5648
586958fe-f0d2-466d-be89-af58aea6dc2c	12	101335504	102353526	580	0.3435
586958fe-f0d2-466d-be89-af58aea6dc2c	12	102354924	102643166	202	0.5605
586958fe-f0d2-466d-be89-af58aea6dc2c	12	102643652	104248717	1111	0.3777
586958fe-f0d2-466d-be89-af58aea6dc2c	12	104250196	105079467	616	0.6857
586958fe-f0d2-466d-be89-af58aea6dc2c	12	105080296	109749869	3297	0.3894
586958fe-f0d2-466d-be89-af58aea6dc2c	12	109750187	111007535	578	0.3155
586958fe-f0d2-466d-be89-af58aea6dc2c	12	111008311	111347130	163	0.381
586958fe-f0d2-466d-be89-af58aea6dc2c	12	111349088	111572457	102	0.2764
586958fe-f0d2-466d-be89-af58aea6dc2c	12	111577803	111610821	7	-0.3295
586958fe-f0d2-466d-be89-af58aea6dc2c	12	111613147	112527338	496	0.2681
586958fe-f0d2-466d-be89-af58aea6dc2c	12	112527679	113094662	451	0.3684
586958fe-f0d2-466d-be89-af58aea6dc2c	12	113105816	113140711	20	0.7732
586958fe-f0d2-466d-be89-af58aea6dc2c	12	113144234	114045360	609	0.3471
586958fe-f0d2-466d-be89-af58aea6dc2c	12	114045415	114854133	662	0.4145
586958fe-f0d2-466d-be89-af58aea6dc2c	12	114854163	119545949	3561	0.3469
586958fe-f0d2-466d-be89-af58aea6dc2c	12	119546020	123835317	1986	0.28
586958fe-f0d2-466d-be89-af58aea6dc2c	12	123835999	124318485	347	0.3636
586958fe-f0d2-466d-be89-af58aea6dc2c	12	124330466	124638623	167	-0.1468
586958fe-f0d2-466d-be89-af58aea6dc2c	12	124638931	124639016	2	-2.1382
586958fe-f0d2-466d-be89-af58aea6dc2c	12	124639246	124817906	133	-0.1283
586958fe-f0d2-466d-be89-af58aea6dc2c	12	124822302	125016225	130	-0.5041
586958fe-f0d2-466d-be89-af58aea6dc2c	12	125017001	133201603	6289	-0.1699
586958fe-f0d2-466d-be89-af58aea6dc2c	13	18452809	26331068	5276	-0.333
586958fe-f0d2-466d-be89-af58aea6dc2c	13	26332862	26333894	2	-2.3666
586958fe-f0d2-466d-be89-af58aea6dc2c	13	26336975	37497899	8172	-0.324
586958fe-f0d2-466d-be89-af58aea6dc2c	13	37498087	37510620	15	-1.877
586958fe-f0d2-466d-be89-af58aea6dc2c	13	37514193	38478674	700	-0.3697
586958fe-f0d2-466d-be89-af58aea6dc2c	13	38483435	38483919	2	-1.745
586958fe-f0d2-466d-be89-af58aea6dc2c	13	38490920	38670939	135	-0.3787
586958fe-f0d2-466d-be89-af58aea6dc2c	13	38671051	54333809	10191	-0.3347
586958fe-f0d2-466d-be89-af58aea6dc2c	13	54333978	70821533	9859	-0.3936
586958fe-f0d2-466d-be89-af58aea6dc2c	13	70822320	71902850	635	0.0369
586958fe-f0d2-466d-be89-af58aea6dc2c	13	71903417	71906418	3	2.9563
586958fe-f0d2-466d-be89-af58aea6dc2c	13	71906467	74161693	1684	0.0568
586958fe-f0d2-466d-be89-af58aea6dc2c	13	74162256	74162353	2	1.0787
586958fe-f0d2-466d-be89-af58aea6dc2c	13	74162787	74166397	4	-0.5259
586958fe-f0d2-466d-be89-af58aea6dc2c	13	74168185	74499304	262	0.0868
586958fe-f0d2-466d-be89-af58aea6dc2c	13	74500472	74504862	2	-1.1975
586958fe-f0d2-466d-be89-af58aea6dc2c	13	74506371	77651667	2169	0.0614
586958fe-f0d2-466d-be89-af58aea6dc2c	13	77653407	77855944	116	-0.1136
586958fe-f0d2-466d-be89-af58aea6dc2c	13	77856879	92974348	9422	0.0482
586958fe-f0d2-466d-be89-af58aea6dc2c	13	92982337	101987103	6167	0.0832
586958fe-f0d2-466d-be89-af58aea6dc2c	13	101987251	104867719	2445	0.051
586958fe-f0d2-466d-be89-af58aea6dc2c	13	104867868	104868133	2	-1.3269
586958fe-f0d2-466d-be89-af58aea6dc2c	13	104870097	105663858	621	0.067
586958fe-f0d2-466d-be89-af58aea6dc2c	13	105664476	105664629	3	-2.303
586958fe-f0d2-466d-be89-af58aea6dc2c	13	105667023	106730287	880	0.0796
586958fe-f0d2-466d-be89-af58aea6dc2c	13	106731890	106732362	2	1.403
586958fe-f0d2-466d-be89-af58aea6dc2c	13	106732887	108887874	1755	0.0653
586958fe-f0d2-466d-be89-af58aea6dc2c	13	108887911	112589443	2689	0.1206
586958fe-f0d2-466d-be89-af58aea6dc2c	13	112592631	112971934	236	0.0579
586958fe-f0d2-466d-be89-af58aea6dc2c	13	112974526	113029750	24	-0.6609
586958fe-f0d2-466d-be89-af58aea6dc2c	13	113029824	114262041	525	0.0565
586958fe-f0d2-466d-be89-af58aea6dc2c	13	114270430	114342922	35	-0.2337
586958fe-f0d2-466d-be89-af58aea6dc2c	14	18239283	18552524	8	0.0648
586958fe-f0d2-466d-be89-af58aea6dc2c	14	18557235	19280948	36	0.4255
586958fe-f0d2-466d-be89-af58aea6dc2c	14	19289821	19954424	122	0.8072
586958fe-f0d2-466d-be89-af58aea6dc2c	14	19955213	20082188	92	0.5071
586958fe-f0d2-466d-be89-af58aea6dc2c	14	20082381	20087037	3	-0.3405
586958fe-f0d2-466d-be89-af58aea6dc2c	14	20089108	21138361	741	0.5226
586958fe-f0d2-466d-be89-af58aea6dc2c	14	21138588	21140615	3	-0.1184
586958fe-f0d2-466d-be89-af58aea6dc2c	14	21142542	21161739	24	0.1512
586958fe-f0d2-466d-be89-af58aea6dc2c	14	21161761	21170165	4	-0.3014
586958fe-f0d2-466d-be89-af58aea6dc2c	14	21176252	21945987	510	0.5094
586958fe-f0d2-466d-be89-af58aea6dc2c	14	21950479	22490838	442	0.7505
586958fe-f0d2-466d-be89-af58aea6dc2c	14	22490949	23986216	895	0.5246
586958fe-f0d2-466d-be89-af58aea6dc2c	14	23989435	23989734	3	-1.3719
586958fe-f0d2-466d-be89-af58aea6dc2c	14	23992645	27514296	2342	0.5246
586958fe-f0d2-466d-be89-af58aea6dc2c	14	27515042	27515124	2	-2.2242
586958fe-f0d2-466d-be89-af58aea6dc2c	14	27515317	30490694	1673	0.4961
586958fe-f0d2-466d-be89-af58aea6dc2c	14	30492796	37050845	4383	0.2076
586958fe-f0d2-466d-be89-af58aea6dc2c	14	37053611	37067556	10	-0.1715
586958fe-f0d2-466d-be89-af58aea6dc2c	14	37067701	41141487	2451	0.1726
586958fe-f0d2-466d-be89-af58aea6dc2c	14	41145917	41188046	12	0.7206
586958fe-f0d2-466d-be89-af58aea6dc2c	14	41188146	44835336	2200	0.1548
586958fe-f0d2-466d-be89-af58aea6dc2c	14	44841185	44841243	2	1.4074
586958fe-f0d2-466d-be89-af58aea6dc2c	14	44843105	48844196	2310	0.1732
586958fe-f0d2-466d-be89-af58aea6dc2c	14	48846124	55350207	4191	0.2127
586958fe-f0d2-466d-be89-af58aea6dc2c	14	55350763	55510221	117	0.6044
586958fe-f0d2-466d-be89-af58aea6dc2c	14	55510806	72325859	10810	0.1962
586958fe-f0d2-466d-be89-af58aea6dc2c	14	72329662	72330079	3	-1.5188
586958fe-f0d2-466d-be89-af58aea6dc2c	14	72330137	73540003	812	0.2201
586958fe-f0d2-466d-be89-af58aea6dc2c	14	73540147	73554275	7	-1.2486
586958fe-f0d2-466d-be89-af58aea6dc2c	14	73563196	75238147	909	0.1492
586958fe-f0d2-466d-be89-af58aea6dc2c	14	75239964	78612481	2397	0.2099
586958fe-f0d2-466d-be89-af58aea6dc2c	14	78612833	78613616	3	-1.091
586958fe-f0d2-466d-be89-af58aea6dc2c	14	78617233	78699265	62	0.2207
586958fe-f0d2-466d-be89-af58aea6dc2c	14	78699982	78900327	147	0.4233
586958fe-f0d2-466d-be89-af58aea6dc2c	14	78901053	85994911	4746	0.1697
586958fe-f0d2-466d-be89-af58aea6dc2c	14	85997854	86000712	2	-1.1251
586958fe-f0d2-466d-be89-af58aea6dc2c	14	86001155	92205472	3893	0.1905
586958fe-f0d2-466d-be89-af58aea6dc2c	14	92206016	101571290	6861	0.237
586958fe-f0d2-466d-be89-af58aea6dc2c	14	101575718	105616252	1607	0.1907
586958fe-f0d2-466d-be89-af58aea6dc2c	14	105632009	106360014	230	0.0246
586958fe-f0d2-466d-be89-af58aea6dc2c	14	106362628	106364815	2	-1.9056
586958fe-f0d2-466d-be89-af58aea6dc2c	14	106365807	106877229	271	-0.0675
586958fe-f0d2-466d-be89-af58aea6dc2c	15	19811075	20373168	88	0.3189
586958fe-f0d2-466d-be89-af58aea6dc2c	15	20376198	24429986	1113	0.487
586958fe-f0d2-466d-be89-af58aea6dc2c	15	24435245	24473449	31	-0.3872
586958fe-f0d2-466d-be89-af58aea6dc2c	15	24480146	24920078	296	0.4488
586958fe-f0d2-466d-be89-af58aea6dc2c	15	24920403	27926148	2245	0.5372
586958fe-f0d2-466d-be89-af58aea6dc2c	15	27926920	30503586	1087	0.4737
586958fe-f0d2-466d-be89-af58aea6dc2c	15	30515739	30595753	2	-1.7677
586958fe-f0d2-466d-be89-af58aea6dc2c	15	30608675	53458377	14194	0.5077
586958fe-f0d2-466d-be89-af58aea6dc2c	15	53468319	53492691	40	0.1427
586958fe-f0d2-466d-be89-af58aea6dc2c	15	53492794	53493082	6	-1.5143
586958fe-f0d2-466d-be89-af58aea6dc2c	15	53498050	60485552	4837	0.1789
586958fe-f0d2-466d-be89-af58aea6dc2c	15	60486339	62962488	2088	0.238
586958fe-f0d2-466d-be89-af58aea6dc2c	15	62965682	65521764	1327	0.1713
586958fe-f0d2-466d-be89-af58aea6dc2c	15	65524604	65526049	3	-0.7542
586958fe-f0d2-466d-be89-af58aea6dc2c	15	65530196	65904583	168	0.1199
586958fe-f0d2-466d-be89-af58aea6dc2c	15	65905222	74397023	5449	0.207
586958fe-f0d2-466d-be89-af58aea6dc2c	15	74398921	76066714	617	0.1517
586958fe-f0d2-466d-be89-af58aea6dc2c	15	76067825	76370926	170	0.2645
586958fe-f0d2-466d-be89-af58aea6dc2c	15	76370998	76599170	131	0.1344
586958fe-f0d2-466d-be89-af58aea6dc2c	15	76599286	76603434	20	-1.9048
586958fe-f0d2-466d-be89-af58aea6dc2c	15	76609838	101928837	17606	0.1981
586958fe-f0d2-466d-be89-af58aea6dc2c	16	10777	4927449	2085	0.2932
586958fe-f0d2-466d-be89-af58aea6dc2c	16	4927886	14954987	9023	0.4012
586958fe-f0d2-466d-be89-af58aea6dc2c	16	14955003	14991827	39	-0.0916
586958fe-f0d2-466d-be89-af58aea6dc2c	16	14993314	16930314	755	0.3188
586958fe-f0d2-466d-be89-af58aea6dc2c	16	16930902	28158393	6829	0.3935
586958fe-f0d2-466d-be89-af58aea6dc2c	16	28159689	32867008	1250	0.3353
586958fe-f0d2-466d-be89-af58aea6dc2c	16	32867014	32938932	12	0.907
586958fe-f0d2-466d-be89-af58aea6dc2c	16	32944749	48814938	1559	0.3622
586958fe-f0d2-466d-be89-af58aea6dc2c	16	48814963	48933776	98	0.5537
586958fe-f0d2-466d-be89-af58aea6dc2c	16	48933823	48934255	3	-0.2816
586958fe-f0d2-466d-be89-af58aea6dc2c	16	48934503	49023761	72	0.5442
586958fe-f0d2-466d-be89-af58aea6dc2c	16	49033822	49073513	47	0.3571
586958fe-f0d2-466d-be89-af58aea6dc2c	16	49073875	49081442	14	0.6754
586958fe-f0d2-466d-be89-af58aea6dc2c	16	49081725	49347852	239	0.4047
586958fe-f0d2-466d-be89-af58aea6dc2c	16	49348265	50021738	475	0.6005
586958fe-f0d2-466d-be89-af58aea6dc2c	16	50024036	50585960	305	0.4012
586958fe-f0d2-466d-be89-af58aea6dc2c	16	50589567	50590317	3	-0.5174
586958fe-f0d2-466d-be89-af58aea6dc2c	16	50592631	52887923	1753	0.4002
586958fe-f0d2-466d-be89-af58aea6dc2c	16	52889126	54063247	888	0.3309
586958fe-f0d2-466d-be89-af58aea6dc2c	16	54063265	55762682	1469	0.4096
586958fe-f0d2-466d-be89-af58aea6dc2c	16	55764310	55764867	3	-0.6035
586958fe-f0d2-466d-be89-af58aea6dc2c	16	55770436	57714933	1178	0.3964
586958fe-f0d2-466d-be89-af58aea6dc2c	16	57718749	57858524	77	0.679
586958fe-f0d2-466d-be89-af58aea6dc2c	16	57871272	58806980	572	0.3641
586958fe-f0d2-466d-be89-af58aea6dc2c	16	58808347	58809200	3	1.2097
586958fe-f0d2-466d-be89-af58aea6dc2c	16	58812947	59008724	144	0.4035
586958fe-f0d2-466d-be89-af58aea6dc2c	16	59009310	59228516	145	0.5171
586958fe-f0d2-466d-be89-af58aea6dc2c	16	59231021	60319183	696	0.3774
586958fe-f0d2-466d-be89-af58aea6dc2c	16	60325624	60577209	172	0.4775
586958fe-f0d2-466d-be89-af58aea6dc2c	16	60579630	60670735	61	0.2847
586958fe-f0d2-466d-be89-af58aea6dc2c	16	60674639	60810973	104	0.4871
586958fe-f0d2-466d-be89-af58aea6dc2c	16	60811280	62187829	834	0.3421
586958fe-f0d2-466d-be89-af58aea6dc2c	16	62188390	62484874	206	0.488
586958fe-f0d2-466d-be89-af58aea6dc2c	16	62485864	65059476	1794	0.3632
586958fe-f0d2-466d-be89-af58aea6dc2c	16	65059943	66583134	1212	0.4284
586958fe-f0d2-466d-be89-af58aea6dc2c	16	66584426	78337711	7087	0.3646
586958fe-f0d2-466d-be89-af58aea6dc2c	16	78338543	78350841	15	1.282
586958fe-f0d2-466d-be89-af58aea6dc2c	16	78350868	78842030	662	0.3413
586958fe-f0d2-466d-be89-af58aea6dc2c	16	78843404	80893815	2316	0.4013
586958fe-f0d2-466d-be89-af58aea6dc2c	16	80893875	80942034	61	0.3014
586958fe-f0d2-466d-be89-af58aea6dc2c	16	80942117	80946600	8	-0.3859
586958fe-f0d2-466d-be89-af58aea6dc2c	16	80952360	83997190	3283	0.4029
586958fe-f0d2-466d-be89-af58aea6dc2c	16	84000908	85138327	996	0.3439
586958fe-f0d2-466d-be89-af58aea6dc2c	16	85138712	88066715	2439	0.4258
586958fe-f0d2-466d-be89-af58aea6dc2c	16	88070485	88081785	7	-0.441
586958fe-f0d2-466d-be89-af58aea6dc2c	16	88082524	88399022	123	0.4388
586958fe-f0d2-466d-be89-af58aea6dc2c	16	88404306	90096867	709	0.2515
586958fe-f0d2-466d-be89-af58aea6dc2c	17	150733	8339592	4527	-0.3665
586958fe-f0d2-466d-be89-af58aea6dc2c	17	8344229	8344415	2	-3.0989
586958fe-f0d2-466d-be89-af58aea6dc2c	17	8346140	27417133	8582	-0.3506
586958fe-f0d2-466d-be89-af58aea6dc2c	17	27417471	27430463	7	-1.7076
586958fe-f0d2-466d-be89-af58aea6dc2c	17	27430849	28452035	535	-0.2964
586958fe-f0d2-466d-be89-af58aea6dc2c	17	28454323	28455301	2	-1.9116
586958fe-f0d2-466d-be89-af58aea6dc2c	17	28462253	36109139	4564	-0.34
586958fe-f0d2-466d-be89-af58aea6dc2c	17	36109315	36200725	37	0.5377
586958fe-f0d2-466d-be89-af58aea6dc2c	17	36208249	40769250	2206	-0.3466
586958fe-f0d2-466d-be89-af58aea6dc2c	17	40771762	40780407	3	-1.8888
586958fe-f0d2-466d-be89-af58aea6dc2c	17	40782064	41265456	310	-0.3383
586958fe-f0d2-466d-be89-af58aea6dc2c	17	41266762	41274198	23	0.6291
586958fe-f0d2-466d-be89-af58aea6dc2c	17	41274279	45969353	2408	-0.3362
586958fe-f0d2-466d-be89-af58aea6dc2c	17	45969413	45970542	4	0.5944
586958fe-f0d2-466d-be89-af58aea6dc2c	17	45974558	46085732	89	-0.2586
586958fe-f0d2-466d-be89-af58aea6dc2c	17	46088437	46446360	128	-0.6821
586958fe-f0d2-466d-be89-af58aea6dc2c	17	46569894	83091923	21524	-0.3452
586958fe-f0d2-466d-be89-af58aea6dc2c	18	48133	78539	4	0.1311
586958fe-f0d2-466d-be89-af58aea6dc2c	18	85614	615394	406	-0.8034
586958fe-f0d2-466d-be89-af58aea6dc2c	18	615650	631994	12	-1.6102
586958fe-f0d2-466d-be89-af58aea6dc2c	18	632239	10471735	7253	-0.8081
586958fe-f0d2-466d-be89-af58aea6dc2c	18	10476824	15328077	2678	-0.6311
586958fe-f0d2-466d-be89-af58aea6dc2c	18	15347916	27380070	3865	-0.0863
586958fe-f0d2-466d-be89-af58aea6dc2c	18	27380087	44397278	10897	-0.1121
586958fe-f0d2-466d-be89-af58aea6dc2c	18	44397785	48965518	3220	-0.067
586958fe-f0d2-466d-be89-af58aea6dc2c	18	48968928	49101963	79	0.3378
586958fe-f0d2-466d-be89-af58aea6dc2c	18	49108384	52142894	2160	-0.0846
586958fe-f0d2-466d-be89-af58aea6dc2c	18	52145372	52146071	2	0.9853
586958fe-f0d2-466d-be89-af58aea6dc2c	18	52148786	52353872	164	-0.113
586958fe-f0d2-466d-be89-af58aea6dc2c	18	52354522	52354956	3	-1.0918
586958fe-f0d2-466d-be89-af58aea6dc2c	18	52355816	53997831	1136	-0.1239
586958fe-f0d2-466d-be89-af58aea6dc2c	18	53998472	54001998	4	-1.1921
586958fe-f0d2-466d-be89-af58aea6dc2c	18	54010077	66060256	8344	-0.1107
586958fe-f0d2-466d-be89-af58aea6dc2c	18	66060309	66061104	11	-1.6543
586958fe-f0d2-466d-be89-af58aea6dc2c	18	66065502	80257174	10421	-0.1281
586958fe-f0d2-466d-be89-af58aea6dc2c	19	90910	1846112	405	0.2522
586958fe-f0d2-466d-be89-af58aea6dc2c	19	1867913	19720735	8088	0.4751
586958fe-f0d2-466d-be89-af58aea6dc2c	19	19724944	19725867	2	-1.3952
586958fe-f0d2-466d-be89-af58aea6dc2c	19	19729959	21201635	859	0.4474
586958fe-f0d2-466d-be89-af58aea6dc2c	19	21206119	21219960	16	-0.4562
586958fe-f0d2-466d-be89-af58aea6dc2c	19	21223217	24278016	1758	0.484
586958fe-f0d2-466d-be89-af58aea6dc2c	19	24278618	24282155	9	-0.3469
586958fe-f0d2-466d-be89-af58aea6dc2c	19	24304880	27690019	80	0.5038
586958fe-f0d2-466d-be89-af58aea6dc2c	19	27703853	27707531	8	0.0492
586958fe-f0d2-466d-be89-af58aea6dc2c	19	27718103	27844816	68	0.4847
586958fe-f0d2-466d-be89-af58aea6dc2c	19	27845337	33831232	4379	0.5543
586958fe-f0d2-466d-be89-af58aea6dc2c	19	33831754	50855858	8544	0.4629
586958fe-f0d2-466d-be89-af58aea6dc2c	19	50858501	51663702	574	0.5406
586958fe-f0d2-466d-be89-af58aea6dc2c	19	51664653	53401002	1194	0.4446
586958fe-f0d2-466d-be89-af58aea6dc2c	19	53401199	54097801	443	0.3648
586958fe-f0d2-466d-be89-af58aea6dc2c	19	54097903	54993840	465	0.493
586958fe-f0d2-466d-be89-af58aea6dc2c	19	54997337	54998320	3	-0.6461
586958fe-f0d2-466d-be89-af58aea6dc2c	19	54998497	58586487	2202	0.4772
586958fe-f0d2-466d-be89-af58aea6dc2c	20	80664	961022	702	-0.3603
586958fe-f0d2-466d-be89-af58aea6dc2c	20	965819	965855	2	-2.5411
586958fe-f0d2-466d-be89-af58aea6dc2c	20	966371	1571811	475	-0.3291
586958fe-f0d2-466d-be89-af58aea6dc2c	20	1576544	1580353	21	-2.0135
586958fe-f0d2-466d-be89-af58aea6dc2c	20	1580934	1601561	36	-0.0313
586958fe-f0d2-466d-be89-af58aea6dc2c	20	1609611	1617300	6	1.0592
586958fe-f0d2-466d-be89-af58aea6dc2c	20	1617460	14952250	10064	-0.3318
586958fe-f0d2-466d-be89-af58aea6dc2c	20	14958974	15265826	254	-3.987
586958fe-f0d2-466d-be89-af58aea6dc2c	20	15265858	15374061	97	-2.7035
586958fe-f0d2-466d-be89-af58aea6dc2c	20	15374920	15847285	464	-4.3664
586958fe-f0d2-466d-be89-af58aea6dc2c	20	15849202	62165306	29303	-0.3103
586958fe-f0d2-466d-be89-af58aea6dc2c	20	62166337	62167717	3	-1.9758
586958fe-f0d2-466d-be89-af58aea6dc2c	20	62168137	63357759	489	-0.3517
586958fe-f0d2-466d-be89-af58aea6dc2c	20	63368803	64284715	371	-0.4654
586958fe-f0d2-466d-be89-af58aea6dc2c	20	64323342	64324800	5	-1.738
586958fe-f0d2-466d-be89-af58aea6dc2c	21	10354168	10512663	21	-0.2985
586958fe-f0d2-466d-be89-af58aea6dc2c	21	10512698	13455076	209	-0.8385
586958fe-f0d2-466d-be89-af58aea6dc2c	21	13455838	16738711	1983	-0.3485
586958fe-f0d2-466d-be89-af58aea6dc2c	21	16740643	16742039	5	-2.0392
586958fe-f0d2-466d-be89-af58aea6dc2c	21	16742787	17549324	490	-0.37
586958fe-f0d2-466d-be89-af58aea6dc2c	21	17549420	17549503	2	-2.0108
586958fe-f0d2-466d-be89-af58aea6dc2c	21	17554543	20273889	2006	-0.3631
586958fe-f0d2-466d-be89-af58aea6dc2c	21	20275133	20287116	8	-1.1112
586958fe-f0d2-466d-be89-af58aea6dc2c	21	20287225	23147030	2223	-0.3674
586958fe-f0d2-466d-be89-af58aea6dc2c	21	23147032	23147033	2	0.9745
586958fe-f0d2-466d-be89-af58aea6dc2c	21	23148780	27448105	3389	-0.3683
586958fe-f0d2-466d-be89-af58aea6dc2c	21	27448355	27448539	3	-1.3973
586958fe-f0d2-466d-be89-af58aea6dc2c	21	27448655	27678527	164	-0.3847
586958fe-f0d2-466d-be89-af58aea6dc2c	21	27679454	27685409	3	-2.2309
586958fe-f0d2-466d-be89-af58aea6dc2c	21	27689101	37456137	6737	-0.3486
586958fe-f0d2-466d-be89-af58aea6dc2c	21	37457183	38731969	1176	-0.3155
586958fe-f0d2-466d-be89-af58aea6dc2c	21	38732027	38773183	32	-0.6668
586958fe-f0d2-466d-be89-af58aea6dc2c	21	38773718	42257517	3025	-0.3113
586958fe-f0d2-466d-be89-af58aea6dc2c	21	42262828	45419710	1611	-0.374
586958fe-f0d2-466d-be89-af58aea6dc2c	21	45419989	45624835	104	-0.6346
586958fe-f0d2-466d-be89-af58aea6dc2c	21	45626706	46677045	618	-0.3772
586958fe-f0d2-466d-be89-af58aea6dc2c	22	15294547	23888961	4322	-0.3541
586958fe-f0d2-466d-be89-af58aea6dc2c	22	23890688	24064505	124	0.2333
586958fe-f0d2-466d-be89-af58aea6dc2c	22	24069282	24685371	302	-0.3685
586958fe-f0d2-466d-be89-af58aea6dc2c	22	24686148	24686567	3	-1.5771
586958fe-f0d2-466d-be89-af58aea6dc2c	22	24691707	28840778	3557	-0.3049
586958fe-f0d2-466d-be89-af58aea6dc2c	22	28841175	28911170	50	-2.4863
586958fe-f0d2-466d-be89-af58aea6dc2c	22	28919846	28930615	14	-5.2928
586958fe-f0d2-466d-be89-af58aea6dc2c	22	28931919	28964309	24	-2.2786
586958fe-f0d2-466d-be89-af58aea6dc2c	22	28967356	32492133	2080	-0.3541
586958fe-f0d2-466d-be89-af58aea6dc2c	22	32495001	32507259	3	-1.4589
586958fe-f0d2-466d-be89-af58aea6dc2c	22	32508551	33777419	1150	-0.3078
586958fe-f0d2-466d-be89-af58aea6dc2c	22	33778960	33778998	4	-2.543
586958fe-f0d2-466d-be89-af58aea6dc2c	22	33785435	35178108	1333	-0.3115
586958fe-f0d2-466d-be89-af58aea6dc2c	22	35178381	38954034	2253	-0.3739
586958fe-f0d2-466d-be89-af58aea6dc2c	22	38954217	38993746	29	-0.2022
586958fe-f0d2-466d-be89-af58aea6dc2c	22	38998389	39003307	9	0.3632
586958fe-f0d2-466d-be89-af58aea6dc2c	22	39007789	40397256	682	-0.3696
586958fe-f0d2-466d-be89-af58aea6dc2c	22	40398586	40398816	2	-2.8893
586958fe-f0d2-466d-be89-af58aea6dc2c	22	40401668	48982081	6153	-0.3464
586958fe-f0d2-466d-be89-af58aea6dc2c	22	48982443	50796027	1144	-0.4709
586958fe-f0d2-466d-be89-af58aea6dc2c	X	251810	5239830	1873	-0.0785
586958fe-f0d2-466d-be89-af58aea6dc2c	X	5240323	5275919	19	-0.487
586958fe-f0d2-466d-be89-af58aea6dc2c	X	5276573	14866549	7147	-0.0601
586958fe-f0d2-466d-be89-af58aea6dc2c	X	14869832	14907738	24	-0.4542
586958fe-f0d2-466d-be89-af58aea6dc2c	X	14912905	18447296	2103	-0.064
586958fe-f0d2-466d-be89-af58aea6dc2c	X	18447387	29345325	6735	0.0059
586958fe-f0d2-466d-be89-af58aea6dc2c	X	29347829	32410696	2085	-0.1441
586958fe-f0d2-466d-be89-af58aea6dc2c	X	32412309	32530849	86	-0.0051
586958fe-f0d2-466d-be89-af58aea6dc2c	X	32531232	32535532	5	0.5645
586958fe-f0d2-466d-be89-af58aea6dc2c	X	32535635	32753304	201	-0.0488
586958fe-f0d2-466d-be89-af58aea6dc2c	X	32753484	33318754	430	-0.1701
586958fe-f0d2-466d-be89-af58aea6dc2c	X	33322567	34000738	460	-0.0278
586958fe-f0d2-466d-be89-af58aea6dc2c	X	34001370	34349184	258	-0.1832
586958fe-f0d2-466d-be89-af58aea6dc2c	X	34349947	36934347	1525	0.1152
586958fe-f0d2-466d-be89-af58aea6dc2c	X	36935757	54223898	8470	0.1604
586958fe-f0d2-466d-be89-af58aea6dc2c	X	54228440	62864415	1990	0.114
586958fe-f0d2-466d-be89-af58aea6dc2c	X	62869210	78239072	6544	0.0069
586958fe-f0d2-466d-be89-af58aea6dc2c	X	78239463	94075163	8346	-0.0486
586958fe-f0d2-466d-be89-af58aea6dc2c	X	94075841	107867059	7360	-0.0077
586958fe-f0d2-466d-be89-af58aea6dc2c	X	107867912	107868802	2	-1.5678
586958fe-f0d2-466d-be89-af58aea6dc2c	X	107873582	128031435	11614	-0.0011
586958fe-f0d2-466d-be89-af58aea6dc2c	X	128037633	140726664	7014	0.0221
586958fe-f0d2-466d-be89-af58aea6dc2c	X	140728526	147300610	4438	-0.0132
586958fe-f0d2-466d-be89-af58aea6dc2c	X	147303543	147536055	192	-0.1525
586958fe-f0d2-466d-be89-af58aea6dc2c	X	147537056	151076628	2247	0.0401
586958fe-f0d2-466d-be89-af58aea6dc2c	X	151078224	151079141	2	-2.071
586958fe-f0d2-466d-be89-af58aea6dc2c	X	151080512	151124426	28	-0.1259
586958fe-f0d2-466d-be89-af58aea6dc2c	X	151125462	151126987	2	-3.1809
586958fe-f0d2-466d-be89-af58aea6dc2c	X	151128083	155952689	2360	0.0298
586958fe-f0d2-466d-be89-af58aea6dc2c	Y	2782397	3106791	146	-2.8827
586958fe-f0d2-466d-be89-af58aea6dc2c	Y	3106917	6064433	569	-2.3971
586958fe-f0d2-466d-be89-af58aea6dc2c	Y	6071948	9330531	1511	-3.0234
586958fe-f0d2-466d-be89-af58aea6dc2c	Y	9332936	9554275	25	-4.4607
586958fe-f0d2-466d-be89-af58aea6dc2c	Y	9554586	13478396	1012	-2.9251
586958fe-f0d2-466d-be89-af58aea6dc2c	Y	13478462	13482643	3	-7.6945
586958fe-f0d2-466d-be89-af58aea6dc2c	Y	13483009	56872112	3372	-3.0005
