GDC_Aliquot	Chromosome	Start	End	Num_Probes	Segment_Mean
2da37d3b-1621-4e31-8bd6-cfa1e716750c	1	62920	965731	65	0.1097
2da37d3b-1621-4e31-8bd6-cfa1e716750c	1	968658	3128413	593	-0.1663
2da37d3b-1621-4e31-8bd6-cfa1e716750c	1	3130688	16617327	7983	-0.0067
2da37d3b-1621-4e31-8bd6-cfa1e716750c	1	16627347	16643961	19	-0.3994
2da37d3b-1621-4e31-8bd6-cfa1e716750c	1	16679239	25256850	5332	-0.0047
2da37d3b-1621-4e31-8bd6-cfa1e716750c	1	25266637	25320198	22	-1.8988
2da37d3b-1621-4e31-8bd6-cfa1e716750c	1	25320253	25320455	2	-0.8014
2da37d3b-1621-4e31-8bd6-cfa1e716750c	1	25336819	72284670	28667	-0.001
2da37d3b-1621-4e31-8bd6-cfa1e716750c	1	72290430	72297687	9	-1.1054
2da37d3b-1621-4e31-8bd6-cfa1e716750c	1	72302735	72345465	48	1.1824
2da37d3b-1621-4e31-8bd6-cfa1e716750c	1	72346221	75585159	1930	0.0034
2da37d3b-1621-4e31-8bd6-cfa1e716750c	1	75589078	75589169	2	-2.3759
2da37d3b-1621-4e31-8bd6-cfa1e716750c	1	75593824	103616762	18065	0.0008
2da37d3b-1621-4e31-8bd6-cfa1e716750c	1	103620877	103760781	7	0.9827
2da37d3b-1621-4e31-8bd6-cfa1e716750c	1	103760879	105628819	1055	0.0221
2da37d3b-1621-4e31-8bd6-cfa1e716750c	1	105632732	105669056	21	0.383
2da37d3b-1621-4e31-8bd6-cfa1e716750c	1	105669223	109690431	2489	0.008
2da37d3b-1621-4e31-8bd6-cfa1e716750c	1	109690640	109697556	10	1.0093
2da37d3b-1621-4e31-8bd6-cfa1e716750c	1	109702376	111769532	1575	-0.0072
2da37d3b-1621-4e31-8bd6-cfa1e716750c	1	111769589	111769929	3	1.3217
2da37d3b-1621-4e31-8bd6-cfa1e716750c	1	111770456	112147704	362	-0.0025
2da37d3b-1621-4e31-8bd6-cfa1e716750c	1	112153343	112154591	22	0.6359
2da37d3b-1621-4e31-8bd6-cfa1e716750c	1	112154619	121545598	5130	-0.0032
2da37d3b-1621-4e31-8bd6-cfa1e716750c	1	121547204	143619868	66	0.2238
2da37d3b-1621-4e31-8bd6-cfa1e716750c	1	143619968	152583051	2395	-0.0215
2da37d3b-1621-4e31-8bd6-cfa1e716750c	1	152583230	152614064	33	-1.9806
2da37d3b-1621-4e31-8bd6-cfa1e716750c	1	152614100	152789447	168	0.0273
2da37d3b-1621-4e31-8bd6-cfa1e716750c	1	152789463	152796224	36	-0.4966
2da37d3b-1621-4e31-8bd6-cfa1e716750c	1	152801429	169247699	11249	-0.0036
2da37d3b-1621-4e31-8bd6-cfa1e716750c	1	169264736	169269493	5	-3.3262
2da37d3b-1621-4e31-8bd6-cfa1e716750c	1	169269507	193186662	15750	0.001
2da37d3b-1621-4e31-8bd6-cfa1e716750c	1	193187149	193187218	4	-1.1519
2da37d3b-1621-4e31-8bd6-cfa1e716750c	1	193190593	196745743	2393	0.0159
2da37d3b-1621-4e31-8bd6-cfa1e716750c	1	196758720	196762956	4	1.1096
2da37d3b-1621-4e31-8bd6-cfa1e716750c	1	196769493	196843377	55	0.1994
2da37d3b-1621-4e31-8bd6-cfa1e716750c	1	196843400	196846661	2	-1.7827
2da37d3b-1621-4e31-8bd6-cfa1e716750c	1	196847600	222193326	17339	0.0002
2da37d3b-1621-4e31-8bd6-cfa1e716750c	1	222201492	222203662	2	-3.5625
2da37d3b-1621-4e31-8bd6-cfa1e716750c	1	222208792	229675422	4424	0.0013
2da37d3b-1621-4e31-8bd6-cfa1e716750c	1	229681109	229684449	3	-3.3909
2da37d3b-1621-4e31-8bd6-cfa1e716750c	1	229684709	248436996	13746	-0.0053
2da37d3b-1621-4e31-8bd6-cfa1e716750c	1	248437495	248473963	13	0.7937
2da37d3b-1621-4e31-8bd6-cfa1e716750c	1	248475325	248574146	17	0.0621
2da37d3b-1621-4e31-8bd6-cfa1e716750c	1	248585893	248645808	34	-2.6616
2da37d3b-1621-4e31-8bd6-cfa1e716750c	1	248646068	248930189	138	-0.0078
2da37d3b-1621-4e31-8bd6-cfa1e716750c	2	12784	776693	541	0.036
2da37d3b-1621-4e31-8bd6-cfa1e716750c	2	777471	778704	2	-1.7082
2da37d3b-1621-4e31-8bd6-cfa1e716750c	2	784780	3680971	2020	-0.0047
2da37d3b-1621-4e31-8bd6-cfa1e716750c	2	3684956	3688948	5	-1.063
2da37d3b-1621-4e31-8bd6-cfa1e716750c	2	3694481	4168830	416	0.0274
2da37d3b-1621-4e31-8bd6-cfa1e716750c	2	4168862	4176429	38	0.2912
2da37d3b-1621-4e31-8bd6-cfa1e716750c	2	4182472	20617733	12520	0.0096
2da37d3b-1621-4e31-8bd6-cfa1e716750c	2	20618017	20618052	2	-1.4562
2da37d3b-1621-4e31-8bd6-cfa1e716750c	2	20623459	34476516	8503	0.003
2da37d3b-1621-4e31-8bd6-cfa1e716750c	2	34476558	34511990	43	0.5068
2da37d3b-1621-4e31-8bd6-cfa1e716750c	2	34512096	34840619	233	0.0098
2da37d3b-1621-4e31-8bd6-cfa1e716750c	2	34841092	34842678	3	-1.3436
2da37d3b-1621-4e31-8bd6-cfa1e716750c	2	34847508	35750907	634	0.0186
2da37d3b-1621-4e31-8bd6-cfa1e716750c	2	35752724	35762850	6	0.9246
2da37d3b-1621-4e31-8bd6-cfa1e716750c	2	35762881	52527330	12104	0.0105
2da37d3b-1621-4e31-8bd6-cfa1e716750c	2	52527342	52554404	39	-2.6773
2da37d3b-1621-4e31-8bd6-cfa1e716750c	2	52560811	70791852	12036	0.0052
2da37d3b-1621-4e31-8bd6-cfa1e716750c	2	70791912	70793122	4	-1.325
2da37d3b-1621-4e31-8bd6-cfa1e716750c	2	70794604	97210040	11748	0.0119
2da37d3b-1621-4e31-8bd6-cfa1e716750c	2	97210463	97211436	5	-1.2346
2da37d3b-1621-4e31-8bd6-cfa1e716750c	2	97310327	97359885	13	0.1135
2da37d3b-1621-4e31-8bd6-cfa1e716750c	2	97524284	97545247	8	1.0233
2da37d3b-1621-4e31-8bd6-cfa1e716750c	2	97545726	127084661	17892	0.0098
2da37d3b-1621-4e31-8bd6-cfa1e716750c	2	127084748	127085913	6	-1.1317
2da37d3b-1621-4e31-8bd6-cfa1e716750c	2	127091296	146104517	11443	0.0073
2da37d3b-1621-4e31-8bd6-cfa1e716750c	2	146106836	146109366	24	1.0191
2da37d3b-1621-4e31-8bd6-cfa1e716750c	2	146120238	155095579	5476	0.0063
2da37d3b-1621-4e31-8bd6-cfa1e716750c	2	155096158	155096417	2	-2.2167
2da37d3b-1621-4e31-8bd6-cfa1e716750c	2	155099897	159102108	2284	-0.0008
2da37d3b-1621-4e31-8bd6-cfa1e716750c	2	159103831	159104461	2	-2.5452
2da37d3b-1621-4e31-8bd6-cfa1e716750c	2	159106775	181643337	14106	0.0046
2da37d3b-1621-4e31-8bd6-cfa1e716750c	2	181646854	181647129	2	-1.5068
2da37d3b-1621-4e31-8bd6-cfa1e716750c	2	181647952	183929073	1354	0.0192
2da37d3b-1621-4e31-8bd6-cfa1e716750c	2	183929124	183937714	18	-0.7597
2da37d3b-1621-4e31-8bd6-cfa1e716750c	2	183943862	206705079	13114	0.0087
2da37d3b-1621-4e31-8bd6-cfa1e716750c	2	206705398	206709843	2	-2.5606
2da37d3b-1621-4e31-8bd6-cfa1e716750c	2	206710220	242147305	22578	0.0042
2da37d3b-1621-4e31-8bd6-cfa1e716750c	3	20930	5084531	4528	0.0239
2da37d3b-1621-4e31-8bd6-cfa1e716750c	3	5086275	5094879	15	-0.5379
2da37d3b-1621-4e31-8bd6-cfa1e716750c	3	5096514	75372019	48030	0.0045
2da37d3b-1621-4e31-8bd6-cfa1e716750c	3	75377956	75571744	70	-0.8519
2da37d3b-1621-4e31-8bd6-cfa1e716750c	3	75589590	84650607	4974	0.0079
2da37d3b-1621-4e31-8bd6-cfa1e716750c	3	84650642	84653084	14	-0.5393
2da37d3b-1621-4e31-8bd6-cfa1e716750c	3	84653262	86267678	945	0.0298
2da37d3b-1621-4e31-8bd6-cfa1e716750c	3	86272595	86272950	2	-1.4462
2da37d3b-1621-4e31-8bd6-cfa1e716750c	3	86273663	98190281	4436	0.0118
2da37d3b-1621-4e31-8bd6-cfa1e716750c	3	98194581	98195973	2	-1.2158
2da37d3b-1621-4e31-8bd6-cfa1e716750c	3	98197104	99201783	579	0.0271
2da37d3b-1621-4e31-8bd6-cfa1e716750c	3	99202314	99232539	52	0.2737
2da37d3b-1621-4e31-8bd6-cfa1e716750c	3	99232990	130070692	18682	0.0017
2da37d3b-1621-4e31-8bd6-cfa1e716750c	3	130072326	130087393	23	-0.4887
2da37d3b-1621-4e31-8bd6-cfa1e716750c	3	130088081	143566276	8344	0.0001
2da37d3b-1621-4e31-8bd6-cfa1e716750c	3	143566923	143567132	5	-0.8956
2da37d3b-1621-4e31-8bd6-cfa1e716750c	3	143567959	162790480	11869	0.0095
2da37d3b-1621-4e31-8bd6-cfa1e716750c	3	162794869	162869490	43	0.4709
2da37d3b-1621-4e31-8bd6-cfa1e716750c	3	162869779	162908192	26	0.102
2da37d3b-1621-4e31-8bd6-cfa1e716750c	3	162908207	162908815	3	-2.1442
2da37d3b-1621-4e31-8bd6-cfa1e716750c	3	162910826	162996729	70	0.1518
2da37d3b-1621-4e31-8bd6-cfa1e716750c	3	162999939	163001774	2	-3.1761
2da37d3b-1621-4e31-8bd6-cfa1e716750c	3	163008371	183279463	12267	0.0147
2da37d3b-1621-4e31-8bd6-cfa1e716750c	3	183280193	184143962	484	-0.0977
2da37d3b-1621-4e31-8bd6-cfa1e716750c	3	184145917	193156958	6305	0.0041
2da37d3b-1621-4e31-8bd6-cfa1e716750c	3	193160113	193165114	20	-0.6404
2da37d3b-1621-4e31-8bd6-cfa1e716750c	3	193168646	194939881	1184	-0.0005
2da37d3b-1621-4e31-8bd6-cfa1e716750c	3	194941224	194948867	2	-1.6039
2da37d3b-1621-4e31-8bd6-cfa1e716750c	3	194952897	195558822	291	-0.008
2da37d3b-1621-4e31-8bd6-cfa1e716750c	3	195559056	195889554	94	-0.3513
2da37d3b-1621-4e31-8bd6-cfa1e716750c	3	195891785	198169247	1117	-0.039
2da37d3b-1621-4e31-8bd6-cfa1e716750c	4	68929	952665	337	-0.0362
2da37d3b-1621-4e31-8bd6-cfa1e716750c	4	953186	1058451	16	-0.5082
2da37d3b-1621-4e31-8bd6-cfa1e716750c	4	1058613	10222004	5338	0.0034
2da37d3b-1621-4e31-8bd6-cfa1e716750c	4	10222224	10229874	26	2.1804
2da37d3b-1621-4e31-8bd6-cfa1e716750c	4	10232590	18783500	6529	0.0032
2da37d3b-1621-4e31-8bd6-cfa1e716750c	4	18785401	18788753	8	-0.9134
2da37d3b-1621-4e31-8bd6-cfa1e716750c	4	18791803	20261145	875	-0.0048
2da37d3b-1621-4e31-8bd6-cfa1e716750c	4	20261435	20264679	4	-0.8777
2da37d3b-1621-4e31-8bd6-cfa1e716750c	4	20265034	34777432	9537	0.0058
2da37d3b-1621-4e31-8bd6-cfa1e716750c	4	34784878	34819718	36	-0.626
2da37d3b-1621-4e31-8bd6-cfa1e716750c	4	34822561	35234502	274	0.0242
2da37d3b-1621-4e31-8bd6-cfa1e716750c	4	35237997	35242243	5	-1.0015
2da37d3b-1621-4e31-8bd6-cfa1e716750c	4	35243095	39702577	3041	0.0054
2da37d3b-1621-4e31-8bd6-cfa1e716750c	4	39702789	39712189	9	-0.9113
2da37d3b-1621-4e31-8bd6-cfa1e716750c	4	39712559	49214614	5636	0.006
2da37d3b-1621-4e31-8bd6-cfa1e716750c	4	49289175	49289338	2	1.7469
2da37d3b-1621-4e31-8bd6-cfa1e716750c	4	49295203	61071220	6070	-0.0008
2da37d3b-1621-4e31-8bd6-cfa1e716750c	4	61075217	61076234	2	-1.3342
2da37d3b-1621-4e31-8bd6-cfa1e716750c	4	61079968	62802116	938	0.0062
2da37d3b-1621-4e31-8bd6-cfa1e716750c	4	62804218	62805944	8	-0.5944
2da37d3b-1621-4e31-8bd6-cfa1e716750c	4	62813912	63827261	551	0.0178
2da37d3b-1621-4e31-8bd6-cfa1e716750c	4	63828222	63842540	29	-0.2927
2da37d3b-1621-4e31-8bd6-cfa1e716750c	4	63850713	68389352	2849	0.0176
2da37d3b-1621-4e31-8bd6-cfa1e716750c	4	68391041	68395346	4	1.7326
2da37d3b-1621-4e31-8bd6-cfa1e716750c	4	68416487	68422424	5	0.328
2da37d3b-1621-4e31-8bd6-cfa1e716750c	4	68429081	68639397	78	-0.2447
2da37d3b-1621-4e31-8bd6-cfa1e716750c	4	68640616	114252544	27646	0.0055
2da37d3b-1621-4e31-8bd6-cfa1e716750c	4	114254167	114261019	23	-1.6224
2da37d3b-1621-4e31-8bd6-cfa1e716750c	4	114263073	137261279	13310	0.009
2da37d3b-1621-4e31-8bd6-cfa1e716750c	4	137261327	137269730	49	-0.797
2da37d3b-1621-4e31-8bd6-cfa1e716750c	4	137270816	147647840	6336	-0.0027
2da37d3b-1621-4e31-8bd6-cfa1e716750c	4	147651148	147655114	7	-1.014
2da37d3b-1621-4e31-8bd6-cfa1e716750c	4	147665339	148564636	580	-0.011
2da37d3b-1621-4e31-8bd6-cfa1e716750c	4	148565477	148572060	3	-1.8363
2da37d3b-1621-4e31-8bd6-cfa1e716750c	4	148572350	154881396	3700	-0.0027
2da37d3b-1621-4e31-8bd6-cfa1e716750c	4	154881853	154881926	3	1.1928
2da37d3b-1621-4e31-8bd6-cfa1e716750c	4	154882047	160113494	3267	0.0158
2da37d3b-1621-4e31-8bd6-cfa1e716750c	4	160113509	160142383	31	0.3089
2da37d3b-1621-4e31-8bd6-cfa1e716750c	4	160142406	160908560	565	0.0182
2da37d3b-1621-4e31-8bd6-cfa1e716750c	4	160910305	161011307	112	0.1731
2da37d3b-1621-4e31-8bd6-cfa1e716750c	4	161011424	179172552	11398	0.0089
2da37d3b-1621-4e31-8bd6-cfa1e716750c	4	179176834	179177184	2	-2.5938
2da37d3b-1621-4e31-8bd6-cfa1e716750c	4	179180768	190106768	7689	0.0024
2da37d3b-1621-4e31-8bd6-cfa1e716750c	5	15532	685633	305	-0.0648
2da37d3b-1621-4e31-8bd6-cfa1e716750c	5	698256	808932	32	1.0867
2da37d3b-1621-4e31-8bd6-cfa1e716750c	5	817735	21376735	15291	0.0066
2da37d3b-1621-4e31-8bd6-cfa1e716750c	5	21377730	21377744	2	-2.6042
2da37d3b-1621-4e31-8bd6-cfa1e716750c	5	21385957	35196186	8559	0.0082
2da37d3b-1621-4e31-8bd6-cfa1e716750c	5	35196328	35197268	2	-1.8792
2da37d3b-1621-4e31-8bd6-cfa1e716750c	5	35197921	45551321	6189	0.0024
2da37d3b-1621-4e31-8bd6-cfa1e716750c	5	45561621	45575034	3	1.1351
2da37d3b-1621-4e31-8bd6-cfa1e716750c	5	45578307	46191782	199	0.0072
2da37d3b-1621-4e31-8bd6-cfa1e716750c	5	46195781	46199333	4	-1.4775
2da37d3b-1621-4e31-8bd6-cfa1e716750c	5	46209197	46251204	13	0.1123
2da37d3b-1621-4e31-8bd6-cfa1e716750c	5	46270906	46273400	8	1.2257
2da37d3b-1621-4e31-8bd6-cfa1e716750c	5	46278110	58025819	5063	-0.0021
2da37d3b-1621-4e31-8bd6-cfa1e716750c	5	58030200	58037466	30	-0.4626
2da37d3b-1621-4e31-8bd6-cfa1e716750c	5	58037688	69571467	7290	0.0013
2da37d3b-1621-4e31-8bd6-cfa1e716750c	5	69779150	69822096	3	1.3852
2da37d3b-1621-4e31-8bd6-cfa1e716750c	5	69822308	78811959	4947	-0.0019
2da37d3b-1621-4e31-8bd6-cfa1e716750c	5	78812085	78819688	5	-1.1157
2da37d3b-1621-4e31-8bd6-cfa1e716750c	5	78821734	99296318	11532	0.0026
2da37d3b-1621-4e31-8bd6-cfa1e716750c	5	99299842	102227762	1757	0.0474
2da37d3b-1621-4e31-8bd6-cfa1e716750c	5	102228355	104515520	1264	0.0126
2da37d3b-1621-4e31-8bd6-cfa1e716750c	5	104524672	104524903	4	1.3056
2da37d3b-1621-4e31-8bd6-cfa1e716750c	5	104525348	152134610	30713	0.0029
2da37d3b-1621-4e31-8bd6-cfa1e716750c	5	152135825	152138790	14	-0.7895
2da37d3b-1621-4e31-8bd6-cfa1e716750c	5	152140710	181363319	19424	-0.004
2da37d3b-1621-4e31-8bd6-cfa1e716750c	6	149661	254283	101	-0.008
2da37d3b-1621-4e31-8bd6-cfa1e716750c	6	257353	294837	23	-0.9401
2da37d3b-1621-4e31-8bd6-cfa1e716750c	6	302306	767081	395	0.055
2da37d3b-1621-4e31-8bd6-cfa1e716750c	6	767453	830957	57	-0.2394
2da37d3b-1621-4e31-8bd6-cfa1e716750c	6	833041	19039888	14166	-0.0033
2da37d3b-1621-4e31-8bd6-cfa1e716750c	6	19041950	19042587	3	-4.3648
2da37d3b-1621-4e31-8bd6-cfa1e716750c	6	19044471	19044638	5	-1.0918
2da37d3b-1621-4e31-8bd6-cfa1e716750c	6	19044667	23057409	2924	0.0063
2da37d3b-1621-4e31-8bd6-cfa1e716750c	6	23060763	23064026	4	-1.1486
2da37d3b-1621-4e31-8bd6-cfa1e716750c	6	23067417	31318499	4609	-0.0007
2da37d3b-1621-4e31-8bd6-cfa1e716750c	6	31318528	31328674	10	-1.3622
2da37d3b-1621-4e31-8bd6-cfa1e716750c	6	31342147	32510338	507	-0.0657
2da37d3b-1621-4e31-8bd6-cfa1e716750c	6	32515192	32533522	7	1.4179
2da37d3b-1621-4e31-8bd6-cfa1e716750c	6	32540699	32658841	47	0.2147
2da37d3b-1621-4e31-8bd6-cfa1e716750c	6	32682835	32754977	70	-0.012
2da37d3b-1621-4e31-8bd6-cfa1e716750c	6	32762044	32762235	2	-1.423
2da37d3b-1621-4e31-8bd6-cfa1e716750c	6	32762309	33966898	717	0.005
2da37d3b-1621-4e31-8bd6-cfa1e716750c	6	33969659	33970222	9	0.7119
2da37d3b-1621-4e31-8bd6-cfa1e716750c	6	33970966	33974928	7	-2.6417
2da37d3b-1621-4e31-8bd6-cfa1e716750c	6	33976809	54066269	12865	0.0016
2da37d3b-1621-4e31-8bd6-cfa1e716750c	6	54066286	54067057	8	-1.3548
2da37d3b-1621-4e31-8bd6-cfa1e716750c	6	54070550	64627049	4220	0.0164
2da37d3b-1621-4e31-8bd6-cfa1e716750c	6	64637651	64639099	2	1.6342
2da37d3b-1621-4e31-8bd6-cfa1e716750c	6	64640883	73882142	6151	0.0094
2da37d3b-1621-4e31-8bd6-cfa1e716750c	6	73882509	73891694	10	0.8887
2da37d3b-1621-4e31-8bd6-cfa1e716750c	6	73893839	76708370	1750	0.0013
2da37d3b-1621-4e31-8bd6-cfa1e716750c	6	76708490	76759379	45	0.3415
2da37d3b-1621-4e31-8bd6-cfa1e716750c	6	76760534	78261995	973	0.0184
2da37d3b-1621-4e31-8bd6-cfa1e716750c	6	78262064	78325468	108	-0.4239
2da37d3b-1621-4e31-8bd6-cfa1e716750c	6	78329517	80564441	1419	0.0085
2da37d3b-1621-4e31-8bd6-cfa1e716750c	6	80564619	80592043	61	0.2098
2da37d3b-1621-4e31-8bd6-cfa1e716750c	6	80592102	93827537	8451	0.0049
2da37d3b-1621-4e31-8bd6-cfa1e716750c	6	93828978	94672150	560	0.0882
2da37d3b-1621-4e31-8bd6-cfa1e716750c	6	94679572	96710616	990	0.0032
2da37d3b-1621-4e31-8bd6-cfa1e716750c	6	96713334	96723230	7	-1.0209
2da37d3b-1621-4e31-8bd6-cfa1e716750c	6	96725218	99833879	1961	0.0023
2da37d3b-1621-4e31-8bd6-cfa1e716750c	6	99839212	99839369	2	-1.4807
2da37d3b-1621-4e31-8bd6-cfa1e716750c	6	99843632	103286954	2004	0.012
2da37d3b-1621-4e31-8bd6-cfa1e716750c	6	103290101	103314186	46	0.7892
2da37d3b-1621-4e31-8bd6-cfa1e716750c	6	103317795	133945130	19029	0.0029
2da37d3b-1621-4e31-8bd6-cfa1e716750c	6	133947933	133948494	2	1.7114
2da37d3b-1621-4e31-8bd6-cfa1e716750c	6	133950934	170741917	25047	0.0004
2da37d3b-1621-4e31-8bd6-cfa1e716750c	7	43355	3074725	1164	-0.0215
2da37d3b-1621-4e31-8bd6-cfa1e716750c	7	3077494	3078253	4	-1.1546
2da37d3b-1621-4e31-8bd6-cfa1e716750c	7	3078664	5740498	1809	-0.0037
2da37d3b-1621-4e31-8bd6-cfa1e716750c	7	5743849	5964274	90	-0.2827
2da37d3b-1621-4e31-8bd6-cfa1e716750c	7	5986976	38254500	24260	0.0053
2da37d3b-1621-4e31-8bd6-cfa1e716750c	7	38255395	38356875	124	-0.625
2da37d3b-1621-4e31-8bd6-cfa1e716750c	7	38361356	53145660	10116	0.0037
2da37d3b-1621-4e31-8bd6-cfa1e716750c	7	53146318	53155021	13	-0.8404
2da37d3b-1621-4e31-8bd6-cfa1e716750c	7	53156532	54305455	841	0.016
2da37d3b-1621-4e31-8bd6-cfa1e716750c	7	54318812	54318824	6	-2.1626
2da37d3b-1621-4e31-8bd6-cfa1e716750c	7	54325795	67225584	3746	-0.0134
2da37d3b-1621-4e31-8bd6-cfa1e716750c	7	67230121	67233947	2	-1.9991
2da37d3b-1621-4e31-8bd6-cfa1e716750c	7	67234797	88637346	12180	0.0056
2da37d3b-1621-4e31-8bd6-cfa1e716750c	7	88639524	90227031	1060	0.0765
2da37d3b-1621-4e31-8bd6-cfa1e716750c	7	90227274	97756658	4804	-0.0035
2da37d3b-1621-4e31-8bd6-cfa1e716750c	7	97766148	97773163	16	0.4666
2da37d3b-1621-4e31-8bd6-cfa1e716750c	7	97774928	101320594	1509	0.0052
2da37d3b-1621-4e31-8bd6-cfa1e716750c	7	101322320	101494033	77	-0.2282
2da37d3b-1621-4e31-8bd6-cfa1e716750c	7	101498586	109793741	5001	-0.0009
2da37d3b-1621-4e31-8bd6-cfa1e716750c	7	109797035	109813853	35	0.6327
2da37d3b-1621-4e31-8bd6-cfa1e716750c	7	109813925	111302818	999	0.0053
2da37d3b-1621-4e31-8bd6-cfa1e716750c	7	111303176	111430033	98	0.1867
2da37d3b-1621-4e31-8bd6-cfa1e716750c	7	111434898	134102334	13637	0.0055
2da37d3b-1621-4e31-8bd6-cfa1e716750c	7	134104128	134111088	13	-0.5313
2da37d3b-1621-4e31-8bd6-cfa1e716750c	7	134113300	142063324	5191	0.0058
2da37d3b-1621-4e31-8bd6-cfa1e716750c	7	142069843	142092108	33	0.4715
2da37d3b-1621-4e31-8bd6-cfa1e716750c	7	142092307	142666749	371	-0.0097
2da37d3b-1621-4e31-8bd6-cfa1e716750c	7	142667664	142785841	75	-0.4816
2da37d3b-1621-4e31-8bd6-cfa1e716750c	7	142801993	144176284	753	-0.0003
2da37d3b-1621-4e31-8bd6-cfa1e716750c	7	144176859	144352208	17	0.8131
2da37d3b-1621-4e31-8bd6-cfa1e716750c	7	144377836	159334314	9627	0.0069
2da37d3b-1621-4e31-8bd6-cfa1e716750c	8	81254	644944	322	0.0155
2da37d3b-1621-4e31-8bd6-cfa1e716750c	8	644973	645875	7	0.7254
2da37d3b-1621-4e31-8bd6-cfa1e716750c	8	645892	645908	2	4.6373
2da37d3b-1621-4e31-8bd6-cfa1e716750c	8	656117	2490791	1361	-0.0357
2da37d3b-1621-4e31-8bd6-cfa1e716750c	8	2492800	5695509	4237	0.0337
2da37d3b-1621-4e31-8bd6-cfa1e716750c	8	5695545	5695578	2	-1.7464
2da37d3b-1621-4e31-8bd6-cfa1e716750c	8	5695613	6178474	636	0.0397
2da37d3b-1621-4e31-8bd6-cfa1e716750c	8	6178493	12788880	4574	-0.0147
2da37d3b-1621-4e31-8bd6-cfa1e716750c	8	12791219	12795017	4	-1.5905
2da37d3b-1621-4e31-8bd6-cfa1e716750c	8	12796024	16404726	3411	0.0057
2da37d3b-1621-4e31-8bd6-cfa1e716750c	8	16404738	16417152	27	-2.4584
2da37d3b-1621-4e31-8bd6-cfa1e716750c	8	16421186	84345736	41747	0.0012
2da37d3b-1621-4e31-8bd6-cfa1e716750c	8	84345754	84358457	22	-0.7174
2da37d3b-1621-4e31-8bd6-cfa1e716750c	8	84358566	111282237	16084	0.0006
2da37d3b-1621-4e31-8bd6-cfa1e716750c	8	111282417	111283031	7	-0.978
2da37d3b-1621-4e31-8bd6-cfa1e716750c	8	111288052	141564862	21416	0.0049
2da37d3b-1621-4e31-8bd6-cfa1e716750c	8	141565045	141566354	3	-2.3013
2da37d3b-1621-4e31-8bd6-cfa1e716750c	8	141566973	145072769	1446	-0.0521
2da37d3b-1621-4e31-8bd6-cfa1e716750c	9	46587	61405110	31326	0.0045
2da37d3b-1621-4e31-8bd6-cfa1e716750c	9	61520021	61668104	32	-1.2358
2da37d3b-1621-4e31-8bd6-cfa1e716750c	9	61680289	72064538	3012	-0.0037
2da37d3b-1621-4e31-8bd6-cfa1e716750c	9	72065355	72068141	5	-1.5367
2da37d3b-1621-4e31-8bd6-cfa1e716750c	9	72068168	87638138	11111	-0.0064
2da37d3b-1621-4e31-8bd6-cfa1e716750c	9	87638614	87638655	2	-1.7371
2da37d3b-1621-4e31-8bd6-cfa1e716750c	9	87640052	91618255	2886	-0.0009
2da37d3b-1621-4e31-8bd6-cfa1e716750c	9	91618855	91619279	2	-1.2904
2da37d3b-1621-4e31-8bd6-cfa1e716750c	9	91624464	92522700	539	0.0007
2da37d3b-1621-4e31-8bd6-cfa1e716750c	9	92529627	92530629	3	-1.4051
2da37d3b-1621-4e31-8bd6-cfa1e716750c	9	92531038	110262162	12460	0.0001
2da37d3b-1621-4e31-8bd6-cfa1e716750c	9	110262509	110264442	2	-1.4308
2da37d3b-1621-4e31-8bd6-cfa1e716750c	9	110265889	138200944	17967	-0.0043
2da37d3b-1621-4e31-8bd6-cfa1e716750c	10	45792	24086334	19160	-0.0018
2da37d3b-1621-4e31-8bd6-cfa1e716750c	10	24088745	24088751	6	-2.1656
2da37d3b-1621-4e31-8bd6-cfa1e716750c	10	24088753	46898735	12483	-0.0042
2da37d3b-1621-4e31-8bd6-cfa1e716750c	10	46901552	46967412	2	-1.678
2da37d3b-1621-4e31-8bd6-cfa1e716750c	10	47002596	55420393	5596	0.0115
2da37d3b-1621-4e31-8bd6-cfa1e716750c	10	55420481	55420557	3	-1.788
2da37d3b-1621-4e31-8bd6-cfa1e716750c	10	55420561	56752192	911	0.0155
2da37d3b-1621-4e31-8bd6-cfa1e716750c	10	56752685	56763737	30	0.4261
2da37d3b-1621-4e31-8bd6-cfa1e716750c	10	56763973	65546518	6113	0.0035
2da37d3b-1621-4e31-8bd6-cfa1e716750c	10	65548165	65554672	27	0.6251
2da37d3b-1621-4e31-8bd6-cfa1e716750c	10	65554688	130749698	44353	0.0016
2da37d3b-1621-4e31-8bd6-cfa1e716750c	10	130750781	130750943	2	-1.5893
2da37d3b-1621-4e31-8bd6-cfa1e716750c	10	130754182	133654968	1754	-0.0082
2da37d3b-1621-4e31-8bd6-cfa1e716750c	11	198510	283963	54	-0.0829
2da37d3b-1621-4e31-8bd6-cfa1e716750c	11	285920	404317	37	-0.3442
2da37d3b-1621-4e31-8bd6-cfa1e716750c	11	427771	5766175	3132	-0.0052
2da37d3b-1621-4e31-8bd6-cfa1e716750c	11	5766850	5787909	32	0.5969
2da37d3b-1621-4e31-8bd6-cfa1e716750c	11	5788108	6086560	240	-0.0067
2da37d3b-1621-4e31-8bd6-cfa1e716750c	11	6087039	6100864	8	-1.2027
2da37d3b-1621-4e31-8bd6-cfa1e716750c	11	6101273	55595864	30901	0.0005
2da37d3b-1621-4e31-8bd6-cfa1e716750c	11	55606556	55674842	48	-1.9349
2da37d3b-1621-4e31-8bd6-cfa1e716750c	11	55676735	55677818	4	0.451
2da37d3b-1621-4e31-8bd6-cfa1e716750c	11	55678469	55685533	7	-2.3023
2da37d3b-1621-4e31-8bd6-cfa1e716750c	11	55686100	64817543	5114	-0.0001
2da37d3b-1621-4e31-8bd6-cfa1e716750c	11	64825254	65877796	397	-0.1497
2da37d3b-1621-4e31-8bd6-cfa1e716750c	11	65880247	81792950	9022	0.0003
2da37d3b-1621-4e31-8bd6-cfa1e716750c	11	81794421	81806116	9	-4.8403
2da37d3b-1621-4e31-8bd6-cfa1e716750c	11	81811590	101796971	14018	0.0046
2da37d3b-1621-4e31-8bd6-cfa1e716750c	11	101797335	101797599	2	-1.6898
2da37d3b-1621-4e31-8bd6-cfa1e716750c	11	101798089	134388248	23061	0.0009
2da37d3b-1621-4e31-8bd6-cfa1e716750c	11	134388306	134394261	4	-1.1757
2da37d3b-1621-4e31-8bd6-cfa1e716750c	11	134396901	135074876	551	0.0285
2da37d3b-1621-4e31-8bd6-cfa1e716750c	12	51460	446334	214	-0.018
2da37d3b-1621-4e31-8bd6-cfa1e716750c	12	448853	759943	199	-0.1797
2da37d3b-1621-4e31-8bd6-cfa1e716750c	12	760032	33141726	22329	-0.0055
2da37d3b-1621-4e31-8bd6-cfa1e716750c	12	33148472	33155426	28	-0.6856
2da37d3b-1621-4e31-8bd6-cfa1e716750c	12	33155453	34282074	676	0.0209
2da37d3b-1621-4e31-8bd6-cfa1e716750c	12	34286943	34629000	104	-0.1787
2da37d3b-1621-4e31-8bd6-cfa1e716750c	12	34629712	38185217	186	-0.0125
2da37d3b-1621-4e31-8bd6-cfa1e716750c	12	38186114	38744670	345	0.1132
2da37d3b-1621-4e31-8bd6-cfa1e716750c	12	38756799	42850052	2663	0.0011
2da37d3b-1621-4e31-8bd6-cfa1e716750c	12	42850119	42854314	3	-1.082
2da37d3b-1621-4e31-8bd6-cfa1e716750c	12	42855067	45510655	1601	0.0212
2da37d3b-1621-4e31-8bd6-cfa1e716750c	12	45512057	45515754	3	1.2085
2da37d3b-1621-4e31-8bd6-cfa1e716750c	12	45519509	52530197	3952	0.0056
2da37d3b-1621-4e31-8bd6-cfa1e716750c	12	52531472	52531875	3	-1.3909
2da37d3b-1621-4e31-8bd6-cfa1e716750c	12	52532185	60478823	4710	-0.0039
2da37d3b-1621-4e31-8bd6-cfa1e716750c	12	60480818	60483567	6	-0.9294
2da37d3b-1621-4e31-8bd6-cfa1e716750c	12	60486777	61394262	512	0.0141
2da37d3b-1621-4e31-8bd6-cfa1e716750c	12	61394362	61394393	2	1.3255
2da37d3b-1621-4e31-8bd6-cfa1e716750c	12	61394553	61880090	310	-0.0014
2da37d3b-1621-4e31-8bd6-cfa1e716750c	12	61882031	61885198	9	-1.3454
2da37d3b-1621-4e31-8bd6-cfa1e716750c	12	61885690	132200695	46497	0.0005
2da37d3b-1621-4e31-8bd6-cfa1e716750c	12	132203592	133201603	337	-0.1233
2da37d3b-1621-4e31-8bd6-cfa1e716750c	13	18452809	19764461	631	-0.0015
2da37d3b-1621-4e31-8bd6-cfa1e716750c	13	19764952	19933256	83	-0.2041
2da37d3b-1621-4e31-8bd6-cfa1e716750c	13	19933817	34161271	10490	-0.0051
2da37d3b-1621-4e31-8bd6-cfa1e716750c	13	34161505	34162806	5	-0.9325
2da37d3b-1621-4e31-8bd6-cfa1e716750c	13	34165392	37496998	2233	0.0024
2da37d3b-1621-4e31-8bd6-cfa1e716750c	13	37497899	37510620	16	0.7914
2da37d3b-1621-4e31-8bd6-cfa1e716750c	13	37514193	50344529	8647	-0.002
2da37d3b-1621-4e31-8bd6-cfa1e716750c	13	50344909	50345520	2	-1.6773
2da37d3b-1621-4e31-8bd6-cfa1e716750c	13	50347810	57094119	3805	0.003
2da37d3b-1621-4e31-8bd6-cfa1e716750c	13	57095537	57361814	174	0.156
2da37d3b-1621-4e31-8bd6-cfa1e716750c	13	57370062	58010656	314	0.0092
2da37d3b-1621-4e31-8bd6-cfa1e716750c	13	58016147	58022896	6	-1.0153
2da37d3b-1621-4e31-8bd6-cfa1e716750c	13	58027918	68668123	6457	0.0088
2da37d3b-1621-4e31-8bd6-cfa1e716750c	13	68674167	68694110	38	-0.8024
2da37d3b-1621-4e31-8bd6-cfa1e716750c	13	68694987	70160420	950	0.0248
2da37d3b-1621-4e31-8bd6-cfa1e716750c	13	70161932	70198763	48	-0.8865
2da37d3b-1621-4e31-8bd6-cfa1e716750c	13	70201639	71902850	1064	-0.0005
2da37d3b-1621-4e31-8bd6-cfa1e716750c	13	71903417	71906418	3	1.6918
2da37d3b-1621-4e31-8bd6-cfa1e716750c	13	71906467	78137861	4436	-0.002
2da37d3b-1621-4e31-8bd6-cfa1e716750c	13	78140723	78141265	3	-1.3158
2da37d3b-1621-4e31-8bd6-cfa1e716750c	13	78141889	78751603	452	-0.0095
2da37d3b-1621-4e31-8bd6-cfa1e716750c	13	78755364	78755759	2	-2.294
2da37d3b-1621-4e31-8bd6-cfa1e716750c	13	78755958	113934849	23977	0.0054
2da37d3b-1621-4e31-8bd6-cfa1e716750c	13	113936214	114075244	36	-0.3101
2da37d3b-1621-4e31-8bd6-cfa1e716750c	13	114078375	114342922	118	-0.0267
2da37d3b-1621-4e31-8bd6-cfa1e716750c	14	18239283	19298389	48	0.0958
2da37d3b-1621-4e31-8bd6-cfa1e716750c	14	19326853	19957701	122	-0.3643
2da37d3b-1621-4e31-8bd6-cfa1e716750c	14	19957752	21980315	1392	-0.0218
2da37d3b-1621-4e31-8bd6-cfa1e716750c	14	21981850	22173780	176	-0.4393
2da37d3b-1621-4e31-8bd6-cfa1e716750c	14	22175815	22460708	202	-0.7772
2da37d3b-1621-4e31-8bd6-cfa1e716750c	14	22461795	22471146	11	-2.1607
2da37d3b-1621-4e31-8bd6-cfa1e716750c	14	22471267	22506743	60	-0.6786
2da37d3b-1621-4e31-8bd6-cfa1e716750c	14	22506798	22659998	134	-0.149
2da37d3b-1621-4e31-8bd6-cfa1e716750c	14	22660861	43479496	13008	0.0035
2da37d3b-1621-4e31-8bd6-cfa1e716750c	14	43479609	43486189	8	-0.96
2da37d3b-1621-4e31-8bd6-cfa1e716750c	14	43489014	52193820	5284	0.0124
2da37d3b-1621-4e31-8bd6-cfa1e716750c	14	52195563	52198087	3	-1.3271
2da37d3b-1621-4e31-8bd6-cfa1e716750c	14	52198281	53217140	552	0.0117
2da37d3b-1621-4e31-8bd6-cfa1e716750c	14	53219732	53221761	2	-2.2125
2da37d3b-1621-4e31-8bd6-cfa1e716750c	14	53226799	69551330	10545	-0.001
2da37d3b-1621-4e31-8bd6-cfa1e716750c	14	69551651	69555750	8	-3.4626
2da37d3b-1621-4e31-8bd6-cfa1e716750c	14	69555996	88094954	12255	-0.0001
2da37d3b-1621-4e31-8bd6-cfa1e716750c	14	88101573	88108760	4	-2.2163
2da37d3b-1621-4e31-8bd6-cfa1e716750c	14	88109798	106340102	11193	0.0001
2da37d3b-1621-4e31-8bd6-cfa1e716750c	14	106340305	106346129	6	1.2963
2da37d3b-1621-4e31-8bd6-cfa1e716750c	14	106360014	106877229	274	0.0386
2da37d3b-1621-4e31-8bd6-cfa1e716750c	15	19811075	19985588	39	0.0064
2da37d3b-1621-4e31-8bd6-cfa1e716750c	15	19986488	20217125	23	0.4069
2da37d3b-1621-4e31-8bd6-cfa1e716750c	15	20235285	20373168	26	-0.1753
2da37d3b-1621-4e31-8bd6-cfa1e716750c	15	20376198	20376202	5	0.6805
2da37d3b-1621-4e31-8bd6-cfa1e716750c	15	20376309	21063689	67	-0.1351
2da37d3b-1621-4e31-8bd6-cfa1e716750c	15	21065721	22299523	46	-0.6254
2da37d3b-1621-4e31-8bd6-cfa1e716750c	15	22385639	23121974	313	-0.0633
2da37d3b-1621-4e31-8bd6-cfa1e716750c	15	23191818	23400217	6	0.9585
2da37d3b-1621-4e31-8bd6-cfa1e716750c	15	23409060	30281107	4313	-0.0047
2da37d3b-1621-4e31-8bd6-cfa1e716750c	15	30281121	30595753	19	0.4116
2da37d3b-1621-4e31-8bd6-cfa1e716750c	15	30608675	32239115	1054	-0.0069
2da37d3b-1621-4e31-8bd6-cfa1e716750c	15	32240890	32584783	23	-0.3484
2da37d3b-1621-4e31-8bd6-cfa1e716750c	15	32610782	62947379	20044	-0.0008
2da37d3b-1621-4e31-8bd6-cfa1e716750c	15	62949259	62949816	2	-2.2937
2da37d3b-1621-4e31-8bd6-cfa1e716750c	15	62950012	76586021	7865	-0.0034
2da37d3b-1621-4e31-8bd6-cfa1e716750c	15	76598900	76603434	22	1.0976
2da37d3b-1621-4e31-8bd6-cfa1e716750c	15	76609838	84159599	4586	-0.0044
2da37d3b-1621-4e31-8bd6-cfa1e716750c	15	84192594	84246373	2	-2.6163
2da37d3b-1621-4e31-8bd6-cfa1e716750c	15	84388504	92222525	5583	-0.0027
2da37d3b-1621-4e31-8bd6-cfa1e716750c	15	92222644	92223528	4	1.5698
2da37d3b-1621-4e31-8bd6-cfa1e716750c	15	92223600	101343732	6996	-0.0023
2da37d3b-1621-4e31-8bd6-cfa1e716750c	15	101343747	101811233	374	-0.1227
2da37d3b-1621-4e31-8bd6-cfa1e716750c	15	101811828	101928837	43	0.1521
2da37d3b-1621-4e31-8bd6-cfa1e716750c	16	10777	119359	72	-0.0276
2da37d3b-1621-4e31-8bd6-cfa1e716750c	16	119385	592632	177	-0.1924
2da37d3b-1621-4e31-8bd6-cfa1e716750c	16	592743	8864560	6162	-0.0083
2da37d3b-1621-4e31-8bd6-cfa1e716750c	16	8864606	9190133	200	-0.1774
2da37d3b-1621-4e31-8bd6-cfa1e716750c	16	9191103	15405200	4586	-0.005
2da37d3b-1621-4e31-8bd6-cfa1e716750c	16	15405363	16830163	593	-0.1338
2da37d3b-1621-4e31-8bd6-cfa1e716750c	16	16830367	22068001	2767	-0.0174
2da37d3b-1621-4e31-8bd6-cfa1e716750c	16	22068237	22417324	172	-0.1631
2da37d3b-1621-4e31-8bd6-cfa1e716750c	16	22420049	27783854	3663	0.0048
2da37d3b-1621-4e31-8bd6-cfa1e716750c	16	27792430	27795527	7	-0.7707
2da37d3b-1621-4e31-8bd6-cfa1e716750c	16	27796172	28637882	450	-0.0023
2da37d3b-1621-4e31-8bd6-cfa1e716750c	16	28696878	28974515	53	-0.2864
2da37d3b-1621-4e31-8bd6-cfa1e716750c	16	28976948	29677190	186	-0.0268
2da37d3b-1621-4e31-8bd6-cfa1e716750c	16	29685652	30166486	162	-0.223
2da37d3b-1621-4e31-8bd6-cfa1e716750c	16	30178660	55761136	7616	-0.0049
2da37d3b-1621-4e31-8bd6-cfa1e716750c	16	55762477	55788485	21	-2.3758
2da37d3b-1621-4e31-8bd6-cfa1e716750c	16	55788532	55840074	18	0.5367
2da37d3b-1621-4e31-8bd6-cfa1e716750c	16	55841934	78337711	14238	0.0012
2da37d3b-1621-4e31-8bd6-cfa1e716750c	16	78338543	78350841	15	1.079
2da37d3b-1621-4e31-8bd6-cfa1e716750c	16	78350868	88457407	9902	-0.0172
2da37d3b-1621-4e31-8bd6-cfa1e716750c	16	88459366	90096867	678	-0.1447
2da37d3b-1621-4e31-8bd6-cfa1e716750c	17	150733	1250730	556	-0.1378
2da37d3b-1621-4e31-8bd6-cfa1e716750c	17	1262192	46110945	22740	-0.0066
2da37d3b-1621-4e31-8bd6-cfa1e716750c	17	46111026	46571001	115	-0.4619
2da37d3b-1621-4e31-8bd6-cfa1e716750c	17	46664059	72882626	16098	0.0022
2da37d3b-1621-4e31-8bd6-cfa1e716750c	17	72882833	80655063	4470	-0.0305
2da37d3b-1621-4e31-8bd6-cfa1e716750c	17	80655993	80667490	5	-1.6407
2da37d3b-1621-4e31-8bd6-cfa1e716750c	17	80668820	81139641	225	-0.0247
2da37d3b-1621-4e31-8bd6-cfa1e716750c	17	81154966	81168461	7	-0.822
2da37d3b-1621-4e31-8bd6-cfa1e716750c	17	81168719	83091923	709	-0.0239
2da37d3b-1621-4e31-8bd6-cfa1e716750c	18	48133	53677765	31659	0.0037
2da37d3b-1621-4e31-8bd6-cfa1e716750c	18	53680839	53681183	2	-2.9606
2da37d3b-1621-4e31-8bd6-cfa1e716750c	18	53683207	53684270	2	-7.6511
2da37d3b-1621-4e31-8bd6-cfa1e716750c	18	53685778	67292135	9401	-0.0003
2da37d3b-1621-4e31-8bd6-cfa1e716750c	18	67292264	67300028	17	-0.8506
2da37d3b-1621-4e31-8bd6-cfa1e716750c	18	67300481	69540616	1772	0.0162
2da37d3b-1621-4e31-8bd6-cfa1e716750c	18	69541156	69550035	7	-1.5205
2da37d3b-1621-4e31-8bd6-cfa1e716750c	18	69550306	71381922	1203	-0.0021
2da37d3b-1621-4e31-8bd6-cfa1e716750c	18	71382253	73835232	1965	0.062
2da37d3b-1621-4e31-8bd6-cfa1e716750c	18	73839461	77072057	2527	-0.0094
2da37d3b-1621-4e31-8bd6-cfa1e716750c	18	77072753	77073754	4	-1.229
2da37d3b-1621-4e31-8bd6-cfa1e716750c	18	77073856	80257174	2090	-0.0089
2da37d3b-1621-4e31-8bd6-cfa1e716750c	19	90910	1307729	274	-0.1089
2da37d3b-1621-4e31-8bd6-cfa1e716750c	19	1310137	15673342	6301	-0.0157
2da37d3b-1621-4e31-8bd6-cfa1e716750c	19	15679275	15680807	2	-1.781
2da37d3b-1621-4e31-8bd6-cfa1e716750c	19	15680854	19729959	1899	-0.0149
2da37d3b-1621-4e31-8bd6-cfa1e716750c	19	19729998	20335531	362	-0.1203
2da37d3b-1621-4e31-8bd6-cfa1e716750c	19	20336778	36262089	8279	-0.0065
2da37d3b-1621-4e31-8bd6-cfa1e716750c	19	36265950	36355288	13	-0.8638
2da37d3b-1621-4e31-8bd6-cfa1e716750c	19	36355726	51628560	7577	-0.0134
2da37d3b-1621-4e31-8bd6-cfa1e716750c	19	51639099	51644944	11	-1.0418
2da37d3b-1621-4e31-8bd6-cfa1e716750c	19	51651652	52360583	492	-0.0151
2da37d3b-1621-4e31-8bd6-cfa1e716750c	19	52360653	54997337	1631	-0.0935
2da37d3b-1621-4e31-8bd6-cfa1e716750c	19	54997939	54998320	2	-2.7973
2da37d3b-1621-4e31-8bd6-cfa1e716750c	19	54998497	58586487	2200	-0.0409
2da37d3b-1621-4e31-8bd6-cfa1e716750c	20	80664	1580353	1203	-0.0378
2da37d3b-1621-4e31-8bd6-cfa1e716750c	20	1580934	1613247	41	-0.7261
2da37d3b-1621-4e31-8bd6-cfa1e716750c	20	1617300	3822799	1558	0.0014
2da37d3b-1621-4e31-8bd6-cfa1e716750c	20	3823017	4113649	186	-0.14
2da37d3b-1621-4e31-8bd6-cfa1e716750c	20	4117920	14812166	8157	0.0058
2da37d3b-1621-4e31-8bd6-cfa1e716750c	20	14812188	14812192	2	-2.0588
2da37d3b-1621-4e31-8bd6-cfa1e716750c	20	14812769	54028329	23681	0.0004
2da37d3b-1621-4e31-8bd6-cfa1e716750c	20	54031269	54042112	36	-0.8016
2da37d3b-1621-4e31-8bd6-cfa1e716750c	20	54046035	63587563	7109	-0.0016
2da37d3b-1621-4e31-8bd6-cfa1e716750c	20	63588295	64324800	315	-0.1928
2da37d3b-1621-4e31-8bd6-cfa1e716750c	21	10354168	14039762	334	0.1263
2da37d3b-1621-4e31-8bd6-cfa1e716750c	21	14040078	18263926	2909	-0.0124
2da37d3b-1621-4e31-8bd6-cfa1e716750c	21	18263989	18264661	2	-1.7146
2da37d3b-1621-4e31-8bd6-cfa1e716750c	21	18266147	18682939	291	0.0124
2da37d3b-1621-4e31-8bd6-cfa1e716750c	21	18683769	18708066	27	0.5946
2da37d3b-1621-4e31-8bd6-cfa1e716750c	21	18708616	46677045	20250	-0.0048
2da37d3b-1621-4e31-8bd6-cfa1e716750c	22	15294547	18142004	1107	-0.011
2da37d3b-1621-4e31-8bd6-cfa1e716750c	22	18143362	18146386	7	-1.6366
2da37d3b-1621-4e31-8bd6-cfa1e716750c	22	18147293	18547989	15	-0.1854
2da37d3b-1621-4e31-8bd6-cfa1e716750c	22	18620743	18822581	7	-1.021
2da37d3b-1621-4e31-8bd6-cfa1e716750c	22	18822597	21783843	1690	-0.0862
2da37d3b-1621-4e31-8bd6-cfa1e716750c	22	21785127	26092684	3211	-0.0128
2da37d3b-1621-4e31-8bd6-cfa1e716750c	22	26098646	26108873	19	-1.2422
2da37d3b-1621-4e31-8bd6-cfa1e716750c	22	26109672	38120270	8688	-0.0043
2da37d3b-1621-4e31-8bd6-cfa1e716750c	22	38121398	38133355	9	-0.66
2da37d3b-1621-4e31-8bd6-cfa1e716750c	22	38135689	38932713	429	-0.0033
2da37d3b-1621-4e31-8bd6-cfa1e716750c	22	38933588	38942136	10	-0.7073
2da37d3b-1621-4e31-8bd6-cfa1e716750c	22	38945487	41903281	1605	-0.0078
2da37d3b-1621-4e31-8bd6-cfa1e716750c	22	41903531	41975550	35	-0.3152
2da37d3b-1621-4e31-8bd6-cfa1e716750c	22	41979300	42503434	284	-0.0615
2da37d3b-1621-4e31-8bd6-cfa1e716750c	22	42508600	42554485	23	-0.3299
2da37d3b-1621-4e31-8bd6-cfa1e716750c	22	42559425	49884498	5703	-0.0016
2da37d3b-1621-4e31-8bd6-cfa1e716750c	22	49884790	50796027	381	-0.1384
2da37d3b-1621-4e31-8bd6-cfa1e716750c	X	251810	3081100	289	-0.1432
2da37d3b-1621-4e31-8bd6-cfa1e716750c	X	3081729	19232200	11292	0.001
2da37d3b-1621-4e31-8bd6-cfa1e716750c	X	19233821	19234577	2	-1.5669
2da37d3b-1621-4e31-8bd6-cfa1e716750c	X	19240194	19441225	114	-0.0598
2da37d3b-1621-4e31-8bd6-cfa1e716750c	X	19441813	19454127	5	-1.0103
2da37d3b-1621-4e31-8bd6-cfa1e716750c	X	19454206	77179707	28055	0.0024
2da37d3b-1621-4e31-8bd6-cfa1e716750c	X	77191372	77296889	9	-0.9635
2da37d3b-1621-4e31-8bd6-cfa1e716750c	X	77324696	101061689	12488	0.0017
2da37d3b-1621-4e31-8bd6-cfa1e716750c	X	101062101	101071779	7	-0.7927
2da37d3b-1621-4e31-8bd6-cfa1e716750c	X	101080699	104003417	1435	0.001
2da37d3b-1621-4e31-8bd6-cfa1e716750c	X	104004609	104050707	55	0.5987
2da37d3b-1621-4e31-8bd6-cfa1e716750c	X	104050744	155952689	29770	0.0023
2da37d3b-1621-4e31-8bd6-cfa1e716750c	Y	2782397	6233384	783	-2.8274
2da37d3b-1621-4e31-8bd6-cfa1e716750c	Y	6249869	8632342	1178	-3.395
2da37d3b-1621-4e31-8bd6-cfa1e716750c	Y	8632861	8654617	9	-5.545
2da37d3b-1621-4e31-8bd6-cfa1e716750c	Y	8654875	9330531	257	-3.5347
2da37d3b-1621-4e31-8bd6-cfa1e716750c	Y	9332936	9554275	25	-5.035
2da37d3b-1621-4e31-8bd6-cfa1e716750c	Y	9554586	13478396	1012	-3.2496
2da37d3b-1621-4e31-8bd6-cfa1e716750c	Y	13478462	13482643	3	-7.6945
2da37d3b-1621-4e31-8bd6-cfa1e716750c	Y	13483009	26077669	3201	-3.3428
2da37d3b-1621-4e31-8bd6-cfa1e716750c	Y	26312501	56872112	171	-2.9231
