GDC_Aliquot	Chromosome	Start	End	Num_Probes	Segment_Mean
270cbef2-df2b-4051-b062-e0c96ff094f9	1	62920	915307	59	0.1109
270cbef2-df2b-4051-b062-e0c96ff094f9	1	939522	2291819	350	0.3626
270cbef2-df2b-4051-b062-e0c96ff094f9	1	2295983	2302812	5	0.939
270cbef2-df2b-4051-b062-e0c96ff094f9	1	2326424	2342007	4	1.7087
270cbef2-df2b-4051-b062-e0c96ff094f9	1	2348984	2352684	8	0.8624
270cbef2-df2b-4051-b062-e0c96ff094f9	1	2353975	2876667	125	0.4716
270cbef2-df2b-4051-b062-e0c96ff094f9	1	2892925	3256138	166	0.2478
270cbef2-df2b-4051-b062-e0c96ff094f9	1	3256538	5954503	2065	0.013
270cbef2-df2b-4051-b062-e0c96ff094f9	1	5958331	5965473	4	0.8685
270cbef2-df2b-4051-b062-e0c96ff094f9	1	5967673	5983771	10	1.3217
270cbef2-df2b-4051-b062-e0c96ff094f9	1	5984108	5996669	7	0.9134
270cbef2-df2b-4051-b062-e0c96ff094f9	1	5997665	15820897	5508	0.008
270cbef2-df2b-4051-b062-e0c96ff094f9	1	15822042	15827706	13	0.6797
270cbef2-df2b-4051-b062-e0c96ff094f9	1	15827744	16637050	317	0.057
270cbef2-df2b-4051-b062-e0c96ff094f9	1	16637228	16863509	41	-0.235
270cbef2-df2b-4051-b062-e0c96ff094f9	1	16864367	16988207	74	0.6006
270cbef2-df2b-4051-b062-e0c96ff094f9	1	16993283	21349460	2949	0.0079
270cbef2-df2b-4051-b062-e0c96ff094f9	1	21350202	21370976	12	0.8382
270cbef2-df2b-4051-b062-e0c96ff094f9	1	21372846	21411250	26	1.3483
270cbef2-df2b-4051-b062-e0c96ff094f9	1	21416244	21420852	5	0.8759
270cbef2-df2b-4051-b062-e0c96ff094f9	1	21422253	25256850	2236	0.0223
270cbef2-df2b-4051-b062-e0c96ff094f9	1	25266637	25320253	23	0.889
270cbef2-df2b-4051-b062-e0c96ff094f9	1	25320455	26492258	545	0.0262
270cbef2-df2b-4051-b062-e0c96ff094f9	1	26498625	26538994	19	0.5015
270cbef2-df2b-4051-b062-e0c96ff094f9	1	26539197	30735398	2208	0.0116
270cbef2-df2b-4051-b062-e0c96ff094f9	1	30736949	30789990	32	0.5143
270cbef2-df2b-4051-b062-e0c96ff094f9	1	30793010	31749577	506	0.0388
270cbef2-df2b-4051-b062-e0c96ff094f9	1	31749611	31787704	17	0.2713
270cbef2-df2b-4051-b062-e0c96ff094f9	1	31790485	31812039	7	0.7363
270cbef2-df2b-4051-b062-e0c96ff094f9	1	31812873	31839893	17	0.2359
270cbef2-df2b-4051-b062-e0c96ff094f9	1	31847097	39631846	4292	-0.0043
270cbef2-df2b-4051-b062-e0c96ff094f9	1	39638789	39677655	13	1.9322
270cbef2-df2b-4051-b062-e0c96ff094f9	1	39679146	39689516	16	1.2019
270cbef2-df2b-4051-b062-e0c96ff094f9	1	39693156	48570111	5096	-0.0055
270cbef2-df2b-4051-b062-e0c96ff094f9	1	48570431	48570583	2	-1.96
270cbef2-df2b-4051-b062-e0c96ff094f9	1	48570840	72302815	15854	-0.0035
270cbef2-df2b-4051-b062-e0c96ff094f9	1	72303233	72345465	46	-1.5396
270cbef2-df2b-4051-b062-e0c96ff094f9	1	72346221	90920206	12102	-0.0133
270cbef2-df2b-4051-b062-e0c96ff094f9	1	90921854	90972892	29	0.5169
270cbef2-df2b-4051-b062-e0c96ff094f9	1	90974989	109690431	11384	-0.0097
270cbef2-df2b-4051-b062-e0c96ff094f9	1	109690640	109692006	7	1.8887
270cbef2-df2b-4051-b062-e0c96ff094f9	1	109696900	112147704	1942	-0.0014
270cbef2-df2b-4051-b062-e0c96ff094f9	1	112153343	112154552	19	0.7214
270cbef2-df2b-4051-b062-e0c96ff094f9	1	112154566	121573287	5135	-0.0107
270cbef2-df2b-4051-b062-e0c96ff094f9	1	121573699	147004967	322	0.1448
270cbef2-df2b-4051-b062-e0c96ff094f9	1	147008051	152583319	2121	0.0218
270cbef2-df2b-4051-b062-e0c96ff094f9	1	152583408	152618187	35	0.3941
270cbef2-df2b-4051-b062-e0c96ff094f9	1	152618274	152787202	163	-0.0212
270cbef2-df2b-4051-b062-e0c96ff094f9	1	152789447	152796224	37	-1.7247
270cbef2-df2b-4051-b062-e0c96ff094f9	1	152801429	194479104	27869	0.001
270cbef2-df2b-4051-b062-e0c96ff094f9	1	194482281	194485888	2	-1.7887
270cbef2-df2b-4051-b062-e0c96ff094f9	1	194487886	196729112	1427	-0.0015
270cbef2-df2b-4051-b062-e0c96ff094f9	1	196729142	196832720	77	-0.4346
270cbef2-df2b-4051-b062-e0c96ff094f9	1	196843377	212416215	10375	0.0016
270cbef2-df2b-4051-b062-e0c96ff094f9	1	212418533	212507369	63	0.3872
270cbef2-df2b-4051-b062-e0c96ff094f9	1	212507507	215682652	2191	0.0011
270cbef2-df2b-4051-b062-e0c96ff094f9	1	215684851	215688763	14	-1.4786
270cbef2-df2b-4051-b062-e0c96ff094f9	1	215692667	216032796	284	0.0068
270cbef2-df2b-4051-b062-e0c96ff094f9	1	216033476	216065176	22	0.8574
270cbef2-df2b-4051-b062-e0c96ff094f9	1	216067182	225812277	6554	-0.0073
270cbef2-df2b-4051-b062-e0c96ff094f9	1	225812606	225880162	47	0.3021
270cbef2-df2b-4051-b062-e0c96ff094f9	1	225881227	228339589	1416	0.0156
270cbef2-df2b-4051-b062-e0c96ff094f9	1	228344757	228553446	86	0.2527
270cbef2-df2b-4051-b062-e0c96ff094f9	1	228656037	231764695	2205	-0.0021
270cbef2-df2b-4051-b062-e0c96ff094f9	1	231775548	231779959	10	0.633
270cbef2-df2b-4051-b062-e0c96ff094f9	1	231781483	231818681	25	1.2262
270cbef2-df2b-4051-b062-e0c96ff094f9	1	231819980	231827591	7	0.6154
270cbef2-df2b-4051-b062-e0c96ff094f9	1	231831101	232567952	669	0.0112
270cbef2-df2b-4051-b062-e0c96ff094f9	1	232568363	232568555	2	-1.3195
270cbef2-df2b-4051-b062-e0c96ff094f9	1	232568973	232707318	99	0.0539
270cbef2-df2b-4051-b062-e0c96ff094f9	1	232709174	232745162	20	0.8262
270cbef2-df2b-4051-b062-e0c96ff094f9	1	232745605	242917103	7853	0.0116
270cbef2-df2b-4051-b062-e0c96ff094f9	1	242921355	242927561	7	0.4083
270cbef2-df2b-4051-b062-e0c96ff094f9	1	242928019	242960635	8	1.2138
270cbef2-df2b-4051-b062-e0c96ff094f9	1	242966050	243014268	10	0.4935
270cbef2-df2b-4051-b062-e0c96ff094f9	1	243016180	246666314	2412	0.0016
270cbef2-df2b-4051-b062-e0c96ff094f9	1	246666715	246711573	30	1.0306
270cbef2-df2b-4051-b062-e0c96ff094f9	1	246720485	248446755	1083	0.0038
270cbef2-df2b-4051-b062-e0c96ff094f9	1	248447206	248473963	10	-1.2273
270cbef2-df2b-4051-b062-e0c96ff094f9	1	248475325	248930189	190	0.0734
270cbef2-df2b-4051-b062-e0c96ff094f9	2	12784	34346	13	0.5328
270cbef2-df2b-4051-b062-e0c96ff094f9	2	36862	184689	85	0.1257
270cbef2-df2b-4051-b062-e0c96ff094f9	2	184772	228699	34	0.7049
270cbef2-df2b-4051-b062-e0c96ff094f9	2	230442	1428242	808	0.0178
270cbef2-df2b-4051-b062-e0c96ff094f9	2	1428426	1875506	270	0.1697
270cbef2-df2b-4051-b062-e0c96ff094f9	2	1876748	3175727	997	0.0086
270cbef2-df2b-4051-b062-e0c96ff094f9	2	3176001	3244734	74	0.2522
270cbef2-df2b-4051-b062-e0c96ff094f9	2	3245891	3674231	277	0.0011
270cbef2-df2b-4051-b062-e0c96ff094f9	2	3674896	3721182	45	0.3664
270cbef2-df2b-4051-b062-e0c96ff094f9	2	3721351	4384396	606	0.0067
270cbef2-df2b-4051-b062-e0c96ff094f9	2	4385487	4455255	47	0.2944
270cbef2-df2b-4051-b062-e0c96ff094f9	2	4455368	7465817	2622	-0.0021
270cbef2-df2b-4051-b062-e0c96ff094f9	2	7466051	7480728	21	0.6912
270cbef2-df2b-4051-b062-e0c96ff094f9	2	7486531	7497458	7	1.2452
270cbef2-df2b-4051-b062-e0c96ff094f9	2	7497831	7518577	17	0.6123
270cbef2-df2b-4051-b062-e0c96ff094f9	2	7518752	32840338	16794	0.0065
270cbef2-df2b-4051-b062-e0c96ff094f9	2	32840604	32895091	35	0.5525
270cbef2-df2b-4051-b062-e0c96ff094f9	2	32895343	34476327	1235	0.0072
270cbef2-df2b-4051-b062-e0c96ff094f9	2	34476516	34511990	44	0.5807
270cbef2-df2b-4051-b062-e0c96ff094f9	2	34512096	50645801	11671	-0.0023
270cbef2-df2b-4051-b062-e0c96ff094f9	2	50649546	50671399	21	-0.5826
270cbef2-df2b-4051-b062-e0c96ff094f9	2	50671817	51735092	762	-0.0289
270cbef2-df2b-4051-b062-e0c96ff094f9	2	51740554	51741547	3	-1.885
270cbef2-df2b-4051-b062-e0c96ff094f9	2	51750665	52527330	494	-0.0355
270cbef2-df2b-4051-b062-e0c96ff094f9	2	52527342	52554404	39	0.7486
270cbef2-df2b-4051-b062-e0c96ff094f9	2	52560811	67880615	10049	0.0035
270cbef2-df2b-4051-b062-e0c96ff094f9	2	67880737	67930118	32	1.2
270cbef2-df2b-4051-b062-e0c96ff094f9	2	67931530	87117615	11826	-0.0001
270cbef2-df2b-4051-b062-e0c96ff094f9	2	87134049	87696853	115	1.2516
270cbef2-df2b-4051-b062-e0c96ff094f9	2	87725148	88155547	122	0.0595
270cbef2-df2b-4051-b062-e0c96ff094f9	2	88157529	88177097	14	0.6834
270cbef2-df2b-4051-b062-e0c96ff094f9	2	88177612	88195475	8	0.9825
270cbef2-df2b-4051-b062-e0c96ff094f9	2	88196481	106258193	7135	0.006
270cbef2-df2b-4051-b062-e0c96ff094f9	2	106258266	106268901	13	0.6768
270cbef2-df2b-4051-b062-e0c96ff094f9	2	106270799	128880504	13341	0.006
270cbef2-df2b-4051-b062-e0c96ff094f9	2	128880904	128882723	14	-0.6131
270cbef2-df2b-4051-b062-e0c96ff094f9	2	128882741	146107526	10375	0.0038
270cbef2-df2b-4051-b062-e0c96ff094f9	2	146107615	146109230	15	0.8531
270cbef2-df2b-4051-b062-e0c96ff094f9	2	146109341	160556076	8698	-0.0031
270cbef2-df2b-4051-b062-e0c96ff094f9	2	160557147	160583496	19	0.4458
270cbef2-df2b-4051-b062-e0c96ff094f9	2	160583688	160604441	18	0.6934
270cbef2-df2b-4051-b062-e0c96ff094f9	2	160605582	160612368	8	0.3938
270cbef2-df2b-4051-b062-e0c96ff094f9	2	160617005	193662241	19937	-0.0022
270cbef2-df2b-4051-b062-e0c96ff094f9	2	193663249	193695536	13	0.9522
270cbef2-df2b-4051-b062-e0c96ff094f9	2	193703542	212316597	11174	0.0034
270cbef2-df2b-4051-b062-e0c96ff094f9	2	212321824	212327101	25	-1.0313
270cbef2-df2b-4051-b062-e0c96ff094f9	2	212327402	232315703	12716	0.0057
270cbef2-df2b-4051-b062-e0c96ff094f9	2	232319832	232444356	89	0.2839
270cbef2-df2b-4051-b062-e0c96ff094f9	2	232447215	242147305	6136	0.0145
270cbef2-df2b-4051-b062-e0c96ff094f9	3	20930	66768	43	0.2969
270cbef2-df2b-4051-b062-e0c96ff094f9	3	74111	2943458	2499	-0.0726
270cbef2-df2b-4051-b062-e0c96ff094f9	3	2946302	10161200	6026	-0.0151
270cbef2-df2b-4051-b062-e0c96ff094f9	3	10161878	10263745	91	0.3207
270cbef2-df2b-4051-b062-e0c96ff094f9	3	10266508	21799551	7644	-0.0066
270cbef2-df2b-4051-b062-e0c96ff094f9	3	21799643	22276782	434	-0.1316
270cbef2-df2b-4051-b062-e0c96ff094f9	3	22277308	60530523	24350	-0.001
270cbef2-df2b-4051-b062-e0c96ff094f9	3	60531830	60579398	45	0.4482
270cbef2-df2b-4051-b062-e0c96ff094f9	3	60579412	75372019	11307	-0.0017
270cbef2-df2b-4051-b062-e0c96ff094f9	3	75377956	75589590	72	-0.7401
270cbef2-df2b-4051-b062-e0c96ff094f9	3	75590356	99217783	10919	-0.0143
270cbef2-df2b-4051-b062-e0c96ff094f9	3	99218119	99230464	38	-0.7259
270cbef2-df2b-4051-b062-e0c96ff094f9	3	99230470	121768154	13701	-0.0015
270cbef2-df2b-4051-b062-e0c96ff094f9	3	121770148	121810164	18	0.9723
270cbef2-df2b-4051-b062-e0c96ff094f9	3	121817042	128548375	4227	0.0008
270cbef2-df2b-4051-b062-e0c96ff094f9	3	128551050	128575460	17	0.5351
270cbef2-df2b-4051-b062-e0c96ff094f9	3	128575512	128606159	13	1.2556
270cbef2-df2b-4051-b062-e0c96ff094f9	3	128611077	128618528	9	0.4975
270cbef2-df2b-4051-b062-e0c96ff094f9	3	128621917	130067097	662	0.0123
270cbef2-df2b-4051-b062-e0c96ff094f9	3	130067366	130087393	32	-1.9787
270cbef2-df2b-4051-b062-e0c96ff094f9	3	130088081	132270503	1433	0.0047
270cbef2-df2b-4051-b062-e0c96ff094f9	3	132273893	132276840	4	-1.763
270cbef2-df2b-4051-b062-e0c96ff094f9	3	132281633	150791817	11350	0.0013
270cbef2-df2b-4051-b062-e0c96ff094f9	3	150792296	150865140	45	0.7442
270cbef2-df2b-4051-b062-e0c96ff094f9	3	150865205	158632329	4765	-0.0046
270cbef2-df2b-4051-b062-e0c96ff094f9	3	158633095	158633756	2	-2.5947
270cbef2-df2b-4051-b062-e0c96ff094f9	3	158641083	162405578	2324	-0.0128
270cbef2-df2b-4051-b062-e0c96ff094f9	3	162419812	162424917	14	-0.7891
270cbef2-df2b-4051-b062-e0c96ff094f9	3	162426460	162815162	273	-0.0791
270cbef2-df2b-4051-b062-e0c96ff094f9	3	162816942	162827928	7	-1.3195
270cbef2-df2b-4051-b062-e0c96ff094f9	3	162828441	162869881	22	-0.0544
270cbef2-df2b-4051-b062-e0c96ff094f9	3	162874335	162908815	27	-0.491
270cbef2-df2b-4051-b062-e0c96ff094f9	3	162910826	183438212	12409	-0.0096
270cbef2-df2b-4051-b062-e0c96ff094f9	3	183443151	184697821	659	0.1302
270cbef2-df2b-4051-b062-e0c96ff094f9	3	184698221	194920617	7201	-0.0036
270cbef2-df2b-4051-b062-e0c96ff094f9	3	194920652	194921116	3	-3.5325
270cbef2-df2b-4051-b062-e0c96ff094f9	3	194921751	195729005	342	0.0058
270cbef2-df2b-4051-b062-e0c96ff094f9	3	195729040	195925052	87	0.3391
270cbef2-df2b-4051-b062-e0c96ff094f9	3	195925915	196052227	50	0.1218
270cbef2-df2b-4051-b062-e0c96ff094f9	3	196056708	196578930	246	-0.0158
270cbef2-df2b-4051-b062-e0c96ff094f9	3	196578983	196784158	108	0.2039
270cbef2-df2b-4051-b062-e0c96ff094f9	3	196788297	196793657	8	1.095
270cbef2-df2b-4051-b062-e0c96ff094f9	3	196803279	196816623	6	2.0215
270cbef2-df2b-4051-b062-e0c96ff094f9	3	196816775	196849238	9	1.0072
270cbef2-df2b-4051-b062-e0c96ff094f9	3	196849253	198169247	665	0.0358
270cbef2-df2b-4051-b062-e0c96ff094f9	4	68929	583960	218	0.0485
270cbef2-df2b-4051-b062-e0c96ff094f9	4	586300	1064570	143	0.3085
270cbef2-df2b-4051-b062-e0c96ff094f9	4	1064871	1303781	126	-0.009
270cbef2-df2b-4051-b062-e0c96ff094f9	4	1306692	1517775	48	0.3418
270cbef2-df2b-4051-b062-e0c96ff094f9	4	1535956	7426104	3674	0.0216
270cbef2-df2b-4051-b062-e0c96ff094f9	4	7429369	7470684	42	0.5927
270cbef2-df2b-4051-b062-e0c96ff094f9	4	7471478	10208766	1433	0.042
270cbef2-df2b-4051-b062-e0c96ff094f9	4	10221792	10229874	28	3.4134
270cbef2-df2b-4051-b062-e0c96ff094f9	4	10232590	10233644	7	1.2092
270cbef2-df2b-4051-b062-e0c96ff094f9	4	10234518	10391530	171	0.0212
270cbef2-df2b-4051-b062-e0c96ff094f9	4	10396694	10399044	14	-0.738
270cbef2-df2b-4051-b062-e0c96ff094f9	4	10401094	16103808	4460	-0.0026
270cbef2-df2b-4051-b062-e0c96ff094f9	4	16105115	16122751	17	0.5991
270cbef2-df2b-4051-b062-e0c96ff094f9	4	16123513	34777432	12251	-0.0016
270cbef2-df2b-4051-b062-e0c96ff094f9	4	34784878	34828306	41	-0.7274
270cbef2-df2b-4051-b062-e0c96ff094f9	4	34828327	82965748	28225	-0.003
270cbef2-df2b-4051-b062-e0c96ff094f9	4	82968694	83023010	29	0.8813
270cbef2-df2b-4051-b062-e0c96ff094f9	4	83023845	115244712	19374	0
270cbef2-df2b-4051-b062-e0c96ff094f9	4	115244948	115254969	23	-0.8973
270cbef2-df2b-4051-b062-e0c96ff094f9	4	115259026	124538250	5440	0.0048
270cbef2-df2b-4051-b062-e0c96ff094f9	4	124539196	124541780	3	-1.5872
270cbef2-df2b-4051-b062-e0c96ff094f9	4	124541870	150645861	15292	-0.0038
270cbef2-df2b-4051-b062-e0c96ff094f9	4	150646314	150652752	7	1.0417
270cbef2-df2b-4051-b062-e0c96ff094f9	4	150652919	150665111	5	1.7524
270cbef2-df2b-4051-b062-e0c96ff094f9	4	150666902	150680932	5	1.0857
270cbef2-df2b-4051-b062-e0c96ff094f9	4	150682377	160935202	6437	-0.0007
270cbef2-df2b-4051-b062-e0c96ff094f9	4	160935758	160963756	48	-0.4653
270cbef2-df2b-4051-b062-e0c96ff094f9	4	160963767	165331798	2809	-0.0007
270cbef2-df2b-4051-b062-e0c96ff094f9	4	165334052	165346231	15	0.2744
270cbef2-df2b-4051-b062-e0c96ff094f9	4	165350323	165363918	12	0.6824
270cbef2-df2b-4051-b062-e0c96ff094f9	4	165364037	165383502	18	0.3524
270cbef2-df2b-4051-b062-e0c96ff094f9	4	165387517	171448195	3784	-0.0142
270cbef2-df2b-4051-b062-e0c96ff094f9	4	171453733	171456293	8	1.6168
270cbef2-df2b-4051-b062-e0c96ff094f9	4	171456307	180688733	5928	-0.0099
270cbef2-df2b-4051-b062-e0c96ff094f9	4	180692598	180693075	2	-3.3915
270cbef2-df2b-4051-b062-e0c96ff094f9	4	180693215	181144847	314	-0.0554
270cbef2-df2b-4051-b062-e0c96ff094f9	4	181149415	188300104	5056	0.0292
270cbef2-df2b-4051-b062-e0c96ff094f9	4	188300206	188300221	2	-1.4584
270cbef2-df2b-4051-b062-e0c96ff094f9	4	188300270	188414510	100	0.1251
270cbef2-df2b-4051-b062-e0c96ff094f9	4	188414629	189267889	689	-0.059
270cbef2-df2b-4051-b062-e0c96ff094f9	4	189273964	189278110	4	-2.3854
270cbef2-df2b-4051-b062-e0c96ff094f9	4	189278617	190106768	350	-0.0168
270cbef2-df2b-4051-b062-e0c96ff094f9	5	15532	685633	306	0.2449
270cbef2-df2b-4051-b062-e0c96ff094f9	5	698256	773453	27	0.6761
270cbef2-df2b-4051-b062-e0c96ff094f9	5	779766	823655	15	-0.7445
270cbef2-df2b-4051-b062-e0c96ff094f9	5	823951	1907693	578	0.1751
270cbef2-df2b-4051-b062-e0c96ff094f9	5	1908188	7169363	4775	-0.003
270cbef2-df2b-4051-b062-e0c96ff094f9	5	7177225	7189812	26	-1.0475
270cbef2-df2b-4051-b062-e0c96ff094f9	5	7202522	9337430	1751	-0.0104
270cbef2-df2b-4051-b062-e0c96ff094f9	5	9339469	9371299	42	0.6234
270cbef2-df2b-4051-b062-e0c96ff094f9	5	9374308	36471574	17535	-0.001
270cbef2-df2b-4051-b062-e0c96ff094f9	5	36476023	36477646	2	-1.8827
270cbef2-df2b-4051-b062-e0c96ff094f9	5	36478173	46251204	5479	-0.0048
270cbef2-df2b-4051-b062-e0c96ff094f9	5	46270906	46273400	8	-2.048
270cbef2-df2b-4051-b062-e0c96ff094f9	5	46278110	58034094	5062	-0.0028
270cbef2-df2b-4051-b062-e0c96ff094f9	5	58034306	58037089	17	-0.6081
270cbef2-df2b-4051-b062-e0c96ff094f9	5	58037128	79129223	12424	-0.0019
270cbef2-df2b-4051-b062-e0c96ff094f9	5	79129365	79147912	10	0.2806
270cbef2-df2b-4051-b062-e0c96ff094f9	5	79148525	79167572	11	1.1502
270cbef2-df2b-4051-b062-e0c96ff094f9	5	79173181	79196134	11	2.0665
270cbef2-df2b-4051-b062-e0c96ff094f9	5	79196213	99141104	11179	-0.0038
270cbef2-df2b-4051-b062-e0c96ff094f9	5	99143476	100347006	702	-0.1134
270cbef2-df2b-4051-b062-e0c96ff094f9	5	100347713	115346454	9633	-0.0089
270cbef2-df2b-4051-b062-e0c96ff094f9	5	115349710	115349759	2	-2.3383
270cbef2-df2b-4051-b062-e0c96ff094f9	5	115349923	131250171	10342	-0.0079
270cbef2-df2b-4051-b062-e0c96ff094f9	5	131251410	131255539	7	0.4288
270cbef2-df2b-4051-b062-e0c96ff094f9	5	131258906	131299873	13	0.8543
270cbef2-df2b-4051-b062-e0c96ff094f9	5	131300040	168720255	24230	-0.001
270cbef2-df2b-4051-b062-e0c96ff094f9	5	168720324	168776450	55	0.3231
270cbef2-df2b-4051-b062-e0c96ff094f9	5	168776633	172014069	2468	-0.0004
270cbef2-df2b-4051-b062-e0c96ff094f9	5	172014600	172196711	142	0.2444
270cbef2-df2b-4051-b062-e0c96ff094f9	5	172196824	174720054	1923	0.0118
270cbef2-df2b-4051-b062-e0c96ff094f9	5	174722160	174766306	20	1.4885
270cbef2-df2b-4051-b062-e0c96ff094f9	5	174766475	176622621	1115	0.0152
270cbef2-df2b-4051-b062-e0c96ff094f9	5	176622707	176887766	137	0.2262
270cbef2-df2b-4051-b062-e0c96ff094f9	5	176888298	179639934	1393	0.0351
270cbef2-df2b-4051-b062-e0c96ff094f9	5	179641462	179678327	31	0.4605
270cbef2-df2b-4051-b062-e0c96ff094f9	5	179681196	180951888	715	0.048
270cbef2-df2b-4051-b062-e0c96ff094f9	5	180953203	181015400	20	-0.786
270cbef2-df2b-4051-b062-e0c96ff094f9	5	181015441	181363319	165	0.1384
270cbef2-df2b-4051-b062-e0c96ff094f9	6	149661	252049	95	0.1144
270cbef2-df2b-4051-b062-e0c96ff094f9	6	252145	265113	11	0.3168
270cbef2-df2b-4051-b062-e0c96ff094f9	6	265143	278146	7	0.9581
270cbef2-df2b-4051-b062-e0c96ff094f9	6	279695	381149	89	0.3476
270cbef2-df2b-4051-b062-e0c96ff094f9	6	382559	483629	91	0.1436
270cbef2-df2b-4051-b062-e0c96ff094f9	6	483646	776120	235	-0.0414
270cbef2-df2b-4051-b062-e0c96ff094f9	6	776878	802849	25	0.3739
270cbef2-df2b-4051-b062-e0c96ff094f9	6	802938	817619	9	0.8936
270cbef2-df2b-4051-b062-e0c96ff094f9	6	819857	847932	27	1.7631
270cbef2-df2b-4051-b062-e0c96ff094f9	6	849087	866372	15	0.8992
270cbef2-df2b-4051-b062-e0c96ff094f9	6	866830	882436	19	0.4583
270cbef2-df2b-4051-b062-e0c96ff094f9	6	883074	15425576	11347	0.0033
270cbef2-df2b-4051-b062-e0c96ff094f9	6	15426411	15530553	92	0.2709
270cbef2-df2b-4051-b062-e0c96ff094f9	6	15531035	24219260	6430	0.0007
270cbef2-df2b-4051-b062-e0c96ff094f9	6	24221245	24253511	25	0.7173
270cbef2-df2b-4051-b062-e0c96ff094f9	6	24256324	29882589	3074	0.0076
270cbef2-df2b-4051-b062-e0c96ff094f9	6	29882603	29933799	17	-0.5981
270cbef2-df2b-4051-b062-e0c96ff094f9	6	29940692	31313046	637	-0.0151
270cbef2-df2b-4051-b062-e0c96ff094f9	6	31318499	31328176	7	-2.2192
270cbef2-df2b-4051-b062-e0c96ff094f9	6	31328210	31467577	114	-0.0039
270cbef2-df2b-4051-b062-e0c96ff094f9	6	31468056	32082767	161	0.2337
270cbef2-df2b-4051-b062-e0c96ff094f9	6	32089536	32089726	7	1.3197
270cbef2-df2b-4051-b062-e0c96ff094f9	6	32091414	32266037	91	0.1967
270cbef2-df2b-4051-b062-e0c96ff094f9	6	32266109	32641650	183	-0.0206
270cbef2-df2b-4051-b062-e0c96ff094f9	6	32656527	32658160	5	-1.3189
270cbef2-df2b-4051-b062-e0c96ff094f9	6	32658841	39902802	4539	0.0112
270cbef2-df2b-4051-b062-e0c96ff094f9	6	39903534	39914109	9	0.5095
270cbef2-df2b-4051-b062-e0c96ff094f9	6	39914949	39940070	16	0.8804
270cbef2-df2b-4051-b062-e0c96ff094f9	6	39942671	39955756	16	0.344
270cbef2-df2b-4051-b062-e0c96ff094f9	6	39960386	51937889	7541	0.0024
270cbef2-df2b-4051-b062-e0c96ff094f9	6	51945398	51964909	13	0.4478
270cbef2-df2b-4051-b062-e0c96ff094f9	6	51965092	51995159	19	0.7951
270cbef2-df2b-4051-b062-e0c96ff094f9	6	51999494	52011092	8	0.3789
270cbef2-df2b-4051-b062-e0c96ff094f9	6	52011469	54066269	1491	0.0007
270cbef2-df2b-4051-b062-e0c96ff094f9	6	54066286	54067057	8	-1.0998
270cbef2-df2b-4051-b062-e0c96ff094f9	6	54070550	76726815	12126	-0.01
270cbef2-df2b-4051-b062-e0c96ff094f9	6	76730151	76743040	21	-2.7422
270cbef2-df2b-4051-b062-e0c96ff094f9	6	76751356	77124206	256	-0.0077
270cbef2-df2b-4051-b062-e0c96ff094f9	6	77130159	77131399	2	-1.9694
270cbef2-df2b-4051-b062-e0c96ff094f9	6	77133389	78261980	718	-0.0364
270cbef2-df2b-4051-b062-e0c96ff094f9	6	78261995	78262064	2	-1.7453
270cbef2-df2b-4051-b062-e0c96ff094f9	6	78262085	78329517	107	0.1675
270cbef2-df2b-4051-b062-e0c96ff094f9	6	78331916	80574526	1422	-0.015
270cbef2-df2b-4051-b062-e0c96ff094f9	6	80574714	80579817	31	-0.9399
270cbef2-df2b-4051-b062-e0c96ff094f9	6	80584624	93858713	8466	-0.0023
270cbef2-df2b-4051-b062-e0c96ff094f9	6	93859703	94965875	727	-0.135
270cbef2-df2b-4051-b062-e0c96ff094f9	6	94970302	100716666	3254	-0.0002
270cbef2-df2b-4051-b062-e0c96ff094f9	6	100718399	100737986	12	0.6535
270cbef2-df2b-4051-b062-e0c96ff094f9	6	100741528	100747777	5	1.665
270cbef2-df2b-4051-b062-e0c96ff094f9	6	100755175	100779395	19	0.6151
270cbef2-df2b-4051-b062-e0c96ff094f9	6	100782506	139099858	24096	0.0015
270cbef2-df2b-4051-b062-e0c96ff094f9	6	139100600	139101546	2	-2.149
270cbef2-df2b-4051-b062-e0c96ff094f9	6	139103986	166826272	19056	0.0002
270cbef2-df2b-4051-b062-e0c96ff094f9	6	166827837	170268993	2148	0.0585
270cbef2-df2b-4051-b062-e0c96ff094f9	6	170274253	170741917	219	-0.0101
270cbef2-df2b-4051-b062-e0c96ff094f9	7	43355	223280	133	0.2282
270cbef2-df2b-4051-b062-e0c96ff094f9	7	231145	888250	86	0.0212
270cbef2-df2b-4051-b062-e0c96ff094f9	7	891769	1312909	164	0.2881
270cbef2-df2b-4051-b062-e0c96ff094f9	7	1315896	2191009	322	0.0216
270cbef2-df2b-4051-b062-e0c96ff094f9	7	2193036	2423530	97	0.2914
270cbef2-df2b-4051-b062-e0c96ff094f9	7	2429311	5709591	2160	0.0306
270cbef2-df2b-4051-b062-e0c96ff094f9	7	5721112	5911197	92	0.7865
270cbef2-df2b-4051-b062-e0c96ff094f9	7	5916628	8561203	1825	0.0069
270cbef2-df2b-4051-b062-e0c96ff094f9	7	8562339	10081314	1239	-0.0802
270cbef2-df2b-4051-b062-e0c96ff094f9	7	10081439	28091879	13933	-0.006
270cbef2-df2b-4051-b062-e0c96ff094f9	7	28096814	28132447	35	0.5345
270cbef2-df2b-4051-b062-e0c96ff094f9	7	28132564	54318812	18248	0.0052
270cbef2-df2b-4051-b062-e0c96ff094f9	7	54318816	54318824	5	-2.1953
270cbef2-df2b-4051-b062-e0c96ff094f9	7	54325795	65231948	3027	0.0181
270cbef2-df2b-4051-b062-e0c96ff094f9	7	65233784	65286368	30	0.65
270cbef2-df2b-4051-b062-e0c96ff094f9	7	65287742	68025615	1182	0.0231
270cbef2-df2b-4051-b062-e0c96ff094f9	7	68026002	68033165	10	0.6887
270cbef2-df2b-4051-b062-e0c96ff094f9	7	68034315	70844342	1785	0.0046
270cbef2-df2b-4051-b062-e0c96ff094f9	7	70850038	70864167	12	0.7611
270cbef2-df2b-4051-b062-e0c96ff094f9	7	70864448	70877983	8	1.3479
270cbef2-df2b-4051-b062-e0c96ff094f9	7	70878162	70899116	14	0.6479
270cbef2-df2b-4051-b062-e0c96ff094f9	7	70899527	70955452	32	-0.0187
270cbef2-df2b-4051-b062-e0c96ff094f9	7	70958264	70961155	2	-1.9647
270cbef2-df2b-4051-b062-e0c96ff094f9	7	70963257	88581992	9737	-0.0004
270cbef2-df2b-4051-b062-e0c96ff094f9	7	88583747	90157982	1053	-0.1013
270cbef2-df2b-4051-b062-e0c96ff094f9	7	90158086	93703179	2335	0.0155
270cbef2-df2b-4051-b062-e0c96ff094f9	7	93703194	93703399	2	-1.7813
270cbef2-df2b-4051-b062-e0c96ff094f9	7	93708477	101318147	4016	0.0097
270cbef2-df2b-4051-b062-e0c96ff094f9	7	101318921	101513729	98	0.3192
270cbef2-df2b-4051-b062-e0c96ff094f9	7	101517777	132015702	18299	-0.0031
270cbef2-df2b-4051-b062-e0c96ff094f9	7	132017590	132165222	108	0.2666
270cbef2-df2b-4051-b062-e0c96ff094f9	7	132165318	143780181	7469	0.0052
270cbef2-df2b-4051-b062-e0c96ff094f9	7	143790571	143878890	17	-0.5289
270cbef2-df2b-4051-b062-e0c96ff094f9	7	143879007	144207186	265	-0.0104
270cbef2-df2b-4051-b062-e0c96ff094f9	7	144249785	144312471	10	-0.804
270cbef2-df2b-4051-b062-e0c96ff094f9	7	144326306	158681633	9188	0.0123
270cbef2-df2b-4051-b062-e0c96ff094f9	7	158681681	159334314	428	0.1845
270cbef2-df2b-4051-b062-e0c96ff094f9	8	81254	644973	322	0.0772
270cbef2-df2b-4051-b062-e0c96ff094f9	8	645220	656696	13	0.896
270cbef2-df2b-4051-b062-e0c96ff094f9	8	657161	2165869	1193	0.0388
270cbef2-df2b-4051-b062-e0c96ff094f9	8	2166022	2210732	50	0.4834
270cbef2-df2b-4051-b062-e0c96ff094f9	8	2210914	2752393	328	0.0292
270cbef2-df2b-4051-b062-e0c96ff094f9	8	2752537	6152050	4604	-0.0462
270cbef2-df2b-4051-b062-e0c96ff094f9	8	6152472	7185818	1179	0.0516
270cbef2-df2b-4051-b062-e0c96ff094f9	8	7296545	7380497	24	-0.456
270cbef2-df2b-4051-b062-e0c96ff094f9	8	7396819	8007744	34	0.5274
270cbef2-df2b-4051-b062-e0c96ff094f9	8	8078333	9265723	999	0.0186
270cbef2-df2b-4051-b062-e0c96ff094f9	8	9265814	9270006	4	0.6888
270cbef2-df2b-4051-b062-e0c96ff094f9	8	9274700	9292569	15	1.1367
270cbef2-df2b-4051-b062-e0c96ff094f9	8	9293727	9298817	14	0.7305
270cbef2-df2b-4051-b062-e0c96ff094f9	8	9298958	9311957	14	0.4952
270cbef2-df2b-4051-b062-e0c96ff094f9	8	9312358	11812596	2020	0.0113
270cbef2-df2b-4051-b062-e0c96ff094f9	8	11813532	11957903	109	0.2218
270cbef2-df2b-4051-b062-e0c96ff094f9	8	11958789	39373140	19469	-0.0048
270cbef2-df2b-4051-b062-e0c96ff094f9	8	39378084	39529446	59	0.788
270cbef2-df2b-4051-b062-e0c96ff094f9	8	39530780	40324598	587	0.0018
270cbef2-df2b-4051-b062-e0c96ff094f9	8	40326278	40331992	34	-0.9227
270cbef2-df2b-4051-b062-e0c96ff094f9	8	40335391	75082431	19792	0.0033
270cbef2-df2b-4051-b062-e0c96ff094f9	8	75090507	75120727	31	0.8726
270cbef2-df2b-4051-b062-e0c96ff094f9	8	75126043	95583508	11879	-0.005
270cbef2-df2b-4051-b062-e0c96ff094f9	8	95583570	95611628	23	0.5813
270cbef2-df2b-4051-b062-e0c96ff094f9	8	95616081	108514598	7955	0.0019
270cbef2-df2b-4051-b062-e0c96ff094f9	8	108515595	108523243	6	-1.0037
270cbef2-df2b-4051-b062-e0c96ff094f9	8	108525147	111279265	1528	-0.001
270cbef2-df2b-4051-b062-e0c96ff094f9	8	111282050	111283031	10	-2.0829
270cbef2-df2b-4051-b062-e0c96ff094f9	8	111288052	140974331	20999	-0.0023
270cbef2-df2b-4051-b062-e0c96ff094f9	8	140975314	141189108	174	0.1839
270cbef2-df2b-4051-b062-e0c96ff094f9	8	141190632	141243382	38	0.5569
270cbef2-df2b-4051-b062-e0c96ff094f9	8	141244416	142423309	670	0.2077
270cbef2-df2b-4051-b062-e0c96ff094f9	8	142423653	143610108	426	0.0646
270cbef2-df2b-4051-b062-e0c96ff094f9	8	143610163	143636819	16	0.5988
270cbef2-df2b-4051-b062-e0c96ff094f9	8	143642893	144177593	145	0.119
270cbef2-df2b-4051-b062-e0c96ff094f9	8	144182542	144198587	5	0.5293
270cbef2-df2b-4051-b062-e0c96ff094f9	8	144198748	144232274	28	1.0425
270cbef2-df2b-4051-b062-e0c96ff094f9	8	144284502	145072769	321	0.2572
270cbef2-df2b-4051-b062-e0c96ff094f9	9	46587	1259530	1230	0.0281
270cbef2-df2b-4051-b062-e0c96ff094f9	9	1259829	1300274	49	0.3261
270cbef2-df2b-4051-b062-e0c96ff094f9	9	1301422	6417338	4852	-0.0182
270cbef2-df2b-4051-b062-e0c96ff094f9	9	6417677	6846949	314	0.1153
270cbef2-df2b-4051-b062-e0c96ff094f9	9	6848201	9238776	2347	-0.0035
270cbef2-df2b-4051-b062-e0c96ff094f9	9	9238929	12634038	2920	-0.0936
270cbef2-df2b-4051-b062-e0c96ff094f9	9	12634682	28044101	12150	-0.0104
270cbef2-df2b-4051-b062-e0c96ff094f9	9	28044706	28050693	6	-1.1711
270cbef2-df2b-4051-b062-e0c96ff094f9	9	28055605	36954847	5845	-0.0128
270cbef2-df2b-4051-b062-e0c96ff094f9	9	36955091	36983810	24	0.4836
270cbef2-df2b-4051-b062-e0c96ff094f9	9	36984903	39456495	1285	-0.006
270cbef2-df2b-4051-b062-e0c96ff094f9	9	39459156	63276793	276	0.1748
270cbef2-df2b-4051-b062-e0c96ff094f9	9	63343739	87731076	14152	-0.0023
270cbef2-df2b-4051-b062-e0c96ff094f9	9	87732795	87786489	50	0.6582
270cbef2-df2b-4051-b062-e0c96ff094f9	9	87786723	87907679	95	0.1029
270cbef2-df2b-4051-b062-e0c96ff094f9	9	87939236	87939304	2	-1.8631
270cbef2-df2b-4051-b062-e0c96ff094f9	9	87943042	88592086	375	0.022
270cbef2-df2b-4051-b062-e0c96ff094f9	9	88592576	88667397	45	0.4626
270cbef2-df2b-4051-b062-e0c96ff094f9	9	88668046	126851417	27079	-0.0028
270cbef2-df2b-4051-b062-e0c96ff094f9	9	126854027	126865492	8	0.7428
270cbef2-df2b-4051-b062-e0c96ff094f9	9	126865639	126887077	10	1.3802
270cbef2-df2b-4051-b062-e0c96ff094f9	9	126888361	126906452	11	0.7911
270cbef2-df2b-4051-b062-e0c96ff094f9	9	126907071	130149668	1612	0.0179
270cbef2-df2b-4051-b062-e0c96ff094f9	9	130149690	130216301	35	0.5044
270cbef2-df2b-4051-b062-e0c96ff094f9	9	130217887	131381288	781	0.0039
270cbef2-df2b-4051-b062-e0c96ff094f9	9	131383392	131445859	37	0.647
270cbef2-df2b-4051-b062-e0c96ff094f9	9	131446937	135248141	2439	0.0158
270cbef2-df2b-4051-b062-e0c96ff094f9	9	135248156	135472543	149	0.2566
270cbef2-df2b-4051-b062-e0c96ff094f9	9	135473649	136161669	298	0.0022
270cbef2-df2b-4051-b062-e0c96ff094f9	9	136164933	136376903	33	0.4196
270cbef2-df2b-4051-b062-e0c96ff094f9	9	136388303	137333905	251	0.1046
270cbef2-df2b-4051-b062-e0c96ff094f9	9	137334669	137339770	5	0.967
270cbef2-df2b-4051-b062-e0c96ff094f9	9	137339877	137361381	10	1.6717
270cbef2-df2b-4051-b062-e0c96ff094f9	9	137378551	137388889	5	0.9361
270cbef2-df2b-4051-b062-e0c96ff094f9	9	137396337	138098496	334	0.0928
270cbef2-df2b-4051-b062-e0c96ff094f9	9	138098958	138124242	49	0.3436
270cbef2-df2b-4051-b062-e0c96ff094f9	9	138130866	138200944	17	-0.0938
270cbef2-df2b-4051-b062-e0c96ff094f9	10	45792	446752	226	0.0244
270cbef2-df2b-4051-b062-e0c96ff094f9	10	450085	460045	8	0.6744
270cbef2-df2b-4051-b062-e0c96ff094f9	10	460156	488279	21	1.3911
270cbef2-df2b-4051-b062-e0c96ff094f9	10	489348	506456	21	0.8248
270cbef2-df2b-4051-b062-e0c96ff094f9	10	506468	5568386	4426	0.0118
270cbef2-df2b-4051-b062-e0c96ff094f9	10	5569463	5667424	81	0.2376
270cbef2-df2b-4051-b062-e0c96ff094f9	10	5669018	8790346	2797	0.0033
270cbef2-df2b-4051-b062-e0c96ff094f9	10	8790440	8815209	31	0.4395
270cbef2-df2b-4051-b062-e0c96ff094f9	10	8815300	23294077	10958	-0.0003
270cbef2-df2b-4051-b062-e0c96ff094f9	10	23294115	23359578	33	0.4334
270cbef2-df2b-4051-b062-e0c96ff094f9	10	23361174	24086334	513	0.0017
270cbef2-df2b-4051-b062-e0c96ff094f9	10	24088745	24089125	11	1.1119
270cbef2-df2b-4051-b062-e0c96ff094f9	10	24089979	25849046	1231	-0.0021
270cbef2-df2b-4051-b062-e0c96ff094f9	10	25851137	25886996	36	0.4018
270cbef2-df2b-4051-b062-e0c96ff094f9	10	25887122	34797709	6332	0.0011
270cbef2-df2b-4051-b062-e0c96ff094f9	10	34797727	34996209	120	0.2125
270cbef2-df2b-4051-b062-e0c96ff094f9	10	34998490	36726379	1118	0.0134
270cbef2-df2b-4051-b062-e0c96ff094f9	10	36726392	36767174	34	0.4643
270cbef2-df2b-4051-b062-e0c96ff094f9	10	36767427	46522571	3568	0.0099
270cbef2-df2b-4051-b062-e0c96ff094f9	10	46525652	46526280	14	-0.5757
270cbef2-df2b-4051-b062-e0c96ff094f9	10	46526920	46657149	29	0.1528
270cbef2-df2b-4051-b062-e0c96ff094f9	10	46693480	46810571	9	-1.1061
270cbef2-df2b-4051-b062-e0c96ff094f9	10	46836986	54697027	5139	-0.0049
270cbef2-df2b-4051-b062-e0c96ff094f9	10	54697413	56070351	924	-0.0942
270cbef2-df2b-4051-b062-e0c96ff094f9	10	56070475	69651450	9236	-0.0086
270cbef2-df2b-4051-b062-e0c96ff094f9	10	69653835	69654819	2	-1.7906
270cbef2-df2b-4051-b062-e0c96ff094f9	10	69654874	70653619	807	0.0055
270cbef2-df2b-4051-b062-e0c96ff094f9	10	70653677	70673754	15	0.3692
270cbef2-df2b-4051-b062-e0c96ff094f9	10	70677868	70702527	19	0.903
270cbef2-df2b-4051-b062-e0c96ff094f9	10	70702901	70741603	41	0.3774
270cbef2-df2b-4051-b062-e0c96ff094f9	10	70743067	79976484	5755	0.0085
270cbef2-df2b-4051-b062-e0c96ff094f9	10	79977890	80213053	153	0.1727
270cbef2-df2b-4051-b062-e0c96ff094f9	10	80215399	91981257	8224	0.0001
270cbef2-df2b-4051-b062-e0c96ff094f9	10	91984291	92038895	26	0.4341
270cbef2-df2b-4051-b062-e0c96ff094f9	10	92039123	100280320	5066	0.0028
270cbef2-df2b-4051-b062-e0c96ff094f9	10	100282937	100334837	44	0.9527
270cbef2-df2b-4051-b062-e0c96ff094f9	10	100343657	100486339	76	0.1196
270cbef2-df2b-4051-b062-e0c96ff094f9	10	100487478	106651962	3694	-0.0106
270cbef2-df2b-4051-b062-e0c96ff094f9	10	106654522	106654901	2	-1.6293
270cbef2-df2b-4051-b062-e0c96ff094f9	10	106658062	130565362	17567	-0.0018
270cbef2-df2b-4051-b062-e0c96ff094f9	10	130565672	132747307	1519	0.0766
270cbef2-df2b-4051-b062-e0c96ff094f9	10	132747703	133034673	128	0.2767
270cbef2-df2b-4051-b062-e0c96ff094f9	10	133034807	133654968	260	0.0658
270cbef2-df2b-4051-b062-e0c96ff094f9	11	198510	484204	114	0.2795
270cbef2-df2b-4051-b062-e0c96ff094f9	11	491334	1660062	406	0.0704
270cbef2-df2b-4051-b062-e0c96ff094f9	11	1662334	1883471	69	0.2826
270cbef2-df2b-4051-b062-e0c96ff094f9	11	1883627	2477588	192	0.0282
270cbef2-df2b-4051-b062-e0c96ff094f9	11	2481112	2628673	81	0.2554
270cbef2-df2b-4051-b062-e0c96ff094f9	11	2629535	5762693	2354	0.0051
270cbef2-df2b-4051-b062-e0c96ff094f9	11	5766175	5787909	33	-0.8294
270cbef2-df2b-4051-b062-e0c96ff094f9	11	5788108	17149491	8188	0.0012
270cbef2-df2b-4051-b062-e0c96ff094f9	11	17149957	17185061	23	0.2449
270cbef2-df2b-4051-b062-e0c96ff094f9	11	17190828	17199616	4	0.95
270cbef2-df2b-4051-b062-e0c96ff094f9	11	17202557	17221059	15	0.3494
270cbef2-df2b-4051-b062-e0c96ff094f9	11	17226997	21733139	3690	-0.014
270cbef2-df2b-4051-b062-e0c96ff094f9	11	21735961	21741547	3	-1.6693
270cbef2-df2b-4051-b062-e0c96ff094f9	11	21741865	31175333	6441	-0.0107
270cbef2-df2b-4051-b062-e0c96ff094f9	11	31175496	31201518	12	0.6693
270cbef2-df2b-4051-b062-e0c96ff094f9	11	31203653	31217621	12	1.3887
270cbef2-df2b-4051-b062-e0c96ff094f9	11	31220836	31241959	11	0.6998
270cbef2-df2b-4051-b062-e0c96ff094f9	11	31242403	44630575	9400	-0.0122
270cbef2-df2b-4051-b062-e0c96ff094f9	11	44630604	44646887	9	0.6845
270cbef2-df2b-4051-b062-e0c96ff094f9	11	44647478	44673125	23	1.2168
270cbef2-df2b-4051-b062-e0c96ff094f9	11	44673290	44683448	11	0.675
270cbef2-df2b-4051-b062-e0c96ff094f9	11	44683556	55606572	3229	-0.0177
270cbef2-df2b-4051-b062-e0c96ff094f9	11	55606712	55685533	57	0.4494
270cbef2-df2b-4051-b062-e0c96ff094f9	11	55686100	56275611	413	-0.1183
270cbef2-df2b-4051-b062-e0c96ff094f9	11	56279424	64828200	4689	0.0043
270cbef2-df2b-4051-b062-e0c96ff094f9	11	64855397	65489985	234	0.2787
270cbef2-df2b-4051-b062-e0c96ff094f9	11	65491446	65545283	19	0.9269
270cbef2-df2b-4051-b062-e0c96ff094f9	11	65545998	65936447	171	0.3183
270cbef2-df2b-4051-b062-e0c96ff094f9	11	65941956	75109101	4450	0.0003
270cbef2-df2b-4051-b062-e0c96ff094f9	11	75109113	75138174	20	0.5936
270cbef2-df2b-4051-b062-e0c96ff094f9	11	75142311	81787763	4526	-0.0067
270cbef2-df2b-4051-b062-e0c96ff094f9	11	81792426	81806116	11	-0.6614
270cbef2-df2b-4051-b062-e0c96ff094f9	11	81811590	95299258	8987	-0.0094
270cbef2-df2b-4051-b062-e0c96ff094f9	11	95301898	95365082	47	0.3265
270cbef2-df2b-4051-b062-e0c96ff094f9	11	95365428	101723653	4890	-0.0086
270cbef2-df2b-4051-b062-e0c96ff094f9	11	101727129	101727233	4	1.2635
270cbef2-df2b-4051-b062-e0c96ff094f9	11	101727481	107359993	3781	0.0102
270cbef2-df2b-4051-b062-e0c96ff094f9	11	107367930	107368402	7	-1.0651
270cbef2-df2b-4051-b062-e0c96ff094f9	11	107381636	119326546	8045	0.0025
270cbef2-df2b-4051-b062-e0c96ff094f9	11	119330968	119373968	27	0.5971
270cbef2-df2b-4051-b062-e0c96ff094f9	11	119376592	119478541	74	0.0302
270cbef2-df2b-4051-b062-e0c96ff094f9	11	119482477	119497592	13	0.5895
270cbef2-df2b-4051-b062-e0c96ff094f9	11	119505146	119525765	22	1.1667
270cbef2-df2b-4051-b062-e0c96ff094f9	11	119528549	119539720	11	0.4909
270cbef2-df2b-4051-b062-e0c96ff094f9	11	119541154	120249528	518	0.0537
270cbef2-df2b-4051-b062-e0c96ff094f9	11	120249970	133898991	10281	0.0062
270cbef2-df2b-4051-b062-e0c96ff094f9	11	133902940	135074876	872	0.0854
270cbef2-df2b-4051-b062-e0c96ff094f9	12	51460	225844	99	0.2341
270cbef2-df2b-4051-b062-e0c96ff094f9	12	225899	440374	114	-0.0404
270cbef2-df2b-4051-b062-e0c96ff094f9	12	440489	770333	234	0.2151
270cbef2-df2b-4051-b062-e0c96ff094f9	12	770598	1496957	403	0.0098
270cbef2-df2b-4051-b062-e0c96ff094f9	12	1498744	1674486	101	0.2352
270cbef2-df2b-4051-b062-e0c96ff094f9	12	1674673	7805181	4376	0.0171
270cbef2-df2b-4051-b062-e0c96ff094f9	12	7805809	7985126	75	0.2594
270cbef2-df2b-4051-b062-e0c96ff094f9	12	7987805	9282918	661	0.0267
270cbef2-df2b-4051-b062-e0c96ff094f9	12	9282978	9477960	85	0.1498
270cbef2-df2b-4051-b062-e0c96ff094f9	12	9481274	9575696	23	-1.4607
270cbef2-df2b-4051-b062-e0c96ff094f9	12	9582373	33227031	16574	0.0012
270cbef2-df2b-4051-b062-e0c96ff094f9	12	33232895	33242483	7	-1.825
270cbef2-df2b-4051-b062-e0c96ff094f9	12	33246118	34097761	531	-0.063
270cbef2-df2b-4051-b062-e0c96ff094f9	12	34103774	34122471	11	-1.1355
270cbef2-df2b-4051-b062-e0c96ff094f9	12	34122859	34227879	63	0.0061
270cbef2-df2b-4051-b062-e0c96ff094f9	12	34230635	34424876	77	0.2404
270cbef2-df2b-4051-b062-e0c96ff094f9	12	34425363	45506042	4837	-0.0201
270cbef2-df2b-4051-b062-e0c96ff094f9	12	45510655	45515754	4	1.5099
270cbef2-df2b-4051-b062-e0c96ff094f9	12	45519509	48331259	1708	0.0058
270cbef2-df2b-4051-b062-e0c96ff094f9	12	48331456	48331632	3	-1.8219
270cbef2-df2b-4051-b062-e0c96ff094f9	12	48336253	49872381	676	-0.0005
270cbef2-df2b-4051-b062-e0c96ff094f9	12	49872511	53480986	2177	0.0457
270cbef2-df2b-4051-b062-e0c96ff094f9	12	53481751	82277513	18044	-0.003
270cbef2-df2b-4051-b062-e0c96ff094f9	12	82282871	82283276	2	-2.0036
270cbef2-df2b-4051-b062-e0c96ff094f9	12	82283339	114833410	21005	0.0016
270cbef2-df2b-4051-b062-e0c96ff094f9	12	114834338	114859418	29	0.6065
270cbef2-df2b-4051-b062-e0c96ff094f9	12	114859488	114890645	19	1.262
270cbef2-df2b-4051-b062-e0c96ff094f9	12	114895335	114905687	8	0.5055
270cbef2-df2b-4051-b062-e0c96ff094f9	12	114914861	115789952	846	0.0025
270cbef2-df2b-4051-b062-e0c96ff094f9	12	115790211	115812894	61	0.2636
270cbef2-df2b-4051-b062-e0c96ff094f9	12	115812929	119894128	2841	-0.0048
270cbef2-df2b-4051-b062-e0c96ff094f9	12	119895200	119931394	18	0.8761
270cbef2-df2b-4051-b062-e0c96ff094f9	12	119931697	129814163	6720	0.0047
270cbef2-df2b-4051-b062-e0c96ff094f9	12	129814248	129852654	26	0.6427
270cbef2-df2b-4051-b062-e0c96ff094f9	12	129853129	132139078	1672	0.0499
270cbef2-df2b-4051-b062-e0c96ff094f9	12	132174598	133020325	276	0.2351
270cbef2-df2b-4051-b062-e0c96ff094f9	12	133020328	133201603	75	0.0514
270cbef2-df2b-4051-b062-e0c96ff094f9	13	18452809	33168753	10441	0.0076
270cbef2-df2b-4051-b062-e0c96ff094f9	13	33168901	33193991	41	0.3613
270cbef2-df2b-4051-b062-e0c96ff094f9	13	33195790	37496998	2944	-0.0005
270cbef2-df2b-4051-b062-e0c96ff094f9	13	37497899	37514250	19	-0.6042
270cbef2-df2b-4051-b062-e0c96ff094f9	13	37514472	50236994	8559	0.0009
270cbef2-df2b-4051-b062-e0c96ff094f9	13	50237015	50288516	48	0.9338
270cbef2-df2b-4051-b062-e0c96ff094f9	13	50293471	63545014	7609	-0.0139
270cbef2-df2b-4051-b062-e0c96ff094f9	13	63545929	64372045	479	-0.1157
270cbef2-df2b-4051-b062-e0c96ff094f9	13	64372411	71902850	4757	-0.0088
270cbef2-df2b-4051-b062-e0c96ff094f9	13	71903417	71906418	4	-2.1426
270cbef2-df2b-4051-b062-e0c96ff094f9	13	71906467	98262772	17135	-0.0051
270cbef2-df2b-4051-b062-e0c96ff094f9	13	98262787	98262894	2	-2.0424
270cbef2-df2b-4051-b062-e0c96ff094f9	13	98262930	100032178	1235	0.0025
270cbef2-df2b-4051-b062-e0c96ff094f9	13	100033332	100088583	19	1.0996
270cbef2-df2b-4051-b062-e0c96ff094f9	13	100093289	100109008	12	0.2499
270cbef2-df2b-4051-b062-e0c96ff094f9	13	100111477	105140171	4011	0.0043
270cbef2-df2b-4051-b062-e0c96ff094f9	13	105140729	105739538	464	-0.1091
270cbef2-df2b-4051-b062-e0c96ff094f9	13	105740242	112810263	5395	0.0109
270cbef2-df2b-4051-b062-e0c96ff094f9	13	112813051	112971082	98	0.1148
270cbef2-df2b-4051-b062-e0c96ff094f9	13	112971491	113070745	50	0.3848
270cbef2-df2b-4051-b062-e0c96ff094f9	13	113073227	114342922	536	0.0914
270cbef2-df2b-4051-b062-e0c96ff094f9	14	18239283	18605732	11	-0.1477
270cbef2-df2b-4051-b062-e0c96ff094f9	14	18605867	19926759	139	0.2811
270cbef2-df2b-4051-b062-e0c96ff094f9	14	19926968	20477790	393	-0.0365
270cbef2-df2b-4051-b062-e0c96ff094f9	14	20478760	20525104	49	0.4816
270cbef2-df2b-4051-b062-e0c96ff094f9	14	20530437	20697320	139	0.0338
270cbef2-df2b-4051-b062-e0c96ff094f9	14	20698068	20720526	12	0.8888
270cbef2-df2b-4051-b062-e0c96ff094f9	14	20721513	21775218	620	0.0316
270cbef2-df2b-4051-b062-e0c96ff094f9	14	21776773	22322488	503	-0.1116
270cbef2-df2b-4051-b062-e0c96ff094f9	14	22322563	22329312	9	-0.9845
270cbef2-df2b-4051-b062-e0c96ff094f9	14	22332503	22473629	86	-0.1035
270cbef2-df2b-4051-b062-e0c96ff094f9	14	22473900	22608000	150	0.0502
270cbef2-df2b-4051-b062-e0c96ff094f9	14	22608509	22683862	50	0.4266
270cbef2-df2b-4051-b062-e0c96ff094f9	14	22683982	23975620	704	0.0249
270cbef2-df2b-4051-b062-e0c96ff094f9	14	23975769	24015250	22	-0.7038
270cbef2-df2b-4051-b062-e0c96ff094f9	14	24018934	28761654	3035	-0.0157
270cbef2-df2b-4051-b062-e0c96ff094f9	14	28763608	28764665	2	-2.0171
270cbef2-df2b-4051-b062-e0c96ff094f9	14	28780143	35022137	3989	-0.0007
270cbef2-df2b-4051-b062-e0c96ff094f9	14	35023871	35070193	20	0.4714
270cbef2-df2b-4051-b062-e0c96ff094f9	14	35070654	40139724	3035	-0.0106
270cbef2-df2b-4051-b062-e0c96ff094f9	14	40144718	40147715	2	-2.9828
270cbef2-df2b-4051-b062-e0c96ff094f9	14	40148961	76279236	22722	-0.0077
270cbef2-df2b-4051-b062-e0c96ff094f9	14	76282098	76318266	20	0.6443
270cbef2-df2b-4051-b062-e0c96ff094f9	14	76318545	85818410	6494	0.0049
270cbef2-df2b-4051-b062-e0c96ff094f9	14	85819968	85845829	15	-1.462
270cbef2-df2b-4051-b062-e0c96ff094f9	14	85849791	104364283	12060	0.0017
270cbef2-df2b-4051-b062-e0c96ff094f9	14	104364678	104425816	27	0.8038
270cbef2-df2b-4051-b062-e0c96ff094f9	14	104429175	105520403	323	0.0513
270cbef2-df2b-4051-b062-e0c96ff094f9	14	105521701	105780462	38	0.5121
270cbef2-df2b-4051-b062-e0c96ff094f9	14	105784746	106416146	234	0.012
270cbef2-df2b-4051-b062-e0c96ff094f9	14	106418444	106475361	51	-0.6813
270cbef2-df2b-4051-b062-e0c96ff094f9	14	106487515	106877229	192	0.0643
270cbef2-df2b-4051-b062-e0c96ff094f9	15	19811075	20345433	76	-0.0327
270cbef2-df2b-4051-b062-e0c96ff094f9	15	20364698	20376202	17	-0.3936
270cbef2-df2b-4051-b062-e0c96ff094f9	15	20376309	20384789	14	-1.2099
270cbef2-df2b-4051-b062-e0c96ff094f9	15	20384907	21417107	68	-0.4945
270cbef2-df2b-4051-b062-e0c96ff094f9	15	21975606	27599035	3322	-0.003
270cbef2-df2b-4051-b062-e0c96ff094f9	15	27600129	27627089	28	0.5557
270cbef2-df2b-4051-b062-e0c96ff094f9	15	27627656	30253290	1300	0.0418
270cbef2-df2b-4051-b062-e0c96ff094f9	15	30253522	30297594	8	-1.7375
270cbef2-df2b-4051-b062-e0c96ff094f9	15	30300815	32257550	1070	-0.0055
270cbef2-df2b-4051-b062-e0c96ff094f9	15	32283641	32491973	12	0.8058
270cbef2-df2b-4051-b062-e0c96ff094f9	15	32504134	61392006	18768	-0.0016
270cbef2-df2b-4051-b062-e0c96ff094f9	15	61395970	61405782	17	-1.1196
270cbef2-df2b-4051-b062-e0c96ff094f9	15	61408185	76599170	9075	-0.006
270cbef2-df2b-4051-b062-e0c96ff094f9	15	76599286	76603434	20	-1.9099
270cbef2-df2b-4051-b062-e0c96ff094f9	15	76609838	77009431	180	-0.0397
270cbef2-df2b-4051-b062-e0c96ff094f9	15	77009541	77027251	9	0.845
270cbef2-df2b-4051-b062-e0c96ff094f9	15	77030688	77056003	10	1.3229
270cbef2-df2b-4051-b062-e0c96ff094f9	15	77063474	77135496	41	0.1456
270cbef2-df2b-4051-b062-e0c96ff094f9	15	77138685	93104596	10640	-0.0008
270cbef2-df2b-4051-b062-e0c96ff094f9	15	93105977	93435788	354	0.1271
270cbef2-df2b-4051-b062-e0c96ff094f9	15	93436384	101343732	5899	-0.0004
270cbef2-df2b-4051-b062-e0c96ff094f9	15	101343747	101928837	416	0.1186
270cbef2-df2b-4051-b062-e0c96ff094f9	16	10777	836376	326	0.3415
270cbef2-df2b-4051-b062-e0c96ff094f9	16	848328	1129031	80	0.0834
270cbef2-df2b-4051-b062-e0c96ff094f9	16	1136465	1299208	27	0.4823
270cbef2-df2b-4051-b062-e0c96ff094f9	16	1299928	1479704	39	0.0635
270cbef2-df2b-4051-b062-e0c96ff094f9	16	1487838	1515349	13	0.4549
270cbef2-df2b-4051-b062-e0c96ff094f9	16	1515717	8937247	5974	0.0149
270cbef2-df2b-4051-b062-e0c96ff094f9	16	8939007	9139031	111	0.2624
270cbef2-df2b-4051-b062-e0c96ff094f9	16	9142442	14579793	4436	0.0072
270cbef2-df2b-4051-b062-e0c96ff094f9	16	14580039	16419234	694	0.1875
270cbef2-df2b-4051-b062-e0c96ff094f9	16	16419422	19933041	1706	0.0238
270cbef2-df2b-4051-b062-e0c96ff094f9	16	19934328	19956040	29	-0.7419
270cbef2-df2b-4051-b062-e0c96ff094f9	16	19958932	20029811	55	-0.0294
270cbef2-df2b-4051-b062-e0c96ff094f9	16	20030027	20059576	28	0.4935
270cbef2-df2b-4051-b062-e0c96ff094f9	16	20059972	21368130	804	-0.0274
270cbef2-df2b-4051-b062-e0c96ff094f9	16	21401082	22863917	593	0.1416
270cbef2-df2b-4051-b062-e0c96ff094f9	16	22864421	28637882	3907	-0.0001
270cbef2-df2b-4051-b062-e0c96ff094f9	16	28696878	29020972	74	0.3472
270cbef2-df2b-4051-b062-e0c96ff094f9	16	29021481	29568713	124	-0.0338
270cbef2-df2b-4051-b062-e0c96ff094f9	16	29569793	30157020	198	0.3451
270cbef2-df2b-4051-b062-e0c96ff094f9	16	30158204	35224666	869	0.0446
270cbef2-df2b-4051-b062-e0c96ff094f9	16	35225156	35522700	171	0.3822
270cbef2-df2b-4051-b062-e0c96ff094f9	16	35526596	83862630	27049	-0.0036
270cbef2-df2b-4051-b062-e0c96ff094f9	16	83862696	85969946	1638	0.1209
270cbef2-df2b-4051-b062-e0c96ff094f9	16	85970633	86969517	1159	0.0031
270cbef2-df2b-4051-b062-e0c96ff094f9	16	86969540	87009102	19	0.6229
270cbef2-df2b-4051-b062-e0c96ff094f9	16	87010216	88305003	792	0.0258
270cbef2-df2b-4051-b062-e0c96ff094f9	16	88306642	88667936	130	0.2294
270cbef2-df2b-4051-b062-e0c96ff094f9	16	88670764	88991153	81	0.4928
270cbef2-df2b-4051-b062-e0c96ff094f9	16	88994845	89234014	104	0.2938
270cbef2-df2b-4051-b062-e0c96ff094f9	16	89237903	89501984	147	0.1064
270cbef2-df2b-4051-b062-e0c96ff094f9	16	89502084	89582172	50	0.3812
270cbef2-df2b-4051-b062-e0c96ff094f9	16	89582383	89765102	49	0.5821
270cbef2-df2b-4051-b062-e0c96ff094f9	16	89768881	90096867	180	0.2729
270cbef2-df2b-4051-b062-e0c96ff094f9	17	150733	657611	260	0.2776
270cbef2-df2b-4051-b062-e0c96ff094f9	17	659004	717693	45	-0.1041
270cbef2-df2b-4051-b062-e0c96ff094f9	17	718237	1262192	250	0.2415
270cbef2-df2b-4051-b062-e0c96ff094f9	17	1276729	3572691	1269	0.0289
270cbef2-df2b-4051-b062-e0c96ff094f9	17	3574296	3639977	41	0.3822
270cbef2-df2b-4051-b062-e0c96ff094f9	17	3642866	4396337	447	-0.0017
270cbef2-df2b-4051-b062-e0c96ff094f9	17	4396818	4485039	51	0.3581
270cbef2-df2b-4051-b062-e0c96ff094f9	17	4485224	4999663	203	0.1208
270cbef2-df2b-4051-b062-e0c96ff094f9	17	5000823	5679663	366	-0.0209
270cbef2-df2b-4051-b062-e0c96ff094f9	17	5679715	5697974	14	0.3068
270cbef2-df2b-4051-b062-e0c96ff094f9	17	5698601	5734582	29	0.8144
270cbef2-df2b-4051-b062-e0c96ff094f9	17	5734803	6204568	378	-0.0194
270cbef2-df2b-4051-b062-e0c96ff094f9	17	6204790	6209092	3	-1.3764
270cbef2-df2b-4051-b062-e0c96ff094f9	17	6209144	34490111	13797	0.013
270cbef2-df2b-4051-b062-e0c96ff094f9	17	34492307	34528883	49	0.498
270cbef2-df2b-4051-b062-e0c96ff094f9	17	34532072	36077954	958	0.0224
270cbef2-df2b-4051-b062-e0c96ff094f9	17	36084295	36101021	14	0.5161
270cbef2-df2b-4051-b062-e0c96ff094f9	17	36102943	36735888	276	0.0363
270cbef2-df2b-4051-b062-e0c96ff094f9	17	36736537	36737226	2	-2.1833
270cbef2-df2b-4051-b062-e0c96ff094f9	17	36740662	45355118	4398	0.0234
270cbef2-df2b-4051-b062-e0c96ff094f9	17	45365868	46039832	358	0.1686
270cbef2-df2b-4051-b062-e0c96ff094f9	17	46041633	46137998	71	-0.0155
270cbef2-df2b-4051-b062-e0c96ff094f9	17	46138108	46286804	86	-0.2825
270cbef2-df2b-4051-b062-e0c96ff094f9	17	46323701	46446360	4	-1.1108
270cbef2-df2b-4051-b062-e0c96ff094f9	17	46569894	46711919	10	-0.3243
270cbef2-df2b-4051-b062-e0c96ff094f9	17	46712919	73742096	16670	-0.0008
270cbef2-df2b-4051-b062-e0c96ff094f9	17	73742947	74024470	207	0.1036
270cbef2-df2b-4051-b062-e0c96ff094f9	17	74026129	74739490	442	0.2038
270cbef2-df2b-4051-b062-e0c96ff094f9	17	74739876	76913017	1022	0.0435
270cbef2-df2b-4051-b062-e0c96ff094f9	17	76914310	76933916	20	0.855
270cbef2-df2b-4051-b062-e0c96ff094f9	17	76934144	77336374	243	0.0291
270cbef2-df2b-4051-b062-e0c96ff094f9	17	77336750	77375892	39	1.0087
270cbef2-df2b-4051-b062-e0c96ff094f9	17	77376044	78412288	586	0.0639
270cbef2-df2b-4051-b062-e0c96ff094f9	17	78412343	78456702	25	0.9742
270cbef2-df2b-4051-b062-e0c96ff094f9	17	78459996	80636836	1263	0.0807
270cbef2-df2b-4051-b062-e0c96ff094f9	17	80637868	80694666	35	0.6115
270cbef2-df2b-4051-b062-e0c96ff094f9	17	80694895	80722487	14	0.2209
270cbef2-df2b-4051-b062-e0c96ff094f9	17	80729045	80951849	147	-0.0449
270cbef2-df2b-4051-b062-e0c96ff094f9	17	80952150	81158113	54	0.2191
270cbef2-df2b-4051-b062-e0c96ff094f9	17	81161357	81168461	2	1.6622
270cbef2-df2b-4051-b062-e0c96ff094f9	17	81168719	83091923	708	0.1044
270cbef2-df2b-4051-b062-e0c96ff094f9	18	48133	470944	307	-0.0054
270cbef2-df2b-4051-b062-e0c96ff094f9	18	475761	501925	22	0.5478
270cbef2-df2b-4051-b062-e0c96ff094f9	18	504078	523677	8	1.348
270cbef2-df2b-4051-b062-e0c96ff094f9	18	523832	551436	17	0.5978
270cbef2-df2b-4051-b062-e0c96ff094f9	18	552434	615394	59	0.0399
270cbef2-df2b-4051-b062-e0c96ff094f9	18	615650	681218	68	0.2674
270cbef2-df2b-4051-b062-e0c96ff094f9	18	681724	12192232	8361	0.0003
270cbef2-df2b-4051-b062-e0c96ff094f9	18	12192656	12244141	13	0.5788
270cbef2-df2b-4051-b062-e0c96ff094f9	18	12244221	40678118	13843	-0.0063
270cbef2-df2b-4051-b062-e0c96ff094f9	18	40678132	40690234	36	-0.57
270cbef2-df2b-4051-b062-e0c96ff094f9	18	40690250	49563584	5848	-0.0031
270cbef2-df2b-4051-b062-e0c96ff094f9	18	49564514	49603581	34	1.0356
270cbef2-df2b-4051-b062-e0c96ff094f9	18	49603652	51740564	1641	0.0022
270cbef2-df2b-4051-b062-e0c96ff094f9	18	51748945	51749599	3	-1.3769
270cbef2-df2b-4051-b062-e0c96ff094f9	18	51749647	53997831	1563	-0.0226
270cbef2-df2b-4051-b062-e0c96ff094f9	18	53998472	53998782	3	-2.1873
270cbef2-df2b-4051-b062-e0c96ff094f9	18	54001998	64357857	7170	-0.0028
270cbef2-df2b-4051-b062-e0c96ff094f9	18	64361678	64379015	19	0.5451
270cbef2-df2b-4051-b062-e0c96ff094f9	18	64384553	64396999	11	1.0977
270cbef2-df2b-4051-b062-e0c96ff094f9	18	64399087	64417434	10	0.6252
270cbef2-df2b-4051-b062-e0c96ff094f9	18	64418251	65532840	724	-0.0474
270cbef2-df2b-4051-b062-e0c96ff094f9	18	65533230	65537481	18	1.2314
270cbef2-df2b-4051-b062-e0c96ff094f9	18	65540037	65852623	198	-0.0612
270cbef2-df2b-4051-b062-e0c96ff094f9	18	65853320	66065842	180	-0.2019
270cbef2-df2b-4051-b062-e0c96ff094f9	18	66065858	71332295	3762	-0.0144
270cbef2-df2b-4051-b062-e0c96ff094f9	18	71334153	73077883	1367	-0.105
270cbef2-df2b-4051-b062-e0c96ff094f9	18	73078389	79342707	4806	-0.0045
270cbef2-df2b-4051-b062-e0c96ff094f9	18	79347934	80257174	435	0.1852
270cbef2-df2b-4051-b062-e0c96ff094f9	19	90910	342084	53	0.1349
270cbef2-df2b-4051-b062-e0c96ff094f9	19	348129	528822	64	0.3543
270cbef2-df2b-4051-b062-e0c96ff094f9	19	538316	827975	43	0.0387
270cbef2-df2b-4051-b062-e0c96ff094f9	19	865374	931523	18	0.6267
270cbef2-df2b-4051-b062-e0c96ff094f9	19	939673	2328434	344	0.1111
270cbef2-df2b-4051-b062-e0c96ff094f9	19	2350210	2405118	12	0.4398
270cbef2-df2b-4051-b062-e0c96ff094f9	19	2409867	2420096	10	0.8394
270cbef2-df2b-4051-b062-e0c96ff094f9	19	2422593	4417843	621	0.0587
270cbef2-df2b-4051-b062-e0c96ff094f9	19	4417848	4658389	59	0.3707
270cbef2-df2b-4051-b062-e0c96ff094f9	19	4658892	5757024	477	0.0559
270cbef2-df2b-4051-b062-e0c96ff094f9	19	5761158	5775326	7	0.227
270cbef2-df2b-4051-b062-e0c96ff094f9	19	5776050	5799795	10	0.8874
270cbef2-df2b-4051-b062-e0c96ff094f9	19	5799903	5870270	27	0.3721
270cbef2-df2b-4051-b062-e0c96ff094f9	19	5873740	19720735	6729	0.0236
270cbef2-df2b-4051-b062-e0c96ff094f9	19	19724944	19764062	22	0.8231
270cbef2-df2b-4051-b062-e0c96ff094f9	19	19765106	34064037	7312	0.0056
270cbef2-df2b-4051-b062-e0c96ff094f9	19	34065392	34100755	33	0.5723
270cbef2-df2b-4051-b062-e0c96ff094f9	19	34100850	39208725	2747	0.0159
270cbef2-df2b-4051-b062-e0c96ff094f9	19	39214100	39251987	18	0.7833
270cbef2-df2b-4051-b062-e0c96ff094f9	19	39252450	40948897	904	0.0335
270cbef2-df2b-4051-b062-e0c96ff094f9	19	40950739	40980276	23	0.4783
270cbef2-df2b-4051-b062-e0c96ff094f9	19	40982879	43038679	933	0.0235
270cbef2-df2b-4051-b062-e0c96ff094f9	19	43044862	43099219	18	-1.0725
270cbef2-df2b-4051-b062-e0c96ff094f9	19	43103053	43154674	28	0.0111
270cbef2-df2b-4051-b062-e0c96ff094f9	19	43156587	43342242	81	-0.8178
270cbef2-df2b-4051-b062-e0c96ff094f9	19	43348449	44426176	720	0.0234
270cbef2-df2b-4051-b062-e0c96ff094f9	19	44426566	44473045	41	0.5486
270cbef2-df2b-4051-b062-e0c96ff094f9	19	44474081	54193859	5043	0.0478
270cbef2-df2b-4051-b062-e0c96ff094f9	19	54194014	54215136	31	0.2799
270cbef2-df2b-4051-b062-e0c96ff094f9	19	54226329	54249482	17	0.694
270cbef2-df2b-4051-b062-e0c96ff094f9	19	54249619	54397776	58	0.1835
270cbef2-df2b-4051-b062-e0c96ff094f9	19	54401167	54411558	8	1.1367
270cbef2-df2b-4051-b062-e0c96ff094f9	19	54413443	54441331	11	0.4026
270cbef2-df2b-4051-b062-e0c96ff094f9	19	54446927	54811638	207	0.0313
270cbef2-df2b-4051-b062-e0c96ff094f9	19	54811794	54862363	23	0.478
270cbef2-df2b-4051-b062-e0c96ff094f9	19	54866553	55687738	376	0.065
270cbef2-df2b-4051-b062-e0c96ff094f9	19	55698231	55731006	30	0.5894
270cbef2-df2b-4051-b062-e0c96ff094f9	19	55731073	58370362	1769	0.0219
270cbef2-df2b-4051-b062-e0c96ff094f9	19	58372530	58586487	100	0.3826
270cbef2-df2b-4051-b062-e0c96ff094f9	20	80664	275466	155	0.0082
270cbef2-df2b-4051-b062-e0c96ff094f9	20	276086	436312	96	0.3289
270cbef2-df2b-4051-b062-e0c96ff094f9	20	436489	1580353	948	0.017
270cbef2-df2b-4051-b062-e0c96ff094f9	20	1580934	1601561	36	1.3819
270cbef2-df2b-4051-b062-e0c96ff094f9	20	1609611	1617300	6	0.4673
270cbef2-df2b-4051-b062-e0c96ff094f9	20	1617460	3849020	1566	-0.0027
270cbef2-df2b-4051-b062-e0c96ff094f9	20	3851613	4005998	78	0.1783
270cbef2-df2b-4051-b062-e0c96ff094f9	20	4007091	4074520	63	0.6888
270cbef2-df2b-4051-b062-e0c96ff094f9	20	4076659	4112605	31	1.0898
270cbef2-df2b-4051-b062-e0c96ff094f9	20	4113649	4144691	21	0.4957
270cbef2-df2b-4051-b062-e0c96ff094f9	20	4146960	4824635	604	-0.0017
270cbef2-df2b-4051-b062-e0c96ff094f9	20	4824708	4875113	43	0.3185
270cbef2-df2b-4051-b062-e0c96ff094f9	20	4875514	15981044	8575	-0.0114
270cbef2-df2b-4051-b062-e0c96ff094f9	20	15985274	15988235	3	-2.2036
270cbef2-df2b-4051-b062-e0c96ff094f9	20	15988345	36796408	10377	-0.0005
270cbef2-df2b-4051-b062-e0c96ff094f9	20	36798651	36807325	2	-1.839
270cbef2-df2b-4051-b062-e0c96ff094f9	20	36808511	53779370	11944	-0.0003
270cbef2-df2b-4051-b062-e0c96ff094f9	20	53779863	53792469	13	0.5653
270cbef2-df2b-4051-b062-e0c96ff094f9	20	53792749	59722413	4752	0.0034
270cbef2-df2b-4051-b062-e0c96ff094f9	20	59725584	59740559	10	-0.8626
270cbef2-df2b-4051-b062-e0c96ff094f9	20	59741123	63080185	2417	0.0111
270cbef2-df2b-4051-b062-e0c96ff094f9	20	63081166	63118905	31	0.444
270cbef2-df2b-4051-b062-e0c96ff094f9	20	63121284	63371227	77	0.0844
270cbef2-df2b-4051-b062-e0c96ff094f9	20	63380538	63396857	6	0.6367
270cbef2-df2b-4051-b062-e0c96ff094f9	20	63398358	63595400	62	0.0097
270cbef2-df2b-4051-b062-e0c96ff094f9	20	63598636	64282468	299	0.3416
270cbef2-df2b-4051-b062-e0c96ff094f9	20	64284215	64324800	7	-0.5579
270cbef2-df2b-4051-b062-e0c96ff094f9	21	10354168	22980993	6766	-0.0118
270cbef2-df2b-4051-b062-e0c96ff094f9	21	22984969	23535965	460	-0.1116
270cbef2-df2b-4051-b062-e0c96ff094f9	21	23536044	36112582	9155	0.0074
270cbef2-df2b-4051-b062-e0c96ff094f9	21	36112644	36208629	80	0.2849
270cbef2-df2b-4051-b062-e0c96ff094f9	21	36212583	36474726	126	-0.0015
270cbef2-df2b-4051-b062-e0c96ff094f9	21	36476036	36525411	36	0.5533
270cbef2-df2b-4051-b062-e0c96ff094f9	21	36528079	39554012	2408	0.0046
270cbef2-df2b-4051-b062-e0c96ff094f9	21	39554726	39624843	67	0.5693
270cbef2-df2b-4051-b062-e0c96ff094f9	21	39625382	41866100	2001	-0.0081
270cbef2-df2b-4051-b062-e0c96ff094f9	21	41866233	41866243	2	-1.7305
270cbef2-df2b-4051-b062-e0c96ff094f9	21	41866553	43197000	910	-0.0064
270cbef2-df2b-4051-b062-e0c96ff094f9	21	43198289	43374861	82	0.271
270cbef2-df2b-4051-b062-e0c96ff094f9	21	43572694	44384362	345	0.0427
270cbef2-df2b-4051-b062-e0c96ff094f9	21	44385308	44447588	17	1.2422
270cbef2-df2b-4051-b062-e0c96ff094f9	21	44448356	45339971	546	0.0303
270cbef2-df2b-4051-b062-e0c96ff094f9	21	45340335	45632577	152	0.3489
270cbef2-df2b-4051-b062-e0c96ff094f9	21	45632643	46258860	331	0.0225
270cbef2-df2b-4051-b062-e0c96ff094f9	21	46262057	46476627	102	0.3002
270cbef2-df2b-4051-b062-e0c96ff094f9	21	46480012	46677045	177	0.1253
270cbef2-df2b-4051-b062-e0c96ff094f9	22	15294547	18141598	1105	0.0301
270cbef2-df2b-4051-b062-e0c96ff094f9	22	18142004	19605778	469	0.1697
270cbef2-df2b-4051-b062-e0c96ff094f9	22	19609755	20295256	425	0.318
270cbef2-df2b-4051-b062-e0c96ff094f9	22	20295284	21744398	800	0.1925
270cbef2-df2b-4051-b062-e0c96ff094f9	22	21747003	23055870	1019	0.0578
270cbef2-df2b-4051-b062-e0c96ff094f9	22	23061886	23303531	169	0.2974
270cbef2-df2b-4051-b062-e0c96ff094f9	22	23304366	24006290	409	0.1129
270cbef2-df2b-4051-b062-e0c96ff094f9	22	24008384	25296774	818	0.0193
270cbef2-df2b-4051-b062-e0c96ff094f9	22	25304367	25430519	142	0.2513
270cbef2-df2b-4051-b062-e0c96ff094f9	22	25439231	27697293	2322	0.0028
270cbef2-df2b-4051-b062-e0c96ff094f9	22	27697394	27715440	30	0.4085
270cbef2-df2b-4051-b062-e0c96ff094f9	22	27715989	27734771	15	0.7545
270cbef2-df2b-4051-b062-e0c96ff094f9	22	27735718	27758630	10	0.4137
270cbef2-df2b-4051-b062-e0c96ff094f9	22	27759416	38098157	6991	0.0112
270cbef2-df2b-4051-b062-e0c96ff094f9	22	38104375	38147125	27	0.8044
270cbef2-df2b-4051-b062-e0c96ff094f9	22	38147347	38894915	396	0.0375
270cbef2-df2b-4051-b062-e0c96ff094f9	22	38899250	38900899	3	0.9985
270cbef2-df2b-4051-b062-e0c96ff094f9	22	38903109	38933588	18	0.0221
270cbef2-df2b-4051-b062-e0c96ff094f9	22	38935341	38999476	53	0.3545
270cbef2-df2b-4051-b062-e0c96ff094f9	22	38999487	41901150	1557	0.0028
270cbef2-df2b-4051-b062-e0c96ff094f9	22	41903281	41921921	6	0.7963
270cbef2-df2b-4051-b062-e0c96ff094f9	22	41923652	41946181	10	1.5987
270cbef2-df2b-4051-b062-e0c96ff094f9	22	41948293	41968015	14	0.8241
270cbef2-df2b-4051-b062-e0c96ff094f9	22	41969069	42397867	232	0.0288
270cbef2-df2b-4051-b062-e0c96ff094f9	22	42405493	42588147	99	0.2289
270cbef2-df2b-4051-b062-e0c96ff094f9	22	42588618	48984898	4924	0.0093
270cbef2-df2b-4051-b062-e0c96ff094f9	22	48985051	49685646	647	0.1698
270cbef2-df2b-4051-b062-e0c96ff094f9	22	49685786	50796027	494	0.3212
270cbef2-df2b-4051-b062-e0c96ff094f9	X	251810	4159843	941	0.0976
270cbef2-df2b-4051-b062-e0c96ff094f9	X	4163167	9923723	4569	-0.0039
270cbef2-df2b-4051-b062-e0c96ff094f9	X	9923776	10196495	215	0.185
270cbef2-df2b-4051-b062-e0c96ff094f9	X	10196687	18277579	5340	0.0004
270cbef2-df2b-4051-b062-e0c96ff094f9	X	18278415	19436468	605	0.0797
270cbef2-df2b-4051-b062-e0c96ff094f9	X	19437290	19470443	29	0.8888
270cbef2-df2b-4051-b062-e0c96ff094f9	X	19471191	19483855	11	1.5603
270cbef2-df2b-4051-b062-e0c96ff094f9	X	19485457	19523999	18	0.7942
270cbef2-df2b-4051-b062-e0c96ff094f9	X	19524720	32505927	8266	-0.0012
270cbef2-df2b-4051-b062-e0c96ff094f9	X	32510625	32604262	116	0.2994
270cbef2-df2b-4051-b062-e0c96ff094f9	X	32606597	32954246	275	0.0076
270cbef2-df2b-4051-b062-e0c96ff094f9	X	32954427	32956683	2	-1.7546
270cbef2-df2b-4051-b062-e0c96ff094f9	X	32962973	48052273	8503	-0.0145
270cbef2-df2b-4051-b062-e0c96ff094f9	X	48052481	48144628	50	0.3604
270cbef2-df2b-4051-b062-e0c96ff094f9	X	48149065	107881146	26542	0.0032
270cbef2-df2b-4051-b062-e0c96ff094f9	X	107883037	107905383	5	0.7121
270cbef2-df2b-4051-b062-e0c96ff094f9	X	107906311	107919808	10	1.1483
270cbef2-df2b-4051-b062-e0c96ff094f9	X	107934267	107940491	4	0.5176
270cbef2-df2b-4051-b062-e0c96ff094f9	X	107942744	134919262	15121	-0.0054
270cbef2-df2b-4051-b062-e0c96ff094f9	X	134920609	134954195	28	0.7042
270cbef2-df2b-4051-b062-e0c96ff094f9	X	134954222	134972075	8	1.2227
270cbef2-df2b-4051-b062-e0c96ff094f9	X	134972876	134996495	15	0.6743
270cbef2-df2b-4051-b062-e0c96ff094f9	X	134996989	154334108	12031	-0.0003
270cbef2-df2b-4051-b062-e0c96ff094f9	X	154334428	154382547	50	0.5252
270cbef2-df2b-4051-b062-e0c96ff094f9	X	154395856	155952689	534	-0.0131
270cbef2-df2b-4051-b062-e0c96ff094f9	Y	2782397	3010354	110	-2.7087
270cbef2-df2b-4051-b062-e0c96ff094f9	Y	3010599	3024380	7	-4.2559
270cbef2-df2b-4051-b062-e0c96ff094f9	Y	3025189	6075631	600	-2.5758
270cbef2-df2b-4051-b062-e0c96ff094f9	Y	6076562	23586854	5715	-3.0319
270cbef2-df2b-4051-b062-e0c96ff094f9	Y	23784615	56872112	192	-2.706
