GDC_Aliquot	Chromosome	Start	End	Num_Probes	Segment_Mean
467750de-912d-48e2-8686-a2cd1afe1ea5	1	62920	98602	13	-1.1782
467750de-912d-48e2-8686-a2cd1afe1ea5	1	259407	3221572	692	0.1047
467750de-912d-48e2-8686-a2cd1afe1ea5	1	3223352	7264408	2773	0.0085
467750de-912d-48e2-8686-a2cd1afe1ea5	1	7264899	7265165	2	-1.6859
467750de-912d-48e2-8686-a2cd1afe1ea5	1	7265360	16689764	5175	0.0074
467750de-912d-48e2-8686-a2cd1afe1ea5	1	16718963	16766922	8	0.7077
467750de-912d-48e2-8686-a2cd1afe1ea5	1	16767520	16868660	15	0.2417
467750de-912d-48e2-8686-a2cd1afe1ea5	1	16877002	16935752	52	0.7367
467750de-912d-48e2-8686-a2cd1afe1ea5	1	16949746	17266911	236	-0.0062
467750de-912d-48e2-8686-a2cd1afe1ea5	1	17268401	17293514	22	0.6681
467750de-912d-48e2-8686-a2cd1afe1ea5	1	17296159	72297687	33541	0.0041
467750de-912d-48e2-8686-a2cd1afe1ea5	1	72302735	72345450	47	-1.46
467750de-912d-48e2-8686-a2cd1afe1ea5	1	72345465	75585159	1909	0.0066
467750de-912d-48e2-8686-a2cd1afe1ea5	1	75589078	75589169	2	-2.3686
467750de-912d-48e2-8686-a2cd1afe1ea5	1	75593824	105476583	18877	0.0044
467750de-912d-48e2-8686-a2cd1afe1ea5	1	105476614	105479753	16	-1.8861
467750de-912d-48e2-8686-a2cd1afe1ea5	1	105481433	109690431	2619	0.0022
467750de-912d-48e2-8686-a2cd1afe1ea5	1	109690640	109697556	10	-0.7394
467750de-912d-48e2-8686-a2cd1afe1ea5	1	109702376	111769532	1570	0.0037
467750de-912d-48e2-8686-a2cd1afe1ea5	1	111769589	111769929	3	1.5539
467750de-912d-48e2-8686-a2cd1afe1ea5	1	111770456	112147704	361	0.0066
467750de-912d-48e2-8686-a2cd1afe1ea5	1	112153343	112154768	25	0.5923
467750de-912d-48e2-8686-a2cd1afe1ea5	1	112163334	120025984	5010	-0.0004
467750de-912d-48e2-8686-a2cd1afe1ea5	1	120064540	146150530	422	0.085
467750de-912d-48e2-8686-a2cd1afe1ea5	1	146161924	146174153	2	-1.5007
467750de-912d-48e2-8686-a2cd1afe1ea5	1	146250588	149844633	702	0.0741
467750de-912d-48e2-8686-a2cd1afe1ea5	1	149844715	152583291	1410	0.0152
467750de-912d-48e2-8686-a2cd1afe1ea5	1	152583319	152613762	29	-1.6905
467750de-912d-48e2-8686-a2cd1afe1ea5	1	152613802	152787202	168	0.0638
467750de-912d-48e2-8686-a2cd1afe1ea5	1	152789447	152796224	37	0.5937
467750de-912d-48e2-8686-a2cd1afe1ea5	1	152801429	196745743	29220	0.0016
467750de-912d-48e2-8686-a2cd1afe1ea5	1	196758720	196846661	61	-1.6415
467750de-912d-48e2-8686-a2cd1afe1ea5	1	196847600	227237600	20277	0.0021
467750de-912d-48e2-8686-a2cd1afe1ea5	1	227238371	227238705	2	-4.4296
467750de-912d-48e2-8686-a2cd1afe1ea5	1	227241477	248930189	15238	0.0106
467750de-912d-48e2-8686-a2cd1afe1ea5	2	12784	4158097	2973	0.0445
467750de-912d-48e2-8686-a2cd1afe1ea5	2	4166274	4175577	36	-0.5535
467750de-912d-48e2-8686-a2cd1afe1ea5	2	4175922	24378642	14790	0.013
467750de-912d-48e2-8686-a2cd1afe1ea5	2	24378911	24388259	18	-0.7142
467750de-912d-48e2-8686-a2cd1afe1ea5	2	24388858	34466002	6095	0.0088
467750de-912d-48e2-8686-a2cd1afe1ea5	2	34474248	34511990	46	0.6032
467750de-912d-48e2-8686-a2cd1afe1ea5	2	34512096	35750907	860	-0.0024
467750de-912d-48e2-8686-a2cd1afe1ea5	2	35752724	35762881	7	0.8477
467750de-912d-48e2-8686-a2cd1afe1ea5	2	35772407	38727353	2274	0.0224
467750de-912d-48e2-8686-a2cd1afe1ea5	2	38728724	38745139	8	0.8326
467750de-912d-48e2-8686-a2cd1afe1ea5	2	38745684	52527743	9743	0.0115
467750de-912d-48e2-8686-a2cd1afe1ea5	2	52531615	52554404	33	-0.6214
467750de-912d-48e2-8686-a2cd1afe1ea5	2	52560811	106258266	29217	0.0129
467750de-912d-48e2-8686-a2cd1afe1ea5	2	106263639	106268901	12	-1.6667
467750de-912d-48e2-8686-a2cd1afe1ea5	2	106270799	146106875	23656	0.0127
467750de-912d-48e2-8686-a2cd1afe1ea5	2	146106889	146109139	18	0.8104
467750de-912d-48e2-8686-a2cd1afe1ea5	2	146109230	242147305	58592	0.0069
467750de-912d-48e2-8686-a2cd1afe1ea5	3	20930	60794907	41207	0.0084
467750de-912d-48e2-8686-a2cd1afe1ea5	3	60795013	60795294	3	-4.1795
467750de-912d-48e2-8686-a2cd1afe1ea5	3	60798502	68697013	6190	0.0034
467750de-912d-48e2-8686-a2cd1afe1ea5	3	68697108	68698262	14	1.4547
467750de-912d-48e2-8686-a2cd1afe1ea5	3	68699607	130047743	34400	0.0045
467750de-912d-48e2-8686-a2cd1afe1ea5	3	130057015	130087393	36	0.5985
467750de-912d-48e2-8686-a2cd1afe1ea5	3	130088081	149245608	11806	0.0077
467750de-912d-48e2-8686-a2cd1afe1ea5	3	149245674	149250334	24	-0.9733
467750de-912d-48e2-8686-a2cd1afe1ea5	3	149253293	151717160	1576	-0.0015
467750de-912d-48e2-8686-a2cd1afe1ea5	3	151721014	151721014	2	-1.8285
467750de-912d-48e2-8686-a2cd1afe1ea5	3	151722018	162790404	6692	0.0025
467750de-912d-48e2-8686-a2cd1afe1ea5	3	162790480	162910891	76	0.3261
467750de-912d-48e2-8686-a2cd1afe1ea5	3	162911011	193160113	19012	0.006
467750de-912d-48e2-8686-a2cd1afe1ea5	3	193160173	193168646	20	-1.1108
467750de-912d-48e2-8686-a2cd1afe1ea5	3	193168669	198169247	2679	0.0028
467750de-912d-48e2-8686-a2cd1afe1ea5	4	68929	10208766	5664	0.0118
467750de-912d-48e2-8686-a2cd1afe1ea5	4	10221792	10229874	28	-2.1181
467750de-912d-48e2-8686-a2cd1afe1ea5	4	10232590	63828222	33308	0.0009
467750de-912d-48e2-8686-a2cd1afe1ea5	4	63831751	63840033	19	-0.8875
467750de-912d-48e2-8686-a2cd1afe1ea5	4	63841863	63842540	8	-2.5957
467750de-912d-48e2-8686-a2cd1afe1ea5	4	63850713	68506285	2841	0.0075
467750de-912d-48e2-8686-a2cd1afe1ea5	4	68509223	68623617	65	0.7433
467750de-912d-48e2-8686-a2cd1afe1ea5	4	68639397	69523998	477	0.019
467750de-912d-48e2-8686-a2cd1afe1ea5	4	69524143	69525061	2	-2.1298
467750de-912d-48e2-8686-a2cd1afe1ea5	4	69526170	114252544	26985	-0.0005
467750de-912d-48e2-8686-a2cd1afe1ea5	4	114254167	114261019	23	-1.4004
467750de-912d-48e2-8686-a2cd1afe1ea5	4	114263073	137171085	13117	0.0002
467750de-912d-48e2-8686-a2cd1afe1ea5	4	137171266	137172260	13	-2.7149
467750de-912d-48e2-8686-a2cd1afe1ea5	4	137173804	154881396	10698	0.0003
467750de-912d-48e2-8686-a2cd1afe1ea5	4	154881853	154881926	3	-3.6583
467750de-912d-48e2-8686-a2cd1afe1ea5	4	154882047	172066777	10910	-0.0029
467750de-912d-48e2-8686-a2cd1afe1ea5	4	172067997	172068354	10	-1.7048
467750de-912d-48e2-8686-a2cd1afe1ea5	4	172068368	175778211	2055	-0.0092
467750de-912d-48e2-8686-a2cd1afe1ea5	4	175779215	175779314	2	-2.3056
467750de-912d-48e2-8686-a2cd1afe1ea5	4	175779418	190106768	9911	0.0172
467750de-912d-48e2-8686-a2cd1afe1ea5	5	15532	12815753	10111	0.0143
467750de-912d-48e2-8686-a2cd1afe1ea5	5	12819201	12838421	12	-0.9543
467750de-912d-48e2-8686-a2cd1afe1ea5	5	12849089	21449167	5464	0.0065
467750de-912d-48e2-8686-a2cd1afe1ea5	5	21451091	21452329	5	-1.5643
467750de-912d-48e2-8686-a2cd1afe1ea5	5	21452387	46271006	14853	0.0035
467750de-912d-48e2-8686-a2cd1afe1ea5	5	46271828	46273400	6	-2.23
467750de-912d-48e2-8686-a2cd1afe1ea5	5	46278110	104515520	31657	0.0037
467750de-912d-48e2-8686-a2cd1afe1ea5	5	104524672	104524903	4	-1.6027
467750de-912d-48e2-8686-a2cd1afe1ea5	5	104525348	177771448	47842	0.0052
467750de-912d-48e2-8686-a2cd1afe1ea5	5	177800550	177805604	3	2.6646
467750de-912d-48e2-8686-a2cd1afe1ea5	5	177827964	181363319	1975	0.0094
467750de-912d-48e2-8686-a2cd1afe1ea5	6	149661	254283	101	0.086
467750de-912d-48e2-8686-a2cd1afe1ea5	6	257353	381149	101	0.4656
467750de-912d-48e2-8686-a2cd1afe1ea5	6	382559	29868462	21285	0.0049
467750de-912d-48e2-8686-a2cd1afe1ea5	6	29868698	29933799	42	0.5135
467750de-912d-48e2-8686-a2cd1afe1ea5	6	29940692	31313046	633	0.0223
467750de-912d-48e2-8686-a2cd1afe1ea5	6	31318499	31327629	6	-2.0218
467750de-912d-48e2-8686-a2cd1afe1ea5	6	31328176	32627306	544	0.0428
467750de-912d-48e2-8686-a2cd1afe1ea5	6	32627455	32634330	3	-1.9896
467750de-912d-48e2-8686-a2cd1afe1ea5	6	32634492	73882142	23924	0.0047
467750de-912d-48e2-8686-a2cd1afe1ea5	6	73882509	73891694	10	0.9552
467750de-912d-48e2-8686-a2cd1afe1ea5	6	73893839	76726442	1761	-0.0004
467750de-912d-48e2-8686-a2cd1afe1ea5	6	76726815	76758214	24	0.6948
467750de-912d-48e2-8686-a2cd1afe1ea5	6	76758749	78253172	967	-0.0019
467750de-912d-48e2-8686-a2cd1afe1ea5	6	78259348	78332002	113	-0.5162
467750de-912d-48e2-8686-a2cd1afe1ea5	6	78332056	124110366	27968	0.0012
467750de-912d-48e2-8686-a2cd1afe1ea5	6	124110629	124149220	21	0.7543
467750de-912d-48e2-8686-a2cd1afe1ea5	6	124149616	170741917	31187	0.004
467750de-912d-48e2-8686-a2cd1afe1ea5	7	43355	56641973	39718	0.0077
467750de-912d-48e2-8686-a2cd1afe1ea5	7	56643844	57477269	355	0.1416
467750de-912d-48e2-8686-a2cd1afe1ea5	7	57477327	67156259	1838	0.0252
467750de-912d-48e2-8686-a2cd1afe1ea5	7	67161024	67180245	11	0.7343
467750de-912d-48e2-8686-a2cd1afe1ea5	7	67182652	70955452	2369	0.008
467750de-912d-48e2-8686-a2cd1afe1ea5	7	70958264	70961155	2	1.9088
467750de-912d-48e2-8686-a2cd1afe1ea5	7	70963257	120660648	28602	0.0049
467750de-912d-48e2-8686-a2cd1afe1ea5	7	120660942	120672705	9	-0.9225
467750de-912d-48e2-8686-a2cd1afe1ea5	7	120675165	126405597	3518	-0.0047
467750de-912d-48e2-8686-a2cd1afe1ea5	7	126405632	126406822	10	-1.3056
467750de-912d-48e2-8686-a2cd1afe1ea5	7	126406823	134100424	4667	0.0076
467750de-912d-48e2-8686-a2cd1afe1ea5	7	134100442	134110881	25	0.8007
467750de-912d-48e2-8686-a2cd1afe1ea5	7	134110912	142063324	5162	0.0082
467750de-912d-48e2-8686-a2cd1afe1ea5	7	142069843	142070732	6	-1.6965
467750de-912d-48e2-8686-a2cd1afe1ea5	7	142070827	142083169	9	-4.7497
467750de-912d-48e2-8686-a2cd1afe1ea5	7	142084696	142092108	17	-2.0131
467750de-912d-48e2-8686-a2cd1afe1ea5	7	142092307	144013003	1055	0.0304
467750de-912d-48e2-8686-a2cd1afe1ea5	7	144013073	144014058	6	-1.0346
467750de-912d-48e2-8686-a2cd1afe1ea5	7	144014076	144255475	142	0.0316
467750de-912d-48e2-8686-a2cd1afe1ea5	7	144255771	144343967	10	0.777
467750de-912d-48e2-8686-a2cd1afe1ea5	7	144352208	159334314	9587	0.0176
467750de-912d-48e2-8686-a2cd1afe1ea5	8	81254	7152073	7645	0.0222
467750de-912d-48e2-8686-a2cd1afe1ea5	8	7153358	8078333	68	-0.4401
467750de-912d-48e2-8686-a2cd1afe1ea5	8	8085660	25117007	13565	0.0055
467750de-912d-48e2-8686-a2cd1afe1ea5	8	25117062	25126818	24	-0.4895
467750de-912d-48e2-8686-a2cd1afe1ea5	8	25133589	111282852	50689	0.0041
467750de-912d-48e2-8686-a2cd1afe1ea5	8	111282973	111283031	3	-2.9448
467750de-912d-48e2-8686-a2cd1afe1ea5	8	111288052	128735944	11562	0.0071
467750de-912d-48e2-8686-a2cd1afe1ea5	8	128739928	128751839	6	-1.1055
467750de-912d-48e2-8686-a2cd1afe1ea5	8	128765208	141053414	9449	0.0028
467750de-912d-48e2-8686-a2cd1afe1ea5	8	141056561	145072769	1732	0.0614
467750de-912d-48e2-8686-a2cd1afe1ea5	9	46587	24503818	21013	0.0114
467750de-912d-48e2-8686-a2cd1afe1ea5	9	24504127	24517684	19	-0.9657
467750de-912d-48e2-8686-a2cd1afe1ea5	9	24519686	42042339	9949	0.0062
467750de-912d-48e2-8686-a2cd1afe1ea5	9	42046831	42727685	49	0.5659
467750de-912d-48e2-8686-a2cd1afe1ea5	9	42729302	61405110	41	0.1356
467750de-912d-48e2-8686-a2cd1afe1ea5	9	61520021	61647899	30	-1.5017
467750de-912d-48e2-8686-a2cd1afe1ea5	9	61665362	77155482	6625	0.0004
467750de-912d-48e2-8686-a2cd1afe1ea5	9	77155594	77162488	28	0.7024
467750de-912d-48e2-8686-a2cd1afe1ea5	9	77171212	87907679	7620	0.0007
467750de-912d-48e2-8686-a2cd1afe1ea5	9	87939236	87939304	2	-1.9094
467750de-912d-48e2-8686-a2cd1afe1ea5	9	87943042	138200944	33450	0.0039
467750de-912d-48e2-8686-a2cd1afe1ea5	10	45792	24083828	19022	0.0033
467750de-912d-48e2-8686-a2cd1afe1ea5	10	24086334	24089125	12	0.8879
467750de-912d-48e2-8686-a2cd1afe1ea5	10	24089979	65548178	25026	0.0075
467750de-912d-48e2-8686-a2cd1afe1ea5	10	65548193	65563037	27	0.69
467750de-912d-48e2-8686-a2cd1afe1ea5	10	65563168	66270201	576	-0.0065
467750de-912d-48e2-8686-a2cd1afe1ea5	10	66274800	66719710	319	-1.0561
467750de-912d-48e2-8686-a2cd1afe1ea5	10	66725087	90700170	15905	0.0027
467750de-912d-48e2-8686-a2cd1afe1ea5	10	90702958	90703534	3	-3.9623
467750de-912d-48e2-8686-a2cd1afe1ea5	10	90711823	121112763	19915	0.0009
467750de-912d-48e2-8686-a2cd1afe1ea5	10	121114834	121115932	5	-1.145
467750de-912d-48e2-8686-a2cd1afe1ea5	10	121115954	133654968	9155	0.0116
467750de-912d-48e2-8686-a2cd1afe1ea5	11	198510	4946166	2399	0.0109
467750de-912d-48e2-8686-a2cd1afe1ea5	11	4946420	4953934	27	0.5988
467750de-912d-48e2-8686-a2cd1afe1ea5	11	4954445	54924229	31519	0.0033
467750de-912d-48e2-8686-a2cd1afe1ea5	11	54933825	54934156	3	-1.9477
467750de-912d-48e2-8686-a2cd1afe1ea5	11	54940988	55595864	236	0.0576
467750de-912d-48e2-8686-a2cd1afe1ea5	11	55606556	55679989	56	0.4098
467750de-912d-48e2-8686-a2cd1afe1ea5	11	55685058	59042524	2059	-0.0053
467750de-912d-48e2-8686-a2cd1afe1ea5	11	59043768	59086292	22	0.6093
467750de-912d-48e2-8686-a2cd1afe1ea5	11	59087546	101723653	26260	0.0053
467750de-912d-48e2-8686-a2cd1afe1ea5	11	101727129	101727233	4	2.5309
467750de-912d-48e2-8686-a2cd1afe1ea5	11	101727481	135074876	23533	0.008
467750de-912d-48e2-8686-a2cd1afe1ea5	12	51460	11350939	7320	0.0162
467750de-912d-48e2-8686-a2cd1afe1ea5	12	11351008	11390472	34	0.711
467750de-912d-48e2-8686-a2cd1afe1ea5	12	11399258	27942560	11446	0.0042
467750de-912d-48e2-8686-a2cd1afe1ea5	12	27942625	27950842	12	-0.9478
467750de-912d-48e2-8686-a2cd1afe1ea5	12	27951446	33148706	3793	0.0083
467750de-912d-48e2-8686-a2cd1afe1ea5	12	33148873	33154440	21	-0.6342
467750de-912d-48e2-8686-a2cd1afe1ea5	12	33155426	133201603	61545	0.0066
467750de-912d-48e2-8686-a2cd1afe1ea5	13	18452809	114342922	63549	0.004
467750de-912d-48e2-8686-a2cd1afe1ea5	14	18239283	19294475	47	-0.1728
467750de-912d-48e2-8686-a2cd1afe1ea5	14	19298389	19675350	16	0.6001
467750de-912d-48e2-8686-a2cd1afe1ea5	14	19689684	19924455	85	-0.5355
467750de-912d-48e2-8686-a2cd1afe1ea5	14	19924627	106249511	54475	0.0023
467750de-912d-48e2-8686-a2cd1afe1ea5	14	106249546	106266923	13	-0.6556
467750de-912d-48e2-8686-a2cd1afe1ea5	14	106271566	106340102	28	0.1112
467750de-912d-48e2-8686-a2cd1afe1ea5	14	106340305	106346129	6	-1.6463
467750de-912d-48e2-8686-a2cd1afe1ea5	14	106360014	106423925	32	-0.0474
467750de-912d-48e2-8686-a2cd1afe1ea5	14	106425447	106462169	46	-0.7513
467750de-912d-48e2-8686-a2cd1afe1ea5	14	106462183	106877229	195	0.0843
467750de-912d-48e2-8686-a2cd1afe1ea5	15	19811075	20670989	151	0.0329
467750de-912d-48e2-8686-a2cd1afe1ea5	15	20981071	20988347	5	1.1493
467750de-912d-48e2-8686-a2cd1afe1ea5	15	21005443	24418615	1032	0.0304
467750de-912d-48e2-8686-a2cd1afe1ea5	15	24422282	24485848	40	-0.4612
467750de-912d-48e2-8686-a2cd1afe1ea5	15	24486725	76598900	32418	0.0036
467750de-912d-48e2-8686-a2cd1afe1ea5	15	76599170	76603434	21	0.7636
467750de-912d-48e2-8686-a2cd1afe1ea5	15	76609838	101928837	17471	0.0108
467750de-912d-48e2-8686-a2cd1afe1ea5	16	10777	14652868	10993	0.0135
467750de-912d-48e2-8686-a2cd1afe1ea5	16	14653245	18088127	1667	0.0724
467750de-912d-48e2-8686-a2cd1afe1ea5	16	18104860	18148869	4	1.4533
467750de-912d-48e2-8686-a2cd1afe1ea5	16	18149179	19933041	697	0.0237
467750de-912d-48e2-8686-a2cd1afe1ea5	16	19934328	19956040	29	-0.739
467750de-912d-48e2-8686-a2cd1afe1ea5	16	19958932	55762682	13361	0.0088
467750de-912d-48e2-8686-a2cd1afe1ea5	16	55764310	55764867	3	2.602
467750de-912d-48e2-8686-a2cd1afe1ea5	16	55770436	90096867	24742	0.0083
467750de-912d-48e2-8686-a2cd1afe1ea5	17	150733	373191	124	0.075
467750de-912d-48e2-8686-a2cd1afe1ea5	17	373984	378836	3	-1.8377
467750de-912d-48e2-8686-a2cd1afe1ea5	17	378886	11396626	6592	0.0065
467750de-912d-48e2-8686-a2cd1afe1ea5	17	11401781	11462003	67	0.6133
467750de-912d-48e2-8686-a2cd1afe1ea5	17	11462298	18414080	4521	0.0206
467750de-912d-48e2-8686-a2cd1afe1ea5	17	18452078	18561907	27	-1.3192
467750de-912d-48e2-8686-a2cd1afe1ea5	17	18565883	78285287	31093	0.0071
467750de-912d-48e2-8686-a2cd1afe1ea5	17	78286051	78286887	2	-1.9846
467750de-912d-48e2-8686-a2cd1afe1ea5	17	78290662	81282198	1647	0.0106
467750de-912d-48e2-8686-a2cd1afe1ea5	17	81282420	81282457	2	-2.0289
467750de-912d-48e2-8686-a2cd1afe1ea5	17	81288009	82673645	435	-0.0044
467750de-912d-48e2-8686-a2cd1afe1ea5	17	82674897	82681363	2	-1.445
467750de-912d-48e2-8686-a2cd1afe1ea5	17	82681460	83091923	220	0.0221
467750de-912d-48e2-8686-a2cd1afe1ea5	18	48133	53740491	31525	0.0083
467750de-912d-48e2-8686-a2cd1afe1ea5	18	53740727	53740840	4	1.4083
467750de-912d-48e2-8686-a2cd1afe1ea5	18	53740980	71757808	12545	0.0007
467750de-912d-48e2-8686-a2cd1afe1ea5	18	71761703	71774108	15	-1.284
467750de-912d-48e2-8686-a2cd1afe1ea5	18	71774377	80257174	6223	0.0205
467750de-912d-48e2-8686-a2cd1afe1ea5	19	90910	42743373	20306	0.0074
467750de-912d-48e2-8686-a2cd1afe1ea5	19	42751065	42839339	38	0.6464
467750de-912d-48e2-8686-a2cd1afe1ea5	19	42845697	43975343	611	0.0439
467750de-912d-48e2-8686-a2cd1afe1ea5	19	43975607	43975608	2	-1.826
467750de-912d-48e2-8686-a2cd1afe1ea5	19	43978555	58586487	8015	0.0184
467750de-912d-48e2-8686-a2cd1afe1ea5	20	80664	64324800	42087	0.009
467750de-912d-48e2-8686-a2cd1afe1ea5	21	10354168	10571815	56	0.0653
467750de-912d-48e2-8686-a2cd1afe1ea5	21	10578371	10775586	31	-0.4146
467750de-912d-48e2-8686-a2cd1afe1ea5	21	12973348	46677045	23590	0.0045
467750de-912d-48e2-8686-a2cd1afe1ea5	22	15294547	19114465	1248	0.0143
467750de-912d-48e2-8686-a2cd1afe1ea5	22	19115785	25743126	4367	0.0659
467750de-912d-48e2-8686-a2cd1afe1ea5	22	25743205	38967614	9549	0.0027
467750de-912d-48e2-8686-a2cd1afe1ea5	22	38967679	38993715	25	-0.7169
467750de-912d-48e2-8686-a2cd1afe1ea5	22	38993746	42496433	1879	0.0125
467750de-912d-48e2-8686-a2cd1afe1ea5	22	42496576	42554485	27	0.4625
467750de-912d-48e2-8686-a2cd1afe1ea5	22	42559425	44972651	1789	0.0078
467750de-912d-48e2-8686-a2cd1afe1ea5	22	44978106	44997511	14	-1.05
467750de-912d-48e2-8686-a2cd1afe1ea5	22	44998263	48992901	3131	0.004
467750de-912d-48e2-8686-a2cd1afe1ea5	22	48993751	50750078	1127	0.0822
467750de-912d-48e2-8686-a2cd1afe1ea5	22	50762104	50796027	8	-0.329
467750de-912d-48e2-8686-a2cd1afe1ea5	X	251810	145801715	76910	0.0008
467750de-912d-48e2-8686-a2cd1afe1ea5	X	145802293	145802440	2	-5.346
467750de-912d-48e2-8686-a2cd1afe1ea5	X	145802901	149311306	2486	0.0045
467750de-912d-48e2-8686-a2cd1afe1ea5	X	149314295	149314754	2	-4.5865
467750de-912d-48e2-8686-a2cd1afe1ea5	X	149322790	155952689	3394	0.0055
467750de-912d-48e2-8686-a2cd1afe1ea5	Y	2782397	56872112	6634	-0.9607
