GDC_Aliquot	Chromosome	Start	End	Num_Probes	Segment_Mean
117463db-2904-42a4-a9c6-b8345a25be7d	1	62920	259926	16	0.6693
117463db-2904-42a4-a9c6-b8345a25be7d	1	266187	3584494	845	-0.5694
117463db-2904-42a4-a9c6-b8345a25be7d	1	3586411	25256850	13036	-0.4468
117463db-2904-42a4-a9c6-b8345a25be7d	1	25266637	25318693	19	-1.1697
117463db-2904-42a4-a9c6-b8345a25be7d	1	25319167	34622204	4912	-0.4298
117463db-2904-42a4-a9c6-b8345a25be7d	1	34622496	34650960	29	-0.9461
117463db-2904-42a4-a9c6-b8345a25be7d	1	34652324	55840204	11899	-0.4437
117463db-2904-42a4-a9c6-b8345a25be7d	1	55842498	72318471	11639	-0.4879
117463db-2904-42a4-a9c6-b8345a25be7d	1	72318487	72345465	31	0.0351
117463db-2904-42a4-a9c6-b8345a25be7d	1	72346221	94665141	14262	-0.4814
117463db-2904-42a4-a9c6-b8345a25be7d	1	94665210	94687294	56	-1.5226
117463db-2904-42a4-a9c6-b8345a25be7d	1	94689829	105620568	6559	-0.4863
117463db-2904-42a4-a9c6-b8345a25be7d	1	105625674	105672407	30	-1.4189
117463db-2904-42a4-a9c6-b8345a25be7d	1	105674158	108522727	1865	-0.4685
117463db-2904-42a4-a9c6-b8345a25be7d	1	108526606	108526755	2	-2.593
117463db-2904-42a4-a9c6-b8345a25be7d	1	108531271	109690352	599	-0.4833
117463db-2904-42a4-a9c6-b8345a25be7d	1	109690431	109697556	11	0.6257
117463db-2904-42a4-a9c6-b8345a25be7d	1	109702376	110834943	828	-0.4345
117463db-2904-42a4-a9c6-b8345a25be7d	1	110834946	110840603	24	-1.3754
117463db-2904-42a4-a9c6-b8345a25be7d	1	110840712	112147704	1074	-0.4354
117463db-2904-42a4-a9c6-b8345a25be7d	1	112153343	112154576	21	0.1627
117463db-2904-42a4-a9c6-b8345a25be7d	1	112154591	114289343	1321	-0.453
117463db-2904-42a4-a9c6-b8345a25be7d	1	114291004	114291088	2	-2.7527
117463db-2904-42a4-a9c6-b8345a25be7d	1	114291180	121556564	3775	-0.4706
117463db-2904-42a4-a9c6-b8345a25be7d	1	121558757	152583051	2432	-0.0054
117463db-2904-42a4-a9c6-b8345a25be7d	1	152583230	152614118	35	1.5138
117463db-2904-42a4-a9c6-b8345a25be7d	1	152618018	158896783	3779	0.0363
117463db-2904-42a4-a9c6-b8345a25be7d	1	158898711	158899969	2	2.8411
117463db-2904-42a4-a9c6-b8345a25be7d	1	158905028	159012687	81	-0.0572
117463db-2904-42a4-a9c6-b8345a25be7d	1	159013495	162297451	2094	0.0558
117463db-2904-42a4-a9c6-b8345a25be7d	1	162298033	169247699	5421	0.0124
117463db-2904-42a4-a9c6-b8345a25be7d	1	169264736	169286164	10	0.7469
117463db-2904-42a4-a9c6-b8345a25be7d	1	169287263	196788990	18056	-0.0033
117463db-2904-42a4-a9c6-b8345a25be7d	1	196789019	196790158	4	-1.7299
117463db-2904-42a4-a9c6-b8345a25be7d	1	196792690	200863456	2533	-0.027
117463db-2904-42a4-a9c6-b8345a25be7d	1	200863676	209835328	6137	0.0417
117463db-2904-42a4-a9c6-b8345a25be7d	1	209836259	209897717	53	-0.023
117463db-2904-42a4-a9c6-b8345a25be7d	1	209908268	209920226	6	-1.0358
117463db-2904-42a4-a9c6-b8345a25be7d	1	209920304	229675422	12922	0.0025
117463db-2904-42a4-a9c6-b8345a25be7d	1	229681109	229684449	3	-3.5698
117463db-2904-42a4-a9c6-b8345a25be7d	1	229684709	248458851	13657	0.002
117463db-2904-42a4-a9c6-b8345a25be7d	1	248461036	248546369	20	0.65
117463db-2904-42a4-a9c6-b8345a25be7d	1	248550567	248574146	3	-1.0665
117463db-2904-42a4-a9c6-b8345a25be7d	1	248585893	248633912	32	-2.516
117463db-2904-42a4-a9c6-b8345a25be7d	1	248645563	248930189	140	-0.1122
117463db-2904-42a4-a9c6-b8345a25be7d	2	12784	105308227	65072	-0.4401
117463db-2904-42a4-a9c6-b8345a25be7d	2	105308490	105308624	2	-5.3266
117463db-2904-42a4-a9c6-b8345a25be7d	2	105308854	129791702	14826	-0.4313
117463db-2904-42a4-a9c6-b8345a25be7d	2	129791707	129800804	7	-1.8308
117463db-2904-42a4-a9c6-b8345a25be7d	2	129801456	130259090	185	-0.3976
117463db-2904-42a4-a9c6-b8345a25be7d	2	130259950	130486635	67	-0.6615
117463db-2904-42a4-a9c6-b8345a25be7d	2	130526595	131335459	251	-0.3962
117463db-2904-42a4-a9c6-b8345a25be7d	2	131337174	131338814	4	-2.6173
117463db-2904-42a4-a9c6-b8345a25be7d	2	131338866	141350012	6201	-0.4469
117463db-2904-42a4-a9c6-b8345a25be7d	2	141350510	141354349	9	-1.9707
117463db-2904-42a4-a9c6-b8345a25be7d	2	141360458	146103818	2876	-0.458
117463db-2904-42a4-a9c6-b8345a25be7d	2	146103836	146109366	27	0.1959
117463db-2904-42a4-a9c6-b8345a25be7d	2	146120238	179196928	20046	-0.4489
117463db-2904-42a4-a9c6-b8345a25be7d	2	179202465	179214417	3	-2.2619
117463db-2904-42a4-a9c6-b8345a25be7d	2	179218864	202428368	13369	-0.4507
117463db-2904-42a4-a9c6-b8345a25be7d	2	202431052	202448759	42	-1.0411
117463db-2904-42a4-a9c6-b8345a25be7d	2	202448774	242147305	24965	-0.4454
117463db-2904-42a4-a9c6-b8345a25be7d	3	20930	990458	778	-0.0071
117463db-2904-42a4-a9c6-b8345a25be7d	3	993313	997505	12	-1.0777
117463db-2904-42a4-a9c6-b8345a25be7d	3	998015	4073429	2849	-0.0008
117463db-2904-42a4-a9c6-b8345a25be7d	3	4079539	4118040	37	-1.9238
117463db-2904-42a4-a9c6-b8345a25be7d	3	4120493	46751887	29184	0.0003
117463db-2904-42a4-a9c6-b8345a25be7d	3	46760327	46817989	41	-1.2762
117463db-2904-42a4-a9c6-b8345a25be7d	3	46818342	68697013	14454	-0.0008
117463db-2904-42a4-a9c6-b8345a25be7d	3	68697108	68698262	14	0.6845
117463db-2904-42a4-a9c6-b8345a25be7d	3	68699607	71903939	2383	-0.0115
117463db-2904-42a4-a9c6-b8345a25be7d	3	71906789	71907291	2	-2.0168
117463db-2904-42a4-a9c6-b8345a25be7d	3	71907657	74231054	1799	0.0079
117463db-2904-42a4-a9c6-b8345a25be7d	3	74231178	123324029	26195	-0.0328
117463db-2904-42a4-a9c6-b8345a25be7d	3	123324784	125989866	1652	0.0066
117463db-2904-42a4-a9c6-b8345a25be7d	3	125993370	126002908	28	-0.6814
117463db-2904-42a4-a9c6-b8345a25be7d	3	126003019	130057015	2318	0.0181
117463db-2904-42a4-a9c6-b8345a25be7d	3	130057833	130079892	29	0.4732
117463db-2904-42a4-a9c6-b8345a25be7d	3	130079938	165548290	21632	-0.023
117463db-2904-42a4-a9c6-b8345a25be7d	3	165549232	165579313	38	-0.6114
117463db-2904-42a4-a9c6-b8345a25be7d	3	165579327	175499151	6219	-0.0374
117463db-2904-42a4-a9c6-b8345a25be7d	3	175500784	175502132	2	-2.7665
117463db-2904-42a4-a9c6-b8345a25be7d	3	175504311	193160113	11282	-0.0239
117463db-2904-42a4-a9c6-b8345a25be7d	3	193160173	193165114	19	1.7207
117463db-2904-42a4-a9c6-b8345a25be7d	3	193168646	194249639	727	0.0153
117463db-2904-42a4-a9c6-b8345a25be7d	3	194250413	194251028	2	-1.7975
117463db-2904-42a4-a9c6-b8345a25be7d	3	194252860	195691392	749	0.0001
117463db-2904-42a4-a9c6-b8345a25be7d	3	195695418	195719726	16	0.614
117463db-2904-42a4-a9c6-b8345a25be7d	3	195719871	198142659	1179	-0.0252
117463db-2904-42a4-a9c6-b8345a25be7d	3	198169114	198169247	4	-1.3723
117463db-2904-42a4-a9c6-b8345a25be7d	4	68929	1059384	353	0.3491
117463db-2904-42a4-a9c6-b8345a25be7d	4	1060146	3597723	1078	0.4104
117463db-2904-42a4-a9c6-b8345a25be7d	4	3598142	3600457	2	-2.1857
117463db-2904-42a4-a9c6-b8345a25be7d	4	3607663	4080615	174	0.4154
117463db-2904-42a4-a9c6-b8345a25be7d	4	4081209	4174887	25	-0.0561
117463db-2904-42a4-a9c6-b8345a25be7d	4	4174902	9455251	3489	0.4356
117463db-2904-42a4-a9c6-b8345a25be7d	4	9459504	9477699	5	1.4793
117463db-2904-42a4-a9c6-b8345a25be7d	4	9484440	9825177	131	0.2816
117463db-2904-42a4-a9c6-b8345a25be7d	4	9825246	10208766	403	0.4483
117463db-2904-42a4-a9c6-b8345a25be7d	4	10221792	10222224	3	2.1358
117463db-2904-42a4-a9c6-b8345a25be7d	4	10227159	10390730	202	0.4425
117463db-2904-42a4-a9c6-b8345a25be7d	4	10391530	10401122	17	0.9073
117463db-2904-42a4-a9c6-b8345a25be7d	4	10401140	34777382	16645	0.3547
117463db-2904-42a4-a9c6-b8345a25be7d	4	34777403	34819718	39	-0.009
117463db-2904-42a4-a9c6-b8345a25be7d	4	34822561	49204422	8906	0.356
117463db-2904-42a4-a9c6-b8345a25be7d	4	49214614	49654578	20	-0.3156
117463db-2904-42a4-a9c6-b8345a25be7d	4	49656206	68569894	10409	0.3407
117463db-2904-42a4-a9c6-b8345a25be7d	4	68570184	68570195	3	-2.9337
117463db-2904-42a4-a9c6-b8345a25be7d	4	68570854	68655691	35	0.0897
117463db-2904-42a4-a9c6-b8345a25be7d	4	68663241	68686026	4	-1.6697
117463db-2904-42a4-a9c6-b8345a25be7d	4	68725894	86055306	10708	0.3452
117463db-2904-42a4-a9c6-b8345a25be7d	4	86055376	86058791	16	-0.5065
117463db-2904-42a4-a9c6-b8345a25be7d	4	86058936	108464432	13168	0.3378
117463db-2904-42a4-a9c6-b8345a25be7d	4	108466650	108467479	2	-2.1314
117463db-2904-42a4-a9c6-b8345a25be7d	4	108482941	108569408	45	0.2884
117463db-2904-42a4-a9c6-b8345a25be7d	4	108571276	108582982	5	1.3685
117463db-2904-42a4-a9c6-b8345a25be7d	4	108590042	111376259	1665	0.3423
117463db-2904-42a4-a9c6-b8345a25be7d	4	111376338	111385895	15	0.8803
117463db-2904-42a4-a9c6-b8345a25be7d	4	111385910	114252544	1833	0.342
117463db-2904-42a4-a9c6-b8345a25be7d	4	114254167	114263073	24	1.395
117463db-2904-42a4-a9c6-b8345a25be7d	4	114263096	151868241	21876	0.334
117463db-2904-42a4-a9c6-b8345a25be7d	4	151870381	151871739	13	-0.9375
117463db-2904-42a4-a9c6-b8345a25be7d	4	151873644	151873707	3	1.6127
117463db-2904-42a4-a9c6-b8345a25be7d	4	151874236	155388575	2263	0.3708
117463db-2904-42a4-a9c6-b8345a25be7d	4	155392358	159683018	2671	0.3094
117463db-2904-42a4-a9c6-b8345a25be7d	4	159686247	160958989	876	0.3519
117463db-2904-42a4-a9c6-b8345a25be7d	4	160959045	160963815	21	-0.4048
117463db-2904-42a4-a9c6-b8345a25be7d	4	160963825	171455823	6611	0.3489
117463db-2904-42a4-a9c6-b8345a25be7d	4	171456106	171456559	6	1.433
117463db-2904-42a4-a9c6-b8345a25be7d	4	171456573	171727481	165	0.3559
117463db-2904-42a4-a9c6-b8345a25be7d	4	171733028	171733803	2	1.6277
117463db-2904-42a4-a9c6-b8345a25be7d	4	171734851	172066777	225	0.3079
117463db-2904-42a4-a9c6-b8345a25be7d	4	172067997	172068382	12	-1.9762
117463db-2904-42a4-a9c6-b8345a25be7d	4	172074828	181011903	5702	0.3295
117463db-2904-42a4-a9c6-b8345a25be7d	4	181015228	181170296	98	-0.0815
117463db-2904-42a4-a9c6-b8345a25be7d	4	181172231	181325303	126	-0.641
117463db-2904-42a4-a9c6-b8345a25be7d	4	181327260	181353162	27	-1.4427
117463db-2904-42a4-a9c6-b8345a25be7d	4	181354877	181439833	82	-3.2201
117463db-2904-42a4-a9c6-b8345a25be7d	4	181440238	181529761	83	-1.3771
117463db-2904-42a4-a9c6-b8345a25be7d	4	181530456	181593239	50	-0.6113
117463db-2904-42a4-a9c6-b8345a25be7d	4	181593949	182721268	930	-0.0768
117463db-2904-42a4-a9c6-b8345a25be7d	4	182722950	188300104	3721	0.3641
117463db-2904-42a4-a9c6-b8345a25be7d	4	188300206	188300221	2	-1.7769
117463db-2904-42a4-a9c6-b8345a25be7d	4	188300270	189917427	1096	0.3538
117463db-2904-42a4-a9c6-b8345a25be7d	4	189918997	190106768	44	-0.0233
117463db-2904-42a4-a9c6-b8345a25be7d	5	15532	10527389	8467	0.3919
117463db-2904-42a4-a9c6-b8345a25be7d	5	10527531	10531886	5	-1.3099
117463db-2904-42a4-a9c6-b8345a25be7d	5	10532403	11998794	1216	0.3916
117463db-2904-42a4-a9c6-b8345a25be7d	5	12000270	12007407	3	-0.9582
117463db-2904-42a4-a9c6-b8345a25be7d	5	12011873	12815753	426	0.3523
117463db-2904-42a4-a9c6-b8345a25be7d	5	12819201	12826538	9	1.6922
117463db-2904-42a4-a9c6-b8345a25be7d	5	12833745	16601765	2585	0.3858
117463db-2904-42a4-a9c6-b8345a25be7d	5	16602342	21449167	2880	0.3475
117463db-2904-42a4-a9c6-b8345a25be7d	5	21451091	21452387	6	-1.6338
117463db-2904-42a4-a9c6-b8345a25be7d	5	21454830	46191782	14832	0.3556
117463db-2904-42a4-a9c6-b8345a25be7d	5	46195781	46199333	4	-1.0129
117463db-2904-42a4-a9c6-b8345a25be7d	5	46209197	46251204	13	0.5125
117463db-2904-42a4-a9c6-b8345a25be7d	5	46270906	46273400	8	2.1835
117463db-2904-42a4-a9c6-b8345a25be7d	5	46278110	50146124	20	0.3432
117463db-2904-42a4-a9c6-b8345a25be7d	5	50151472	50159802	2	2.3251
117463db-2904-42a4-a9c6-b8345a25be7d	5	50163220	58025819	5013	0.3453
117463db-2904-42a4-a9c6-b8345a25be7d	5	58030200	58037706	32	-0.3859
117463db-2904-42a4-a9c6-b8345a25be7d	5	58042530	140839137	49581	0.3525
117463db-2904-42a4-a9c6-b8345a25be7d	5	140844251	140864171	13	-0.6367
117463db-2904-42a4-a9c6-b8345a25be7d	5	140872578	167700687	17859	0.3606
117463db-2904-42a4-a9c6-b8345a25be7d	5	167701025	175946505	6236	0.3991
117463db-2904-42a4-a9c6-b8345a25be7d	5	175960543	175999690	8	1.259
117463db-2904-42a4-a9c6-b8345a25be7d	5	176004572	176043321	8	0.3035
117463db-2904-42a4-a9c6-b8345a25be7d	5	176050117	176223481	60	0.9918
117463db-2904-42a4-a9c6-b8345a25be7d	5	176234121	177680789	646	0.3711
117463db-2904-42a4-a9c6-b8345a25be7d	5	177687163	177771448	13	-0.2884
117463db-2904-42a4-a9c6-b8345a25be7d	5	177800550	177805604	3	2.9268
117463db-2904-42a4-a9c6-b8345a25be7d	5	177827964	179498842	951	0.4342
117463db-2904-42a4-a9c6-b8345a25be7d	5	179501760	179516344	10	-0.44
117463db-2904-42a4-a9c6-b8345a25be7d	5	179520653	181363319	1013	0.3683
117463db-2904-42a4-a9c6-b8345a25be7d	6	149661	31318528	22147	0.3735
117463db-2904-42a4-a9c6-b8345a25be7d	6	31318754	31327629	4	-2.5728
117463db-2904-42a4-a9c6-b8345a25be7d	6	31328176	32718419	594	0.274
117463db-2904-42a4-a9c6-b8345a25be7d	6	32720838	32721076	3	-2.4706
117463db-2904-42a4-a9c6-b8345a25be7d	6	32721547	32745041	23	0.1309
117463db-2904-42a4-a9c6-b8345a25be7d	6	32745322	44780628	7559	0.4071
117463db-2904-42a4-a9c6-b8345a25be7d	6	44783040	54066477	5988	0.3594
117463db-2904-42a4-a9c6-b8345a25be7d	6	54066582	54067057	4	2.8148
117463db-2904-42a4-a9c6-b8345a25be7d	6	54070550	57912021	2001	0.352
117463db-2904-42a4-a9c6-b8345a25be7d	6	57920571	58023602	31	1.0047
117463db-2904-42a4-a9c6-b8345a25be7d	6	58024605	76305231	9748	0.3426
117463db-2904-42a4-a9c6-b8345a25be7d	6	76307183	76307209	3	2.0296
117463db-2904-42a4-a9c6-b8345a25be7d	6	76307276	76726815	293	0.3911
117463db-2904-42a4-a9c6-b8345a25be7d	6	76730151	76732919	9	1.258
117463db-2904-42a4-a9c6-b8345a25be7d	6	76733502	78253172	981	0.3183
117463db-2904-42a4-a9c6-b8345a25be7d	6	78259348	78325468	110	0.8846
117463db-2904-42a4-a9c6-b8345a25be7d	6	78329517	102250055	14751	0.34
117463db-2904-42a4-a9c6-b8345a25be7d	6	102250820	102250874	2	-1.687
117463db-2904-42a4-a9c6-b8345a25be7d	6	102251118	103290414	598	0.3432
117463db-2904-42a4-a9c6-b8345a25be7d	6	103290439	103326915	48	0.0407
117463db-2904-42a4-a9c6-b8345a25be7d	6	103327551	115057911	7237	0.3509
117463db-2904-42a4-a9c6-b8345a25be7d	6	115057996	115086809	3	-1.5275
117463db-2904-42a4-a9c6-b8345a25be7d	6	115087407	156477924	26732	0.3396
117463db-2904-42a4-a9c6-b8345a25be7d	6	156480058	167219474	7729	0.3757
117463db-2904-42a4-a9c6-b8345a25be7d	6	167219977	167220439	3	-1.3427
117463db-2904-42a4-a9c6-b8345a25be7d	6	167223660	169800671	1686	0.3844
117463db-2904-42a4-a9c6-b8345a25be7d	6	169801013	170741917	388	0.3269
117463db-2904-42a4-a9c6-b8345a25be7d	7	43355	68659	31	1.0463
117463db-2904-42a4-a9c6-b8345a25be7d	7	79263	3349458	1384	0.3994
117463db-2904-42a4-a9c6-b8345a25be7d	7	3355447	3355694	5	-0.6253
117463db-2904-42a4-a9c6-b8345a25be7d	7	3359128	6758397	1970	0.3808
117463db-2904-42a4-a9c6-b8345a25be7d	7	6790272	6901730	37	-0.0826
117463db-2904-42a4-a9c6-b8345a25be7d	7	6902541	12898769	4869	0.3548
117463db-2904-42a4-a9c6-b8345a25be7d	7	12898918	12899593	2	-1.3306
117463db-2904-42a4-a9c6-b8345a25be7d	7	12904515	13053591	97	0.3416
117463db-2904-42a4-a9c6-b8345a25be7d	7	13054326	13091032	26	-0.8649
117463db-2904-42a4-a9c6-b8345a25be7d	7	13091133	21054804	6415	0.343
117463db-2904-42a4-a9c6-b8345a25be7d	7	21054871	23098855	1591	0.3704
117463db-2904-42a4-a9c6-b8345a25be7d	7	23100788	23104578	9	-0.5388
117463db-2904-42a4-a9c6-b8345a25be7d	7	23105676	53383781	21113	0.3749
117463db-2904-42a4-a9c6-b8345a25be7d	7	53387910	53398482	8	-0.6666
117463db-2904-42a4-a9c6-b8345a25be7d	7	53401260	56678728	2186	0.3746
117463db-2904-42a4-a9c6-b8345a25be7d	7	56678879	126405502	36676	0.3418
117463db-2904-42a4-a9c6-b8345a25be7d	7	126405597	126406822	11	-1.2022
117463db-2904-42a4-a9c6-b8345a25be7d	7	126406823	140037421	8528	0.3728
117463db-2904-42a4-a9c6-b8345a25be7d	7	140039780	140046996	3	-1.6833
117463db-2904-42a4-a9c6-b8345a25be7d	7	140048422	140420746	196	0.4424
117463db-2904-42a4-a9c6-b8345a25be7d	7	140423723	141907048	1024	0.3521
117463db-2904-42a4-a9c6-b8345a25be7d	7	141907414	142347278	323	0.4597
117463db-2904-42a4-a9c6-b8345a25be7d	7	142347301	142347565	4	-1.082
117463db-2904-42a4-a9c6-b8345a25be7d	7	142356135	150015395	4537	0.3707
117463db-2904-42a4-a9c6-b8345a25be7d	7	150016507	150029729	7	-0.9436
117463db-2904-42a4-a9c6-b8345a25be7d	7	150030654	150112933	30	0.495
117463db-2904-42a4-a9c6-b8345a25be7d	7	150113829	150139332	6	-0.6077
117463db-2904-42a4-a9c6-b8345a25be7d	7	150139809	152876850	1489	0.3915
117463db-2904-42a4-a9c6-b8345a25be7d	7	152881778	152882902	2	-2.1205
117463db-2904-42a4-a9c6-b8345a25be7d	7	152889438	154055919	889	0.3808
117463db-2904-42a4-a9c6-b8345a25be7d	7	154056585	154079746	9	1.1474
117463db-2904-42a4-a9c6-b8345a25be7d	7	154080227	154598185	412	0.3948
117463db-2904-42a4-a9c6-b8345a25be7d	7	154601461	154607903	4	1.5619
117463db-2904-42a4-a9c6-b8345a25be7d	7	154609120	155095451	446	0.3949
117463db-2904-42a4-a9c6-b8345a25be7d	7	155095616	155097189	17	-0.0262
117463db-2904-42a4-a9c6-b8345a25be7d	7	155097474	155169676	87	0.3654
117463db-2904-42a4-a9c6-b8345a25be7d	7	155171553	155173682	16	-0.7599
117463db-2904-42a4-a9c6-b8345a25be7d	7	155174804	159334314	2654	0.3932
117463db-2904-42a4-a9c6-b8345a25be7d	8	81254	644973	320	0.3325
117463db-2904-42a4-a9c6-b8345a25be7d	8	645220	645875	6	1.087
117463db-2904-42a4-a9c6-b8345a25be7d	8	645892	645908	2	4.2751
117463db-2904-42a4-a9c6-b8345a25be7d	8	656117	2179870	1218	0.403
117463db-2904-42a4-a9c6-b8345a25be7d	8	2181344	2194580	9	-0.9977
117463db-2904-42a4-a9c6-b8345a25be7d	8	2194696	3919342	1759	0.4003
117463db-2904-42a4-a9c6-b8345a25be7d	8	3926665	3932584	24	-0.5584
117463db-2904-42a4-a9c6-b8345a25be7d	8	3933696	5736745	2605	0.3785
117463db-2904-42a4-a9c6-b8345a25be7d	8	5741204	5749566	28	-0.4929
117463db-2904-42a4-a9c6-b8345a25be7d	8	5749634	8197738	1750	0.3783
117463db-2904-42a4-a9c6-b8345a25be7d	8	8212781	8214781	2	2.5639
117463db-2904-42a4-a9c6-b8345a25be7d	8	8234503	10388278	1916	0.3825
117463db-2904-42a4-a9c6-b8345a25be7d	8	10388815	10391269	2	-1.5632
117463db-2904-42a4-a9c6-b8345a25be7d	8	10391758	14045383	2683	0.3734
117463db-2904-42a4-a9c6-b8345a25be7d	8	14045700	14046426	3	-1.3785
117463db-2904-42a4-a9c6-b8345a25be7d	8	14050437	46409732	20656	0.3767
117463db-2904-42a4-a9c6-b8345a25be7d	8	46410835	46413492	2	-1.5691
117463db-2904-42a4-a9c6-b8345a25be7d	8	46431737	63936340	10880	0.3625
117463db-2904-42a4-a9c6-b8345a25be7d	8	63936355	63936561	5	1.5863
117463db-2904-42a4-a9c6-b8345a25be7d	8	63936953	75426133	6969	0.3585
117463db-2904-42a4-a9c6-b8345a25be7d	8	75428905	75429157	2	-3.0489
117463db-2904-42a4-a9c6-b8345a25be7d	8	75429673	84213082	5070	0.3538
117463db-2904-42a4-a9c6-b8345a25be7d	8	84213629	84216726	2	-1.4553
117463db-2904-42a4-a9c6-b8345a25be7d	8	84218028	84345754	75	0.3641
117463db-2904-42a4-a9c6-b8345a25be7d	8	84350648	84356431	19	-0.4242
117463db-2904-42a4-a9c6-b8345a25be7d	8	84358447	94545324	5788	0.3412
117463db-2904-42a4-a9c6-b8345a25be7d	8	94545374	94545764	6	1.4213
117463db-2904-42a4-a9c6-b8345a25be7d	8	94545887	111282065	10175	0.3491
117463db-2904-42a4-a9c6-b8345a25be7d	8	111282237	111283031	8	2.7269
117463db-2904-42a4-a9c6-b8345a25be7d	8	111288052	122047592	6802	0.3439
117463db-2904-42a4-a9c6-b8345a25be7d	8	122047640	122048607	9	-0.7067
117463db-2904-42a4-a9c6-b8345a25be7d	8	122048823	122492434	296	0.3389
117463db-2904-42a4-a9c6-b8345a25be7d	8	122492775	132880437	7378	0.3768
117463db-2904-42a4-a9c6-b8345a25be7d	8	132883044	133714470	826	0.4541
117463db-2904-42a4-a9c6-b8345a25be7d	8	133714521	139242601	4447	0.3896
117463db-2904-42a4-a9c6-b8345a25be7d	8	139246009	139246954	5	-0.8669
117463db-2904-42a4-a9c6-b8345a25be7d	8	139247177	143616763	2476	0.4065
117463db-2904-42a4-a9c6-b8345a25be7d	8	143616987	145072769	509	0.3276
117463db-2904-42a4-a9c6-b8345a25be7d	9	46587	16895899	15141	0.0105
117463db-2904-42a4-a9c6-b8345a25be7d	9	16897590	16897687	2	-2.476
117463db-2904-42a4-a9c6-b8345a25be7d	9	16898060	23361807	5066	0.0046
117463db-2904-42a4-a9c6-b8345a25be7d	9	23363117	23373486	8	1.1943
117463db-2904-42a4-a9c6-b8345a25be7d	9	23378490	28043908	3502	0.0017
117463db-2904-42a4-a9c6-b8345a25be7d	9	28044101	28050693	7	-1.3684
117463db-2904-42a4-a9c6-b8345a25be7d	9	28055605	42585140	7281	0.0142
117463db-2904-42a4-a9c6-b8345a25be7d	9	42697878	42726239	12	1.1358
117463db-2904-42a4-a9c6-b8345a25be7d	9	42727685	63580418	110	0.149
117463db-2904-42a4-a9c6-b8345a25be7d	9	63590317	63590325	5	2.4805
117463db-2904-42a4-a9c6-b8345a25be7d	9	63592670	80269027	8730	0.003
117463db-2904-42a4-a9c6-b8345a25be7d	9	80272281	80272308	2	-2.036
117463db-2904-42a4-a9c6-b8345a25be7d	9	80278792	119126644	27822	0.0195
117463db-2904-42a4-a9c6-b8345a25be7d	9	119130361	133307114	8821	0.0521
117463db-2904-42a4-a9c6-b8345a25be7d	9	133307129	133307252	4	1.8758
117463db-2904-42a4-a9c6-b8345a25be7d	9	133316268	137334684	1851	0.0741
117463db-2904-42a4-a9c6-b8345a25be7d	9	137335994	138200944	419	0.0124
117463db-2904-42a4-a9c6-b8345a25be7d	10	45792	24086334	19008	0.0062
117463db-2904-42a4-a9c6-b8345a25be7d	10	24088745	24089125	11	1.106
117463db-2904-42a4-a9c6-b8345a25be7d	10	24089979	30957581	4981	0.0035
117463db-2904-42a4-a9c6-b8345a25be7d	10	30962405	30962797	9	-1.2642
117463db-2904-42a4-a9c6-b8345a25be7d	10	30962809	46553370	7424	0.0033
117463db-2904-42a4-a9c6-b8345a25be7d	10	46553629	46901552	30	-0.4734
117463db-2904-42a4-a9c6-b8345a25be7d	10	46967412	48193633	317	0.0299
117463db-2904-42a4-a9c6-b8345a25be7d	10	48194041	49813226	1283	0.0968
117463db-2904-42a4-a9c6-b8345a25be7d	10	49818659	56753095	4862	-0.0284
117463db-2904-42a4-a9c6-b8345a25be7d	10	56756615	56767077	41	-1.0519
117463db-2904-42a4-a9c6-b8345a25be7d	10	56772992	65545327	6057	-0.02
117463db-2904-42a4-a9c6-b8345a25be7d	10	65545353	65554688	32	-0.5131
117463db-2904-42a4-a9c6-b8345a25be7d	10	65563037	69466710	2487	-0.0044
117463db-2904-42a4-a9c6-b8345a25be7d	10	69466936	71832037	1873	0.069
117463db-2904-42a4-a9c6-b8345a25be7d	10	71832572	78480449	3951	0.0081
117463db-2904-42a4-a9c6-b8345a25be7d	10	78480732	78484841	3	-2.1488
117463db-2904-42a4-a9c6-b8345a25be7d	10	78484866	79595316	848	0.0567
117463db-2904-42a4-a9c6-b8345a25be7d	10	79624118	79684125	9	-0.9761
117463db-2904-42a4-a9c6-b8345a25be7d	10	79689251	80020240	104	-0.0094
117463db-2904-42a4-a9c6-b8345a25be7d	10	80020803	80039780	12	0.7412
117463db-2904-42a4-a9c6-b8345a25be7d	10	80045490	82951704	2155	0.0036
117463db-2904-42a4-a9c6-b8345a25be7d	10	82953142	82957416	6	-1.3688
117463db-2904-42a4-a9c6-b8345a25be7d	10	82958025	133654968	34415	0.0123
117463db-2904-42a4-a9c6-b8345a25be7d	11	198510	515931	119	-0.7054
117463db-2904-42a4-a9c6-b8345a25be7d	11	516520	4943195	2263	-0.4345
117463db-2904-42a4-a9c6-b8345a25be7d	11	4945831	4949013	6	-1.2791
117463db-2904-42a4-a9c6-b8345a25be7d	11	4949047	4955042	28	0.5167
117463db-2904-42a4-a9c6-b8345a25be7d	11	4955781	7791493	2276	-0.4553
117463db-2904-42a4-a9c6-b8345a25be7d	11	7791913	7810711	6	-1.9995
117463db-2904-42a4-a9c6-b8345a25be7d	11	7815462	18919323	7811	-0.4678
117463db-2904-42a4-a9c6-b8345a25be7d	11	18927525	18940586	47	0.5923
117463db-2904-42a4-a9c6-b8345a25be7d	11	18949158	80264942	34696	-0.4709
117463db-2904-42a4-a9c6-b8345a25be7d	11	80264977	80272554	20	-3.5606
117463db-2904-42a4-a9c6-b8345a25be7d	11	80273671	90833345	7052	-0.4799
117463db-2904-42a4-a9c6-b8345a25be7d	11	90835019	90837870	4	-2.2382
117463db-2904-42a4-a9c6-b8345a25be7d	11	90838996	93964792	2227	-0.4809
117463db-2904-42a4-a9c6-b8345a25be7d	11	93964894	93968422	8	-4.3998
117463db-2904-42a4-a9c6-b8345a25be7d	11	93971294	135074876	29268	-0.4753
117463db-2904-42a4-a9c6-b8345a25be7d	12	51460	1872985	1077	0.3213
117463db-2904-42a4-a9c6-b8345a25be7d	12	1874616	8191365	4418	0.4083
117463db-2904-42a4-a9c6-b8345a25be7d	12	8194012	8428347	80	0.126
117463db-2904-42a4-a9c6-b8345a25be7d	12	8432076	9390888	530	0.3966
117463db-2904-42a4-a9c6-b8345a25be7d	12	9393254	9481274	23	0.022
117463db-2904-42a4-a9c6-b8345a25be7d	12	9485313	9562969	22	-1.683
117463db-2904-42a4-a9c6-b8345a25be7d	12	9575696	10420401	623	0.3895
117463db-2904-42a4-a9c6-b8345a25be7d	12	10426178	10434196	4	-0.7089
117463db-2904-42a4-a9c6-b8345a25be7d	12	10434721	11064250	398	0.3922
117463db-2904-42a4-a9c6-b8345a25be7d	12	11066824	11104230	13	1.0299
117463db-2904-42a4-a9c6-b8345a25be7d	12	11107676	20991368	6620	0.3521
117463db-2904-42a4-a9c6-b8345a25be7d	12	20991497	20991572	3	-2.8085
117463db-2904-42a4-a9c6-b8345a25be7d	12	20991608	33141726	8778	0.3512
117463db-2904-42a4-a9c6-b8345a25be7d	12	33148472	33154440	27	0.9966
117463db-2904-42a4-a9c6-b8345a25be7d	12	33155426	33227031	43	0.3108
117463db-2904-42a4-a9c6-b8345a25be7d	12	33232895	33242483	7	-0.5404
117463db-2904-42a4-a9c6-b8345a25be7d	12	33246118	51657346	8786	0.3586
117463db-2904-42a4-a9c6-b8345a25be7d	12	51657436	58413212	3973	0.4018
117463db-2904-42a4-a9c6-b8345a25be7d	12	58413991	63558675	3301	0.3443
117463db-2904-42a4-a9c6-b8345a25be7d	12	63567670	63741025	55	1.0343
117463db-2904-42a4-a9c6-b8345a25be7d	12	63741647	99398036	22801	0.3386
117463db-2904-42a4-a9c6-b8345a25be7d	12	99401515	99404956	31	-0.3926
117463db-2904-42a4-a9c6-b8345a25be7d	12	99409315	103407181	2440	0.3373
117463db-2904-42a4-a9c6-b8345a25be7d	12	103407203	131635702	19538	0.3887
117463db-2904-42a4-a9c6-b8345a25be7d	12	131636170	131648790	14	0.9656
117463db-2904-42a4-a9c6-b8345a25be7d	12	131657925	132181051	214	0.4077
117463db-2904-42a4-a9c6-b8345a25be7d	12	132181563	133201603	341	0.3023
117463db-2904-42a4-a9c6-b8345a25be7d	13	18452809	68405251	32333	-0.4783
117463db-2904-42a4-a9c6-b8345a25be7d	13	68406235	68419933	16	-4.2822
117463db-2904-42a4-a9c6-b8345a25be7d	13	68421003	87379222	12346	-0.4962
117463db-2904-42a4-a9c6-b8345a25be7d	13	87379354	87379366	2	-3.3386
117463db-2904-42a4-a9c6-b8345a25be7d	13	87380247	110794766	16713	-0.4959
117463db-2904-42a4-a9c6-b8345a25be7d	13	110796051	110796768	3	-3.3286
117463db-2904-42a4-a9c6-b8345a25be7d	13	110797133	114342922	1942	-0.5007
117463db-2904-42a4-a9c6-b8345a25be7d	14	18239283	19289821	45	-0.3319
117463db-2904-42a4-a9c6-b8345a25be7d	14	19294457	19298389	3	1.5054
117463db-2904-42a4-a9c6-b8345a25be7d	14	19326853	19735726	22	-0.1661
117463db-2904-42a4-a9c6-b8345a25be7d	14	19735739	19988055	113	-0.8581
117463db-2904-42a4-a9c6-b8345a25be7d	14	19988163	106340774	54344	-0.4665
117463db-2904-42a4-a9c6-b8345a25be7d	14	106345431	106346129	4	-3.3418
117463db-2904-42a4-a9c6-b8345a25be7d	14	106360014	106877229	273	-0.4439
117463db-2904-42a4-a9c6-b8345a25be7d	15	19811075	22595648	217	-0.3112
117463db-2904-42a4-a9c6-b8345a25be7d	15	22606745	27163961	2920	0.0121
117463db-2904-42a4-a9c6-b8345a25be7d	15	27164571	27164655	2	-2.3188
117463db-2904-42a4-a9c6-b8345a25be7d	15	27165523	65902204	24149	0.0237
117463db-2904-42a4-a9c6-b8345a25be7d	15	65902716	76566980	6315	0.055
117463db-2904-42a4-a9c6-b8345a25be7d	15	76567869	76603433	26	-0.429
117463db-2904-42a4-a9c6-b8345a25be7d	15	76603434	76853059	114	0.0784
117463db-2904-42a4-a9c6-b8345a25be7d	15	76855633	77510883	286	-0.0619
117463db-2904-42a4-a9c6-b8345a25be7d	15	77511318	81746279	2868	0.0713
117463db-2904-42a4-a9c6-b8345a25be7d	15	81746854	84388506	1293	0.0355
117463db-2904-42a4-a9c6-b8345a25be7d	15	84390750	85403519	462	-0.0531
117463db-2904-42a4-a9c6-b8345a25be7d	15	85407622	85408630	4	-1.0819
117463db-2904-42a4-a9c6-b8345a25be7d	15	85413359	85904297	405	-0.0332
117463db-2904-42a4-a9c6-b8345a25be7d	15	85905428	100001571	10556	0.032
117463db-2904-42a4-a9c6-b8345a25be7d	15	100002862	100003908	3	-1.7654
117463db-2904-42a4-a9c6-b8345a25be7d	15	100004224	100988926	785	0.0305
117463db-2904-42a4-a9c6-b8345a25be7d	15	100989313	100990011	3	-1.5073
117463db-2904-42a4-a9c6-b8345a25be7d	15	100995023	101864933	664	0.0007
117463db-2904-42a4-a9c6-b8345a25be7d	15	101880399	101928837	12	-0.5644
117463db-2904-42a4-a9c6-b8345a25be7d	16	10777	55762682	26729	0.0281
117463db-2904-42a4-a9c6-b8345a25be7d	16	55764310	55764867	3	3.2586
117463db-2904-42a4-a9c6-b8345a25be7d	16	55770436	55788532	15	0.7802
117463db-2904-42a4-a9c6-b8345a25be7d	16	55808442	61619484	3601	0.0265
117463db-2904-42a4-a9c6-b8345a25be7d	16	61624449	61631904	2	-2.4054
117463db-2904-42a4-a9c6-b8345a25be7d	16	61635303	74346075	7378	0.0172
117463db-2904-42a4-a9c6-b8345a25be7d	16	74350360	74422703	10	1.12
117463db-2904-42a4-a9c6-b8345a25be7d	16	74431498	78338714	3181	0.0021
117463db-2904-42a4-a9c6-b8345a25be7d	16	78338949	78351104	16	0.8588
117463db-2904-42a4-a9c6-b8345a25be7d	16	78351540	78373670	43	-0.1336
117463db-2904-42a4-a9c6-b8345a25be7d	16	78379550	78879564	665	0.0156
117463db-2904-42a4-a9c6-b8345a25be7d	16	78881757	78891908	8	-0.9032
117463db-2904-42a4-a9c6-b8345a25be7d	16	78892098	80632491	2008	0.0177
117463db-2904-42a4-a9c6-b8345a25be7d	16	80632882	80638532	2	-1.9613
117463db-2904-42a4-a9c6-b8345a25be7d	16	80638807	84225105	3728	0.0309
117463db-2904-42a4-a9c6-b8345a25be7d	16	84225660	84906410	618	-0.079
117463db-2904-42a4-a9c6-b8345a25be7d	16	84906427	88394651	2722	0.0681
117463db-2904-42a4-a9c6-b8345a25be7d	16	88394665	90096867	713	-0.1034
117463db-2904-42a4-a9c6-b8345a25be7d	17	150733	1237871	550	-0.0801
117463db-2904-42a4-a9c6-b8345a25be7d	17	1244344	8339592	3941	0.0443
117463db-2904-42a4-a9c6-b8345a25be7d	17	8344229	8344415	2	-3.119
117463db-2904-42a4-a9c6-b8345a25be7d	17	8346140	36109139	13619	0.0318
117463db-2904-42a4-a9c6-b8345a25be7d	17	36109735	36208249	37	1.2543
117463db-2904-42a4-a9c6-b8345a25be7d	17	36460442	41224178	2490	0.0368
117463db-2904-42a4-a9c6-b8345a25be7d	17	41231308	41234024	4	-3.8326
117463db-2904-42a4-a9c6-b8345a25be7d	17	41237517	41265456	13	-0.2033
117463db-2904-42a4-a9c6-b8345a25be7d	17	41266762	41274279	24	1.1953
117463db-2904-42a4-a9c6-b8345a25be7d	17	41276472	43361222	1097	0.03
117463db-2904-42a4-a9c6-b8345a25be7d	17	43362318	43362553	2	-3.0043
117463db-2904-42a4-a9c6-b8345a25be7d	17	43366336	45577724	1041	0.0432
117463db-2904-42a4-a9c6-b8345a25be7d	17	45579014	45582060	6	-1.111
117463db-2904-42a4-a9c6-b8345a25be7d	17	45587327	46099741	345	0.0261
117463db-2904-42a4-a9c6-b8345a25be7d	17	46100092	46286804	114	-0.406
117463db-2904-42a4-a9c6-b8345a25be7d	17	46323701	46571001	6	1.069
117463db-2904-42a4-a9c6-b8345a25be7d	17	46664059	76337045	17956	0.0258
117463db-2904-42a4-a9c6-b8345a25be7d	17	76339739	76340464	2	-2.4738
117463db-2904-42a4-a9c6-b8345a25be7d	17	76341029	83091923	3460	0.033
117463db-2904-42a4-a9c6-b8345a25be7d	18	48133	80257174	50164	-0.4759
117463db-2904-42a4-a9c6-b8345a25be7d	19	90910	27257085	11109	0.3738
117463db-2904-42a4-a9c6-b8345a25be7d	19	27260767	42811459	9210	0.0262
117463db-2904-42a4-a9c6-b8345a25be7d	19	42816985	43142696	146	-0.6795
117463db-2904-42a4-a9c6-b8345a25be7d	19	43143826	52675356	4861	-0.002
117463db-2904-42a4-a9c6-b8345a25be7d	19	52677701	53871273	862	-0.106
117463db-2904-42a4-a9c6-b8345a25be7d	19	53872572	58586487	2762	-0.0089
117463db-2904-42a4-a9c6-b8345a25be7d	20	80664	1580353	1193	0.39
117463db-2904-42a4-a9c6-b8345a25be7d	20	1580934	1617690	44	-0.5309
117463db-2904-42a4-a9c6-b8345a25be7d	20	1618356	4905625	2417	0.438
117463db-2904-42a4-a9c6-b8345a25be7d	20	4905844	18365592	10605	0.3904
117463db-2904-42a4-a9c6-b8345a25be7d	20	18367636	25552858	5324	0.4307
117463db-2904-42a4-a9c6-b8345a25be7d	20	25553798	31256170	330	0.299
117463db-2904-42a4-a9c6-b8345a25be7d	20	31258478	37199279	2903	0.4081
117463db-2904-42a4-a9c6-b8345a25be7d	20	37199310	53442884	11406	0.4378
117463db-2904-42a4-a9c6-b8345a25be7d	20	53444708	56811695	2671	0.3961
117463db-2904-42a4-a9c6-b8345a25be7d	20	56812232	63636974	4903	0.4814
117463db-2904-42a4-a9c6-b8345a25be7d	20	63639320	64324800	286	0.289
117463db-2904-42a4-a9c6-b8345a25be7d	21	10354168	13028693	97	-0.4264
117463db-2904-42a4-a9c6-b8345a25be7d	21	13080541	13189617	17	-1.7363
117463db-2904-42a4-a9c6-b8345a25be7d	21	13197963	13419837	96	-0.463
117463db-2904-42a4-a9c6-b8345a25be7d	21	13421184	13424314	3	-2.3458
117463db-2904-42a4-a9c6-b8345a25be7d	21	13428524	28428075	10690	-0.5021
117463db-2904-42a4-a9c6-b8345a25be7d	21	28428141	45208304	11853	-0.4642
117463db-2904-42a4-a9c6-b8345a25be7d	21	45208556	46677045	838	-0.5712
117463db-2904-42a4-a9c6-b8345a25be7d	22	15294547	18620743	1123	-0.452
117463db-2904-42a4-a9c6-b8345a25be7d	22	18649244	19037293	61	0.4124
117463db-2904-42a4-a9c6-b8345a25be7d	22	19037712	20215383	765	-0.5578
117463db-2904-42a4-a9c6-b8345a25be7d	22	20215605	20238103	16	-1.4276
117463db-2904-42a4-a9c6-b8345a25be7d	22	20245065	20761545	330	-0.5576
117463db-2904-42a4-a9c6-b8345a25be7d	22	20761570	23899579	2007	-0.4702
117463db-2904-42a4-a9c6-b8345a25be7d	22	23900166	23900786	2	-3.3212
117463db-2904-42a4-a9c6-b8345a25be7d	22	23901549	23987520	51	-0.527
117463db-2904-42a4-a9c6-b8345a25be7d	22	23988078	24002228	7	1.4963
117463db-2904-42a4-a9c6-b8345a25be7d	22	24005083	36781642	9551	-0.4461
117463db-2904-42a4-a9c6-b8345a25be7d	22	36781797	36783716	2	-3.6079
117463db-2904-42a4-a9c6-b8345a25be7d	22	36786637	42518968	3083	-0.459
117463db-2904-42a4-a9c6-b8345a25be7d	22	42522346	42570693	21	0.3666
117463db-2904-42a4-a9c6-b8345a25be7d	22	42577195	44737460	1598	-0.4368
117463db-2904-42a4-a9c6-b8345a25be7d	22	44739926	44740755	3	-3.3219
117463db-2904-42a4-a9c6-b8345a25be7d	22	44741026	48934911	3238	-0.4501
117463db-2904-42a4-a9c6-b8345a25be7d	22	48935200	49139737	229	-0.6065
117463db-2904-42a4-a9c6-b8345a25be7d	22	49139958	49142172	2	-4.3724
117463db-2904-42a4-a9c6-b8345a25be7d	22	49142358	50796027	946	-0.5698
117463db-2904-42a4-a9c6-b8345a25be7d	X	251810	4940287	1604	0.0059
117463db-2904-42a4-a9c6-b8345a25be7d	X	4940555	4953690	10	-0.9465
117463db-2904-42a4-a9c6-b8345a25be7d	X	4954397	68013833	33738	0.0114
117463db-2904-42a4-a9c6-b8345a25be7d	X	68014571	68025715	8	-1.0214
117463db-2904-42a4-a9c6-b8345a25be7d	X	68028992	78600794	4476	0.0111
117463db-2904-42a4-a9c6-b8345a25be7d	X	78601229	78604095	2	1.8143
117463db-2904-42a4-a9c6-b8345a25be7d	X	78604333	81491333	1612	-0.0007
117463db-2904-42a4-a9c6-b8345a25be7d	X	81497147	81515071	10	-1.1399
117463db-2904-42a4-a9c6-b8345a25be7d	X	81527420	95572811	7362	-0.0139
117463db-2904-42a4-a9c6-b8345a25be7d	X	95576898	95581738	3	1.5121
117463db-2904-42a4-a9c6-b8345a25be7d	X	95591795	123237855	15168	0.0059
117463db-2904-42a4-a9c6-b8345a25be7d	X	123238933	123239256	2	-1.8952
117463db-2904-42a4-a9c6-b8345a25be7d	X	123239733	147758954	14517	0.0118
117463db-2904-42a4-a9c6-b8345a25be7d	X	147761735	147767488	34	-0.9585
117463db-2904-42a4-a9c6-b8345a25be7d	X	147767641	149547035	1168	0.0233
117463db-2904-42a4-a9c6-b8345a25be7d	X	149550633	149572955	10	-0.9851
117463db-2904-42a4-a9c6-b8345a25be7d	X	149604380	149758163	69	0.0374
117463db-2904-42a4-a9c6-b8345a25be7d	X	149793935	149934982	68	0.6826
117463db-2904-42a4-a9c6-b8345a25be7d	X	149935002	155952689	3109	0.025
117463db-2904-42a4-a9c6-b8345a25be7d	Y	2782397	3024380	117	-2.9872
117463db-2904-42a4-a9c6-b8345a25be7d	Y	3025189	6076562	601	-2.5071
117463db-2904-42a4-a9c6-b8345a25be7d	Y	6080059	8632342	1239	-3.1655
117463db-2904-42a4-a9c6-b8345a25be7d	Y	8632861	8654617	9	-5.772
117463db-2904-42a4-a9c6-b8345a25be7d	Y	8654875	9330531	257	-3.3929
117463db-2904-42a4-a9c6-b8345a25be7d	Y	9332936	9554275	25	-5.1429
117463db-2904-42a4-a9c6-b8345a25be7d	Y	9554586	56872112	4386	-3.0991
