GDC_Aliquot	Chromosome	Start	End	Num_Probes	Segment_Mean
3550e483-fe1a-4a5f-a0ca-0560c7a43813	1	62920	783283	24	-0.6094
3550e483-fe1a-4a5f-a0ca-0560c7a43813	1	787937	1014228	50	0.1053
3550e483-fe1a-4a5f-a0ca-0560c7a43813	1	1027290	8164570	3973	-0.2763
3550e483-fe1a-4a5f-a0ca-0560c7a43813	1	8164896	8432644	136	0.1298
3550e483-fe1a-4a5f-a0ca-0560c7a43813	1	8435345	8945859	288	-0.3113
3550e483-fe1a-4a5f-a0ca-0560c7a43813	1	8947497	8958872	13	0.4515
3550e483-fe1a-4a5f-a0ca-0560c7a43813	1	8967332	9063353	56	0.1217
3550e483-fe1a-4a5f-a0ca-0560c7a43813	1	9067173	9326691	149	0.515
3550e483-fe1a-4a5f-a0ca-0560c7a43813	1	9327252	9635806	152	-0.3327
3550e483-fe1a-4a5f-a0ca-0560c7a43813	1	9638204	10186071	234	0.1471
3550e483-fe1a-4a5f-a0ca-0560c7a43813	1	10186596	10244179	28	0.5884
3550e483-fe1a-4a5f-a0ca-0560c7a43813	1	10247395	10398382	118	0.1894
3550e483-fe1a-4a5f-a0ca-0560c7a43813	1	10408661	11077295	339	-0.2845
3550e483-fe1a-4a5f-a0ca-0560c7a43813	1	11080386	11132077	27	0.1675
3550e483-fe1a-4a5f-a0ca-0560c7a43813	1	11134534	15347773	2458	-0.2692
3550e483-fe1a-4a5f-a0ca-0560c7a43813	1	15351436	15381037	35	0.1432
3550e483-fe1a-4a5f-a0ca-0560c7a43813	1	15383617	15827002	238	-0.2926
3550e483-fe1a-4a5f-a0ca-0560c7a43813	1	15827041	15827259	2	-1.993
3550e483-fe1a-4a5f-a0ca-0560c7a43813	1	15827338	16365669	237	-0.2979
3550e483-fe1a-4a5f-a0ca-0560c7a43813	1	16370590	16643961	98	0.2229
3550e483-fe1a-4a5f-a0ca-0560c7a43813	1	16679239	16868660	29	-0.1714
3550e483-fe1a-4a5f-a0ca-0560c7a43813	1	16877002	16935302	49	-0.6591
3550e483-fe1a-4a5f-a0ca-0560c7a43813	1	16935393	21202342	2891	-0.2712
3550e483-fe1a-4a5f-a0ca-0560c7a43813	1	21205583	21332392	69	0.1265
3550e483-fe1a-4a5f-a0ca-0560c7a43813	1	21333982	21372846	24	0.7462
3550e483-fe1a-4a5f-a0ca-0560c7a43813	1	21376715	21503843	72	0.1464
3550e483-fe1a-4a5f-a0ca-0560c7a43813	1	21508618	21590741	52	-0.3889
3550e483-fe1a-4a5f-a0ca-0560c7a43813	1	21594565	21605199	3	0.5845
3550e483-fe1a-4a5f-a0ca-0560c7a43813	1	21605696	21974705	221	-0.2942
3550e483-fe1a-4a5f-a0ca-0560c7a43813	1	21974983	22054050	31	0.6658
3550e483-fe1a-4a5f-a0ca-0560c7a43813	1	22058220	23116979	691	-0.2697
3550e483-fe1a-4a5f-a0ca-0560c7a43813	1	23117620	23610549	291	0.1728
3550e483-fe1a-4a5f-a0ca-0560c7a43813	1	23612522	25244778	902	-0.3062
3550e483-fe1a-4a5f-a0ca-0560c7a43813	1	25247980	25320253	30	0.33
3550e483-fe1a-4a5f-a0ca-0560c7a43813	1	25320455	32627734	3651	-0.2898
3550e483-fe1a-4a5f-a0ca-0560c7a43813	1	32628062	33193446	242	0.1687
3550e483-fe1a-4a5f-a0ca-0560c7a43813	1	33196557	37226604	2419	-0.2547
3550e483-fe1a-4a5f-a0ca-0560c7a43813	1	37228387	38180036	508	0.175
3550e483-fe1a-4a5f-a0ca-0560c7a43813	1	38180293	41030342	1597	-0.2741
3550e483-fe1a-4a5f-a0ca-0560c7a43813	1	41032636	41639547	371	0.5475
3550e483-fe1a-4a5f-a0ca-0560c7a43813	1	41643079	41946367	249	-0.2756
3550e483-fe1a-4a5f-a0ca-0560c7a43813	1	41950845	42322729	204	0.2098
3550e483-fe1a-4a5f-a0ca-0560c7a43813	1	42323584	45750099	1879	-0.2818
3550e483-fe1a-4a5f-a0ca-0560c7a43813	1	45755945	45850516	57	0.1719
3550e483-fe1a-4a5f-a0ca-0560c7a43813	1	45852675	50470438	2624	-0.2418
3550e483-fe1a-4a5f-a0ca-0560c7a43813	1	50472176	50474090	2	-2.6747
3550e483-fe1a-4a5f-a0ca-0560c7a43813	1	50474269	54624527	2176	-0.2671
3550e483-fe1a-4a5f-a0ca-0560c7a43813	1	54627618	54628716	2	-2.3533
3550e483-fe1a-4a5f-a0ca-0560c7a43813	1	54630777	54854229	194	-0.286
3550e483-fe1a-4a5f-a0ca-0560c7a43813	1	54857494	54920561	42	0.1274
3550e483-fe1a-4a5f-a0ca-0560c7a43813	1	54921689	57808380	2360	-0.229
3550e483-fe1a-4a5f-a0ca-0560c7a43813	1	57812255	57812380	2	-2.5111
3550e483-fe1a-4a5f-a0ca-0560c7a43813	1	57812900	64371598	4747	-0.2482
3550e483-fe1a-4a5f-a0ca-0560c7a43813	1	64377044	64385862	4	-2.1172
3550e483-fe1a-4a5f-a0ca-0560c7a43813	1	64388922	72302815	5348	-0.2479
3550e483-fe1a-4a5f-a0ca-0560c7a43813	1	72303233	72345465	46	-1.4288
3550e483-fe1a-4a5f-a0ca-0560c7a43813	1	72346221	103621165	19997	-0.2416
3550e483-fe1a-4a5f-a0ca-0560c7a43813	1	103697067	103717410	3	-2.103
3550e483-fe1a-4a5f-a0ca-0560c7a43813	1	103717617	105470754	917	-0.2313
3550e483-fe1a-4a5f-a0ca-0560c7a43813	1	105476583	105479753	17	-2.0668
3550e483-fe1a-4a5f-a0ca-0560c7a43813	1	105481433	108187137	1938	-0.244
3550e483-fe1a-4a5f-a0ca-0560c7a43813	1	108191613	108194874	3	-2.6642
3550e483-fe1a-4a5f-a0ca-0560c7a43813	1	108196482	108223733	17	-0.2419
3550e483-fe1a-4a5f-a0ca-0560c7a43813	1	108226680	108274557	2	-3.7128
3550e483-fe1a-4a5f-a0ca-0560c7a43813	1	108310648	109564422	629	-0.2987
3550e483-fe1a-4a5f-a0ca-0560c7a43813	1	109571607	109644606	31	0.2734
3550e483-fe1a-4a5f-a0ca-0560c7a43813	1	109650144	112147704	1970	-0.2692
3550e483-fe1a-4a5f-a0ca-0560c7a43813	1	112153343	112154768	25	0.4429
3550e483-fe1a-4a5f-a0ca-0560c7a43813	1	112163334	121601998	5154	-0.2586
3550e483-fe1a-4a5f-a0ca-0560c7a43813	1	121705338	149879339	1035	0.5631
3550e483-fe1a-4a5f-a0ca-0560c7a43813	1	149881178	149904595	10	1.2615
3550e483-fe1a-4a5f-a0ca-0560c7a43813	1	149906351	152583051	1397	0.5262
3550e483-fe1a-4a5f-a0ca-0560c7a43813	1	152583230	152614118	35	1.8018
3550e483-fe1a-4a5f-a0ca-0560c7a43813	1	152618018	152784330	164	0.5712
3550e483-fe1a-4a5f-a0ca-0560c7a43813	1	152785214	152871451	87	0.7976
3550e483-fe1a-4a5f-a0ca-0560c7a43813	1	152872109	153928787	669	0.5547
3550e483-fe1a-4a5f-a0ca-0560c7a43813	1	153932130	154984186	541	0.1603
3550e483-fe1a-4a5f-a0ca-0560c7a43813	1	154987406	155466690	212	0.4234
3550e483-fe1a-4a5f-a0ca-0560c7a43813	1	155474904	156208528	297	0.1104
3550e483-fe1a-4a5f-a0ca-0560c7a43813	1	156211665	156216047	5	-0.8921
3550e483-fe1a-4a5f-a0ca-0560c7a43813	1	156217762	156254513	20	-0.3154
3550e483-fe1a-4a5f-a0ca-0560c7a43813	1	156257740	156966490	340	0.1388
3550e483-fe1a-4a5f-a0ca-0560c7a43813	1	156969023	161509648	3109	0.1921
3550e483-fe1a-4a5f-a0ca-0560c7a43813	1	161532067	161649178	14	0.9386
3550e483-fe1a-4a5f-a0ca-0560c7a43813	1	161649222	165573605	3234	0.2403
3550e483-fe1a-4a5f-a0ca-0560c7a43813	1	165575464	186735394	14262	0.1973
3550e483-fe1a-4a5f-a0ca-0560c7a43813	1	186738054	199809815	8533	0.2256
3550e483-fe1a-4a5f-a0ca-0560c7a43813	1	199809828	201947304	1534	0.1524
3550e483-fe1a-4a5f-a0ca-0560c7a43813	1	201950546	202007352	33	0.6868
3550e483-fe1a-4a5f-a0ca-0560c7a43813	1	202017856	205323562	2253	0.1481
3550e483-fe1a-4a5f-a0ca-0560c7a43813	1	205323647	206366301	446	0.501
3550e483-fe1a-4a5f-a0ca-0560c7a43813	1	206370728	212585262	4451	0.1908
3550e483-fe1a-4a5f-a0ca-0560c7a43813	1	212585748	212586151	3	-1.5664
3550e483-fe1a-4a5f-a0ca-0560c7a43813	1	212587219	213009342	305	0.1116
3550e483-fe1a-4a5f-a0ca-0560c7a43813	1	213010741	220128816	5090	0.2233
3550e483-fe1a-4a5f-a0ca-0560c7a43813	1	220133925	220134962	2	-1.6586
3550e483-fe1a-4a5f-a0ca-0560c7a43813	1	220139080	234676278	9813	0.1955
3550e483-fe1a-4a5f-a0ca-0560c7a43813	1	234677529	235825266	652	0.4848
3550e483-fe1a-4a5f-a0ca-0560c7a43813	1	235837271	248930189	9379	0.2002
3550e483-fe1a-4a5f-a0ca-0560c7a43813	2	12784	3464574	2411	0.2201
3550e483-fe1a-4a5f-a0ca-0560c7a43813	2	3468587	3794149	295	0.5738
3550e483-fe1a-4a5f-a0ca-0560c7a43813	2	3801922	25835129	15953	0.2104
3550e483-fe1a-4a5f-a0ca-0560c7a43813	2	25840906	26116244	116	0.4778
3550e483-fe1a-4a5f-a0ca-0560c7a43813	2	26117165	30525839	2692	0.1654
3550e483-fe1a-4a5f-a0ca-0560c7a43813	2	30525867	34466002	2602	0.2197
3550e483-fe1a-4a5f-a0ca-0560c7a43813	2	34474248	34511446	45	0.725
3550e483-fe1a-4a5f-a0ca-0560c7a43813	2	34511990	38256654	2886	0.2244
3550e483-fe1a-4a5f-a0ca-0560c7a43813	2	38257044	38519314	174	0.5115
3550e483-fe1a-4a5f-a0ca-0560c7a43813	2	38521941	42069081	2655	0.2202
3550e483-fe1a-4a5f-a0ca-0560c7a43813	2	42069289	48769178	4580	0.1769
3550e483-fe1a-4a5f-a0ca-0560c7a43813	2	48769405	52527330	2695	0.2369
3550e483-fe1a-4a5f-a0ca-0560c7a43813	2	52527342	52554359	36	0.6938
3550e483-fe1a-4a5f-a0ca-0560c7a43813	2	52554366	63820810	7201	0.2089
3550e483-fe1a-4a5f-a0ca-0560c7a43813	2	63826428	64187920	199	0.5183
3550e483-fe1a-4a5f-a0ca-0560c7a43813	2	64191245	64471263	247	0.8284
3550e483-fe1a-4a5f-a0ca-0560c7a43813	2	64472003	65067953	363	0.5078
3550e483-fe1a-4a5f-a0ca-0560c7a43813	2	65068913	65153268	46	0.1082
3550e483-fe1a-4a5f-a0ca-0560c7a43813	2	65153606	65479191	172	0.4903
3550e483-fe1a-4a5f-a0ca-0560c7a43813	2	65479232	80171163	9842	0.2088
3550e483-fe1a-4a5f-a0ca-0560c7a43813	2	80171358	80274968	88	-0.2677
3550e483-fe1a-4a5f-a0ca-0560c7a43813	2	80275615	84921604	2701	0.2157
3550e483-fe1a-4a5f-a0ca-0560c7a43813	2	84921963	86006195	615	0.1253
3550e483-fe1a-4a5f-a0ca-0560c7a43813	2	86010231	87211079	530	0.1839
3550e483-fe1a-4a5f-a0ca-0560c7a43813	2	87218694	87218834	2	-1.7614
3550e483-fe1a-4a5f-a0ca-0560c7a43813	2	87221597	105020100	6375	0.1868
3550e483-fe1a-4a5f-a0ca-0560c7a43813	2	105020973	105917231	725	0.551
3550e483-fe1a-4a5f-a0ca-0560c7a43813	2	105917505	111955492	3124	0.2091
3550e483-fe1a-4a5f-a0ca-0560c7a43813	2	111959802	112085667	87	0.5587
3550e483-fe1a-4a5f-a0ca-0560c7a43813	2	112085793	126223472	8841	0.2118
3550e483-fe1a-4a5f-a0ca-0560c7a43813	2	126225758	136770395	6220	0.1799
3550e483-fe1a-4a5f-a0ca-0560c7a43813	2	136773062	146106875	5838	0.2302
3550e483-fe1a-4a5f-a0ca-0560c7a43813	2	146106889	146109366	21	1.1577
3550e483-fe1a-4a5f-a0ca-0560c7a43813	2	146120238	194495886	29184	0.207
3550e483-fe1a-4a5f-a0ca-0560c7a43813	2	194500751	194501795	5	-1.0237
3550e483-fe1a-4a5f-a0ca-0560c7a43813	2	194510785	195011576	282	0.2227
3550e483-fe1a-4a5f-a0ca-0560c7a43813	2	195018151	196880835	1097	0.5326
3550e483-fe1a-4a5f-a0ca-0560c7a43813	2	196888421	197473123	364	0.7916
3550e483-fe1a-4a5f-a0ca-0560c7a43813	2	197473784	200662516	1913	0.5478
3550e483-fe1a-4a5f-a0ca-0560c7a43813	2	200662615	208062569	4413	0.5157
3550e483-fe1a-4a5f-a0ca-0560c7a43813	2	208064460	218298063	6715	0.5563
3550e483-fe1a-4a5f-a0ca-0560c7a43813	2	218300371	219689503	659	0.4595
3550e483-fe1a-4a5f-a0ca-0560c7a43813	2	219689630	231022112	7534	0.5427
3550e483-fe1a-4a5f-a0ca-0560c7a43813	2	231028020	231050320	13	0.94
3550e483-fe1a-4a5f-a0ca-0560c7a43813	2	231055313	231572648	252	0.7333
3550e483-fe1a-4a5f-a0ca-0560c7a43813	2	231575661	232311745	338	0.951
3550e483-fe1a-4a5f-a0ca-0560c7a43813	2	232312169	232344278	13	0.5278
3550e483-fe1a-4a5f-a0ca-0560c7a43813	2	232344359	242147305	6230	0.1844
3550e483-fe1a-4a5f-a0ca-0560c7a43813	3	20930	1740119	1536	-0.2342
3550e483-fe1a-4a5f-a0ca-0560c7a43813	3	1740840	1745897	6	-1.4225
3550e483-fe1a-4a5f-a0ca-0560c7a43813	3	1747474	6609722	4276	-0.235
3550e483-fe1a-4a5f-a0ca-0560c7a43813	3	6609784	6610834	8	-0.7052
3550e483-fe1a-4a5f-a0ca-0560c7a43813	3	6610853	6611645	9	-1.2614
3550e483-fe1a-4a5f-a0ca-0560c7a43813	3	6613391	9730156	2571	-0.2392
3550e483-fe1a-4a5f-a0ca-0560c7a43813	3	9733306	9794129	27	0.1803
3550e483-fe1a-4a5f-a0ca-0560c7a43813	3	9796602	12659907	2082	-0.277
3550e483-fe1a-4a5f-a0ca-0560c7a43813	3	12659935	12749713	45	0.2091
3550e483-fe1a-4a5f-a0ca-0560c7a43813	3	12755952	13039476	180	-0.3021
3550e483-fe1a-4a5f-a0ca-0560c7a43813	3	13039636	13755933	529	0.2047
3550e483-fe1a-4a5f-a0ca-0560c7a43813	3	13756752	28184717	9817	-0.2437
3550e483-fe1a-4a5f-a0ca-0560c7a43813	3	28184830	28189353	2	-2.0439
3550e483-fe1a-4a5f-a0ca-0560c7a43813	3	28189818	37297271	6065	-0.2469
3550e483-fe1a-4a5f-a0ca-0560c7a43813	3	37306477	37629888	238	0.2057
3550e483-fe1a-4a5f-a0ca-0560c7a43813	3	37632412	46751887	5736	-0.2554
3550e483-fe1a-4a5f-a0ca-0560c7a43813	3	46760327	46808099	40	-0.7624
3550e483-fe1a-4a5f-a0ca-0560c7a43813	3	46817989	47916506	462	-0.3143
3550e483-fe1a-4a5f-a0ca-0560c7a43813	3	47916547	48250233	126	0.1524
3550e483-fe1a-4a5f-a0ca-0560c7a43813	3	48254498	49284594	375	-0.3323
3550e483-fe1a-4a5f-a0ca-0560c7a43813	3	49289152	49416401	44	0.1358
3550e483-fe1a-4a5f-a0ca-0560c7a43813	3	49416679	49463907	14	0.546
3550e483-fe1a-4a5f-a0ca-0560c7a43813	3	49471896	49777978	111	0.1228
3550e483-fe1a-4a5f-a0ca-0560c7a43813	3	49779332	51818569	857	-0.2936
3550e483-fe1a-4a5f-a0ca-0560c7a43813	3	51818835	52538431	255	0.156
3550e483-fe1a-4a5f-a0ca-0560c7a43813	3	52544372	53183934	403	-0.2692
3550e483-fe1a-4a5f-a0ca-0560c7a43813	3	53190213	53447687	140	0.2172
3550e483-fe1a-4a5f-a0ca-0560c7a43813	3	53448624	60380651	5047	-0.2372
3550e483-fe1a-4a5f-a0ca-0560c7a43813	3	60380954	60381559	3	-2.0585
3550e483-fe1a-4a5f-a0ca-0560c7a43813	3	60381797	68697013	6704	-0.2253
3550e483-fe1a-4a5f-a0ca-0560c7a43813	3	68697108	68698262	14	-1.1734
3550e483-fe1a-4a5f-a0ca-0560c7a43813	3	68699607	70893292	1708	-0.2303
3550e483-fe1a-4a5f-a0ca-0560c7a43813	3	70896392	73272950	1697	-0.29
3550e483-fe1a-4a5f-a0ca-0560c7a43813	3	73273029	89783189	9456	-0.2132
3550e483-fe1a-4a5f-a0ca-0560c7a43813	3	89792404	90085716	114	0.6327
3550e483-fe1a-4a5f-a0ca-0560c7a43813	3	90087153	124012020	18023	-0.2392
3550e483-fe1a-4a5f-a0ca-0560c7a43813	3	124013487	124073040	27	0.2166
3550e483-fe1a-4a5f-a0ca-0560c7a43813	3	124073882	125049522	729	-0.241
3550e483-fe1a-4a5f-a0ca-0560c7a43813	3	125049982	125122169	51	0.2209
3550e483-fe1a-4a5f-a0ca-0560c7a43813	3	125129058	129105189	2386	-0.2655
3550e483-fe1a-4a5f-a0ca-0560c7a43813	3	129108211	129185033	27	0.0939
3550e483-fe1a-4a5f-a0ca-0560c7a43813	3	129192002	129243380	18	0.7359
3550e483-fe1a-4a5f-a0ca-0560c7a43813	3	129247783	129404138	62	0.1939
3550e483-fe1a-4a5f-a0ca-0560c7a43813	3	129406254	129480724	44	0.6052
3550e483-fe1a-4a5f-a0ca-0560c7a43813	3	129484351	130044016	259	-0.3122
3550e483-fe1a-4a5f-a0ca-0560c7a43813	3	130044855	130087393	38	0.3859
3550e483-fe1a-4a5f-a0ca-0560c7a43813	3	130088081	138674028	5219	-0.2462
3550e483-fe1a-4a5f-a0ca-0560c7a43813	3	138675462	140851879	1514	0.241
3550e483-fe1a-4a5f-a0ca-0560c7a43813	3	140852583	145540896	2878	-0.2495
3550e483-fe1a-4a5f-a0ca-0560c7a43813	3	145545823	145551013	6	0.862
3550e483-fe1a-4a5f-a0ca-0560c7a43813	3	145560647	146570803	669	-0.2081
3550e483-fe1a-4a5f-a0ca-0560c7a43813	3	146571016	146571663	3	-1.551
3550e483-fe1a-4a5f-a0ca-0560c7a43813	3	146572004	154093277	4721	-0.2548
3550e483-fe1a-4a5f-a0ca-0560c7a43813	3	154095881	162790480	5226	0.2329
3550e483-fe1a-4a5f-a0ca-0560c7a43813	3	162794869	162898127	64	0.599
3550e483-fe1a-4a5f-a0ca-0560c7a43813	3	162906054	163821622	513	0.2604
3550e483-fe1a-4a5f-a0ca-0560c7a43813	3	163823390	163873967	32	-1.0604
3550e483-fe1a-4a5f-a0ca-0560c7a43813	3	163874417	171113322	4190	0.2196
3550e483-fe1a-4a5f-a0ca-0560c7a43813	3	171115043	172076305	653	0.5634
3550e483-fe1a-4a5f-a0ca-0560c7a43813	3	172083225	183720158	7240	0.2297
3550e483-fe1a-4a5f-a0ca-0560c7a43813	3	183722210	184697110	477	0.5608
3550e483-fe1a-4a5f-a0ca-0560c7a43813	3	184697821	188407553	2670	0.2036
3550e483-fe1a-4a5f-a0ca-0560c7a43813	3	188407660	192892158	3202	0.2681
3550e483-fe1a-4a5f-a0ca-0560c7a43813	3	192892364	198169247	2888	0.2109
3550e483-fe1a-4a5f-a0ca-0560c7a43813	4	68929	74615	9	-0.111
3550e483-fe1a-4a5f-a0ca-0560c7a43813	4	75090	2226028	784	0.1837
3550e483-fe1a-4a5f-a0ca-0560c7a43813	4	2226456	2707468	204	0.5278
3550e483-fe1a-4a5f-a0ca-0560c7a43813	4	2714313	9455251	4156	0.224
3550e483-fe1a-4a5f-a0ca-0560c7a43813	4	9459504	9463248	3	1.9194
3550e483-fe1a-4a5f-a0ca-0560c7a43813	4	9469529	10222004	541	0.2571
3550e483-fe1a-4a5f-a0ca-0560c7a43813	4	10222224	10233383	30	-0.4177
3550e483-fe1a-4a5f-a0ca-0560c7a43813	4	10233542	25439210	11099	0.2414
3550e483-fe1a-4a5f-a0ca-0560c7a43813	4	25445165	26455809	717	0.153
3550e483-fe1a-4a5f-a0ca-0560c7a43813	4	26456420	38284037	7637	0.247
3550e483-fe1a-4a5f-a0ca-0560c7a43813	4	38285588	40999067	1632	0.1679
3550e483-fe1a-4a5f-a0ca-0560c7a43813	4	41001395	49146817	4875	0.2399
3550e483-fe1a-4a5f-a0ca-0560c7a43813	4	49146905	49656595	28	-0.3742
3550e483-fe1a-4a5f-a0ca-0560c7a43813	4	51819533	56966541	3363	0.2143
3550e483-fe1a-4a5f-a0ca-0560c7a43813	4	56970992	58160827	941	-0.2438
3550e483-fe1a-4a5f-a0ca-0560c7a43813	4	58161040	58425191	122	0.2311
3550e483-fe1a-4a5f-a0ca-0560c7a43813	4	58425452	59283499	508	-0.1982
3550e483-fe1a-4a5f-a0ca-0560c7a43813	4	59286551	59730061	282	0.2843
3550e483-fe1a-4a5f-a0ca-0560c7a43813	4	59730382	59751112	16	-0.2746
3550e483-fe1a-4a5f-a0ca-0560c7a43813	4	59751660	60158977	230	0.3044
3550e483-fe1a-4a5f-a0ca-0560c7a43813	4	60162791	65242109	2978	-0.2138
3550e483-fe1a-4a5f-a0ca-0560c7a43813	4	65242365	66406828	791	0.2778
3550e483-fe1a-4a5f-a0ca-0560c7a43813	4	66407673	68509237	1220	-0.2261
3550e483-fe1a-4a5f-a0ca-0560c7a43813	4	68509442	68726064	72	0.3691
3550e483-fe1a-4a5f-a0ca-0560c7a43813	4	68729873	69252275	298	-0.2234
3550e483-fe1a-4a5f-a0ca-0560c7a43813	4	69254604	69398666	78	-0.6364
3550e483-fe1a-4a5f-a0ca-0560c7a43813	4	69402980	82780092	8353	-0.2473
3550e483-fe1a-4a5f-a0ca-0560c7a43813	4	82782888	82848918	38	0.2037
3550e483-fe1a-4a5f-a0ca-0560c7a43813	4	82849143	115984652	19922	-0.2415
3550e483-fe1a-4a5f-a0ca-0560c7a43813	4	115985290	115989337	2	-2.1345
3550e483-fe1a-4a5f-a0ca-0560c7a43813	4	115989469	116991492	648	-0.2318
3550e483-fe1a-4a5f-a0ca-0560c7a43813	4	116992298	117001283	4	-1.4629
3550e483-fe1a-4a5f-a0ca-0560c7a43813	4	117003818	121360818	2648	-0.2309
3550e483-fe1a-4a5f-a0ca-0560c7a43813	4	121361313	121370367	30	-0.7919
3550e483-fe1a-4a5f-a0ca-0560c7a43813	4	121371000	147773420	15395	-0.2358
3550e483-fe1a-4a5f-a0ca-0560c7a43813	4	147774156	147862028	43	-0.9762
3550e483-fe1a-4a5f-a0ca-0560c7a43813	4	147864235	160958989	8097	-0.2483
3550e483-fe1a-4a5f-a0ca-0560c7a43813	4	160959045	160963448	17	-2.2085
3550e483-fe1a-4a5f-a0ca-0560c7a43813	4	160963756	180779335	12665	-0.2423
3550e483-fe1a-4a5f-a0ca-0560c7a43813	4	180786233	181238603	328	-1.1011
3550e483-fe1a-4a5f-a0ca-0560c7a43813	4	181242754	181341764	89	-3.8449
3550e483-fe1a-4a5f-a0ca-0560c7a43813	4	181342046	182330137	864	-1.0492
3550e483-fe1a-4a5f-a0ca-0560c7a43813	4	182330637	183690646	882	-0.2778
3550e483-fe1a-4a5f-a0ca-0560c7a43813	4	183694904	184733497	729	0.2114
3550e483-fe1a-4a5f-a0ca-0560c7a43813	4	184733569	190106768	3573	-0.2437
3550e483-fe1a-4a5f-a0ca-0560c7a43813	5	15532	49821	21	0.3395
3550e483-fe1a-4a5f-a0ca-0560c7a43813	5	51340	670630	279	0.5229
3550e483-fe1a-4a5f-a0ca-0560c7a43813	5	676334	773453	33	0.075
3550e483-fe1a-4a5f-a0ca-0560c7a43813	5	779766	4263951	2792	0.5828
3550e483-fe1a-4a5f-a0ca-0560c7a43813	5	4264420	4284038	22	0.1825
3550e483-fe1a-4a5f-a0ca-0560c7a43813	5	4289000	12815753	7037	0.5963
3550e483-fe1a-4a5f-a0ca-0560c7a43813	5	12819201	12819964	7	1.7243
3550e483-fe1a-4a5f-a0ca-0560c7a43813	5	12824299	17601444	3176	0.5921
3550e483-fe1a-4a5f-a0ca-0560c7a43813	5	17601619	32102625	8882	0.2571
3550e483-fe1a-4a5f-a0ca-0560c7a43813	5	32106978	32158349	40	0.9063
3550e483-fe1a-4a5f-a0ca-0560c7a43813	5	32170181	46271006	8354	0.2432
3550e483-fe1a-4a5f-a0ca-0560c7a43813	5	46271828	46273400	6	-1.9203
3550e483-fe1a-4a5f-a0ca-0560c7a43813	5	46278110	50146124	20	0.1484
3550e483-fe1a-4a5f-a0ca-0560c7a43813	5	50151472	50163220	3	-1.1205
3550e483-fe1a-4a5f-a0ca-0560c7a43813	5	50163701	50268964	20	0.2063
3550e483-fe1a-4a5f-a0ca-0560c7a43813	5	50268996	50273126	3	-0.8781
3550e483-fe1a-4a5f-a0ca-0560c7a43813	5	50276884	55187441	3157	0.2624
3550e483-fe1a-4a5f-a0ca-0560c7a43813	5	55192996	57595865	1549	0.195
3550e483-fe1a-4a5f-a0ca-0560c7a43813	5	57596125	58630155	760	0.2443
3550e483-fe1a-4a5f-a0ca-0560c7a43813	5	58632691	59884408	1028	0.6156
3550e483-fe1a-4a5f-a0ca-0560c7a43813	5	59887878	60504594	316	0.8476
3550e483-fe1a-4a5f-a0ca-0560c7a43813	5	60505272	64791196	2495	0.5812
3550e483-fe1a-4a5f-a0ca-0560c7a43813	5	64792362	99595447	19689	0.2283
3550e483-fe1a-4a5f-a0ca-0560c7a43813	5	99599542	99886432	175	-1.0508
3550e483-fe1a-4a5f-a0ca-0560c7a43813	5	99886533	99908161	20	-1.7654
3550e483-fe1a-4a5f-a0ca-0560c7a43813	5	99909272	99989106	66	-1.2349
3550e483-fe1a-4a5f-a0ca-0560c7a43813	5	99989443	100096511	61	0.1225
3550e483-fe1a-4a5f-a0ca-0560c7a43813	5	100096526	100318791	132	-1.0694
3550e483-fe1a-4a5f-a0ca-0560c7a43813	5	100320347	113568831	8476	0.2471
3550e483-fe1a-4a5f-a0ca-0560c7a43813	5	113580701	113633317	36	0.6754
3550e483-fe1a-4a5f-a0ca-0560c7a43813	5	113633564	130782432	11321	0.2409
3550e483-fe1a-4a5f-a0ca-0560c7a43813	5	130789406	132444263	878	0.172
3550e483-fe1a-4a5f-a0ca-0560c7a43813	5	132444463	133465817	579	0.5472
3550e483-fe1a-4a5f-a0ca-0560c7a43813	5	133468420	133980091	467	0.2228
3550e483-fe1a-4a5f-a0ca-0560c7a43813	5	133980495	134090347	72	0.4403
3550e483-fe1a-4a5f-a0ca-0560c7a43813	5	134091458	135053099	458	0.1569
3550e483-fe1a-4a5f-a0ca-0560c7a43813	5	135054692	135330110	224	0.5923
3550e483-fe1a-4a5f-a0ca-0560c7a43813	5	135336740	138009951	1847	0.2367
3550e483-fe1a-4a5f-a0ca-0560c7a43813	5	138014789	143719828	3091	0.1754
3550e483-fe1a-4a5f-a0ca-0560c7a43813	5	143720711	149283973	3746	0.2426
3550e483-fe1a-4a5f-a0ca-0560c7a43813	5	149286035	151864202	1743	0.1757
3550e483-fe1a-4a5f-a0ca-0560c7a43813	5	151865792	154437273	1806	0.245
3550e483-fe1a-4a5f-a0ca-0560c7a43813	5	154442596	155024889	300	0.5211
3550e483-fe1a-4a5f-a0ca-0560c7a43813	5	155026260	177248329	15401	0.2217
3550e483-fe1a-4a5f-a0ca-0560c7a43813	5	177248350	177565673	127	0.5302
3550e483-fe1a-4a5f-a0ca-0560c7a43813	5	177570076	180934813	1847	0.1943
3550e483-fe1a-4a5f-a0ca-0560c7a43813	5	180934838	181006264	25	0.734
3550e483-fe1a-4a5f-a0ca-0560c7a43813	5	181015400	181363319	168	0.2103
3550e483-fe1a-4a5f-a0ca-0560c7a43813	6	149661	254283	101	0.2035
3550e483-fe1a-4a5f-a0ca-0560c7a43813	6	257353	323084	31	-0.3186
3550e483-fe1a-4a5f-a0ca-0560c7a43813	6	323326	491568	170	0.1126
3550e483-fe1a-4a5f-a0ca-0560c7a43813	6	492354	10478631	8000	0.2237
3550e483-fe1a-4a5f-a0ca-0560c7a43813	6	10478717	18184782	5702	0.1897
3550e483-fe1a-4a5f-a0ca-0560c7a43813	6	18186316	18226470	46	0.5248
3550e483-fe1a-4a5f-a0ca-0560c7a43813	6	18226592	18238337	11	0.057
3550e483-fe1a-4a5f-a0ca-0560c7a43813	6	18238671	18527863	284	0.511
3550e483-fe1a-4a5f-a0ca-0560c7a43813	6	18530300	26739499	5866	0.2205
3550e483-fe1a-4a5f-a0ca-0560c7a43813	6	26743855	26759781	6	1.1093
3550e483-fe1a-4a5f-a0ca-0560c7a43813	6	26831719	29881490	1430	0.1997
3550e483-fe1a-4a5f-a0ca-0560c7a43813	6	29882419	29933799	20	-0.3261
3550e483-fe1a-4a5f-a0ca-0560c7a43813	6	29940692	30561845	284	0.2209
3550e483-fe1a-4a5f-a0ca-0560c7a43813	6	30574075	30845320	86	0.5119
3550e483-fe1a-4a5f-a0ca-0560c7a43813	6	30849724	31318528	272	0.1929
3550e483-fe1a-4a5f-a0ca-0560c7a43813	6	31318754	31328674	9	-1.0421
3550e483-fe1a-4a5f-a0ca-0560c7a43813	6	31342147	31457722	102	0.3029
3550e483-fe1a-4a5f-a0ca-0560c7a43813	6	31460392	32332375	290	0.1358
3550e483-fe1a-4a5f-a0ca-0560c7a43813	6	32337913	32486746	109	0.3129
3550e483-fe1a-4a5f-a0ca-0560c7a43813	6	32488906	32540699	14	1.1837
3550e483-fe1a-4a5f-a0ca-0560c7a43813	6	32541506	32636595	36	0.416
3550e483-fe1a-4a5f-a0ca-0560c7a43813	6	32637799	32658841	10	-0.9895
3550e483-fe1a-4a5f-a0ca-0560c7a43813	6	32682835	33056877	265	0.2246
3550e483-fe1a-4a5f-a0ca-0560c7a43813	6	33061660	33421687	116	0.4461
3550e483-fe1a-4a5f-a0ca-0560c7a43813	6	33429292	36932217	2084	0.1662
3550e483-fe1a-4a5f-a0ca-0560c7a43813	6	36933011	37034236	98	0.4825
3550e483-fe1a-4a5f-a0ca-0560c7a43813	6	37034406	37641328	385	0.1605
3550e483-fe1a-4a5f-a0ca-0560c7a43813	6	37641529	37665248	14	0.742
3550e483-fe1a-4a5f-a0ca-0560c7a43813	6	37665296	37985363	190	0.5227
3550e483-fe1a-4a5f-a0ca-0560c7a43813	6	37986212	38018691	19	0.7597
3550e483-fe1a-4a5f-a0ca-0560c7a43813	6	38020088	41595419	2689	0.2399
3550e483-fe1a-4a5f-a0ca-0560c7a43813	6	41598075	43442100	997	0.1521
3550e483-fe1a-4a5f-a0ca-0560c7a43813	6	43442973	43546984	38	0.4265
3550e483-fe1a-4a5f-a0ca-0560c7a43813	6	43549425	43820118	136	0.7545
3550e483-fe1a-4a5f-a0ca-0560c7a43813	6	43824337	43868128	30	1.1851
3550e483-fe1a-4a5f-a0ca-0560c7a43813	6	43871692	43924060	38	0.8302
3550e483-fe1a-4a5f-a0ca-0560c7a43813	6	43924453	44173995	159	0.5228
3550e483-fe1a-4a5f-a0ca-0560c7a43813	6	44185123	54067005	6425	0.2251
3550e483-fe1a-4a5f-a0ca-0560c7a43813	6	54067057	66771454	5717	0.2666
3550e483-fe1a-4a5f-a0ca-0560c7a43813	6	66771667	67467585	556	-0.2379
3550e483-fe1a-4a5f-a0ca-0560c7a43813	6	67467742	70308764	1836	0.247
3550e483-fe1a-4a5f-a0ca-0560c7a43813	6	70309161	76726815	4046	-0.2521
3550e483-fe1a-4a5f-a0ca-0560c7a43813	6	76730151	76733530	11	-3.8896
3550e483-fe1a-4a5f-a0ca-0560c7a43813	6	76736482	76742665	4	-1.7463
3550e483-fe1a-4a5f-a0ca-0560c7a43813	6	76742675	76758906	11	-0.8644
3550e483-fe1a-4a5f-a0ca-0560c7a43813	6	76758921	78253157	966	-0.2331
3550e483-fe1a-4a5f-a0ca-0560c7a43813	6	78253172	78325468	113	0.2743
3550e483-fe1a-4a5f-a0ca-0560c7a43813	6	78329517	80574999	1433	-0.2366
3550e483-fe1a-4a5f-a0ca-0560c7a43813	6	80575042	80579817	28	-2.6802
3550e483-fe1a-4a5f-a0ca-0560c7a43813	6	80584624	87299662	4109	-0.2451
3550e483-fe1a-4a5f-a0ca-0560c7a43813	6	87306933	88223837	614	0.2059
3550e483-fe1a-4a5f-a0ca-0560c7a43813	6	88224063	94543500	4219	-0.2507
3550e483-fe1a-4a5f-a0ca-0560c7a43813	6	94544133	94544136	2	-3.27
3550e483-fe1a-4a5f-a0ca-0560c7a43813	6	94547045	103286954	5048	-0.2422
3550e483-fe1a-4a5f-a0ca-0560c7a43813	6	103290101	103314186	46	0.3273
3550e483-fe1a-4a5f-a0ca-0560c7a43813	6	103317795	105363632	1275	-0.2541
3550e483-fe1a-4a5f-a0ca-0560c7a43813	6	105364104	111719463	3900	-0.3016
3550e483-fe1a-4a5f-a0ca-0560c7a43813	6	111720270	117822909	3686	-0.2538
3550e483-fe1a-4a5f-a0ca-0560c7a43813	6	117824317	118513963	429	0.1984
3550e483-fe1a-4a5f-a0ca-0560c7a43813	6	118516146	170741917	34770	-0.2693
3550e483-fe1a-4a5f-a0ca-0560c7a43813	7	43355	902112	223	0.181
3550e483-fe1a-4a5f-a0ca-0560c7a43813	7	927563	1126510	93	0.5798
3550e483-fe1a-4a5f-a0ca-0560c7a43813	7	1129896	4483330	2079	0.2018
3550e483-fe1a-4a5f-a0ca-0560c7a43813	7	4485972	5911197	666	0.1557
3550e483-fe1a-4a5f-a0ca-0560c7a43813	7	5916628	5964274	8	-0.7252
3550e483-fe1a-4a5f-a0ca-0560c7a43813	7	5986976	6903028	382	0.1039
3550e483-fe1a-4a5f-a0ca-0560c7a43813	7	6915340	6915396	2	-2.01
3550e483-fe1a-4a5f-a0ca-0560c7a43813	7	6915679	7001276	24	0.1543
3550e483-fe1a-4a5f-a0ca-0560c7a43813	7	7002087	22395161	12570	0.2439
3550e483-fe1a-4a5f-a0ca-0560c7a43813	7	22395853	22396868	2	-2.25
3550e483-fe1a-4a5f-a0ca-0560c7a43813	7	22399135	32398385	7329	0.2222
3550e483-fe1a-4a5f-a0ca-0560c7a43813	7	32399039	33395431	533	0.5746
3550e483-fe1a-4a5f-a0ca-0560c7a43813	7	33395765	35358607	1216	0.2637
3550e483-fe1a-4a5f-a0ca-0560c7a43813	7	35358682	38198518	2185	0.1972
3550e483-fe1a-4a5f-a0ca-0560c7a43813	7	38198706	38356875	159	0.4069
3550e483-fe1a-4a5f-a0ca-0560c7a43813	7	38361356	45053840	4219	0.2292
3550e483-fe1a-4a5f-a0ca-0560c7a43813	7	45063688	45115855	42	0.5711
3550e483-fe1a-4a5f-a0ca-0560c7a43813	7	45116181	53082329	5808	0.2425
3550e483-fe1a-4a5f-a0ca-0560c7a43813	7	53085165	53085236	3	-1.294
3550e483-fe1a-4a5f-a0ca-0560c7a43813	7	53086120	54305455	906	0.2405
3550e483-fe1a-4a5f-a0ca-0560c7a43813	7	54318812	54318824	6	1.4349
3550e483-fe1a-4a5f-a0ca-0560c7a43813	7	54325795	65749868	3246	0.2023
3550e483-fe1a-4a5f-a0ca-0560c7a43813	7	65754259	66266092	185	0.4776
3550e483-fe1a-4a5f-a0ca-0560c7a43813	7	66267073	72920136	3869	0.2032
3550e483-fe1a-4a5f-a0ca-0560c7a43813	7	72928921	73989467	241	0.438
3550e483-fe1a-4a5f-a0ca-0560c7a43813	7	73991125	74242145	110	0.1316
3550e483-fe1a-4a5f-a0ca-0560c7a43813	7	74249785	74510677	101	0.8742
3550e483-fe1a-4a5f-a0ca-0560c7a43813	7	74510784	75415813	81	0.2819
3550e483-fe1a-4a5f-a0ca-0560c7a43813	7	75421037	75758713	142	0.4677
3550e483-fe1a-4a5f-a0ca-0560c7a43813	7	75760363	77838142	879	0.1662
3550e483-fe1a-4a5f-a0ca-0560c7a43813	7	77838295	95535261	11528	0.2439
3550e483-fe1a-4a5f-a0ca-0560c7a43813	7	95535595	96023631	341	0.6244
3550e483-fe1a-4a5f-a0ca-0560c7a43813	7	96025406	96913489	569	0.2507
3550e483-fe1a-4a5f-a0ca-0560c7a43813	7	96913795	96916656	2	-1.6641
3550e483-fe1a-4a5f-a0ca-0560c7a43813	7	96918403	98187804	744	0.2218
3550e483-fe1a-4a5f-a0ca-0560c7a43813	7	98188009	98628488	206	0.5212
3550e483-fe1a-4a5f-a0ca-0560c7a43813	7	98637526	100024230	671	0.1841
3550e483-fe1a-4a5f-a0ca-0560c7a43813	7	100026534	100097508	35	0.5309
3550e483-fe1a-4a5f-a0ca-0560c7a43813	7	100110059	102762163	950	0.119
3550e483-fe1a-4a5f-a0ca-0560c7a43813	7	102762169	104823298	1315	0.254
3550e483-fe1a-4a5f-a0ca-0560c7a43813	7	104823388	107993072	1990	0.1853
3550e483-fe1a-4a5f-a0ca-0560c7a43813	7	107993131	109797623	1230	0.2357
3550e483-fe1a-4a5f-a0ca-0560c7a43813	7	109797700	109813762	20	-0.2224
3550e483-fe1a-4a5f-a0ca-0560c7a43813	7	109813801	126405502	10023	0.2403
3550e483-fe1a-4a5f-a0ca-0560c7a43813	7	126405597	126406823	12	1.2694
3550e483-fe1a-4a5f-a0ca-0560c7a43813	7	126406824	128056498	1103	0.2509
3550e483-fe1a-4a5f-a0ca-0560c7a43813	7	128058351	131332681	1705	0.1681
3550e483-fe1a-4a5f-a0ca-0560c7a43813	7	131334245	134100424	1885	0.2408
3550e483-fe1a-4a5f-a0ca-0560c7a43813	7	134100442	134111088	28	0.7815
3550e483-fe1a-4a5f-a0ca-0560c7a43813	7	134113300	137801322	2565	0.2343
3550e483-fe1a-4a5f-a0ca-0560c7a43813	7	137801774	141269711	2121	0.1788
3550e483-fe1a-4a5f-a0ca-0560c7a43813	7	141269775	149166545	4865	0.2382
3550e483-fe1a-4a5f-a0ca-0560c7a43813	7	149167111	152873659	1972	0.1747
3550e483-fe1a-4a5f-a0ca-0560c7a43813	7	152873988	154598185	1324	0.2302
3550e483-fe1a-4a5f-a0ca-0560c7a43813	7	154601461	154607903	4	-2.0962
3550e483-fe1a-4a5f-a0ca-0560c7a43813	7	154609120	158324903	2598	0.2163
3550e483-fe1a-4a5f-a0ca-0560c7a43813	7	158335896	158339473	2	3.1449
3550e483-fe1a-4a5f-a0ca-0560c7a43813	7	158344294	159334314	633	0.211
3550e483-fe1a-4a5f-a0ca-0560c7a43813	8	81254	7598502	7751	-0.2525
3550e483-fe1a-4a5f-a0ca-0560c7a43813	8	7775900	7889612	8	-1.5774
3550e483-fe1a-4a5f-a0ca-0560c7a43813	8	7890177	12092042	3229	-0.2824
3550e483-fe1a-4a5f-a0ca-0560c7a43813	8	12130217	12143614	6	-1.9163
3550e483-fe1a-4a5f-a0ca-0560c7a43813	8	12176798	12389977	31	0.3169
3550e483-fe1a-4a5f-a0ca-0560c7a43813	8	12418301	13504431	796	-0.27
3550e483-fe1a-4a5f-a0ca-0560c7a43813	8	13507254	21739263	7467	-0.2236
3550e483-fe1a-4a5f-a0ca-0560c7a43813	8	21740565	25117985	2138	-0.2736
3550e483-fe1a-4a5f-a0ca-0560c7a43813	8	25118055	25126818	22	-1.8756
3550e483-fe1a-4a5f-a0ca-0560c7a43813	8	25133589	35746270	7093	-0.2638
3550e483-fe1a-4a5f-a0ca-0560c7a43813	8	35750856	35751084	2	-2.2325
3550e483-fe1a-4a5f-a0ca-0560c7a43813	8	35757614	39389156	1906	-0.2671
3550e483-fe1a-4a5f-a0ca-0560c7a43813	8	39389592	39529446	57	-1.6171
3550e483-fe1a-4a5f-a0ca-0560c7a43813	8	39530780	127542531	52649	-0.2598
3550e483-fe1a-4a5f-a0ca-0560c7a43813	8	127546745	127851891	233	0.1776
3550e483-fe1a-4a5f-a0ca-0560c7a43813	8	127854222	145072769	11937	-0.2643
3550e483-fe1a-4a5f-a0ca-0560c7a43813	9	46587	3279135	3450	-0.2391
3550e483-fe1a-4a5f-a0ca-0560c7a43813	9	3281518	3490407	129	0.8329
3550e483-fe1a-4a5f-a0ca-0560c7a43813	9	3501511	5084708	1681	0.211
3550e483-fe1a-4a5f-a0ca-0560c7a43813	9	5087087	26248565	17200	-0.2221
3550e483-fe1a-4a5f-a0ca-0560c7a43813	9	26256183	26278881	17	-0.9312
3550e483-fe1a-4a5f-a0ca-0560c7a43813	9	26287765	31202583	3722	-0.2279
3550e483-fe1a-4a5f-a0ca-0560c7a43813	9	31203890	32942228	1261	0.2141
3550e483-fe1a-4a5f-a0ca-0560c7a43813	9	32943093	35654481	1516	0.5071
3550e483-fe1a-4a5f-a0ca-0560c7a43813	9	35655991	35696628	25	1.0389
3550e483-fe1a-4a5f-a0ca-0560c7a43813	9	35696805	36077874	218	0.5625
3550e483-fe1a-4a5f-a0ca-0560c7a43813	9	36078236	36179308	65	0.1353
3550e483-fe1a-4a5f-a0ca-0560c7a43813	9	36180146	36181678	2	-0.931
3550e483-fe1a-4a5f-a0ca-0560c7a43813	9	36183232	36428994	130	0.182
3550e483-fe1a-4a5f-a0ca-0560c7a43813	9	36444442	37033162	458	-0.2784
3550e483-fe1a-4a5f-a0ca-0560c7a43813	9	37033364	37034620	2	-2.9972
3550e483-fe1a-4a5f-a0ca-0560c7a43813	9	37034672	39807498	1261	-0.2443
3550e483-fe1a-4a5f-a0ca-0560c7a43813	9	39827488	39840169	3	-1.9598
3550e483-fe1a-4a5f-a0ca-0560c7a43813	9	40018947	40999325	33	-0.1977
3550e483-fe1a-4a5f-a0ca-0560c7a43813	9	41001662	42585140	106	-0.6241
3550e483-fe1a-4a5f-a0ca-0560c7a43813	9	42697878	61405110	54	0.061
3550e483-fe1a-4a5f-a0ca-0560c7a43813	9	61520021	61665362	31	0.7138
3550e483-fe1a-4a5f-a0ca-0560c7a43813	9	61668104	63580418	37	-0.0748
3550e483-fe1a-4a5f-a0ca-0560c7a43813	9	63590317	63592813	7	1.393
3550e483-fe1a-4a5f-a0ca-0560c7a43813	9	63614182	64480563	47	0.1276
3550e483-fe1a-4a5f-a0ca-0560c7a43813	9	64480573	64965577	36	-0.4743
3550e483-fe1a-4a5f-a0ca-0560c7a43813	9	64965589	88200773	14397	0.2347
3550e483-fe1a-4a5f-a0ca-0560c7a43813	9	88204848	100861895	8283	0.2051
3550e483-fe1a-4a5f-a0ca-0560c7a43813	9	100862170	105024605	3182	0.2697
3550e483-fe1a-4a5f-a0ca-0560c7a43813	9	105024632	105280885	221	0.1046
3550e483-fe1a-4a5f-a0ca-0560c7a43813	9	105280984	106913073	1024	0.2696
3550e483-fe1a-4a5f-a0ca-0560c7a43813	9	106913992	106914149	2	-4.3412
3550e483-fe1a-4a5f-a0ca-0560c7a43813	9	106914612	111810224	3996	0.233
3550e483-fe1a-4a5f-a0ca-0560c7a43813	9	111812677	111865793	47	0.5587
3550e483-fe1a-4a5f-a0ca-0560c7a43813	9	111865875	112284123	281	0.1431
3550e483-fe1a-4a5f-a0ca-0560c7a43813	9	112294334	112671094	223	0.5249
3550e483-fe1a-4a5f-a0ca-0560c7a43813	9	112671884	124088170	8520	0.2361
3550e483-fe1a-4a5f-a0ca-0560c7a43813	9	124090859	124857274	394	0.5474
3550e483-fe1a-4a5f-a0ca-0560c7a43813	9	124857456	127650173	1741	0.2151
3550e483-fe1a-4a5f-a0ca-0560c7a43813	9	127650801	127749773	46	0.5535
3550e483-fe1a-4a5f-a0ca-0560c7a43813	9	127750122	127783771	19	-0.0548
3550e483-fe1a-4a5f-a0ca-0560c7a43813	9	127787350	127879017	39	0.5148
3550e483-fe1a-4a5f-a0ca-0560c7a43813	9	127880492	128172655	164	0.7886
3550e483-fe1a-4a5f-a0ca-0560c7a43813	9	128176414	128249987	35	0.4752
3550e483-fe1a-4a5f-a0ca-0560c7a43813	9	128256360	128788443	193	0.1793
3550e483-fe1a-4a5f-a0ca-0560c7a43813	9	128791723	129251692	184	0.4785
3550e483-fe1a-4a5f-a0ca-0560c7a43813	9	129257126	133307114	2642	0.1875
3550e483-fe1a-4a5f-a0ca-0560c7a43813	9	133307129	133307252	4	1.6519
3550e483-fe1a-4a5f-a0ca-0560c7a43813	9	133316268	135915420	1483	0.2144
3550e483-fe1a-4a5f-a0ca-0560c7a43813	9	135921069	136400830	140	0.5202
3550e483-fe1a-4a5f-a0ca-0560c7a43813	9	136401057	137062424	193	0.7334
3550e483-fe1a-4a5f-a0ca-0560c7a43813	9	137067019	137496163	103	0.4327
3550e483-fe1a-4a5f-a0ca-0560c7a43813	9	137506709	138200944	365	0.1947
3550e483-fe1a-4a5f-a0ca-0560c7a43813	10	45792	94706	18	0.5834
3550e483-fe1a-4a5f-a0ca-0560c7a43813	10	96465	2906441	2305	0.8737
3550e483-fe1a-4a5f-a0ca-0560c7a43813	10	2907177	24088745	16856	0.8246
3550e483-fe1a-4a5f-a0ca-0560c7a43813	10	24088746	24089125	10	-1.7247
3550e483-fe1a-4a5f-a0ca-0560c7a43813	10	24089979	30957581	5011	0.822
3550e483-fe1a-4a5f-a0ca-0560c7a43813	10	30962405	30962809	10	0.0042
3550e483-fe1a-4a5f-a0ca-0560c7a43813	10	30962850	38420575	4763	0.8341
3550e483-fe1a-4a5f-a0ca-0560c7a43813	10	38444579	41715085	63	0.5829
3550e483-fe1a-4a5f-a0ca-0560c7a43813	10	41716748	47559596	2953	0.2229
3550e483-fe1a-4a5f-a0ca-0560c7a43813	10	47622159	48084420	13	-0.1285
3550e483-fe1a-4a5f-a0ca-0560c7a43813	10	48084439	48114825	2	-1.6095
3550e483-fe1a-4a5f-a0ca-0560c7a43813	10	48114838	51122086	2001	0.2478
3550e483-fe1a-4a5f-a0ca-0560c7a43813	10	51122115	51207617	58	-0.16
3550e483-fe1a-4a5f-a0ca-0560c7a43813	10	51208375	55420393	3247	0.2533
3550e483-fe1a-4a5f-a0ca-0560c7a43813	10	55420481	55420557	3	-2.042
3550e483-fe1a-4a5f-a0ca-0560c7a43813	10	55420561	56753095	915	0.2563
3550e483-fe1a-4a5f-a0ca-0560c7a43813	10	56756615	56767077	41	-0.4596
3550e483-fe1a-4a5f-a0ca-0560c7a43813	10	56772992	68672593	8140	0.2334
3550e483-fe1a-4a5f-a0ca-0560c7a43813	10	68673490	68801923	72	0.3623
3550e483-fe1a-4a5f-a0ca-0560c7a43813	10	68802298	68853524	32	0.6716
3550e483-fe1a-4a5f-a0ca-0560c7a43813	10	68854346	69016213	97	0.4433
3550e483-fe1a-4a5f-a0ca-0560c7a43813	10	69017957	69023319	5	-0.2051
3550e483-fe1a-4a5f-a0ca-0560c7a43813	10	69023824	69085440	44	0.3972
3550e483-fe1a-4a5f-a0ca-0560c7a43813	10	69086266	72914257	2665	0.5375
3550e483-fe1a-4a5f-a0ca-0560c7a43813	10	72916360	72917242	2	-1.0866
3550e483-fe1a-4a5f-a0ca-0560c7a43813	10	72921501	75496599	1138	0.5184
3550e483-fe1a-4a5f-a0ca-0560c7a43813	10	75497307	77625944	1661	0.6045
3550e483-fe1a-4a5f-a0ca-0560c7a43813	10	77631826	77653789	14	1.0868
3550e483-fe1a-4a5f-a0ca-0560c7a43813	10	77654727	79045523	1133	0.5723
3550e483-fe1a-4a5f-a0ca-0560c7a43813	10	79046297	79689972	367	0.5244
3550e483-fe1a-4a5f-a0ca-0560c7a43813	10	79736999	79737848	3	-0.6081
3550e483-fe1a-4a5f-a0ca-0560c7a43813	10	79747269	80988029	787	0.5353
3550e483-fe1a-4a5f-a0ca-0560c7a43813	10	80988296	86115480	3831	0.5978
3550e483-fe1a-4a5f-a0ca-0560c7a43813	10	86115850	100839103	9295	0.5527
3550e483-fe1a-4a5f-a0ca-0560c7a43813	10	100841818	101034008	110	0.9874
3550e483-fe1a-4a5f-a0ca-0560c7a43813	10	101037017	101922057	405	0.7826
3550e483-fe1a-4a5f-a0ca-0560c7a43813	10	101922823	102238914	117	0.9755
3550e483-fe1a-4a5f-a0ca-0560c7a43813	10	102238992	102591860	148	0.4768
3550e483-fe1a-4a5f-a0ca-0560c7a43813	10	102595725	102647345	19	0.9275
3550e483-fe1a-4a5f-a0ca-0560c7a43813	10	102648060	102749149	46	0.4643
3550e483-fe1a-4a5f-a0ca-0560c7a43813	10	102752338	102825368	45	0.707
3550e483-fe1a-4a5f-a0ca-0560c7a43813	10	102833488	102882240	41	1.274
3550e483-fe1a-4a5f-a0ca-0560c7a43813	10	102885424	103135465	129	0.7117
3550e483-fe1a-4a5f-a0ca-0560c7a43813	10	103138144	103441820	123	0.5389
3550e483-fe1a-4a5f-a0ca-0560c7a43813	10	103445545	103659529	121	0.7539
3550e483-fe1a-4a5f-a0ca-0560c7a43813	10	103669205	115024879	8163	0.569
3550e483-fe1a-4a5f-a0ca-0560c7a43813	10	115025809	116538798	1036	0.6371
3550e483-fe1a-4a5f-a0ca-0560c7a43813	10	116539194	117464028	606	0.8382
3550e483-fe1a-4a5f-a0ca-0560c7a43813	10	117464334	118812734	994	0.5734
3550e483-fe1a-4a5f-a0ca-0560c7a43813	10	118816642	119488704	433	0.7734
3550e483-fe1a-4a5f-a0ca-0560c7a43813	10	119490238	126052717	4925	0.5621
3550e483-fe1a-4a5f-a0ca-0560c7a43813	10	126054095	130862896	3948	0.5985
3550e483-fe1a-4a5f-a0ca-0560c7a43813	10	130864472	133654968	1625	0.5509
3550e483-fe1a-4a5f-a0ca-0560c7a43813	11	198510	606294	134	-0.3281
3550e483-fe1a-4a5f-a0ca-0560c7a43813	11	620599	825777	66	0.4175
3550e483-fe1a-4a5f-a0ca-0560c7a43813	11	838110	976420	56	0.7969
3550e483-fe1a-4a5f-a0ca-0560c7a43813	11	976734	1117339	55	0.1808
3550e483-fe1a-4a5f-a0ca-0560c7a43813	11	1117566	1136689	8	0.0252
3550e483-fe1a-4a5f-a0ca-0560c7a43813	11	1138956	1786072	242	-0.3012
3550e483-fe1a-4a5f-a0ca-0560c7a43813	11	1787752	1800624	8	0.3281
3550e483-fe1a-4a5f-a0ca-0560c7a43813	11	1803527	1870675	19	1.0754
3550e483-fe1a-4a5f-a0ca-0560c7a43813	11	1878795	1896642	16	0.3592
3550e483-fe1a-4a5f-a0ca-0560c7a43813	11	1899025	5766175	2621	-0.2542
3550e483-fe1a-4a5f-a0ca-0560c7a43813	11	5766850	5787909	32	-2.1694
3550e483-fe1a-4a5f-a0ca-0560c7a43813	11	5788108	18917623	9381	-0.2411
3550e483-fe1a-4a5f-a0ca-0560c7a43813	11	18918546	18949201	53	0.0976
3550e483-fe1a-4a5f-a0ca-0560c7a43813	11	18949628	31787857	9267	-0.2164
3550e483-fe1a-4a5f-a0ca-0560c7a43813	11	31788159	35362445	2751	-0.2866
3550e483-fe1a-4a5f-a0ca-0560c7a43813	11	35362493	37064955	1333	-0.2441
3550e483-fe1a-4a5f-a0ca-0560c7a43813	11	37068219	43761574	4442	-0.2126
3550e483-fe1a-4a5f-a0ca-0560c7a43813	11	43761735	46638067	1903	-0.2768
3550e483-fe1a-4a5f-a0ca-0560c7a43813	11	46638660	47049504	161	0.2047
3550e483-fe1a-4a5f-a0ca-0560c7a43813	11	47059387	47222114	48	-0.1909
3550e483-fe1a-4a5f-a0ca-0560c7a43813	11	47230686	47368563	64	0.1375
3550e483-fe1a-4a5f-a0ca-0560c7a43813	11	47371752	49561893	941	-0.2436
3550e483-fe1a-4a5f-a0ca-0560c7a43813	11	49564343	64177216	5731	0.2121
3550e483-fe1a-4a5f-a0ca-0560c7a43813	11	64193264	64399115	69	0.447
3550e483-fe1a-4a5f-a0ca-0560c7a43813	11	64400106	64490955	54	0.7972
3550e483-fe1a-4a5f-a0ca-0560c7a43813	11	64491418	64786671	118	0.5828
3550e483-fe1a-4a5f-a0ca-0560c7a43813	11	64790643	64917916	34	0.8485
3550e483-fe1a-4a5f-a0ca-0560c7a43813	11	64918010	65005073	28	0.4897
3550e483-fe1a-4a5f-a0ca-0560c7a43813	11	65005390	65444924	164	0.1633
3550e483-fe1a-4a5f-a0ca-0560c7a43813	11	65448551	65474292	12	1.0032
3550e483-fe1a-4a5f-a0ca-0560c7a43813	11	65478583	65675668	64	0.5192
3550e483-fe1a-4a5f-a0ca-0560c7a43813	11	65677419	66474550	371	0.1448
3550e483-fe1a-4a5f-a0ca-0560c7a43813	11	66475158	66807182	103	0.4888
3550e483-fe1a-4a5f-a0ca-0560c7a43813	11	66808218	67471651	238	0.0591
3550e483-fe1a-4a5f-a0ca-0560c7a43813	11	67472099	69645812	1074	0.1888
3550e483-fe1a-4a5f-a0ca-0560c7a43813	11	69648088	69674395	14	0.6932
3550e483-fe1a-4a5f-a0ca-0560c7a43813	11	69675578	72169259	1320	0.2093
3550e483-fe1a-4a5f-a0ca-0560c7a43813	11	72183005	72275734	33	0.0533
3550e483-fe1a-4a5f-a0ca-0560c7a43813	11	72279374	74041879	832	0.5234
3550e483-fe1a-4a5f-a0ca-0560c7a43813	11	74043294	78802324	2668	0.2065
3550e483-fe1a-4a5f-a0ca-0560c7a43813	11	78802392	78807853	3	-1.2706
3550e483-fe1a-4a5f-a0ca-0560c7a43813	11	78807867	85557609	4965	0.2492
3550e483-fe1a-4a5f-a0ca-0560c7a43813	11	85571247	85669526	46	-0.199
3550e483-fe1a-4a5f-a0ca-0560c7a43813	11	85670610	85685093	10	-0.9322
3550e483-fe1a-4a5f-a0ca-0560c7a43813	11	85689951	85823919	83	-0.2655
3550e483-fe1a-4a5f-a0ca-0560c7a43813	11	85824080	101547140	11243	0.2408
3550e483-fe1a-4a5f-a0ca-0560c7a43813	11	101553845	101553939	2	-1.6697
3550e483-fe1a-4a5f-a0ca-0560c7a43813	11	101555808	107359993	3916	0.2451
3550e483-fe1a-4a5f-a0ca-0560c7a43813	11	107367930	107368402	7	-0.8334
3550e483-fe1a-4a5f-a0ca-0560c7a43813	11	107381636	108339566	600	0.2023
3550e483-fe1a-4a5f-a0ca-0560c7a43813	11	108341945	108405841	33	-0.2668
3550e483-fe1a-4a5f-a0ca-0560c7a43813	11	108410392	116660762	5692	0.2443
3550e483-fe1a-4a5f-a0ca-0560c7a43813	11	116661022	118850289	1514	0.181
3550e483-fe1a-4a5f-a0ca-0560c7a43813	11	118853878	119766705	491	0.491
3550e483-fe1a-4a5f-a0ca-0560c7a43813	11	119766948	123355993	2667	0.2218
3550e483-fe1a-4a5f-a0ca-0560c7a43813	11	123359146	123441562	58	0.5731
3550e483-fe1a-4a5f-a0ca-0560c7a43813	11	123441988	123650732	170	0.1539
3550e483-fe1a-4a5f-a0ca-0560c7a43813	11	123652013	123652399	4	-1.5733
3550e483-fe1a-4a5f-a0ca-0560c7a43813	11	123652650	135074876	8675	0.2239
3550e483-fe1a-4a5f-a0ca-0560c7a43813	12	51460	23738680	15777	0.2148
3550e483-fe1a-4a5f-a0ca-0560c7a43813	12	23743678	24112468	239	0.563
3550e483-fe1a-4a5f-a0ca-0560c7a43813	12	24113750	31185601	5384	0.222
3550e483-fe1a-4a5f-a0ca-0560c7a43813	12	31193584	32377039	833	0.508
3550e483-fe1a-4a5f-a0ca-0560c7a43813	12	32377113	37678291	1395	0.2153
3550e483-fe1a-4a5f-a0ca-0560c7a43813	12	37678421	40872972	1771	0.5747
3550e483-fe1a-4a5f-a0ca-0560c7a43813	12	40873064	45891248	3189	0.229
3550e483-fe1a-4a5f-a0ca-0560c7a43813	12	45894940	47931612	1250	0.5447
3550e483-fe1a-4a5f-a0ca-0560c7a43813	12	47935605	51658006	1847	0.1404
3550e483-fe1a-4a5f-a0ca-0560c7a43813	12	51658428	53101712	1103	0.5468
3550e483-fe1a-4a5f-a0ca-0560c7a43813	12	53103914	53555002	195	0.7071
3550e483-fe1a-4a5f-a0ca-0560c7a43813	12	53556784	54822631	678	0.4995
3550e483-fe1a-4a5f-a0ca-0560c7a43813	12	54822719	55409338	413	0.6046
3550e483-fe1a-4a5f-a0ca-0560c7a43813	12	55409884	56013055	298	0.4618
3550e483-fe1a-4a5f-a0ca-0560c7a43813	12	56019709	56246012	140	0.6869
3550e483-fe1a-4a5f-a0ca-0560c7a43813	12	56252911	56286852	20	1.3064
3550e483-fe1a-4a5f-a0ca-0560c7a43813	12	56286961	56299736	12	0.9487
3550e483-fe1a-4a5f-a0ca-0560c7a43813	12	56302272	58327448	1024	0.5168
3550e483-fe1a-4a5f-a0ca-0560c7a43813	12	58336368	58336379	2	-1.5013
3550e483-fe1a-4a5f-a0ca-0560c7a43813	12	58337065	63501542	3423	0.5881
3550e483-fe1a-4a5f-a0ca-0560c7a43813	12	63508022	70554465	4604	0.5479
3550e483-fe1a-4a5f-a0ca-0560c7a43813	12	70556964	72806577	1437	0.5857
3550e483-fe1a-4a5f-a0ca-0560c7a43813	12	72807819	72812551	2	-1.1898
3550e483-fe1a-4a5f-a0ca-0560c7a43813	12	72812626	92955461	12502	0.5703
3550e483-fe1a-4a5f-a0ca-0560c7a43813	12	92955856	93864354	535	0.7847
3550e483-fe1a-4a5f-a0ca-0560c7a43813	12	93864420	96695662	2058	0.5165
3550e483-fe1a-4a5f-a0ca-0560c7a43813	12	96696520	108164567	7895	0.5621
3550e483-fe1a-4a5f-a0ca-0560c7a43813	12	108165680	108585414	383	0.5095
3550e483-fe1a-4a5f-a0ca-0560c7a43813	12	108590967	108878152	139	0.762
3550e483-fe1a-4a5f-a0ca-0560c7a43813	12	108878974	109705312	506	0.56
3550e483-fe1a-4a5f-a0ca-0560c7a43813	12	109707127	111757534	933	0.4696
3550e483-fe1a-4a5f-a0ca-0560c7a43813	12	111759818	112133984	153	0.5256
3550e483-fe1a-4a5f-a0ca-0560c7a43813	12	112134872	112527679	280	0.7027
3550e483-fe1a-4a5f-a0ca-0560c7a43813	12	112528768	114535260	1536	0.5525
3550e483-fe1a-4a5f-a0ca-0560c7a43813	12	114535946	114949165	265	0.8113
3550e483-fe1a-4a5f-a0ca-0560c7a43813	12	114949228	115276724	296	0.6067
3550e483-fe1a-4a5f-a0ca-0560c7a43813	12	115276770	115276829	3	-1.0913
3550e483-fe1a-4a5f-a0ca-0560c7a43813	12	115277363	116230007	873	0.5868
3550e483-fe1a-4a5f-a0ca-0560c7a43813	12	116238586	117396938	765	0.5133
3550e483-fe1a-4a5f-a0ca-0560c7a43813	12	117398360	117988608	508	0.5768
3550e483-fe1a-4a5f-a0ca-0560c7a43813	12	117991812	118135862	74	0.7594
3550e483-fe1a-4a5f-a0ca-0560c7a43813	12	118139640	119841614	1194	0.2159
3550e483-fe1a-4a5f-a0ca-0560c7a43813	12	119848388	124877846	2474	0.1481
3550e483-fe1a-4a5f-a0ca-0560c7a43813	12	124878887	133201603	6368	0.2239
3550e483-fe1a-4a5f-a0ca-0560c7a43813	13	18452809	23117925	2900	-0.9897
3550e483-fe1a-4a5f-a0ca-0560c7a43813	13	23118650	23118839	2	-4.8724
3550e483-fe1a-4a5f-a0ca-0560c7a43813	13	23118952	33068014	7362	-1.0324
3550e483-fe1a-4a5f-a0ca-0560c7a43813	13	33069767	34043865	749	-0.2196
3550e483-fe1a-4a5f-a0ca-0560c7a43813	13	34046356	37942466	2674	-0.9925
3550e483-fe1a-4a5f-a0ca-0560c7a43813	13	37942644	37945770	3	-4.6951
3550e483-fe1a-4a5f-a0ca-0560c7a43813	13	37946864	46227994	5600	-1.0075
3550e483-fe1a-4a5f-a0ca-0560c7a43813	13	46228042	46228222	2	-4.9825
3550e483-fe1a-4a5f-a0ca-0560c7a43813	13	46228522	47005609	539	-1.0583
3550e483-fe1a-4a5f-a0ca-0560c7a43813	13	47005807	52963602	3530	-0.9568
3550e483-fe1a-4a5f-a0ca-0560c7a43813	13	52964696	52966387	3	-4.2678
3550e483-fe1a-4a5f-a0ca-0560c7a43813	13	52966723	68677848	9251	-0.9409
3550e483-fe1a-4a5f-a0ca-0560c7a43813	13	68678863	68694110	23	-2.2756
3550e483-fe1a-4a5f-a0ca-0560c7a43813	13	68694987	73205042	2976	-0.9551
3550e483-fe1a-4a5f-a0ca-0560c7a43813	13	73212654	73213206	2	-3.6816
3550e483-fe1a-4a5f-a0ca-0560c7a43813	13	73214412	78389717	3688	-0.9966
3550e483-fe1a-4a5f-a0ca-0560c7a43813	13	78393547	78394557	2	-4.4651
3550e483-fe1a-4a5f-a0ca-0560c7a43813	13	78397132	93147502	9069	-0.9543
3550e483-fe1a-4a5f-a0ca-0560c7a43813	13	93147861	95542274	1815	-1.0352
3550e483-fe1a-4a5f-a0ca-0560c7a43813	13	95544147	98133435	1482	-0.9326
3550e483-fe1a-4a5f-a0ca-0560c7a43813	13	98133646	100532747	1580	-1.0546
3550e483-fe1a-4a5f-a0ca-0560c7a43813	13	100533802	100541056	4	-4.1005
3550e483-fe1a-4a5f-a0ca-0560c7a43813	13	100541451	114342922	10243	-1.021
3550e483-fe1a-4a5f-a0ca-0560c7a43813	14	18239283	19185165	38	-0.2881
3550e483-fe1a-4a5f-a0ca-0560c7a43813	14	19185951	19955213	127	-0.5829
3550e483-fe1a-4a5f-a0ca-0560c7a43813	14	19956767	21030895	785	-0.2523
3550e483-fe1a-4a5f-a0ca-0560c7a43813	14	21030913	21078183	30	0.184
3550e483-fe1a-4a5f-a0ca-0560c7a43813	14	21084606	21980315	580	-0.2287
3550e483-fe1a-4a5f-a0ca-0560c7a43813	14	21981850	22490838	423	0.0484
3550e483-fe1a-4a5f-a0ca-0560c7a43813	14	22490949	23252883	447	-0.2353
3550e483-fe1a-4a5f-a0ca-0560c7a43813	14	23255938	23858678	367	0.1879
3550e483-fe1a-4a5f-a0ca-0560c7a43813	14	23860519	30919517	4341	-0.2128
3550e483-fe1a-4a5f-a0ca-0560c7a43813	14	30922943	31222534	139	0.1682
3550e483-fe1a-4a5f-a0ca-0560c7a43813	14	31225087	35293460	2800	-0.2451
3550e483-fe1a-4a5f-a0ca-0560c7a43813	14	35301038	35358806	30	0.2129
3550e483-fe1a-4a5f-a0ca-0560c7a43813	14	35359535	44925033	5890	-0.2155
3550e483-fe1a-4a5f-a0ca-0560c7a43813	14	44927795	45034726	39	-1.0594
3550e483-fe1a-4a5f-a0ca-0560c7a43813	14	45037510	45636715	286	-0.2388
3550e483-fe1a-4a5f-a0ca-0560c7a43813	14	45637098	45637413	2	-1.9285
3550e483-fe1a-4a5f-a0ca-0560c7a43813	14	45638008	64148778	11883	-0.2455
3550e483-fe1a-4a5f-a0ca-0560c7a43813	14	64148823	64453947	299	0.1865
3550e483-fe1a-4a5f-a0ca-0560c7a43813	14	64459793	73534419	5674	-0.2614
3550e483-fe1a-4a5f-a0ca-0560c7a43813	14	73540003	73563196	9	1.7351
3550e483-fe1a-4a5f-a0ca-0560c7a43813	14	73563211	73780707	109	-0.2886
3550e483-fe1a-4a5f-a0ca-0560c7a43813	14	73780762	74104702	173	0.1463
3550e483-fe1a-4a5f-a0ca-0560c7a43813	14	74105984	75526852	855	-0.3003
3550e483-fe1a-4a5f-a0ca-0560c7a43813	14	75530140	75615321	62	0.1552
3550e483-fe1a-4a5f-a0ca-0560c7a43813	14	75616058	77804731	1442	-0.2717
3550e483-fe1a-4a5f-a0ca-0560c7a43813	14	77808065	89059428	7564	-0.2232
3550e483-fe1a-4a5f-a0ca-0560c7a43813	14	89059650	100473838	8113	-0.27
3550e483-fe1a-4a5f-a0ca-0560c7a43813	14	100474328	100994948	283	0.2186
3550e483-fe1a-4a5f-a0ca-0560c7a43813	14	100996888	101681539	445	-0.2537
3550e483-fe1a-4a5f-a0ca-0560c7a43813	14	101687183	101839725	60	0.192
3550e483-fe1a-4a5f-a0ca-0560c7a43813	14	101840831	101946050	58	0.564
3550e483-fe1a-4a5f-a0ca-0560c7a43813	14	101955468	102527409	256	0.1112
3550e483-fe1a-4a5f-a0ca-0560c7a43813	14	102535959	102609735	26	0.6511
3550e483-fe1a-4a5f-a0ca-0560c7a43813	14	102615994	102696595	33	0.133
3550e483-fe1a-4a5f-a0ca-0560c7a43813	14	102698717	106321086	1352	-0.2892
3550e483-fe1a-4a5f-a0ca-0560c7a43813	14	106340102	106365807	11	-1.396
3550e483-fe1a-4a5f-a0ca-0560c7a43813	14	106369985	106877229	270	-0.2609
3550e483-fe1a-4a5f-a0ca-0560c7a43813	15	19811075	20235285	63	-0.2245
3550e483-fe1a-4a5f-a0ca-0560c7a43813	15	20240885	22299523	143	-0.8555
3550e483-fe1a-4a5f-a0ca-0560c7a43813	15	22385639	41378051	11834	-0.2455
3550e483-fe1a-4a5f-a0ca-0560c7a43813	15	41387015	41684091	127	0.0836
3550e483-fe1a-4a5f-a0ca-0560c7a43813	15	41684595	54481791	7669	-0.246
3550e483-fe1a-4a5f-a0ca-0560c7a43813	15	54481878	54482218	2	-2.4478
3550e483-fe1a-4a5f-a0ca-0560c7a43813	15	54482238	62693003	5913	-0.2554
3550e483-fe1a-4a5f-a0ca-0560c7a43813	15	62697576	62697650	2	-2.283
3550e483-fe1a-4a5f-a0ca-0560c7a43813	15	62698210	64348279	1064	-0.2867
3550e483-fe1a-4a5f-a0ca-0560c7a43813	15	64352748	64417591	32	0.3733
3550e483-fe1a-4a5f-a0ca-0560c7a43813	15	64420875	76599286	7001	-0.2738
3550e483-fe1a-4a5f-a0ca-0560c7a43813	15	76599400	76603434	19	-1.6927
3550e483-fe1a-4a5f-a0ca-0560c7a43813	15	76609838	90369252	8732	-0.2656
3550e483-fe1a-4a5f-a0ca-0560c7a43813	15	90373482	90678076	183	0.147
3550e483-fe1a-4a5f-a0ca-0560c7a43813	15	90685662	92222525	1248	-0.2733
3550e483-fe1a-4a5f-a0ca-0560c7a43813	15	92222644	92223064	3	2.9336
3550e483-fe1a-4a5f-a0ca-0560c7a43813	15	92223528	93021742	671	-0.2399
3550e483-fe1a-4a5f-a0ca-0560c7a43813	15	93026483	93372583	342	-0.4131
3550e483-fe1a-4a5f-a0ca-0560c7a43813	15	93374044	101928837	6394	-0.2591
3550e483-fe1a-4a5f-a0ca-0560c7a43813	16	10777	391809	184	-0.3319
3550e483-fe1a-4a5f-a0ca-0560c7a43813	16	395897	464407	26	0.2695
3550e483-fe1a-4a5f-a0ca-0560c7a43813	16	466922	3470806	1064	-0.3139
3550e483-fe1a-4a5f-a0ca-0560c7a43813	16	3472303	3960710	254	0.1765
3550e483-fe1a-4a5f-a0ca-0560c7a43813	16	3963466	4791425	469	-0.3071
3550e483-fe1a-4a5f-a0ca-0560c7a43813	16	4805278	4947322	101	0.1628
3550e483-fe1a-4a5f-a0ca-0560c7a43813	16	4949984	4971658	18	0.6317
3550e483-fe1a-4a5f-a0ca-0560c7a43813	16	4971982	5156509	104	0.165
3550e483-fe1a-4a5f-a0ca-0560c7a43813	16	5158457	6685136	1757	-0.2314
3550e483-fe1a-4a5f-a0ca-0560c7a43813	16	6687682	7227946	705	-1.0543
3550e483-fe1a-4a5f-a0ca-0560c7a43813	16	7228711	15477737	6562	-0.2477
3550e483-fe1a-4a5f-a0ca-0560c7a43813	16	15479660	15797423	189	0.1982
3550e483-fe1a-4a5f-a0ca-0560c7a43813	16	15798303	19395600	1721	-0.2503
3550e483-fe1a-4a5f-a0ca-0560c7a43813	16	19398857	20139051	472	0.206
3550e483-fe1a-4a5f-a0ca-0560c7a43813	16	20141061	30154404	5637	-0.2444
3550e483-fe1a-4a5f-a0ca-0560c7a43813	16	30157020	30409792	39	0.158
3550e483-fe1a-4a5f-a0ca-0560c7a43813	16	30411845	49666343	2950	-0.2474
3550e483-fe1a-4a5f-a0ca-0560c7a43813	16	49668808	49670718	2	-1.9562
3550e483-fe1a-4a5f-a0ca-0560c7a43813	16	49670845	50047867	241	-0.2379
3550e483-fe1a-4a5f-a0ca-0560c7a43813	16	50052386	50793607	412	0.2215
3550e483-fe1a-4a5f-a0ca-0560c7a43813	16	50793690	56759484	4605	-0.2291
3550e483-fe1a-4a5f-a0ca-0560c7a43813	16	56762503	57089236	210	0.1574
3550e483-fe1a-4a5f-a0ca-0560c7a43813	16	57089397	57445053	172	-0.3126
3550e483-fe1a-4a5f-a0ca-0560c7a43813	16	57445797	57508660	34	0.2041
3550e483-fe1a-4a5f-a0ca-0560c7a43813	16	57509261	58728407	747	-0.3092
3550e483-fe1a-4a5f-a0ca-0560c7a43813	16	58729296	66141258	5120	-0.2078
3550e483-fe1a-4a5f-a0ca-0560c7a43813	16	66144090	69242294	1462	-0.304
3550e483-fe1a-4a5f-a0ca-0560c7a43813	16	69242713	69614592	174	0.1731
3550e483-fe1a-4a5f-a0ca-0560c7a43813	16	69614750	76215159	3677	-0.2606
3550e483-fe1a-4a5f-a0ca-0560c7a43813	16	76218579	77208882	833	-0.168
3550e483-fe1a-4a5f-a0ca-0560c7a43813	16	77210815	78337711	1219	-0.2331
3550e483-fe1a-4a5f-a0ca-0560c7a43813	16	78338543	78350841	15	-1.6935
3550e483-fe1a-4a5f-a0ca-0560c7a43813	16	78350868	90096867	10591	-0.2445
3550e483-fe1a-4a5f-a0ca-0560c7a43813	17	150733	516925	168	0.1926
3550e483-fe1a-4a5f-a0ca-0560c7a43813	17	519309	6197464	3181	-0.3034
3550e483-fe1a-4a5f-a0ca-0560c7a43813	17	6197476	6197491	2	-2.0642
3550e483-fe1a-4a5f-a0ca-0560c7a43813	17	6197723	8041291	1029	-0.3152
3550e483-fe1a-4a5f-a0ca-0560c7a43813	17	8047831	8458434	198	0.1264
3550e483-fe1a-4a5f-a0ca-0560c7a43813	17	8461076	18414080	6791	-0.2694
3550e483-fe1a-4a5f-a0ca-0560c7a43813	17	18452078	18561907	27	-1.2086
3550e483-fe1a-4a5f-a0ca-0560c7a43813	17	18565883	36626278	6980	-0.2707
3550e483-fe1a-4a5f-a0ca-0560c7a43813	17	36626819	36911208	253	0.1733
3550e483-fe1a-4a5f-a0ca-0560c7a43813	17	36911274	37327486	251	0.5517
3550e483-fe1a-4a5f-a0ca-0560c7a43813	17	37336917	37529428	107	0.1784
3550e483-fe1a-4a5f-a0ca-0560c7a43813	17	37533494	38769928	466	-0.3013
3550e483-fe1a-4a5f-a0ca-0560c7a43813	17	38772885	39707669	449	-1.0448
3550e483-fe1a-4a5f-a0ca-0560c7a43813	17	39711492	39712509	7	0.2371
3550e483-fe1a-4a5f-a0ca-0560c7a43813	17	39712803	40013424	164	-1.0189
3550e483-fe1a-4a5f-a0ca-0560c7a43813	17	40013441	40017100	2	-3.4934
3550e483-fe1a-4a5f-a0ca-0560c7a43813	17	40020205	44920429	2610	-0.9881
3550e483-fe1a-4a5f-a0ca-0560c7a43813	17	44930583	46127007	625	-0.2985
3550e483-fe1a-4a5f-a0ca-0560c7a43813	17	46130778	46351954	96	-0.6599
3550e483-fe1a-4a5f-a0ca-0560c7a43813	17	46446345	46993322	205	0.1836
3550e483-fe1a-4a5f-a0ca-0560c7a43813	17	46993610	47596449	236	-0.2838
3550e483-fe1a-4a5f-a0ca-0560c7a43813	17	47599875	47763635	84	0.1451
3550e483-fe1a-4a5f-a0ca-0560c7a43813	17	47767264	47860154	54	0.5636
3550e483-fe1a-4a5f-a0ca-0560c7a43813	17	47862923	48051991	122	0.1506
3550e483-fe1a-4a5f-a0ca-0560c7a43813	17	48052052	50509328	1298	-0.2993
3550e483-fe1a-4a5f-a0ca-0560c7a43813	17	50513619	50597184	44	-0.9967
3550e483-fe1a-4a5f-a0ca-0560c7a43813	17	50606130	51409904	409	-0.3217
3550e483-fe1a-4a5f-a0ca-0560c7a43813	17	51412622	55210279	2600	-0.1993
3550e483-fe1a-4a5f-a0ca-0560c7a43813	17	55210634	63929637	5031	-0.27
3550e483-fe1a-4a5f-a0ca-0560c7a43813	17	63933437	64056476	69	0.1512
3550e483-fe1a-4a5f-a0ca-0560c7a43813	17	64056696	64239375	135	-0.3788
3550e483-fe1a-4a5f-a0ca-0560c7a43813	17	64242323	64291392	35	0.1602
3550e483-fe1a-4a5f-a0ca-0560c7a43813	17	64291522	64332226	34	-0.2498
3550e483-fe1a-4a5f-a0ca-0560c7a43813	17	64333211	64985215	185	0.1611
3550e483-fe1a-4a5f-a0ca-0560c7a43813	17	64988259	70348840	3502	-0.2695
3550e483-fe1a-4a5f-a0ca-0560c7a43813	17	70350854	70350992	2	-2.4686
3550e483-fe1a-4a5f-a0ca-0560c7a43813	17	70351078	72912913	2091	-0.2261
3550e483-fe1a-4a5f-a0ca-0560c7a43813	17	72916298	78285287	3083	-0.3032
3550e483-fe1a-4a5f-a0ca-0560c7a43813	17	78286051	78286887	2	-2.2322
3550e483-fe1a-4a5f-a0ca-0560c7a43813	17	78290662	82251373	1899	-0.2903
3550e483-fe1a-4a5f-a0ca-0560c7a43813	17	82256888	82295078	16	-1.0568
3550e483-fe1a-4a5f-a0ca-0560c7a43813	17	82297857	83091923	399	-0.3117
3550e483-fe1a-4a5f-a0ca-0560c7a43813	18	48133	22517485	11133	-0.2338
3550e483-fe1a-4a5f-a0ca-0560c7a43813	18	22517543	23026633	271	0.2943
3550e483-fe1a-4a5f-a0ca-0560c7a43813	18	23029500	23046473	10	-0.1928
3550e483-fe1a-4a5f-a0ca-0560c7a43813	18	23053724	23534953	278	0.2199
3550e483-fe1a-4a5f-a0ca-0560c7a43813	18	23535096	26899598	2266	-0.2349
3550e483-fe1a-4a5f-a0ca-0560c7a43813	18	26899996	40680859	8807	-0.1995
3550e483-fe1a-4a5f-a0ca-0560c7a43813	18	40680873	40689848	10	-0.9057
3550e483-fe1a-4a5f-a0ca-0560c7a43813	18	40690108	44206417	2267	-0.2008
3550e483-fe1a-4a5f-a0ca-0560c7a43813	18	44206752	53769929	6722	-0.2347
3550e483-fe1a-4a5f-a0ca-0560c7a43813	18	53771263	53881709	63	-0.9015
3550e483-fe1a-4a5f-a0ca-0560c7a43813	18	53883600	53997831	75	-0.2416
3550e483-fe1a-4a5f-a0ca-0560c7a43813	18	53998629	53998782	2	-2.5286
3550e483-fe1a-4a5f-a0ca-0560c7a43813	18	54001998	54819485	489	-0.2573
3550e483-fe1a-4a5f-a0ca-0560c7a43813	18	54823113	54835656	22	-1.0091
3550e483-fe1a-4a5f-a0ca-0560c7a43813	18	54841732	80257174	18248	-0.235
3550e483-fe1a-4a5f-a0ca-0560c7a43813	19	90910	494057	109	0.176
3550e483-fe1a-4a5f-a0ca-0560c7a43813	19	505759	807592	48	0.4415
3550e483-fe1a-4a5f-a0ca-0560c7a43813	19	826420	1530034	185	0.1259
3550e483-fe1a-4a5f-a0ca-0560c7a43813	19	1535946	1791100	53	0.6658
3550e483-fe1a-4a5f-a0ca-0560c7a43813	19	1793062	2318181	125	1.1429
3550e483-fe1a-4a5f-a0ca-0560c7a43813	19	2323014	4244505	602	0.4595
3550e483-fe1a-4a5f-a0ca-0560c7a43813	19	4251036	4424377	48	0.7279
3550e483-fe1a-4a5f-a0ca-0560c7a43813	19	4425615	4701120	69	1.1084
3550e483-fe1a-4a5f-a0ca-0560c7a43813	19	4702292	5061041	142	0.8016
3550e483-fe1a-4a5f-a0ca-0560c7a43813	19	5061334	5506118	208	0.4536
3550e483-fe1a-4a5f-a0ca-0560c7a43813	19	5506446	5793693	129	0.7301
3550e483-fe1a-4a5f-a0ca-0560c7a43813	19	5794706	17033504	5665	0.4663
3550e483-fe1a-4a5f-a0ca-0560c7a43813	19	17038637	17402940	159	0.6875
3550e483-fe1a-4a5f-a0ca-0560c7a43813	19	17404586	18245087	350	0.4359
3550e483-fe1a-4a5f-a0ca-0560c7a43813	19	18245624	18257006	8	1.0871
3550e483-fe1a-4a5f-a0ca-0560c7a43813	19	18260306	19889904	693	0.4602
3550e483-fe1a-4a5f-a0ca-0560c7a43813	19	19894293	27707365	2632	0.5169
3550e483-fe1a-4a5f-a0ca-0560c7a43813	19	27707531	32427735	3574	0.576
3550e483-fe1a-4a5f-a0ca-0560c7a43813	19	32430715	35086966	1675	0.5301
3550e483-fe1a-4a5f-a0ca-0560c7a43813	19	35088602	39992104	2588	0.4713
3550e483-fe1a-4a5f-a0ca-0560c7a43813	19	39992913	40933907	485	0.7279
3550e483-fe1a-4a5f-a0ca-0560c7a43813	19	40934622	47589767	3197	0.4952
3550e483-fe1a-4a5f-a0ca-0560c7a43813	19	47590098	47974792	200	0.8107
3550e483-fe1a-4a5f-a0ca-0560c7a43813	19	47974810	48765133	436	0.4958
3550e483-fe1a-4a5f-a0ca-0560c7a43813	19	48771611	49343322	202	0.1529
3550e483-fe1a-4a5f-a0ca-0560c7a43813	19	49343900	49807285	172	0.4359
3550e483-fe1a-4a5f-a0ca-0560c7a43813	19	49812166	50067663	146	0.7753
3550e483-fe1a-4a5f-a0ca-0560c7a43813	19	50067719	54215136	2594	0.514
3550e483-fe1a-4a5f-a0ca-0560c7a43813	19	54226329	54237443	16	-0.3864
3550e483-fe1a-4a5f-a0ca-0560c7a43813	19	54249482	55771169	747	0.4757
3550e483-fe1a-4a5f-a0ca-0560c7a43813	19	55771663	55771701	2	-1.7045
3550e483-fe1a-4a5f-a0ca-0560c7a43813	19	55774927	56501759	545	0.5799
3550e483-fe1a-4a5f-a0ca-0560c7a43813	19	56506141	56506907	3	-0.4493
3550e483-fe1a-4a5f-a0ca-0560c7a43813	19	56512303	56922605	264	0.6162
3550e483-fe1a-4a5f-a0ca-0560c7a43813	19	56923198	58586487	1025	0.5
3550e483-fe1a-4a5f-a0ca-0560c7a43813	20	80664	80670	6	0.4795
3550e483-fe1a-4a5f-a0ca-0560c7a43813	20	80671	1580141	1191	-0.249
3550e483-fe1a-4a5f-a0ca-0560c7a43813	20	1580156	1580353	4	0.4315
3550e483-fe1a-4a5f-a0ca-0560c7a43813	20	1580934	1609611	37	1.4463
3550e483-fe1a-4a5f-a0ca-0560c7a43813	20	1609809	1740604	140	-0.2298
3550e483-fe1a-4a5f-a0ca-0560c7a43813	20	1740804	2196759	375	0.2206
3550e483-fe1a-4a5f-a0ca-0560c7a43813	20	2196848	6033009	2693	-0.2825
3550e483-fe1a-4a5f-a0ca-0560c7a43813	20	6034308	22712927	13139	-0.216
3550e483-fe1a-4a5f-a0ca-0560c7a43813	20	22715112	34254551	3950	-0.2622
3550e483-fe1a-4a5f-a0ca-0560c7a43813	20	34254727	34332088	31	0.1527
3550e483-fe1a-4a5f-a0ca-0560c7a43813	20	34334585	37963438	1871	-0.2846
3550e483-fe1a-4a5f-a0ca-0560c7a43813	20	37964067	38270022	166	0.2551
3550e483-fe1a-4a5f-a0ca-0560c7a43813	20	38271973	39144913	562	-0.2765
3550e483-fe1a-4a5f-a0ca-0560c7a43813	20	39146788	43393585	3257	-0.2026
3550e483-fe1a-4a5f-a0ca-0560c7a43813	20	43393631	48798685	3750	-0.2475
3550e483-fe1a-4a5f-a0ca-0560c7a43813	20	48804143	49356603	328	0.1799
3550e483-fe1a-4a5f-a0ca-0560c7a43813	20	49356831	60535987	8614	-0.2429
3550e483-fe1a-4a5f-a0ca-0560c7a43813	20	60538651	60542464	5	-1.4927
3550e483-fe1a-4a5f-a0ca-0560c7a43813	20	60543786	64324800	2186	-0.2542
3550e483-fe1a-4a5f-a0ca-0560c7a43813	21	10354168	13028693	97	-0.297
3550e483-fe1a-4a5f-a0ca-0560c7a43813	21	13080541	22278814	6194	0.2579
3550e483-fe1a-4a5f-a0ca-0560c7a43813	21	22283580	22292338	9	-0.9903
3550e483-fe1a-4a5f-a0ca-0560c7a43813	21	22294679	36557014	10390	0.2333
3550e483-fe1a-4a5f-a0ca-0560c7a43813	21	36557831	36558060	2	-1.3749
3550e483-fe1a-4a5f-a0ca-0560c7a43813	21	36560880	41248192	3931	0.2439
3550e483-fe1a-4a5f-a0ca-0560c7a43813	21	41248593	43695607	1590	0.1841
3550e483-fe1a-4a5f-a0ca-0560c7a43813	21	43698483	43820256	77	0.4726
3550e483-fe1a-4a5f-a0ca-0560c7a43813	21	43824840	46677045	1537	0.186
3550e483-fe1a-4a5f-a0ca-0560c7a43813	22	15294547	29211268	8488	-1.0081
3550e483-fe1a-4a5f-a0ca-0560c7a43813	22	29228478	29508226	168	-0.2903
3550e483-fe1a-4a5f-a0ca-0560c7a43813	22	29508530	35227453	4245	-1.0076
3550e483-fe1a-4a5f-a0ca-0560c7a43813	22	35233789	35519341	168	-0.2807
3550e483-fe1a-4a5f-a0ca-0560c7a43813	22	35521156	37664684	1372	-1.0738
3550e483-fe1a-4a5f-a0ca-0560c7a43813	22	37664843	37884114	100	-0.3636
3550e483-fe1a-4a5f-a0ca-0560c7a43813	22	37886890	38150693	118	0.4816
3550e483-fe1a-4a5f-a0ca-0560c7a43813	22	38152582	38859586	376	-0.338
3550e483-fe1a-4a5f-a0ca-0560c7a43813	22	38875985	38894915	16	-1.2102
3550e483-fe1a-4a5f-a0ca-0560c7a43813	22	38899250	38900899	3	-2.9813
3550e483-fe1a-4a5f-a0ca-0560c7a43813	22	38903109	38967995	44	-1.0055
3550e483-fe1a-4a5f-a0ca-0560c7a43813	22	38969353	39010189	33	-0.3455
3550e483-fe1a-4a5f-a0ca-0560c7a43813	22	39011942	40453058	699	-1.0504
3550e483-fe1a-4a5f-a0ca-0560c7a43813	22	40455104	40788058	158	-0.274
3550e483-fe1a-4a5f-a0ca-0560c7a43813	22	40792158	40821392	14	0.1628
3550e483-fe1a-4a5f-a0ca-0560c7a43813	22	40823975	40973104	68	-0.2794
3550e483-fe1a-4a5f-a0ca-0560c7a43813	22	40974338	41104129	76	0.4884
3550e483-fe1a-4a5f-a0ca-0560c7a43813	22	41104141	41473621	306	0.1589
3550e483-fe1a-4a5f-a0ca-0560c7a43813	22	41475459	50796027	6580	-1.0595
3550e483-fe1a-4a5f-a0ca-0560c7a43813	X	251810	3168353	365	-0.7707
3550e483-fe1a-4a5f-a0ca-0560c7a43813	X	3176265	3315071	145	0.4951
3550e483-fe1a-4a5f-a0ca-0560c7a43813	X	3320172	3512444	149	-0.0404
3550e483-fe1a-4a5f-a0ca-0560c7a43813	X	3520904	3600436	54	-0.7937
3550e483-fe1a-4a5f-a0ca-0560c7a43813	X	3602513	4608165	659	-0.0307
3550e483-fe1a-4a5f-a0ca-0560c7a43813	X	4610404	4732985	79	0.539
3550e483-fe1a-4a5f-a0ca-0560c7a43813	X	4737687	4756316	17	0.0745
3550e483-fe1a-4a5f-a0ca-0560c7a43813	X	4758118	4846517	77	0.5082
3550e483-fe1a-4a5f-a0ca-0560c7a43813	X	4850121	6701469	1525	0.0021
3550e483-fe1a-4a5f-a0ca-0560c7a43813	X	6701986	6718920	15	0.8444
3550e483-fe1a-4a5f-a0ca-0560c7a43813	X	6723730	152302764	78873	0.0017
3550e483-fe1a-4a5f-a0ca-0560c7a43813	X	152306318	153157619	458	0.4936
3550e483-fe1a-4a5f-a0ca-0560c7a43813	X	153160553	153547978	219	-0.0092
3550e483-fe1a-4a5f-a0ca-0560c7a43813	X	153550533	153603688	35	0.785
3550e483-fe1a-4a5f-a0ca-0560c7a43813	X	153608856	155952689	836	-0.011
3550e483-fe1a-4a5f-a0ca-0560c7a43813	Y	2782397	56872112	6639	-2.8624
