GDC_Aliquot	Chromosome	Start	End	Num_Probes	Segment_Mean
c6d8fc41-c1b5-457f-a769-7ad898fdb889	1	62920	599171	20	0.3361
c6d8fc41-c1b5-457f-a769-7ad898fdb889	1	668210	12033527	6051	-0.2533
c6d8fc41-c1b5-457f-a769-7ad898fdb889	1	12034625	12045275	4	-2.3771
c6d8fc41-c1b5-457f-a769-7ad898fdb889	1	12046586	15827002	2257	-0.2315
c6d8fc41-c1b5-457f-a769-7ad898fdb889	1	15827041	15828515	9	0.3652
c6d8fc41-c1b5-457f-a769-7ad898fdb889	1	15839166	16604834	303	-0.2254
c6d8fc41-c1b5-457f-a769-7ad898fdb889	1	16605031	16721701	35	-0.5287
c6d8fc41-c1b5-457f-a769-7ad898fdb889	1	16721910	16863509	17	0.0099
c6d8fc41-c1b5-457f-a769-7ad898fdb889	1	16864367	16977349	71	-0.6017
c6d8fc41-c1b5-457f-a769-7ad898fdb889	1	16981663	25266637	5235	-0.2457
c6d8fc41-c1b5-457f-a769-7ad898fdb889	1	25269390	25320455	23	0.442
c6d8fc41-c1b5-457f-a769-7ad898fdb889	1	25336819	31148580	2993	-0.2341
c6d8fc41-c1b5-457f-a769-7ad898fdb889	1	31150820	31152499	2	-2.2059
c6d8fc41-c1b5-457f-a769-7ad898fdb889	1	31152542	54873413	13212	-0.2227
c6d8fc41-c1b5-457f-a769-7ad898fdb889	1	54876242	72303233	12485	-0.1911
c6d8fc41-c1b5-457f-a769-7ad898fdb889	1	72303253	72345450	44	-1.0698
c6d8fc41-c1b5-457f-a769-7ad898fdb889	1	72345465	74066303	1043	-0.1817
c6d8fc41-c1b5-457f-a769-7ad898fdb889	1	74066463	74070273	2	-1.5513
c6d8fc41-c1b5-457f-a769-7ad898fdb889	1	74071568	75585159	882	-0.1704
c6d8fc41-c1b5-457f-a769-7ad898fdb889	1	75589078	75589169	2	-1.7922
c6d8fc41-c1b5-457f-a769-7ad898fdb889	1	75593824	103616762	18078	-0.1852
c6d8fc41-c1b5-457f-a769-7ad898fdb889	1	103620877	103621165	2	2.4072
c6d8fc41-c1b5-457f-a769-7ad898fdb889	1	103697067	105470132	920	-0.195
c6d8fc41-c1b5-457f-a769-7ad898fdb889	1	105470754	105479753	18	0.5226
c6d8fc41-c1b5-457f-a769-7ad898fdb889	1	105481433	109679105	2632	-0.1829
c6d8fc41-c1b5-457f-a769-7ad898fdb889	1	109684695	109697556	15	1.5458
c6d8fc41-c1b5-457f-a769-7ad898fdb889	1	109702376	112147704	1943	-0.19
c6d8fc41-c1b5-457f-a769-7ad898fdb889	1	112153343	112154754	24	-1.3476
c6d8fc41-c1b5-457f-a769-7ad898fdb889	1	112154768	152582700	7587	-0.1965
c6d8fc41-c1b5-457f-a769-7ad898fdb889	1	152583051	152614118	36	0.99
c6d8fc41-c1b5-457f-a769-7ad898fdb889	1	152618018	152778761	158	-0.1433
c6d8fc41-c1b5-457f-a769-7ad898fdb889	1	152782154	152795487	39	0.2496
c6d8fc41-c1b5-457f-a769-7ad898fdb889	1	152795783	169247699	11254	-0.1986
c6d8fc41-c1b5-457f-a769-7ad898fdb889	1	169264736	169272528	7	-2.0498
c6d8fc41-c1b5-457f-a769-7ad898fdb889	1	169273163	188421475	12635	-0.1961
c6d8fc41-c1b5-457f-a769-7ad898fdb889	1	188422098	194479104	4064	-0.1672
c6d8fc41-c1b5-457f-a769-7ad898fdb889	1	194482281	194485888	2	1.5075
c6d8fc41-c1b5-457f-a769-7ad898fdb889	1	194487886	196788990	1485	-0.1667
c6d8fc41-c1b5-457f-a769-7ad898fdb889	1	196789019	196846661	26	0.2195
c6d8fc41-c1b5-457f-a769-7ad898fdb889	1	196847600	199851354	1825	-0.1508
c6d8fc41-c1b5-457f-a769-7ad898fdb889	1	199851681	248930189	33917	-0.2061
c6d8fc41-c1b5-457f-a769-7ad898fdb889	2	12784	34466002	24045	-0.1905
c6d8fc41-c1b5-457f-a769-7ad898fdb889	2	34474248	34502800	44	0.3477
c6d8fc41-c1b5-457f-a769-7ad898fdb889	2	34511446	41011095	4799	-0.177
c6d8fc41-c1b5-457f-a769-7ad898fdb889	2	41011303	41018747	22	-1.6253
c6d8fc41-c1b5-457f-a769-7ad898fdb889	2	41024093	46497778	4116	-0.1815
c6d8fc41-c1b5-457f-a769-7ad898fdb889	2	46498362	46498377	2	-2.3091
c6d8fc41-c1b5-457f-a769-7ad898fdb889	2	46502270	52509476	4032	-0.1823
c6d8fc41-c1b5-457f-a769-7ad898fdb889	2	52509498	52554274	48	0.2755
c6d8fc41-c1b5-457f-a769-7ad898fdb889	2	52554359	67893997	10092	-0.1758
c6d8fc41-c1b5-457f-a769-7ad898fdb889	2	67894174	67894203	2	-1.8944
c6d8fc41-c1b5-457f-a769-7ad898fdb889	2	67894770	81329871	8649	-0.1873
c6d8fc41-c1b5-457f-a769-7ad898fdb889	2	81330404	81330716	2	-2.0802
c6d8fc41-c1b5-457f-a769-7ad898fdb889	2	81331952	97192190	5039	-0.2012
c6d8fc41-c1b5-457f-a769-7ad898fdb889	2	97199600	97210536	11	-1.0042
c6d8fc41-c1b5-457f-a769-7ad898fdb889	2	97211069	127094445	17931	-0.1823
c6d8fc41-c1b5-457f-a769-7ad898fdb889	2	127099470	127100370	3	-1.8321
c6d8fc41-c1b5-457f-a769-7ad898fdb889	2	127101070	146106875	11440	-0.1776
c6d8fc41-c1b5-457f-a769-7ad898fdb889	2	146106889	146109366	21	-1.4334
c6d8fc41-c1b5-457f-a769-7ad898fdb889	2	146120238	229024106	50868	-0.1665
c6d8fc41-c1b5-457f-a769-7ad898fdb889	2	229028341	242147305	8092	-0.2094
c6d8fc41-c1b5-457f-a769-7ad898fdb889	3	20930	2078531	1848	-0.167
c6d8fc41-c1b5-457f-a769-7ad898fdb889	3	2080181	2081164	4	-1.6228
c6d8fc41-c1b5-457f-a769-7ad898fdb889	3	2088365	5472179	2955	-0.1944
c6d8fc41-c1b5-457f-a769-7ad898fdb889	3	5472333	5474045	3	-1.9389
c6d8fc41-c1b5-457f-a769-7ad898fdb889	3	5474083	5993186	443	-0.1851
c6d8fc41-c1b5-457f-a769-7ad898fdb889	3	5993266	5995416	2	-1.7255
c6d8fc41-c1b5-457f-a769-7ad898fdb889	3	5997318	6609524	556	-0.1678
c6d8fc41-c1b5-457f-a769-7ad898fdb889	3	6609550	6613391	22	0.2622
c6d8fc41-c1b5-457f-a769-7ad898fdb889	3	6613561	16197556	7041	-0.2188
c6d8fc41-c1b5-457f-a769-7ad898fdb889	3	16199049	16199672	6	-2.3868
c6d8fc41-c1b5-457f-a769-7ad898fdb889	3	16199818	46805751	20280	-0.1957
c6d8fc41-c1b5-457f-a769-7ad898fdb889	3	46806048	53553250	2853	-0.2415
c6d8fc41-c1b5-457f-a769-7ad898fdb889	3	53553817	84053071	21304	-0.1954
c6d8fc41-c1b5-457f-a769-7ad898fdb889	3	84056282	84057015	2	-2.4614
c6d8fc41-c1b5-457f-a769-7ad898fdb889	3	84061816	107316951	11090	-0.1827
c6d8fc41-c1b5-457f-a769-7ad898fdb889	3	107317337	107320614	2	-1.7765
c6d8fc41-c1b5-457f-a769-7ad898fdb889	3	107324165	116663562	5803	-0.1833
c6d8fc41-c1b5-457f-a769-7ad898fdb889	3	116666438	116666639	2	1.2655
c6d8fc41-c1b5-457f-a769-7ad898fdb889	3	116668012	116969132	279	-0.1567
c6d8fc41-c1b5-457f-a769-7ad898fdb889	3	116973397	117153401	156	-3.0259
c6d8fc41-c1b5-457f-a769-7ad898fdb889	3	117155250	130044016	7662	-0.2019
c6d8fc41-c1b5-457f-a769-7ad898fdb889	3	130044855	130092396	44	0.3135
c6d8fc41-c1b5-457f-a769-7ad898fdb889	3	130092419	162815162	20244	-0.1899
c6d8fc41-c1b5-457f-a769-7ad898fdb889	3	162816942	162828441	8	-1.0102
c6d8fc41-c1b5-457f-a769-7ad898fdb889	3	162829721	162906054	41	0.2638
c6d8fc41-c1b5-457f-a769-7ad898fdb889	3	162906065	198111566	21824	-0.1919
c6d8fc41-c1b5-457f-a769-7ad898fdb889	3	198118345	198122834	9	-1.1779
c6d8fc41-c1b5-457f-a769-7ad898fdb889	3	198124354	198169247	8	-0.2417
c6d8fc41-c1b5-457f-a769-7ad898fdb889	4	68929	10208766	5698	1.0247
c6d8fc41-c1b5-457f-a769-7ad898fdb889	4	10221792	10232984	31	-0.1081
c6d8fc41-c1b5-457f-a769-7ad898fdb889	4	10233383	12649506	2010	1.066
c6d8fc41-c1b5-457f-a769-7ad898fdb889	4	12655112	12655113	2	-0.2788
c6d8fc41-c1b5-457f-a769-7ad898fdb889	4	12655420	14467293	1440	1.0382
c6d8fc41-c1b5-457f-a769-7ad898fdb889	4	14468479	14476573	9	0.3489
c6d8fc41-c1b5-457f-a769-7ad898fdb889	4	14478531	23460843	6214	1.0616
c6d8fc41-c1b5-457f-a769-7ad898fdb889	4	23460944	23460984	4	0.0955
c6d8fc41-c1b5-457f-a769-7ad898fdb889	4	23470498	25491078	1455	1.0617
c6d8fc41-c1b5-457f-a769-7ad898fdb889	4	25491494	25706319	153	0.9619
c6d8fc41-c1b5-457f-a769-7ad898fdb889	4	25707201	25708015	4	0.2442
c6d8fc41-c1b5-457f-a769-7ad898fdb889	4	25708024	25764021	58	0.9517
c6d8fc41-c1b5-457f-a769-7ad898fdb889	4	25764262	32296491	4222	1.0781
c6d8fc41-c1b5-457f-a769-7ad898fdb889	4	32296837	32301089	7	0.412
c6d8fc41-c1b5-457f-a769-7ad898fdb889	4	32305815	32392452	45	1.0897
c6d8fc41-c1b5-457f-a769-7ad898fdb889	4	32398929	32398977	4	0.1611
c6d8fc41-c1b5-457f-a769-7ad898fdb889	4	32399891	34777418	1341	1.0848
c6d8fc41-c1b5-457f-a769-7ad898fdb889	4	34777432	34823103	39	1.5748
c6d8fc41-c1b5-457f-a769-7ad898fdb889	4	34828250	39423161	3192	1.0813
c6d8fc41-c1b5-457f-a769-7ad898fdb889	4	39424581	40747363	720	0.9849
c6d8fc41-c1b5-457f-a769-7ad898fdb889	4	40748960	49159741	5052	1.0806
c6d8fc41-c1b5-457f-a769-7ad898fdb889	4	49203901	62802116	7013	-0.2081
c6d8fc41-c1b5-457f-a769-7ad898fdb889	4	62804218	62805944	8	-1.3542
c6d8fc41-c1b5-457f-a769-7ad898fdb889	4	62813912	63828222	553	-0.2136
c6d8fc41-c1b5-457f-a769-7ad898fdb889	4	63831751	63841863	20	-0.768
c6d8fc41-c1b5-457f-a769-7ad898fdb889	4	63841887	63842505	6	-2.677
c6d8fc41-c1b5-457f-a769-7ad898fdb889	4	63842540	68501424	2871	-0.2043
c6d8fc41-c1b5-457f-a769-7ad898fdb889	4	68506285	68726064	75	0.3653
c6d8fc41-c1b5-457f-a769-7ad898fdb889	4	68729873	114252544	27637	-0.1901
c6d8fc41-c1b5-457f-a769-7ad898fdb889	4	114254167	114263073	24	0.7488
c6d8fc41-c1b5-457f-a769-7ad898fdb889	4	114263096	114586468	223	-0.2008
c6d8fc41-c1b5-457f-a769-7ad898fdb889	4	114587010	114589298	3	-2.4811
c6d8fc41-c1b5-457f-a769-7ad898fdb889	4	114593270	121360818	4101	-0.1852
c6d8fc41-c1b5-457f-a769-7ad898fdb889	4	121361313	121362793	22	-2.0718
c6d8fc41-c1b5-457f-a769-7ad898fdb889	4	121362996	160120152	22912	-0.1823
c6d8fc41-c1b5-457f-a769-7ad898fdb889	4	160132439	160149637	38	-2.2244
c6d8fc41-c1b5-457f-a769-7ad898fdb889	4	160162718	172501371	7922	-0.1818
c6d8fc41-c1b5-457f-a769-7ad898fdb889	4	172503796	172507492	7	0.8794
c6d8fc41-c1b5-457f-a769-7ad898fdb889	4	172519981	180790509	5357	-0.1846
c6d8fc41-c1b5-457f-a769-7ad898fdb889	4	180791024	181459291	531	-0.2945
c6d8fc41-c1b5-457f-a769-7ad898fdb889	4	181462361	190106768	5940	-0.2064
c6d8fc41-c1b5-457f-a769-7ad898fdb889	5	15532	205901	107	0.6281
c6d8fc41-c1b5-457f-a769-7ad898fdb889	5	217687	225833	3	-1.6432
c6d8fc41-c1b5-457f-a769-7ad898fdb889	5	226228	12815753	10074	0.59
c6d8fc41-c1b5-457f-a769-7ad898fdb889	5	12819201	12838421	12	1.3956
c6d8fc41-c1b5-457f-a769-7ad898fdb889	5	12849089	12998813	54	0.6569
c6d8fc41-c1b5-457f-a769-7ad898fdb889	5	13005102	13081507	18	0.0689
c6d8fc41-c1b5-457f-a769-7ad898fdb889	5	13087694	37237262	15300	0.5927
c6d8fc41-c1b5-457f-a769-7ad898fdb889	5	37245488	37554862	115	0.4198
c6d8fc41-c1b5-457f-a769-7ad898fdb889	5	37555131	46191782	4945	0.6073
c6d8fc41-c1b5-457f-a769-7ad898fdb889	5	46195781	46199333	4	-0.9239
c6d8fc41-c1b5-457f-a769-7ad898fdb889	5	46209197	46271006	15	0.5793
c6d8fc41-c1b5-457f-a769-7ad898fdb889	5	46271828	46273400	6	1.7642
c6d8fc41-c1b5-457f-a769-7ad898fdb889	5	46278110	58025819	5066	0.6055
c6d8fc41-c1b5-457f-a769-7ad898fdb889	5	58030200	58037706	32	3.2726
c6d8fc41-c1b5-457f-a769-7ad898fdb889	5	58042530	69533520	7289	0.604
c6d8fc41-c1b5-457f-a769-7ad898fdb889	5	69550476	70959071	13	-0.1598
c6d8fc41-c1b5-457f-a769-7ad898fdb889	5	70959073	104524672	19513	0.6122
c6d8fc41-c1b5-457f-a769-7ad898fdb889	5	104524780	104524903	3	-0.8836
c6d8fc41-c1b5-457f-a769-7ad898fdb889	5	104525348	120716074	11097	0.6102
c6d8fc41-c1b5-457f-a769-7ad898fdb889	5	120719635	120736160	19	1.1507
c6d8fc41-c1b5-457f-a769-7ad898fdb889	5	120738731	133537011	7827	0.6058
c6d8fc41-c1b5-457f-a769-7ad898fdb889	5	133537746	142464523	5158	0.5726
c6d8fc41-c1b5-457f-a769-7ad898fdb889	5	142465092	170822178	19706	0.5979
c6d8fc41-c1b5-457f-a769-7ad898fdb889	5	170823775	176033084	3676	0.5708
c6d8fc41-c1b5-457f-a769-7ad898fdb889	5	176038686	176050177	5	-0.643
c6d8fc41-c1b5-457f-a769-7ad898fdb889	5	176097194	177771448	721	0.5346
c6d8fc41-c1b5-457f-a769-7ad898fdb889	5	177800550	177805604	3	3.0444
c6d8fc41-c1b5-457f-a769-7ad898fdb889	5	177827964	181363319	1985	0.5603
c6d8fc41-c1b5-457f-a769-7ad898fdb889	6	149661	254283	101	-0.2426
c6d8fc41-c1b5-457f-a769-7ad898fdb889	6	257353	314962	27	0.648
c6d8fc41-c1b5-457f-a769-7ad898fdb889	6	315197	380821	73	0.3046
c6d8fc41-c1b5-457f-a769-7ad898fdb889	6	381149	14701945	11322	-0.2139
c6d8fc41-c1b5-457f-a769-7ad898fdb889	6	14702436	14702992	4	-1.8245
c6d8fc41-c1b5-457f-a769-7ad898fdb889	6	14703979	29907031	10109	-0.2103
c6d8fc41-c1b5-457f-a769-7ad898fdb889	6	29909182	29931120	7	-4.1483
c6d8fc41-c1b5-457f-a769-7ad898fdb889	6	29931900	29933799	5	-1.4018
c6d8fc41-c1b5-457f-a769-7ad898fdb889	6	29940692	31313046	639	-0.241
c6d8fc41-c1b5-457f-a769-7ad898fdb889	6	31318499	31328176	8	1.269
c6d8fc41-c1b5-457f-a769-7ad898fdb889	6	31328210	32562521	525	-0.2742
c6d8fc41-c1b5-457f-a769-7ad898fdb889	6	32568621	32658841	39	-0.647
c6d8fc41-c1b5-457f-a769-7ad898fdb889	6	32682835	54066477	13669	-0.2125
c6d8fc41-c1b5-457f-a769-7ad898fdb889	6	54066582	54067057	4	1.2546
c6d8fc41-c1b5-457f-a769-7ad898fdb889	6	54070550	66328153	5359	-0.1896
c6d8fc41-c1b5-457f-a769-7ad898fdb889	6	66331020	66333004	6	-1.6619
c6d8fc41-c1b5-457f-a769-7ad898fdb889	6	66333299	72153222	3918	-0.1888
c6d8fc41-c1b5-457f-a769-7ad898fdb889	6	72156821	72157169	2	-2.2105
c6d8fc41-c1b5-457f-a769-7ad898fdb889	6	72158860	73882085	1087	-0.1965
c6d8fc41-c1b5-457f-a769-7ad898fdb889	6	73882142	73893839	12	0.5267
c6d8fc41-c1b5-457f-a769-7ad898fdb889	6	73893889	73997661	71	-0.2146
c6d8fc41-c1b5-457f-a769-7ad898fdb889	6	73999993	74007305	3	0.8642
c6d8fc41-c1b5-457f-a769-7ad898fdb889	6	74009077	74653517	426	-0.1923
c6d8fc41-c1b5-457f-a769-7ad898fdb889	6	74653579	74655132	5	-1.07
c6d8fc41-c1b5-457f-a769-7ad898fdb889	6	74655473	76305231	964	-0.1872
c6d8fc41-c1b5-457f-a769-7ad898fdb889	6	76307183	76307209	3	-1.6592
c6d8fc41-c1b5-457f-a769-7ad898fdb889	6	76307276	76710479	282	-0.2069
c6d8fc41-c1b5-457f-a769-7ad898fdb889	6	76710505	76751356	36	0.1207
c6d8fc41-c1b5-457f-a769-7ad898fdb889	6	76758214	78259348	975	-0.1955
c6d8fc41-c1b5-457f-a769-7ad898fdb889	6	78259388	78329517	111	0.26
c6d8fc41-c1b5-457f-a769-7ad898fdb889	6	78331916	103286954	15455	-0.1931
c6d8fc41-c1b5-457f-a769-7ad898fdb889	6	103290101	103314186	46	0.4597
c6d8fc41-c1b5-457f-a769-7ad898fdb889	6	103317795	125861617	13865	-0.1931
c6d8fc41-c1b5-457f-a769-7ad898fdb889	6	125862546	125865630	3	-2.1066
c6d8fc41-c1b5-457f-a769-7ad898fdb889	6	125867747	141648860	10131	-0.1886
c6d8fc41-c1b5-457f-a769-7ad898fdb889	6	141650565	141650770	2	-2.292
c6d8fc41-c1b5-457f-a769-7ad898fdb889	6	141651512	147686008	3841	-0.1803
c6d8fc41-c1b5-457f-a769-7ad898fdb889	6	147687001	147687744	2	-1.9795
c6d8fc41-c1b5-457f-a769-7ad898fdb889	6	147693411	148565526	682	-0.2098
c6d8fc41-c1b5-457f-a769-7ad898fdb889	6	148566506	148566527	2	-2.5441
c6d8fc41-c1b5-457f-a769-7ad898fdb889	6	148571473	170741917	15551	-0.2039
c6d8fc41-c1b5-457f-a769-7ad898fdb889	7	43355	3411619	1494	0.5033
c6d8fc41-c1b5-457f-a769-7ad898fdb889	7	3412084	3683635	240	0.6253
c6d8fc41-c1b5-457f-a769-7ad898fdb889	7	3683730	3687967	2	-0.5422
c6d8fc41-c1b5-457f-a769-7ad898fdb889	7	3688126	4060321	313	0.5908
c6d8fc41-c1b5-457f-a769-7ad898fdb889	7	4063716	4086509	12	0.1576
c6d8fc41-c1b5-457f-a769-7ad898fdb889	7	4096983	4490754	342	0.5277
c6d8fc41-c1b5-457f-a769-7ad898fdb889	7	4491246	7011144	1082	0.4547
c6d8fc41-c1b5-457f-a769-7ad898fdb889	7	7012606	38246926	23861	0.565
c6d8fc41-c1b5-457f-a769-7ad898fdb889	7	38248326	38295445	70	0.8225
c6d8fc41-c1b5-457f-a769-7ad898fdb889	7	38295507	43881906	3741	0.5532
c6d8fc41-c1b5-457f-a769-7ad898fdb889	7	43883779	45034200	531	0.4694
c6d8fc41-c1b5-457f-a769-7ad898fdb889	7	45049388	55669428	7896	0.5538
c6d8fc41-c1b5-457f-a769-7ad898fdb889	7	55669446	69575736	4172	0.479
c6d8fc41-c1b5-457f-a769-7ad898fdb889	7	69576243	70850887	760	0.5548
c6d8fc41-c1b5-457f-a769-7ad898fdb889	7	70856353	70899527	33	0.9986
c6d8fc41-c1b5-457f-a769-7ad898fdb889	7	70900466	72687116	1149	0.5045
c6d8fc41-c1b5-457f-a769-7ad898fdb889	7	72687929	75657606	682	0.4117
c6d8fc41-c1b5-457f-a769-7ad898fdb889	7	75657699	76514576	343	0.4737
c6d8fc41-c1b5-457f-a769-7ad898fdb889	7	76524031	76550397	7	-0.5236
c6d8fc41-c1b5-457f-a769-7ad898fdb889	7	76568113	76761000	58	0.4153
c6d8fc41-c1b5-457f-a769-7ad898fdb889	7	76769163	97808316	13525	0.5675
c6d8fc41-c1b5-457f-a769-7ad898fdb889	7	97808401	102788969	2057	0.4726
c6d8fc41-c1b5-457f-a769-7ad898fdb889	7	102804720	126404920	14569	0.562
c6d8fc41-c1b5-457f-a769-7ad898fdb889	7	126405428	126406822	13	1.196
c6d8fc41-c1b5-457f-a769-7ad898fdb889	7	126406823	127804249	968	0.576
c6d8fc41-c1b5-457f-a769-7ad898fdb889	7	127806109	133311537	3251	0.5297
c6d8fc41-c1b5-457f-a769-7ad898fdb889	7	133312218	134081717	461	0.6189
c6d8fc41-c1b5-457f-a769-7ad898fdb889	7	134082412	134100424	16	0.3359
c6d8fc41-c1b5-457f-a769-7ad898fdb889	7	134100442	134110881	25	-2.0262
c6d8fc41-c1b5-457f-a769-7ad898fdb889	7	134110912	134114444	11	-0.1109
c6d8fc41-c1b5-457f-a769-7ad898fdb889	7	134121491	142063324	5192	0.5551
c6d8fc41-c1b5-457f-a769-7ad898fdb889	7	142069843	142092307	33	-2.0225
c6d8fc41-c1b5-457f-a769-7ad898fdb889	7	142099190	142372675	213	0.5768
c6d8fc41-c1b5-457f-a769-7ad898fdb889	7	142372837	143000015	383	0.6597
c6d8fc41-c1b5-457f-a769-7ad898fdb889	7	143000173	156592980	8633	0.543
c6d8fc41-c1b5-457f-a769-7ad898fdb889	7	156599096	156601365	3	-1.7654
c6d8fc41-c1b5-457f-a769-7ad898fdb889	7	156601485	159334314	1624	0.5196
c6d8fc41-c1b5-457f-a769-7ad898fdb889	8	81254	39372664	30457	-0.2112
c6d8fc41-c1b5-457f-a769-7ad898fdb889	8	39372806	39529446	61	0.5922
c6d8fc41-c1b5-457f-a769-7ad898fdb889	8	39530780	78320529	22346	-0.1996
c6d8fc41-c1b5-457f-a769-7ad898fdb889	8	78321052	78335195	4	-1.6095
c6d8fc41-c1b5-457f-a769-7ad898fdb889	8	78335431	101390505	13558	-0.1956
c6d8fc41-c1b5-457f-a769-7ad898fdb889	8	101390714	101396080	2	-2.3883
c6d8fc41-c1b5-457f-a769-7ad898fdb889	8	101396319	138130829	24961	-0.195
c6d8fc41-c1b5-457f-a769-7ad898fdb889	8	138131176	138131668	2	-2.7916
c6d8fc41-c1b5-457f-a769-7ad898fdb889	8	138132671	145072769	3950	-0.2365
c6d8fc41-c1b5-457f-a769-7ad898fdb889	9	46587	21731367	19306	-0.1925
c6d8fc41-c1b5-457f-a769-7ad898fdb889	9	21731368	21732467	2	-2.2207
c6d8fc41-c1b5-457f-a769-7ad898fdb889	9	21732467	23361807	1081	-0.201
c6d8fc41-c1b5-457f-a769-7ad898fdb889	9	23363117	23373486	8	0.6101
c6d8fc41-c1b5-457f-a769-7ad898fdb889	9	23378490	24428439	722	-0.2295
c6d8fc41-c1b5-457f-a769-7ad898fdb889	9	24428543	32504318	6020	-0.1774
c6d8fc41-c1b5-457f-a769-7ad898fdb889	9	32514197	41714376	4096	-0.2303
c6d8fc41-c1b5-457f-a769-7ad898fdb889	9	41741096	42151226	17	0.4864
c6d8fc41-c1b5-457f-a769-7ad898fdb889	9	42151481	42302534	16	-0.3652
c6d8fc41-c1b5-457f-a769-7ad898fdb889	9	42302678	42546668	5	-2.1556
c6d8fc41-c1b5-457f-a769-7ad898fdb889	9	42566207	42585140	3	-0.7402
c6d8fc41-c1b5-457f-a769-7ad898fdb889	9	42697878	42715632	9	0.8603
c6d8fc41-c1b5-457f-a769-7ad898fdb889	9	42719891	61378951	44	-0.2455
c6d8fc41-c1b5-457f-a769-7ad898fdb889	9	61405110	61629689	29	0.5106
c6d8fc41-c1b5-457f-a769-7ad898fdb889	9	61633080	127412817	42292	-0.206
c6d8fc41-c1b5-457f-a769-7ad898fdb889	9	127421270	138200944	5706	-0.2562
c6d8fc41-c1b5-457f-a769-7ad898fdb889	10	45792	24086334	19159	-0.2129
c6d8fc41-c1b5-457f-a769-7ad898fdb889	10	24088745	24088992	10	0.8915
c6d8fc41-c1b5-457f-a769-7ad898fdb889	10	24089125	65548272	25174	-0.2056
c6d8fc41-c1b5-457f-a769-7ad898fdb889	10	65548833	65563037	24	0.4391
c6d8fc41-c1b5-457f-a769-7ad898fdb889	10	65563168	87754956	14645	-0.2169
c6d8fc41-c1b5-457f-a769-7ad898fdb889	10	87756061	90671681	2217	-0.1624
c6d8fc41-c1b5-457f-a769-7ad898fdb889	10	90674787	118751452	18312	-0.2099
c6d8fc41-c1b5-457f-a769-7ad898fdb889	10	118753327	133654968	10960	-0.2352
c6d8fc41-c1b5-457f-a769-7ad898fdb889	11	198510	4298484	1756	-0.2389
c6d8fc41-c1b5-457f-a769-7ad898fdb889	11	4306942	4314648	2	-1.6698
c6d8fc41-c1b5-457f-a769-7ad898fdb889	11	4314837	4946420	655	-0.2042
c6d8fc41-c1b5-457f-a769-7ad898fdb889	11	4947280	4955042	30	0.5097
c6d8fc41-c1b5-457f-a769-7ad898fdb889	11	4955781	5766862	784	-0.1916
c6d8fc41-c1b5-457f-a769-7ad898fdb889	11	5768371	5787818	29	0.4228
c6d8fc41-c1b5-457f-a769-7ad898fdb889	11	5787909	36049744	21990	-0.2091
c6d8fc41-c1b5-457f-a769-7ad898fdb889	11	36049922	36050266	2	-2.3157
c6d8fc41-c1b5-457f-a769-7ad898fdb889	11	36053123	43761574	5236	-0.1991
c6d8fc41-c1b5-457f-a769-7ad898fdb889	11	43761735	48224784	2584	-0.2441
c6d8fc41-c1b5-457f-a769-7ad898fdb889	11	48224905	49737435	610	-0.1537
c6d8fc41-c1b5-457f-a769-7ad898fdb889	11	49738003	49738504	5	-2.5321
c6d8fc41-c1b5-457f-a769-7ad898fdb889	11	49739136	54743970	436	-0.1967
c6d8fc41-c1b5-457f-a769-7ad898fdb889	11	54762035	54766290	3	1.0343
c6d8fc41-c1b5-457f-a769-7ad898fdb889	11	54782119	55171612	77	-0.1695
c6d8fc41-c1b5-457f-a769-7ad898fdb889	11	55172866	55214735	7	-1.2708
c6d8fc41-c1b5-457f-a769-7ad898fdb889	11	55241999	55268996	8	-0.3201
c6d8fc41-c1b5-457f-a769-7ad898fdb889	11	55271781	55606556	194	-0.1406
c6d8fc41-c1b5-457f-a769-7ad898fdb889	11	55606572	55686100	59	0.3532
c6d8fc41-c1b5-457f-a769-7ad898fdb889	11	55693207	63693638	4677	-0.2091
c6d8fc41-c1b5-457f-a769-7ad898fdb889	11	63698855	71580425	3603	-0.2713
c6d8fc41-c1b5-457f-a769-7ad898fdb889	11	71580444	80358462	5064	-0.221
c6d8fc41-c1b5-457f-a769-7ad898fdb889	11	80358616	107737728	19238	-0.1929
c6d8fc41-c1b5-457f-a769-7ad898fdb889	11	107738220	135074876	19602	-0.2197
c6d8fc41-c1b5-457f-a769-7ad898fdb889	12	51460	9477960	6165	0.5648
c6d8fc41-c1b5-457f-a769-7ad898fdb889	12	9481274	9575696	24	1.6225
c6d8fc41-c1b5-457f-a769-7ad898fdb889	12	9582373	12377763	2028	0.5846
c6d8fc41-c1b5-457f-a769-7ad898fdb889	12	12383285	12389946	18	-0.1779
c6d8fc41-c1b5-457f-a769-7ad898fdb889	12	12389980	31287517	13250	0.584
c6d8fc41-c1b5-457f-a769-7ad898fdb889	12	31289288	33141726	1276	0.5203
c6d8fc41-c1b5-457f-a769-7ad898fdb889	12	33148472	33155999	35	0.1475
c6d8fc41-c1b5-457f-a769-7ad898fdb889	12	33156051	37710604	841	0.5905
c6d8fc41-c1b5-457f-a769-7ad898fdb889	12	37711008	37711336	2	-0.9821
c6d8fc41-c1b5-457f-a769-7ad898fdb889	12	37711402	48027251	6277	0.5957
c6d8fc41-c1b5-457f-a769-7ad898fdb889	12	48027666	58327448	5655	0.5456
c6d8fc41-c1b5-457f-a769-7ad898fdb889	12	58336368	58336379	2	-1.1903
c6d8fc41-c1b5-457f-a769-7ad898fdb889	12	58337065	58962495	538	0.5388
c6d8fc41-c1b5-457f-a769-7ad898fdb889	12	58965419	70478895	7431	0.5846
c6d8fc41-c1b5-457f-a769-7ad898fdb889	12	70482534	70484247	8	-1.8118
c6d8fc41-c1b5-457f-a769-7ad898fdb889	12	70485605	108377448	24665	0.5879
c6d8fc41-c1b5-457f-a769-7ad898fdb889	12	108377872	112421142	2050	0.5274
c6d8fc41-c1b5-457f-a769-7ad898fdb889	12	112423903	112475017	94	0.3386
c6d8fc41-c1b5-457f-a769-7ad898fdb889	12	112475079	119986089	5642	0.5618
c6d8fc41-c1b5-457f-a769-7ad898fdb889	12	120011806	123655291	1624	0.511
c6d8fc41-c1b5-457f-a769-7ad898fdb889	12	123659079	126453326	2064	0.555
c6d8fc41-c1b5-457f-a769-7ad898fdb889	12	126453871	133201603	5096	0.5773
c6d8fc41-c1b5-457f-a769-7ad898fdb889	13	18452809	37496998	13452	-0.207
c6d8fc41-c1b5-457f-a769-7ad898fdb889	13	37497899	37510620	16	-1.8697
c6d8fc41-c1b5-457f-a769-7ad898fdb889	13	37514193	38478674	700	-0.1795
c6d8fc41-c1b5-457f-a769-7ad898fdb889	13	38483435	38483919	2	-2.5639
c6d8fc41-c1b5-457f-a769-7ad898fdb889	13	38490920	47418059	6185	-0.1888
c6d8fc41-c1b5-457f-a769-7ad898fdb889	13	47421005	47422007	3	-1.5899
c6d8fc41-c1b5-457f-a769-7ad898fdb889	13	47422325	57176962	5608	-0.189
c6d8fc41-c1b5-457f-a769-7ad898fdb889	13	57184136	57215580	35	-1.5814
c6d8fc41-c1b5-457f-a769-7ad898fdb889	13	57215875	83586994	16917	-0.1849
c6d8fc41-c1b5-457f-a769-7ad898fdb889	13	83593205	83609724	16	0.8031
c6d8fc41-c1b5-457f-a769-7ad898fdb889	13	83612266	114342922	21077	-0.2031
c6d8fc41-c1b5-457f-a769-7ad898fdb889	14	18239283	19955213	167	-0.4493
c6d8fc41-c1b5-457f-a769-7ad898fdb889	14	19956767	21900817	1300	-0.2222
c6d8fc41-c1b5-457f-a769-7ad898fdb889	14	21903901	22508264	555	0.0015
c6d8fc41-c1b5-457f-a769-7ad898fdb889	14	22508844	99155454	49716	-0.2032
c6d8fc41-c1b5-457f-a769-7ad898fdb889	14	99156781	105807939	3099	-0.2557
c6d8fc41-c1b5-457f-a769-7ad898fdb889	14	105809007	106340102	176	-0.1633
c6d8fc41-c1b5-457f-a769-7ad898fdb889	14	106340305	106365807	10	0.9494
c6d8fc41-c1b5-457f-a769-7ad898fdb889	14	106369985	106877229	270	-0.1329
c6d8fc41-c1b5-457f-a769-7ad898fdb889	15	19811075	20206773	59	-0.1892
c6d8fc41-c1b5-457f-a769-7ad898fdb889	15	20207225	20373168	28	-0.8411
c6d8fc41-c1b5-457f-a769-7ad898fdb889	15	20376198	20381704	17	-0.0402
c6d8fc41-c1b5-457f-a769-7ad898fdb889	15	20384774	20982677	48	-0.6287
c6d8fc41-c1b5-457f-a769-7ad898fdb889	15	20986779	20988347	3	0.6527
c6d8fc41-c1b5-457f-a769-7ad898fdb889	15	21005443	22385639	51	-0.852
c6d8fc41-c1b5-457f-a769-7ad898fdb889	15	22395047	32769558	5844	-0.2215
c6d8fc41-c1b5-457f-a769-7ad898fdb889	15	32770191	32770271	2	-3.2018
c6d8fc41-c1b5-457f-a769-7ad898fdb889	15	32772096	76599170	27803	-0.2077
c6d8fc41-c1b5-457f-a769-7ad898fdb889	15	76599286	76603434	20	-1.7663
c6d8fc41-c1b5-457f-a769-7ad898fdb889	15	76609838	101928837	17592	-0.2199
c6d8fc41-c1b5-457f-a769-7ad898fdb889	16	10777	108342	59	0.6181
c6d8fc41-c1b5-457f-a769-7ad898fdb889	16	108513	5266274	2231	0.511
c6d8fc41-c1b5-457f-a769-7ad898fdb889	16	5271634	14686797	8796	0.5684
c6d8fc41-c1b5-457f-a769-7ad898fdb889	16	14794738	14993320	65	0.1707
c6d8fc41-c1b5-457f-a769-7ad898fdb889	16	15009819	19933041	2304	0.5595
c6d8fc41-c1b5-457f-a769-7ad898fdb889	16	19934328	19956040	29	-0.1713
c6d8fc41-c1b5-457f-a769-7ad898fdb889	16	19958932	28145133	5236	0.5617
c6d8fc41-c1b5-457f-a769-7ad898fdb889	16	28146035	34196508	1327	0.4987
c6d8fc41-c1b5-457f-a769-7ad898fdb889	16	34200155	67198781	14334	0.5695
c6d8fc41-c1b5-457f-a769-7ad898fdb889	16	67201567	70722163	1535	0.5125
c6d8fc41-c1b5-457f-a769-7ad898fdb889	16	70723652	78337711	5281	0.5739
c6d8fc41-c1b5-457f-a769-7ad898fdb889	16	78338543	78350868	16	-1.5254
c6d8fc41-c1b5-457f-a769-7ad898fdb889	16	78351104	78730914	496	0.5634
c6d8fc41-c1b5-457f-a769-7ad898fdb889	16	78732232	79055988	492	-0.2338
c6d8fc41-c1b5-457f-a769-7ad898fdb889	16	79059420	90096867	9610	0.575
c6d8fc41-c1b5-457f-a769-7ad898fdb889	17	150733	8339592	4523	-0.2644
c6d8fc41-c1b5-457f-a769-7ad898fdb889	17	8344229	8344415	2	-2.5434
c6d8fc41-c1b5-457f-a769-7ad898fdb889	17	8346140	15143236	5153	-0.2367
c6d8fc41-c1b5-457f-a769-7ad898fdb889	17	15148071	15148076	3	-2.4919
c6d8fc41-c1b5-457f-a769-7ad898fdb889	17	15148077	15671201	319	-0.25
c6d8fc41-c1b5-457f-a769-7ad898fdb889	17	15682836	15703965	7	-1.1619
c6d8fc41-c1b5-457f-a769-7ad898fdb889	17	15709821	28452035	3641	-0.2237
c6d8fc41-c1b5-457f-a769-7ad898fdb889	17	28454323	28455301	2	-1.7544
c6d8fc41-c1b5-457f-a769-7ad898fdb889	17	28462253	36103020	4558	-0.2262
c6d8fc41-c1b5-457f-a769-7ad898fdb889	17	36103057	36200725	41	0.5061
c6d8fc41-c1b5-457f-a769-7ad898fdb889	17	36208249	41258395	2518	-0.2286
c6d8fc41-c1b5-457f-a769-7ad898fdb889	17	41262120	41274279	27	0.7791
c6d8fc41-c1b5-457f-a769-7ad898fdb889	17	41276472	45497555	2151	-0.2466
c6d8fc41-c1b5-457f-a769-7ad898fdb889	17	45508731	45571174	5	-2.1627
c6d8fc41-c1b5-457f-a769-7ad898fdb889	17	45577724	46136346	380	-0.2823
c6d8fc41-c1b5-457f-a769-7ad898fdb889	17	46136800	72035715	15486	-0.2178
c6d8fc41-c1b5-457f-a769-7ad898fdb889	17	72039345	83091923	6128	-0.274
c6d8fc41-c1b5-457f-a769-7ad898fdb889	18	48133	3331396	2343	-0.2097
c6d8fc41-c1b5-457f-a769-7ad898fdb889	18	3331419	3353654	12	0.552
c6d8fc41-c1b5-457f-a769-7ad898fdb889	18	3353874	26785899	11496	-0.2075
c6d8fc41-c1b5-457f-a769-7ad898fdb889	18	26785951	26786181	3	-2.6029
c6d8fc41-c1b5-457f-a769-7ad898fdb889	18	26786415	47259567	13132	-0.1958
c6d8fc41-c1b5-457f-a769-7ad898fdb889	18	47261903	47263847	2	-4.1027
c6d8fc41-c1b5-457f-a769-7ad898fdb889	18	47269305	48433278	975	-0.2167
c6d8fc41-c1b5-457f-a769-7ad898fdb889	18	48437144	48523146	52	-4.5572
c6d8fc41-c1b5-457f-a769-7ad898fdb889	18	48524493	66095064	12276	-0.1986
c6d8fc41-c1b5-457f-a769-7ad898fdb889	18	66099904	66100686	3	-1.976
c6d8fc41-c1b5-457f-a769-7ad898fdb889	18	66108359	75500058	7021	-0.176
c6d8fc41-c1b5-457f-a769-7ad898fdb889	18	75502154	75505295	4	-1.3408
c6d8fc41-c1b5-457f-a769-7ad898fdb889	18	75505517	77357090	1487	-0.2149
c6d8fc41-c1b5-457f-a769-7ad898fdb889	18	77360922	77361319	3	-1.7064
c6d8fc41-c1b5-457f-a769-7ad898fdb889	18	77364740	80257174	1849	-0.2152
c6d8fc41-c1b5-457f-a769-7ad898fdb889	19	90910	316040	40	0.6356
c6d8fc41-c1b5-457f-a769-7ad898fdb889	19	326946	19695589	8439	0.4781
c6d8fc41-c1b5-457f-a769-7ad898fdb889	19	19696452	35358420	8217	0.5339
c6d8fc41-c1b5-457f-a769-7ad898fdb889	19	35364451	35370946	21	-0.1006
c6d8fc41-c1b5-457f-a769-7ad898fdb889	19	35375842	42768594	3676	0.4927
c6d8fc41-c1b5-457f-a769-7ad898fdb889	19	42776076	42839339	32	0.9675
c6d8fc41-c1b5-457f-a769-7ad898fdb889	19	42845697	54815158	6373	0.5141
c6d8fc41-c1b5-457f-a769-7ad898fdb889	19	54819199	54836508	12	-0.3031
c6d8fc41-c1b5-457f-a769-7ad898fdb889	19	54837236	58586487	2286	0.5165
c6d8fc41-c1b5-457f-a769-7ad898fdb889	20	80664	249875	136	0.5351
c6d8fc41-c1b5-457f-a769-7ad898fdb889	20	249900	249915	2	-0.7596
c6d8fc41-c1b5-457f-a769-7ad898fdb889	20	250119	1571811	1044	0.5325
c6d8fc41-c1b5-457f-a769-7ad898fdb889	20	1576544	1591805	50	-0.0071
c6d8fc41-c1b5-457f-a769-7ad898fdb889	20	1598316	1601561	7	0.277
c6d8fc41-c1b5-457f-a769-7ad898fdb889	20	1609611	1613247	5	1.1733
c6d8fc41-c1b5-457f-a769-7ad898fdb889	20	1617300	2507648	788	0.5237
c6d8fc41-c1b5-457f-a769-7ad898fdb889	20	2510357	4342648	1134	0.4679
c6d8fc41-c1b5-457f-a769-7ad898fdb889	20	4352780	14870271	8065	0.5376
c6d8fc41-c1b5-457f-a769-7ad898fdb889	20	14870289	15099694	211	-0.23
c6d8fc41-c1b5-457f-a769-7ad898fdb889	20	15100670	25764087	8387	0.5276
c6d8fc41-c1b5-457f-a769-7ad898fdb889	20	25774116	31976294	562	0.4357
c6d8fc41-c1b5-457f-a769-7ad898fdb889	20	31977700	35384250	1683	0.5046
c6d8fc41-c1b5-457f-a769-7ad898fdb889	20	35384631	37703593	1227	0.444
c6d8fc41-c1b5-457f-a769-7ad898fdb889	20	37703615	54028258	11567	0.5146
c6d8fc41-c1b5-457f-a769-7ad898fdb889	20	54028329	54042112	38	-0.1702
c6d8fc41-c1b5-457f-a769-7ad898fdb889	20	54046035	60535987	5254	0.5294
c6d8fc41-c1b5-457f-a769-7ad898fdb889	20	60538651	60547635	7	-0.3164
c6d8fc41-c1b5-457f-a769-7ad898fdb889	20	60553323	64324800	2187	0.5065
c6d8fc41-c1b5-457f-a769-7ad898fdb889	21	10354168	13278406	135	-0.3057
c6d8fc41-c1b5-457f-a769-7ad898fdb889	21	13288937	19070335	3751	-0.2009
c6d8fc41-c1b5-457f-a769-7ad898fdb889	21	19075967	19075997	2	-1.9365
c6d8fc41-c1b5-457f-a769-7ad898fdb889	21	19076146	35982326	12432	-0.1981
c6d8fc41-c1b5-457f-a769-7ad898fdb889	21	35982522	41477657	4514	-0.2329
c6d8fc41-c1b5-457f-a769-7ad898fdb889	21	41479527	41484285	7	0.7235
c6d8fc41-c1b5-457f-a769-7ad898fdb889	21	41484301	46677045	2977	-0.2562
c6d8fc41-c1b5-457f-a769-7ad898fdb889	22	15294547	15617970	17	-0.0984
c6d8fc41-c1b5-457f-a769-7ad898fdb889	22	15696368	15772197	15	-0.9685
c6d8fc41-c1b5-457f-a769-7ad898fdb889	22	15825678	22130702	3095	-0.2438
c6d8fc41-c1b5-457f-a769-7ad898fdb889	22	22130747	22130878	3	-1.576
c6d8fc41-c1b5-457f-a769-7ad898fdb889	22	22130895	23981995	1258	-0.2275
c6d8fc41-c1b5-457f-a769-7ad898fdb889	22	23987520	23990739	5	-1.9073
c6d8fc41-c1b5-457f-a769-7ad898fdb889	22	23995113	46166188	15293	-0.2499
c6d8fc41-c1b5-457f-a769-7ad898fdb889	22	46168728	46168945	2	-2.4739
c6d8fc41-c1b5-457f-a769-7ad898fdb889	22	46169538	50796027	3550	-0.2518
c6d8fc41-c1b5-457f-a769-7ad898fdb889	X	251810	55674826	32037	0.0004
c6d8fc41-c1b5-457f-a769-7ad898fdb889	X	55676226	55681123	3	-2.5604
c6d8fc41-c1b5-457f-a769-7ad898fdb889	X	55681253	63193211	1448	0.0138
c6d8fc41-c1b5-457f-a769-7ad898fdb889	X	63250575	63285991	21	1.0273
c6d8fc41-c1b5-457f-a769-7ad898fdb889	X	63297125	86647168	11138	0.0072
c6d8fc41-c1b5-457f-a769-7ad898fdb889	X	86652629	86652777	2	-4.1568
c6d8fc41-c1b5-457f-a769-7ad898fdb889	X	86657477	144544539	32047	0.0046
c6d8fc41-c1b5-457f-a769-7ad898fdb889	X	144549969	144556163	4	-2.5737
c6d8fc41-c1b5-457f-a769-7ad898fdb889	X	144556603	152337437	5268	-0.0071
c6d8fc41-c1b5-457f-a769-7ad898fdb889	X	152342526	152348153	3	-2.908
c6d8fc41-c1b5-457f-a769-7ad898fdb889	X	152348845	154787851	1137	-0.0294
c6d8fc41-c1b5-457f-a769-7ad898fdb889	X	154788764	154792289	4	-1.013
c6d8fc41-c1b5-457f-a769-7ad898fdb889	X	154796890	155952689	386	0.0007
c6d8fc41-c1b5-457f-a769-7ad898fdb889	Y	2782397	13478396	3263	-2.3518
c6d8fc41-c1b5-457f-a769-7ad898fdb889	Y	13478462	13479657	2	-7.7199
c6d8fc41-c1b5-457f-a769-7ad898fdb889	Y	13482643	56872112	3372	-2.3879
