GDC_Aliquot	Chromosome	Start	End	Num_Probes	Segment_Mean
895e830d-f801-49b8-ba16-2cca727820f9	1	62920	968658	66	-0.0352
895e830d-f801-49b8-ba16-2cca727820f9	1	969227	3558286	794	0.1121
895e830d-f801-49b8-ba16-2cca727820f9	1	3558637	16679483	7816	0.0025
895e830d-f801-49b8-ba16-2cca727820f9	1	16685961	16721984	9	0.7322
895e830d-f801-49b8-ba16-2cca727820f9	1	16766762	16855942	14	0.0764
895e830d-f801-49b8-ba16-2cca727820f9	1	16863509	16935752	55	0.5119
895e830d-f801-49b8-ba16-2cca727820f9	1	16949746	72284670	33960	-0.0035
895e830d-f801-49b8-ba16-2cca727820f9	1	72290430	72296993	8	-0.8485
895e830d-f801-49b8-ba16-2cca727820f9	1	72297687	107111598	22071	-0.0024
895e830d-f801-49b8-ba16-2cca727820f9	1	107112980	107120873	11	-1.011
895e830d-f801-49b8-ba16-2cca727820f9	1	107122811	109679105	1539	0.0132
895e830d-f801-49b8-ba16-2cca727820f9	1	109684695	109697556	15	1.1312
895e830d-f801-49b8-ba16-2cca727820f9	1	109702376	112147704	1946	-0.0156
895e830d-f801-49b8-ba16-2cca727820f9	1	112153343	112154576	21	0.4375
895e830d-f801-49b8-ba16-2cca727820f9	1	112154591	121597150	5157	-0.0065
895e830d-f801-49b8-ba16-2cca727820f9	1	121598439	143710767	90	0.2038
895e830d-f801-49b8-ba16-2cca727820f9	1	143710781	152583230	2352	0.0015
895e830d-f801-49b8-ba16-2cca727820f9	1	152583291	152614064	32	-1.6777
895e830d-f801-49b8-ba16-2cca727820f9	1	152614100	152787202	167	-0.0221
895e830d-f801-49b8-ba16-2cca727820f9	1	152789447	152796224	37	-1.8335
895e830d-f801-49b8-ba16-2cca727820f9	1	152801429	160833752	4902	-0.0036
895e830d-f801-49b8-ba16-2cca727820f9	1	160833928	160833945	2	-2.1196
895e830d-f801-49b8-ba16-2cca727820f9	1	160834012	169247699	6354	-0.0118
895e830d-f801-49b8-ba16-2cca727820f9	1	169264736	169272528	7	-2.2107
895e830d-f801-49b8-ba16-2cca727820f9	1	169273163	222193326	35572	-0.0017
895e830d-f801-49b8-ba16-2cca727820f9	1	222201492	222203662	2	-3.171
895e830d-f801-49b8-ba16-2cca727820f9	1	222208792	248930189	18399	0.0017
895e830d-f801-49b8-ba16-2cca727820f9	2	12784	3882332	2784	0.0233
895e830d-f801-49b8-ba16-2cca727820f9	2	3882598	3885039	2	-1.7691
895e830d-f801-49b8-ba16-2cca727820f9	2	3886267	4155990	199	0.0354
895e830d-f801-49b8-ba16-2cca727820f9	2	4158097	4175577	37	-0.5504
895e830d-f801-49b8-ba16-2cca727820f9	2	4175922	34466002	21042	0.0074
895e830d-f801-49b8-ba16-2cca727820f9	2	34474248	34515960	53	-0.3394
895e830d-f801-49b8-ba16-2cca727820f9	2	34517843	35742970	861	-0.0083
895e830d-f801-49b8-ba16-2cca727820f9	2	35750907	35762881	8	0.8873
895e830d-f801-49b8-ba16-2cca727820f9	2	35772407	42135501	4905	0.0041
895e830d-f801-49b8-ba16-2cca727820f9	2	42137671	42137696	2	-1.4402
895e830d-f801-49b8-ba16-2cca727820f9	2	42137844	52527330	7202	0.008
895e830d-f801-49b8-ba16-2cca727820f9	2	52527342	52554137	30	0.5606
895e830d-f801-49b8-ba16-2cca727820f9	2	52554157	53947395	1099	0.0187
895e830d-f801-49b8-ba16-2cca727820f9	2	53948303	53960480	3	-1.3728
895e830d-f801-49b8-ba16-2cca727820f9	2	53960731	75154574	13358	0.0019
895e830d-f801-49b8-ba16-2cca727820f9	2	75154602	75154670	3	-2.5929
895e830d-f801-49b8-ba16-2cca727820f9	2	75154711	128880504	28313	0.004
895e830d-f801-49b8-ba16-2cca727820f9	2	128880904	128882741	15	-0.7816
895e830d-f801-49b8-ba16-2cca727820f9	2	128882755	193769288	39231	0.004
895e830d-f801-49b8-ba16-2cca727820f9	2	193771901	193773983	3	-1.5098
895e830d-f801-49b8-ba16-2cca727820f9	2	193774435	242147305	30184	0.0101
895e830d-f801-49b8-ba16-2cca727820f9	3	20930	6275672	5547	0.0169
895e830d-f801-49b8-ba16-2cca727820f9	3	6277576	6293785	19	0.6119
895e830d-f801-49b8-ba16-2cca727820f9	3	6296749	6604856	242	0.0374
895e830d-f801-49b8-ba16-2cca727820f9	3	6609441	6611645	23	0.4812
895e830d-f801-49b8-ba16-2cca727820f9	3	6613391	52989195	29838	0.0016
895e830d-f801-49b8-ba16-2cca727820f9	3	52994359	53007483	46	-0.7432
895e830d-f801-49b8-ba16-2cca727820f9	3	53007503	68697013	12012	0.0016
895e830d-f801-49b8-ba16-2cca727820f9	3	68697108	68698262	14	-1.3461
895e830d-f801-49b8-ba16-2cca727820f9	3	68699607	149245176	46549	0.0007
895e830d-f801-49b8-ba16-2cca727820f9	3	149245189	149250334	26	-0.8302
895e830d-f801-49b8-ba16-2cca727820f9	3	149253293	162822702	8346	-0.002
895e830d-f801-49b8-ba16-2cca727820f9	3	162827928	162881072	31	-0.6901
895e830d-f801-49b8-ba16-2cca727820f9	3	162881279	162996729	89	-0.033
895e830d-f801-49b8-ba16-2cca727820f9	3	162999939	163001774	2	1.4674
895e830d-f801-49b8-ba16-2cca727820f9	3	163008371	166068238	1734	-0.0067
895e830d-f801-49b8-ba16-2cca727820f9	3	166069756	166072234	2	-1.736
895e830d-f801-49b8-ba16-2cca727820f9	3	166072554	193160113	17339	0.0026
895e830d-f801-49b8-ba16-2cca727820f9	3	193160173	193165114	19	1.7817
895e830d-f801-49b8-ba16-2cca727820f9	3	193168646	195559056	1481	0.0161
895e830d-f801-49b8-ba16-2cca727820f9	3	195656271	195747892	44	-0.3155
895e830d-f801-49b8-ba16-2cca727820f9	3	195751823	198111566	1148	0.0162
895e830d-f801-49b8-ba16-2cca727820f9	3	198118345	198122834	9	-1.8093
895e830d-f801-49b8-ba16-2cca727820f9	3	198124354	198169247	8	-0.1201
895e830d-f801-49b8-ba16-2cca727820f9	4	68929	10208766	5694	0.0239
895e830d-f801-49b8-ba16-2cca727820f9	4	10221792	10229874	28	2.1424
895e830d-f801-49b8-ba16-2cca727820f9	4	10232590	10233644	7	0.6503
895e830d-f801-49b8-ba16-2cca727820f9	4	10234518	10389091	171	-0.0139
895e830d-f801-49b8-ba16-2cca727820f9	4	10390730	10399044	16	-0.7727
895e830d-f801-49b8-ba16-2cca727820f9	4	10401094	26884013	11846	0.0008
895e830d-f801-49b8-ba16-2cca727820f9	4	26884151	26886029	3	-1.9206
895e830d-f801-49b8-ba16-2cca727820f9	4	26887432	34785333	4926	0.0097
895e830d-f801-49b8-ba16-2cca727820f9	4	34785368	34823103	36	0.3455
895e830d-f801-49b8-ba16-2cca727820f9	4	34828250	57944326	13136	-0.0061
895e830d-f801-49b8-ba16-2cca727820f9	4	57945632	57950644	9	-1.3549
895e830d-f801-49b8-ba16-2cca727820f9	4	57963380	59107300	635	0.0067
895e830d-f801-49b8-ba16-2cca727820f9	4	59108353	59123359	10	0.6743
895e830d-f801-49b8-ba16-2cca727820f9	4	59125158	61071220	1239	0.0203
895e830d-f801-49b8-ba16-2cca727820f9	4	61075217	61076234	2	-1.5954
895e830d-f801-49b8-ba16-2cca727820f9	4	61079968	63828222	1499	0.0146
895e830d-f801-49b8-ba16-2cca727820f9	4	63831751	63842540	28	0.5037
895e830d-f801-49b8-ba16-2cca727820f9	4	63850713	69257792	3249	-0.0006
895e830d-f801-49b8-ba16-2cca727820f9	4	69261926	69366081	54	-0.676
895e830d-f801-49b8-ba16-2cca727820f9	4	69366304	137171085	40532	-0.0017
895e830d-f801-49b8-ba16-2cca727820f9	4	137171266	137173818	15	-0.8318
895e830d-f801-49b8-ba16-2cca727820f9	4	137173967	161025607	14757	-0.0017
895e830d-f801-49b8-ba16-2cca727820f9	4	161031076	161080830	40	0.6099
895e830d-f801-49b8-ba16-2cca727820f9	4	161081425	190106768	19047	0.0039
895e830d-f801-49b8-ba16-2cca727820f9	5	15532	403077	171	0.019
895e830d-f801-49b8-ba16-2cca727820f9	5	403814	660689	124	0.1509
895e830d-f801-49b8-ba16-2cca727820f9	5	661708	773075	36	-0.2128
895e830d-f801-49b8-ba16-2cca727820f9	5	773432	1892645	592	0.1003
895e830d-f801-49b8-ba16-2cca727820f9	5	1893813	15713913	11226	0.0089
895e830d-f801-49b8-ba16-2cca727820f9	5	15714247	15720488	14	-0.9818
895e830d-f801-49b8-ba16-2cca727820f9	5	15723237	17341538	1080	0.0085
895e830d-f801-49b8-ba16-2cca727820f9	5	17342373	17358160	10	-0.7851
895e830d-f801-49b8-ba16-2cca727820f9	5	17359087	17601444	102	0.044
895e830d-f801-49b8-ba16-2cca727820f9	5	17601619	17607658	7	-0.9272
895e830d-f801-49b8-ba16-2cca727820f9	5	17608130	21376735	2280	-0.0029
895e830d-f801-49b8-ba16-2cca727820f9	5	21377730	21377744	2	2.2113
895e830d-f801-49b8-ba16-2cca727820f9	5	21385957	23711932	1305	0.0042
895e830d-f801-49b8-ba16-2cca727820f9	5	23713112	23714108	2	-1.4152
895e830d-f801-49b8-ba16-2cca727820f9	5	23715420	26789387	1870	0.0255
895e830d-f801-49b8-ba16-2cca727820f9	5	26797651	26797735	2	-1.7849
895e830d-f801-49b8-ba16-2cca727820f9	5	26803775	27524345	394	0.0223
895e830d-f801-49b8-ba16-2cca727820f9	5	27525283	27525913	10	-0.8476
895e830d-f801-49b8-ba16-2cca727820f9	5	27527372	86815939	33433	0.0006
895e830d-f801-49b8-ba16-2cca727820f9	5	86819561	86823329	3	-1.87
895e830d-f801-49b8-ba16-2cca727820f9	5	86825812	129348161	26502	0.0008
895e830d-f801-49b8-ba16-2cca727820f9	5	129348163	129348586	2	-1.7283
895e830d-f801-49b8-ba16-2cca727820f9	5	129351342	140839137	6559	-0.0016
895e830d-f801-49b8-ba16-2cca727820f9	5	140844251	140852254	9	-1.0396
895e830d-f801-49b8-ba16-2cca727820f9	5	140861442	152134272	7521	0.0028
895e830d-f801-49b8-ba16-2cca727820f9	5	152134366	152140710	21	-0.6223
895e830d-f801-49b8-ba16-2cca727820f9	5	152140861	156048095	2654	0.0012
895e830d-f801-49b8-ba16-2cca727820f9	5	156049762	156068247	16	-0.559
895e830d-f801-49b8-ba16-2cca727820f9	5	156068249	180960138	16582	0.0067
895e830d-f801-49b8-ba16-2cca727820f9	5	180964302	180975843	5	-1.5737
895e830d-f801-49b8-ba16-2cca727820f9	5	180979558	181363319	180	-0.0166
895e830d-f801-49b8-ba16-2cca727820f9	6	149661	254283	101	0.0717
895e830d-f801-49b8-ba16-2cca727820f9	6	257353	294837	23	-0.7117
895e830d-f801-49b8-ba16-2cca727820f9	6	302306	29869295	21505	0.0083
895e830d-f801-49b8-ba16-2cca727820f9	6	29869410	29881490	16	-0.8899
895e830d-f801-49b8-ba16-2cca727820f9	6	29882419	31313046	660	0.0039
895e830d-f801-49b8-ba16-2cca727820f9	6	31318499	31342147	12	1.4431
895e830d-f801-49b8-ba16-2cca727820f9	6	31349570	32486746	499	0.0771
895e830d-f801-49b8-ba16-2cca727820f9	6	32488906	32602588	28	-0.6219
895e830d-f801-49b8-ba16-2cca727820f9	6	32605994	32656527	27	-0.1977
895e830d-f801-49b8-ba16-2cca727820f9	6	32656814	32658841	5	1.2501
895e830d-f801-49b8-ba16-2cca727820f9	6	32682835	32718419	36	0.0307
895e830d-f801-49b8-ba16-2cca727820f9	6	32720838	32723053	11	-0.698
895e830d-f801-49b8-ba16-2cca727820f9	6	32732907	65411768	18366	0.0026
895e830d-f801-49b8-ba16-2cca727820f9	6	65411803	65412175	3	-1.5902
895e830d-f801-49b8-ba16-2cca727820f9	6	65412219	65684197	183	0.0148
895e830d-f801-49b8-ba16-2cca727820f9	6	65689589	65693959	23	-0.7504
895e830d-f801-49b8-ba16-2cca727820f9	6	65697234	78253172	8208	0.0049
895e830d-f801-49b8-ba16-2cca727820f9	6	78259348	78331916	114	0.4555
895e830d-f801-49b8-ba16-2cca727820f9	6	78332002	113900791	22160	0.0001
895e830d-f801-49b8-ba16-2cca727820f9	6	113903677	113903852	2	-3.453
895e830d-f801-49b8-ba16-2cca727820f9	6	113904647	166155483	34515	-0.0042
895e830d-f801-49b8-ba16-2cca727820f9	6	166156017	170741917	2921	0.0332
895e830d-f801-49b8-ba16-2cca727820f9	7	43355	11713570	7412	0.0151
895e830d-f801-49b8-ba16-2cca727820f9	7	11713655	11753066	49	0.6369
895e830d-f801-49b8-ba16-2cca727820f9	7	11761966	38238544	19867	-0.0007
895e830d-f801-49b8-ba16-2cca727820f9	7	38239007	38251092	7	0.1564
895e830d-f801-49b8-ba16-2cca727820f9	7	38251113	38263543	7	0.8027
895e830d-f801-49b8-ba16-2cca727820f9	7	38263833	38317144	86	0.2464
895e830d-f801-49b8-ba16-2cca727820f9	7	38317181	46011030	4847	-0.0041
895e830d-f801-49b8-ba16-2cca727820f9	7	46011053	46011187	2	-1.6463
895e830d-f801-49b8-ba16-2cca727820f9	7	46016084	54318812	6160	-0.0001
895e830d-f801-49b8-ba16-2cca727820f9	7	54318816	54318824	5	-2.336
895e830d-f801-49b8-ba16-2cca727820f9	7	54325795	130878065	40952	0.002
895e830d-f801-49b8-ba16-2cca727820f9	7	130880603	130882988	8	-1.2514
895e830d-f801-49b8-ba16-2cca727820f9	7	130883697	134100424	2213	0.0019
895e830d-f801-49b8-ba16-2cca727820f9	7	134100442	134105690	24	-2.4447
895e830d-f801-49b8-ba16-2cca727820f9	7	134110881	142063324	5202	0.0039
895e830d-f801-49b8-ba16-2cca727820f9	7	142069843	142087846	25	-0.5887
895e830d-f801-49b8-ba16-2cca727820f9	7	142088099	153450553	6770	0.0123
895e830d-f801-49b8-ba16-2cca727820f9	7	153450560	153450627	2	-2.5526
895e830d-f801-49b8-ba16-2cca727820f9	7	153450630	159324952	4073	0.017
895e830d-f801-49b8-ba16-2cca727820f9	7	159325204	159334314	12	-0.9265
895e830d-f801-49b8-ba16-2cca727820f9	8	81254	4145783	3706	0.0096
895e830d-f801-49b8-ba16-2cca727820f9	8	4145941	4145956	2	-2.0135
895e830d-f801-49b8-ba16-2cca727820f9	8	4146039	25116928	17725	0.0022
895e830d-f801-49b8-ba16-2cca727820f9	8	25116961	25126818	26	0.5342
895e830d-f801-49b8-ba16-2cca727820f9	8	25133589	64853369	23176	-0.0029
895e830d-f801-49b8-ba16-2cca727820f9	8	64853705	64856002	2	-2.1342
895e830d-f801-49b8-ba16-2cca727820f9	8	64856231	111282417	27830	0.0019
895e830d-f801-49b8-ba16-2cca727820f9	8	111282441	111283031	6	3.4746
895e830d-f801-49b8-ba16-2cca727820f9	8	111288052	141006686	21114	0.0039
895e830d-f801-49b8-ba16-2cca727820f9	8	141006810	141637491	381	0.1408
895e830d-f801-49b8-ba16-2cca727820f9	8	141641430	142103039	298	0.0177
895e830d-f801-49b8-ba16-2cca727820f9	8	142104064	142381079	130	0.1498
895e830d-f801-49b8-ba16-2cca727820f9	8	142384289	143462025	404	-0.0204
895e830d-f801-49b8-ba16-2cca727820f9	8	143467990	144949751	497	0.0987
895e830d-f801-49b8-ba16-2cca727820f9	8	144951281	145072769	64	-0.0582
895e830d-f801-49b8-ba16-2cca727820f9	9	46587	39588611	31140	-0.0008
895e830d-f801-49b8-ba16-2cca727820f9	9	39747848	41533430	77	0.1645
895e830d-f801-49b8-ba16-2cca727820f9	9	41569585	41569592	7	0.8489
895e830d-f801-49b8-ba16-2cca727820f9	9	41570345	61337631	108	0.1881
895e830d-f801-49b8-ba16-2cca727820f9	9	61369645	61520021	7	-0.7817
895e830d-f801-49b8-ba16-2cca727820f9	9	61521913	64543777	135	0.181
895e830d-f801-49b8-ba16-2cca727820f9	9	64574862	75387644	5023	-0.0014
895e830d-f801-49b8-ba16-2cca727820f9	9	75390261	75393245	3	-1.7479
895e830d-f801-49b8-ba16-2cca727820f9	9	75397543	138200944	42893	0.0032
895e830d-f801-49b8-ba16-2cca727820f9	10	45792	44752045	30805	0.0003
895e830d-f801-49b8-ba16-2cca727820f9	10	44752240	44780192	33	-0.3424
895e830d-f801-49b8-ba16-2cca727820f9	10	44782479	46146453	609	0.0052
895e830d-f801-49b8-ba16-2cca727820f9	10	46154876	46442116	170	0.6238
895e830d-f801-49b8-ba16-2cca727820f9	10	46446814	46532940	24	-0.0505
895e830d-f801-49b8-ba16-2cca727820f9	10	46538819	46632302	24	0.4395
895e830d-f801-49b8-ba16-2cca727820f9	10	46657149	49747447	1594	0.0382
895e830d-f801-49b8-ba16-2cca727820f9	10	49747603	130736708	55507	0.0015
895e830d-f801-49b8-ba16-2cca727820f9	10	130737524	133654968	1776	0.0405
895e830d-f801-49b8-ba16-2cca727820f9	11	198510	3849233	1486	0.0537
895e830d-f801-49b8-ba16-2cca727820f9	11	3849569	5766862	1743	-0.0339
895e830d-f801-49b8-ba16-2cca727820f9	11	5768371	5788108	31	0.6264
895e830d-f801-49b8-ba16-2cca727820f9	11	5788231	31371747	18495	-0.0002
895e830d-f801-49b8-ba16-2cca727820f9	11	31372721	31375533	2	-2.252
895e830d-f801-49b8-ba16-2cca727820f9	11	31376660	64866586	17842	0.0036
895e830d-f801-49b8-ba16-2cca727820f9	11	64870569	65945545	427	0.1322
895e830d-f801-49b8-ba16-2cca727820f9	11	65951146	80256469	7690	0.0045
895e830d-f801-49b8-ba16-2cca727820f9	11	80256504	80256520	2	-1.6842
895e830d-f801-49b8-ba16-2cca727820f9	11	80256642	101723653	15278	0.0002
895e830d-f801-49b8-ba16-2cca727820f9	11	101727129	101727233	4	1.5295
895e830d-f801-49b8-ba16-2cca727820f9	11	101727481	135060795	23683	-0.0007
895e830d-f801-49b8-ba16-2cca727820f9	11	135062671	135074876	10	-0.4758
895e830d-f801-49b8-ba16-2cca727820f9	12	51460	9477960	6164	0.0029
895e830d-f801-49b8-ba16-2cca727820f9	12	9481274	9575696	24	0.8403
895e830d-f801-49b8-ba16-2cca727820f9	12	9582373	10407887	616	-0.0045
895e830d-f801-49b8-ba16-2cca727820f9	12	10407992	10446882	19	-0.4835
895e830d-f801-49b8-ba16-2cca727820f9	12	10447769	11078856	402	-0.0446
895e830d-f801-49b8-ba16-2cca727820f9	12	11080319	11088933	5	-1.903
895e830d-f801-49b8-ba16-2cca727820f9	12	11099275	27493059	11347	-0.0067
895e830d-f801-49b8-ba16-2cca727820f9	12	27494808	27498429	28	-0.8729
895e830d-f801-49b8-ba16-2cca727820f9	12	27504228	30960676	2661	0.006
895e830d-f801-49b8-ba16-2cca727820f9	12	30962191	30962783	6	-1.0729
895e830d-f801-49b8-ba16-2cca727820f9	12	30965058	33141688	1480	-0.0037
895e830d-f801-49b8-ba16-2cca727820f9	12	33141710	33155426	29	-0.6025
895e830d-f801-49b8-ba16-2cca727820f9	12	33155453	37593924	827	-0.0213
895e830d-f801-49b8-ba16-2cca727820f9	12	37618765	37620216	2	-2.0996
895e830d-f801-49b8-ba16-2cca727820f9	12	37640556	45506042	4751	-0.0089
895e830d-f801-49b8-ba16-2cca727820f9	12	45510655	45515754	4	1.3047
895e830d-f801-49b8-ba16-2cca727820f9	12	45519509	48331259	1717	-0.013
895e830d-f801-49b8-ba16-2cca727820f9	12	48331456	48331632	3	-1.8205
895e830d-f801-49b8-ba16-2cca727820f9	12	48336253	74785641	16089	-0.0021
895e830d-f801-49b8-ba16-2cca727820f9	12	74792132	74792534	3	-1.2637
895e830d-f801-49b8-ba16-2cca727820f9	12	74793920	87369627	7800	-0.0048
895e830d-f801-49b8-ba16-2cca727820f9	12	87369661	87369847	6	-1.1439
895e830d-f801-49b8-ba16-2cca727820f9	12	87370018	131636170	30184	0.0019
895e830d-f801-49b8-ba16-2cca727820f9	12	131648039	131658450	15	0.7024
895e830d-f801-49b8-ba16-2cca727820f9	12	131658829	133201603	557	0.0678
895e830d-f801-49b8-ba16-2cca727820f9	13	18452809	31957984	9546	-0.0021
895e830d-f801-49b8-ba16-2cca727820f9	13	31958485	31964286	18	-3.0477
895e830d-f801-49b8-ba16-2cca727820f9	13	31965910	37501767	3895	0.0094
895e830d-f801-49b8-ba16-2cca727820f9	13	37501828	37510620	13	0.7462
895e830d-f801-49b8-ba16-2cca727820f9	13	37514193	38478674	699	0.0026
895e830d-f801-49b8-ba16-2cca727820f9	13	38483435	38483919	2	-3.0182
895e830d-f801-49b8-ba16-2cca727820f9	13	38490920	85273297	29835	0.0046
895e830d-f801-49b8-ba16-2cca727820f9	13	85273866	85276209	6	-1.084
895e830d-f801-49b8-ba16-2cca727820f9	13	85276509	114342922	20025	0.0066
895e830d-f801-49b8-ba16-2cca727820f9	14	18239283	18557235	9	0.1008
895e830d-f801-49b8-ba16-2cca727820f9	14	18559274	19955213	158	-0.3801
895e830d-f801-49b8-ba16-2cca727820f9	14	19956767	73534419	34015	0.001
895e830d-f801-49b8-ba16-2cca727820f9	14	73540003	73554275	8	-1.5149
895e830d-f801-49b8-ba16-2cca727820f9	14	73563196	85098746	7579	0.0012
895e830d-f801-49b8-ba16-2cca727820f9	14	85098811	85099150	6	-0.8888
895e830d-f801-49b8-ba16-2cca727820f9	14	85099456	85819968	560	0.0224
895e830d-f801-49b8-ba16-2cca727820f9	14	85820108	85845829	14	-1.3069
895e830d-f801-49b8-ba16-2cca727820f9	14	85849791	106314594	12674	0.0016
895e830d-f801-49b8-ba16-2cca727820f9	14	106320716	106346129	9	-0.686
895e830d-f801-49b8-ba16-2cca727820f9	14	106360014	106877229	274	-0.0139
895e830d-f801-49b8-ba16-2cca727820f9	15	19811075	20064520	54	0.1469
895e830d-f801-49b8-ba16-2cca727820f9	15	20187568	22713392	190	-0.1603
895e830d-f801-49b8-ba16-2cca727820f9	15	22714022	33377120	6331	0.0007
895e830d-f801-49b8-ba16-2cca727820f9	15	33383364	33383379	2	-1.8801
895e830d-f801-49b8-ba16-2cca727820f9	15	33384373	101928837	44915	0.0007
895e830d-f801-49b8-ba16-2cca727820f9	16	10777	1528983	493	0.0942
895e830d-f801-49b8-ba16-2cca727820f9	16	1529010	78338949	40682	0.001
895e830d-f801-49b8-ba16-2cca727820f9	16	78339440	78343361	8	-1.0525
895e830d-f801-49b8-ba16-2cca727820f9	16	78343631	81306082	3368	0.0049
895e830d-f801-49b8-ba16-2cca727820f9	16	81307626	81655262	309	0.1047
895e830d-f801-49b8-ba16-2cca727820f9	16	81655360	84011914	2668	-0.0126
895e830d-f801-49b8-ba16-2cca727820f9	16	84012500	85108461	962	0.091
895e830d-f801-49b8-ba16-2cca727820f9	16	85108560	87805185	2322	0.0166
895e830d-f801-49b8-ba16-2cca727820f9	16	87807016	88599287	337	0.0748
895e830d-f801-49b8-ba16-2cca727820f9	16	88601643	89206958	189	0.2421
895e830d-f801-49b8-ba16-2cca727820f9	16	89206981	90096867	449	0.0948
895e830d-f801-49b8-ba16-2cca727820f9	17	150733	1521654	665	0.0404
895e830d-f801-49b8-ba16-2cca727820f9	17	1526124	1526336	2	-2.1375
895e830d-f801-49b8-ba16-2cca727820f9	17	1526393	18452078	10710	-0.0007
895e830d-f801-49b8-ba16-2cca727820f9	17	18455632	18550123	24	0.5278
895e830d-f801-49b8-ba16-2cca727820f9	17	18561272	27388651	1700	-0.0026
895e830d-f801-49b8-ba16-2cca727820f9	17	27389062	27505659	63	0.2479
895e830d-f801-49b8-ba16-2cca727820f9	17	27513213	28452035	490	0.0189
895e830d-f801-49b8-ba16-2cca727820f9	17	28454323	28455301	2	-2.7815
895e830d-f801-49b8-ba16-2cca727820f9	17	28462253	37327486	5237	-0.0033
895e830d-f801-49b8-ba16-2cca727820f9	17	37336917	37337135	4	-1.4567
895e830d-f801-49b8-ba16-2cca727820f9	17	37338179	46085732	4407	-0.0048
895e830d-f801-49b8-ba16-2cca727820f9	17	46088437	46194634	90	0.3673
895e830d-f801-49b8-ba16-2cca727820f9	17	46199017	83091923	21580	0.0063
895e830d-f801-49b8-ba16-2cca727820f9	18	48133	92133	8	-0.4737
895e830d-f801-49b8-ba16-2cca727820f9	18	97829	40678763	22752	-0.0019
895e830d-f801-49b8-ba16-2cca727820f9	18	40680456	40680516	5	-0.7654
895e830d-f801-49b8-ba16-2cca727820f9	18	40680526	40685425	14	-2.5017
895e830d-f801-49b8-ba16-2cca727820f9	18	40689534	80257174	27901	0.0008
895e830d-f801-49b8-ba16-2cca727820f9	19	90910	5506648	1591	0.0464
895e830d-f801-49b8-ba16-2cca727820f9	19	5510228	5510642	3	1.1671
895e830d-f801-49b8-ba16-2cca727820f9	19	5510689	6267611	351	0.0446
895e830d-f801-49b8-ba16-2cca727820f9	19	6267746	35358420	14741	-0.0017
895e830d-f801-49b8-ba16-2cca727820f9	19	35364451	35370767	19	-0.5933
895e830d-f801-49b8-ba16-2cca727820f9	19	35370877	51282457	7790	0.0032
895e830d-f801-49b8-ba16-2cca727820f9	19	51285727	53013829	1192	0.0394
895e830d-f801-49b8-ba16-2cca727820f9	19	53015494	53044108	21	0.51
895e830d-f801-49b8-ba16-2cca727820f9	19	53048976	54811638	1075	0.0505
895e830d-f801-49b8-ba16-2cca727820f9	19	54811794	54862363	23	0.4462
895e830d-f801-49b8-ba16-2cca727820f9	19	54866553	55771003	437	0.0048
895e830d-f801-49b8-ba16-2cca727820f9	19	55771169	55771701	3	-2.0506
895e830d-f801-49b8-ba16-2cca727820f9	19	55774927	58586487	1838	0.0081
895e830d-f801-49b8-ba16-2cca727820f9	20	80664	1601561	1239	0.0092
895e830d-f801-49b8-ba16-2cca727820f9	20	1609611	1613247	5	-1.4839
895e830d-f801-49b8-ba16-2cca727820f9	20	1617300	38376710	22474	0.0014
895e830d-f801-49b8-ba16-2cca727820f9	20	38382143	38383652	5	-1.2057
895e830d-f801-49b8-ba16-2cca727820f9	20	38390010	61217600	17087	0.0013
895e830d-f801-49b8-ba16-2cca727820f9	20	61218375	63900823	1329	0.0571
895e830d-f801-49b8-ba16-2cca727820f9	20	63903863	63904241	3	-1.1357
895e830d-f801-49b8-ba16-2cca727820f9	20	63916846	64240599	153	0.101
895e830d-f801-49b8-ba16-2cca727820f9	20	64240906	64284715	32	-0.1032
895e830d-f801-49b8-ba16-2cca727820f9	20	64323342	64324800	5	-2.2762
895e830d-f801-49b8-ba16-2cca727820f9	21	10354168	17153440	2475	0.008
895e830d-f801-49b8-ba16-2cca727820f9	21	17154545	17175524	11	0.653
895e830d-f801-49b8-ba16-2cca727820f9	21	17175563	25898615	6515	0.0082
895e830d-f801-49b8-ba16-2cca727820f9	21	25898718	25901777	2	-1.6065
895e830d-f801-49b8-ba16-2cca727820f9	21	25901922	46677045	14822	0.0083
895e830d-f801-49b8-ba16-2cca727820f9	22	15294547	19800405	1670	0.0338
895e830d-f801-49b8-ba16-2cca727820f9	22	19800617	20450955	409	0.1456
895e830d-f801-49b8-ba16-2cca727820f9	22	20454426	22114208	1037	0.029
895e830d-f801-49b8-ba16-2cca727820f9	22	22119549	22120255	6	-2.672
895e830d-f801-49b8-ba16-2cca727820f9	22	22127104	23987520	1269	0.0236
895e830d-f801-49b8-ba16-2cca727820f9	22	23988078	23989773	2	-2.4282
895e830d-f801-49b8-ba16-2cca727820f9	22	23990431	42496590	12743	0.0037
895e830d-f801-49b8-ba16-2cca727820f9	22	42501276	42554485	25	0.8604
895e830d-f801-49b8-ba16-2cca727820f9	22	42559425	42757697	108	0.0022
895e830d-f801-49b8-ba16-2cca727820f9	22	42757704	42762383	2	-1.3724
895e830d-f801-49b8-ba16-2cca727820f9	22	42768404	43604831	549	-0.014
895e830d-f801-49b8-ba16-2cca727820f9	22	43605966	43613502	8	-0.6422
895e830d-f801-49b8-ba16-2cca727820f9	22	43615744	49432321	4749	0.0042
895e830d-f801-49b8-ba16-2cca727820f9	22	49433883	50578924	564	0.1281
895e830d-f801-49b8-ba16-2cca727820f9	22	50586195	50796027	110	-0.0194
895e830d-f801-49b8-ba16-2cca727820f9	X	251810	23829718	14489	0.01
895e830d-f801-49b8-ba16-2cca727820f9	X	23832371	23850412	8	0.7674
895e830d-f801-49b8-ba16-2cca727820f9	X	23866076	55674826	17553	0.0035
895e830d-f801-49b8-ba16-2cca727820f9	X	55676226	55681123	3	-2.9841
895e830d-f801-49b8-ba16-2cca727820f9	X	55681253	129186633	35802	-0.0044
895e830d-f801-49b8-ba16-2cca727820f9	X	129186789	129192989	11	-1.2795
895e830d-f801-49b8-ba16-2cca727820f9	X	129194201	152844921	14362	0.0011
895e830d-f801-49b8-ba16-2cca727820f9	X	152846040	154767464	902	0.0816
895e830d-f801-49b8-ba16-2cca727820f9	X	154772994	155952689	404	-0.0016
895e830d-f801-49b8-ba16-2cca727820f9	Y	2782397	6233384	784	-2.7043
895e830d-f801-49b8-ba16-2cca727820f9	Y	6249869	9330531	1444	-3.201
895e830d-f801-49b8-ba16-2cca727820f9	Y	9332936	9550385	21	-4.9383
895e830d-f801-49b8-ba16-2cca727820f9	Y	9550653	13478396	1016	-3.0277
895e830d-f801-49b8-ba16-2cca727820f9	Y	13478462	13482643	3	-7.6029
895e830d-f801-49b8-ba16-2cca727820f9	Y	13483009	25692987	3198	-3.1322
895e830d-f801-49b8-ba16-2cca727820f9	Y	25968161	56872112	174	-2.7225
