GDC_Aliquot	Chromosome	Start	End	Num_Probes	Segment_Mean
68fe1656-1412-40e5-b26b-0d301c69e175	1	62920	953279	64	0.1107
68fe1656-1412-40e5-b26b-0d301c69e175	1	965731	3303596	676	-0.2468
68fe1656-1412-40e5-b26b-0d301c69e175	1	3304487	105476583	62453	0.0008
68fe1656-1412-40e5-b26b-0d301c69e175	1	105476614	105479753	16	-1.9423
68fe1656-1412-40e5-b26b-0d301c69e175	1	105481433	109690352	2614	0.0145
68fe1656-1412-40e5-b26b-0d301c69e175	1	109690431	109702376	12	-1.1547
68fe1656-1412-40e5-b26b-0d301c69e175	1	109703504	112147704	1925	0.0236
68fe1656-1412-40e5-b26b-0d301c69e175	1	112153343	112154768	25	-2.088
68fe1656-1412-40e5-b26b-0d301c69e175	1	112163334	152583051	7521	0.0078
68fe1656-1412-40e5-b26b-0d301c69e175	1	152583230	152614064	33	-1.8408
68fe1656-1412-40e5-b26b-0d301c69e175	1	152614100	158896783	3778	0.0036
68fe1656-1412-40e5-b26b-0d301c69e175	1	158898711	158899969	2	2.6953
68fe1656-1412-40e5-b26b-0d301c69e175	1	158905028	174827267	11063	0.0159
68fe1656-1412-40e5-b26b-0d301c69e175	1	174827418	174832702	16	-1.1397
68fe1656-1412-40e5-b26b-0d301c69e175	1	174832716	194479104	13069	0.0147
68fe1656-1412-40e5-b26b-0d301c69e175	1	194482281	194485888	2	-1.9406
68fe1656-1412-40e5-b26b-0d301c69e175	1	194487886	195078284	358	0.0173
68fe1656-1412-40e5-b26b-0d301c69e175	1	195078371	195078586	4	-1.131
68fe1656-1412-40e5-b26b-0d301c69e175	1	195079094	196745743	1073	0.0403
68fe1656-1412-40e5-b26b-0d301c69e175	1	196758720	196830158	53	0.5131
68fe1656-1412-40e5-b26b-0d301c69e175	1	196830375	228320079	20807	0.0081
68fe1656-1412-40e5-b26b-0d301c69e175	1	228320260	228356973	16	-0.5657
68fe1656-1412-40e5-b26b-0d301c69e175	1	228358541	240228440	8818	0.0002
68fe1656-1412-40e5-b26b-0d301c69e175	1	240230715	240230824	5	-2.3649
68fe1656-1412-40e5-b26b-0d301c69e175	1	240230839	248930189	5790	-0.0101
68fe1656-1412-40e5-b26b-0d301c69e175	2	12784	3548244	2448	-0.0445
68fe1656-1412-40e5-b26b-0d301c69e175	2	3556257	3568369	11	0.1063
68fe1656-1412-40e5-b26b-0d301c69e175	2	3573959	3589951	7	0.8685
68fe1656-1412-40e5-b26b-0d301c69e175	2	3593390	4166274	500	0.019
68fe1656-1412-40e5-b26b-0d301c69e175	2	4166610	4175977	37	-0.5107
68fe1656-1412-40e5-b26b-0d301c69e175	2	4176105	7571712	2918	0.0035
68fe1656-1412-40e5-b26b-0d301c69e175	2	7574782	7575532	2	-1.8962
68fe1656-1412-40e5-b26b-0d301c69e175	2	7575673	34466002	17922	0.0052
68fe1656-1412-40e5-b26b-0d301c69e175	2	34474248	34502800	44	0.5235
68fe1656-1412-40e5-b26b-0d301c69e175	2	34511446	38727353	3135	0.0222
68fe1656-1412-40e5-b26b-0d301c69e175	2	38728724	38745139	8	1.314
68fe1656-1412-40e5-b26b-0d301c69e175	2	38745684	231495154	114409	0.0155
68fe1656-1412-40e5-b26b-0d301c69e175	2	231497496	242147305	6579	-0.0256
68fe1656-1412-40e5-b26b-0d301c69e175	3	20930	214296	170	-0.0773
68fe1656-1412-40e5-b26b-0d301c69e175	3	214575	1970945	1563	0.1213
68fe1656-1412-40e5-b26b-0d301c69e175	3	1971448	6604856	3991	0.0122
68fe1656-1412-40e5-b26b-0d301c69e175	3	6609441	6611645	23	-0.8774
68fe1656-1412-40e5-b26b-0d301c69e175	3	6613391	162760118	95944	0.0056
68fe1656-1412-40e5-b26b-0d301c69e175	3	162761828	163008644	177	0.2429
68fe1656-1412-40e5-b26b-0d301c69e175	3	163008717	173436248	6158	0.0238
68fe1656-1412-40e5-b26b-0d301c69e175	3	173437601	173890096	327	0.1348
68fe1656-1412-40e5-b26b-0d301c69e175	3	173891025	175386092	1067	-0.0044
68fe1656-1412-40e5-b26b-0d301c69e175	3	175386419	176038415	383	0.1488
68fe1656-1412-40e5-b26b-0d301c69e175	3	176041258	181170149	3083	0.0135
68fe1656-1412-40e5-b26b-0d301c69e175	3	181170216	183722969	1438	-0.0135
68fe1656-1412-40e5-b26b-0d301c69e175	3	183723237	184128385	202	-0.1777
68fe1656-1412-40e5-b26b-0d301c69e175	3	184129491	189547538	3687	-0.0164
68fe1656-1412-40e5-b26b-0d301c69e175	3	189550933	193160113	2560	0.021
68fe1656-1412-40e5-b26b-0d301c69e175	3	193160173	193165114	19	0.7081
68fe1656-1412-40e5-b26b-0d301c69e175	3	193168646	198169247	2670	-0.0113
68fe1656-1412-40e5-b26b-0d301c69e175	4	68929	296689	110	0.009
68fe1656-1412-40e5-b26b-0d301c69e175	4	302559	1517595	419	-0.1578
68fe1656-1412-40e5-b26b-0d301c69e175	4	1517775	68478894	41259	-0.0018
68fe1656-1412-40e5-b26b-0d301c69e175	4	68494770	68623617	68	0.7624
68fe1656-1412-40e5-b26b-0d301c69e175	4	68639397	69265191	316	0.1583
68fe1656-1412-40e5-b26b-0d301c69e175	4	69265628	69363634	47	-0.7478
68fe1656-1412-40e5-b26b-0d301c69e175	4	69363716	114252544	27072	0.0092
68fe1656-1412-40e5-b26b-0d301c69e175	4	114254167	114261019	23	-1.3599
68fe1656-1412-40e5-b26b-0d301c69e175	4	114263073	137171266	13089	0.0053
68fe1656-1412-40e5-b26b-0d301c69e175	4	137171362	137172260	12	-0.9051
68fe1656-1412-40e5-b26b-0d301c69e175	4	137173804	160952848	14554	-0.0054
68fe1656-1412-40e5-b26b-0d301c69e175	4	160958866	160963756	21	-2.0982
68fe1656-1412-40e5-b26b-0d301c69e175	4	160963767	171448195	6595	0.0054
68fe1656-1412-40e5-b26b-0d301c69e175	4	171453733	171456625	12	-1.013
68fe1656-1412-40e5-b26b-0d301c69e175	4	171459220	190106768	12344	-0.0006
68fe1656-1412-40e5-b26b-0d301c69e175	5	15532	725091	315	-0.0979
68fe1656-1412-40e5-b26b-0d301c69e175	5	728864	852451	37	1.0101
68fe1656-1412-40e5-b26b-0d301c69e175	5	863682	1936329	593	-0.1387
68fe1656-1412-40e5-b26b-0d301c69e175	5	1936428	18449552	12842	0.0008
68fe1656-1412-40e5-b26b-0d301c69e175	5	18450505	18453901	2	-2.3437
68fe1656-1412-40e5-b26b-0d301c69e175	5	18458441	19458679	621	0.0332
68fe1656-1412-40e5-b26b-0d301c69e175	5	19458912	19459154	2	-1.9771
68fe1656-1412-40e5-b26b-0d301c69e175	5	19459518	45906692	15898	0.0124
68fe1656-1412-40e5-b26b-0d301c69e175	5	45915946	46271006	66	-0.1051
68fe1656-1412-40e5-b26b-0d301c69e175	5	46271828	46273400	6	-2.1645
68fe1656-1412-40e5-b26b-0d301c69e175	5	46278110	58030200	5023	0.0076
68fe1656-1412-40e5-b26b-0d301c69e175	5	58030336	58036817	26	-0.7657
68fe1656-1412-40e5-b26b-0d301c69e175	5	58037089	63347926	3450	0.0101
68fe1656-1412-40e5-b26b-0d301c69e175	5	63352700	63884019	305	0.1626
68fe1656-1412-40e5-b26b-0d301c69e175	5	63885700	68134507	2677	0.0038
68fe1656-1412-40e5-b26b-0d301c69e175	5	68136707	68136931	2	-1.5206
68fe1656-1412-40e5-b26b-0d301c69e175	5	68136963	86815939	10331	0.0071
68fe1656-1412-40e5-b26b-0d301c69e175	5	86819561	86823329	3	-2.5902
68fe1656-1412-40e5-b26b-0d301c69e175	5	86825812	99077891	6666	0.0204
68fe1656-1412-40e5-b26b-0d301c69e175	5	99079353	100613314	857	0.1072
68fe1656-1412-40e5-b26b-0d301c69e175	5	100615800	112924706	7791	0.0239
68fe1656-1412-40e5-b26b-0d301c69e175	5	112928842	112940950	9	-1.2182
68fe1656-1412-40e5-b26b-0d301c69e175	5	112948526	147393723	21650	0.0148
68fe1656-1412-40e5-b26b-0d301c69e175	5	147395814	147395912	2	-2.2664
68fe1656-1412-40e5-b26b-0d301c69e175	5	147395936	166339322	12628	0.0096
68fe1656-1412-40e5-b26b-0d301c69e175	5	166340369	166352908	18	-1.275
68fe1656-1412-40e5-b26b-0d301c69e175	5	166353366	177771448	7899	-0.0122
68fe1656-1412-40e5-b26b-0d301c69e175	5	177800550	177805604	3	2.5229
68fe1656-1412-40e5-b26b-0d301c69e175	5	177827964	181363319	1965	-0.0289
68fe1656-1412-40e5-b26b-0d301c69e175	6	149661	29869411	21432	-0.002
68fe1656-1412-40e5-b26b-0d301c69e175	6	29869537	29881490	14	-1.0318
68fe1656-1412-40e5-b26b-0d301c69e175	6	29882419	29972973	46	-0.0054
68fe1656-1412-40e5-b26b-0d301c69e175	6	29980705	29980974	2	-2.3762
68fe1656-1412-40e5-b26b-0d301c69e175	6	29983234	31309909	601	-0.0237
68fe1656-1412-40e5-b26b-0d301c69e175	6	31313046	31328176	8	-2.1501
68fe1656-1412-40e5-b26b-0d301c69e175	6	31328210	32502142	499	-0.0703
68fe1656-1412-40e5-b26b-0d301c69e175	6	32502190	32658841	57	-0.6898
68fe1656-1412-40e5-b26b-0d301c69e175	6	32682835	33970222	788	0.0195
68fe1656-1412-40e5-b26b-0d301c69e175	6	33970966	33974928	7	-1.1335
68fe1656-1412-40e5-b26b-0d301c69e175	6	33976809	54066269	12773	-0.002
68fe1656-1412-40e5-b26b-0d301c69e175	6	54066286	54067057	8	-1.1221
68fe1656-1412-40e5-b26b-0d301c69e175	6	54070550	66298369	5281	0.0281
68fe1656-1412-40e5-b26b-0d301c69e175	6	66299130	66338736	55	-0.8494
68fe1656-1412-40e5-b26b-0d301c69e175	6	66339513	76305231	6431	0.0221
68fe1656-1412-40e5-b26b-0d301c69e175	6	76307183	76307194	2	1.6768
68fe1656-1412-40e5-b26b-0d301c69e175	6	76307209	76726815	294	0.0288
68fe1656-1412-40e5-b26b-0d301c69e175	6	76730151	76743040	21	0.7751
68fe1656-1412-40e5-b26b-0d301c69e175	6	76751356	78261995	972	0.0361
68fe1656-1412-40e5-b26b-0d301c69e175	6	78262064	78331916	108	0.5446
68fe1656-1412-40e5-b26b-0d301c69e175	6	78332002	91088981	8003	0.006
68fe1656-1412-40e5-b26b-0d301c69e175	6	91089538	91090741	4	-1.2011
68fe1656-1412-40e5-b26b-0d301c69e175	6	91091858	93761296	1801	0.026
68fe1656-1412-40e5-b26b-0d301c69e175	6	93761322	94958360	773	0.1235
68fe1656-1412-40e5-b26b-0d301c69e175	6	94962618	103286954	4747	0.0109
68fe1656-1412-40e5-b26b-0d301c69e175	6	103290101	103314186	46	0.7316
68fe1656-1412-40e5-b26b-0d301c69e175	6	103317795	170741917	43701	0.0009
68fe1656-1412-40e5-b26b-0d301c69e175	7	43355	896168	220	-0.1067
68fe1656-1412-40e5-b26b-0d301c69e175	7	902112	1221518	145	-0.2657
68fe1656-1412-40e5-b26b-0d301c69e175	7	1221728	8019603	4011	-0.0237
68fe1656-1412-40e5-b26b-0d301c69e175	7	8024879	10338155	1881	0.0631
68fe1656-1412-40e5-b26b-0d301c69e175	7	10338676	16685798	5061	0.0157
68fe1656-1412-40e5-b26b-0d301c69e175	7	16687864	19931035	2703	0.0684
68fe1656-1412-40e5-b26b-0d301c69e175	7	19931256	38957841	13685	-0.0046
68fe1656-1412-40e5-b26b-0d301c69e175	7	38959249	38975631	9	-1.0965
68fe1656-1412-40e5-b26b-0d301c69e175	7	38978008	41875339	1826	-0.0112
68fe1656-1412-40e5-b26b-0d301c69e175	7	41875586	41875627	2	-1.9938
68fe1656-1412-40e5-b26b-0d301c69e175	7	41875978	44570462	1659	0.0073
68fe1656-1412-40e5-b26b-0d301c69e175	7	44570891	44572748	3	-1.3249
68fe1656-1412-40e5-b26b-0d301c69e175	7	44572855	54305455	6911	-0.0088
68fe1656-1412-40e5-b26b-0d301c69e175	7	54318812	54318824	6	-1.8347
68fe1656-1412-40e5-b26b-0d301c69e175	7	54325795	67164253	3709	-0.0152
68fe1656-1412-40e5-b26b-0d301c69e175	7	67164342	67204078	15	-1.065
68fe1656-1412-40e5-b26b-0d301c69e175	7	67207129	84583506	9819	-0.0099
68fe1656-1412-40e5-b26b-0d301c69e175	7	84588719	84597740	7	-1.1651
68fe1656-1412-40e5-b26b-0d301c69e175	7	84598158	88548580	2189	0.0185
68fe1656-1412-40e5-b26b-0d301c69e175	7	88548621	90184849	1086	0.1275
68fe1656-1412-40e5-b26b-0d301c69e175	7	90188750	97756658	4788	-0.0012
68fe1656-1412-40e5-b26b-0d301c69e175	7	97766148	97772733	12	0.5864
68fe1656-1412-40e5-b26b-0d301c69e175	7	97772779	97777749	22	0.037
68fe1656-1412-40e5-b26b-0d301c69e175	7	97788295	97788298	2	-1.7317
68fe1656-1412-40e5-b26b-0d301c69e175	7	97791337	101313284	1478	-0.0002
68fe1656-1412-40e5-b26b-0d301c69e175	7	101317674	101328323	9	-1.3368
68fe1656-1412-40e5-b26b-0d301c69e175	7	101329982	109789870	5030	-0.0042
68fe1656-1412-40e5-b26b-0d301c69e175	7	109789993	109797040	9	0.7907
68fe1656-1412-40e5-b26b-0d301c69e175	7	109797041	109797623	9	-0.1029
68fe1656-1412-40e5-b26b-0d301c69e175	7	109797700	109813925	23	0.6825
68fe1656-1412-40e5-b26b-0d301c69e175	7	109814172	142061030	19785	0.0056
68fe1656-1412-40e5-b26b-0d301c69e175	7	142062894	142092307	36	0.41
68fe1656-1412-40e5-b26b-0d301c69e175	7	142099190	158046850	9994	-0.0057
68fe1656-1412-40e5-b26b-0d301c69e175	7	158047973	159216367	682	-0.1109
68fe1656-1412-40e5-b26b-0d301c69e175	7	159227414	159334314	88	0.0985
68fe1656-1412-40e5-b26b-0d301c69e175	8	81254	2375239	1645	-0.0224
68fe1656-1412-40e5-b26b-0d301c69e175	8	2375282	6203221	4876	0.0432
68fe1656-1412-40e5-b26b-0d301c69e175	8	6203649	12092042	4354	-0.0318
68fe1656-1412-40e5-b26b-0d301c69e175	8	12130217	12143614	6	-2.1258
68fe1656-1412-40e5-b26b-0d301c69e175	8	12176798	12389977	31	0.6818
68fe1656-1412-40e5-b26b-0d301c69e175	8	12418301	34974857	16897	0.0013
68fe1656-1412-40e5-b26b-0d301c69e175	8	34980794	34997908	13	-1.3748
68fe1656-1412-40e5-b26b-0d301c69e175	8	34999936	36359609	728	0.0027
68fe1656-1412-40e5-b26b-0d301c69e175	8	36360837	36524218	83	0.2091
68fe1656-1412-40e5-b26b-0d301c69e175	8	36526163	39373140	1525	-0.002
68fe1656-1412-40e5-b26b-0d301c69e175	8	39378084	39529446	59	-2.1701
68fe1656-1412-40e5-b26b-0d301c69e175	8	39530780	73633315	19428	0.0034
68fe1656-1412-40e5-b26b-0d301c69e175	8	73636042	73643041	2	-1.9752
68fe1656-1412-40e5-b26b-0d301c69e175	8	73643047	101959687	16633	0.0083
68fe1656-1412-40e5-b26b-0d301c69e175	8	101960492	101962129	2	-1.7308
68fe1656-1412-40e5-b26b-0d301c69e175	8	101962454	102040655	49	-0.0003
68fe1656-1412-40e5-b26b-0d301c69e175	8	102040695	102044478	6	-1.0683
68fe1656-1412-40e5-b26b-0d301c69e175	8	102044546	102975706	527	-0.0019
68fe1656-1412-40e5-b26b-0d301c69e175	8	102980336	102986318	6	-0.7054
68fe1656-1412-40e5-b26b-0d301c69e175	8	102986398	105965001	1741	-0.0104
68fe1656-1412-40e5-b26b-0d301c69e175	8	105971462	106354484	245	0.1591
68fe1656-1412-40e5-b26b-0d301c69e175	8	106355635	111279265	2956	0.0007
68fe1656-1412-40e5-b26b-0d301c69e175	8	111282050	111282852	7	-0.839
68fe1656-1412-40e5-b26b-0d301c69e175	8	111282973	111283031	3	-3.148
68fe1656-1412-40e5-b26b-0d301c69e175	8	111288052	140985844	20880	0.0077
68fe1656-1412-40e5-b26b-0d301c69e175	8	140989600	145072769	1801	-0.1371
68fe1656-1412-40e5-b26b-0d301c69e175	9	46587	8923381	8448	-0.0001
68fe1656-1412-40e5-b26b-0d301c69e175	9	8923715	12768494	3266	0.0631
68fe1656-1412-40e5-b26b-0d301c69e175	9	12768919	13931697	908	-0.0156
68fe1656-1412-40e5-b26b-0d301c69e175	9	13931822	13932021	3	-1.9135
68fe1656-1412-40e5-b26b-0d301c69e175	9	13932329	24500842	8332	-0.0073
68fe1656-1412-40e5-b26b-0d301c69e175	9	24503818	24517684	20	-0.7282
68fe1656-1412-40e5-b26b-0d301c69e175	9	24519686	33007261	6226	0.0114
68fe1656-1412-40e5-b26b-0d301c69e175	9	33007469	33007570	2	1.8318
68fe1656-1412-40e5-b26b-0d301c69e175	9	33008115	41291455	3659	0.0035
68fe1656-1412-40e5-b26b-0d301c69e175	9	41297007	42014203	45	0.4107
68fe1656-1412-40e5-b26b-0d301c69e175	9	42037471	42585140	38	-0.4719
68fe1656-1412-40e5-b26b-0d301c69e175	9	42697878	61520021	55	0.1826
68fe1656-1412-40e5-b26b-0d301c69e175	9	61521913	61629689	27	0.7272
68fe1656-1412-40e5-b26b-0d301c69e175	9	61633080	67042427	147	0.2759
68fe1656-1412-40e5-b26b-0d301c69e175	9	67073081	95598923	19224	-0.0079
68fe1656-1412-40e5-b26b-0d301c69e175	9	95599813	95599917	2	-2.0038
68fe1656-1412-40e5-b26b-0d301c69e175	9	95600151	102955268	4786	0.0077
68fe1656-1412-40e5-b26b-0d301c69e175	9	102955867	103084176	98	0.2215
68fe1656-1412-40e5-b26b-0d301c69e175	9	103084200	110227802	5512	-0.0015
68fe1656-1412-40e5-b26b-0d301c69e175	9	110229229	110233010	2	-1.8118
68fe1656-1412-40e5-b26b-0d301c69e175	9	110236699	135259826	16679	-0.0092
68fe1656-1412-40e5-b26b-0d301c69e175	9	135261156	135424679	113	-0.2565
68fe1656-1412-40e5-b26b-0d301c69e175	9	135426111	137270451	592	-0.0464
68fe1656-1412-40e5-b26b-0d301c69e175	9	137275916	137361381	27	-0.6099
68fe1656-1412-40e5-b26b-0d301c69e175	9	137378551	138200944	404	-0.0664
68fe1656-1412-40e5-b26b-0d301c69e175	10	45792	46102824	31162	-0.0073
68fe1656-1412-40e5-b26b-0d301c69e175	10	46116171	46446814	176	0.6652
68fe1656-1412-40e5-b26b-0d301c69e175	10	46446817	50070600	1714	0.0475
68fe1656-1412-40e5-b26b-0d301c69e175	10	50081224	50132160	4	-1.3099
68fe1656-1412-40e5-b26b-0d301c69e175	10	50144008	54639945	3396	0.0097
68fe1656-1412-40e5-b26b-0d301c69e175	10	54641989	56037638	929	0.0822
68fe1656-1412-40e5-b26b-0d301c69e175	10	56044948	65548178	6558	0.0065
68fe1656-1412-40e5-b26b-0d301c69e175	10	65548193	65554688	26	0.708
68fe1656-1412-40e5-b26b-0d301c69e175	10	65563037	98530214	21521	-0.0028
68fe1656-1412-40e5-b26b-0d301c69e175	10	98533747	98533943	2	-2.2824
68fe1656-1412-40e5-b26b-0d301c69e175	10	98534760	133654968	24218	-0.0124
68fe1656-1412-40e5-b26b-0d301c69e175	11	198510	4234899	1716	-0.0387
68fe1656-1412-40e5-b26b-0d301c69e175	11	4235070	4314648	23	-0.7293
68fe1656-1412-40e5-b26b-0d301c69e175	11	4314837	4941402	635	0.0131
68fe1656-1412-40e5-b26b-0d301c69e175	11	4941522	4942489	8	0.8001
68fe1656-1412-40e5-b26b-0d301c69e175	11	4942873	4946166	8	0.0902
68fe1656-1412-40e5-b26b-0d301c69e175	11	4946420	4954475	29	-1.4075
68fe1656-1412-40e5-b26b-0d301c69e175	11	4955027	5768371	777	0.0087
68fe1656-1412-40e5-b26b-0d301c69e175	11	5768495	5787146	27	0.5151
68fe1656-1412-40e5-b26b-0d301c69e175	11	5787818	18919323	9291	0.0058
68fe1656-1412-40e5-b26b-0d301c69e175	11	18927525	18940469	46	0.9349
68fe1656-1412-40e5-b26b-0d301c69e175	11	18940586	42791601	16999	0.0023
68fe1656-1412-40e5-b26b-0d301c69e175	11	42794936	42796489	2	-3.6004
68fe1656-1412-40e5-b26b-0d301c69e175	11	42799053	44652636	1308	-0.0034
68fe1656-1412-40e5-b26b-0d301c69e175	11	44653171	44654446	5	-1.1999
68fe1656-1412-40e5-b26b-0d301c69e175	11	44654618	49686823	2489	0.0001
68fe1656-1412-40e5-b26b-0d301c69e175	11	49689309	49736119	16	-0.9788
68fe1656-1412-40e5-b26b-0d301c69e175	11	49736215	55609035	738	0.0328
68fe1656-1412-40e5-b26b-0d301c69e175	11	55609158	55685058	47	-0.4941
68fe1656-1412-40e5-b26b-0d301c69e175	11	55685501	64817487	5077	0.0063
68fe1656-1412-40e5-b26b-0d301c69e175	11	64817515	65894490	402	-0.245
68fe1656-1412-40e5-b26b-0d301c69e175	11	65894607	135074876	46251	0.0002
68fe1656-1412-40e5-b26b-0d301c69e175	12	51460	1686521	952	-0.1112
68fe1656-1412-40e5-b26b-0d301c69e175	12	1692152	9308632	5077	-0.0036
68fe1656-1412-40e5-b26b-0d301c69e175	12	9315213	9481274	78	-0.1097
68fe1656-1412-40e5-b26b-0d301c69e175	12	9485313	9562969	22	-1.5565
68fe1656-1412-40e5-b26b-0d301c69e175	12	9575696	13223793	2604	-0.0092
68fe1656-1412-40e5-b26b-0d301c69e175	12	13224030	108870225	59132	0.0098
68fe1656-1412-40e5-b26b-0d301c69e175	12	108872799	130058842	14221	-0.0211
68fe1656-1412-40e5-b26b-0d301c69e175	12	130059297	130064298	5	-1.4536
68fe1656-1412-40e5-b26b-0d301c69e175	12	130065417	131241440	916	-0.0406
68fe1656-1412-40e5-b26b-0d301c69e175	12	131241500	131330777	73	-0.3376
68fe1656-1412-40e5-b26b-0d301c69e175	12	131331668	131411632	62	-0.0161
68fe1656-1412-40e5-b26b-0d301c69e175	12	131413152	131415578	7	-0.7833
68fe1656-1412-40e5-b26b-0d301c69e175	12	131418404	131615979	215	-0.0244
68fe1656-1412-40e5-b26b-0d301c69e175	12	131616532	131618173	2	-4.0067
68fe1656-1412-40e5-b26b-0d301c69e175	12	131618351	133201603	580	-0.1341
68fe1656-1412-40e5-b26b-0d301c69e175	13	18452809	37496998	13298	-0.0099
68fe1656-1412-40e5-b26b-0d301c69e175	13	37497899	37510620	16	0.9088
68fe1656-1412-40e5-b26b-0d301c69e175	13	37514193	51146338	9115	-0.0018
68fe1656-1412-40e5-b26b-0d301c69e175	13	51147436	51150488	2	-2.2522
68fe1656-1412-40e5-b26b-0d301c69e175	13	51150651	58010656	3720	0.0165
68fe1656-1412-40e5-b26b-0d301c69e175	13	58016147	58022896	6	-1.2271
68fe1656-1412-40e5-b26b-0d301c69e175	13	58027918	60928655	1850	-0.0085
68fe1656-1412-40e5-b26b-0d301c69e175	13	60929085	60929214	2	-1.6476
68fe1656-1412-40e5-b26b-0d301c69e175	13	60932014	63535303	1416	-0.0038
68fe1656-1412-40e5-b26b-0d301c69e175	13	63540694	64192278	387	0.1316
68fe1656-1412-40e5-b26b-0d301c69e175	13	64193658	112423419	32647	0.0015
68fe1656-1412-40e5-b26b-0d301c69e175	13	112424524	114342922	904	-0.0972
68fe1656-1412-40e5-b26b-0d301c69e175	14	18239283	19732222	66	-0.0069
68fe1656-1412-40e5-b26b-0d301c69e175	14	19732250	19952080	97	0.2786
68fe1656-1412-40e5-b26b-0d301c69e175	14	19954424	22302496	1671	0.0012
68fe1656-1412-40e5-b26b-0d301c69e175	14	22302863	22322639	15	0.6027
68fe1656-1412-40e5-b26b-0d301c69e175	14	22324711	23957515	988	-0.023
68fe1656-1412-40e5-b26b-0d301c69e175	14	23975620	24010500	22	-0.9627
68fe1656-1412-40e5-b26b-0d301c69e175	14	24015250	34527440	6734	0.0032
68fe1656-1412-40e5-b26b-0d301c69e175	14	34527508	35359535	398	-0.0965
68fe1656-1412-40e5-b26b-0d301c69e175	14	35359565	43325408	4919	0.0126
68fe1656-1412-40e5-b26b-0d301c69e175	14	43329687	46096049	1504	0.0692
68fe1656-1412-40e5-b26b-0d301c69e175	14	46099312	73534419	17428	0.005
68fe1656-1412-40e5-b26b-0d301c69e175	14	73540003	73554275	8	0.9994
68fe1656-1412-40e5-b26b-0d301c69e175	14	73563196	106416146	20710	-0.005
68fe1656-1412-40e5-b26b-0d301c69e175	14	106418444	106462169	48	-0.6789
68fe1656-1412-40e5-b26b-0d301c69e175	14	106462183	106877229	194	0.0248
68fe1656-1412-40e5-b26b-0d301c69e175	15	19811075	20614765	135	0.214
68fe1656-1412-40e5-b26b-0d301c69e175	15	20625071	30077828	4652	-0.0265
68fe1656-1412-40e5-b26b-0d301c69e175	15	30094208	30487388	31	-0.67
68fe1656-1412-40e5-b26b-0d301c69e175	15	30487788	43553305	8208	0.0014
68fe1656-1412-40e5-b26b-0d301c69e175	15	43592920	43698816	25	-0.8756
68fe1656-1412-40e5-b26b-0d301c69e175	15	43700460	84763934	25181	0.0032
68fe1656-1412-40e5-b26b-0d301c69e175	15	84764056	84766419	3	-2.1897
68fe1656-1412-40e5-b26b-0d301c69e175	15	84766800	97265179	9367	-0.0036
68fe1656-1412-40e5-b26b-0d301c69e175	15	97274562	97290419	12	-0.956
68fe1656-1412-40e5-b26b-0d301c69e175	15	97290421	101928837	3385	-0.0318
68fe1656-1412-40e5-b26b-0d301c69e175	16	10777	603503	283	-0.2401
68fe1656-1412-40e5-b26b-0d301c69e175	16	603675	14887120	10689	-0.0277
68fe1656-1412-40e5-b26b-0d301c69e175	16	14895982	15823340	359	-0.1682
68fe1656-1412-40e5-b26b-0d301c69e175	16	15823464	15825761	2	-2.8547
68fe1656-1412-40e5-b26b-0d301c69e175	16	15827366	16259309	269	-0.1765
68fe1656-1412-40e5-b26b-0d301c69e175	16	16268505	16419781	5	-1.5263
68fe1656-1412-40e5-b26b-0d301c69e175	16	16435734	16539504	9	-0.047
68fe1656-1412-40e5-b26b-0d301c69e175	16	16539715	16563603	7	-0.676
68fe1656-1412-40e5-b26b-0d301c69e175	16	16569719	16606206	9	-0.2247
68fe1656-1412-40e5-b26b-0d301c69e175	16	16614737	21352501	2575	-0.035
68fe1656-1412-40e5-b26b-0d301c69e175	16	21356685	21574710	22	-0.4235
68fe1656-1412-40e5-b26b-0d301c69e175	16	21575403	22547736	367	-0.1393
68fe1656-1412-40e5-b26b-0d301c69e175	16	22566269	22701658	70	-0.4207
68fe1656-1412-40e5-b26b-0d301c69e175	16	22706267	29555988	4213	-0.024
68fe1656-1412-40e5-b26b-0d301c69e175	16	29568713	30308999	210	-0.2949
68fe1656-1412-40e5-b26b-0d301c69e175	16	30320763	55761136	7559	-0.0125
68fe1656-1412-40e5-b26b-0d301c69e175	16	55762477	55788532	22	-0.8947
68fe1656-1412-40e5-b26b-0d301c69e175	16	55808442	78337711	14141	-0.0029
68fe1656-1412-40e5-b26b-0d301c69e175	16	78338543	78350868	17	-2.2678
68fe1656-1412-40e5-b26b-0d301c69e175	16	78351104	83162346	5257	-0.0222
68fe1656-1412-40e5-b26b-0d301c69e175	16	83162620	83175693	18	-1.2616
68fe1656-1412-40e5-b26b-0d301c69e175	16	83177351	84155721	1097	-0.0089
68fe1656-1412-40e5-b26b-0d301c69e175	16	84156343	84925346	705	-0.1825
68fe1656-1412-40e5-b26b-0d301c69e175	16	84925819	85194735	208	-0.0254
68fe1656-1412-40e5-b26b-0d301c69e175	16	85195056	85202442	7	-0.623
68fe1656-1412-40e5-b26b-0d301c69e175	16	85203725	85275193	36	-0.0249
68fe1656-1412-40e5-b26b-0d301c69e175	16	85275284	85277474	2	-2.9775
68fe1656-1412-40e5-b26b-0d301c69e175	16	85278272	88564259	2497	-0.0371
68fe1656-1412-40e5-b26b-0d301c69e175	16	88571375	90057324	628	-0.2529
68fe1656-1412-40e5-b26b-0d301c69e175	16	90057329	90096867	27	0.1733
68fe1656-1412-40e5-b26b-0d301c69e175	17	150733	1301570	556	-0.2132
68fe1656-1412-40e5-b26b-0d301c69e175	17	1302748	18414080	10718	-0.0045
68fe1656-1412-40e5-b26b-0d301c69e175	17	18452078	18561907	27	-1.4514
68fe1656-1412-40e5-b26b-0d301c69e175	17	18565883	18606845	8	0.6516
68fe1656-1412-40e5-b26b-0d301c69e175	17	18626375	34568510	5830	-0.0157
68fe1656-1412-40e5-b26b-0d301c69e175	17	34571477	34571898	2	-1.8984
68fe1656-1412-40e5-b26b-0d301c69e175	17	34572233	41266838	3471	-0.0149
68fe1656-1412-40e5-b26b-0d301c69e175	17	41266851	41274198	18	-1.5473
68fe1656-1412-40e5-b26b-0d301c69e175	17	41274279	46136346	2512	-0.0252
68fe1656-1412-40e5-b26b-0d301c69e175	17	46136800	46707286	97	-0.6155
68fe1656-1412-40e5-b26b-0d301c69e175	17	46707312	57610128	6932	0.0047
68fe1656-1412-40e5-b26b-0d301c69e175	17	57610972	57611632	2	-1.738
68fe1656-1412-40e5-b26b-0d301c69e175	17	57614632	63868089	3049	-0.0041
68fe1656-1412-40e5-b26b-0d301c69e175	17	63876752	63906939	11	-1.428
68fe1656-1412-40e5-b26b-0d301c69e175	17	63911447	73936523	6730	-0.0018
68fe1656-1412-40e5-b26b-0d301c69e175	17	73936616	74669347	476	-0.1873
68fe1656-1412-40e5-b26b-0d301c69e175	17	74670881	83091923	4163	-0.0534
68fe1656-1412-40e5-b26b-0d301c69e175	18	48133	53740491	31451	-0.0064
68fe1656-1412-40e5-b26b-0d301c69e175	18	53740727	53740980	5	-1.2703
68fe1656-1412-40e5-b26b-0d301c69e175	18	53741022	58035080	2717	-0.0157
68fe1656-1412-40e5-b26b-0d301c69e175	18	58036506	58053820	11	-0.642
68fe1656-1412-40e5-b26b-0d301c69e175	18	58055736	65795428	5480	0.0004
68fe1656-1412-40e5-b26b-0d301c69e175	18	65795694	66083801	256	0.1744
68fe1656-1412-40e5-b26b-0d301c69e175	18	66083834	67286412	775	0.0092
68fe1656-1412-40e5-b26b-0d301c69e175	18	67291970	67300028	21	-0.884
68fe1656-1412-40e5-b26b-0d301c69e175	18	67300481	71757808	3254	0.0292
68fe1656-1412-40e5-b26b-0d301c69e175	18	71761703	71772362	12	-1.1249
68fe1656-1412-40e5-b26b-0d301c69e175	18	71773517	71832542	46	-0.1238
68fe1656-1412-40e5-b26b-0d301c69e175	18	71832646	73817687	1569	0.0648
68fe1656-1412-40e5-b26b-0d301c69e175	18	73818329	79359344	4159	-0.0193
68fe1656-1412-40e5-b26b-0d301c69e175	18	79362321	80257174	425	-0.1659
68fe1656-1412-40e5-b26b-0d301c69e175	19	90910	5506648	1574	-0.0473
68fe1656-1412-40e5-b26b-0d301c69e175	19	5510228	5510642	3	-3.3492
68fe1656-1412-40e5-b26b-0d301c69e175	19	5510689	51628560	22985	-0.0268
68fe1656-1412-40e5-b26b-0d301c69e175	19	51639099	51644944	11	1.2947
68fe1656-1412-40e5-b26b-0d301c69e175	19	51651652	58586487	4292	-0.0877
68fe1656-1412-40e5-b26b-0d301c69e175	20	80664	1580156	1188	-0.0793
68fe1656-1412-40e5-b26b-0d301c69e175	20	1580276	1613247	44	-0.6571
68fe1656-1412-40e5-b26b-0d301c69e175	20	1617300	1620148	12	-0.0702
68fe1656-1412-40e5-b26b-0d301c69e175	20	1620279	62668479	40022	-0.0138
68fe1656-1412-40e5-b26b-0d301c69e175	20	62676078	64324800	670	-0.159
68fe1656-1412-40e5-b26b-0d301c69e175	21	10354168	46677045	23612	-0.0027
68fe1656-1412-40e5-b26b-0d301c69e175	22	15294547	18142004	1100	-0.0036
68fe1656-1412-40e5-b26b-0d301c69e175	22	18143362	18146386	6	-1.3386
68fe1656-1412-40e5-b26b-0d301c69e175	22	18147293	22037806	1877	-0.1675
68fe1656-1412-40e5-b26b-0d301c69e175	22	22039207	28217371	4970	-0.0486
68fe1656-1412-40e5-b26b-0d301c69e175	22	28218621	28272406	40	-1.1869
68fe1656-1412-40e5-b26b-0d301c69e175	22	28275254	38147125	6667	-0.0245
68fe1656-1412-40e5-b26b-0d301c69e175	22	38147347	38147446	2	-1.8538
68fe1656-1412-40e5-b26b-0d301c69e175	22	38148126	42380962	2277	-0.0279
68fe1656-1412-40e5-b26b-0d301c69e175	22	42385617	42585161	100	-0.2895
68fe1656-1412-40e5-b26b-0d301c69e175	22	42586566	49015886	4915	-0.0244
68fe1656-1412-40e5-b26b-0d301c69e175	22	49016385	50784087	1107	-0.1739
68fe1656-1412-40e5-b26b-0d301c69e175	22	50785567	50796027	3	0.6194
68fe1656-1412-40e5-b26b-0d301c69e175	X	251810	3084646	294	-0.1467
68fe1656-1412-40e5-b26b-0d301c69e175	X	3086602	5784950	2022	0.0104
68fe1656-1412-40e5-b26b-0d301c69e175	X	5785597	5793196	4	-1.2428
68fe1656-1412-40e5-b26b-0d301c69e175	X	5794092	33158418	18097	-0.001
68fe1656-1412-40e5-b26b-0d301c69e175	X	33160471	35047865	1234	0.0645
68fe1656-1412-40e5-b26b-0d301c69e175	X	35048114	55674826	10121	0.0006
68fe1656-1412-40e5-b26b-0d301c69e175	X	55676226	55681123	3	-2.8804
68fe1656-1412-40e5-b26b-0d301c69e175	X	55681253	88315027	13590	0.0032
68fe1656-1412-40e5-b26b-0d301c69e175	X	88316781	88323583	5	-1.2999
68fe1656-1412-40e5-b26b-0d301c69e175	X	88330749	154334428	36888	0.0065
68fe1656-1412-40e5-b26b-0d301c69e175	X	154347478	154382366	48	-0.3936
68fe1656-1412-40e5-b26b-0d301c69e175	X	154382547	155952689	533	0.0032
68fe1656-1412-40e5-b26b-0d301c69e175	Y	2782397	3314408	190	-3.0065
68fe1656-1412-40e5-b26b-0d301c69e175	Y	3326047	6080059	529	-2.5358
68fe1656-1412-40e5-b26b-0d301c69e175	Y	6081903	8484811	1133	-3.2264
68fe1656-1412-40e5-b26b-0d301c69e175	Y	8485666	9028389	278	-3.7028
68fe1656-1412-40e5-b26b-0d301c69e175	Y	9034672	9330531	93	-3.2495
68fe1656-1412-40e5-b26b-0d301c69e175	Y	9332936	9550385	21	-5.4605
68fe1656-1412-40e5-b26b-0d301c69e175	Y	9550653	23586854	4199	-3.1745
68fe1656-1412-40e5-b26b-0d301c69e175	Y	23784615	56872112	191	-2.7739
