GDC_Aliquot	Chromosome	Start	End	Num_Probes	Segment_Mean
6027e609-6272-4658-b606-e160959fdc12	1	62920	1696979	212	0.1865
6027e609-6272-4658-b606-e160959fdc12	1	1710664	1756619	20	0.8677
6027e609-6272-4658-b606-e160959fdc12	1	1756753	3305906	514	0.1867
6027e609-6272-4658-b606-e160959fdc12	1	3306063	25244339	13200	0.0088
6027e609-6272-4658-b606-e160959fdc12	1	25244778	25346663	35	-0.5728
6027e609-6272-4658-b606-e160959fdc12	1	25351593	34626073	4918	0.0106
6027e609-6272-4658-b606-e160959fdc12	1	34637053	34638890	20	-0.608
6027e609-6272-4658-b606-e160959fdc12	1	34648667	72303233	23590	0.0025
6027e609-6272-4658-b606-e160959fdc12	1	72303253	72345450	44	-1.8052
6027e609-6272-4658-b606-e160959fdc12	1	72345465	75585159	1907	-0.0043
6027e609-6272-4658-b606-e160959fdc12	1	75589078	75589169	2	-2.6875
6027e609-6272-4658-b606-e160959fdc12	1	75593824	109690352	21504	-0.0027
6027e609-6272-4658-b606-e160959fdc12	1	109690431	109697556	11	-1.4264
6027e609-6272-4658-b606-e160959fdc12	1	109702376	152787202	9696	0.0065
6027e609-6272-4658-b606-e160959fdc12	1	152789447	152796224	37	-1.5702
6027e609-6272-4658-b606-e160959fdc12	1	152801429	209897717	37974	0.0013
6027e609-6272-4658-b606-e160959fdc12	1	209908268	209910639	3	-2.6172
6027e609-6272-4658-b606-e160959fdc12	1	209913207	222193326	8526	0.0001
6027e609-6272-4658-b606-e160959fdc12	1	222201492	222203662	2	-3.1486
6027e609-6272-4658-b606-e160959fdc12	1	222208792	229675422	4400	0.0099
6027e609-6272-4658-b606-e160959fdc12	1	229681109	229684449	3	-2.9399
6027e609-6272-4658-b606-e160959fdc12	1	229684709	229686006	7	-0.6679
6027e609-6272-4658-b606-e160959fdc12	1	229686151	247578120	13105	0.0016
6027e609-6272-4658-b606-e160959fdc12	1	247586102	248415350	535	-0.105
6027e609-6272-4658-b606-e160959fdc12	1	248415915	248574146	37	0.3587
6027e609-6272-4658-b606-e160959fdc12	1	248585893	248645808	34	-0.9648
6027e609-6272-4658-b606-e160959fdc12	1	248646068	248930189	139	0.0497
6027e609-6272-4658-b606-e160959fdc12	2	12784	18787972	14114	0.0123
6027e609-6272-4658-b606-e160959fdc12	2	18789206	18789702	2	-2.208
6027e609-6272-4658-b606-e160959fdc12	2	18792185	34295406	9682	0.0072
6027e609-6272-4658-b606-e160959fdc12	2	34298911	34300513	2	-2.1659
6027e609-6272-4658-b606-e160959fdc12	2	34300900	34392336	58	0.0897
6027e609-6272-4658-b606-e160959fdc12	2	34398729	34476327	37	-0.2021
6027e609-6272-4658-b606-e160959fdc12	2	34476516	34511990	44	-0.7045
6027e609-6272-4658-b606-e160959fdc12	2	34512096	52512042	12872	-0.001
6027e609-6272-4658-b606-e160959fdc12	2	52512079	52554157	35	0.4588
6027e609-6272-4658-b606-e160959fdc12	2	52554188	97537802	23676	0.0064
6027e609-6272-4658-b606-e160959fdc12	2	97540809	97545726	4	-1.9978
6027e609-6272-4658-b606-e160959fdc12	2	97550415	106258266	5519	0.0112
6027e609-6272-4658-b606-e160959fdc12	2	106263639	106270799	13	0.9966
6027e609-6272-4658-b606-e160959fdc12	2	106270952	146106875	23647	0.0017
6027e609-6272-4658-b606-e160959fdc12	2	146106889	146109366	21	0.7129
6027e609-6272-4658-b606-e160959fdc12	2	146120238	163780342	10497	0.009
6027e609-6272-4658-b606-e160959fdc12	2	163786978	163788616	5	-1.4397
6027e609-6272-4658-b606-e160959fdc12	2	163790132	179196928	9581	0.0031
6027e609-6272-4658-b606-e160959fdc12	2	179202465	179214417	3	-2.2873
6027e609-6272-4658-b606-e160959fdc12	2	179218864	182922414	2393	0.0189
6027e609-6272-4658-b606-e160959fdc12	2	182922717	195397606	6979	-0.026
6027e609-6272-4658-b606-e160959fdc12	2	195398860	242147305	29095	0.009
6027e609-6272-4658-b606-e160959fdc12	3	20930	2863669	2452	-0.0722
6027e609-6272-4658-b606-e160959fdc12	3	2863959	37935926	24907	-0.0065
6027e609-6272-4658-b606-e160959fdc12	3	37940617	37945392	17	-4.7663
6027e609-6272-4658-b606-e160959fdc12	3	37945437	45722485	4809	0.0069
6027e609-6272-4658-b606-e160959fdc12	3	45722754	45722873	2	-2.1675
6027e609-6272-4658-b606-e160959fdc12	3	45723659	46760327	681	0.0122
6027e609-6272-4658-b606-e160959fdc12	3	46760374	46771582	19	-0.9453
6027e609-6272-4658-b606-e160959fdc12	3	46776750	46790486	4	-2.415
6027e609-6272-4658-b606-e160959fdc12	3	46790521	46808099	16	-1.0115
6027e609-6272-4658-b606-e160959fdc12	3	46817989	130044855	48855	-0.0004
6027e609-6272-4658-b606-e160959fdc12	3	130047743	130087393	37	0.5831
6027e609-6272-4658-b606-e160959fdc12	3	130088081	193156958	39175	-0.0038
6027e609-6272-4658-b606-e160959fdc12	3	193160113	193165114	20	-1.2981
6027e609-6272-4658-b606-e160959fdc12	3	193168646	195934679	1599	0.0128
6027e609-6272-4658-b606-e160959fdc12	3	195963975	195991894	7	-1.2981
6027e609-6272-4658-b606-e160959fdc12	3	195998433	198169247	1075	0.0204
6027e609-6272-4658-b606-e160959fdc12	4	68929	3877891	1557	0.0371
6027e609-6272-4658-b606-e160959fdc12	4	3884081	3899125	3	-1.9366
6027e609-6272-4658-b606-e160959fdc12	4	3901987	10208766	4101	0.0047
6027e609-6272-4658-b606-e160959fdc12	4	10221792	10233644	35	1.2601
6027e609-6272-4658-b606-e160959fdc12	4	10234518	10270469	41	-0.043
6027e609-6272-4658-b606-e160959fdc12	4	10271164	10272578	8	-1.4327
6027e609-6272-4658-b606-e160959fdc12	4	10273002	34777432	16779	0.0006
6027e609-6272-4658-b606-e160959fdc12	4	34784878	34828250	39	0.6993
6027e609-6272-4658-b606-e160959fdc12	4	34828291	63828222	16427	-0.0025
6027e609-6272-4658-b606-e160959fdc12	4	63831751	63841887	22	-1.3756
6027e609-6272-4658-b606-e160959fdc12	4	63842036	63842540	6	-3.1892
6027e609-6272-4658-b606-e160959fdc12	4	63850713	68418873	2826	-0.0147
6027e609-6272-4658-b606-e160959fdc12	4	68422420	68422424	3	1.6026
6027e609-6272-4658-b606-e160959fdc12	4	68429081	69040968	269	-0.1972
6027e609-6272-4658-b606-e160959fdc12	4	69042768	100251187	18845	-0.0056
6027e609-6272-4658-b606-e160959fdc12	4	100251696	100259537	6	-1.4028
6027e609-6272-4658-b606-e160959fdc12	4	100260675	103274294	1769	0.0005
6027e609-6272-4658-b606-e160959fdc12	4	103274295	103277910	4	-1.5255
6027e609-6272-4658-b606-e160959fdc12	4	103277986	103293786	15	-0.0198
6027e609-6272-4658-b606-e160959fdc12	4	103293872	103296945	5	1.2494
6027e609-6272-4658-b606-e160959fdc12	4	103298947	114252544	6618	-0.0044
6027e609-6272-4658-b606-e160959fdc12	4	114254167	114261019	23	0.8226
6027e609-6272-4658-b606-e160959fdc12	4	114263073	120352312	3637	-0.0041
6027e609-6272-4658-b606-e160959fdc12	4	120355209	120355609	2	-2.1676
6027e609-6272-4658-b606-e160959fdc12	4	120356237	121360818	656	-0.0159
6027e609-6272-4658-b606-e160959fdc12	4	121361313	121363827	27	-0.9492
6027e609-6272-4658-b606-e160959fdc12	4	121363980	133834045	6973	-0.0117
6027e609-6272-4658-b606-e160959fdc12	4	133836278	133840740	2	-2.1138
6027e609-6272-4658-b606-e160959fdc12	4	133841553	137171041	1811	-0.0294
6027e609-6272-4658-b606-e160959fdc12	4	137171085	137172260	14	-0.9575
6027e609-6272-4658-b606-e160959fdc12	4	137173804	171447291	21191	-0.005
6027e609-6272-4658-b606-e160959fdc12	4	171447380	171456625	14	-1.06
6027e609-6272-4658-b606-e160959fdc12	4	171459220	172066488	385	-0.0093
6027e609-6272-4658-b606-e160959fdc12	4	172066567	172068382	17	-1.6206
6027e609-6272-4658-b606-e160959fdc12	4	172074828	178593515	3942	0.0025
6027e609-6272-4658-b606-e160959fdc12	4	178595698	178596121	4	-1.7987
6027e609-6272-4658-b606-e160959fdc12	4	178596492	178978209	220	-0.1707
6027e609-6272-4658-b606-e160959fdc12	4	178981041	188664095	6995	0.0071
6027e609-6272-4658-b606-e160959fdc12	4	188664324	190106768	802	-0.0826
6027e609-6272-4658-b606-e160959fdc12	5	15532	647701	284	0.0704
6027e609-6272-4658-b606-e160959fdc12	5	653466	825538	67	0.6468
6027e609-6272-4658-b606-e160959fdc12	5	833513	1949402	613	0.1343
6027e609-6272-4658-b606-e160959fdc12	5	1950144	45859920	29382	-0.0009
6027e609-6272-4658-b606-e160959fdc12	5	45860834	45880280	11	-1.1352
6027e609-6272-4658-b606-e160959fdc12	5	45888402	58014261	5110	-0.0064
6027e609-6272-4658-b606-e160959fdc12	5	58014553	58036233	25	-0.7718
6027e609-6272-4658-b606-e160959fdc12	5	58036248	98974967	23423	-0.0042
6027e609-6272-4658-b606-e160959fdc12	5	98977180	101856265	1688	-0.0909
6027e609-6272-4658-b606-e160959fdc12	5	101856281	104515520	1484	0.0163
6027e609-6272-4658-b606-e160959fdc12	5	104524672	104525471	6	-1.5957
6027e609-6272-4658-b606-e160959fdc12	5	104525489	152134610	30465	-0.0049
6027e609-6272-4658-b606-e160959fdc12	5	152135825	152138502	9	-1.3216
6027e609-6272-4658-b606-e160959fdc12	5	152138527	156048095	2644	0.0041
6027e609-6272-4658-b606-e160959fdc12	5	156049762	156068249	17	-0.9245
6027e609-6272-4658-b606-e160959fdc12	5	156073982	156993692	616	0.0279
6027e609-6272-4658-b606-e160959fdc12	5	156994920	156999228	5	-1.3019
6027e609-6272-4658-b606-e160959fdc12	5	157000282	177771448	14065	0.0123
6027e609-6272-4658-b606-e160959fdc12	5	177800550	177805604	3	3.1785
6027e609-6272-4658-b606-e160959fdc12	5	177827964	180947523	1788	0.0035
6027e609-6272-4658-b606-e160959fdc12	5	180951710	181363319	187	0.1943
6027e609-6272-4658-b606-e160959fdc12	6	149661	302306	125	-0.0008
6027e609-6272-4658-b606-e160959fdc12	6	303017	404632	98	0.2683
6027e609-6272-4658-b606-e160959fdc12	6	404783	29869295	21252	0.002
6027e609-6272-4658-b606-e160959fdc12	6	29869410	29881490	16	0.8829
6027e609-6272-4658-b606-e160959fdc12	6	29882419	29907031	8	-0.0286
6027e609-6272-4658-b606-e160959fdc12	6	29909182	29933799	12	-0.8322
6027e609-6272-4658-b606-e160959fdc12	6	29940692	31318499	633	0.0316
6027e609-6272-4658-b606-e160959fdc12	6	31318528	31328176	6	-2.2527
6027e609-6272-4658-b606-e160959fdc12	6	31328210	32481273	493	0.0707
6027e609-6272-4658-b606-e160959fdc12	6	32485024	32658841	64	-0.6499
6027e609-6272-4658-b606-e160959fdc12	6	32682835	47722763	9570	0.0007
6027e609-6272-4658-b606-e160959fdc12	6	47722811	47722877	2	-2.1749
6027e609-6272-4658-b606-e160959fdc12	6	47722898	54066621	4028	0.0071
6027e609-6272-4658-b606-e160959fdc12	6	54067005	54067057	2	-1.9498
6027e609-6272-4658-b606-e160959fdc12	6	54070550	57982582	2012	0.0083
6027e609-6272-4658-b606-e160959fdc12	6	57982677	61919079	782	-0.1095
6027e609-6272-4658-b606-e160959fdc12	6	61920740	64627049	1398	-0.018
6027e609-6272-4658-b606-e160959fdc12	6	64637651	64639099	2	-2.988
6027e609-6272-4658-b606-e160959fdc12	6	64640883	78253172	8871	-0.0138
6027e609-6272-4658-b606-e160959fdc12	6	78259348	78317642	102	0.3228
6027e609-6272-4658-b606-e160959fdc12	6	78317798	93772923	9836	-0.005
6027e609-6272-4658-b606-e160959fdc12	6	93776524	94930796	754	-0.1117
6027e609-6272-4658-b606-e160959fdc12	6	94932867	133939724	23704	-0.0045
6027e609-6272-4658-b606-e160959fdc12	6	133945130	133948494	3	-1.9003
6027e609-6272-4658-b606-e160959fdc12	6	133950934	170741917	24867	0.0079
6027e609-6272-4658-b606-e160959fdc12	7	43355	3367511	1435	0.0632
6027e609-6272-4658-b606-e160959fdc12	7	3367660	3405117	41	-0.8864
6027e609-6272-4658-b606-e160959fdc12	7	3405550	8167877	3030	0.0077
6027e609-6272-4658-b606-e160959fdc12	7	8167985	10881705	2107	-0.0641
6027e609-6272-4658-b606-e160959fdc12	7	10882198	39037797	21196	0.0006
6027e609-6272-4658-b606-e160959fdc12	7	39037805	39040000	3	-2.0611
6027e609-6272-4658-b606-e160959fdc12	7	39041894	54118474	10218	0.0067
6027e609-6272-4658-b606-e160959fdc12	7	54118521	54123077	17	-0.5775
6027e609-6272-4658-b606-e160959fdc12	7	54123119	54305455	133	0.0046
6027e609-6272-4658-b606-e160959fdc12	7	54318812	54318824	6	-2.2888
6027e609-6272-4658-b606-e160959fdc12	7	54325795	88035924	15442	-0.0016
6027e609-6272-4658-b606-e160959fdc12	7	88041426	88043014	15	-1.1245
6027e609-6272-4658-b606-e160959fdc12	7	88043077	126405502	22740	-0.0061
6027e609-6272-4658-b606-e160959fdc12	7	126405597	126406561	10	-1.2091
6027e609-6272-4658-b606-e160959fdc12	7	126406822	132057115	3287	0.0052
6027e609-6272-4658-b606-e160959fdc12	7	132059844	132059851	2	-2.1917
6027e609-6272-4658-b606-e160959fdc12	7	132059881	134093884	1377	0.0048
6027e609-6272-4658-b606-e160959fdc12	7	134093896	134105657	26	0.7043
6027e609-6272-4658-b606-e160959fdc12	7	134105690	142063324	5159	0.0035
6027e609-6272-4658-b606-e160959fdc12	7	142069843	142092307	34	-0.8343
6027e609-6272-4658-b606-e160959fdc12	7	142099190	142376543	220	-0.0169
6027e609-6272-4658-b606-e160959fdc12	7	142377184	142804120	226	0.1972
6027e609-6272-4658-b606-e160959fdc12	7	142804157	159334314	10345	0.0028
6027e609-6272-4658-b606-e160959fdc12	8	81254	3926665	3317	0.0229
6027e609-6272-4658-b606-e160959fdc12	8	3929538	3935032	29	-1.0646
6027e609-6272-4658-b606-e160959fdc12	8	3935166	9454621	5572	-0.0105
6027e609-6272-4658-b606-e160959fdc12	8	9455371	9458297	8	-1.3004
6027e609-6272-4658-b606-e160959fdc12	8	9460805	12143614	1992	0.0473
6027e609-6272-4658-b606-e160959fdc12	8	12176798	12389977	31	-1.458
6027e609-6272-4658-b606-e160959fdc12	8	12418301	13549179	831	0.0028
6027e609-6272-4658-b606-e160959fdc12	8	13550477	13752318	226	-0.1626
6027e609-6272-4658-b606-e160959fdc12	8	13752338	16040502	2135	-0.0085
6027e609-6272-4658-b606-e160959fdc12	8	16041179	16682002	533	-0.0999
6027e609-6272-4658-b606-e160959fdc12	8	16682647	39373140	15561	0.0074
6027e609-6272-4658-b606-e160959fdc12	8	39378084	39529446	58	-2.1929
6027e609-6272-4658-b606-e160959fdc12	8	39530780	141005805	62646	0.0014
6027e609-6272-4658-b606-e160959fdc12	8	141006686	142423309	827	0.1824
6027e609-6272-4658-b606-e160959fdc12	8	142423653	142762919	116	0.034
6027e609-6272-4658-b606-e160959fdc12	8	142763232	142800489	8	0.8354
6027e609-6272-4658-b606-e160959fdc12	8	142805185	143616645	305	-0.0171
6027e609-6272-4658-b606-e160959fdc12	8	143616763	143625638	11	0.8025
6027e609-6272-4658-b606-e160959fdc12	8	143636819	144224628	168	0.0084
6027e609-6272-4658-b606-e160959fdc12	8	144224999	144877525	216	0.2309
6027e609-6272-4658-b606-e160959fdc12	8	144877990	145072769	117	0.0168
6027e609-6272-4658-b606-e160959fdc12	9	46587	602903	504	0.0275
6027e609-6272-4658-b606-e160959fdc12	9	606699	606961	4	-2.6541
6027e609-6272-4658-b606-e160959fdc12	9	607307	11683979	10397	-0.0004
6027e609-6272-4658-b606-e160959fdc12	9	11684502	12540358	664	-0.1313
6027e609-6272-4658-b606-e160959fdc12	9	12540761	28719761	12647	-0.0096
6027e609-6272-4658-b606-e160959fdc12	9	28720009	28725110	9	-1.1366
6027e609-6272-4658-b606-e160959fdc12	9	28734250	82761361	17298	-0.0006
6027e609-6272-4658-b606-e160959fdc12	9	82761656	82765193	8	-1.1447
6027e609-6272-4658-b606-e160959fdc12	9	82769329	87907679	3816	0.0016
6027e609-6272-4658-b606-e160959fdc12	9	87939236	87939304	2	-2.3698
6027e609-6272-4658-b606-e160959fdc12	9	87943042	102073448	9306	0.003
6027e609-6272-4658-b606-e160959fdc12	9	102077075	102163933	88	-0.2713
6027e609-6272-4658-b606-e160959fdc12	9	102167474	104868654	1985	-0.0211
6027e609-6272-4658-b606-e160959fdc12	9	104872359	104899837	57	0.7731
6027e609-6272-4658-b606-e160959fdc12	9	104900758	138200944	21990	0.0008
6027e609-6272-4658-b606-e160959fdc12	10	45792	760345	415	0.0507
6027e609-6272-4658-b606-e160959fdc12	10	762906	767771	3	-1.5921
6027e609-6272-4658-b606-e160959fdc12	10	768276	17659538	14228	0.0079
6027e609-6272-4658-b606-e160959fdc12	10	17664121	17664149	2	-2.4843
6027e609-6272-4658-b606-e160959fdc12	10	17665872	17852967	68	0.0031
6027e609-6272-4658-b606-e160959fdc12	10	17861832	17934718	8	-1.0654
6027e609-6272-4658-b606-e160959fdc12	10	17941330	24086334	4290	0.0011
6027e609-6272-4658-b606-e160959fdc12	10	24088745	24088991	9	-1.8399
6027e609-6272-4658-b606-e160959fdc12	10	24088992	46525728	12386	0.0041
6027e609-6272-4658-b606-e160959fdc12	10	46525759	46554197	29	0.7079
6027e609-6272-4658-b606-e160959fdc12	10	46559733	55215695	5454	0.008
6027e609-6272-4658-b606-e160959fdc12	10	55216596	56263586	741	-0.1411
6027e609-6272-4658-b606-e160959fdc12	10	56265054	59606046	2401	-0.0119
6027e609-6272-4658-b606-e160959fdc12	10	59606047	59606506	2	-1.8709
6027e609-6272-4658-b606-e160959fdc12	10	59606547	65548193	3995	-0.0008
6027e609-6272-4658-b606-e160959fdc12	10	65548259	65554672	24	0.7172
6027e609-6272-4658-b606-e160959fdc12	10	65554688	66441027	683	-0.0159
6027e609-6272-4658-b606-e160959fdc12	10	66441911	66636905	145	-1.2222
6027e609-6272-4658-b606-e160959fdc12	10	66640406	130721082	43255	0.0053
6027e609-6272-4658-b606-e160959fdc12	10	130722179	131389174	624	0.1014
6027e609-6272-4658-b606-e160959fdc12	10	131391215	131391705	7	-0.9587
6027e609-6272-4658-b606-e160959fdc12	10	131393565	133654968	1146	0.0751
6027e609-6272-4658-b606-e160959fdc12	11	198510	4217824	1723	0.0298
6027e609-6272-4658-b606-e160959fdc12	11	4228783	4314648	25	-0.6899
6027e609-6272-4658-b606-e160959fdc12	11	4314837	4949137	659	-0.0035
6027e609-6272-4658-b606-e160959fdc12	11	4950775	4955042	23	0.7588
6027e609-6272-4658-b606-e160959fdc12	11	4955781	5766862	773	-0.0188
6027e609-6272-4658-b606-e160959fdc12	11	5768371	5788108	31	-0.8245
6027e609-6272-4658-b606-e160959fdc12	11	5788231	18907752	9310	0.0054
6027e609-6272-4658-b606-e160959fdc12	11	18908268	18939631	48	0.4763
6027e609-6272-4658-b606-e160959fdc12	11	18939734	36970498	13219	-0.0007
6027e609-6272-4658-b606-e160959fdc12	11	36972196	37793772	548	-0.1268
6027e609-6272-4658-b606-e160959fdc12	11	37797599	48540700	6629	0.0032
6027e609-6272-4658-b606-e160959fdc12	11	48545348	48604894	30	-0.5121
6027e609-6272-4658-b606-e160959fdc12	11	48605068	62273047	5139	-0.0156
6027e609-6272-4658-b606-e160959fdc12	11	62273321	62275702	2	2.5923
6027e609-6272-4658-b606-e160959fdc12	11	62280495	62334293	36	0.1756
6027e609-6272-4658-b606-e160959fdc12	11	62338453	64917916	1153	0.0054
6027e609-6272-4658-b606-e160959fdc12	11	64918010	66065450	459	0.1645
6027e609-6272-4658-b606-e160959fdc12	11	66066869	133014420	44731	-0.0004
6027e609-6272-4658-b606-e160959fdc12	11	133016419	135074876	1545	0.0841
6027e609-6272-4658-b606-e160959fdc12	12	51460	756804	413	0.0883
6027e609-6272-4658-b606-e160959fdc12	12	759943	764863	17	-0.8636
6027e609-6272-4658-b606-e160959fdc12	12	766188	11359558	6889	0.0095
6027e609-6272-4658-b606-e160959fdc12	12	11359597	11390472	28	-0.8105
6027e609-6272-4658-b606-e160959fdc12	12	11399258	16266471	3497	0.0024
6027e609-6272-4658-b606-e160959fdc12	12	16268053	16268391	2	-2.0854
6027e609-6272-4658-b606-e160959fdc12	12	16275623	30082648	9481	-0.0038
6027e609-6272-4658-b606-e160959fdc12	12	30086334	30090789	25	-0.898
6027e609-6272-4658-b606-e160959fdc12	12	30091000	33141726	2237	0.007
6027e609-6272-4658-b606-e160959fdc12	12	33148472	33154440	27	-0.5995
6027e609-6272-4658-b606-e160959fdc12	12	33155426	129516041	59186	0.0017
6027e609-6272-4658-b606-e160959fdc12	12	129518945	129519049	2	-2.7881
6027e609-6272-4658-b606-e160959fdc12	12	129519225	131636170	1762	0.0555
6027e609-6272-4658-b606-e160959fdc12	12	131648039	131648790	13	-2.2243
6027e609-6272-4658-b606-e160959fdc12	12	131657925	132179854	211	-0.032
6027e609-6272-4658-b606-e160959fdc12	12	132180126	132866228	190	0.2216
6027e609-6272-4658-b606-e160959fdc12	12	132867824	133201603	154	-0.0575
6027e609-6272-4658-b606-e160959fdc12	13	18452809	57189399	25773	0.0016
6027e609-6272-4658-b606-e160959fdc12	13	57189617	57204246	24	-0.8931
6027e609-6272-4658-b606-e160959fdc12	13	57215580	63569398	3702	0.0002
6027e609-6272-4658-b606-e160959fdc12	13	63569716	64190575	371	-0.1706
6027e609-6272-4658-b606-e160959fdc12	13	64190915	66598647	1464	-0.026
6027e609-6272-4658-b606-e160959fdc12	13	66602087	66603651	2	-2.7109
6027e609-6272-4658-b606-e160959fdc12	13	66604212	71902850	3351	-0.0141
6027e609-6272-4658-b606-e160959fdc12	13	71903417	71906418	4	-1.8422
6027e609-6272-4658-b606-e160959fdc12	13	71906467	103972151	21367	-0.0055
6027e609-6272-4658-b606-e160959fdc12	13	103972302	103976291	7	-1.5704
6027e609-6272-4658-b606-e160959fdc12	13	103982087	107244842	2567	-0.0323
6027e609-6272-4658-b606-e160959fdc12	13	107245147	107252273	10	-0.7937
6027e609-6272-4658-b606-e160959fdc12	13	107252319	114342922	4863	0.0187
6027e609-6272-4658-b606-e160959fdc12	14	18239283	22215088	1760	0.0225
6027e609-6272-4658-b606-e160959fdc12	14	22218338	22524749	260	0.266
6027e609-6272-4658-b606-e160959fdc12	14	22526139	43350333	12926	0.0035
6027e609-6272-4658-b606-e160959fdc12	14	43350726	44097281	413	-0.1329
6027e609-6272-4658-b606-e160959fdc12	14	44097384	46275002	1167	-0.0015
6027e609-6272-4658-b606-e160959fdc12	14	46281206	46301210	11	-1.1858
6027e609-6272-4658-b606-e160959fdc12	14	46303072	106877229	38382	0.0036
6027e609-6272-4658-b606-e160959fdc12	15	19811075	20373168	88	-0.2167
6027e609-6272-4658-b606-e160959fdc12	15	20376198	20376311	7	0.7876
6027e609-6272-4658-b606-e160959fdc12	15	20380735	22299523	111	-0.5724
6027e609-6272-4658-b606-e160959fdc12	15	22385639	32883556	5921	0.0151
6027e609-6272-4658-b606-e160959fdc12	15	32884483	32890587	11	-1.2624
6027e609-6272-4658-b606-e160959fdc12	15	32894186	43603508	6918	0.0087
6027e609-6272-4658-b606-e160959fdc12	15	43604064	43703690	19	-1.0086
6027e609-6272-4658-b606-e160959fdc12	15	43721953	76598900	20549	0.0033
6027e609-6272-4658-b606-e160959fdc12	15	76599170	76603433	20	0.8085
6027e609-6272-4658-b606-e160959fdc12	15	76603434	92261512	10178	0.0049
6027e609-6272-4658-b606-e160959fdc12	15	92261527	92263243	30	-0.5047
6027e609-6272-4658-b606-e160959fdc12	15	92267541	93100542	612	0.0104
6027e609-6272-4658-b606-e160959fdc12	15	93102319	93381044	296	0.1659
6027e609-6272-4658-b606-e160959fdc12	15	93383155	101928837	6345	0.0099
6027e609-6272-4658-b606-e160959fdc12	16	10777	64028	25	-0.0934
6027e609-6272-4658-b606-e160959fdc12	16	64144	345836	145	0.2552
6027e609-6272-4658-b606-e160959fdc12	16	348643	16269368	11483	0.0219
6027e609-6272-4658-b606-e160959fdc12	16	16419234	16419781	3	-1.9057
6027e609-6272-4658-b606-e160959fdc12	16	16435734	17183573	355	0.0248
6027e609-6272-4658-b606-e160959fdc12	16	17185393	17542038	256	0.1995
6027e609-6272-4658-b606-e160959fdc12	16	17542303	19933041	1090	-0.015
6027e609-6272-4658-b606-e160959fdc12	16	19934328	19959168	31	-0.8509
6027e609-6272-4658-b606-e160959fdc12	16	19959496	35232200	6641	0.0126
6027e609-6272-4658-b606-e160959fdc12	16	35236333	35522700	167	0.6553
6027e609-6272-4658-b606-e160959fdc12	16	35526596	55761136	6543	-0.0028
6027e609-6272-4658-b606-e160959fdc12	16	55762477	55788532	22	-0.7709
6027e609-6272-4658-b606-e160959fdc12	16	55808442	70105639	8685	-0.0013
6027e609-6272-4658-b606-e160959fdc12	16	70117657	70212022	19	-0.7524
6027e609-6272-4658-b606-e160959fdc12	16	70212430	83908114	11706	0.0076
6027e609-6272-4658-b606-e160959fdc12	16	83909389	84860675	830	0.1322
6027e609-6272-4658-b606-e160959fdc12	16	84860769	88080057	2640	0.0027
6027e609-6272-4658-b606-e160959fdc12	16	88080605	89223504	403	0.1747
6027e609-6272-4658-b606-e160959fdc12	16	89223555	89226542	3	-1.5252
6027e609-6272-4658-b606-e160959fdc12	16	89227325	89871855	302	0.1524
6027e609-6272-4658-b606-e160959fdc12	16	89872043	90096867	125	0.0301
6027e609-6272-4658-b606-e160959fdc12	17	150733	9251750	5087	0.0367
6027e609-6272-4658-b606-e160959fdc12	17	9254018	9266050	8	-1.3631
6027e609-6272-4658-b606-e160959fdc12	17	9269738	18452078	6209	0.0041
6027e609-6272-4658-b606-e160959fdc12	17	18455632	18550123	24	-1.6213
6027e609-6272-4658-b606-e160959fdc12	17	18561272	20079160	652	-0.0012
6027e609-6272-4658-b606-e160959fdc12	17	20079592	20093116	11	-1.209
6027e609-6272-4658-b606-e160959fdc12	17	20096780	36109139	6125	0.0133
6027e609-6272-4658-b606-e160959fdc12	17	36109735	36460442	38	1.1572
6027e609-6272-4658-b606-e160959fdc12	17	36463349	41265456	2510	0.0114
6027e609-6272-4658-b606-e160959fdc12	17	41266762	41274198	23	-1.3959
6027e609-6272-4658-b606-e160959fdc12	17	41274279	45571138	2144	0.0066
6027e609-6272-4658-b606-e160959fdc12	17	45571174	46100092	353	0.1528
6027e609-6272-4658-b606-e160959fdc12	17	46103588	46286804	113	0.7896
6027e609-6272-4658-b606-e160959fdc12	17	46323701	83091923	21427	0.0103
6027e609-6272-4658-b606-e160959fdc12	18	48133	42471713	23825	-0.0011
6027e609-6272-4658-b606-e160959fdc12	18	42476604	42477436	21	-0.9382
6027e609-6272-4658-b606-e160959fdc12	18	42477469	71360069	19865	-0.004
6027e609-6272-4658-b606-e160959fdc12	18	71362446	73679902	1827	-0.1061
6027e609-6272-4658-b606-e160959fdc12	18	73680192	79465243	4353	0.0058
6027e609-6272-4658-b606-e160959fdc12	18	79470409	80043819	267	0.1652
6027e609-6272-4658-b606-e160959fdc12	18	80044460	80257174	124	-0.0082
6027e609-6272-4658-b606-e160959fdc12	19	90910	35358420	16623	0.0096
6027e609-6272-4658-b606-e160959fdc12	19	35364451	35370946	21	-0.6279
6027e609-6272-4658-b606-e160959fdc12	19	35375842	49877601	7038	0.0087
6027e609-6272-4658-b606-e160959fdc12	19	49886573	50048896	100	0.2885
6027e609-6272-4658-b606-e160959fdc12	19	50049154	54215083	2593	0.0269
6027e609-6272-4658-b606-e160959fdc12	19	54215099	54237443	18	-0.9761
6027e609-6272-4658-b606-e160959fdc12	19	54249482	54740939	270	0.031
6027e609-6272-4658-b606-e160959fdc12	19	54772391	54787128	4	-1.8399
6027e609-6272-4658-b606-e160959fdc12	19	54788617	58586487	2298	0.0233
6027e609-6272-4658-b606-e160959fdc12	20	80664	80907	8	-0.9214
6027e609-6272-4658-b606-e160959fdc12	20	80941	1580141	1181	0.0285
6027e609-6272-4658-b606-e160959fdc12	20	1580156	1580305	3	-0.7724
6027e609-6272-4658-b606-e160959fdc12	20	1580353	1613247	42	1.608
6027e609-6272-4658-b606-e160959fdc12	20	1617300	59721295	37939	0.0036
6027e609-6272-4658-b606-e160959fdc12	20	59722413	59740559	11	-1.3336
6027e609-6272-4658-b606-e160959fdc12	20	59741123	60533799	705	-0.0111
6027e609-6272-4658-b606-e160959fdc12	20	60535987	60547635	8	-1.2069
6027e609-6272-4658-b606-e160959fdc12	20	60553323	63822592	1969	0.0172
6027e609-6272-4658-b606-e160959fdc12	20	63828310	63845206	2	-2.1079
6027e609-6272-4658-b606-e160959fdc12	20	63845402	64275161	196	0.1311
6027e609-6272-4658-b606-e160959fdc12	20	64275366	64281110	3	-1.8259
6027e609-6272-4658-b606-e160959fdc12	20	64282468	64324800	8	0.1761
6027e609-6272-4658-b606-e160959fdc12	21	10354168	46677045	23669	-0.0054
6027e609-6272-4658-b606-e160959fdc12	22	15294547	18974174	1144	0.0048
6027e609-6272-4658-b606-e160959fdc12	22	18974269	21772549	1672	0.1706
6027e609-6272-4658-b606-e160959fdc12	22	21776250	33777419	8762	0.0196
6027e609-6272-4658-b606-e160959fdc12	22	33778960	33778998	4	-2.4899
6027e609-6272-4658-b606-e160959fdc12	22	33785435	38967614	3574	0.0077
6027e609-6272-4658-b606-e160959fdc12	22	38967679	38978710	22	-0.8462
6027e609-6272-4658-b606-e160959fdc12	22	38979302	47144333	5149	0.0114
6027e609-6272-4658-b606-e160959fdc12	22	47151499	47160929	8	-0.9802
6027e609-6272-4658-b606-e160959fdc12	22	47161580	49066931	1776	0.0117
6027e609-6272-4658-b606-e160959fdc12	22	49067124	50621247	957	0.1483
6027e609-6272-4658-b606-e160959fdc12	22	50621317	50796027	88	-0.0688
6027e609-6272-4658-b606-e160959fdc12	X	251810	19450600	11630	0.0169
6027e609-6272-4658-b606-e160959fdc12	X	19454127	19519040	48	0.4545
6027e609-6272-4658-b606-e160959fdc12	X	19522930	48000228	17042	-0.0013
6027e609-6272-4658-b606-e160959fdc12	X	48000244	48128795	79	0.8662
6027e609-6272-4658-b606-e160959fdc12	X	48141867	151124426	51791	0.0007
6027e609-6272-4658-b606-e160959fdc12	X	151125462	151126987	2	-2.259
6027e609-6272-4658-b606-e160959fdc12	X	151128083	152802861	1009	0.0282
6027e609-6272-4658-b606-e160959fdc12	X	152806758	153043127	209	0.257
6027e609-6272-4658-b606-e160959fdc12	X	153043198	155952689	1124	0.0365
6027e609-6272-4658-b606-e160959fdc12	Y	2782397	6233384	782	-2.7961
6027e609-6272-4658-b606-e160959fdc12	Y	6249869	9330531	1441	-3.4027
6027e609-6272-4658-b606-e160959fdc12	Y	9332936	9550385	21	-5.4205
6027e609-6272-4658-b606-e160959fdc12	Y	9550653	25614692	4215	-3.2384
6027e609-6272-4658-b606-e160959fdc12	Y	25692892	56872112	175	-2.9105
