GDC_Aliquot	Chromosome	Start	End	Num_Probes	Segment_Mean
b34f746b-bf27-4a5b-9384-0200605d2d26	1	62920	16721984	8677	-0.0065
b34f746b-bf27-4a5b-9384-0200605d2d26	1	16766762	16785682	11	-0.5427
b34f746b-bf27-4a5b-9384-0200605d2d26	1	16787932	16935752	58	0.4433
b34f746b-bf27-4a5b-9384-0200605d2d26	1	16949746	17333061	293	0.0045
b34f746b-bf27-4a5b-9384-0200605d2d26	1	17335269	18240357	654	-0.0713
b34f746b-bf27-4a5b-9384-0200605d2d26	1	18240496	49256621	17589	-0.0024
b34f746b-bf27-4a5b-9384-0200605d2d26	1	49263596	49279028	5	-0.9106
b34f746b-bf27-4a5b-9384-0200605d2d26	1	49288457	61647091	8137	-0.0054
b34f746b-bf27-4a5b-9384-0200605d2d26	1	61647430	61652515	5	-0.9113
b34f746b-bf27-4a5b-9384-0200605d2d26	1	61654137	72302815	7283	-0.0038
b34f746b-bf27-4a5b-9384-0200605d2d26	1	72303233	72345465	46	-1.856
b34f746b-bf27-4a5b-9384-0200605d2d26	1	72346221	109684893	23570	0.0005
b34f746b-bf27-4a5b-9384-0200605d2d26	1	109690352	109702376	14	0.8956
b34f746b-bf27-4a5b-9384-0200605d2d26	1	109703504	152583051	9556	-0.0032
b34f746b-bf27-4a5b-9384-0200605d2d26	1	152583230	152614064	33	-1.8677
b34f746b-bf27-4a5b-9384-0200605d2d26	1	152614100	152783934	162	-0.0041
b34f746b-bf27-4a5b-9384-0200605d2d26	1	152784062	152801429	43	0.3592
b34f746b-bf27-4a5b-9384-0200605d2d26	1	152804279	169247699	11251	0.0025
b34f746b-bf27-4a5b-9384-0200605d2d26	1	169264736	169272528	7	0.7969
b34f746b-bf27-4a5b-9384-0200605d2d26	1	169273163	174826800	3510	0.001
b34f746b-bf27-4a5b-9384-0200605d2d26	1	174827128	174832716	19	-0.8666
b34f746b-bf27-4a5b-9384-0200605d2d26	1	174832734	189053842	9467	-0.0006
b34f746b-bf27-4a5b-9384-0200605d2d26	1	189058092	189062230	6	-0.8674
b34f746b-bf27-4a5b-9384-0200605d2d26	1	189063349	194479104	3695	0.0084
b34f746b-bf27-4a5b-9384-0200605d2d26	1	194482281	194485888	2	-1.8633
b34f746b-bf27-4a5b-9384-0200605d2d26	1	194487886	248525314	37091	-0.0011
b34f746b-bf27-4a5b-9384-0200605d2d26	1	248546369	248633912	36	-0.7373
b34f746b-bf27-4a5b-9384-0200605d2d26	1	248645563	248930189	141	0.0013
b34f746b-bf27-4a5b-9384-0200605d2d26	2	12784	14565932	11031	0.0066
b34f746b-bf27-4a5b-9384-0200605d2d26	2	14566145	14569968	10	-1.2218
b34f746b-bf27-4a5b-9384-0200605d2d26	2	14570240	24376374	6860	0.0097
b34f746b-bf27-4a5b-9384-0200605d2d26	2	24376380	24388259	20	-0.7684
b34f746b-bf27-4a5b-9384-0200605d2d26	2	24388858	34295406	6035	0.0013
b34f746b-bf27-4a5b-9384-0200605d2d26	2	34298911	34300513	2	-1.8949
b34f746b-bf27-4a5b-9384-0200605d2d26	2	34300900	34466002	95	0.0225
b34f746b-bf27-4a5b-9384-0200605d2d26	2	34474248	34511990	46	0.3985
b34f746b-bf27-4a5b-9384-0200605d2d26	2	34512096	43299090	6482	0.0086
b34f746b-bf27-4a5b-9384-0200605d2d26	2	43299247	43305385	7	-1.2136
b34f746b-bf27-4a5b-9384-0200605d2d26	2	43311568	52514599	6484	0.0063
b34f746b-bf27-4a5b-9384-0200605d2d26	2	52516787	52554157	33	0.4637
b34f746b-bf27-4a5b-9384-0200605d2d26	2	52554188	87489240	22055	0.0048
b34f746b-bf27-4a5b-9384-0200605d2d26	2	87489506	87528459	11	-0.7843
b34f746b-bf27-4a5b-9384-0200605d2d26	2	87542032	128881200	20700	0.0025
b34f746b-bf27-4a5b-9384-0200605d2d26	2	128881252	128882741	12	-0.7293
b34f746b-bf27-4a5b-9384-0200605d2d26	2	128882755	146106875	10404	0.0049
b34f746b-bf27-4a5b-9384-0200605d2d26	2	146106889	146109366	21	-2.0221
b34f746b-bf27-4a5b-9384-0200605d2d26	2	146120238	242147305	58974	0.0022
b34f746b-bf27-4a5b-9384-0200605d2d26	3	20930	3568489	3187	0.0227
b34f746b-bf27-4a5b-9384-0200605d2d26	3	3569419	3602164	52	-1.2439
b34f746b-bf27-4a5b-9384-0200605d2d26	3	3604443	6604856	2572	-0.0116
b34f746b-bf27-4a5b-9384-0200605d2d26	3	6609441	6611427	19	0.4005
b34f746b-bf27-4a5b-9384-0200605d2d26	3	6611461	16874295	7564	0.0003
b34f746b-bf27-4a5b-9384-0200605d2d26	3	16876050	16881813	2	-2.8893
b34f746b-bf27-4a5b-9384-0200605d2d26	3	16882947	68697013	34321	-0.0022
b34f746b-bf27-4a5b-9384-0200605d2d26	3	68697108	68698262	14	1.1442
b34f746b-bf27-4a5b-9384-0200605d2d26	3	68699607	75519398	4921	-0.0103
b34f746b-bf27-4a5b-9384-0200605d2d26	3	75523398	75547095	8	0.9157
b34f746b-bf27-4a5b-9384-0200605d2d26	3	75559488	84053071	4675	0.0129
b34f746b-bf27-4a5b-9384-0200605d2d26	3	84056282	84057015	2	-1.3496
b34f746b-bf27-4a5b-9384-0200605d2d26	3	84061816	99225614	6293	0.0116
b34f746b-bf27-4a5b-9384-0200605d2d26	3	99225632	99230232	28	0.37
b34f746b-bf27-4a5b-9384-0200605d2d26	3	99230264	119631498	12608	-0.0036
b34f746b-bf27-4a5b-9384-0200605d2d26	3	119632551	119635091	5	-1.1546
b34f746b-bf27-4a5b-9384-0200605d2d26	3	119636564	130044855	6071	-0.0048
b34f746b-bf27-4a5b-9384-0200605d2d26	3	130047743	130079892	31	0.5835
b34f746b-bf27-4a5b-9384-0200605d2d26	3	130079938	162794951	20243	0.004
b34f746b-bf27-4a5b-9384-0200605d2d26	3	162795304	162908192	67	-0.5242
b34f746b-bf27-4a5b-9384-0200605d2d26	3	162908207	193160173	19143	0.0011
b34f746b-bf27-4a5b-9384-0200605d2d26	3	193160256	193165114	18	1.6331
b34f746b-bf27-4a5b-9384-0200605d2d26	3	193168646	198169114	2686	0.0123
b34f746b-bf27-4a5b-9384-0200605d2d26	3	198169131	198169247	3	-0.9392
b34f746b-bf27-4a5b-9384-0200605d2d26	4	68929	10208766	5689	-0.0034
b34f746b-bf27-4a5b-9384-0200605d2d26	4	10221792	10229874	28	2.146
b34f746b-bf27-4a5b-9384-0200605d2d26	4	10232590	10389091	177	0.0146
b34f746b-bf27-4a5b-9384-0200605d2d26	4	10390730	10399044	16	-0.7605
b34f746b-bf27-4a5b-9384-0200605d2d26	4	10401094	24687261	10350	-0.0013
b34f746b-bf27-4a5b-9384-0200605d2d26	4	24687985	24690264	3	-1.0982
b34f746b-bf27-4a5b-9384-0200605d2d26	4	24692812	34777432	6410	0.0072
b34f746b-bf27-4a5b-9384-0200605d2d26	4	34784878	34823103	38	-2.7196
b34f746b-bf27-4a5b-9384-0200605d2d26	4	34828250	63831799	16536	0.0033
b34f746b-bf27-4a5b-9384-0200605d2d26	4	63831812	63842540	26	0.4111
b34f746b-bf27-4a5b-9384-0200605d2d26	4	63850713	68354665	2847	0.0098
b34f746b-bf27-4a5b-9384-0200605d2d26	4	68361130	68422422	11	-1.102
b34f746b-bf27-4a5b-9384-0200605d2d26	4	68422424	68478894	10	0.0298
b34f746b-bf27-4a5b-9384-0200605d2d26	4	68494770	68686026	75	-0.3122
b34f746b-bf27-4a5b-9384-0200605d2d26	4	68725894	69261926	307	0.0694
b34f746b-bf27-4a5b-9384-0200605d2d26	4	69261934	69366406	55	-0.7469
b34f746b-bf27-4a5b-9384-0200605d2d26	4	69370433	137171085	40522	0.0052
b34f746b-bf27-4a5b-9384-0200605d2d26	4	137171266	137173967	16	-0.6956
b34f746b-bf27-4a5b-9384-0200605d2d26	4	137187209	151260315	8483	-0.0019
b34f746b-bf27-4a5b-9384-0200605d2d26	4	151265210	151268380	5	-1.4334
b34f746b-bf27-4a5b-9384-0200605d2d26	4	151271656	160120152	5553	0.0036
b34f746b-bf27-4a5b-9384-0200605d2d26	4	160131622	160149637	39	-3.3195
b34f746b-bf27-4a5b-9384-0200605d2d26	4	160162718	171448195	7269	0.0098
b34f746b-bf27-4a5b-9384-0200605d2d26	4	171453733	171456137	7	-1.8851
b34f746b-bf27-4a5b-9384-0200605d2d26	4	171456293	172066777	401	-0.0003
b34f746b-bf27-4a5b-9384-0200605d2d26	4	172067997	172068382	12	0.6853
b34f746b-bf27-4a5b-9384-0200605d2d26	4	172074828	175778211	2076	0.0003
b34f746b-bf27-4a5b-9384-0200605d2d26	4	175779215	175779314	2	-1.7196
b34f746b-bf27-4a5b-9384-0200605d2d26	4	175779418	190106768	9980	0.0039
b34f746b-bf27-4a5b-9384-0200605d2d26	5	15532	36346	11	-0.2655
b34f746b-bf27-4a5b-9384-0200605d2d26	5	37013	637175	265	0.0437
b34f746b-bf27-4a5b-9384-0200605d2d26	5	642617	733497	46	-0.1538
b34f746b-bf27-4a5b-9384-0200605d2d26	5	741924	825538	30	1.1459
b34f746b-bf27-4a5b-9384-0200605d2d26	5	833513	12815753	9817	0.0083
b34f746b-bf27-4a5b-9384-0200605d2d26	5	12819201	12838421	12	0.9367
b34f746b-bf27-4a5b-9384-0200605d2d26	5	12849089	58033703	25500	0.0013
b34f746b-bf27-4a5b-9384-0200605d2d26	5	58033756	58037466	25	-0.4259
b34f746b-bf27-4a5b-9384-0200605d2d26	5	58037688	118050922	36183	0.0048
b34f746b-bf27-4a5b-9384-0200605d2d26	5	118052727	118053390	11	-0.8895
b34f746b-bf27-4a5b-9384-0200605d2d26	5	118068645	152134610	21336	0.0046
b34f746b-bf27-4a5b-9384-0200605d2d26	5	152135825	152140710	15	-1.0408
b34f746b-bf27-4a5b-9384-0200605d2d26	5	152140861	180953203	19241	-0.0072
b34f746b-bf27-4a5b-9384-0200605d2d26	5	180960138	180990911	15	0.487
b34f746b-bf27-4a5b-9384-0200605d2d26	5	180991103	181363319	171	0.0222
b34f746b-bf27-4a5b-9384-0200605d2d26	6	149661	237279	79	0.0328
b34f746b-bf27-4a5b-9384-0200605d2d26	6	237332	380821	122	0.1691
b34f746b-bf27-4a5b-9384-0200605d2d26	6	381149	7911469	6244	0.0049
b34f746b-bf27-4a5b-9384-0200605d2d26	6	7913313	7919491	10	-0.6696
b34f746b-bf27-4a5b-9384-0200605d2d26	6	7921871	29881490	15177	0.0005
b34f746b-bf27-4a5b-9384-0200605d2d26	6	29882419	29931120	15	-1.1712
b34f746b-bf27-4a5b-9384-0200605d2d26	6	29931900	31313046	643	0.0041
b34f746b-bf27-4a5b-9384-0200605d2d26	6	31318499	31328176	8	-2.0791
b34f746b-bf27-4a5b-9384-0200605d2d26	6	31328210	32486746	504	0.0086
b34f746b-bf27-4a5b-9384-0200605d2d26	6	32488906	32541699	16	0.7816
b34f746b-bf27-4a5b-9384-0200605d2d26	6	32549151	32722250	88	0.0731
b34f746b-bf27-4a5b-9384-0200605d2d26	6	32723020	32723035	2	-1.6642
b34f746b-bf27-4a5b-9384-0200605d2d26	6	32723053	54066477	13626	-0.0009
b34f746b-bf27-4a5b-9384-0200605d2d26	6	54066582	54067005	3	1.1469
b34f746b-bf27-4a5b-9384-0200605d2d26	6	54067057	55960697	1211	0.0001
b34f746b-bf27-4a5b-9384-0200605d2d26	6	55961357	55978862	10	-1.0511
b34f746b-bf27-4a5b-9384-0200605d2d26	6	55986080	68976737	6009	0.0118
b34f746b-bf27-4a5b-9384-0200605d2d26	6	68977806	68981476	4	-1.2397
b34f746b-bf27-4a5b-9384-0200605d2d26	6	68987514	73882142	3143	0.0112
b34f746b-bf27-4a5b-9384-0200605d2d26	6	73882509	73891694	10	-0.5834
b34f746b-bf27-4a5b-9384-0200605d2d26	6	73893839	76318064	1505	0.0061
b34f746b-bf27-4a5b-9384-0200605d2d26	6	76323236	76323492	3	-1.055
b34f746b-bf27-4a5b-9384-0200605d2d26	6	76323667	76726815	262	-0.0148
b34f746b-bf27-4a5b-9384-0200605d2d26	6	76730151	76733530	11	-0.5889
b34f746b-bf27-4a5b-9384-0200605d2d26	6	76736482	78253172	986	0.0072
b34f746b-bf27-4a5b-9384-0200605d2d26	6	78259348	78325468	112	0.4677
b34f746b-bf27-4a5b-9384-0200605d2d26	6	78329517	103286954	15459	0.0064
b34f746b-bf27-4a5b-9384-0200605d2d26	6	103290101	103317795	47	0.6483
b34f746b-bf27-4a5b-9384-0200605d2d26	6	103317836	113900791	6657	-0.0009
b34f746b-bf27-4a5b-9384-0200605d2d26	6	113903677	113903852	2	-4.203
b34f746b-bf27-4a5b-9384-0200605d2d26	6	113904647	165310563	33838	-0.0011
b34f746b-bf27-4a5b-9384-0200605d2d26	6	165318037	165318439	2	1.4182
b34f746b-bf27-4a5b-9384-0200605d2d26	6	165321163	170741917	3587	0.0078
b34f746b-bf27-4a5b-9384-0200605d2d26	7	43355	38258234	27330	0.0063
b34f746b-bf27-4a5b-9384-0200605d2d26	7	38258721	38326911	106	-0.4748
b34f746b-bf27-4a5b-9384-0200605d2d26	7	38331191	62695960	13106	-0.004
b34f746b-bf27-4a5b-9384-0200605d2d26	7	62696111	62701896	16	-0.9353
b34f746b-bf27-4a5b-9384-0200605d2d26	7	62720732	88956585	14050	0.0003
b34f746b-bf27-4a5b-9384-0200605d2d26	7	88956787	88962978	5	-1.3666
b34f746b-bf27-4a5b-9384-0200605d2d26	7	88962997	126404920	22264	0.0064
b34f746b-bf27-4a5b-9384-0200605d2d26	7	126405428	126406561	12	-1.1854
b34f746b-bf27-4a5b-9384-0200605d2d26	7	126406822	134074049	4672	-0.0048
b34f746b-bf27-4a5b-9384-0200605d2d26	7	134075798	134114093	56	-0.2581
b34f746b-bf27-4a5b-9384-0200605d2d26	7	134114401	142061030	5188	-0.0047
b34f746b-bf27-4a5b-9384-0200605d2d26	7	142062894	142092307	36	-0.5473
b34f746b-bf27-4a5b-9384-0200605d2d26	7	142099190	142339278	177	0.0252
b34f746b-bf27-4a5b-9384-0200605d2d26	7	142339954	142785841	267	-0.1616
b34f746b-bf27-4a5b-9384-0200605d2d26	7	142801993	153450553	6311	-0.0099
b34f746b-bf27-4a5b-9384-0200605d2d26	7	153450560	153450627	2	-2.7187
b34f746b-bf27-4a5b-9384-0200605d2d26	7	153450630	159334314	4087	0.0009
b34f746b-bf27-4a5b-9384-0200605d2d26	8	81254	16402103	14564	0.0122
b34f746b-bf27-4a5b-9384-0200605d2d26	8	16404726	16417152	28	-0.7788
b34f746b-bf27-4a5b-9384-0200605d2d26	8	16421186	71300130	33795	0.0017
b34f746b-bf27-4a5b-9384-0200605d2d26	8	71303076	71304364	8	-2.5343
b34f746b-bf27-4a5b-9384-0200605d2d26	8	71307628	114619814	25886	0.0034
b34f746b-bf27-4a5b-9384-0200605d2d26	8	114622258	114629502	35	-0.6218
b34f746b-bf27-4a5b-9384-0200605d2d26	8	114638468	128735944	9782	-0.0038
b34f746b-bf27-4a5b-9384-0200605d2d26	8	128739928	128744020	4	-1.2288
b34f746b-bf27-4a5b-9384-0200605d2d26	8	128750889	145072769	11233	-0.0043
b34f746b-bf27-4a5b-9384-0200605d2d26	9	46587	2147099	2310	0.0083
b34f746b-bf27-4a5b-9384-0200605d2d26	9	2148837	2150662	6	-0.9548
b34f746b-bf27-4a5b-9384-0200605d2d26	9	2152115	5078423	2912	0.0101
b34f746b-bf27-4a5b-9384-0200605d2d26	9	5078443	5081766	10	-0.5583
b34f746b-bf27-4a5b-9384-0200605d2d26	9	5081852	23361807	15149	-0.0014
b34f746b-bf27-4a5b-9384-0200605d2d26	9	23363117	23373486	8	-2.3083
b34f746b-bf27-4a5b-9384-0200605d2d26	9	23378490	29091099	4329	0.0025
b34f746b-bf27-4a5b-9384-0200605d2d26	9	29094551	29097682	3	-3.1024
b34f746b-bf27-4a5b-9384-0200605d2d26	9	29101434	39249784	6371	0.0069
b34f746b-bf27-4a5b-9384-0200605d2d26	9	39272359	39342578	4	-1.2966
b34f746b-bf27-4a5b-9384-0200605d2d26	9	39342828	61405110	225	0.0662
b34f746b-bf27-4a5b-9384-0200605d2d26	9	61520021	61647899	30	-1.5575
b34f746b-bf27-4a5b-9384-0200605d2d26	9	61665362	138200944	48007	-0.0012
b34f746b-bf27-4a5b-9384-0200605d2d26	10	45792	114098532	76313	0.001
b34f746b-bf27-4a5b-9384-0200605d2d26	10	114103981	114121782	6	-1.217
b34f746b-bf27-4a5b-9384-0200605d2d26	10	114122689	125375099	8147	0.0029
b34f746b-bf27-4a5b-9384-0200605d2d26	10	125378921	125384374	3	-1.2884
b34f746b-bf27-4a5b-9384-0200605d2d26	10	125385491	133654968	6016	0.0069
b34f746b-bf27-4a5b-9384-0200605d2d26	11	198510	4946166	2413	0.0178
b34f746b-bf27-4a5b-9384-0200605d2d26	11	4946420	4955042	31	-0.3972
b34f746b-bf27-4a5b-9384-0200605d2d26	11	4955781	5761746	776	0.0065
b34f746b-bf27-4a5b-9384-0200605d2d26	11	5761822	5787909	38	-0.469
b34f746b-bf27-4a5b-9384-0200605d2d26	11	5788108	6086560	240	0.0197
b34f746b-bf27-4a5b-9384-0200605d2d26	11	6087039	6100864	8	0.6716
b34f746b-bf27-4a5b-9384-0200605d2d26	11	6101273	11203767	3582	0.0195
b34f746b-bf27-4a5b-9384-0200605d2d26	11	11204565	11204589	2	-1.5962
b34f746b-bf27-4a5b-9384-0200605d2d26	11	11205091	18928100	5564	-0.0012
b34f746b-bf27-4a5b-9384-0200605d2d26	11	18928121	18935143	23	-0.4117
b34f746b-bf27-4a5b-9384-0200605d2d26	11	18936186	48576870	20561	0.0011
b34f746b-bf27-4a5b-9384-0200605d2d26	11	48579882	48581124	2	-2.2464
b34f746b-bf27-4a5b-9384-0200605d2d26	11	48584766	55606712	1181	-0.0199
b34f746b-bf27-4a5b-9384-0200605d2d26	11	55606727	55711401	74	-0.262
b34f746b-bf27-4a5b-9384-0200605d2d26	11	55711419	63689305	4660	0.0057
b34f746b-bf27-4a5b-9384-0200605d2d26	11	63693119	63698855	4	-1.0472
b34f746b-bf27-4a5b-9384-0200605d2d26	11	63699469	79351885	7861	0.0046
b34f746b-bf27-4a5b-9384-0200605d2d26	11	79352676	79357237	2	-1.4189
b34f746b-bf27-4a5b-9384-0200605d2d26	11	79357349	80256460	688	0.0032
b34f746b-bf27-4a5b-9384-0200605d2d26	11	80256469	80256504	2	-1.6149
b34f746b-bf27-4a5b-9384-0200605d2d26	11	80256520	135074876	38971	0.0026
b34f746b-bf27-4a5b-9384-0200605d2d26	12	51460	756804	414	0.0107
b34f746b-bf27-4a5b-9384-0200605d2d26	12	759943	764863	18	-3.2342
b34f746b-bf27-4a5b-9384-0200605d2d26	12	766188	9477960	5727	0.0075
b34f746b-bf27-4a5b-9384-0200605d2d26	12	9481274	9575696	24	0.8623
b34f746b-bf27-4a5b-9384-0200605d2d26	12	9582373	11066824	1033	-0.0007
b34f746b-bf27-4a5b-9384-0200605d2d26	12	11068125	11099275	11	0.783
b34f746b-bf27-4a5b-9384-0200605d2d26	12	11104230	12377763	981	-0.0069
b34f746b-bf27-4a5b-9384-0200605d2d26	12	12383285	12388935	17	-0.8004
b34f746b-bf27-4a5b-9384-0200605d2d26	12	12389946	33141726	14524	0.0011
b34f746b-bf27-4a5b-9384-0200605d2d26	12	33148472	33155426	28	-0.8002
b34f746b-bf27-4a5b-9384-0200605d2d26	12	33155453	131636170	61371	0.0009
b34f746b-bf27-4a5b-9384-0200605d2d26	12	131648039	131648790	13	-1.921
b34f746b-bf27-4a5b-9384-0200605d2d26	12	131657925	133201603	558	-0.0173
b34f746b-bf27-4a5b-9384-0200605d2d26	13	18452809	63650072	29787	0.004
b34f746b-bf27-4a5b-9384-0200605d2d26	13	63650659	63662559	9	-1.0096
b34f746b-bf27-4a5b-9384-0200605d2d26	13	63665430	97875020	22087	0.0047
b34f746b-bf27-4a5b-9384-0200605d2d26	13	97877870	97879211	6	-1.1609
b34f746b-bf27-4a5b-9384-0200605d2d26	13	97881576	114342922	12110	0.0043
b34f746b-bf27-4a5b-9384-0200605d2d26	14	18239283	18646056	16	-0.0507
b34f746b-bf27-4a5b-9384-0200605d2d26	14	18656322	19951100	147	0.2852
b34f746b-bf27-4a5b-9384-0200605d2d26	14	19951992	20082188	95	0.0177
b34f746b-bf27-4a5b-9384-0200605d2d26	14	20082381	20085125	2	-1.5707
b34f746b-bf27-4a5b-9384-0200605d2d26	14	20087037	21799319	1125	0.0042
b34f746b-bf27-4a5b-9384-0200605d2d26	14	21799873	21942460	155	-0.1226
b34f746b-bf27-4a5b-9384-0200605d2d26	14	21945587	22501463	463	-0.3939
b34f746b-bf27-4a5b-9384-0200605d2d26	14	22501487	38325335	9974	0.0035
b34f746b-bf27-4a5b-9384-0200605d2d26	14	38330250	38331170	10	-0.8944
b34f746b-bf27-4a5b-9384-0200605d2d26	14	38335052	40139724	1026	0.0056
b34f746b-bf27-4a5b-9384-0200605d2d26	14	40144718	40147715	2	-2.9413
b34f746b-bf27-4a5b-9384-0200605d2d26	14	40148961	44704897	2855	0.0206
b34f746b-bf27-4a5b-9384-0200605d2d26	14	44712945	44754510	32	-1.0913
b34f746b-bf27-4a5b-9384-0200605d2d26	14	44757656	73529070	18279	0.0046
b34f746b-bf27-4a5b-9384-0200605d2d26	14	73534419	73554275	9	-1.2397
b34f746b-bf27-4a5b-9384-0200605d2d26	14	73563196	106258891	20796	0.0071
b34f746b-bf27-4a5b-9384-0200605d2d26	14	106260759	106297409	21	-0.5024
b34f746b-bf27-4a5b-9384-0200605d2d26	14	106300266	106877229	294	0.0305
b34f746b-bf27-4a5b-9384-0200605d2d26	15	19811075	20001686	45	-0.0343
b34f746b-bf27-4a5b-9384-0200605d2d26	15	20011702	20373168	43	0.6176
b34f746b-bf27-4a5b-9384-0200605d2d26	15	20376198	20381406	13	-0.1761
b34f746b-bf27-4a5b-9384-0200605d2d26	15	20381492	22385639	106	0.6425
b34f746b-bf27-4a5b-9384-0200605d2d26	15	22395047	56497449	20897	0.0014
b34f746b-bf27-4a5b-9384-0200605d2d26	15	56498505	56508779	25	-0.8452
b34f746b-bf27-4a5b-9384-0200605d2d26	15	56509425	76586021	12727	0.0045
b34f746b-bf27-4a5b-9384-0200605d2d26	15	76598900	76603434	22	1.0314
b34f746b-bf27-4a5b-9384-0200605d2d26	15	76609838	101928837	17592	0.0045
b34f746b-bf27-4a5b-9384-0200605d2d26	16	10777	16269368	11729	-0.0036
b34f746b-bf27-4a5b-9384-0200605d2d26	16	16419234	16419781	3	-3.3243
b34f746b-bf27-4a5b-9384-0200605d2d26	16	16435734	16563603	16	-0.8555
b34f746b-bf27-4a5b-9384-0200605d2d26	16	16569719	55762682	15141	0.001
b34f746b-bf27-4a5b-9384-0200605d2d26	16	55764310	55764867	3	2.4299
b34f746b-bf27-4a5b-9384-0200605d2d26	16	55770436	78749065	14803	0
b34f746b-bf27-4a5b-9384-0200605d2d26	16	78750354	78800860	66	-1.1965
b34f746b-bf27-4a5b-9384-0200605d2d26	16	78803133	90096867	10016	-0.0015
b34f746b-bf27-4a5b-9384-0200605d2d26	17	150733	18455635	11376	0.0092
b34f746b-bf27-4a5b-9384-0200605d2d26	17	18458372	18561272	23	0.5656
b34f746b-bf27-4a5b-9384-0200605d2d26	17	18561907	36113405	6820	-0.0106
b34f746b-bf27-4a5b-9384-0200605d2d26	17	36113461	36200725	33	0.5054
b34f746b-bf27-4a5b-9384-0200605d2d26	17	36208249	45568527	4697	0.0016
b34f746b-bf27-4a5b-9384-0200605d2d26	17	45571138	45571174	2	-2.5003
b34f746b-bf27-4a5b-9384-0200605d2d26	17	45577724	56083690	6265	0.001
b34f746b-bf27-4a5b-9384-0200605d2d26	17	56083810	56095230	23	-1.2307
b34f746b-bf27-4a5b-9384-0200605d2d26	17	56095462	64867438	4693	-0.002
b34f746b-bf27-4a5b-9384-0200605d2d26	17	64929599	64929920	2	1.6594
b34f746b-bf27-4a5b-9384-0200605d2d26	17	64930571	80655063	10070	-0.0024
b34f746b-bf27-4a5b-9384-0200605d2d26	17	80655993	80660379	2	-1.7269
b34f746b-bf27-4a5b-9384-0200605d2d26	17	80660500	83091923	947	0.0055
b34f746b-bf27-4a5b-9384-0200605d2d26	18	48133	2920867	2050	0.0243
b34f746b-bf27-4a5b-9384-0200605d2d26	18	2921446	40680456	20701	-0.0015
b34f746b-bf27-4a5b-9384-0200605d2d26	18	40680470	40685425	18	0.4434
b34f746b-bf27-4a5b-9384-0200605d2d26	18	40689534	65540037	17111	-0.0021
b34f746b-bf27-4a5b-9384-0200605d2d26	18	65540145	80257174	10783	0.0226
b34f746b-bf27-4a5b-9384-0200605d2d26	19	90910	35172871	16513	-0.0043
b34f746b-bf27-4a5b-9384-0200605d2d26	19	35172940	35175144	6	-1.1438
b34f746b-bf27-4a5b-9384-0200605d2d26	19	35175178	43139226	4023	-0.0089
b34f746b-bf27-4a5b-9384-0200605d2d26	19	43142696	43236813	44	-0.8999
b34f746b-bf27-4a5b-9384-0200605d2d26	19	43249149	58586487	8487	-0.0037
b34f746b-bf27-4a5b-9384-0200605d2d26	20	80664	1586808	1204	0.0073
b34f746b-bf27-4a5b-9384-0200605d2d26	20	1587007	1613247	38	-0.6949
b34f746b-bf27-4a5b-9384-0200605d2d26	20	1617300	57539439	36476	0.0009
b34f746b-bf27-4a5b-9384-0200605d2d26	20	57540627	57544076	2	-1.9364
b34f746b-bf27-4a5b-9384-0200605d2d26	20	57544613	64324800	4598	0.0015
b34f746b-bf27-4a5b-9384-0200605d2d26	21	10354168	10569525	55	0.0359
b34f746b-bf27-4a5b-9384-0200605d2d26	21	10571815	10646516	28	-0.3017
b34f746b-bf27-4a5b-9384-0200605d2d26	21	10682775	10756733	3	-1.5054
b34f746b-bf27-4a5b-9384-0200605d2d26	21	10775586	46677045	23736	0.0065
b34f746b-bf27-4a5b-9384-0200605d2d26	22	15294547	18620743	1132	0.0277
b34f746b-bf27-4a5b-9384-0200605d2d26	22	18649244	18783014	4	-1.203
b34f746b-bf27-4a5b-9384-0200605d2d26	22	18818348	23987520	3255	-0.0026
b34f746b-bf27-4a5b-9384-0200605d2d26	22	23988078	23989773	2	-3.1174
b34f746b-bf27-4a5b-9384-0200605d2d26	22	23990431	50796027	18850	-0.0016
b34f746b-bf27-4a5b-9384-0200605d2d26	X	251810	155190019	83318	0.0023
b34f746b-bf27-4a5b-9384-0200605d2d26	X	155203976	155334707	68	0.634
b34f746b-bf27-4a5b-9384-0200605d2d26	X	155336422	155451362	18	0.0682
b34f746b-bf27-4a5b-9384-0200605d2d26	X	155506037	155515872	5	-0.9159
b34f746b-bf27-4a5b-9384-0200605d2d26	X	155522452	155952689	132	-0.0002
b34f746b-bf27-4a5b-9384-0200605d2d26	Y	2782397	6233384	784	-2.8604
b34f746b-bf27-4a5b-9384-0200605d2d26	Y	6249869	9330531	1444	-3.3677
b34f746b-bf27-4a5b-9384-0200605d2d26	Y	9332936	9550385	21	-5.0845
b34f746b-bf27-4a5b-9384-0200605d2d26	Y	9550653	13478396	1016	-3.2258
b34f746b-bf27-4a5b-9384-0200605d2d26	Y	13478462	13482643	3	-7.6945
b34f746b-bf27-4a5b-9384-0200605d2d26	Y	13483009	25169825	3193	-3.2975
b34f746b-bf27-4a5b-9384-0200605d2d26	Y	25472063	56872112	179	-2.9614
