GDC_Aliquot	Chromosome	Start	End	Num_Probes	Segment_Mean
31c0a89c-deca-4a99-8c8d-ff0a4152cc40	1	62920	266187	17	0.1384
31c0a89c-deca-4a99-8c8d-ff0a4152cc40	1	462795	25256800	13914	-0.4484
31c0a89c-deca-4a99-8c8d-ff0a4152cc40	1	25256850	25320455	25	0.3371
31c0a89c-deca-4a99-8c8d-ff0a4152cc40	1	25336819	27941987	1092	-0.4582
31c0a89c-deca-4a99-8c8d-ff0a4152cc40	1	27942195	27943535	2	-2.9704
31c0a89c-deca-4a99-8c8d-ff0a4152cc40	1	27944226	30189691	1203	-0.4163
31c0a89c-deca-4a99-8c8d-ff0a4152cc40	1	30190003	30192228	3	1.3536
31c0a89c-deca-4a99-8c8d-ff0a4152cc40	1	30192672	32353429	1235	-0.4476
31c0a89c-deca-4a99-8c8d-ff0a4152cc40	1	32365942	32435639	32	0.0906
31c0a89c-deca-4a99-8c8d-ff0a4152cc40	1	32439466	32440206	2	0.8108
31c0a89c-deca-4a99-8c8d-ff0a4152cc40	1	32449043	72303233	25043	-0.4318
31c0a89c-deca-4a99-8c8d-ff0a4152cc40	1	72303253	72345465	45	-1.2413
31c0a89c-deca-4a99-8c8d-ff0a4152cc40	1	72346221	109888800	23678	-0.4462
31c0a89c-deca-4a99-8c8d-ff0a4152cc40	1	109888892	109891299	2	-2.734
31c0a89c-deca-4a99-8c8d-ff0a4152cc40	1	109893187	119391420	6373	-0.4548
31c0a89c-deca-4a99-8c8d-ff0a4152cc40	1	119392438	121450637	541	0.4155
31c0a89c-deca-4a99-8c8d-ff0a4152cc40	1	121451744	121705338	63	-0.0392
31c0a89c-deca-4a99-8c8d-ff0a4152cc40	1	143459641	143710845	90	-0.3118
31c0a89c-deca-4a99-8c8d-ff0a4152cc40	1	143713743	152583230	2347	0.0471
31c0a89c-deca-4a99-8c8d-ff0a4152cc40	1	152583291	152613762	30	1.4851
31c0a89c-deca-4a99-8c8d-ff0a4152cc40	1	152613802	152784330	168	0.1075
31c0a89c-deca-4a99-8c8d-ff0a4152cc40	1	152785214	152801429	40	0.5291
31c0a89c-deca-4a99-8c8d-ff0a4152cc40	1	152804279	196740316	29414	0.0388
31c0a89c-deca-4a99-8c8d-ff0a4152cc40	1	196740630	196859808	77	0.3599
31c0a89c-deca-4a99-8c8d-ff0a4152cc40	1	196862194	202598425	3670	0.0163
31c0a89c-deca-4a99-8c8d-ff0a4152cc40	1	202598585	202598658	2	1.9112
31c0a89c-deca-4a99-8c8d-ff0a4152cc40	1	202599414	204093280	949	-0.0048
31c0a89c-deca-4a99-8c8d-ff0a4152cc40	1	204098153	204175121	75	0.3793
31c0a89c-deca-4a99-8c8d-ff0a4152cc40	1	204176157	213100207	6163	0.0296
31c0a89c-deca-4a99-8c8d-ff0a4152cc40	1	213100875	213682245	364	0.3926
31c0a89c-deca-4a99-8c8d-ff0a4152cc40	1	213683044	213759478	69	0.0621
31c0a89c-deca-4a99-8c8d-ff0a4152cc40	1	213760024	214464465	562	0.4048
31c0a89c-deca-4a99-8c8d-ff0a4152cc40	1	214465093	214465114	2	-0.9117
31c0a89c-deca-4a99-8c8d-ff0a4152cc40	1	214465910	214808262	251	0.3645
31c0a89c-deca-4a99-8c8d-ff0a4152cc40	1	214810473	215262458	344	0.0746
31c0a89c-deca-4a99-8c8d-ff0a4152cc40	1	215263508	225400227	6838	0.3858
31c0a89c-deca-4a99-8c8d-ff0a4152cc40	1	225400674	228744274	1829	0.3347
31c0a89c-deca-4a99-8c8d-ff0a4152cc40	1	228744351	234757217	4693	0.3777
31c0a89c-deca-4a99-8c8d-ff0a4152cc40	1	234757673	240228440	4087	0.336
31c0a89c-deca-4a99-8c8d-ff0a4152cc40	1	240230715	240230824	5	-0.8709
31c0a89c-deca-4a99-8c8d-ff0a4152cc40	1	240230839	248930189	5857	0.3855
31c0a89c-deca-4a99-8c8d-ff0a4152cc40	2	12784	4158097	2988	0.3519
31c0a89c-deca-4a99-8c8d-ff0a4152cc40	2	4166274	4175577	36	-0.3359
31c0a89c-deca-4a99-8c8d-ff0a4152cc40	2	4175922	7499242	2900	0.3719
31c0a89c-deca-4a99-8c8d-ff0a4152cc40	2	7502934	7506841	2	2.2507
31c0a89c-deca-4a99-8c8d-ff0a4152cc40	2	7506876	17040558	6924	0.3591
31c0a89c-deca-4a99-8c8d-ff0a4152cc40	2	17040572	17056694	39	-0.5079
31c0a89c-deca-4a99-8c8d-ff0a4152cc40	2	17061270	35750907	12103	0.3632
31c0a89c-deca-4a99-8c8d-ff0a4152cc40	2	35752724	35762881	7	-1.2486
31c0a89c-deca-4a99-8c8d-ff0a4152cc40	2	35772407	52514599	12113	0.3611
31c0a89c-deca-4a99-8c8d-ff0a4152cc40	2	52516787	52554274	37	0.9673
31c0a89c-deca-4a99-8c8d-ff0a4152cc40	2	52554359	67893997	10105	0.3686
31c0a89c-deca-4a99-8c8d-ff0a4152cc40	2	67894174	67894203	2	2.2542
31c0a89c-deca-4a99-8c8d-ff0a4152cc40	2	67894770	87110846	11883	0.3512
31c0a89c-deca-4a99-8c8d-ff0a4152cc40	2	87117615	87245291	31	-0.4892
31c0a89c-deca-4a99-8c8d-ff0a4152cc40	2	87249453	87263179	9	0.4991
31c0a89c-deca-4a99-8c8d-ff0a4152cc40	2	87263534	87674944	74	-0.2755
31c0a89c-deca-4a99-8c8d-ff0a4152cc40	2	87695122	90038664	697	0.3515
31c0a89c-deca-4a99-8c8d-ff0a4152cc40	2	90048532	94675825	158	0.1516
31c0a89c-deca-4a99-8c8d-ff0a4152cc40	2	94675975	113950285	10424	0.3461
31c0a89c-deca-4a99-8c8d-ff0a4152cc40	2	113951151	116832277	1771	0.4088
31c0a89c-deca-4a99-8c8d-ff0a4152cc40	2	116833669	130022403	8527	0.3429
31c0a89c-deca-4a99-8c8d-ff0a4152cc40	2	130022580	130258634	50	-0.0182
31c0a89c-deca-4a99-8c8d-ff0a4152cc40	2	130258728	130948409	193	0.3246
31c0a89c-deca-4a99-8c8d-ff0a4152cc40	2	130951076	131507516	218	0.0193
31c0a89c-deca-4a99-8c8d-ff0a4152cc40	2	131508964	134595634	2018	0.3548
31c0a89c-deca-4a99-8c8d-ff0a4152cc40	2	134599633	135249405	337	0.011
31c0a89c-deca-4a99-8c8d-ff0a4152cc40	2	135252652	135978550	318	0.3416
31c0a89c-deca-4a99-8c8d-ff0a4152cc40	2	135979036	138704735	1797	0.0384
31c0a89c-deca-4a99-8c8d-ff0a4152cc40	2	138705317	139562617	573	0.3519
31c0a89c-deca-4a99-8c8d-ff0a4152cc40	2	139568392	146106861	4034	0.0065
31c0a89c-deca-4a99-8c8d-ff0a4152cc40	2	146106875	146121331	32	0.4116
31c0a89c-deca-4a99-8c8d-ff0a4152cc40	2	146121420	159239876	7883	0.0024
31c0a89c-deca-4a99-8c8d-ff0a4152cc40	2	159242021	159318483	51	0.3867
31c0a89c-deca-4a99-8c8d-ff0a4152cc40	2	159318543	188254196	17753	0.0173
31c0a89c-deca-4a99-8c8d-ff0a4152cc40	2	188255201	188262203	4	-2.0893
31c0a89c-deca-4a99-8c8d-ff0a4152cc40	2	188264331	242147305	33304	0.0086
31c0a89c-deca-4a99-8c8d-ff0a4152cc40	3	20930	11351613	9508	0.0341
31c0a89c-deca-4a99-8c8d-ff0a4152cc40	3	11351794	11366520	27	-0.4391
31c0a89c-deca-4a99-8c8d-ff0a4152cc40	3	11366568	11371130	3	0.4355
31c0a89c-deca-4a99-8c8d-ff0a4152cc40	3	11371349	11551539	93	-0.4579
31c0a89c-deca-4a99-8c8d-ff0a4152cc40	3	11552053	52835034	25950	0.0272
31c0a89c-deca-4a99-8c8d-ff0a4152cc40	3	52836116	53067810	184	0.3966
31c0a89c-deca-4a99-8c8d-ff0a4152cc40	3	53069245	60858970	5786	0.0407
31c0a89c-deca-4a99-8c8d-ff0a4152cc40	3	60863732	60864509	2	1.8439
31c0a89c-deca-4a99-8c8d-ff0a4152cc40	3	60864804	68672176	6171	0.0571
31c0a89c-deca-4a99-8c8d-ff0a4152cc40	3	68672892	68698262	20	-0.8503
31c0a89c-deca-4a99-8c8d-ff0a4152cc40	3	68699607	77502832	6050	0.0214
31c0a89c-deca-4a99-8c8d-ff0a4152cc40	3	77506297	83176235	3170	0.0706
31c0a89c-deca-4a99-8c8d-ff0a4152cc40	3	83183369	84053071	388	0.0216
31c0a89c-deca-4a99-8c8d-ff0a4152cc40	3	84056282	84057015	2	-1.3856
31c0a89c-deca-4a99-8c8d-ff0a4152cc40	3	84061816	84650607	302	0.0169
31c0a89c-deca-4a99-8c8d-ff0a4152cc40	3	84650642	84653010	13	-0.67
31c0a89c-deca-4a99-8c8d-ff0a4152cc40	3	84653084	99218940	5978	0.0191
31c0a89c-deca-4a99-8c8d-ff0a4152cc40	3	99225614	99230457	35	-0.4795
31c0a89c-deca-4a99-8c8d-ff0a4152cc40	3	99230464	130067366	18687	0.027
31c0a89c-deca-4a99-8c8d-ff0a4152cc40	3	130067443	130087393	31	-1.4308
31c0a89c-deca-4a99-8c8d-ff0a4152cc40	3	130088081	132270503	1432	0.0463
31c0a89c-deca-4a99-8c8d-ff0a4152cc40	3	132273893	132276840	4	-1.0643
31c0a89c-deca-4a99-8c8d-ff0a4152cc40	3	132281633	133306023	679	0.0557
31c0a89c-deca-4a99-8c8d-ff0a4152cc40	3	133306038	133306053	2	1.7774
31c0a89c-deca-4a99-8c8d-ff0a4152cc40	3	133306168	140823697	4602	0.0299
31c0a89c-deca-4a99-8c8d-ff0a4152cc40	3	140826859	140828142	2	-2.4864
31c0a89c-deca-4a99-8c8d-ff0a4152cc40	3	140841776	152633087	7380	0.035
31c0a89c-deca-4a99-8c8d-ff0a4152cc40	3	152633375	152903492	175	0.2196
31c0a89c-deca-4a99-8c8d-ff0a4152cc40	3	152904107	195559056	26673	0.0161
31c0a89c-deca-4a99-8c8d-ff0a4152cc40	3	195656271	195747892	44	-0.5558
31c0a89c-deca-4a99-8c8d-ff0a4152cc40	3	195751823	198169247	1164	0.0099
31c0a89c-deca-4a99-8c8d-ff0a4152cc40	4	68929	10208766	5688	0.0152
31c0a89c-deca-4a99-8c8d-ff0a4152cc40	4	10221792	10232642	30	1.822
31c0a89c-deca-4a99-8c8d-ff0a4152cc40	4	10232984	24626426	10518	0.0413
31c0a89c-deca-4a99-8c8d-ff0a4152cc40	4	24626529	34777432	6447	-0.0089
31c0a89c-deca-4a99-8c8d-ff0a4152cc40	4	34784878	34822561	37	-1.0103
31c0a89c-deca-4a99-8c8d-ff0a4152cc40	4	34823103	43143380	5521	0.0205
31c0a89c-deca-4a99-8c8d-ff0a4152cc40	4	43143414	43145497	6	-0.9846
31c0a89c-deca-4a99-8c8d-ff0a4152cc40	4	43146144	49509185	3440	0.0236
31c0a89c-deca-4a99-8c8d-ff0a4152cc40	4	49582092	49656595	14	-0.554
31c0a89c-deca-4a99-8c8d-ff0a4152cc40	4	51819533	56777782	3244	0.0277
31c0a89c-deca-4a99-8c8d-ff0a4152cc40	4	56782993	63828222	4304	-0.4575
31c0a89c-deca-4a99-8c8d-ff0a4152cc40	4	63831751	63841887	22	0.2605
31c0a89c-deca-4a99-8c8d-ff0a4152cc40	4	63842036	76191437	7411	-0.4652
31c0a89c-deca-4a99-8c8d-ff0a4152cc40	4	76191939	77100056	651	0.0128
31c0a89c-deca-4a99-8c8d-ff0a4152cc40	4	77100460	103824414	16191	-0.4672
31c0a89c-deca-4a99-8c8d-ff0a4152cc40	4	103830473	103830480	5	1.5398
31c0a89c-deca-4a99-8c8d-ff0a4152cc40	4	103830487	107147078	1861	-0.439
31c0a89c-deca-4a99-8c8d-ff0a4152cc40	4	107147090	107150731	9	0.7866
31c0a89c-deca-4a99-8c8d-ff0a4152cc40	4	107152350	111385895	2572	-0.4725
31c0a89c-deca-4a99-8c8d-ff0a4152cc40	4	111385910	111385924	2	1.411
31c0a89c-deca-4a99-8c8d-ff0a4152cc40	4	111386201	114263073	1864	-0.4828
31c0a89c-deca-4a99-8c8d-ff0a4152cc40	4	114263096	114263110	2	1.64
31c0a89c-deca-4a99-8c8d-ff0a4152cc40	4	114263154	130004884	9296	-0.4712
31c0a89c-deca-4a99-8c8d-ff0a4152cc40	4	130006306	131396831	791	0.0371
31c0a89c-deca-4a99-8c8d-ff0a4152cc40	4	131397031	131493264	56	0.6892
31c0a89c-deca-4a99-8c8d-ff0a4152cc40	4	131494153	131643869	80	0.3832
31c0a89c-deca-4a99-8c8d-ff0a4152cc40	4	131644361	132491303	368	-0.4219
31c0a89c-deca-4a99-8c8d-ff0a4152cc40	4	132491896	133014574	353	0.0142
31c0a89c-deca-4a99-8c8d-ff0a4152cc40	4	133015622	133440773	204	0.4178
31c0a89c-deca-4a99-8c8d-ff0a4152cc40	4	133451317	145841048	7433	-0.4659
31c0a89c-deca-4a99-8c8d-ff0a4152cc40	4	145843567	145853423	10	0.3383
31c0a89c-deca-4a99-8c8d-ff0a4152cc40	4	145854148	148416256	1573	-0.4815
31c0a89c-deca-4a99-8c8d-ff0a4152cc40	4	148416547	149157722	422	0.0389
31c0a89c-deca-4a99-8c8d-ff0a4152cc40	4	149162817	151027285	998	-0.454
31c0a89c-deca-4a99-8c8d-ff0a4152cc40	4	151032420	151510618	213	0.0159
31c0a89c-deca-4a99-8c8d-ff0a4152cc40	4	151516654	151697332	93	0.318
31c0a89c-deca-4a99-8c8d-ff0a4152cc40	4	151698637	152153726	363	0.0134
31c0a89c-deca-4a99-8c8d-ff0a4152cc40	4	152154901	155564975	2147	-0.4815
31c0a89c-deca-4a99-8c8d-ff0a4152cc40	4	155566988	155958021	304	0.0093
31c0a89c-deca-4a99-8c8d-ff0a4152cc40	4	155958067	155958172	2	1.5269
31c0a89c-deca-4a99-8c8d-ff0a4152cc40	4	155958199	157606081	1067	0.0569
31c0a89c-deca-4a99-8c8d-ff0a4152cc40	4	157612617	182739648	16355	-0.4749
31c0a89c-deca-4a99-8c8d-ff0a4152cc40	4	182740602	182754772	13	-1.3997
31c0a89c-deca-4a99-8c8d-ff0a4152cc40	4	182759439	189267091	4501	-0.4794
31c0a89c-deca-4a99-8c8d-ff0a4152cc40	4	189267298	189278110	7	-1.9101
31c0a89c-deca-4a99-8c8d-ff0a4152cc40	4	189278617	190106768	346	-0.5012
31c0a89c-deca-4a99-8c8d-ff0a4152cc40	5	15532	17642	2	0.5241
31c0a89c-deca-4a99-8c8d-ff0a4152cc40	5	19584	1058442	431	-0.5677
31c0a89c-deca-4a99-8c8d-ff0a4152cc40	5	1060034	1288579	143	-0.0541
31c0a89c-deca-4a99-8c8d-ff0a4152cc40	5	1299214	4338468	2575	-0.6004
31c0a89c-deca-4a99-8c8d-ff0a4152cc40	5	4339208	7351510	2645	-0.5194
31c0a89c-deca-4a99-8c8d-ff0a4152cc40	5	7354874	7924929	439	0.0007
31c0a89c-deca-4a99-8c8d-ff0a4152cc40	5	7930588	7931168	5	-1.3159
31c0a89c-deca-4a99-8c8d-ff0a4152cc40	5	7932296	10446104	2162	0.0522
31c0a89c-deca-4a99-8c8d-ff0a4152cc40	5	10448135	12785079	1720	-0.5037
31c0a89c-deca-4a99-8c8d-ff0a4152cc40	5	12785134	12849089	22	0.3857
31c0a89c-deca-4a99-8c8d-ff0a4152cc40	5	12857021	16665604	2636	-0.4835
31c0a89c-deca-4a99-8c8d-ff0a4152cc40	5	16666298	16771531	63	0.0013
31c0a89c-deca-4a99-8c8d-ff0a4152cc40	5	16772867	18767486	1206	-0.5035
31c0a89c-deca-4a99-8c8d-ff0a4152cc40	5	18777092	19030934	170	0.0637
31c0a89c-deca-4a99-8c8d-ff0a4152cc40	5	19038284	23705839	2660	-0.4651
31c0a89c-deca-4a99-8c8d-ff0a4152cc40	5	23709765	104515520	45590	0.0295
31c0a89c-deca-4a99-8c8d-ff0a4152cc40	5	104524672	104524903	4	-1.8081
31c0a89c-deca-4a99-8c8d-ff0a4152cc40	5	104525348	105251452	552	0.0155
31c0a89c-deca-4a99-8c8d-ff0a4152cc40	5	105252731	105252752	2	2.1958
31c0a89c-deca-4a99-8c8d-ff0a4152cc40	5	105253580	150822643	29194	0.0287
31c0a89c-deca-4a99-8c8d-ff0a4152cc40	5	150825938	150839042	8	-1.2418
31c0a89c-deca-4a99-8c8d-ff0a4152cc40	5	150843825	151501586	471	0.0219
31c0a89c-deca-4a99-8c8d-ff0a4152cc40	5	151504496	152826486	960	0.0912
31c0a89c-deca-4a99-8c8d-ff0a4152cc40	5	152827802	156048095	2199	0.0194
31c0a89c-deca-4a99-8c8d-ff0a4152cc40	5	156049762	156055719	14	-0.9317
31c0a89c-deca-4a99-8c8d-ff0a4152cc40	5	156068240	172776374	11659	0.0109
31c0a89c-deca-4a99-8c8d-ff0a4152cc40	5	172776510	172854938	70	0.3891
31c0a89c-deca-4a99-8c8d-ff0a4152cc40	5	172856080	179496475	4009	0.0295
31c0a89c-deca-4a99-8c8d-ff0a4152cc40	5	179498842	179501760	2	-2.0402
31c0a89c-deca-4a99-8c8d-ff0a4152cc40	5	179504309	180951888	840	-0.0198
31c0a89c-deca-4a99-8c8d-ff0a4152cc40	5	180953203	181006225	18	0.6473
31c0a89c-deca-4a99-8c8d-ff0a4152cc40	5	181006264	181363319	169	-0.0312
31c0a89c-deca-4a99-8c8d-ff0a4152cc40	6	149661	294725	123	0.2776
31c0a89c-deca-4a99-8c8d-ff0a4152cc40	6	294837	381149	79	-0.2179
31c0a89c-deca-4a99-8c8d-ff0a4152cc40	6	382559	1703401	1183	0.3299
31c0a89c-deca-4a99-8c8d-ff0a4152cc40	6	1703916	9821897	6408	0.3873
31c0a89c-deca-4a99-8c8d-ff0a4152cc40	6	9821924	18339702	6377	0.3468
31c0a89c-deca-4a99-8c8d-ff0a4152cc40	6	18339775	18340056	2	2.1792
31c0a89c-deca-4a99-8c8d-ff0a4152cc40	6	18340067	23742789	4016	0.3694
31c0a89c-deca-4a99-8c8d-ff0a4152cc40	6	23744444	23745202	2	-2.7885
31c0a89c-deca-4a99-8c8d-ff0a4152cc40	6	23747504	29869411	3442	0.3603
31c0a89c-deca-4a99-8c8d-ff0a4152cc40	6	29869537	29881490	14	-0.7507
31c0a89c-deca-4a99-8c8d-ff0a4152cc40	6	29882419	32485152	1168	0.365
31c0a89c-deca-4a99-8c8d-ff0a4152cc40	6	32486498	32533522	15	-0.3871
31c0a89c-deca-4a99-8c8d-ff0a4152cc40	6	32540699	32614112	26	0.5968
31c0a89c-deca-4a99-8c8d-ff0a4152cc40	6	32614426	32636595	11	-0.6379
31c0a89c-deca-4a99-8c8d-ff0a4152cc40	6	32637799	32722250	54	0.3831
31c0a89c-deca-4a99-8c8d-ff0a4152cc40	6	32723020	32723035	2	-1.7163
31c0a89c-deca-4a99-8c8d-ff0a4152cc40	6	32723053	33056877	220	0.4422
31c0a89c-deca-4a99-8c8d-ff0a4152cc40	6	33061660	38324137	3107	0.3466
31c0a89c-deca-4a99-8c8d-ff0a4152cc40	6	38324841	40349730	1534	0.4013
31c0a89c-deca-4a99-8c8d-ff0a4152cc40	6	40350131	40353608	2	-1.1599
31c0a89c-deca-4a99-8c8d-ff0a4152cc40	6	40353879	54066353	8771	0.3718
31c0a89c-deca-4a99-8c8d-ff0a4152cc40	6	54066432	54067057	6	-1.1108
31c0a89c-deca-4a99-8c8d-ff0a4152cc40	6	54070550	56416990	1510	0.4211
31c0a89c-deca-4a99-8c8d-ff0a4152cc40	6	56417804	56438649	21	0.9257
31c0a89c-deca-4a99-8c8d-ff0a4152cc40	6	56443205	64627049	2691	0.3954
31c0a89c-deca-4a99-8c8d-ff0a4152cc40	6	64637651	64639099	2	-2.069
31c0a89c-deca-4a99-8c8d-ff0a4152cc40	6	64640883	72153222	5064	0.3882
31c0a89c-deca-4a99-8c8d-ff0a4152cc40	6	72156821	72157169	2	-2.3794
31c0a89c-deca-4a99-8c8d-ff0a4152cc40	6	72158860	78253172	3863	0.3612
31c0a89c-deca-4a99-8c8d-ff0a4152cc40	6	78259348	78325468	112	0.0229
31c0a89c-deca-4a99-8c8d-ff0a4152cc40	6	78329517	84401762	3841	0.3868
31c0a89c-deca-4a99-8c8d-ff0a4152cc40	6	84402396	88503461	2530	0.0437
31c0a89c-deca-4a99-8c8d-ff0a4152cc40	6	88506120	89364308	518	0.3612
31c0a89c-deca-4a99-8c8d-ff0a4152cc40	6	89365640	93327440	2726	0.0083
31c0a89c-deca-4a99-8c8d-ff0a4152cc40	6	93327682	94120856	503	0.3593
31c0a89c-deca-4a99-8c8d-ff0a4152cc40	6	94122885	97069070	1586	-0.0034
31c0a89c-deca-4a99-8c8d-ff0a4152cc40	6	97073534	97625730	289	0.3737
31c0a89c-deca-4a99-8c8d-ff0a4152cc40	6	97633511	100539133	1870	0.0198
31c0a89c-deca-4a99-8c8d-ff0a4152cc40	6	100539278	100671670	55	0.5147
31c0a89c-deca-4a99-8c8d-ff0a4152cc40	6	100672130	103286954	1538	0.0146
31c0a89c-deca-4a99-8c8d-ff0a4152cc40	6	103290101	103314186	46	0.6372
31c0a89c-deca-4a99-8c8d-ff0a4152cc40	6	103317795	104094344	490	-0.0308
31c0a89c-deca-4a99-8c8d-ff0a4152cc40	6	104100591	105317099	754	0.3636
31c0a89c-deca-4a99-8c8d-ff0a4152cc40	6	105320150	105771153	276	0.6286
31c0a89c-deca-4a99-8c8d-ff0a4152cc40	6	105773532	105950020	144	-0.0105
31c0a89c-deca-4a99-8c8d-ff0a4152cc40	6	105951558	106120159	103	0.3011
31c0a89c-deca-4a99-8c8d-ff0a4152cc40	6	106124480	110155227	2511	0.0059
31c0a89c-deca-4a99-8c8d-ff0a4152cc40	6	110164242	110362801	124	0.364
31c0a89c-deca-4a99-8c8d-ff0a4152cc40	6	110364103	113059619	1664	0.0018
31c0a89c-deca-4a99-8c8d-ff0a4152cc40	6	113060325	113475877	310	0.3943
31c0a89c-deca-4a99-8c8d-ff0a4152cc40	6	113476198	118184472	2724	0.0256
31c0a89c-deca-4a99-8c8d-ff0a4152cc40	6	118184589	132336282	8789	0.052
31c0a89c-deca-4a99-8c8d-ff0a4152cc40	6	132337417	154771099	15128	0.024
31c0a89c-deca-4a99-8c8d-ff0a4152cc40	6	154773410	170741917	11095	0.6356
31c0a89c-deca-4a99-8c8d-ff0a4152cc40	7	43355	44408	5	-0.3691
31c0a89c-deca-4a99-8c8d-ff0a4152cc40	7	45573	6915679	3446	-0.0173
31c0a89c-deca-4a99-8c8d-ff0a4152cc40	7	6921171	19158542	10060	0.0326
31c0a89c-deca-4a99-8c8d-ff0a4152cc40	7	19158572	19180879	59	0.3641
31c0a89c-deca-4a99-8c8d-ff0a4152cc40	7	19181042	38317722	13870	0.0378
31c0a89c-deca-4a99-8c8d-ff0a4152cc40	7	38318626	38319127	3	1.4717
31c0a89c-deca-4a99-8c8d-ff0a4152cc40	7	38319355	47297416	5910	0.0215
31c0a89c-deca-4a99-8c8d-ff0a4152cc40	7	47298458	50140601	1918	-0.0071
31c0a89c-deca-4a99-8c8d-ff0a4152cc40	7	50143500	51497416	1031	-0.0781
31c0a89c-deca-4a99-8c8d-ff0a4152cc40	7	51499352	54318812	2137	0.001
31c0a89c-deca-4a99-8c8d-ff0a4152cc40	7	54318816	54318824	5	-2.2386
31c0a89c-deca-4a99-8c8d-ff0a4152cc40	7	54325795	56652313	1531	0.0191
31c0a89c-deca-4a99-8c8d-ff0a4152cc40	7	56655405	64185279	1006	-0.0722
31c0a89c-deca-4a99-8c8d-ff0a4152cc40	7	64186287	76273300	5644	-0.0038
31c0a89c-deca-4a99-8c8d-ff0a4152cc40	7	76286756	91728554	9852	-0.4568
31c0a89c-deca-4a99-8c8d-ff0a4152cc40	7	91728979	91729456	4	1.8128
31c0a89c-deca-4a99-8c8d-ff0a4152cc40	7	91729474	97982029	3862	-0.4348
31c0a89c-deca-4a99-8c8d-ff0a4152cc40	7	97982712	97982736	2	-3.5649
31c0a89c-deca-4a99-8c8d-ff0a4152cc40	7	97984459	109797040	6477	-0.4799
31c0a89c-deca-4a99-8c8d-ff0a4152cc40	7	109797041	109797715	11	0.517
31c0a89c-deca-4a99-8c8d-ff0a4152cc40	7	109797717	126406489	10026	-0.4741
31c0a89c-deca-4a99-8c8d-ff0a4152cc40	7	126406546	126406822	3	1.2751
31c0a89c-deca-4a99-8c8d-ff0a4152cc40	7	126406823	129158033	1681	-0.4683
31c0a89c-deca-4a99-8c8d-ff0a4152cc40	7	129158610	129272356	55	0.036
31c0a89c-deca-4a99-8c8d-ff0a4152cc40	7	129273267	134100424	2941	-0.4981
31c0a89c-deca-4a99-8c8d-ff0a4152cc40	7	134100442	134110881	25	-2.0324
31c0a89c-deca-4a99-8c8d-ff0a4152cc40	7	134110912	142458301	5508	-0.4801
31c0a89c-deca-4a99-8c8d-ff0a4152cc40	7	142459996	142463509	2	-3.9753
31c0a89c-deca-4a99-8c8d-ff0a4152cc40	7	142463532	154595415	7291	-0.4961
31c0a89c-deca-4a99-8c8d-ff0a4152cc40	7	154598185	154612214	9	-1.7192
31c0a89c-deca-4a99-8c8d-ff0a4152cc40	7	154612302	159334314	3215	-0.5133
31c0a89c-deca-4a99-8c8d-ff0a4152cc40	8	81254	7414835	7750	0.3512
31c0a89c-deca-4a99-8c8d-ff0a4152cc40	8	7422376	8120649	39	-0.0914
31c0a89c-deca-4a99-8c8d-ff0a4152cc40	8	8132772	12143614	3225	0.335
31c0a89c-deca-4a99-8c8d-ff0a4152cc40	8	12176798	12555293	41	-0.2886
31c0a89c-deca-4a99-8c8d-ff0a4152cc40	8	12561014	13289956	564	0.3607
31c0a89c-deca-4a99-8c8d-ff0a4152cc40	8	13290148	13290193	2	-3.1063
31c0a89c-deca-4a99-8c8d-ff0a4152cc40	8	13290343	14652059	1388	0.4457
31c0a89c-deca-4a99-8c8d-ff0a4152cc40	8	14652523	14652552	2	-1.2948
31c0a89c-deca-4a99-8c8d-ff0a4152cc40	8	14652565	20071714	4836	0.4162
31c0a89c-deca-4a99-8c8d-ff0a4152cc40	8	20071985	36455511	11066	0.3817
31c0a89c-deca-4a99-8c8d-ff0a4152cc40	8	36457911	36459849	2	-1.2703
31c0a89c-deca-4a99-8c8d-ff0a4152cc40	8	36460240	42285617	3518	0.3773
31c0a89c-deca-4a99-8c8d-ff0a4152cc40	8	42285860	58396654	8185	0.3433
31c0a89c-deca-4a99-8c8d-ff0a4152cc40	8	58396727	103797593	27396	0.3734
31c0a89c-deca-4a99-8c8d-ff0a4152cc40	8	103797779	107762865	2507	0.4288
31c0a89c-deca-4a99-8c8d-ff0a4152cc40	8	107763222	142004701	23713	0.3796
31c0a89c-deca-4a99-8c8d-ff0a4152cc40	8	142014075	142014632	4	1.8676
31c0a89c-deca-4a99-8c8d-ff0a4152cc40	8	142016479	145072769	1171	0.3474
31c0a89c-deca-4a99-8c8d-ff0a4152cc40	9	46587	37033162	29806	-0.4555
31c0a89c-deca-4a99-8c8d-ff0a4152cc40	9	37033364	37034672	3	-3.8836
31c0a89c-deca-4a99-8c8d-ff0a4152cc40	9	37035184	38808961	1186	-0.4673
31c0a89c-deca-4a99-8c8d-ff0a4152cc40	9	38912300	42711956	217	0.0354
31c0a89c-deca-4a99-8c8d-ff0a4152cc40	9	42715233	42715632	2	3.1553
31c0a89c-deca-4a99-8c8d-ff0a4152cc40	9	42719891	100295235	22540	0.0332
31c0a89c-deca-4a99-8c8d-ff0a4152cc40	9	100296223	102866397	1831	0.1045
31c0a89c-deca-4a99-8c8d-ff0a4152cc40	9	102867860	105667147	2124	0.0484
31c0a89c-deca-4a99-8c8d-ff0a4152cc40	9	105667963	106407524	458	-0.1266
31c0a89c-deca-4a99-8c8d-ff0a4152cc40	9	106409115	116094241	7434	0.05
31c0a89c-deca-4a99-8c8d-ff0a4152cc40	9	116094488	116099821	6	1.6002
31c0a89c-deca-4a99-8c8d-ff0a4152cc40	9	116100416	116759977	505	0.0569
31c0a89c-deca-4a99-8c8d-ff0a4152cc40	9	116760166	116764342	18	-0.3389
31c0a89c-deca-4a99-8c8d-ff0a4152cc40	9	116764399	116764466	2	2.5076
31c0a89c-deca-4a99-8c8d-ff0a4152cc40	9	116764701	138200944	13182	0.0378
31c0a89c-deca-4a99-8c8d-ff0a4152cc40	10	45792	46332377	31621	0.0252
31c0a89c-deca-4a99-8c8d-ff0a4152cc40	10	46333369	46522514	8	0.4406
31c0a89c-deca-4a99-8c8d-ff0a4152cc40	10	46522571	46526248	13	1.4959
31c0a89c-deca-4a99-8c8d-ff0a4152cc40	10	46526265	46898735	43	0.2336
31c0a89c-deca-4a99-8c8d-ff0a4152cc40	10	46901552	47242598	144	0.9153
31c0a89c-deca-4a99-8c8d-ff0a4152cc40	10	47244568	50339745	1624	0.3981
31c0a89c-deca-4a99-8c8d-ff0a4152cc40	10	50344579	53459425	2447	0.0253
31c0a89c-deca-4a99-8c8d-ff0a4152cc40	10	53464627	53548339	41	0.6503
31c0a89c-deca-4a99-8c8d-ff0a4152cc40	10	53559096	54685856	896	0.0069
31c0a89c-deca-4a99-8c8d-ff0a4152cc40	10	54693189	54708677	13	1.1506
31c0a89c-deca-4a99-8c8d-ff0a4152cc40	10	54712504	55494922	509	0.0437
31c0a89c-deca-4a99-8c8d-ff0a4152cc40	10	55498842	57269617	1285	0.3881
31c0a89c-deca-4a99-8c8d-ff0a4152cc40	10	57270118	57443289	158	0.0287
31c0a89c-deca-4a99-8c8d-ff0a4152cc40	10	57450745	57451013	4	-2.0006
31c0a89c-deca-4a99-8c8d-ff0a4152cc40	10	57458735	58428106	692	0.0857
31c0a89c-deca-4a99-8c8d-ff0a4152cc40	10	58429365	58597999	107	0.6177
31c0a89c-deca-4a99-8c8d-ff0a4152cc40	10	58600428	60395550	1400	0.0469
31c0a89c-deca-4a99-8c8d-ff0a4152cc40	10	60399169	60476437	52	0.4441
31c0a89c-deca-4a99-8c8d-ff0a4152cc40	10	60479626	60622940	97	0.0681
31c0a89c-deca-4a99-8c8d-ff0a4152cc40	10	60623723	60700020	56	0.3518
31c0a89c-deca-4a99-8c8d-ff0a4152cc40	10	60706602	60902853	164	0.0887
31c0a89c-deca-4a99-8c8d-ff0a4152cc40	10	60902856	60905702	3	-0.9088
31c0a89c-deca-4a99-8c8d-ff0a4152cc40	10	60906615	61044182	71	-0.0033
31c0a89c-deca-4a99-8c8d-ff0a4152cc40	10	61058700	61290403	136	0.4595
31c0a89c-deca-4a99-8c8d-ff0a4152cc40	10	61290948	61804490	354	0.8841
31c0a89c-deca-4a99-8c8d-ff0a4152cc40	10	61804670	61928969	95	1.1214
31c0a89c-deca-4a99-8c8d-ff0a4152cc40	10	61929318	62025330	53	0.7022
31c0a89c-deca-4a99-8c8d-ff0a4152cc40	10	62025610	62075094	36	0.5939
31c0a89c-deca-4a99-8c8d-ff0a4152cc40	10	62077562	62364573	163	0.345
31c0a89c-deca-4a99-8c8d-ff0a4152cc40	10	62364976	63052371	495	0.0217
31c0a89c-deca-4a99-8c8d-ff0a4152cc40	10	63057495	63210174	87	0.3856
31c0a89c-deca-4a99-8c8d-ff0a4152cc40	10	63211899	63341521	62	-0.0337
31c0a89c-deca-4a99-8c8d-ff0a4152cc40	10	63344644	115150897	34144	0.3771
31c0a89c-deca-4a99-8c8d-ff0a4152cc40	10	115156330	116869411	1197	0.4416
31c0a89c-deca-4a99-8c8d-ff0a4152cc40	10	116869567	133610591	12282	0.3809
31c0a89c-deca-4a99-8c8d-ff0a4152cc40	10	133612403	133654968	12	0.1337
31c0a89c-deca-4a99-8c8d-ff0a4152cc40	11	198510	4274526	1749	0.0229
31c0a89c-deca-4a99-8c8d-ff0a4152cc40	11	4280126	4337826	16	0.815
31c0a89c-deca-4a99-8c8d-ff0a4152cc40	11	4363567	5768371	1466	0.0602
31c0a89c-deca-4a99-8c8d-ff0a4152cc40	11	5768495	5787818	28	-0.704
31c0a89c-deca-4a99-8c8d-ff0a4152cc40	11	5787909	44280761	27624	0.0383
31c0a89c-deca-4a99-8c8d-ff0a4152cc40	11	44280788	44284831	6	-1.7779
31c0a89c-deca-4a99-8c8d-ff0a4152cc40	11	44285357	55608547	3534	0.0116
31c0a89c-deca-4a99-8c8d-ff0a4152cc40	11	55608760	55667651	39	-0.7319
31c0a89c-deca-4a99-8c8d-ff0a4152cc40	11	55670243	60600186	3036	0.0419
31c0a89c-deca-4a99-8c8d-ff0a4152cc40	11	60600719	67810967	3222	-0.0001
31c0a89c-deca-4a99-8c8d-ff0a4152cc40	11	67818713	67996609	46	-0.3575
31c0a89c-deca-4a99-8c8d-ff0a4152cc40	11	68001326	76490135	4454	0.003
31c0a89c-deca-4a99-8c8d-ff0a4152cc40	11	76491656	108693481	22370	0.0433
31c0a89c-deca-4a99-8c8d-ff0a4152cc40	11	108696610	108799542	63	-1.178
31c0a89c-deca-4a99-8c8d-ff0a4152cc40	11	108803385	135074876	19042	0.027
31c0a89c-deca-4a99-8c8d-ff0a4152cc40	12	51460	8168303	5520	0.3788
31c0a89c-deca-4a99-8c8d-ff0a4152cc40	12	8170242	8432076	88	0.091
31c0a89c-deca-4a99-8c8d-ff0a4152cc40	12	8442298	9481274	560	0.3286
31c0a89c-deca-4a99-8c8d-ff0a4152cc40	12	9485313	9575696	23	1.2258
31c0a89c-deca-4a99-8c8d-ff0a4152cc40	12	9582373	34701563	17386	0.3723
31c0a89c-deca-4a99-8c8d-ff0a4152cc40	12	37463949	38666536	465	-0.0673
31c0a89c-deca-4a99-8c8d-ff0a4152cc40	12	38666975	42588849	2529	0.0453
31c0a89c-deca-4a99-8c8d-ff0a4152cc40	12	42592062	42850052	198	-0.0106
31c0a89c-deca-4a99-8c8d-ff0a4152cc40	12	42850119	42855082	5	1.2295
31c0a89c-deca-4a99-8c8d-ff0a4152cc40	12	42856554	47799113	2956	0.029
31c0a89c-deca-4a99-8c8d-ff0a4152cc40	12	47800652	47875867	63	0.376
31c0a89c-deca-4a99-8c8d-ff0a4152cc40	12	47876654	50918689	1486	-0.0077
31c0a89c-deca-4a99-8c8d-ff0a4152cc40	12	50919748	51843699	511	1.5274
31c0a89c-deca-4a99-8c8d-ff0a4152cc40	12	51852154	52003114	84	1.1138
31c0a89c-deca-4a99-8c8d-ff0a4152cc40	12	52005470	54558904	1603	0.0044
31c0a89c-deca-4a99-8c8d-ff0a4152cc40	12	54559765	55151222	408	1.4712
31c0a89c-deca-4a99-8c8d-ff0a4152cc40	12	55158601	55316830	90	0.1054
31c0a89c-deca-4a99-8c8d-ff0a4152cc40	12	55316847	55317409	5	0.6725
31c0a89c-deca-4a99-8c8d-ff0a4152cc40	12	55317442	56110777	463	-0.0108
31c0a89c-deca-4a99-8c8d-ff0a4152cc40	12	56113984	57284787	547	0.3237
31c0a89c-deca-4a99-8c8d-ff0a4152cc40	12	57291160	58339900	590	1.6286
31c0a89c-deca-4a99-8c8d-ff0a4152cc40	12	58339957	59190976	703	1.4882
31c0a89c-deca-4a99-8c8d-ff0a4152cc40	12	59192197	59592923	216	1.6167
31c0a89c-deca-4a99-8c8d-ff0a4152cc40	12	59593580	59858686	188	2.0385
31c0a89c-deca-4a99-8c8d-ff0a4152cc40	12	59858835	59968869	64	1.7214
31c0a89c-deca-4a99-8c8d-ff0a4152cc40	12	59978554	60478823	298	0.3543
31c0a89c-deca-4a99-8c8d-ff0a4152cc40	12	60480818	60483567	6	-0.4263
31c0a89c-deca-4a99-8c8d-ff0a4152cc40	12	60486777	61537579	618	0.3817
31c0a89c-deca-4a99-8c8d-ff0a4152cc40	12	61539325	62709501	696	1.7646
31c0a89c-deca-4a99-8c8d-ff0a4152cc40	12	62710139	63053745	307	1.5526
31c0a89c-deca-4a99-8c8d-ff0a4152cc40	12	63053777	63124103	75	1.8578
31c0a89c-deca-4a99-8c8d-ff0a4152cc40	12	63134929	63665889	286	0.4019
31c0a89c-deca-4a99-8c8d-ff0a4152cc40	12	63671518	63904987	118	1.7701
31c0a89c-deca-4a99-8c8d-ff0a4152cc40	12	63906645	65607119	937	1.8999
31c0a89c-deca-4a99-8c8d-ff0a4152cc40	12	65607333	66077018	283	1.6847
31c0a89c-deca-4a99-8c8d-ff0a4152cc40	12	66082119	66511857	290	1.5331
31c0a89c-deca-4a99-8c8d-ff0a4152cc40	12	66512030	67231721	586	1.1918
31c0a89c-deca-4a99-8c8d-ff0a4152cc40	12	67232353	68353445	886	1.5348
31c0a89c-deca-4a99-8c8d-ff0a4152cc40	12	68355124	68598483	162	1.3253
31c0a89c-deca-4a99-8c8d-ff0a4152cc40	12	68601002	71196986	1773	1.54
31c0a89c-deca-4a99-8c8d-ff0a4152cc40	12	71197884	73183758	1220	1.3789
31c0a89c-deca-4a99-8c8d-ff0a4152cc40	12	73192206	73553611	194	0.5947
31c0a89c-deca-4a99-8c8d-ff0a4152cc40	12	73553983	73749043	98	0.9819
31c0a89c-deca-4a99-8c8d-ff0a4152cc40	12	73752881	74016893	137	0.3495
31c0a89c-deca-4a99-8c8d-ff0a4152cc40	12	74019931	74613069	345	0.6472
31c0a89c-deca-4a99-8c8d-ff0a4152cc40	12	74617757	75816294	801	1.0256
31c0a89c-deca-4a99-8c8d-ff0a4152cc40	12	75817732	75823448	9	-0.2545
31c0a89c-deca-4a99-8c8d-ff0a4152cc40	12	75824174	77124986	798	0.9694
31c0a89c-deca-4a99-8c8d-ff0a4152cc40	12	77128448	78621413	1151	0.6589
31c0a89c-deca-4a99-8c8d-ff0a4152cc40	12	78624611	79668450	606	0.3671
31c0a89c-deca-4a99-8c8d-ff0a4152cc40	12	79670561	80817069	696	0.6499
31c0a89c-deca-4a99-8c8d-ff0a4152cc40	12	80817532	81346572	363	1.0446
31c0a89c-deca-4a99-8c8d-ff0a4152cc40	12	81348906	82344727	595	0.6241
31c0a89c-deca-4a99-8c8d-ff0a4152cc40	12	82344805	82494679	61	0.3041
31c0a89c-deca-4a99-8c8d-ff0a4152cc40	12	82501557	83177494	473	-0.0013
31c0a89c-deca-4a99-8c8d-ff0a4152cc40	12	83178888	83896697	454	0.3711
31c0a89c-deca-4a99-8c8d-ff0a4152cc40	12	83901498	84291487	226	0.0094
31c0a89c-deca-4a99-8c8d-ff0a4152cc40	12	84294237	84979100	433	1.7456
31c0a89c-deca-4a99-8c8d-ff0a4152cc40	12	84986915	85086373	51	0.3785
31c0a89c-deca-4a99-8c8d-ff0a4152cc40	12	85086642	86501634	771	0.0602
31c0a89c-deca-4a99-8c8d-ff0a4152cc40	12	86507626	88516099	1097	1.315
31c0a89c-deca-4a99-8c8d-ff0a4152cc40	12	88516618	89206601	443	0.0552
31c0a89c-deca-4a99-8c8d-ff0a4152cc40	12	89210108	97377354	5543	0.0089
31c0a89c-deca-4a99-8c8d-ff0a4152cc40	12	97377519	99623994	1589	0.0625
31c0a89c-deca-4a99-8c8d-ff0a4152cc40	12	99625470	99626255	3	1.8922
31c0a89c-deca-4a99-8c8d-ff0a4152cc40	12	99626961	107067153	4986	0.0425
31c0a89c-deca-4a99-8c8d-ff0a4152cc40	12	107071640	107549614	368	1.4335
31c0a89c-deca-4a99-8c8d-ff0a4152cc40	12	107549962	108369148	612	1.5917
31c0a89c-deca-4a99-8c8d-ff0a4152cc40	12	108369895	108624642	232	1.4878
31c0a89c-deca-4a99-8c8d-ff0a4152cc40	12	108625165	109567599	531	1.733
31c0a89c-deca-4a99-8c8d-ff0a4152cc40	12	109568373	111402626	875	0.004
31c0a89c-deca-4a99-8c8d-ff0a4152cc40	12	111404370	111547009	64	0.2984
31c0a89c-deca-4a99-8c8d-ff0a4152cc40	12	111556332	112502132	493	0.0039
31c0a89c-deca-4a99-8c8d-ff0a4152cc40	12	112502248	112633140	86	1.5055
31c0a89c-deca-4a99-8c8d-ff0a4152cc40	12	112636189	113590196	611	1.8085
31c0a89c-deca-4a99-8c8d-ff0a4152cc40	12	113590658	113668328	70	1.5724
31c0a89c-deca-4a99-8c8d-ff0a4152cc40	12	113668372	114066416	353	-0.0075
31c0a89c-deca-4a99-8c8d-ff0a4152cc40	12	114075654	115445624	1179	1.2657
31c0a89c-deca-4a99-8c8d-ff0a4152cc40	12	115446858	117624560	1685	0.0249
31c0a89c-deca-4a99-8c8d-ff0a4152cc40	12	117629614	118170475	387	1.5437
31c0a89c-deca-4a99-8c8d-ff0a4152cc40	12	118172048	118694971	308	0.3954
31c0a89c-deca-4a99-8c8d-ff0a4152cc40	12	118700274	118722170	14	1.8731
31c0a89c-deca-4a99-8c8d-ff0a4152cc40	12	118727639	122817689	2210	0.354
31c0a89c-deca-4a99-8c8d-ff0a4152cc40	12	122820427	133201603	7477	0.0144
31c0a89c-deca-4a99-8c8d-ff0a4152cc40	13	18452809	114342922	64027	0.0284
31c0a89c-deca-4a99-8c8d-ff0a4152cc40	14	18239283	19952080	165	-0.241
31c0a89c-deca-4a99-8c8d-ff0a4152cc40	14	19954424	20427487	333	0.0487
31c0a89c-deca-4a99-8c8d-ff0a4152cc40	14	20428698	21953454	1053	0.4032
31c0a89c-deca-4a99-8c8d-ff0a4152cc40	14	21954753	22501272	455	0.6776
31c0a89c-deca-4a99-8c8d-ff0a4152cc40	14	22501343	22625942	117	0.4645
31c0a89c-deca-4a99-8c8d-ff0a4152cc40	14	22626099	22630304	6	-0.8281
31c0a89c-deca-4a99-8c8d-ff0a4152cc40	14	22630485	26174574	2243	0.4041
31c0a89c-deca-4a99-8c8d-ff0a4152cc40	14	26176469	32098232	3387	0.0755
31c0a89c-deca-4a99-8c8d-ff0a4152cc40	14	32105327	34083900	1643	-0.454
31c0a89c-deca-4a99-8c8d-ff0a4152cc40	14	34088622	39798606	3430	0.0493
31c0a89c-deca-4a99-8c8d-ff0a4152cc40	14	39798881	39806622	2	1.8526
31c0a89c-deca-4a99-8c8d-ff0a4152cc40	14	39808104	41141293	901	0.0703
31c0a89c-deca-4a99-8c8d-ff0a4152cc40	14	41141487	41160039	6	-1.7047
31c0a89c-deca-4a99-8c8d-ff0a4152cc40	14	41164182	41184774	6	-4.3384
31c0a89c-deca-4a99-8c8d-ff0a4152cc40	14	41188046	42517374	849	0.0283
31c0a89c-deca-4a99-8c8d-ff0a4152cc40	14	42518302	42523231	4	-1.424
31c0a89c-deca-4a99-8c8d-ff0a4152cc40	14	42526308	47787918	3032	0.0358
31c0a89c-deca-4a99-8c8d-ff0a4152cc40	14	47792835	49454587	997	-0.4171
31c0a89c-deca-4a99-8c8d-ff0a4152cc40	14	49457724	57167389	5243	-0.4803
31c0a89c-deca-4a99-8c8d-ff0a4152cc40	14	57168350	60589222	2096	-0.4216
31c0a89c-deca-4a99-8c8d-ff0a4152cc40	14	60591424	60592418	2	-3.3973
31c0a89c-deca-4a99-8c8d-ff0a4152cc40	14	60599500	105824648	28771	-0.4735
31c0a89c-deca-4a99-8c8d-ff0a4152cc40	14	105824880	105962324	32	0.1957
31c0a89c-deca-4a99-8c8d-ff0a4152cc40	14	105963902	106284182	108	-0.3889
31c0a89c-deca-4a99-8c8d-ff0a4152cc40	14	106290131	106370181	35	0.2507
31c0a89c-deca-4a99-8c8d-ff0a4152cc40	14	106370708	106447661	50	-0.4473
31c0a89c-deca-4a99-8c8d-ff0a4152cc40	14	106454379	106454694	2	1.9132
31c0a89c-deca-4a99-8c8d-ff0a4152cc40	14	106454986	106877229	216	-0.5092
31c0a89c-deca-4a99-8c8d-ff0a4152cc40	15	19811075	19986488	40	-0.4213
31c0a89c-deca-4a99-8c8d-ff0a4152cc40	15	19986758	22385639	167	-0.8972
31c0a89c-deca-4a99-8c8d-ff0a4152cc40	15	22395047	24851638	1260	-0.4663
31c0a89c-deca-4a99-8c8d-ff0a4152cc40	15	24851692	32126090	4397	-0.5107
31c0a89c-deca-4a99-8c8d-ff0a4152cc40	15	32126216	41917474	6414	-0.4397
31c0a89c-deca-4a99-8c8d-ff0a4152cc40	15	41917725	41923820	10	-1.575
31c0a89c-deca-4a99-8c8d-ff0a4152cc40	15	41925734	76586021	21474	-0.4457
31c0a89c-deca-4a99-8c8d-ff0a4152cc40	15	76598900	76603434	22	0.3263
31c0a89c-deca-4a99-8c8d-ff0a4152cc40	15	76609838	83874498	4395	-0.4474
31c0a89c-deca-4a99-8c8d-ff0a4152cc40	15	83874650	83874798	3	-3.642
31c0a89c-deca-4a99-8c8d-ff0a4152cc40	15	83878525	89184888	3611	-0.453
31c0a89c-deca-4a99-8c8d-ff0a4152cc40	15	89186907	89249255	49	0.0388
31c0a89c-deca-4a99-8c8d-ff0a4152cc40	15	89251089	101928837	9465	-0.4729
31c0a89c-deca-4a99-8c8d-ff0a4152cc40	16	10777	1063695	396	-0.5312
31c0a89c-deca-4a99-8c8d-ff0a4152cc40	16	1069946	4957642	1709	-0.0207
31c0a89c-deca-4a99-8c8d-ff0a4152cc40	16	4960912	14531477	8909	0.0551
31c0a89c-deca-4a99-8c8d-ff0a4152cc40	16	14532037	20011143	2504	0.0101
31c0a89c-deca-4a99-8c8d-ff0a4152cc40	16	20015686	22614450	1244	-0.4648
31c0a89c-deca-4a99-8c8d-ff0a4152cc40	16	22615026	22615121	2	-2.9064
31c0a89c-deca-4a99-8c8d-ff0a4152cc40	16	22616567	29148114	4198	-0.4869
31c0a89c-deca-4a99-8c8d-ff0a4152cc40	16	29148975	35643319	1371	-0.0265
31c0a89c-deca-4a99-8c8d-ff0a4152cc40	16	35644446	70146322	15317	0.0518
31c0a89c-deca-4a99-8c8d-ff0a4152cc40	16	70152235	70177541	8	1.0019
31c0a89c-deca-4a99-8c8d-ff0a4152cc40	16	70179141	72196908	851	-0.0122
31c0a89c-deca-4a99-8c8d-ff0a4152cc40	16	72202780	74228719	1373	0.0661
31c0a89c-deca-4a99-8c8d-ff0a4152cc40	16	74229120	75753231	833	0.0049
31c0a89c-deca-4a99-8c8d-ff0a4152cc40	16	75754942	78258461	2376	0.1015
31c0a89c-deca-4a99-8c8d-ff0a4152cc40	16	78258563	83914058	6361	0.0499
31c0a89c-deca-4a99-8c8d-ff0a4152cc40	16	83915933	90096867	4318	0.0074
31c0a89c-deca-4a99-8c8d-ff0a4152cc40	17	150733	18029196	11124	-0.488
31c0a89c-deca-4a99-8c8d-ff0a4152cc40	17	18029839	19598485	615	-0.0102
31c0a89c-deca-4a99-8c8d-ff0a4152cc40	17	19598642	19635445	29	-1.0249
31c0a89c-deca-4a99-8c8d-ff0a4152cc40	17	19639849	21289118	743	0.0125
31c0a89c-deca-4a99-8c8d-ff0a4152cc40	17	21295093	21310941	4	-1.4021
31c0a89c-deca-4a99-8c8d-ff0a4152cc40	17	21324731	26975284	350	-0.0193
31c0a89c-deca-4a99-8c8d-ff0a4152cc40	17	26982437	28583554	824	-0.4146
31c0a89c-deca-4a99-8c8d-ff0a4152cc40	17	28584593	28778457	64	0.014
31c0a89c-deca-4a99-8c8d-ff0a4152cc40	17	28781647	32592992	1731	0.3624
31c0a89c-deca-4a99-8c8d-ff0a4152cc40	17	32594140	33589684	834	0.4395
31c0a89c-deca-4a99-8c8d-ff0a4152cc40	17	33589813	46135062	6994	0.3516
31c0a89c-deca-4a99-8c8d-ff0a4152cc40	17	46135838	46286804	90	0.0475
31c0a89c-deca-4a99-8c8d-ff0a4152cc40	17	46323701	46664059	7	-0.7915
31c0a89c-deca-4a99-8c8d-ff0a4152cc40	17	46687628	47862923	575	0.3549
31c0a89c-deca-4a99-8c8d-ff0a4152cc40	17	47863299	49859954	1046	0.0048
31c0a89c-deca-4a99-8c8d-ff0a4152cc40	17	49861110	49864510	3	-1.5566
31c0a89c-deca-4a99-8c8d-ff0a4152cc40	17	49865012	50091021	139	-0.0089
31c0a89c-deca-4a99-8c8d-ff0a4152cc40	17	50093280	50158508	32	0.5419
31c0a89c-deca-4a99-8c8d-ff0a4152cc40	17	50158811	67976503	10722	0.0429
31c0a89c-deca-4a99-8c8d-ff0a4152cc40	17	67983025	68000822	7	-0.155
31c0a89c-deca-4a99-8c8d-ff0a4152cc40	17	68019847	70404169	1525	-1.3217
31c0a89c-deca-4a99-8c8d-ff0a4152cc40	17	70405329	72996932	2109	0.0714
31c0a89c-deca-4a99-8c8d-ff0a4152cc40	17	72998440	80319496	4180	-0.0021
31c0a89c-deca-4a99-8c8d-ff0a4152cc40	17	80319669	80655063	202	0.075
31c0a89c-deca-4a99-8c8d-ff0a4152cc40	17	80655993	80660379	2	1.636
31c0a89c-deca-4a99-8c8d-ff0a4152cc40	17	80660500	81364197	312	0.0233
31c0a89c-deca-4a99-8c8d-ff0a4152cc40	17	81364669	83091923	637	0.3021
31c0a89c-deca-4a99-8c8d-ff0a4152cc40	18	48133	2023812	1434	0.0287
31c0a89c-deca-4a99-8c8d-ff0a4152cc40	18	2027952	2030271	8	1.4849
31c0a89c-deca-4a99-8c8d-ff0a4152cc40	18	2034525	7748663	4117	0.0407
31c0a89c-deca-4a99-8c8d-ff0a4152cc40	18	7752786	7755228	2	2.1492
31c0a89c-deca-4a99-8c8d-ff0a4152cc40	18	7755354	9871959	1630	0.0598
31c0a89c-deca-4a99-8c8d-ff0a4152cc40	18	9874389	9964274	64	0.347
31c0a89c-deca-4a99-8c8d-ff0a4152cc40	18	9966335	15402409	3135	0.0426
31c0a89c-deca-4a99-8c8d-ff0a4152cc40	18	20949392	21361938	171	0.4735
31c0a89c-deca-4a99-8c8d-ff0a4152cc40	18	21371162	21535170	70	0.9727
31c0a89c-deca-4a99-8c8d-ff0a4152cc40	18	21536705	22261168	340	0.8196
31c0a89c-deca-4a99-8c8d-ff0a4152cc40	18	22265977	22841854	358	1.0084
31c0a89c-deca-4a99-8c8d-ff0a4152cc40	18	22842654	22871067	16	0.4533
31c0a89c-deca-4a99-8c8d-ff0a4152cc40	18	22871252	23536707	348	0.33
31c0a89c-deca-4a99-8c8d-ff0a4152cc40	18	23539016	24305805	471	0.0228
31c0a89c-deca-4a99-8c8d-ff0a4152cc40	18	24306859	24678451	299	-0.4688
31c0a89c-deca-4a99-8c8d-ff0a4152cc40	18	24679790	24821943	127	0.054
31c0a89c-deca-4a99-8c8d-ff0a4152cc40	18	24828899	24991089	137	-0.3889
31c0a89c-deca-4a99-8c8d-ff0a4152cc40	18	24991434	25316806	189	0.0872
31c0a89c-deca-4a99-8c8d-ff0a4152cc40	18	25319830	25420752	51	-0.4641
31c0a89c-deca-4a99-8c8d-ff0a4152cc40	18	25426572	27395939	1287	0.0402
31c0a89c-deca-4a99-8c8d-ff0a4152cc40	18	27396536	29327947	1220	-0.4266
31c0a89c-deca-4a99-8c8d-ff0a4152cc40	18	29328532	31613422	1468	0.0459
31c0a89c-deca-4a99-8c8d-ff0a4152cc40	18	31615641	31775363	100	0.336
31c0a89c-deca-4a99-8c8d-ff0a4152cc40	18	31775600	31796298	10	0.1323
31c0a89c-deca-4a99-8c8d-ff0a4152cc40	18	31797335	31800094	5	-0.4439
31c0a89c-deca-4a99-8c8d-ff0a4152cc40	18	31801479	31917651	60	-0.0134
31c0a89c-deca-4a99-8c8d-ff0a4152cc40	18	31922718	32077779	106	0.2646
31c0a89c-deca-4a99-8c8d-ff0a4152cc40	18	32078517	32079127	3	-0.2814
31c0a89c-deca-4a99-8c8d-ff0a4152cc40	18	32079197	32397782	232	0.3633
31c0a89c-deca-4a99-8c8d-ff0a4152cc40	18	32401062	32401063	2	-1.257
31c0a89c-deca-4a99-8c8d-ff0a4152cc40	18	32401065	32852915	339	0.3952
31c0a89c-deca-4a99-8c8d-ff0a4152cc40	18	32866555	33220147	188	0.6693
31c0a89c-deca-4a99-8c8d-ff0a4152cc40	18	33220258	33283352	63	0.8887
31c0a89c-deca-4a99-8c8d-ff0a4152cc40	18	33283368	33284140	9	0.364
31c0a89c-deca-4a99-8c8d-ff0a4152cc40	18	33293721	33527795	134	0.8451
31c0a89c-deca-4a99-8c8d-ff0a4152cc40	18	33527958	34945912	802	0.687
31c0a89c-deca-4a99-8c8d-ff0a4152cc40	18	34947444	35098608	98	0.9034
31c0a89c-deca-4a99-8c8d-ff0a4152cc40	18	35101198	35933942	476	0.3542
31c0a89c-deca-4a99-8c8d-ff0a4152cc40	18	35940487	36132745	105	0.056
31c0a89c-deca-4a99-8c8d-ff0a4152cc40	18	36134730	36379130	177	0.4446
31c0a89c-deca-4a99-8c8d-ff0a4152cc40	18	36379677	38665836	1654	0.3762
31c0a89c-deca-4a99-8c8d-ff0a4152cc40	18	38666207	40678118	1238	0.4473
31c0a89c-deca-4a99-8c8d-ff0a4152cc40	18	40678132	40678426	6	1.38
31c0a89c-deca-4a99-8c8d-ff0a4152cc40	18	40678439	40976603	209	0.4041
31c0a89c-deca-4a99-8c8d-ff0a4152cc40	18	40981471	41551617	403	0.0371
31c0a89c-deca-4a99-8c8d-ff0a4152cc40	18	41553786	41554878	3	-1.3909
31c0a89c-deca-4a99-8c8d-ff0a4152cc40	18	41555387	42013883	337	-0.0005
31c0a89c-deca-4a99-8c8d-ff0a4152cc40	18	42016403	57541629	10431	-0.4781
31c0a89c-deca-4a99-8c8d-ff0a4152cc40	18	57547241	58321825	575	0.0353
31c0a89c-deca-4a99-8c8d-ff0a4152cc40	18	58322139	58377221	38	-0.3877
31c0a89c-deca-4a99-8c8d-ff0a4152cc40	18	58379772	58379794	2	-3.7308
31c0a89c-deca-4a99-8c8d-ff0a4152cc40	18	58383251	66095064	5520	-0.4779
31c0a89c-deca-4a99-8c8d-ff0a4152cc40	18	66099904	66100686	3	-2.3989
31c0a89c-deca-4a99-8c8d-ff0a4152cc40	18	66108359	70130793	2961	-0.472
31c0a89c-deca-4a99-8c8d-ff0a4152cc40	18	70134251	70583348	278	0.0234
31c0a89c-deca-4a99-8c8d-ff0a4152cc40	18	70584866	76375149	4525	-0.5304
31c0a89c-deca-4a99-8c8d-ff0a4152cc40	18	76378338	80257174	2578	-0.0081
31c0a89c-deca-4a99-8c8d-ff0a4152cc40	19	90910	255564	3	-0.0034
31c0a89c-deca-4a99-8c8d-ff0a4152cc40	19	255578	4424377	1167	0.5551
31c0a89c-deca-4a99-8c8d-ff0a4152cc40	19	4425615	7573760	1424	0.3298
31c0a89c-deca-4a99-8c8d-ff0a4152cc40	19	7573889	7575731	3	1.6624
31c0a89c-deca-4a99-8c8d-ff0a4152cc40	19	7588332	8232092	289	0.3346
31c0a89c-deca-4a99-8c8d-ff0a4152cc40	19	8238514	15673342	3704	0.5703
31c0a89c-deca-4a99-8c8d-ff0a4152cc40	19	15679275	15680807	2	2.7559
31c0a89c-deca-4a99-8c8d-ff0a4152cc40	19	15680854	19720735	1899	0.5516
31c0a89c-deca-4a99-8c8d-ff0a4152cc40	19	19724944	19725867	2	-1.3546
31c0a89c-deca-4a99-8c8d-ff0a4152cc40	19	19729959	22043639	1342	0.5821
31c0a89c-deca-4a99-8c8d-ff0a4152cc40	19	22046519	29581549	2873	0.3614
31c0a89c-deca-4a99-8c8d-ff0a4152cc40	19	29590781	30076758	335	0.6555
31c0a89c-deca-4a99-8c8d-ff0a4152cc40	19	30077139	36465361	4198	0.0219
31c0a89c-deca-4a99-8c8d-ff0a4152cc40	19	36468317	36696838	130	0.5813
31c0a89c-deca-4a99-8c8d-ff0a4152cc40	19	36697881	44933074	4279	0.0106
31c0a89c-deca-4a99-8c8d-ff0a4152cc40	19	44943372	52634690	3769	0.3344
31c0a89c-deca-4a99-8c8d-ff0a4152cc40	19	52635191	52636034	2	2.2416
31c0a89c-deca-4a99-8c8d-ff0a4152cc40	19	52640363	55633389	1749	0.2892
31c0a89c-deca-4a99-8c8d-ff0a4152cc40	19	55636562	57714566	1446	0.3991
31c0a89c-deca-4a99-8c8d-ff0a4152cc40	19	57715816	58586487	472	0.3272
31c0a89c-deca-4a99-8c8d-ff0a4152cc40	20	80664	92905	23	-0.3919
31c0a89c-deca-4a99-8c8d-ff0a4152cc40	20	93706	1578859	1135	-1.3248
31c0a89c-deca-4a99-8c8d-ff0a4152cc40	20	1579066	1609809	51	-0.0762
31c0a89c-deca-4a99-8c8d-ff0a4152cc40	20	1609888	4070778	1674	-1.3598
31c0a89c-deca-4a99-8c8d-ff0a4152cc40	20	4073432	4141152	51	-2.4454
31c0a89c-deca-4a99-8c8d-ff0a4152cc40	20	4141838	7279918	2348	-1.3464
31c0a89c-deca-4a99-8c8d-ff0a4152cc40	20	7279945	7281251	4	-6.0589
31c0a89c-deca-4a99-8c8d-ff0a4152cc40	20	7281423	16614816	7296	-1.2945
31c0a89c-deca-4a99-8c8d-ff0a4152cc40	20	16615630	16615825	2	-7.2199
31c0a89c-deca-4a99-8c8d-ff0a4152cc40	20	16616268	17600547	872	-1.3286
31c0a89c-deca-4a99-8c8d-ff0a4152cc40	20	17601303	19428886	1384	-0.4979
31c0a89c-deca-4a99-8c8d-ff0a4152cc40	20	19432512	22540578	2235	-1.3494
31c0a89c-deca-4a99-8c8d-ff0a4152cc40	20	22541200	23025710	408	-0.4614
31c0a89c-deca-4a99-8c8d-ff0a4152cc40	20	23025923	23516087	420	-0.0304
31c0a89c-deca-4a99-8c8d-ff0a4152cc40	20	23516237	23517570	2	2.1603
31c0a89c-deca-4a99-8c8d-ff0a4152cc40	20	23517894	24569288	814	-0.0294
31c0a89c-deca-4a99-8c8d-ff0a4152cc40	20	24571408	30295149	909	0.3072
31c0a89c-deca-4a99-8c8d-ff0a4152cc40	20	30295239	31674448	229	0.042
31c0a89c-deca-4a99-8c8d-ff0a4152cc40	20	31675000	32510186	384	0.3583
31c0a89c-deca-4a99-8c8d-ff0a4152cc40	20	32510762	35484144	1486	0.6198
31c0a89c-deca-4a99-8c8d-ff0a4152cc40	20	35487170	35527178	32	1.1416
31c0a89c-deca-4a99-8c8d-ff0a4152cc40	20	35529786	35750468	90	0.6094
31c0a89c-deca-4a99-8c8d-ff0a4152cc40	20	35750779	39099909	1925	0.0209
31c0a89c-deca-4a99-8c8d-ff0a4152cc40	20	39100379	40597006	1100	0.1151
31c0a89c-deca-4a99-8c8d-ff0a4152cc40	20	40597680	64324800	17067	0.0416
31c0a89c-deca-4a99-8c8d-ff0a4152cc40	21	10354168	19857647	4442	-0.4428
31c0a89c-deca-4a99-8c8d-ff0a4152cc40	21	19860120	21140026	983	0.0768
31c0a89c-deca-4a99-8c8d-ff0a4152cc40	21	21144814	21318925	120	-0.4051
31c0a89c-deca-4a99-8c8d-ff0a4152cc40	21	21322181	21383120	47	0.0616
31c0a89c-deca-4a99-8c8d-ff0a4152cc40	21	21383764	21889708	410	-0.4287
31c0a89c-deca-4a99-8c8d-ff0a4152cc40	21	21893903	22943849	747	0.0645
31c0a89c-deca-4a99-8c8d-ff0a4152cc40	21	22945081	23147032	188	-0.4077
31c0a89c-deca-4a99-8c8d-ff0a4152cc40	21	23147033	23358741	175	0.0321
31c0a89c-deca-4a99-8c8d-ff0a4152cc40	21	23360814	23449235	76	-0.4828
31c0a89c-deca-4a99-8c8d-ff0a4152cc40	21	23449280	23488095	35	0.1073
31c0a89c-deca-4a99-8c8d-ff0a4152cc40	21	23492839	25722845	1653	-0.4453
31c0a89c-deca-4a99-8c8d-ff0a4152cc40	21	25724930	26446343	554	0.4083
31c0a89c-deca-4a99-8c8d-ff0a4152cc40	21	26447279	26516018	68	0.0913
31c0a89c-deca-4a99-8c8d-ff0a4152cc40	21	26520069	26621194	52	0.4776
31c0a89c-deca-4a99-8c8d-ff0a4152cc40	21	26625104	26668635	46	0.7023
31c0a89c-deca-4a99-8c8d-ff0a4152cc40	21	26670194	26908194	232	0.4234
31c0a89c-deca-4a99-8c8d-ff0a4152cc40	21	26910341	26911285	4	-0.6201
31c0a89c-deca-4a99-8c8d-ff0a4152cc40	21	26911831	27336027	384	0.4175
31c0a89c-deca-4a99-8c8d-ff0a4152cc40	21	27337259	27564846	203	0.0637
31c0a89c-deca-4a99-8c8d-ff0a4152cc40	21	27566110	27953545	225	0.4122
31c0a89c-deca-4a99-8c8d-ff0a4152cc40	21	27953649	28085833	91	0.0891
31c0a89c-deca-4a99-8c8d-ff0a4152cc40	21	28096016	28454414	299	-0.368
31c0a89c-deca-4a99-8c8d-ff0a4152cc40	21	28455643	28590288	79	0.0811
31c0a89c-deca-4a99-8c8d-ff0a4152cc40	21	28590481	28903082	267	-0.3833
31c0a89c-deca-4a99-8c8d-ff0a4152cc40	21	28903316	28903625	2	-2.3664
31c0a89c-deca-4a99-8c8d-ff0a4152cc40	21	28903734	30727208	1245	-0.4377
31c0a89c-deca-4a99-8c8d-ff0a4152cc40	21	30730562	30740278	2	1.8257
31c0a89c-deca-4a99-8c8d-ff0a4152cc40	21	30740591	32762223	1367	-0.4897
31c0a89c-deca-4a99-8c8d-ff0a4152cc40	21	32766659	33520673	532	0.3763
31c0a89c-deca-4a99-8c8d-ff0a4152cc40	21	33521037	33802336	116	0.0741
31c0a89c-deca-4a99-8c8d-ff0a4152cc40	21	33802876	46677045	9104	-0.4826
31c0a89c-deca-4a99-8c8d-ff0a4152cc40	22	15294547	17144053	405	-0.0218
31c0a89c-deca-4a99-8c8d-ff0a4152cc40	22	17145030	17145775	2	-2.0202
31c0a89c-deca-4a99-8c8d-ff0a4152cc40	22	17149249	18822597	731	0.0327
31c0a89c-deca-4a99-8c8d-ff0a4152cc40	22	18917479	21080100	1495	-0.0678
31c0a89c-deca-4a99-8c8d-ff0a4152cc40	22	21080955	27011183	4267	0.0366
31c0a89c-deca-4a99-8c8d-ff0a4152cc40	22	27011727	27013502	3	-2.07
31c0a89c-deca-4a99-8c8d-ff0a4152cc40	22	27013892	31818630	3094	0.0423
31c0a89c-deca-4a99-8c8d-ff0a4152cc40	22	31820922	35133563	2918	0.0859
31c0a89c-deca-4a99-8c8d-ff0a4152cc40	22	35133596	37705881	1676	0.0143
31c0a89c-deca-4a99-8c8d-ff0a4152cc40	22	37713710	37774039	21	0.5054
31c0a89c-deca-4a99-8c8d-ff0a4152cc40	22	37774661	37919413	65	-0.0455
31c0a89c-deca-4a99-8c8d-ff0a4152cc40	22	37923531	39705227	887	-0.4701
31c0a89c-deca-4a99-8c8d-ff0a4152cc40	22	39707914	50796027	7665	0.0217
31c0a89c-deca-4a99-8c8d-ff0a4152cc40	X	251810	7641450	3746	-0.0197
31c0a89c-deca-4a99-8c8d-ff0a4152cc40	X	7641953	7643017	2	2.5476
31c0a89c-deca-4a99-8c8d-ff0a4152cc40	X	7643064	8277756	495	-0.009
31c0a89c-deca-4a99-8c8d-ff0a4152cc40	X	8278138	10144162	1444	-0.073
31c0a89c-deca-4a99-8c8d-ff0a4152cc40	X	10144298	13917980	2757	-0.0073
31c0a89c-deca-4a99-8c8d-ff0a4152cc40	X	13918401	27296098	8141	0.036
31c0a89c-deca-4a99-8c8d-ff0a4152cc40	X	27296396	138763714	56448	0.0032
31c0a89c-deca-4a99-8c8d-ff0a4152cc40	X	138764775	146435648	5078	-0.0512
31c0a89c-deca-4a99-8c8d-ff0a4152cc40	X	146438848	151124426	3072	0.0168
31c0a89c-deca-4a99-8c8d-ff0a4152cc40	X	151125462	151126987	2	-2.2416
31c0a89c-deca-4a99-8c8d-ff0a4152cc40	X	151128083	155952689	2359	0.0146
31c0a89c-deca-4a99-8c8d-ff0a4152cc40	Y	2782397	6167430	749	-2.3662
31c0a89c-deca-4a99-8c8d-ff0a4152cc40	Y	6171310	6171622	2	-7.6511
31c0a89c-deca-4a99-8c8d-ff0a4152cc40	Y	6180233	6249869	34	-1.9908
31c0a89c-deca-4a99-8c8d-ff0a4152cc40	Y	6252391	9327138	1441	-2.7505
31c0a89c-deca-4a99-8c8d-ff0a4152cc40	Y	9329696	9550385	23	-4.3071
31c0a89c-deca-4a99-8c8d-ff0a4152cc40	Y	9550653	12912709	764	-2.6499
31c0a89c-deca-4a99-8c8d-ff0a4152cc40	Y	12914512	12918905	5	-5.9031
31c0a89c-deca-4a99-8c8d-ff0a4152cc40	Y	12920376	13478396	245	-2.5967
31c0a89c-deca-4a99-8c8d-ff0a4152cc40	Y	13478462	13482643	3	-7.4227
31c0a89c-deca-4a99-8c8d-ff0a4152cc40	Y	13483009	26515145	3296	-2.6782
31c0a89c-deca-4a99-8c8d-ff0a4152cc40	Y	26515503	56872112	74	-2.3129
