GDC_Aliquot	Chromosome	Start	End	Num_Probes	Segment_Mean
36250bb2-38da-4c65-b287-ae4757a07fec	1	62920	599171	20	0.646
36250bb2-38da-4c65-b287-ae4757a07fec	1	668210	3428581	801	-0.3333
36250bb2-38da-4c65-b287-ae4757a07fec	1	3429784	25256850	13157	-0.2101
36250bb2-38da-4c65-b287-ae4757a07fec	1	25266637	25336819	25	-1.0689
36250bb2-38da-4c65-b287-ae4757a07fec	1	25336853	31216669	3012	-0.2123
36250bb2-38da-4c65-b287-ae4757a07fec	1	31218014	31218730	2	-2.35
36250bb2-38da-4c65-b287-ae4757a07fec	1	31219188	54651847	12960	-0.2274
36250bb2-38da-4c65-b287-ae4757a07fec	1	54652305	72284670	12657	-0.2896
36250bb2-38da-4c65-b287-ae4757a07fec	1	72290430	72297687	9	-2.2668
36250bb2-38da-4c65-b287-ae4757a07fec	1	72302735	72345465	48	0.8827
36250bb2-38da-4c65-b287-ae4757a07fec	1	72346221	105470754	20911	-0.3093
36250bb2-38da-4c65-b287-ae4757a07fec	1	105476583	105481515	21	0.2517
36250bb2-38da-4c65-b287-ae4757a07fec	1	105482176	106386393	600	-0.3286
36250bb2-38da-4c65-b287-ae4757a07fec	1	106387147	106469985	53	-0.953
36250bb2-38da-4c65-b287-ae4757a07fec	1	106472267	112147704	3930	-0.2648
36250bb2-38da-4c65-b287-ae4757a07fec	1	112153343	112163438	27	0.4179
36250bb2-38da-4c65-b287-ae4757a07fec	1	112163440	152583291	7591	-0.2692
36250bb2-38da-4c65-b287-ae4757a07fec	1	152583319	152614118	33	-1.4836
36250bb2-38da-4c65-b287-ae4757a07fec	1	152618018	162017763	5712	-0.2231
36250bb2-38da-4c65-b287-ae4757a07fec	1	162018416	169247699	5725	-0.2818
36250bb2-38da-4c65-b287-ae4757a07fec	1	169264736	169272528	7	-1.7556
36250bb2-38da-4c65-b287-ae4757a07fec	1	169273163	174827267	3510	-0.2932
36250bb2-38da-4c65-b287-ae4757a07fec	1	174827418	174832702	16	-1.6749
36250bb2-38da-4c65-b287-ae4757a07fec	1	174832716	190068478	10234	-0.2936
36250bb2-38da-4c65-b287-ae4757a07fec	1	190070024	190437201	210	-0.9554
36250bb2-38da-4c65-b287-ae4757a07fec	1	190439044	195726758	3479	-0.3138
36250bb2-38da-4c65-b287-ae4757a07fec	1	195727623	195727634	2	-2.8076
36250bb2-38da-4c65-b287-ae4757a07fec	1	195730709	196740630	679	-0.3504
36250bb2-38da-4c65-b287-ae4757a07fec	1	196741937	196829534	55	0.2717
36250bb2-38da-4c65-b287-ae4757a07fec	1	196829693	201201443	2801	-0.2867
36250bb2-38da-4c65-b287-ae4757a07fec	1	201201991	202543290	837	-0.94
36250bb2-38da-4c65-b287-ae4757a07fec	1	202544885	208130653	3623	-0.2435
36250bb2-38da-4c65-b287-ae4757a07fec	1	208130827	213953164	4155	-0.2796
36250bb2-38da-4c65-b287-ae4757a07fec	1	213953864	222092759	5824	-0.3262
36250bb2-38da-4c65-b287-ae4757a07fec	1	222092945	229675422	4504	-0.2689
36250bb2-38da-4c65-b287-ae4757a07fec	1	229681109	229684449	3	-2.1401
36250bb2-38da-4c65-b287-ae4757a07fec	1	229684709	242979007	10203	-0.3002
36250bb2-38da-4c65-b287-ae4757a07fec	1	242982291	243187175	46	0.164
36250bb2-38da-4c65-b287-ae4757a07fec	1	243189078	247600147	2956	-0.2781
36250bb2-38da-4c65-b287-ae4757a07fec	1	247602365	248930189	734	-0.1947
36250bb2-38da-4c65-b287-ae4757a07fec	2	12784	4166610	2980	-0.2839
36250bb2-38da-4c65-b287-ae4757a07fec	2	4168820	4175977	36	0.2523
36250bb2-38da-4c65-b287-ae4757a07fec	2	4176105	7990754	3270	-0.2769
36250bb2-38da-4c65-b287-ae4757a07fec	2	7991449	7996487	7	-4.8077
36250bb2-38da-4c65-b287-ae4757a07fec	2	7999793	12166956	3006	-0.2266
36250bb2-38da-4c65-b287-ae4757a07fec	2	12166999	23044610	7779	-0.288
36250bb2-38da-4c65-b287-ae4757a07fec	2	23045303	34450400	6943	-0.25
36250bb2-38da-4c65-b287-ae4757a07fec	2	34456427	34511446	49	0.221
36250bb2-38da-4c65-b287-ae4757a07fec	2	34511990	52527330	12974	-0.2704
36250bb2-38da-4c65-b287-ae4757a07fec	2	52527342	52554404	39	-1.6346
36250bb2-38da-4c65-b287-ae4757a07fec	2	52560811	60043931	5266	-0.2889
36250bb2-38da-4c65-b287-ae4757a07fec	2	60045616	65380220	2892	-0.2407
36250bb2-38da-4c65-b287-ae4757a07fec	2	65381229	68390563	2272	-0.3045
36250bb2-38da-4c65-b287-ae4757a07fec	2	68391005	75764075	4497	-0.233
36250bb2-38da-4c65-b287-ae4757a07fec	2	75764330	84749569	5803	-0.2983
36250bb2-38da-4c65-b287-ae4757a07fec	2	84750740	88106415	1410	-0.2251
36250bb2-38da-4c65-b287-ae4757a07fec	2	88106738	88109661	2	-2.299
36250bb2-38da-4c65-b287-ae4757a07fec	2	88109845	113252628	10883	-0.2468
36250bb2-38da-4c65-b287-ae4757a07fec	2	113253214	146104517	20097	-0.2798
36250bb2-38da-4c65-b287-ae4757a07fec	2	146106836	146109366	24	0.6502
36250bb2-38da-4c65-b287-ae4757a07fec	2	146120238	158312049	7268	-0.2999
36250bb2-38da-4c65-b287-ae4757a07fec	2	158313519	158431079	68	-0.9819
36250bb2-38da-4c65-b287-ae4757a07fec	2	158439895	207490231	29541	-0.284
36250bb2-38da-4c65-b287-ae4757a07fec	2	207490454	207494612	16	-2.1567
36250bb2-38da-4c65-b287-ae4757a07fec	2	207494752	208453580	600	-0.253
36250bb2-38da-4c65-b287-ae4757a07fec	2	208453609	217556413	5974	-0.303
36250bb2-38da-4c65-b287-ae4757a07fec	2	217557427	219472474	997	-0.2225
36250bb2-38da-4c65-b287-ae4757a07fec	2	219473784	229919042	6984	-0.2976
36250bb2-38da-4c65-b287-ae4757a07fec	2	229920701	242147305	7465	-0.2416
36250bb2-38da-4c65-b287-ae4757a07fec	3	20930	6609524	5808	0.1843
36250bb2-38da-4c65-b287-ae4757a07fec	3	6609550	6611535	19	0.742
36250bb2-38da-4c65-b287-ae4757a07fec	3	6611557	14042160	5605	0.1796
36250bb2-38da-4c65-b287-ae4757a07fec	3	14048473	14048843	2	-1.8304
36250bb2-38da-4c65-b287-ae4757a07fec	3	14050213	17925943	2485	0.1868
36250bb2-38da-4c65-b287-ae4757a07fec	3	17926352	21848939	2489	0.1379
36250bb2-38da-4c65-b287-ae4757a07fec	3	21849030	22039030	175	0.3142
36250bb2-38da-4c65-b287-ae4757a07fec	3	22039090	25926195	2987	0.1304
36250bb2-38da-4c65-b287-ae4757a07fec	3	25927421	26384700	287	0.205
36250bb2-38da-4c65-b287-ae4757a07fec	3	26392633	26397852	4	-2.3723
36250bb2-38da-4c65-b287-ae4757a07fec	3	26404482	44395396	11793	0.1542
36250bb2-38da-4c65-b287-ae4757a07fec	3	44396975	50751155	3059	0.2205
36250bb2-38da-4c65-b287-ae4757a07fec	3	50751623	61019591	6993	0.17
36250bb2-38da-4c65-b287-ae4757a07fec	3	61025737	71029720	7825	0.1301
36250bb2-38da-4c65-b287-ae4757a07fec	3	71032434	71505240	336	0.1991
36250bb2-38da-4c65-b287-ae4757a07fec	3	71505896	71509251	4	-0.5535
36250bb2-38da-4c65-b287-ae4757a07fec	3	71511617	72611428	869	0.218
36250bb2-38da-4c65-b287-ae4757a07fec	3	72613010	76401809	2282	0.1436
36250bb2-38da-4c65-b287-ae4757a07fec	3	76405453	99226455	10639	0.1013
36250bb2-38da-4c65-b287-ae4757a07fec	3	99226551	99230212	13	-0.7615
36250bb2-38da-4c65-b287-ae4757a07fec	3	99230225	105530367	3737	0.1154
36250bb2-38da-4c65-b287-ae4757a07fec	3	105532423	116492362	6722	0.139
36250bb2-38da-4c65-b287-ae4757a07fec	3	116493396	116654066	120	-0.3335
36250bb2-38da-4c65-b287-ae4757a07fec	3	116657625	118445912	1318	0.0882
36250bb2-38da-4c65-b287-ae4757a07fec	3	118446534	128661409	6155	0.163
36250bb2-38da-4c65-b287-ae4757a07fec	3	128662406	128695318	17	0.8677
36250bb2-38da-4c65-b287-ae4757a07fec	3	128702323	130044855	620	0.1972
36250bb2-38da-4c65-b287-ae4757a07fec	3	130047743	130087393	37	0.6901
36250bb2-38da-4c65-b287-ae4757a07fec	3	130088081	162822221	20257	0.1391
36250bb2-38da-4c65-b287-ae4757a07fec	3	162822685	162822702	2	-1.6397
36250bb2-38da-4c65-b287-ae4757a07fec	3	162827928	162906109	46	0.4754
36250bb2-38da-4c65-b287-ae4757a07fec	3	162908192	162908815	4	-1.227
36250bb2-38da-4c65-b287-ae4757a07fec	3	162910826	162996729	70	0.1096
36250bb2-38da-4c65-b287-ae4757a07fec	3	162999939	163001774	2	-2.9561
36250bb2-38da-4c65-b287-ae4757a07fec	3	163008371	175378757	7595	0.1275
36250bb2-38da-4c65-b287-ae4757a07fec	3	175379493	175928753	341	0.2686
36250bb2-38da-4c65-b287-ae4757a07fec	3	175929377	193155761	11132	0.1456
36250bb2-38da-4c65-b287-ae4757a07fec	3	193155873	193164677	17	-0.5403
36250bb2-38da-4c65-b287-ae4757a07fec	3	193164694	193785940	429	0.1245
36250bb2-38da-4c65-b287-ae4757a07fec	3	193791160	193906955	86	-0.3529
36250bb2-38da-4c65-b287-ae4757a07fec	3	193911180	193935829	17	0.0568
36250bb2-38da-4c65-b287-ae4757a07fec	3	193939482	198169247	2163	0.1913
36250bb2-38da-4c65-b287-ae4757a07fec	4	68929	1051535	351	0.3684
36250bb2-38da-4c65-b287-ae4757a07fec	4	1057724	9455251	4804	0.5289
36250bb2-38da-4c65-b287-ae4757a07fec	4	9459504	9463248	3	1.8951
36250bb2-38da-4c65-b287-ae4757a07fec	4	9469529	10208766	540	0.5217
36250bb2-38da-4c65-b287-ae4757a07fec	4	10221792	10229173	22	3.0303
36250bb2-38da-4c65-b287-ae4757a07fec	4	10229188	10229874	6	1.5047
36250bb2-38da-4c65-b287-ae4757a07fec	4	10232590	10390730	179	0.5812
36250bb2-38da-4c65-b287-ae4757a07fec	4	10391530	10399044	15	-0.277
36250bb2-38da-4c65-b287-ae4757a07fec	4	10401094	12149839	1467	0.4552
36250bb2-38da-4c65-b287-ae4757a07fec	4	12152884	12160517	3	-2.6458
36250bb2-38da-4c65-b287-ae4757a07fec	4	12164300	27156338	10541	0.4529
36250bb2-38da-4c65-b287-ae4757a07fec	4	27158691	34738257	4739	0.4131
36250bb2-38da-4c65-b287-ae4757a07fec	4	34742962	34777382	27	0.5468
36250bb2-38da-4c65-b287-ae4757a07fec	4	34777403	34823103	41	0.8633
36250bb2-38da-4c65-b287-ae4757a07fec	4	34828250	49295203	8966	0.4643
36250bb2-38da-4c65-b287-ae4757a07fec	4	49501149	49656595	18	-0.4853
36250bb2-38da-4c65-b287-ae4757a07fec	4	51819533	59242746	4919	0.4478
36250bb2-38da-4c65-b287-ae4757a07fec	4	59243300	60487115	768	0.3697
36250bb2-38da-4c65-b287-ae4757a07fec	4	60487945	61071220	370	0.4221
36250bb2-38da-4c65-b287-ae4757a07fec	4	61075217	61076234	2	-1.7703
36250bb2-38da-4c65-b287-ae4757a07fec	4	61079968	68354665	4374	0.4184
36250bb2-38da-4c65-b287-ae4757a07fec	4	68361130	68395346	7	2.0324
36250bb2-38da-4c65-b287-ae4757a07fec	4	68416487	68478894	14	0.527
36250bb2-38da-4c65-b287-ae4757a07fec	4	68494770	68623617	68	-1.5173
36250bb2-38da-4c65-b287-ae4757a07fec	4	68639397	69595911	548	0.5326
36250bb2-38da-4c65-b287-ae4757a07fec	4	69596324	75569396	3577	0.4364
36250bb2-38da-4c65-b287-ae4757a07fec	4	75571607	84041500	5376	0.4643
36250bb2-38da-4c65-b287-ae4757a07fec	4	84042499	121360818	22521	0.4291
36250bb2-38da-4c65-b287-ae4757a07fec	4	121361313	121363980	28	-0.3709
36250bb2-38da-4c65-b287-ae4757a07fec	4	121369976	125937032	2608	0.4377
36250bb2-38da-4c65-b287-ae4757a07fec	4	125937907	125940693	2	2.3125
36250bb2-38da-4c65-b287-ae4757a07fec	4	125943872	134003227	4507	0.4207
36250bb2-38da-4c65-b287-ae4757a07fec	4	134003627	134261049	121	0.6178
36250bb2-38da-4c65-b287-ae4757a07fec	4	134262939	135831848	856	0.3898
36250bb2-38da-4c65-b287-ae4757a07fec	4	135831880	135909021	33	-0.0063
36250bb2-38da-4c65-b287-ae4757a07fec	4	135909550	160952848	15434	0.4317
36250bb2-38da-4c65-b287-ae4757a07fec	4	160958866	160963815	24	-0.1131
36250bb2-38da-4c65-b287-ae4757a07fec	4	160963825	171448195	6659	0.4341
36250bb2-38da-4c65-b287-ae4757a07fec	4	171453733	171453798	2	-2.2777
36250bb2-38da-4c65-b287-ae4757a07fec	4	171453876	171456625	10	-0.1235
36250bb2-38da-4c65-b287-ae4757a07fec	4	171459220	178385485	4233	0.4312
36250bb2-38da-4c65-b287-ae4757a07fec	4	178386123	178769724	295	0.5666
36250bb2-38da-4c65-b287-ae4757a07fec	4	178769867	179214250	288	0.4017
36250bb2-38da-4c65-b287-ae4757a07fec	4	179214971	179272277	47	0.6243
36250bb2-38da-4c65-b287-ae4757a07fec	4	179275408	179277506	3	-0.9076
36250bb2-38da-4c65-b287-ae4757a07fec	4	179281228	182376175	2461	0.445
36250bb2-38da-4c65-b287-ae4757a07fec	4	182376905	189267889	4800	0.4932
36250bb2-38da-4c65-b287-ae4757a07fec	4	189273964	189278110	4	-2.5606
36250bb2-38da-4c65-b287-ae4757a07fec	4	189278617	190106768	350	0.463
36250bb2-38da-4c65-b287-ae4757a07fec	5	15532	12815668	10180	0.476
36250bb2-38da-4c65-b287-ae4757a07fec	5	12815753	12833745	11	-0.9435
36250bb2-38da-4c65-b287-ae4757a07fec	5	12837866	17967385	3413	0.4761
36250bb2-38da-4c65-b287-ae4757a07fec	5	17970252	21445950	2088	0.4388
36250bb2-38da-4c65-b287-ae4757a07fec	5	21449110	21452329	7	1.3219
36250bb2-38da-4c65-b287-ae4757a07fec	5	21452387	31334328	5905	0.4234
36250bb2-38da-4c65-b287-ae4757a07fec	5	31334379	58025819	14104	0.4655
36250bb2-38da-4c65-b287-ae4757a07fec	5	58030200	58037706	32	2.0693
36250bb2-38da-4c65-b287-ae4757a07fec	5	58042530	82783581	14634	0.4694
36250bb2-38da-4c65-b287-ae4757a07fec	5	82783817	94717028	6389	0.4222
36250bb2-38da-4c65-b287-ae4757a07fec	5	94719492	97709417	1865	0.4676
36250bb2-38da-4c65-b287-ae4757a07fec	5	97712762	97758030	42	-0.3878
36250bb2-38da-4c65-b287-ae4757a07fec	5	97763616	99287123	849	0.4412
36250bb2-38da-4c65-b287-ae4757a07fec	5	99288654	100006774	450	0.5945
36250bb2-38da-4c65-b287-ae4757a07fec	5	100006802	100468096	227	0.5117
36250bb2-38da-4c65-b287-ae4757a07fec	5	100470355	104515520	2350	0.4471
36250bb2-38da-4c65-b287-ae4757a07fec	5	104524672	104524903	4	-1.1718
36250bb2-38da-4c65-b287-ae4757a07fec	5	104525348	115894028	7661	0.4394
36250bb2-38da-4c65-b287-ae4757a07fec	5	115894584	116116448	183	0.5972
36250bb2-38da-4c65-b287-ae4757a07fec	5	116118201	131867108	10095	0.4515
36250bb2-38da-4c65-b287-ae4757a07fec	5	131867231	143870166	7212	0.4967
36250bb2-38da-4c65-b287-ae4757a07fec	5	143870314	148748079	3199	0.4404
36250bb2-38da-4c65-b287-ae4757a07fec	5	148748469	151644491	2031	0.5086
36250bb2-38da-4c65-b287-ae4757a07fec	5	151645580	152135825	355	0.4666
36250bb2-38da-4c65-b287-ae4757a07fec	5	152135909	152138790	13	-0.2219
36250bb2-38da-4c65-b287-ae4757a07fec	5	152140710	168754627	11266	0.4459
36250bb2-38da-4c65-b287-ae4757a07fec	5	168755277	177771448	6188	0.507
36250bb2-38da-4c65-b287-ae4757a07fec	5	177800550	177805604	3	2.7869
36250bb2-38da-4c65-b287-ae4757a07fec	5	177827964	179658562	1051	0.5461
36250bb2-38da-4c65-b287-ae4757a07fec	5	179658635	179681196	29	0.2043
36250bb2-38da-4c65-b287-ae4757a07fec	5	179681247	180367208	404	0.5292
36250bb2-38da-4c65-b287-ae4757a07fec	5	180370429	180637969	127	-0.2786
36250bb2-38da-4c65-b287-ae4757a07fec	5	180641741	181363319	374	0.4738
36250bb2-38da-4c65-b287-ae4757a07fec	6	149661	323576	134	-0.2494
36250bb2-38da-4c65-b287-ae4757a07fec	6	327531	382559	68	0.1433
36250bb2-38da-4c65-b287-ae4757a07fec	6	382897	2602123	1805	-0.291
36250bb2-38da-4c65-b287-ae4757a07fec	6	2603943	2604964	4	-2.6597
36250bb2-38da-4c65-b287-ae4757a07fec	6	2608562	7134168	3817	-0.2673
36250bb2-38da-4c65-b287-ae4757a07fec	6	7137767	12839522	4271	-0.3172
36250bb2-38da-4c65-b287-ae4757a07fec	6	12841753	18500726	4192	-0.2706
36250bb2-38da-4c65-b287-ae4757a07fec	6	18500786	24402661	4333	-0.3293
36250bb2-38da-4c65-b287-ae4757a07fec	6	24402737	29869411	2967	-0.2675
36250bb2-38da-4c65-b287-ae4757a07fec	6	29869537	29906865	20	0.6194
36250bb2-38da-4c65-b287-ae4757a07fec	6	29906932	31313046	652	-0.2613
36250bb2-38da-4c65-b287-ae4757a07fec	6	31318499	31349920	14	0.8541
36250bb2-38da-4c65-b287-ae4757a07fec	6	31350387	32463515	490	-0.3429
36250bb2-38da-4c65-b287-ae4757a07fec	6	32463775	32533522	19	1.5314
36250bb2-38da-4c65-b287-ae4757a07fec	6	32540699	32658841	47	0.2228
36250bb2-38da-4c65-b287-ae4757a07fec	6	32682835	44917012	7734	-0.2571
36250bb2-38da-4c65-b287-ae4757a07fec	6	44917214	78259388	19064	-0.3246
36250bb2-38da-4c65-b287-ae4757a07fec	6	78261980	78317642	102	0.2291
36250bb2-38da-4c65-b287-ae4757a07fec	6	78317798	93742993	9873	-0.3274
36250bb2-38da-4c65-b287-ae4757a07fec	6	93743210	94932867	787	-0.23
36250bb2-38da-4c65-b287-ae4757a07fec	6	94933530	103286954	4789	-0.3448
36250bb2-38da-4c65-b287-ae4757a07fec	6	103290101	103314186	46	0.4983
36250bb2-38da-4c65-b287-ae4757a07fec	6	103317795	162295304	38180	-0.3217
36250bb2-38da-4c65-b287-ae4757a07fec	6	162300775	162493245	176	0.585
36250bb2-38da-4c65-b287-ae4757a07fec	6	162496645	170741917	5694	-0.3344
36250bb2-38da-4c65-b287-ae4757a07fec	7	43355	902112	222	0.4746
36250bb2-38da-4c65-b287-ae4757a07fec	7	927563	1168592	125	0.3247
36250bb2-38da-4c65-b287-ae4757a07fec	7	1168629	3002026	757	0.5621
36250bb2-38da-4c65-b287-ae4757a07fec	7	3011306	3367263	335	0.1926
36250bb2-38da-4c65-b287-ae4757a07fec	7	3367511	3367660	2	-1.439
36250bb2-38da-4c65-b287-ae4757a07fec	7	3367718	3570080	178	0.2115
36250bb2-38da-4c65-b287-ae4757a07fec	7	3570211	3575168	28	-0.424
36250bb2-38da-4c65-b287-ae4757a07fec	7	3578378	4117015	431	0.1608
36250bb2-38da-4c65-b287-ae4757a07fec	7	4118722	10562250	4394	0.5095
36250bb2-38da-4c65-b287-ae4757a07fec	7	10562722	35998809	19119	0.4657
36250bb2-38da-4c65-b287-ae4757a07fec	7	36002612	38254500	1756	0.5015
36250bb2-38da-4c65-b287-ae4757a07fec	7	38255395	38312544	85	0.7831
36250bb2-38da-4c65-b287-ae4757a07fec	7	38312559	48693859	6864	0.4794
36250bb2-38da-4c65-b287-ae4757a07fec	7	48695739	53146318	3299	0.4508
36250bb2-38da-4c65-b287-ae4757a07fec	7	53146510	53156532	13	1.0571
36250bb2-38da-4c65-b287-ae4757a07fec	7	53156879	78273577	10041	0.4617
36250bb2-38da-4c65-b287-ae4757a07fec	7	78276182	78466555	202	0.1566
36250bb2-38da-4c65-b287-ae4757a07fec	7	78467162	88508071	6462	0.4342
36250bb2-38da-4c65-b287-ae4757a07fec	7	88509034	90103043	1068	0.551
36250bb2-38da-4c65-b287-ae4757a07fec	7	90104743	97756621	4880	0.4296
36250bb2-38da-4c65-b287-ae4757a07fec	7	97756658	97773163	17	-0.2225
36250bb2-38da-4c65-b287-ae4757a07fec	7	97774928	98002535	120	0.4151
36250bb2-38da-4c65-b287-ae4757a07fec	7	98003100	112653180	8383	0.4772
36250bb2-38da-4c65-b287-ae4757a07fec	7	112654021	127478048	8938	0.4306
36250bb2-38da-4c65-b287-ae4757a07fec	7	127480989	132176176	2638	0.4879
36250bb2-38da-4c65-b287-ae4757a07fec	7	132176656	132176829	2	1.8358
36250bb2-38da-4c65-b287-ae4757a07fec	7	132177771	134100442	1284	0.4632
36250bb2-38da-4c65-b287-ae4757a07fec	7	134100458	134105690	23	1.0468
36250bb2-38da-4c65-b287-ae4757a07fec	7	134110881	138583481	3031	0.4482
36250bb2-38da-4c65-b287-ae4757a07fec	7	138595769	142176319	2259	0.5018
36250bb2-38da-4c65-b287-ae4757a07fec	7	142176753	142177464	2	-1.1465
36250bb2-38da-4c65-b287-ae4757a07fec	7	142177590	143489785	806	0.5267
36250bb2-38da-4c65-b287-ae4757a07fec	7	143491026	150588016	4185	0.4625
36250bb2-38da-4c65-b287-ae4757a07fec	7	150588713	150604481	8	-0.5077
36250bb2-38da-4c65-b287-ae4757a07fec	7	150610834	159334314	5800	0.5009
36250bb2-38da-4c65-b287-ae4757a07fec	8	81254	643041	322	0.4677
36250bb2-38da-4c65-b287-ae4757a07fec	8	644944	645474	5	-0.6854
36250bb2-38da-4c65-b287-ae4757a07fec	8	645693	3926665	3023	0.4696
36250bb2-38da-4c65-b287-ae4757a07fec	8	3929538	3932584	24	-0.3272
36250bb2-38da-4c65-b287-ae4757a07fec	8	3933696	7514723	4384	0.5
36250bb2-38da-4c65-b287-ae4757a07fec	8	7534105	7598502	3	1.9159
36250bb2-38da-4c65-b287-ae4757a07fec	8	7775900	10318035	1893	0.4933
36250bb2-38da-4c65-b287-ae4757a07fec	8	10318667	10321027	3	1.8346
36250bb2-38da-4c65-b287-ae4757a07fec	8	10323896	12139586	1351	0.5264
36250bb2-38da-4c65-b287-ae4757a07fec	8	12142800	12177488	4	1.659
36250bb2-38da-4c65-b287-ae4757a07fec	8	12323772	13629785	958	0.4835
36250bb2-38da-4c65-b287-ae4757a07fec	8	13629916	13742496	122	0.6542
36250bb2-38da-4c65-b287-ae4757a07fec	8	13742539	19711477	5460	0.4589
36250bb2-38da-4c65-b287-ae4757a07fec	8	19717442	25116961	3893	0.5025
36250bb2-38da-4c65-b287-ae4757a07fec	8	25117007	25126818	25	-2.3375
36250bb2-38da-4c65-b287-ae4757a07fec	8	25133589	27241841	1636	0.4811
36250bb2-38da-4c65-b287-ae4757a07fec	8	27242497	30119220	1942	0.5259
36250bb2-38da-4c65-b287-ae4757a07fec	8	30122438	39373140	5431	0.452
36250bb2-38da-4c65-b287-ae4757a07fec	8	39378084	39529446	59	-1.9622
36250bb2-38da-4c65-b287-ae4757a07fec	8	39530780	50117995	4578	0.473
36250bb2-38da-4c65-b287-ae4757a07fec	8	50118017	50119827	11	-0.3359
36250bb2-38da-4c65-b287-ae4757a07fec	8	50120863	64392646	9299	0.4578
36250bb2-38da-4c65-b287-ae4757a07fec	8	64393324	64591640	111	0.0585
36250bb2-38da-4c65-b287-ae4757a07fec	8	64595138	78964196	8736	0.4425
36250bb2-38da-4c65-b287-ae4757a07fec	8	78964509	79556122	357	0.1125
36250bb2-38da-4c65-b287-ae4757a07fec	8	79561616	100082574	11971	0.4371
36250bb2-38da-4c65-b287-ae4757a07fec	8	100082900	103162809	2065	0.4891
36250bb2-38da-4c65-b287-ae4757a07fec	8	103164158	105932301	1604	0.3992
36250bb2-38da-4c65-b287-ae4757a07fec	8	105945597	106576849	441	0.5535
36250bb2-38da-4c65-b287-ae4757a07fec	8	106579484	111282237	2794	0.4344
36250bb2-38da-4c65-b287-ae4757a07fec	8	111282417	111283031	7	3.1895
36250bb2-38da-4c65-b287-ae4757a07fec	8	111288052	114566569	1790	0.4021
36250bb2-38da-4c65-b287-ae4757a07fec	8	114568142	114879397	218	0.5805
36250bb2-38da-4c65-b287-ae4757a07fec	8	114879450	122539657	5191	0.4376
36250bb2-38da-4c65-b287-ae4757a07fec	8	122540557	122743869	148	0.5983
36250bb2-38da-4c65-b287-ae4757a07fec	8	122745606	133818125	8131	0.4932
36250bb2-38da-4c65-b287-ae4757a07fec	8	133823206	138490422	3776	0.4561
36250bb2-38da-4c65-b287-ae4757a07fec	8	138491390	141338950	2070	0.5087
36250bb2-38da-4c65-b287-ae4757a07fec	8	141345643	142306889	568	0.3968
36250bb2-38da-4c65-b287-ae4757a07fec	8	142308160	143233690	373	0.4937
36250bb2-38da-4c65-b287-ae4757a07fec	8	143233769	143616645	114	0.642
36250bb2-38da-4c65-b287-ae4757a07fec	8	143616763	143643300	14	-0.1738
36250bb2-38da-4c65-b287-ae4757a07fec	8	143643786	144097024	123	0.5801
36250bb2-38da-4c65-b287-ae4757a07fec	8	144097954	145072769	378	0.381
36250bb2-38da-4c65-b287-ae4757a07fec	9	46587	1490407	1513	-0.2485
36250bb2-38da-4c65-b287-ae4757a07fec	9	1490556	6695986	4843	-0.2737
36250bb2-38da-4c65-b287-ae4757a07fec	9	6701145	6708357	7	-2.1963
36250bb2-38da-4c65-b287-ae4757a07fec	9	6712314	12617397	5347	-0.2756
36250bb2-38da-4c65-b287-ae4757a07fec	9	12617803	32306228	15261	-0.3031
36250bb2-38da-4c65-b287-ae4757a07fec	9	32313288	42014203	4230	-0.2525
36250bb2-38da-4c65-b287-ae4757a07fec	9	42037471	42202227	21	-1.1773
36250bb2-38da-4c65-b287-ae4757a07fec	9	42211663	61405110	71	-0.1926
36250bb2-38da-4c65-b287-ae4757a07fec	9	61520021	61616425	26	-1.0408
36250bb2-38da-4c65-b287-ae4757a07fec	9	61627312	69910516	1463	-0.2588
36250bb2-38da-4c65-b287-ae4757a07fec	9	69911309	87860633	12862	-0.3112
36250bb2-38da-4c65-b287-ae4757a07fec	9	87860732	93707025	3923	-0.261
36250bb2-38da-4c65-b287-ae4757a07fec	9	93707815	93708675	3	-2.2967
36250bb2-38da-4c65-b287-ae4757a07fec	9	93710664	121191645	20161	-0.284
36250bb2-38da-4c65-b287-ae4757a07fec	9	121191674	133295641	7252	-0.225
36250bb2-38da-4c65-b287-ae4757a07fec	9	133295839	133299121	5	-4.1569
36250bb2-38da-4c65-b287-ae4757a07fec	9	133306360	138200944	2283	-0.2323
36250bb2-38da-4c65-b287-ae4757a07fec	10	45792	6142741	5160	-0.2774
36250bb2-38da-4c65-b287-ae4757a07fec	10	6142784	6146580	6	-1.8208
36250bb2-38da-4c65-b287-ae4757a07fec	10	6150848	19154394	10602	-0.272
36250bb2-38da-4c65-b287-ae4757a07fec	10	19154516	20473519	1095	-0.3609
36250bb2-38da-4c65-b287-ae4757a07fec	10	20474194	24083376	2267	-0.2952
36250bb2-38da-4c65-b287-ae4757a07fec	10	24083828	24088991	11	-1.4462
36250bb2-38da-4c65-b287-ae4757a07fec	10	24088992	26934974	1982	-0.3097
36250bb2-38da-4c65-b287-ae4757a07fec	10	26936975	26939544	13	0.4252
36250bb2-38da-4c65-b287-ae4757a07fec	10	26941064	31837932	3596	-0.2848
36250bb2-38da-4c65-b287-ae4757a07fec	10	31841305	31853482	10	-1.0891
36250bb2-38da-4c65-b287-ae4757a07fec	10	31853922	47680348	7178	-0.292
36250bb2-38da-4c65-b287-ae4757a07fec	10	47684886	49556503	1154	-0.2092
36250bb2-38da-4c65-b287-ae4757a07fec	10	49556616	50799038	640	-0.2804
36250bb2-38da-4c65-b287-ae4757a07fec	10	50807215	53598219	2199	-0.357
36250bb2-38da-4c65-b287-ae4757a07fec	10	53599052	56753095	2235	-0.2653
36250bb2-38da-4c65-b287-ae4757a07fec	10	56756615	56767077	41	-1.807
36250bb2-38da-4c65-b287-ae4757a07fec	10	56772992	68303980	7968	-0.3136
36250bb2-38da-4c65-b287-ae4757a07fec	10	68304058	74262716	3591	-0.2431
36250bb2-38da-4c65-b287-ae4757a07fec	10	74271851	97230382	15464	-0.297
36250bb2-38da-4c65-b287-ae4757a07fec	10	97231105	97231541	2	-2.3559
36250bb2-38da-4c65-b287-ae4757a07fec	10	97233439	100354706	1934	-0.2819
36250bb2-38da-4c65-b287-ae4757a07fec	10	100355486	104054799	1830	-0.2305
36250bb2-38da-4c65-b287-ae4757a07fec	10	104055068	130817911	19753	-0.2926
36250bb2-38da-4c65-b287-ae4757a07fec	10	130818592	131315978	453	-1.0046
36250bb2-38da-4c65-b287-ae4757a07fec	10	131316720	133654968	1213	-0.3202
36250bb2-38da-4c65-b287-ae4757a07fec	11	198510	3465494	1288	-0.2379
36250bb2-38da-4c65-b287-ae4757a07fec	11	3466435	3467200	2	-2.4409
36250bb2-38da-4c65-b287-ae4757a07fec	11	3467311	4943072	1113	-0.2532
36250bb2-38da-4c65-b287-ae4757a07fec	11	4943195	4954475	34	0.3356
36250bb2-38da-4c65-b287-ae4757a07fec	11	4955027	5040311	76	-0.2775
36250bb2-38da-4c65-b287-ae4757a07fec	11	5040676	5041606	2	-2.634
36250bb2-38da-4c65-b287-ae4757a07fec	11	5041712	5766175	707	-0.26
36250bb2-38da-4c65-b287-ae4757a07fec	11	5766850	5787909	32	-1.6936
36250bb2-38da-4c65-b287-ae4757a07fec	11	5788108	12197761	4808	-0.272
36250bb2-38da-4c65-b287-ae4757a07fec	11	12200798	44193303	22702	-0.31
36250bb2-38da-4c65-b287-ae4757a07fec	11	44193999	55609178	3616	-0.2356
36250bb2-38da-4c65-b287-ae4757a07fec	11	55609186	55685533	47	-1.4051
36250bb2-38da-4c65-b287-ae4757a07fec	11	55686100	64828200	5111	-0.2398
36250bb2-38da-4c65-b287-ae4757a07fec	11	64857840	65916060	411	-0.3911
36250bb2-38da-4c65-b287-ae4757a07fec	11	65916447	78807853	6516	-0.2413
36250bb2-38da-4c65-b287-ae4757a07fec	11	78807867	79980323	951	-0.3304
36250bb2-38da-4c65-b287-ae4757a07fec	11	79980739	80889472	714	-0.4312
36250bb2-38da-4c65-b287-ae4757a07fec	11	80890376	115946736	24283	-0.316
36250bb2-38da-4c65-b287-ae4757a07fec	11	115946806	121564878	3956	-0.24
36250bb2-38da-4c65-b287-ae4757a07fec	11	121568472	135074876	10188	-0.3008
36250bb2-38da-4c65-b287-ae4757a07fec	12	51460	760032	419	0.4835
36250bb2-38da-4c65-b287-ae4757a07fec	12	760097	764863	16	-0.5126
36250bb2-38da-4c65-b287-ae4757a07fec	12	766188	9477960	5732	0.516
36250bb2-38da-4c65-b287-ae4757a07fec	12	9481274	9582374	26	-1.2472
36250bb2-38da-4c65-b287-ae4757a07fec	12	9583090	11358643	1173	0.5053
36250bb2-38da-4c65-b287-ae4757a07fec	12	11358644	11390472	30	1.1317
36250bb2-38da-4c65-b287-ae4757a07fec	12	11399258	12653703	1040	0.5142
36250bb2-38da-4c65-b287-ae4757a07fec	12	12657394	16407678	2577	0.4764
36250bb2-38da-4c65-b287-ae4757a07fec	12	16407757	23869226	4836	0.4256
36250bb2-38da-4c65-b287-ae4757a07fec	12	23869803	33141726	6909	0.4695
36250bb2-38da-4c65-b287-ae4757a07fec	12	33148472	33154440	26	-0.0654
36250bb2-38da-4c65-b287-ae4757a07fec	12	33155426	38275095	1011	0.4897
36250bb2-38da-4c65-b287-ae4757a07fec	12	38278147	38279909	3	1.8556
36250bb2-38da-4c65-b287-ae4757a07fec	12	38280876	45506042	4571	0.454
36250bb2-38da-4c65-b287-ae4757a07fec	12	45510655	45515754	4	-1.055
36250bb2-38da-4c65-b287-ae4757a07fec	12	45519509	47046937	885	0.4772
36250bb2-38da-4c65-b287-ae4757a07fec	12	47047044	58079671	6135	0.5096
36250bb2-38da-4c65-b287-ae4757a07fec	12	58079682	90089573	20201	0.4326
36250bb2-38da-4c65-b287-ae4757a07fec	12	90097892	90098297	7	-1.1475
36250bb2-38da-4c65-b287-ae4757a07fec	12	90099780	101888431	8008	0.4473
36250bb2-38da-4c65-b287-ae4757a07fec	12	101889165	111455733	6242	0.4937
36250bb2-38da-4c65-b287-ae4757a07fec	12	111456268	112512962	553	0.4013
36250bb2-38da-4c65-b287-ae4757a07fec	12	112513489	120282079	5712	0.482
36250bb2-38da-4c65-b287-ae4757a07fec	12	120284261	125328681	2567	0.5476
36250bb2-38da-4c65-b287-ae4757a07fec	12	125328839	133201603	6088	0.4856
36250bb2-38da-4c65-b287-ae4757a07fec	13	18452809	23055048	2848	-0.2982
36250bb2-38da-4c65-b287-ae4757a07fec	13	23055071	23059376	13	-1.8107
36250bb2-38da-4c65-b287-ae4757a07fec	13	23064056	24559220	1223	-0.3326
36250bb2-38da-4c65-b287-ae4757a07fec	13	24561767	37493438	9352	-0.2994
36250bb2-38da-4c65-b287-ae4757a07fec	13	37495907	37514237	21	0.3415
36250bb2-38da-4c65-b287-ae4757a07fec	13	37514250	58107167	13003	-0.296
36250bb2-38da-4c65-b287-ae4757a07fec	13	58107601	92386320	21745	-0.3323
36250bb2-38da-4c65-b287-ae4757a07fec	13	92386469	92387559	3	-2.3685
36250bb2-38da-4c65-b287-ae4757a07fec	13	92392039	94025043	1155	-0.3278
36250bb2-38da-4c65-b287-ae4757a07fec	13	94025601	94174987	112	-3.2197
36250bb2-38da-4c65-b287-ae4757a07fec	13	94176902	114342922	14465	-0.3171
36250bb2-38da-4c65-b287-ae4757a07fec	14	18239283	18559274	10	-0.0777
36250bb2-38da-4c65-b287-ae4757a07fec	14	18605732	19110634	23	0.5608
36250bb2-38da-4c65-b287-ae4757a07fec	14	19134873	21833069	1376	-0.2795
36250bb2-38da-4c65-b287-ae4757a07fec	14	21835401	22501487	597	-0.0492
36250bb2-38da-4c65-b287-ae4757a07fec	14	22501521	46337956	14688	-0.2985
36250bb2-38da-4c65-b287-ae4757a07fec	14	46340079	46362276	21	-0.0787
36250bb2-38da-4c65-b287-ae4757a07fec	14	46367684	46390745	18	0.4592
36250bb2-38da-4c65-b287-ae4757a07fec	14	46390949	46677159	189	0.0591
36250bb2-38da-4c65-b287-ae4757a07fec	14	46681241	62782924	10434	-0.2971
36250bb2-38da-4c65-b287-ae4757a07fec	14	62783899	65137023	1581	-0.2431
36250bb2-38da-4c65-b287-ae4757a07fec	14	65137643	65140045	2	-2.4491
36250bb2-38da-4c65-b287-ae4757a07fec	14	65141660	77292892	7528	-0.2519
36250bb2-38da-4c65-b287-ae4757a07fec	14	77293254	79148278	1381	-0.2907
36250bb2-38da-4c65-b287-ae4757a07fec	14	79148524	82834478	2384	-0.3187
36250bb2-38da-4c65-b287-ae4757a07fec	14	82834764	82835658	2	-2.286
36250bb2-38da-4c65-b287-ae4757a07fec	14	82837989	88727367	3906	-0.3331
36250bb2-38da-4c65-b287-ae4757a07fec	14	88728173	106294285	10785	-0.2522
36250bb2-38da-4c65-b287-ae4757a07fec	14	106294689	106297273	4	0.6668
36250bb2-38da-4c65-b287-ae4757a07fec	14	106297409	106321086	14	-0.0141
36250bb2-38da-4c65-b287-ae4757a07fec	14	106340102	106369985	12	0.6826
36250bb2-38da-4c65-b287-ae4757a07fec	14	106370181	106877229	269	-0.3213
36250bb2-38da-4c65-b287-ae4757a07fec	15	19811075	20988347	156	-0.2066
36250bb2-38da-4c65-b287-ae4757a07fec	15	21005443	21067891	6	-1.8591
36250bb2-38da-4c65-b287-ae4757a07fec	15	21070355	21417107	13	-0.5132
36250bb2-38da-4c65-b287-ae4757a07fec	15	21975606	22299523	31	0.193
36250bb2-38da-4c65-b287-ae4757a07fec	15	22385639	24424598	990	-0.283
36250bb2-38da-4c65-b287-ae4757a07fec	15	24429604	24473026	33	-1.6735
36250bb2-38da-4c65-b287-ae4757a07fec	15	24473449	38884763	9262	-0.2841
36250bb2-38da-4c65-b287-ae4757a07fec	15	38887120	38887225	2	-2.3621
36250bb2-38da-4c65-b287-ae4757a07fec	15	38887457	40260090	1024	-0.2636
36250bb2-38da-4c65-b287-ae4757a07fec	15	40263010	44033258	1788	-0.2093
36250bb2-38da-4c65-b287-ae4757a07fec	15	44040028	53492657	5758	-0.2723
36250bb2-38da-4c65-b287-ae4757a07fec	15	53492691	53493082	7	-1.8079
36250bb2-38da-4c65-b287-ae4757a07fec	15	53498050	76599170	14771	-0.2459
36250bb2-38da-4c65-b287-ae4757a07fec	15	76599286	76602857	12	-1.4668
36250bb2-38da-4c65-b287-ae4757a07fec	15	76603003	97265179	14148	-0.263
36250bb2-38da-4c65-b287-ae4757a07fec	15	97274562	97288957	11	-1.9778
36250bb2-38da-4c65-b287-ae4757a07fec	15	97290419	101928837	3411	-0.2833
36250bb2-38da-4c65-b287-ae4757a07fec	16	10777	60704	22	0.5727
36250bb2-38da-4c65-b287-ae4757a07fec	16	60719	618985	271	0.3258
36250bb2-38da-4c65-b287-ae4757a07fec	16	627854	9725177	6888	0.5048
36250bb2-38da-4c65-b287-ae4757a07fec	16	9725192	13064628	2726	0.5547
36250bb2-38da-4c65-b287-ae4757a07fec	16	13066932	14954987	1196	0.4835
36250bb2-38da-4c65-b287-ae4757a07fec	16	14955003	15012406	48	0.0981
36250bb2-38da-4c65-b287-ae4757a07fec	16	15014730	21294201	3197	0.478
36250bb2-38da-4c65-b287-ae4757a07fec	16	21295491	22631924	444	0.3863
36250bb2-38da-4c65-b287-ae4757a07fec	16	22633481	28158015	3933	0.5206
36250bb2-38da-4c65-b287-ae4757a07fec	16	28158393	56182355	8476	0.4869
36250bb2-38da-4c65-b287-ae4757a07fec	16	56185652	58502720	1370	0.541
36250bb2-38da-4c65-b287-ae4757a07fec	16	58503014	59255695	483	0.4704
36250bb2-38da-4c65-b287-ae4757a07fec	16	59256233	59260077	2	-1.5332
36250bb2-38da-4c65-b287-ae4757a07fec	16	59260742	65578844	4230	0.4386
36250bb2-38da-4c65-b287-ae4757a07fec	16	65579299	67774384	1299	0.5391
36250bb2-38da-4c65-b287-ae4757a07fec	16	67774707	67777714	2	-1.3396
36250bb2-38da-4c65-b287-ae4757a07fec	16	67778027	70105639	1092	0.5317
36250bb2-38da-4c65-b287-ae4757a07fec	16	70117657	70164493	15	-0.0708
36250bb2-38da-4c65-b287-ae4757a07fec	16	70177541	74350360	2296	0.4926
36250bb2-38da-4c65-b287-ae4757a07fec	16	74363160	74373225	6	-0.4521
36250bb2-38da-4c65-b287-ae4757a07fec	16	74373481	78337711	3202	0.4958
36250bb2-38da-4c65-b287-ae4757a07fec	16	78338543	78350868	16	1.423
36250bb2-38da-4c65-b287-ae4757a07fec	16	78351104	84186738	6463	0.5146
36250bb2-38da-4c65-b287-ae4757a07fec	16	84187217	84900412	673	0.4303
36250bb2-38da-4c65-b287-ae4757a07fec	16	84903681	87723252	2432	0.5711
36250bb2-38da-4c65-b287-ae4757a07fec	16	87723775	87768705	34	-0.1377
36250bb2-38da-4c65-b287-ae4757a07fec	16	87770911	89319153	618	0.4996
36250bb2-38da-4c65-b287-ae4757a07fec	16	89319565	89944123	284	0.3153
36250bb2-38da-4c65-b287-ae4757a07fec	16	89945653	90096867	95	0.4527
36250bb2-38da-4c65-b287-ae4757a07fec	17	150733	1158019	524	-0.38
36250bb2-38da-4c65-b287-ae4757a07fec	17	1167328	1168330	2	-4.296
36250bb2-38da-4c65-b287-ae4757a07fec	17	1169403	11057821	5919	-0.2172
36250bb2-38da-4c65-b287-ae4757a07fec	17	11058767	14428564	2578	-0.2768
36250bb2-38da-4c65-b287-ae4757a07fec	17	14429191	14429669	3	-2.0924
36250bb2-38da-4c65-b287-ae4757a07fec	17	14432220	15873871	1006	-0.309
36250bb2-38da-4c65-b287-ae4757a07fec	17	15875428	17624697	906	-0.2245
36250bb2-38da-4c65-b287-ae4757a07fec	17	17625356	17631020	2	-2.4713
36250bb2-38da-4c65-b287-ae4757a07fec	17	17631025	41262120	9803	-0.2337
36250bb2-38da-4c65-b287-ae4757a07fec	17	41265433	41274279	26	-0.8973
36250bb2-38da-4c65-b287-ae4757a07fec	17	41276472	41514267	250	-0.2316
36250bb2-38da-4c65-b287-ae4757a07fec	17	41519342	41532347	10	-0.9727
36250bb2-38da-4c65-b287-ae4757a07fec	17	41540812	45577724	1892	-0.1889
36250bb2-38da-4c65-b287-ae4757a07fec	17	45579014	45582060	6	-1.5323
36250bb2-38da-4c65-b287-ae4757a07fec	17	45587327	46136800	374	-0.3251
36250bb2-38da-4c65-b287-ae4757a07fec	17	46137998	46286804	87	-0.9159
36250bb2-38da-4c65-b287-ae4757a07fec	17	46323701	83091923	21510	-0.2517
36250bb2-38da-4c65-b287-ae4757a07fec	18	48133	445039	280	-0.27
36250bb2-38da-4c65-b287-ae4757a07fec	18	445309	446277	2	-2.0982
36250bb2-38da-4c65-b287-ae4757a07fec	18	452951	10911890	7735	-0.2805
36250bb2-38da-4c65-b287-ae4757a07fec	18	10913291	10919332	5	-3.7343
36250bb2-38da-4c65-b287-ae4757a07fec	18	10921801	25055385	4741	-0.2761
36250bb2-38da-4c65-b287-ae4757a07fec	18	25056379	25063190	3	-2.0435
36250bb2-38da-4c65-b287-ae4757a07fec	18	25063390	26785899	1067	-0.3184
36250bb2-38da-4c65-b287-ae4757a07fec	18	26785951	26786181	3	-2.7233
36250bb2-38da-4c65-b287-ae4757a07fec	18	26786415	75283279	33247	-0.303
36250bb2-38da-4c65-b287-ae4757a07fec	18	75283582	75794906	436	-1.0515
36250bb2-38da-4c65-b287-ae4757a07fec	18	75795384	80257174	3068	-0.3137
36250bb2-38da-4c65-b287-ae4757a07fec	19	90910	6896472	2247	0.1868
36250bb2-38da-4c65-b287-ae4757a07fec	19	6898346	7112683	120	-0.0396
36250bb2-38da-4c65-b287-ae4757a07fec	19	7114202	20653936	6683	0.1852
36250bb2-38da-4c65-b287-ae4757a07fec	19	20654105	20803509	88	0.7387
36250bb2-38da-4c65-b287-ae4757a07fec	19	20814054	22154817	765	0.1203
36250bb2-38da-4c65-b287-ae4757a07fec	19	22155950	22155955	2	-1.7033
36250bb2-38da-4c65-b287-ae4757a07fec	19	22155963	35358420	6776	0.1429
36250bb2-38da-4c65-b287-ae4757a07fec	19	35364451	35379534	27	-0.5286
36250bb2-38da-4c65-b287-ae4757a07fec	19	35383481	47864508	6144	0.1767
36250bb2-38da-4c65-b287-ae4757a07fec	19	47865277	47874802	5	-0.9804
36250bb2-38da-4c65-b287-ae4757a07fec	19	47881027	49886573	906	0.1935
36250bb2-38da-4c65-b287-ae4757a07fec	19	49895433	50076162	121	-0.0407
36250bb2-38da-4c65-b287-ae4757a07fec	19	50076505	51628545	845	0.1654
36250bb2-38da-4c65-b287-ae4757a07fec	19	51628560	51644944	12	-0.9794
36250bb2-38da-4c65-b287-ae4757a07fec	19	51651652	52731668	729	0.1274
36250bb2-38da-4c65-b287-ae4757a07fec	19	52732993	52828786	72	-0.2273
36250bb2-38da-4c65-b287-ae4757a07fec	19	52829675	58586487	3534	0.1389
36250bb2-38da-4c65-b287-ae4757a07fec	20	80664	274177	153	0.4813
36250bb2-38da-4c65-b287-ae4757a07fec	20	274210	592793	211	0.2146
36250bb2-38da-4c65-b287-ae4757a07fec	20	592880	1580156	836	0.5164
36250bb2-38da-4c65-b287-ae4757a07fec	20	1580276	1609809	41	-0.0907
36250bb2-38da-4c65-b287-ae4757a07fec	20	1609888	1613247	3	-1.9226
36250bb2-38da-4c65-b287-ae4757a07fec	20	1617300	1740359	133	0.4925
36250bb2-38da-4c65-b287-ae4757a07fec	20	1740381	2278370	438	0.2571
36250bb2-38da-4c65-b287-ae4757a07fec	20	2280542	2403951	134	0.5537
36250bb2-38da-4c65-b287-ae4757a07fec	20	2407092	3045016	436	0.2246
36250bb2-38da-4c65-b287-ae4757a07fec	20	3045423	31812854	17927	0.4888
36250bb2-38da-4c65-b287-ae4757a07fec	20	31814699	36898585	2404	0.5573
36250bb2-38da-4c65-b287-ae4757a07fec	20	36901371	37094427	198	0.3693
36250bb2-38da-4c65-b287-ae4757a07fec	20	37097999	63599621	19116	0.5329
36250bb2-38da-4c65-b287-ae4757a07fec	20	63601056	64324800	303	0.3847
36250bb2-38da-4c65-b287-ae4757a07fec	21	10354168	14006460	327	-0.1978
36250bb2-38da-4c65-b287-ae4757a07fec	21	14007481	32061915	13212	-0.3067
36250bb2-38da-4c65-b287-ae4757a07fec	21	32062288	46677045	10252	-0.2503
36250bb2-38da-4c65-b287-ae4757a07fec	22	15294547	36452480	13575	-0.9366
36250bb2-38da-4c65-b287-ae4757a07fec	22	36460761	36469597	4	-4.3146
36250bb2-38da-4c65-b287-ae4757a07fec	22	36471393	44862752	5027	-0.8689
36250bb2-38da-4c65-b287-ae4757a07fec	22	44862770	44880466	10	-3.2489
36250bb2-38da-4c65-b287-ae4757a07fec	22	44880732	47345708	1660	-0.9543
36250bb2-38da-4c65-b287-ae4757a07fec	22	47353491	47356361	2	-6.6156
36250bb2-38da-4c65-b287-ae4757a07fec	22	47356532	50796027	2605	-1.0506
36250bb2-38da-4c65-b287-ae4757a07fec	X	251810	33315768	20656	-0.0034
36250bb2-38da-4c65-b287-ae4757a07fec	X	33318754	75011364	17967	0.0314
36250bb2-38da-4c65-b287-ae4757a07fec	X	75014098	75020322	3	-1.8155
36250bb2-38da-4c65-b287-ae4757a07fec	X	75020712	79146226	1687	0.0245
36250bb2-38da-4c65-b287-ae4757a07fec	X	79146500	155952689	43089	-0.0127
36250bb2-38da-4c65-b287-ae4757a07fec	Y	2782397	13478396	3263	-2.2609
36250bb2-38da-4c65-b287-ae4757a07fec	Y	13478462	13482643	3	-7.6945
36250bb2-38da-4c65-b287-ae4757a07fec	Y	13483009	56872112	3371	-2.2705
