GDC_Aliquot	Chromosome	Start	End	Num_Probes	Segment_Mean
516b3003-bda5-4b94-896a-5da9458b7570	1	62920	3296382	736	-0.3523
516b3003-bda5-4b94-896a-5da9458b7570	1	3298168	17266911	8243	-0.2039
516b3003-bda5-4b94-896a-5da9458b7570	1	17268401	17293514	22	0.6146
516b3003-bda5-4b94-896a-5da9458b7570	1	17296159	25256850	4992	-0.1888
516b3003-bda5-4b94-896a-5da9458b7570	1	25266637	25319693	21	-1.5589
516b3003-bda5-4b94-896a-5da9458b7570	1	25320198	28513790	1344	-0.1476
516b3003-bda5-4b94-896a-5da9458b7570	1	28519419	28579054	20	0.6335
516b3003-bda5-4b94-896a-5da9458b7570	1	28579255	40556404	6778	-0.1872
516b3003-bda5-4b94-896a-5da9458b7570	1	40562256	40562538	2	-3.5514
516b3003-bda5-4b94-896a-5da9458b7570	1	40563254	45671987	2958	-0.1696
516b3003-bda5-4b94-896a-5da9458b7570	1	45672664	54624527	4876	-0.218
516b3003-bda5-4b94-896a-5da9458b7570	1	54627618	54628716	2	-3.0417
516b3003-bda5-4b94-896a-5da9458b7570	1	54630777	63003832	6360	-0.2458
516b3003-bda5-4b94-896a-5da9458b7570	1	63005821	63006432	3	-2.0953
516b3003-bda5-4b94-896a-5da9458b7570	1	63007197	72275051	6320	-0.2424
516b3003-bda5-4b94-896a-5da9458b7570	1	72280850	72302815	17	0.1649
516b3003-bda5-4b94-896a-5da9458b7570	1	72303233	72345465	46	0.9529
516b3003-bda5-4b94-896a-5da9458b7570	1	72346221	103613180	19991	-0.2503
516b3003-bda5-4b94-896a-5da9458b7570	1	103614539	103717410	11	-1.6816
516b3003-bda5-4b94-896a-5da9458b7570	1	103717617	105476583	919	-0.2537
516b3003-bda5-4b94-896a-5da9458b7570	1	105476614	105479738	15	0.4111
516b3003-bda5-4b94-896a-5da9458b7570	1	105479753	108223733	1958	-0.2568
516b3003-bda5-4b94-896a-5da9458b7570	1	108226680	108274557	2	-2.8962
516b3003-bda5-4b94-896a-5da9458b7570	1	108310648	109684893	675	-0.1964
516b3003-bda5-4b94-896a-5da9458b7570	1	109690352	109697556	13	1.6276
516b3003-bda5-4b94-896a-5da9458b7570	1	109702376	110834746	834	-0.1875
516b3003-bda5-4b94-896a-5da9458b7570	1	110834943	110841332	35	-2.2028
516b3003-bda5-4b94-896a-5da9458b7570	1	110841350	112147704	1074	-0.2074
516b3003-bda5-4b94-896a-5da9458b7570	1	112153343	112154768	25	0.3783
516b3003-bda5-4b94-896a-5da9458b7570	1	112163334	117850275	3666	-0.2144
516b3003-bda5-4b94-896a-5da9458b7570	1	117850340	149906351	2530	-0.26
516b3003-bda5-4b94-896a-5da9458b7570	1	149907993	152583291	1397	-0.1851
516b3003-bda5-4b94-896a-5da9458b7570	1	152583319	152613762	29	-1.5416
516b3003-bda5-4b94-896a-5da9458b7570	1	152613802	152784298	166	-0.2573
516b3003-bda5-4b94-896a-5da9458b7570	1	152784330	152795805	36	0.2351
516b3003-bda5-4b94-896a-5da9458b7570	1	152795862	156885853	2092	-0.1835
516b3003-bda5-4b94-896a-5da9458b7570	1	156886003	159227554	1736	-0.2424
516b3003-bda5-4b94-896a-5da9458b7570	1	159229894	162051334	1732	-0.1736
516b3003-bda5-4b94-896a-5da9458b7570	1	162052604	196745743	23857	-0.2401
516b3003-bda5-4b94-896a-5da9458b7570	1	196758720	196762956	4	-1.652
516b3003-bda5-4b94-896a-5da9458b7570	1	196769493	196821815	44	-0.1443
516b3003-bda5-4b94-896a-5da9458b7570	1	196829435	196854187	15	0.5668
516b3003-bda5-4b94-896a-5da9458b7570	1	196854483	201607797	3121	-0.2266
516b3003-bda5-4b94-896a-5da9458b7570	1	201608371	207320030	3582	-0.1862
516b3003-bda5-4b94-896a-5da9458b7570	1	207320256	210484992	2469	-0.2436
516b3003-bda5-4b94-896a-5da9458b7570	1	210486622	210494872	11	-0.9986
516b3003-bda5-4b94-896a-5da9458b7570	1	210495654	213643968	2012	-0.2119
516b3003-bda5-4b94-896a-5da9458b7570	1	213651067	213657482	4	-1.947
516b3003-bda5-4b94-896a-5da9458b7570	1	213657558	223484461	6924	-0.2613
516b3003-bda5-4b94-896a-5da9458b7570	1	223484700	228177209	2772	-0.2033
516b3003-bda5-4b94-896a-5da9458b7570	1	228177945	229675422	888	-0.2395
516b3003-bda5-4b94-896a-5da9458b7570	1	229681109	229684449	3	-2.8874
516b3003-bda5-4b94-896a-5da9458b7570	1	229684709	248930189	13956	-0.2495
516b3003-bda5-4b94-896a-5da9458b7570	2	12784	8089375	6381	-0.2536
516b3003-bda5-4b94-896a-5da9458b7570	2	8089982	12216306	2994	-0.1897
516b3003-bda5-4b94-896a-5da9458b7570	2	12217340	14563570	1658	-0.2399
516b3003-bda5-4b94-896a-5da9458b7570	2	14564825	14569897	11	-4.7998
516b3003-bda5-4b94-896a-5da9458b7570	2	14569968	23450566	6360	-0.2497
516b3003-bda5-4b94-896a-5da9458b7570	2	23452081	28737312	2701	-0.1703
516b3003-bda5-4b94-896a-5da9458b7570	2	28743924	34427804	3939	-0.2389
516b3003-bda5-4b94-896a-5da9458b7570	2	34434869	34511446	56	0.2678
516b3003-bda5-4b94-896a-5da9458b7570	2	34511990	35742319	870	-0.2263
516b3003-bda5-4b94-896a-5da9458b7570	2	35742970	35762881	9	0.6732
516b3003-bda5-4b94-896a-5da9458b7570	2	35772407	38331727	2062	-0.2278
516b3003-bda5-4b94-896a-5da9458b7570	2	38332083	38332751	2	-2.584
516b3003-bda5-4b94-896a-5da9458b7570	2	38335131	52527330	10046	-0.2245
516b3003-bda5-4b94-896a-5da9458b7570	2	52527342	52554404	39	-2.0987
516b3003-bda5-4b94-896a-5da9458b7570	2	52560811	122718173	38861	-0.2228
516b3003-bda5-4b94-896a-5da9458b7570	2	122718842	122724665	10	-1.3304
516b3003-bda5-4b94-896a-5da9458b7570	2	122726077	127099470	2858	-0.2444
516b3003-bda5-4b94-896a-5da9458b7570	2	127100187	127100370	2	-2.0553
516b3003-bda5-4b94-896a-5da9458b7570	2	127101070	146104517	11439	-0.2381
516b3003-bda5-4b94-896a-5da9458b7570	2	146106836	146120842	27	0.443
516b3003-bda5-4b94-896a-5da9458b7570	2	146120874	159102108	7773	-0.2313
516b3003-bda5-4b94-896a-5da9458b7570	2	159103831	159104461	2	-2.5309
516b3003-bda5-4b94-896a-5da9458b7570	2	159106775	242147305	51187	-0.2245
516b3003-bda5-4b94-896a-5da9458b7570	3	20930	182919	154	-0.2098
516b3003-bda5-4b94-896a-5da9458b7570	3	188339	191117	4	-2.9085
516b3003-bda5-4b94-896a-5da9458b7570	3	193194	6604856	5649	-0.2451
516b3003-bda5-4b94-896a-5da9458b7570	3	6609441	6611645	23	-2.1242
516b3003-bda5-4b94-896a-5da9458b7570	3	6613391	16197556	7037	-0.2363
516b3003-bda5-4b94-896a-5da9458b7570	3	16199049	16199672	6	-2.4091
516b3003-bda5-4b94-896a-5da9458b7570	3	16199818	26560273	7090	-0.2603
516b3003-bda5-4b94-896a-5da9458b7570	3	26570006	26570394	7	-1.4907
516b3003-bda5-4b94-896a-5da9458b7570	3	26570407	44675876	11781	-0.2473
516b3003-bda5-4b94-896a-5da9458b7570	3	44682359	53145192	4029	-0.1649
516b3003-bda5-4b94-896a-5da9458b7570	3	53145738	193160113	86005	-0.2525
516b3003-bda5-4b94-896a-5da9458b7570	3	193160173	193165114	19	2.2076
516b3003-bda5-4b94-896a-5da9458b7570	3	193168646	195656271	1482	-0.2404
516b3003-bda5-4b94-896a-5da9458b7570	3	195663809	195747311	42	0.2367
516b3003-bda5-4b94-896a-5da9458b7570	3	195747892	198169247	1167	-0.2438
516b3003-bda5-4b94-896a-5da9458b7570	4	68929	1058451	354	0.5827
516b3003-bda5-4b94-896a-5da9458b7570	4	1058613	3470435	1041	0.6867
516b3003-bda5-4b94-896a-5da9458b7570	4	3470595	9379218	3704	0.623
516b3003-bda5-4b94-896a-5da9458b7570	4	9379465	9455251	56	0.4374
516b3003-bda5-4b94-896a-5da9458b7570	4	9459504	9484440	7	-0.1958
516b3003-bda5-4b94-896a-5da9458b7570	4	9494650	9812051	119	0.4949
516b3003-bda5-4b94-896a-5da9458b7570	4	9812832	10208766	417	0.6254
516b3003-bda5-4b94-896a-5da9458b7570	4	10221792	10229173	22	3.3633
516b3003-bda5-4b94-896a-5da9458b7570	4	10229188	10229874	6	1.7326
516b3003-bda5-4b94-896a-5da9458b7570	4	10232590	10389091	178	0.6807
516b3003-bda5-4b94-896a-5da9458b7570	4	10390730	10399044	16	-0.1384
516b3003-bda5-4b94-896a-5da9458b7570	4	10401094	34777432	16778	0.5715
516b3003-bda5-4b94-896a-5da9458b7570	4	34784878	34823103	38	1.0442
516b3003-bda5-4b94-896a-5da9458b7570	4	34828250	37588084	1913	0.577
516b3003-bda5-4b94-896a-5da9458b7570	4	37588425	38992567	1072	0.6474
516b3003-bda5-4b94-896a-5da9458b7570	4	38993095	39003180	2	-1.3353
516b3003-bda5-4b94-896a-5da9458b7570	4	39003981	48771413	5840	0.5785
516b3003-bda5-4b94-896a-5da9458b7570	4	48771732	48782327	3	-0.9428
516b3003-bda5-4b94-896a-5da9458b7570	4	48783032	49295203	139	0.5741
516b3003-bda5-4b94-896a-5da9458b7570	4	49501149	49656595	17	-0.8126
516b3003-bda5-4b94-896a-5da9458b7570	4	51819533	63831751	7562	0.5662
516b3003-bda5-4b94-896a-5da9458b7570	4	63831799	63842540	27	0.0987
516b3003-bda5-4b94-896a-5da9458b7570	4	63850713	68354665	2848	0.5612
516b3003-bda5-4b94-896a-5da9458b7570	4	68361130	68395346	7	-0.9439
516b3003-bda5-4b94-896a-5da9458b7570	4	68416487	68506285	17	0.4754
516b3003-bda5-4b94-896a-5da9458b7570	4	68509223	68623617	65	-1.4183
516b3003-bda5-4b94-896a-5da9458b7570	4	68639397	90109252	13302	0.587
516b3003-bda5-4b94-896a-5da9458b7570	4	90110989	98188101	4691	0.556
516b3003-bda5-4b94-896a-5da9458b7570	4	98190018	103824414	3374	0.5888
516b3003-bda5-4b94-896a-5da9458b7570	4	103830473	103830480	5	-0.5121
516b3003-bda5-4b94-896a-5da9458b7570	4	103830487	114252544	6293	0.5754
516b3003-bda5-4b94-896a-5da9458b7570	4	114254167	114261019	23	-1.3121
516b3003-bda5-4b94-896a-5da9458b7570	4	114263073	129141596	8712	0.568
516b3003-bda5-4b94-896a-5da9458b7570	4	129146391	129147005	2	-1.3598
516b3003-bda5-4b94-896a-5da9458b7570	4	129151408	137170949	4511	0.562
516b3003-bda5-4b94-896a-5da9458b7570	4	137171041	137173967	18	-0.2064
516b3003-bda5-4b94-896a-5da9458b7570	4	137187209	190106768	33854	0.5767
516b3003-bda5-4b94-896a-5da9458b7570	5	15532	725091	317	0.5272
516b3003-bda5-4b94-896a-5da9458b7570	5	728864	761010	12	1.2586
516b3003-bda5-4b94-896a-5da9458b7570	5	772967	3953496	2526	0.5865
516b3003-bda5-4b94-896a-5da9458b7570	5	3958360	3969743	10	-0.353
516b3003-bda5-4b94-896a-5da9458b7570	5	3973693	12800777	7318	0.5771
516b3003-bda5-4b94-896a-5da9458b7570	5	12815668	12826538	11	-1.0988
516b3003-bda5-4b94-896a-5da9458b7570	5	12833745	32114264	12064	0.5651
516b3003-bda5-4b94-896a-5da9458b7570	5	32115305	32171526	38	1.027
516b3003-bda5-4b94-896a-5da9458b7570	5	32172387	46062027	8307	0.5862
516b3003-bda5-4b94-896a-5da9458b7570	5	46096785	46097651	4	-0.4399
516b3003-bda5-4b94-896a-5da9458b7570	5	46098416	46251204	38	0.734
516b3003-bda5-4b94-896a-5da9458b7570	5	46270906	46273400	8	-1.88
516b3003-bda5-4b94-896a-5da9458b7570	5	46278110	54489757	2661	0.5798
516b3003-bda5-4b94-896a-5da9458b7570	5	54491842	57138807	1821	0.6365
516b3003-bda5-4b94-896a-5da9458b7570	5	57147155	58037128	613	0.5694
516b3003-bda5-4b94-896a-5da9458b7570	5	58037466	58037706	3	-1.0253
516b3003-bda5-4b94-896a-5da9458b7570	5	58042530	69533520	7290	0.5968
516b3003-bda5-4b94-896a-5da9458b7570	5	69550476	69937617	8	-0.2207
516b3003-bda5-4b94-896a-5da9458b7570	5	70017846	81504156	6563	0.6089
516b3003-bda5-4b94-896a-5da9458b7570	5	81507164	95374264	7588	0.5755
516b3003-bda5-4b94-896a-5da9458b7570	5	95379352	104515520	5367	0.5969
516b3003-bda5-4b94-896a-5da9458b7570	5	104524672	104524903	4	-1.094
516b3003-bda5-4b94-896a-5da9458b7570	5	104525348	118052727	9376	0.5779
516b3003-bda5-4b94-896a-5da9458b7570	5	118052915	118053390	10	-0.1108
516b3003-bda5-4b94-896a-5da9458b7570	5	118068645	131340762	8316	0.5817
516b3003-bda5-4b94-896a-5da9458b7570	5	131343144	134101898	1722	0.6606
516b3003-bda5-4b94-896a-5da9458b7570	5	134103061	140839137	3769	0.598
516b3003-bda5-4b94-896a-5da9458b7570	5	140844251	140864171	13	-0.2706
516b3003-bda5-4b94-896a-5da9458b7570	5	140872578	143795986	1899	0.641
516b3003-bda5-4b94-896a-5da9458b7570	5	143796837	148931139	3419	0.5828
516b3003-bda5-4b94-896a-5da9458b7570	5	148933204	151743786	1926	0.6338
516b3003-bda5-4b94-896a-5da9458b7570	5	151743836	153611838	1287	0.5474
516b3003-bda5-4b94-896a-5da9458b7570	5	153615252	159660648	4146	0.5963
516b3003-bda5-4b94-896a-5da9458b7570	5	159660762	168850295	6243	0.5642
516b3003-bda5-4b94-896a-5da9458b7570	5	168850486	177296778	5933	0.6105
516b3003-bda5-4b94-896a-5da9458b7570	5	177299001	177386403	48	1.1261
516b3003-bda5-4b94-896a-5da9458b7570	5	177405557	177705442	95	0.6443
516b3003-bda5-4b94-896a-5da9458b7570	5	177706657	177805604	13	0.1006
516b3003-bda5-4b94-896a-5da9458b7570	5	177827964	179624883	1036	0.6529
516b3003-bda5-4b94-896a-5da9458b7570	5	179625153	179678327	43	0.3316
516b3003-bda5-4b94-896a-5da9458b7570	5	179681196	180953203	720	0.645
516b3003-bda5-4b94-896a-5da9458b7570	5	180960138	180972373	4	2.0032
516b3003-bda5-4b94-896a-5da9458b7570	5	180975764	181006225	13	1.0457
516b3003-bda5-4b94-896a-5da9458b7570	5	181006264	181363319	169	0.4769
516b3003-bda5-4b94-896a-5da9458b7570	6	149661	6025978	4836	-0.2596
516b3003-bda5-4b94-896a-5da9458b7570	6	6033698	6034203	3	-3.3197
516b3003-bda5-4b94-896a-5da9458b7570	6	6036812	31309909	17441	-0.2443
516b3003-bda5-4b94-896a-5da9458b7570	6	31313046	31328674	12	-1.5261
516b3003-bda5-4b94-896a-5da9458b7570	6	31342147	32463515	495	-0.3152
516b3003-bda5-4b94-896a-5da9458b7570	6	32463775	32606604	39	1.14
516b3003-bda5-4b94-896a-5da9458b7570	6	32610305	32722250	71	0.0032
516b3003-bda5-4b94-896a-5da9458b7570	6	32723020	32723053	3	1.3354
516b3003-bda5-4b94-896a-5da9458b7570	6	32732907	37693265	2942	-0.1754
516b3003-bda5-4b94-896a-5da9458b7570	6	37694835	41098687	2544	-0.2503
516b3003-bda5-4b94-896a-5da9458b7570	6	41100110	45538385	2525	-0.1965
516b3003-bda5-4b94-896a-5da9458b7570	6	45539277	48963228	2309	-0.2742
516b3003-bda5-4b94-896a-5da9458b7570	6	48964092	48967563	3	-2.3443
516b3003-bda5-4b94-896a-5da9458b7570	6	48978926	62650691	6504	-0.2675
516b3003-bda5-4b94-896a-5da9458b7570	6	62650941	62652066	3	-2.7134
516b3003-bda5-4b94-896a-5da9458b7570	6	62652580	73882509	7163	-0.2679
516b3003-bda5-4b94-896a-5da9458b7570	6	73882741	73887625	8	-2.5646
516b3003-bda5-4b94-896a-5da9458b7570	6	73891694	75531811	1050	-0.2629
516b3003-bda5-4b94-896a-5da9458b7570	6	75532861	75543076	4	-3.3377
516b3003-bda5-4b94-896a-5da9458b7570	6	75543180	78259348	1711	-0.2688
516b3003-bda5-4b94-896a-5da9458b7570	6	78259388	78325457	110	0.2969
516b3003-bda5-4b94-896a-5da9458b7570	6	78325468	103286954	15456	-0.271
516b3003-bda5-4b94-896a-5da9458b7570	6	103290101	103312129	42	0.5037
516b3003-bda5-4b94-896a-5da9458b7570	6	103312172	151583350	30596	-0.2556
516b3003-bda5-4b94-896a-5da9458b7570	6	151583880	151759600	132	-4.2714
516b3003-bda5-4b94-896a-5da9458b7570	6	151761380	152125111	345	-3.1649
516b3003-bda5-4b94-896a-5da9458b7570	6	152125352	152862883	572	-3.968
516b3003-bda5-4b94-896a-5da9458b7570	6	152870987	156650983	2711	-0.2604
516b3003-bda5-4b94-896a-5da9458b7570	6	156653284	160316108	2260	-0.214
516b3003-bda5-4b94-896a-5da9458b7570	6	160316549	170741917	7456	-0.2793
516b3003-bda5-4b94-896a-5da9458b7570	7	43355	6797437	3414	-0.2354
516b3003-bda5-4b94-896a-5da9458b7570	7	6799093	6823062	4	-1.7852
516b3003-bda5-4b94-896a-5da9458b7570	7	6824452	22395161	12614	-0.2615
516b3003-bda5-4b94-896a-5da9458b7570	7	22395853	22396868	2	-2.5895
516b3003-bda5-4b94-896a-5da9458b7570	7	22399135	36346350	9843	-0.2535
516b3003-bda5-4b94-896a-5da9458b7570	7	36347060	38361356	1574	-0.2005
516b3003-bda5-4b94-896a-5da9458b7570	7	38362895	54318812	10970	-0.2691
516b3003-bda5-4b94-896a-5da9458b7570	7	54318816	54318824	5	-2.2536
516b3003-bda5-4b94-896a-5da9458b7570	7	54325795	64978964	2970	-0.2698
516b3003-bda5-4b94-896a-5da9458b7570	7	64979235	64979759	3	-2.3849
516b3003-bda5-4b94-896a-5da9458b7570	7	64982495	70955452	3145	-0.2798
516b3003-bda5-4b94-896a-5da9458b7570	7	70958264	70961155	2	1.8253
516b3003-bda5-4b94-896a-5da9458b7570	7	70963257	72842566	1159	-0.2948
516b3003-bda5-4b94-896a-5da9458b7570	7	72853922	76583004	992	-0.1755
516b3003-bda5-4b94-896a-5da9458b7570	7	76585480	99341796	14346	-0.2673
516b3003-bda5-4b94-896a-5da9458b7570	7	99344286	107805282	4426	-0.2216
516b3003-bda5-4b94-896a-5da9458b7570	7	107805735	109801155	1378	-0.2753
516b3003-bda5-4b94-896a-5da9458b7570	7	109801187	109813853	11	-1.7007
516b3003-bda5-4b94-896a-5da9458b7570	7	109813925	134100424	14719	-0.2637
516b3003-bda5-4b94-896a-5da9458b7570	7	134100442	134110881	24	-1.7237
516b3003-bda5-4b94-896a-5da9458b7570	7	134110912	142069880	5203	-0.2556
516b3003-bda5-4b94-896a-5da9458b7570	7	142069891	142087828	22	-2.5947
516b3003-bda5-4b94-896a-5da9458b7570	7	142087846	142092307	10	-1.1285
516b3003-bda5-4b94-896a-5da9458b7570	7	142099190	143189544	695	-0.2301
516b3003-bda5-4b94-896a-5da9458b7570	7	143189910	143194121	3	-1.2026
516b3003-bda5-4b94-896a-5da9458b7570	7	143194628	143279656	31	-2.3584
516b3003-bda5-4b94-896a-5da9458b7570	7	143280246	148700263	3377	-0.2663
516b3003-bda5-4b94-896a-5da9458b7570	7	148700991	151999326	1820	-0.2031
516b3003-bda5-4b94-896a-5da9458b7570	7	152000754	152002009	3	-1.5973
516b3003-bda5-4b94-896a-5da9458b7570	7	152004879	153006061	437	-0.1882
516b3003-bda5-4b94-896a-5da9458b7570	7	153006248	159334314	4471	-0.2789
516b3003-bda5-4b94-896a-5da9458b7570	8	81254	213414	7	-0.2284
516b3003-bda5-4b94-896a-5da9458b7570	8	214984	4144670	3689	0.58
516b3003-bda5-4b94-896a-5da9458b7570	8	4144685	4144794	3	-0.8788
516b3003-bda5-4b94-896a-5da9458b7570	8	4145131	4145783	10	0.629
516b3003-bda5-4b94-896a-5da9458b7570	8	4145941	4145956	2	-2.1443
516b3003-bda5-4b94-896a-5da9458b7570	8	4146039	8078333	4072	0.5901
516b3003-bda5-4b94-896a-5da9458b7570	8	8085660	8212781	12	-0.4292
516b3003-bda5-4b94-896a-5da9458b7570	8	8214781	12092042	3214	0.5906
516b3003-bda5-4b94-896a-5da9458b7570	8	12130217	12176798	7	-0.3781
516b3003-bda5-4b94-896a-5da9458b7570	8	12177488	12389977	30	0.7803
516b3003-bda5-4b94-896a-5da9458b7570	8	12418301	12695213	40	0.1717
516b3003-bda5-4b94-896a-5da9458b7570	8	12695279	20989821	7591	0.5881
516b3003-bda5-4b94-896a-5da9458b7570	8	20994436	24052408	1997	0.6319
516b3003-bda5-4b94-896a-5da9458b7570	8	24053548	25117007	781	0.5776
516b3003-bda5-4b94-896a-5da9458b7570	8	25117062	25126818	24	1.3743
516b3003-bda5-4b94-896a-5da9458b7570	8	25133589	27123055	1561	0.5841
516b3003-bda5-4b94-896a-5da9458b7570	8	27123070	30064493	1977	0.6465
516b3003-bda5-4b94-896a-5da9458b7570	8	30064915	39373140	5471	0.5675
516b3003-bda5-4b94-896a-5da9458b7570	8	39378084	39529446	59	1.461
516b3003-bda5-4b94-896a-5da9458b7570	8	39530780	100161861	35106	0.5768
516b3003-bda5-4b94-896a-5da9458b7570	8	100161958	103439813	2206	0.6208
516b3003-bda5-4b94-896a-5da9458b7570	8	103439971	111282237	4660	0.5703
516b3003-bda5-4b94-896a-5da9458b7570	8	111282417	111282852	4	-0.9032
516b3003-bda5-4b94-896a-5da9458b7570	8	111282973	114622438	1824	0.5611
516b3003-bda5-4b94-896a-5da9458b7570	8	114622478	114629502	31	-0.0885
516b3003-bda5-4b94-896a-5da9458b7570	8	114638468	122517390	5325	0.5828
516b3003-bda5-4b94-896a-5da9458b7570	8	122518183	134685708	9099	0.6146
516b3003-bda5-4b94-896a-5da9458b7570	8	134686045	139910045	4196	0.5691
516b3003-bda5-4b94-896a-5da9458b7570	8	139919861	139996591	85	1.0527
516b3003-bda5-4b94-896a-5da9458b7570	8	140003648	140300968	204	0.6668
516b3003-bda5-4b94-896a-5da9458b7570	8	140302343	142410372	1188	0.5601
516b3003-bda5-4b94-896a-5da9458b7570	8	142423108	144230225	621	0.6427
516b3003-bda5-4b94-896a-5da9458b7570	8	144230285	144924090	243	0.4688
516b3003-bda5-4b94-896a-5da9458b7570	8	144924141	145072769	84	0.6187
516b3003-bda5-4b94-896a-5da9458b7570	9	46587	22492890	19804	-0.252
516b3003-bda5-4b94-896a-5da9458b7570	9	22501914	22502700	2	-3.8846
516b3003-bda5-4b94-896a-5da9458b7570	9	22509341	28747925	4657	-0.2581
516b3003-bda5-4b94-896a-5da9458b7570	9	28748568	28748805	2	-3.0993
516b3003-bda5-4b94-896a-5da9458b7570	9	28751338	32792091	2854	-0.2529
516b3003-bda5-4b94-896a-5da9458b7570	9	32793468	38257363	3284	-0.1945
516b3003-bda5-4b94-896a-5da9458b7570	9	38258053	38771790	454	-0.248
516b3003-bda5-4b94-896a-5da9458b7570	9	38771834	38912300	6	0.4286
516b3003-bda5-4b94-896a-5da9458b7570	9	38916785	39138018	23	-0.2744
516b3003-bda5-4b94-896a-5da9458b7570	9	39138124	39140250	3	-1.4897
516b3003-bda5-4b94-896a-5da9458b7570	9	39140318	39547492	38	-0.3415
516b3003-bda5-4b94-896a-5da9458b7570	9	39588611	40189830	10	0.7472
516b3003-bda5-4b94-896a-5da9458b7570	9	40228981	41308514	53	-0.2439
516b3003-bda5-4b94-896a-5da9458b7570	9	41316241	41571298	26	0.2801
516b3003-bda5-4b94-896a-5da9458b7570	9	41571374	42014203	18	-0.4116
516b3003-bda5-4b94-896a-5da9458b7570	9	42037471	42211663	22	-1.6188
516b3003-bda5-4b94-896a-5da9458b7570	9	42230926	42295397	7	-0.2906
516b3003-bda5-4b94-896a-5da9458b7570	9	42302534	42308537	3	-1.7661
516b3003-bda5-4b94-896a-5da9458b7570	9	42501791	61369645	55	-0.2011
516b3003-bda5-4b94-896a-5da9458b7570	9	61371448	61629689	33	-1.2336
516b3003-bda5-4b94-896a-5da9458b7570	9	61633080	64493528	97	-0.2157
516b3003-bda5-4b94-896a-5da9458b7570	9	64495298	64510407	8	-2.0206
516b3003-bda5-4b94-896a-5da9458b7570	9	64520620	75387644	5025	-0.2492
516b3003-bda5-4b94-896a-5da9458b7570	9	75390261	75393245	3	-2.4312
516b3003-bda5-4b94-896a-5da9458b7570	9	75397543	76527389	1004	-0.2631
516b3003-bda5-4b94-896a-5da9458b7570	9	76535422	76535987	5	-2.1909
516b3003-bda5-4b94-896a-5da9458b7570	9	76538624	76545547	9	-4.8478
516b3003-bda5-4b94-896a-5da9458b7570	9	76548592	122587722	33188	-0.2442
516b3003-bda5-4b94-896a-5da9458b7570	9	122597776	134029106	6817	-0.1642
516b3003-bda5-4b94-896a-5da9458b7570	9	134030641	138200944	1848	-0.213
516b3003-bda5-4b94-896a-5da9458b7570	10	45792	24086334	19160	-0.2413
516b3003-bda5-4b94-896a-5da9458b7570	10	24088745	24088991	9	0.8285
516b3003-bda5-4b94-896a-5da9458b7570	10	24088992	30957581	5003	-0.2532
516b3003-bda5-4b94-896a-5da9458b7570	10	30962405	30962809	10	-1.664
516b3003-bda5-4b94-896a-5da9458b7570	10	30962850	38462993	4764	-0.2478
516b3003-bda5-4b94-896a-5da9458b7570	10	38466746	38467145	2	1.5453
516b3003-bda5-4b94-896a-5da9458b7570	10	38467160	46221897	2519	-0.2458
516b3003-bda5-4b94-896a-5da9458b7570	10	46222715	46226691	7	-1.2678
516b3003-bda5-4b94-896a-5da9458b7570	10	46228771	46545913	160	-0.2295
516b3003-bda5-4b94-896a-5da9458b7570	10	46552712	46810571	32	-0.6178
516b3003-bda5-4b94-896a-5da9458b7570	10	46836986	49792548	1603	-0.221
516b3003-bda5-4b94-896a-5da9458b7570	10	49796090	49802852	5	-1.6195
516b3003-bda5-4b94-896a-5da9458b7570	10	49806996	50070600	72	-0.2801
516b3003-bda5-4b94-896a-5da9458b7570	10	50081224	50132160	4	-1.8693
516b3003-bda5-4b94-896a-5da9458b7570	10	50144008	57443289	5429	-0.2603
516b3003-bda5-4b94-896a-5da9458b7570	10	57450745	57451013	4	-2.1615
516b3003-bda5-4b94-896a-5da9458b7570	10	57458735	65546518	5549	-0.2511
516b3003-bda5-4b94-896a-5da9458b7570	10	65548165	65566308	32	0.2456
516b3003-bda5-4b94-896a-5da9458b7570	10	65566389	68659173	1990	-0.2428
516b3003-bda5-4b94-896a-5da9458b7570	10	68665216	69515737	544	-0.1792
516b3003-bda5-4b94-896a-5da9458b7570	10	69522716	69523086	5	-1.8274
516b3003-bda5-4b94-896a-5da9458b7570	10	69531858	70720823	966	-0.2091
516b3003-bda5-4b94-896a-5da9458b7570	10	70721964	70722088	2	-1.8762
516b3003-bda5-4b94-896a-5da9458b7570	10	70722700	75671960	2651	-0.1863
516b3003-bda5-4b94-896a-5da9458b7570	10	75675862	87286741	8258	-0.2636
516b3003-bda5-4b94-896a-5da9458b7570	10	87310039	87352872	11	-2.0163
516b3003-bda5-4b94-896a-5da9458b7570	10	87353136	87576598	80	-0.3283
516b3003-bda5-4b94-896a-5da9458b7570	10	87578820	104321052	10380	-0.2214
516b3003-bda5-4b94-896a-5da9458b7570	10	104321364	130678517	19423	-0.2537
516b3003-bda5-4b94-896a-5da9458b7570	10	130679023	130899014	253	-0.4126
516b3003-bda5-4b94-896a-5da9458b7570	10	130901101	133654968	1565	-0.2788
516b3003-bda5-4b94-896a-5da9458b7570	11	198510	4946166	2409	-0.2225
516b3003-bda5-4b94-896a-5da9458b7570	11	4946420	4954445	28	0.5588
516b3003-bda5-4b94-896a-5da9458b7570	11	4954475	5766175	783	-0.2378
516b3003-bda5-4b94-896a-5da9458b7570	11	5766850	5787909	32	-1.9971
516b3003-bda5-4b94-896a-5da9458b7570	11	5788108	6086560	240	-0.2268
516b3003-bda5-4b94-896a-5da9458b7570	11	6087039	6106746	12	0.4299
516b3003-bda5-4b94-896a-5da9458b7570	11	6110060	11247351	3615	-0.2241
516b3003-bda5-4b94-896a-5da9458b7570	11	11247539	30619674	14164	-0.2672
516b3003-bda5-4b94-896a-5da9458b7570	11	30622877	30623081	2	-3.5566
516b3003-bda5-4b94-896a-5da9458b7570	11	30624333	36125375	4035	-0.2546
516b3003-bda5-4b94-896a-5da9458b7570	11	36126655	36128092	5	-1.6478
516b3003-bda5-4b94-896a-5da9458b7570	11	36129041	36758924	502	-0.2468
516b3003-bda5-4b94-896a-5da9458b7570	11	36759611	36760584	3	-2.0113
516b3003-bda5-4b94-896a-5da9458b7570	11	36762152	42940281	4115	-0.2749
516b3003-bda5-4b94-896a-5da9458b7570	11	42948034	42949618	6	1.1112
516b3003-bda5-4b94-896a-5da9458b7570	11	42955081	44764194	1282	-0.2677
516b3003-bda5-4b94-896a-5da9458b7570	11	44766565	55595864	3170	-0.2129
516b3003-bda5-4b94-896a-5da9458b7570	11	55606556	55686100	60	0.4231
516b3003-bda5-4b94-896a-5da9458b7570	11	55693207	77612081	11363	-0.211
516b3003-bda5-4b94-896a-5da9458b7570	11	77613149	94064524	11332	-0.2689
516b3003-bda5-4b94-896a-5da9458b7570	11	94065707	94068507	5	-5.2446
516b3003-bda5-4b94-896a-5da9458b7570	11	94076452	135074876	29477	-0.2587
516b3003-bda5-4b94-896a-5da9458b7570	12	51460	760097	420	0.5602
516b3003-bda5-4b94-896a-5da9458b7570	12	760112	766188	16	-0.3403
516b3003-bda5-4b94-896a-5da9458b7570	12	767080	8405892	5157	0.6138
516b3003-bda5-4b94-896a-5da9458b7570	12	8406040	8432076	17	-0.1701
516b3003-bda5-4b94-896a-5da9458b7570	12	8442298	9481274	560	0.6073
516b3003-bda5-4b94-896a-5da9458b7570	12	9485313	9575696	23	-1.4761
516b3003-bda5-4b94-896a-5da9458b7570	12	9582373	11061546	1031	0.6297
516b3003-bda5-4b94-896a-5da9458b7570	12	11062773	11088933	13	-0.5168
516b3003-bda5-4b94-896a-5da9458b7570	12	11099275	11358643	132	0.5698
516b3003-bda5-4b94-896a-5da9458b7570	12	11358644	11390472	30	0.9847
516b3003-bda5-4b94-896a-5da9458b7570	12	11399258	18235210	4739	0.5944
516b3003-bda5-4b94-896a-5da9458b7570	12	18235212	18235479	3	-1.0132
516b3003-bda5-4b94-896a-5da9458b7570	12	18235501	30082648	8348	0.5772
516b3003-bda5-4b94-896a-5da9458b7570	12	30086334	30090642	19	-0.1878
516b3003-bda5-4b94-896a-5da9458b7570	12	30090657	45506042	7869	0.5788
516b3003-bda5-4b94-896a-5da9458b7570	12	45510655	45515754	4	-1.7811
516b3003-bda5-4b94-896a-5da9458b7570	12	45519509	45607141	58	0.5426
516b3003-bda5-4b94-896a-5da9458b7570	12	45608190	57997091	6892	0.6363
516b3003-bda5-4b94-896a-5da9458b7570	12	57998056	58327448	244	0.5456
516b3003-bda5-4b94-896a-5da9458b7570	12	58336368	58336379	2	-1.2496
516b3003-bda5-4b94-896a-5da9458b7570	12	58337065	58828198	419	0.5491
516b3003-bda5-4b94-896a-5da9458b7570	12	58828282	58843075	40	0.2587
516b3003-bda5-4b94-896a-5da9458b7570	12	58843709	64645935	3535	0.5711
516b3003-bda5-4b94-896a-5da9458b7570	12	64645950	69678526	3464	0.6003
516b3003-bda5-4b94-896a-5da9458b7570	12	69678699	82773177	8284	0.562
516b3003-bda5-4b94-896a-5da9458b7570	12	82774282	82814015	38	-0.2794
516b3003-bda5-4b94-896a-5da9458b7570	12	82821602	88860086	3512	0.5564
516b3003-bda5-4b94-896a-5da9458b7570	12	88861303	97416687	5816	0.6043
516b3003-bda5-4b94-896a-5da9458b7570	12	97417059	99398014	1375	0.5788
516b3003-bda5-4b94-896a-5da9458b7570	12	99398036	99404956	32	0.0561
516b3003-bda5-4b94-896a-5da9458b7570	12	99409315	103511975	2513	0.5798
516b3003-bda5-4b94-896a-5da9458b7570	12	103512389	105274685	1320	0.6485
516b3003-bda5-4b94-896a-5da9458b7570	12	105274856	109313405	2873	0.6016
516b3003-bda5-4b94-896a-5da9458b7570	12	109313441	111473481	1078	0.6559
516b3003-bda5-4b94-896a-5da9458b7570	12	111474780	119942498	6108	0.5861
516b3003-bda5-4b94-896a-5da9458b7570	12	119943188	125034556	2521	0.6627
516b3003-bda5-4b94-896a-5da9458b7570	12	125035340	131636170	5708	0.5731
516b3003-bda5-4b94-896a-5da9458b7570	12	131648039	131648724	9	1.3647
516b3003-bda5-4b94-896a-5da9458b7570	12	131648753	133201603	563	0.5675
516b3003-bda5-4b94-896a-5da9458b7570	13	18452809	20246642	871	-0.2616
516b3003-bda5-4b94-896a-5da9458b7570	13	20253112	20253801	2	-4.3366
516b3003-bda5-4b94-896a-5da9458b7570	13	20258408	37496998	12578	-0.2499
516b3003-bda5-4b94-896a-5da9458b7570	13	37497899	37510620	16	-1.7178
516b3003-bda5-4b94-896a-5da9458b7570	13	37514193	39130050	1162	-0.2685
516b3003-bda5-4b94-896a-5da9458b7570	13	39130114	52288372	8643	-0.2235
516b3003-bda5-4b94-896a-5da9458b7570	13	52293586	114342922	40740	-0.2625
516b3003-bda5-4b94-896a-5da9458b7570	14	18239283	19732024	65	-0.1928
516b3003-bda5-4b94-896a-5da9458b7570	14	19732222	19954424	101	0.32
516b3003-bda5-4b94-896a-5da9458b7570	14	19955213	21248734	907	-0.2246
516b3003-bda5-4b94-896a-5da9458b7570	14	21249741	21250580	2	-7.2119
516b3003-bda5-4b94-896a-5da9458b7570	14	21250759	21257495	6	-2.4069
516b3003-bda5-4b94-896a-5da9458b7570	14	21258112	21926229	437	-0.2099
516b3003-bda5-4b94-896a-5da9458b7570	14	21926272	22508264	503	-0.0129
516b3003-bda5-4b94-896a-5da9458b7570	14	22508844	24317746	1011	-0.2126
516b3003-bda5-4b94-896a-5da9458b7570	14	24317770	59849232	22551	-0.2497
516b3003-bda5-4b94-896a-5da9458b7570	14	59849435	73540003	8591	-0.211
516b3003-bda5-4b94-896a-5da9458b7570	14	73540147	73554275	7	-1.6815
516b3003-bda5-4b94-896a-5da9458b7570	14	73563196	77463653	2419	-0.1998
516b3003-bda5-4b94-896a-5da9458b7570	14	77467910	87934750	7071	-0.2665
516b3003-bda5-4b94-896a-5da9458b7570	14	87934793	106258732	11293	-0.2066
516b3003-bda5-4b94-896a-5da9458b7570	14	106258891	106321086	35	-0.5464
516b3003-bda5-4b94-896a-5da9458b7570	14	106340102	106346129	7	-2.7621
516b3003-bda5-4b94-896a-5da9458b7570	14	106360014	106403147	24	-0.3088
516b3003-bda5-4b94-896a-5da9458b7570	14	106407604	106416146	6	-2.168
516b3003-bda5-4b94-896a-5da9458b7570	14	106418444	106877229	244	-0.2687
516b3003-bda5-4b94-896a-5da9458b7570	15	19811075	22228782	182	-0.1267
516b3003-bda5-4b94-896a-5da9458b7570	15	22229148	22299523	24	0.5358
516b3003-bda5-4b94-896a-5da9458b7570	15	22385639	37969976	9670	-0.2624
516b3003-bda5-4b94-896a-5da9458b7570	15	37975511	45022589	3849	-0.1922
516b3003-bda5-4b94-896a-5da9458b7570	15	45025717	63366902	12561	-0.2329
516b3003-bda5-4b94-896a-5da9458b7570	15	63367532	65521764	1043	-0.1681
516b3003-bda5-4b94-896a-5da9458b7570	15	65524604	65525186	2	-3.3758
516b3003-bda5-4b94-896a-5da9458b7570	15	65526049	76599170	6516	-0.1875
516b3003-bda5-4b94-896a-5da9458b7570	15	76599286	76603434	20	-1.4733
516b3003-bda5-4b94-896a-5da9458b7570	15	76609838	83874498	4412	-0.2279
516b3003-bda5-4b94-896a-5da9458b7570	15	83874650	83874798	3	-2.8929
516b3003-bda5-4b94-896a-5da9458b7570	15	83878525	85580757	771	-0.2352
516b3003-bda5-4b94-896a-5da9458b7570	15	85581324	85583255	2	-2.4984
516b3003-bda5-4b94-896a-5da9458b7570	15	85584919	88135765	2151	-0.2579
516b3003-bda5-4b94-896a-5da9458b7570	15	88139569	92724313	3359	-0.1997
516b3003-bda5-4b94-896a-5da9458b7570	15	92724402	94890618	1717	-0.2628
516b3003-bda5-4b94-896a-5da9458b7570	15	94891343	94891478	2	-2.2359
516b3003-bda5-4b94-896a-5da9458b7570	15	94894224	101905038	5169	-0.2556
516b3003-bda5-4b94-896a-5da9458b7570	15	101919053	101928837	2	-2.7987
516b3003-bda5-4b94-896a-5da9458b7570	16	10777	603152	281	0.5249
516b3003-bda5-4b94-896a-5da9458b7570	16	603167	5043594	1893	0.6884
516b3003-bda5-4b94-896a-5da9458b7570	16	5051633	7839985	3292	0.5991
516b3003-bda5-4b94-896a-5da9458b7570	16	7840126	7842679	2	-0.9617
516b3003-bda5-4b94-896a-5da9458b7570	16	7843172	10978602	2793	0.5988
516b3003-bda5-4b94-896a-5da9458b7570	16	10981735	13319965	1816	0.6583
516b3003-bda5-4b94-896a-5da9458b7570	16	13321028	29300636	8980	0.6004
516b3003-bda5-4b94-896a-5da9458b7570	16	29300932	30295647	231	0.4603
516b3003-bda5-4b94-896a-5da9458b7570	16	30308694	32022253	662	0.6304
516b3003-bda5-4b94-896a-5da9458b7570	16	32029162	33735771	54	-0.0659
516b3003-bda5-4b94-896a-5da9458b7570	16	33776048	56006003	7083	0.5813
516b3003-bda5-4b94-896a-5da9458b7570	16	56017895	58438200	1448	0.6487
516b3003-bda5-4b94-896a-5da9458b7570	16	58438917	63718434	3400	0.5724
516b3003-bda5-4b94-896a-5da9458b7570	16	63721345	63721847	2	-1.1355
516b3003-bda5-4b94-896a-5da9458b7570	16	63722299	66085273	1828	0.5868
516b3003-bda5-4b94-896a-5da9458b7570	16	66085918	69942576	1880	0.6613
516b3003-bda5-4b94-896a-5da9458b7570	16	69943506	78833851	6207	0.5892
516b3003-bda5-4b94-896a-5da9458b7570	16	78833942	83143727	4650	0.6199
516b3003-bda5-4b94-896a-5da9458b7570	16	83145544	84862165	1828	0.57
516b3003-bda5-4b94-896a-5da9458b7570	16	84863055	88070700	2649	0.6586
516b3003-bda5-4b94-896a-5da9458b7570	16	88076816	88081232	4	-0.4107
516b3003-bda5-4b94-896a-5da9458b7570	16	88081785	90096867	834	0.5428
516b3003-bda5-4b94-896a-5da9458b7570	17	150733	1262192	557	-0.3337
516b3003-bda5-4b94-896a-5da9458b7570	17	1276729	9955419	5107	-0.1886
516b3003-bda5-4b94-896a-5da9458b7570	17	9955624	15773687	4351	-0.276
516b3003-bda5-4b94-896a-5da9458b7570	17	15774603	38320644	9222	-0.1993
516b3003-bda5-4b94-896a-5da9458b7570	17	38323307	41265456	1522	-0.1442
516b3003-bda5-4b94-896a-5da9458b7570	17	41266762	41274279	24	-0.6415
516b3003-bda5-4b94-896a-5da9458b7570	17	41276472	45325890	2095	-0.1375
516b3003-bda5-4b94-896a-5da9458b7570	17	45326718	46131308	438	-0.2705
516b3003-bda5-4b94-896a-5da9458b7570	17	46135062	46446360	95	-0.6484
516b3003-bda5-4b94-896a-5da9458b7570	17	46569894	51242201	2334	-0.1668
516b3003-bda5-4b94-896a-5da9458b7570	17	51243269	56083648	3463	-0.2629
516b3003-bda5-4b94-896a-5da9458b7570	17	56083690	67974218	6718	-0.193
516b3003-bda5-4b94-896a-5da9458b7570	17	67974678	68809106	483	-0.2383
516b3003-bda5-4b94-896a-5da9458b7570	17	68809318	68809646	2	-2.2703
516b3003-bda5-4b94-896a-5da9458b7570	17	68809722	74695492	4344	-0.2621
516b3003-bda5-4b94-896a-5da9458b7570	17	74695789	83091923	4184	-0.1848
516b3003-bda5-4b94-896a-5da9458b7570	18	48133	12766512	9126	-0.2452
516b3003-bda5-4b94-896a-5da9458b7570	18	12767325	12769983	2	-2.6323
516b3003-bda5-4b94-896a-5da9458b7570	18	12770852	66060309	31111	-0.2533
516b3003-bda5-4b94-896a-5da9458b7570	18	66060363	66061104	10	-1.4612
516b3003-bda5-4b94-896a-5da9458b7570	18	66065502	66240855	150	-0.3423
516b3003-bda5-4b94-896a-5da9458b7570	18	66241324	66242480	3	-7.5522
516b3003-bda5-4b94-896a-5da9458b7570	18	66243219	66244639	5	-1.9279
516b3003-bda5-4b94-896a-5da9458b7570	18	66244905	69540616	2452	-0.2507
516b3003-bda5-4b94-896a-5da9458b7570	18	69541156	69550035	7	-4.1741
516b3003-bda5-4b94-896a-5da9458b7570	18	69550306	80257174	7788	-0.2573
516b3003-bda5-4b94-896a-5da9458b7570	19	90910	538487	119	-0.2543
516b3003-bda5-4b94-896a-5da9458b7570	19	547973	5506648	1467	-0.1322
516b3003-bda5-4b94-896a-5da9458b7570	19	5510228	5510569	2	-3.026
516b3003-bda5-4b94-896a-5da9458b7570	19	5510642	16601889	5554	-0.15
516b3003-bda5-4b94-896a-5da9458b7570	19	16602236	16621095	14	-1.0506
516b3003-bda5-4b94-896a-5da9458b7570	19	16621668	19701028	1308	-0.1205
516b3003-bda5-4b94-896a-5da9458b7570	19	19701386	20908373	709	-0.2582
516b3003-bda5-4b94-896a-5da9458b7570	19	20921640	20950643	17	-0.8986
516b3003-bda5-4b94-896a-5da9458b7570	19	20951278	24274155	1918	-0.2396
516b3003-bda5-4b94-896a-5da9458b7570	19	24278016	24282155	10	-1.9904
516b3003-bda5-4b94-896a-5da9458b7570	19	24304880	32371096	3617	-0.2425
516b3003-bda5-4b94-896a-5da9458b7570	19	32372700	36354973	2392	-0.173
516b3003-bda5-4b94-896a-5da9458b7570	19	36355248	36356596	10	-1.3022
516b3003-bda5-4b94-896a-5da9458b7570	19	36356735	51724663	7658	-0.166
516b3003-bda5-4b94-896a-5da9458b7570	19	51724760	55058229	2105	-0.2141
516b3003-bda5-4b94-896a-5da9458b7570	19	55060872	55060891	2	-2.4014
516b3003-bda5-4b94-896a-5da9458b7570	19	55060916	58586487	2149	-0.1959
516b3003-bda5-4b94-896a-5da9458b7570	20	80664	468015	276	0.5359
516b3003-bda5-4b94-896a-5da9458b7570	20	468213	1453723	784	0.6371
516b3003-bda5-4b94-896a-5da9458b7570	20	1454723	1571811	122	0.5459
516b3003-bda5-4b94-896a-5da9458b7570	20	1576544	1580353	21	-0.125
516b3003-bda5-4b94-896a-5da9458b7570	20	1580934	1613247	41	2.014
516b3003-bda5-4b94-896a-5da9458b7570	20	1617300	5347080	2733	0.6424
516b3003-bda5-4b94-896a-5da9458b7570	20	5348481	9329066	3123	0.5812
516b3003-bda5-4b94-896a-5da9458b7570	20	9329429	9614526	232	1.0778
516b3003-bda5-4b94-896a-5da9458b7570	20	9615141	31797268	12977	0.5832
516b3003-bda5-4b94-896a-5da9458b7570	20	31798820	37026201	2485	0.6473
516b3003-bda5-4b94-896a-5da9458b7570	20	37027231	37093618	122	0.4788
516b3003-bda5-4b94-896a-5da9458b7570	20	37093952	39277031	1346	0.6467
516b3003-bda5-4b94-896a-5da9458b7570	20	39277206	43436003	3214	0.5951
516b3003-bda5-4b94-896a-5da9458b7570	20	43437203	47312013	2663	0.6533
516b3003-bda5-4b94-896a-5da9458b7570	20	47318093	47439355	51	1.1401
516b3003-bda5-4b94-896a-5da9458b7570	20	47439502	51990735	3154	0.6326
516b3003-bda5-4b94-896a-5da9458b7570	20	51991484	56860594	3837	0.5937
516b3003-bda5-4b94-896a-5da9458b7570	20	56861039	59780318	2305	0.6535
516b3003-bda5-4b94-896a-5da9458b7570	20	59780736	61074538	1193	0.5883
516b3003-bda5-4b94-896a-5da9458b7570	20	61074687	63588484	1356	0.6592
516b3003-bda5-4b94-896a-5da9458b7570	20	63588502	64324800	313	0.4887
516b3003-bda5-4b94-896a-5da9458b7570	21	10354168	31822270	13363	-0.2521
516b3003-bda5-4b94-896a-5da9458b7570	21	31822621	37345598	3804	-0.2047
516b3003-bda5-4b94-896a-5da9458b7570	21	37348393	41472203	3650	-0.2515
516b3003-bda5-4b94-896a-5da9458b7570	21	41476716	45221102	2153	-0.1744
516b3003-bda5-4b94-896a-5da9458b7570	21	45225800	46677045	840	-0.2718
516b3003-bda5-4b94-896a-5da9458b7570	22	15294547	18947964	1140	-0.2449
516b3003-bda5-4b94-896a-5da9458b7570	22	18950430	21077277	1488	-0.3474
516b3003-bda5-4b94-896a-5da9458b7570	22	21079738	21985092	298	-0.2785
516b3003-bda5-4b94-896a-5da9458b7570	22	21987850	22395791	519	-0.1837
516b3003-bda5-4b94-896a-5da9458b7570	22	22396046	24010678	958	-0.312
516b3003-bda5-4b94-896a-5da9458b7570	22	24015674	33777419	7217	-0.2212
516b3003-bda5-4b94-896a-5da9458b7570	22	33778960	33778998	4	-1.8657
516b3003-bda5-4b94-896a-5da9458b7570	22	33785435	36319792	2065	-0.2476
516b3003-bda5-4b94-896a-5da9458b7570	22	36320269	40749600	2397	-0.1684
516b3003-bda5-4b94-896a-5da9458b7570	22	40751321	40756027	3	-2.1127
516b3003-bda5-4b94-896a-5da9458b7570	22	40757172	47666450	4733	-0.205
516b3003-bda5-4b94-896a-5da9458b7570	22	47667961	48955294	1229	-0.26
516b3003-bda5-4b94-896a-5da9458b7570	22	48955504	50527639	1026	-0.3619
516b3003-bda5-4b94-896a-5da9458b7570	22	50527708	50785567	151	-0.2833
516b3003-bda5-4b94-896a-5da9458b7570	22	50793230	50796027	2	1.3652
516b3003-bda5-4b94-896a-5da9458b7570	X	251810	8484441	4419	-0.0054
516b3003-bda5-4b94-896a-5da9458b7570	X	8490969	25022001	10764	0.0196
516b3003-bda5-4b94-896a-5da9458b7570	X	25024912	38934070	8904	-0.0091
516b3003-bda5-4b94-896a-5da9458b7570	X	38934655	72272361	13560	0.0276
516b3003-bda5-4b94-896a-5da9458b7570	X	72275494	113994838	21452	-0.0071
516b3003-bda5-4b94-896a-5da9458b7570	X	113998148	137301875	13057	0.0178
516b3003-bda5-4b94-896a-5da9458b7570	X	137301937	153409355	10478	-0.0078
516b3003-bda5-4b94-896a-5da9458b7570	X	153412070	154503223	439	0.1019
516b3003-bda5-4b94-896a-5da9458b7570	X	154503246	155952689	496	-0.0254
516b3003-bda5-4b94-896a-5da9458b7570	Y	2782397	3024380	118	-2.7315
516b3003-bda5-4b94-896a-5da9458b7570	Y	3025189	6091082	605	-2.2818
516b3003-bda5-4b94-896a-5da9458b7570	Y	6097128	56872112	5913	-2.784
