GDC_Aliquot	Chromosome	Start	End	Num_Probes	Segment_Mean
23460fe3-85d8-4715-a7e2-b656926b763c	1	62920	805477	27	-0.2853
23460fe3-85d8-4715-a7e2-b656926b763c	1	806913	1696979	185	0.4055
23460fe3-85d8-4715-a7e2-b656926b763c	1	1710664	1741164	14	-0.7761
23460fe3-85d8-4715-a7e2-b656926b763c	1	1756148	3306087	521	0.2984
23460fe3-85d8-4715-a7e2-b656926b763c	1	3308094	5951845	2031	0.0118
23460fe3-85d8-4715-a7e2-b656926b763c	1	5954503	5988998	19	0.6346
23460fe3-85d8-4715-a7e2-b656926b763c	1	5989543	14736130	4744	0.0268
23460fe3-85d8-4715-a7e2-b656926b763c	1	14737886	14741078	3	-1.3003
23460fe3-85d8-4715-a7e2-b656926b763c	1	14741704	16909775	1151	0.0467
23460fe3-85d8-4715-a7e2-b656926b763c	1	16912972	16997950	53	0.4535
23460fe3-85d8-4715-a7e2-b656926b763c	1	16999460	25256188	5205	0.0122
23460fe3-85d8-4715-a7e2-b656926b763c	1	25256352	25320455	27	0.5709
23460fe3-85d8-4715-a7e2-b656926b763c	1	25336819	30667100	2719	0.0165
23460fe3-85d8-4715-a7e2-b656926b763c	1	30670188	30778851	83	0.3587
23460fe3-85d8-4715-a7e2-b656926b763c	1	30789158	37379639	3600	0.003
23460fe3-85d8-4715-a7e2-b656926b763c	1	37383192	37455442	47	0.4056
23460fe3-85d8-4715-a7e2-b656926b763c	1	37457798	39638912	1186	-0.0201
23460fe3-85d8-4715-a7e2-b656926b763c	1	39648952	39718220	42	0.369
23460fe3-85d8-4715-a7e2-b656926b763c	1	39718250	72302815	20866	0.0049
23460fe3-85d8-4715-a7e2-b656926b763c	1	72303233	72345465	46	-1.5561
23460fe3-85d8-4715-a7e2-b656926b763c	1	72346221	89009572	10842	-0.0072
23460fe3-85d8-4715-a7e2-b656926b763c	1	89012275	89012522	2	-2.5675
23460fe3-85d8-4715-a7e2-b656926b763c	1	89015841	109684893	12572	0.0008
23460fe3-85d8-4715-a7e2-b656926b763c	1	109690352	109697556	12	1.2666
23460fe3-85d8-4715-a7e2-b656926b763c	1	109702376	112153343	1936	0.0045
23460fe3-85d8-4715-a7e2-b656926b763c	1	112153465	112154341	15	0.6805
23460fe3-85d8-4715-a7e2-b656926b763c	1	112154375	114289343	1328	0.0178
23460fe3-85d8-4715-a7e2-b656926b763c	1	114291004	114291088	2	-2.1477
23460fe3-85d8-4715-a7e2-b656926b763c	1	114291180	152582700	6225	0.013
23460fe3-85d8-4715-a7e2-b656926b763c	1	152583051	152614118	36	0.5649
23460fe3-85d8-4715-a7e2-b656926b763c	1	152618018	152784298	161	-0.0058
23460fe3-85d8-4715-a7e2-b656926b763c	1	152784330	152801429	41	0.6396
23460fe3-85d8-4715-a7e2-b656926b763c	1	152804279	196762956	29224	-0.002
23460fe3-85d8-4715-a7e2-b656926b763c	1	196769493	196829534	47	-0.6399
23460fe3-85d8-4715-a7e2-b656926b763c	1	196829693	222193326	17250	0.0044
23460fe3-85d8-4715-a7e2-b656926b763c	1	222201492	222203662	2	-2.8322
23460fe3-85d8-4715-a7e2-b656926b763c	1	222208792	228309186	3599	0.015
23460fe3-85d8-4715-a7e2-b656926b763c	1	228309482	228553446	97	0.273
23460fe3-85d8-4715-a7e2-b656926b763c	1	228656037	231764695	2196	-0.0044
23460fe3-85d8-4715-a7e2-b656926b763c	1	231775548	231812573	32	0.5519
23460fe3-85d8-4715-a7e2-b656926b763c	1	231812900	242899325	8601	0.0098
23460fe3-85d8-4715-a7e2-b656926b763c	1	242899340	242971405	24	0.5469
23460fe3-85d8-4715-a7e2-b656926b763c	1	242971953	246681274	2416	0.0039
23460fe3-85d8-4715-a7e2-b656926b763c	1	246681868	246734832	29	0.6068
23460fe3-85d8-4715-a7e2-b656926b763c	1	246735896	247602365	548	0.0427
23460fe3-85d8-4715-a7e2-b656926b763c	1	247615586	248373102	491	-0.0997
23460fe3-85d8-4715-a7e2-b656926b763c	1	248375793	248930189	235	0.1591
23460fe3-85d8-4715-a7e2-b656926b763c	2	12784	3144361	2173	0.058
23460fe3-85d8-4715-a7e2-b656926b763c	2	3147886	3245891	104	0.3375
23460fe3-85d8-4715-a7e2-b656926b763c	2	3246139	4168830	702	-0.0102
23460fe3-85d8-4715-a7e2-b656926b763c	2	4168862	4175922	33	-0.9075
23460fe3-85d8-4715-a7e2-b656926b763c	2	4175977	7474739	2860	0.0046
23460fe3-85d8-4715-a7e2-b656926b763c	2	7475911	7510595	24	0.7133
23460fe3-85d8-4715-a7e2-b656926b763c	2	7510673	34476516	18020	0.0126
23460fe3-85d8-4715-a7e2-b656926b763c	2	34476558	34511990	43	0.6393
23460fe3-85d8-4715-a7e2-b656926b763c	2	34512096	50671399	11636	0.0016
23460fe3-85d8-4715-a7e2-b656926b763c	2	50671817	51087390	274	-0.161
23460fe3-85d8-4715-a7e2-b656926b763c	2	51087572	52531615	983	-0.0092
23460fe3-85d8-4715-a7e2-b656926b763c	2	52531630	52554137	23	-0.8605
23460fe3-85d8-4715-a7e2-b656926b763c	2	52554157	87286164	21889	0.0005
23460fe3-85d8-4715-a7e2-b656926b763c	2	87287256	87295819	3	-1.7903
23460fe3-85d8-4715-a7e2-b656926b763c	2	87299357	97087848	1722	0.0263
23460fe3-85d8-4715-a7e2-b656926b763c	2	97091772	97609151	94	-0.4095
23460fe3-85d8-4715-a7e2-b656926b763c	2	97624729	115819471	10647	0.0103
23460fe3-85d8-4715-a7e2-b656926b763c	2	115821215	115844540	15	-0.6436
23460fe3-85d8-4715-a7e2-b656926b763c	2	115846421	139603816	14538	0.0053
23460fe3-85d8-4715-a7e2-b656926b763c	2	139608522	139615765	2	-2.9929
23460fe3-85d8-4715-a7e2-b656926b763c	2	139620979	146106861	3980	0.0098
23460fe3-85d8-4715-a7e2-b656926b763c	2	146106875	146109139	19	0.7874
23460fe3-85d8-4715-a7e2-b656926b763c	2	146109230	242147305	58572	0.0047
23460fe3-85d8-4715-a7e2-b656926b763c	3	20930	239919	195	0.0386
23460fe3-85d8-4715-a7e2-b656926b763c	3	241080	2157216	1674	-0.1192
23460fe3-85d8-4715-a7e2-b656926b763c	3	2157233	21119026	13782	-0.0049
23460fe3-85d8-4715-a7e2-b656926b763c	3	21119606	21188178	44	-0.4935
23460fe3-85d8-4715-a7e2-b656926b763c	3	21188230	21714071	401	0.0118
23460fe3-85d8-4715-a7e2-b656926b763c	3	21714189	22292612	557	-0.1301
23460fe3-85d8-4715-a7e2-b656926b763c	3	22294850	37940617	10721	-0.0082
23460fe3-85d8-4715-a7e2-b656926b763c	3	37940970	37942340	12	-0.9348
23460fe3-85d8-4715-a7e2-b656926b763c	3	37942460	50005807	6748	0.0069
23460fe3-85d8-4715-a7e2-b656926b763c	3	50006573	50006579	2	-3.2913
23460fe3-85d8-4715-a7e2-b656926b763c	3	50009136	146614803	57961	-0.0053
23460fe3-85d8-4715-a7e2-b656926b763c	3	146615024	147650849	557	-0.1439
23460fe3-85d8-4715-a7e2-b656926b763c	3	147651241	150781808	1909	0.0164
23460fe3-85d8-4715-a7e2-b656926b763c	3	150781841	150845908	40	0.5256
23460fe3-85d8-4715-a7e2-b656926b763c	3	150848423	156630796	3597	-0.0017
23460fe3-85d8-4715-a7e2-b656926b763c	3	156631211	156633118	2	-2.0442
23460fe3-85d8-4715-a7e2-b656926b763c	3	156637241	175441834	11477	-0.0101
23460fe3-85d8-4715-a7e2-b656926b763c	3	175443714	175993572	334	-0.2128
23460fe3-85d8-4715-a7e2-b656926b763c	3	175995036	193160173	11012	0.0028
23460fe3-85d8-4715-a7e2-b656926b763c	3	193160256	193161217	5	1.3006
23460fe3-85d8-4715-a7e2-b656926b763c	3	193162684	194920587	1168	0.0285
23460fe3-85d8-4715-a7e2-b656926b763c	3	194920617	194921116	4	-1.4753
23460fe3-85d8-4715-a7e2-b656926b763c	3	194921751	195458232	290	-0.001
23460fe3-85d8-4715-a7e2-b656926b763c	3	195459736	195737636	65	0.3358
23460fe3-85d8-4715-a7e2-b656926b763c	3	195737995	195747892	4	1.6554
23460fe3-85d8-4715-a7e2-b656926b763c	3	195751823	196017117	95	0.2811
23460fe3-85d8-4715-a7e2-b656926b763c	3	196019900	196639048	313	0.0057
23460fe3-85d8-4715-a7e2-b656926b763c	3	196640529	197025047	180	0.2018
23460fe3-85d8-4715-a7e2-b656926b763c	3	197025852	198169114	571	-0.0159
23460fe3-85d8-4715-a7e2-b656926b763c	3	198169131	198169247	3	-1.5043
23460fe3-85d8-4715-a7e2-b656926b763c	4	68929	302594	112	-0.0584
23460fe3-85d8-4715-a7e2-b656926b763c	4	304143	1051535	236	0.2334
23460fe3-85d8-4715-a7e2-b656926b763c	4	1057724	2482916	566	0.0425
23460fe3-85d8-4715-a7e2-b656926b763c	4	2484549	2484759	2	-1.6138
23460fe3-85d8-4715-a7e2-b656926b763c	4	2485639	3877891	641	0.0276
23460fe3-85d8-4715-a7e2-b656926b763c	4	3884081	3896017	2	-2.7316
23460fe3-85d8-4715-a7e2-b656926b763c	4	3899125	4180275	76	-0.2848
23460fe3-85d8-4715-a7e2-b656926b763c	4	4182970	7439596	2569	0.0224
23460fe3-85d8-4715-a7e2-b656926b763c	4	7439872	7460799	17	0.6875
23460fe3-85d8-4715-a7e2-b656926b763c	4	7461577	9384259	855	0.029
23460fe3-85d8-4715-a7e2-b656926b763c	4	9389204	9390554	4	-1.3434
23460fe3-85d8-4715-a7e2-b656926b763c	4	9391123	10208245	576	-0.0139
23460fe3-85d8-4715-a7e2-b656926b763c	4	10208322	10233542	40	0.4574
23460fe3-85d8-4715-a7e2-b656926b763c	4	10233558	44989501	23445	-0.007
23460fe3-85d8-4715-a7e2-b656926b763c	4	44992586	45003835	17	-0.4474
23460fe3-85d8-4715-a7e2-b656926b763c	4	45004175	45004318	3	-3.9982
23460fe3-85d8-4715-a7e2-b656926b763c	4	45008952	63816428	9832	-0.0037
23460fe3-85d8-4715-a7e2-b656926b763c	4	63818451	63852325	41	-0.6858
23460fe3-85d8-4715-a7e2-b656926b763c	4	63856498	68395346	2822	-0.0189
23460fe3-85d8-4715-a7e2-b656926b763c	4	68416487	68439221	7	-1.1898
23460fe3-85d8-4715-a7e2-b656926b763c	4	68450733	68501424	9	-0.204
23460fe3-85d8-4715-a7e2-b656926b763c	4	68506285	68671434	71	0.6527
23460fe3-85d8-4715-a7e2-b656926b763c	4	68674307	69252275	302	-0.1676
23460fe3-85d8-4715-a7e2-b656926b763c	4	69254604	103830488	20900	-0.004
23460fe3-85d8-4715-a7e2-b656926b763c	4	103832444	103841700	24	-0.4959
23460fe3-85d8-4715-a7e2-b656926b763c	4	103841886	107129798	1817	0.0109
23460fe3-85d8-4715-a7e2-b656926b763c	4	107130169	107154401	35	-0.6561
23460fe3-85d8-4715-a7e2-b656926b763c	4	107154866	114252472	4368	0.0142
23460fe3-85d8-4715-a7e2-b656926b763c	4	114252500	114261019	25	-1.1418
23460fe3-85d8-4715-a7e2-b656926b763c	4	114263073	121360818	4299	-0.006
23460fe3-85d8-4715-a7e2-b656926b763c	4	121361313	121363827	27	-0.8035
23460fe3-85d8-4715-a7e2-b656926b763c	4	121363980	156035480	20334	-0.0071
23460fe3-85d8-4715-a7e2-b656926b763c	4	156046823	156063561	22	-0.6652
23460fe3-85d8-4715-a7e2-b656926b763c	4	156069711	178359269	13817	-0.0065
23460fe3-85d8-4715-a7e2-b656926b763c	4	178359784	178744899	290	-0.1872
23460fe3-85d8-4715-a7e2-b656926b763c	4	178744912	190106768	7911	-0.003
23460fe3-85d8-4715-a7e2-b656926b763c	5	15532	1872215	913	0.1979
23460fe3-85d8-4715-a7e2-b656926b763c	5	1877166	9331736	6543	-0.0015
23460fe3-85d8-4715-a7e2-b656926b763c	5	9332282	9367554	43	0.4572
23460fe3-85d8-4715-a7e2-b656926b763c	5	9370456	12870103	2634	-0.0023
23460fe3-85d8-4715-a7e2-b656926b763c	5	12885569	12996466	43	-0.4007
23460fe3-85d8-4715-a7e2-b656926b763c	5	12996778	21449167	5414	-0.0167
23460fe3-85d8-4715-a7e2-b656926b763c	5	21451091	21452329	5	-2.1163
23460fe3-85d8-4715-a7e2-b656926b763c	5	21452387	25067263	2066	-0.0008
23460fe3-85d8-4715-a7e2-b656926b763c	5	25068018	25418902	189	-0.1866
23460fe3-85d8-4715-a7e2-b656926b763c	5	25419693	28643119	1871	0.0015
23460fe3-85d8-4715-a7e2-b656926b763c	5	28643637	28719574	60	-0.3595
23460fe3-85d8-4715-a7e2-b656926b763c	5	28719987	63301236	19166	-0.0009
23460fe3-85d8-4715-a7e2-b656926b763c	5	63302626	63687306	217	-0.2104
23460fe3-85d8-4715-a7e2-b656926b763c	5	63687625	70959073	3597	-0.0093
23460fe3-85d8-4715-a7e2-b656926b763c	5	70959076	71095358	11	-1.3214
23460fe3-85d8-4715-a7e2-b656926b763c	5	71095426	79148525	5110	0.0021
23460fe3-85d8-4715-a7e2-b656926b763c	5	79149648	79196213	22	0.4815
23460fe3-85d8-4715-a7e2-b656926b763c	5	79211557	94849998	8550	0.0003
23460fe3-85d8-4715-a7e2-b656926b763c	5	94850215	94864240	16	-0.6333
23460fe3-85d8-4715-a7e2-b656926b763c	5	94864947	99397007	2700	-0.0023
23460fe3-85d8-4715-a7e2-b656926b763c	5	99397382	100092891	409	-0.1996
23460fe3-85d8-4715-a7e2-b656926b763c	5	100096511	104515520	2522	-0.0275
23460fe3-85d8-4715-a7e2-b656926b763c	5	104524672	104524903	4	-1.407
23460fe3-85d8-4715-a7e2-b656926b763c	5	104525348	105124950	460	-0.0168
23460fe3-85d8-4715-a7e2-b656926b763c	5	105131171	105327200	136	-0.2346
23460fe3-85d8-4715-a7e2-b656926b763c	5	105329228	115858631	6965	-0.0041
23460fe3-85d8-4715-a7e2-b656926b763c	5	115867815	116280011	367	-0.1385
23460fe3-85d8-4715-a7e2-b656926b763c	5	116280317	121063441	3291	-0.0149
23460fe3-85d8-4715-a7e2-b656926b763c	5	121064189	121150914	48	-0.3747
23460fe3-85d8-4715-a7e2-b656926b763c	5	121157377	171985260	32889	0.0047
23460fe3-85d8-4715-a7e2-b656926b763c	5	171985277	172184128	149	0.2145
23460fe3-85d8-4715-a7e2-b656926b763c	5	172184423	176735426	3127	0.0211
23460fe3-85d8-4715-a7e2-b656926b763c	5	176735568	176825706	48	0.4674
23460fe3-85d8-4715-a7e2-b656926b763c	5	176826434	177771448	362	0.0246
23460fe3-85d8-4715-a7e2-b656926b763c	5	177800550	177805604	3	1.5468
23460fe3-85d8-4715-a7e2-b656926b763c	5	177827964	180947523	1789	0.0282
23460fe3-85d8-4715-a7e2-b656926b763c	5	180951710	181363319	187	0.2352
23460fe3-85d8-4715-a7e2-b656926b763c	6	149661	828492	568	0.0317
23460fe3-85d8-4715-a7e2-b656926b763c	6	830293	855962	24	0.6741
23460fe3-85d8-4715-a7e2-b656926b763c	6	856224	16872001	12524	0.0086
23460fe3-85d8-4715-a7e2-b656926b763c	6	16874754	16875295	5	-1.4236
23460fe3-85d8-4715-a7e2-b656926b763c	6	16875433	17069914	161	-0.0113
23460fe3-85d8-4715-a7e2-b656926b763c	6	17075800	17138943	40	-0.3671
23460fe3-85d8-4715-a7e2-b656926b763c	6	17139452	25485926	5989	0.0053
23460fe3-85d8-4715-a7e2-b656926b763c	6	25486091	25713836	149	-0.1873
23460fe3-85d8-4715-a7e2-b656926b763c	6	25714511	29869411	2027	0.0093
23460fe3-85d8-4715-a7e2-b656926b763c	6	29869537	29875657	7	-0.4171
23460fe3-85d8-4715-a7e2-b656926b763c	6	29876257	29881490	7	-1.6204
23460fe3-85d8-4715-a7e2-b656926b763c	6	29882419	31313046	652	0.0313
23460fe3-85d8-4715-a7e2-b656926b763c	6	31318499	31328674	10	1.2222
23460fe3-85d8-4715-a7e2-b656926b763c	6	31342147	32463515	489	0.0905
23460fe3-85d8-4715-a7e2-b656926b763c	6	32463775	32605994	35	1.9121
23460fe3-85d8-4715-a7e2-b656926b763c	6	32606237	32658841	31	0.6269
23460fe3-85d8-4715-a7e2-b656926b763c	6	32682835	54060406	13600	0.0003
23460fe3-85d8-4715-a7e2-b656926b763c	6	54066269	54067057	9	1.3184
23460fe3-85d8-4715-a7e2-b656926b763c	6	54070550	57295787	1930	0.0009
23460fe3-85d8-4715-a7e2-b656926b763c	6	57296099	57296402	2	-1.8133
23460fe3-85d8-4715-a7e2-b656926b763c	6	57296760	57872553	61	0.0294
23460fe3-85d8-4715-a7e2-b656926b763c	6	57874363	61762224	700	-0.1215
23460fe3-85d8-4715-a7e2-b656926b763c	6	61762526	65152440	1850	0
23460fe3-85d8-4715-a7e2-b656926b763c	6	65153834	65207819	40	-0.4061
23460fe3-85d8-4715-a7e2-b656926b763c	6	65207956	73882142	5719	-0.0062
23460fe3-85d8-4715-a7e2-b656926b763c	6	73882509	73885018	6	1.2388
23460fe3-85d8-4715-a7e2-b656926b763c	6	73885038	78261995	2757	-0.0317
23460fe3-85d8-4715-a7e2-b656926b763c	6	78262064	78316784	90	-0.5244
23460fe3-85d8-4715-a7e2-b656926b763c	6	78316871	93740564	9813	-0.0083
23460fe3-85d8-4715-a7e2-b656926b763c	6	93742993	94953395	792	-0.1583
23460fe3-85d8-4715-a7e2-b656926b763c	6	94955213	103286954	4750	-0.0093
23460fe3-85d8-4715-a7e2-b656926b763c	6	103290101	103314186	46	-1.1571
23460fe3-85d8-4715-a7e2-b656926b763c	6	103317795	103940564	412	0.0072
23460fe3-85d8-4715-a7e2-b656926b763c	6	103949029	103955950	6	-1.0469
23460fe3-85d8-4715-a7e2-b656926b763c	6	103956552	114996934	6815	-0.0019
23460fe3-85d8-4715-a7e2-b656926b763c	6	114997858	115004524	3	-2.2381
23460fe3-85d8-4715-a7e2-b656926b763c	6	115004900	123997107	5245	-0.0116
23460fe3-85d8-4715-a7e2-b656926b763c	6	123997203	124029534	36	-0.3888
23460fe3-85d8-4715-a7e2-b656926b763c	6	124032978	158218803	22429	-0.0012
23460fe3-85d8-4715-a7e2-b656926b763c	6	158219339	158219477	3	1.7282
23460fe3-85d8-4715-a7e2-b656926b763c	6	158219955	166873167	6530	-0.0106
23460fe3-85d8-4715-a7e2-b656926b763c	6	166873551	170741917	2310	0.0709
23460fe3-85d8-4715-a7e2-b656926b763c	7	43355	65765	29	0.757
23460fe3-85d8-4715-a7e2-b656926b763c	7	68316	1312909	354	0.2081
23460fe3-85d8-4715-a7e2-b656926b763c	7	1315896	8168814	4127	0.019
23460fe3-85d8-4715-a7e2-b656926b763c	7	8174807	10571348	1924	-0.0816
23460fe3-85d8-4715-a7e2-b656926b763c	7	10571946	17040552	5194	-0.0089
23460fe3-85d8-4715-a7e2-b656926b763c	7	17041533	17573923	421	-0.1537
23460fe3-85d8-4715-a7e2-b656926b763c	7	17574273	19022507	1175	-0.001
23460fe3-85d8-4715-a7e2-b656926b763c	7	19023152	19763630	721	-0.1553
23460fe3-85d8-4715-a7e2-b656926b763c	7	19763700	88507616	39995	0.002
23460fe3-85d8-4715-a7e2-b656926b763c	7	88508071	90207467	1123	-0.1335
23460fe3-85d8-4715-a7e2-b656926b763c	7	90208648	109800863	11370	0.0019
23460fe3-85d8-4715-a7e2-b656926b763c	7	109800864	109813925	16	-0.8722
23460fe3-85d8-4715-a7e2-b656926b763c	7	109814172	132001771	13221	-0.0099
23460fe3-85d8-4715-a7e2-b656926b763c	7	132003609	132159838	110	0.2796
23460fe3-85d8-4715-a7e2-b656926b763c	7	132160297	142070732	6490	0.005
23460fe3-85d8-4715-a7e2-b656926b763c	7	142070827	142083169	9	-1.3107
23460fe3-85d8-4715-a7e2-b656926b763c	7	142084696	144199159	1215	0.0306
23460fe3-85d8-4715-a7e2-b656926b763c	7	144207186	144255475	4	-1.8567
23460fe3-85d8-4715-a7e2-b656926b763c	7	144255771	149023613	3042	-0.0048
23460fe3-85d8-4715-a7e2-b656926b763c	7	149025164	149052843	12	0.8196
23460fe3-85d8-4715-a7e2-b656926b763c	7	149053464	158919669	6254	0.0215
23460fe3-85d8-4715-a7e2-b656926b763c	7	158920562	159334314	287	0.1508
23460fe3-85d8-4715-a7e2-b656926b763c	8	81254	645875	327	0.0543
23460fe3-85d8-4715-a7e2-b656926b763c	8	645892	645908	2	3.959
23460fe3-85d8-4715-a7e2-b656926b763c	8	656117	3919342	2987	0.0122
23460fe3-85d8-4715-a7e2-b656926b763c	8	3926665	3932584	24	-1.0444
23460fe3-85d8-4715-a7e2-b656926b763c	8	3933696	4246895	557	0.0588
23460fe3-85d8-4715-a7e2-b656926b763c	8	4247134	4470584	414	-0.0515
23460fe3-85d8-4715-a7e2-b656926b763c	8	4470694	4471974	4	-1.6649
23460fe3-85d8-4715-a7e2-b656926b763c	8	4475446	5969610	1949	-0.0516
23460fe3-85d8-4715-a7e2-b656926b763c	8	5972189	12143614	4656	0.0309
23460fe3-85d8-4715-a7e2-b656926b763c	8	12176798	12519969	38	-0.5543
23460fe3-85d8-4715-a7e2-b656926b763c	8	12545544	13566410	830	0.0047
23460fe3-85d8-4715-a7e2-b656926b763c	8	13569284	13801442	291	-0.202
23460fe3-85d8-4715-a7e2-b656926b763c	8	13801993	105965001	56670	0.0017
23460fe3-85d8-4715-a7e2-b656926b763c	8	105971462	106196328	135	-0.274
23460fe3-85d8-4715-a7e2-b656926b763c	8	106196669	111282852	3076	-0.0169
23460fe3-85d8-4715-a7e2-b656926b763c	8	111282973	111283031	3	-2.5219
23460fe3-85d8-4715-a7e2-b656926b763c	8	111288052	128714138	11551	0.0009
23460fe3-85d8-4715-a7e2-b656926b763c	8	128721980	128765208	16	-0.7305
23460fe3-85d8-4715-a7e2-b656926b763c	8	128766360	136675987	6044	0.014
23460fe3-85d8-4715-a7e2-b656926b763c	8	136676674	136893848	195	-0.1694
23460fe3-85d8-4715-a7e2-b656926b763c	8	136894319	140984704	3122	0.0126
23460fe3-85d8-4715-a7e2-b656926b763c	8	140984778	141564139	371	0.205
23460fe3-85d8-4715-a7e2-b656926b763c	8	141565045	141680091	92	0.5189
23460fe3-85d8-4715-a7e2-b656926b763c	8	141685921	142423309	413	0.208
23460fe3-85d8-4715-a7e2-b656926b763c	8	142423653	144123090	577	0.0724
23460fe3-85d8-4715-a7e2-b656926b763c	8	144123152	144645739	155	0.3844
23460fe3-85d8-4715-a7e2-b656926b763c	8	144647572	145055085	198	0.1032
23460fe3-85d8-4715-a7e2-b656926b763c	8	145057117	145072769	11	0.6525
23460fe3-85d8-4715-a7e2-b656926b763c	9	46587	6630121	6239	-0.0103
23460fe3-85d8-4715-a7e2-b656926b763c	9	6630357	6654847	37	0.4656
23460fe3-85d8-4715-a7e2-b656926b763c	9	6655056	11247205	4304	-0.0332
23460fe3-85d8-4715-a7e2-b656926b763c	9	11257448	12589546	1026	-0.1522
23460fe3-85d8-4715-a7e2-b656926b763c	9	12589771	40832327	19282	-0.0109
23460fe3-85d8-4715-a7e2-b656926b763c	9	40887290	68325679	376	-0.263
23460fe3-85d8-4715-a7e2-b656926b763c	9	68328914	99989966	22015	0.0064
23460fe3-85d8-4715-a7e2-b656926b763c	9	99994395	105916276	4238	-0.0347
23460fe3-85d8-4715-a7e2-b656926b763c	9	105916903	126847536	15234	0.0064
23460fe3-85d8-4715-a7e2-b656926b763c	9	126847578	126920504	39	0.4276
23460fe3-85d8-4715-a7e2-b656926b763c	9	126920731	137333703	5605	0.0226
23460fe3-85d8-4715-a7e2-b656926b763c	9	137333723	137361381	20	0.8215
23460fe3-85d8-4715-a7e2-b656926b763c	9	137378551	138200944	407	0.0782
23460fe3-85d8-4715-a7e2-b656926b763c	10	45792	450085	226	-0.0253
23460fe3-85d8-4715-a7e2-b656926b763c	10	450891	478860	20	0.7629
23460fe3-85d8-4715-a7e2-b656926b763c	10	479463	592025	88	0.2303
23460fe3-85d8-4715-a7e2-b656926b763c	10	597003	600861	4	1.0029
23460fe3-85d8-4715-a7e2-b656926b763c	10	603000	2318056	1379	0.0266
23460fe3-85d8-4715-a7e2-b656926b763c	10	2319114	2319919	3	-1.5435
23460fe3-85d8-4715-a7e2-b656926b763c	10	2320948	30957581	22296	0.0095
23460fe3-85d8-4715-a7e2-b656926b763c	10	30962405	30962797	9	-2.3208
23460fe3-85d8-4715-a7e2-b656926b763c	10	30962809	34882735	2632	0.0024
23460fe3-85d8-4715-a7e2-b656926b763c	10	34884771	34998490	69	0.2953
23460fe3-85d8-4715-a7e2-b656926b763c	10	34998722	41806394	2118	0.0009
23460fe3-85d8-4715-a7e2-b656926b763c	10	41806457	42357675	45	-0.5234
23460fe3-85d8-4715-a7e2-b656926b763c	10	42358241	44760744	1736	0.0428
23460fe3-85d8-4715-a7e2-b656926b763c	10	44762845	44763657	3	1.3701
23460fe3-85d8-4715-a7e2-b656926b763c	10	44765034	44830626	47	-0.0031
23460fe3-85d8-4715-a7e2-b656926b763c	10	44834401	44846872	13	0.5852
23460fe3-85d8-4715-a7e2-b656926b763c	10	44846912	46238151	609	0.0123
23460fe3-85d8-4715-a7e2-b656926b763c	10	46238316	46552712	151	0.2496
23460fe3-85d8-4715-a7e2-b656926b763c	10	46552750	46560525	16	-0.2269
23460fe3-85d8-4715-a7e2-b656926b763c	10	46606240	46693480	7	-1.3368
23460fe3-85d8-4715-a7e2-b656926b763c	10	46693694	46901552	11	-0.3866
23460fe3-85d8-4715-a7e2-b656926b763c	10	46967412	49902076	1624	0.0714
23460fe3-85d8-4715-a7e2-b656926b763c	10	49902233	52009848	1399	-0.0127
23460fe3-85d8-4715-a7e2-b656926b763c	10	52014689	52024196	13	-1.1952
23460fe3-85d8-4715-a7e2-b656926b763c	10	52027389	54920517	2234	-0.0186
23460fe3-85d8-4715-a7e2-b656926b763c	10	54923330	54924277	2	-2.474
23460fe3-85d8-4715-a7e2-b656926b763c	10	54927534	54935658	5	-0.6469
23460fe3-85d8-4715-a7e2-b656926b763c	10	54936124	55183326	141	0.0205
23460fe3-85d8-4715-a7e2-b656926b763c	10	55185272	56019022	573	-0.1239
23460fe3-85d8-4715-a7e2-b656926b763c	10	56022546	70653619	10039	-0.0018
23460fe3-85d8-4715-a7e2-b656926b763c	10	70653677	70795038	120	0.2425
23460fe3-85d8-4715-a7e2-b656926b763c	10	70795235	130397336	40288	0.0054
23460fe3-85d8-4715-a7e2-b656926b763c	10	130398043	132747092	1654	0.0936
23460fe3-85d8-4715-a7e2-b656926b763c	10	132747307	132928501	75	0.4218
23460fe3-85d8-4715-a7e2-b656926b763c	10	132928607	133266284	107	0.1398
23460fe3-85d8-4715-a7e2-b656926b763c	10	133266358	133654968	206	-0.0045
23460fe3-85d8-4715-a7e2-b656926b763c	11	198510	3466435	1285	0.0635
23460fe3-85d8-4715-a7e2-b656926b763c	11	3467200	3467311	2	-2.0266
23460fe3-85d8-4715-a7e2-b656926b763c	11	3485296	5766175	1912	-0.0134
23460fe3-85d8-4715-a7e2-b656926b763c	11	5766850	5788231	34	-0.9177
23460fe3-85d8-4715-a7e2-b656926b763c	11	5791130	37464146	22931	-0.0023
23460fe3-85d8-4715-a7e2-b656926b763c	11	37468610	37589456	61	-0.4088
23460fe3-85d8-4715-a7e2-b656926b763c	11	37589613	50136924	7396	-0.0029
23460fe3-85d8-4715-a7e2-b656926b763c	11	50137254	50137966	2	-2.1173
23460fe3-85d8-4715-a7e2-b656926b763c	11	50138314	55595864	559	-0.0981
23460fe3-85d8-4715-a7e2-b656926b763c	11	55606556	55685533	59	-1.6501
23460fe3-85d8-4715-a7e2-b656926b763c	11	55686100	56205060	371	-0.1238
23460fe3-85d8-4715-a7e2-b656926b763c	11	56205385	64828200	4719	0.0128
23460fe3-85d8-4715-a7e2-b656926b763c	11	64855397	65902628	402	0.3127
23460fe3-85d8-4715-a7e2-b656926b763c	11	65903039	133926781	45532	0.0036
23460fe3-85d8-4715-a7e2-b656926b763c	11	133929375	135074876	850	0.153
23460fe3-85d8-4715-a7e2-b656926b763c	12	51460	233990	106	0.3228
23460fe3-85d8-4715-a7e2-b656926b763c	12	238493	1529526	753	0.0548
23460fe3-85d8-4715-a7e2-b656926b763c	12	1529589	1704608	111	0.2371
23460fe3-85d8-4715-a7e2-b656926b763c	12	1704994	8268228	4553	0.0148
23460fe3-85d8-4715-a7e2-b656926b763c	12	8275839	8342911	20	-0.6182
23460fe3-85d8-4715-a7e2-b656926b763c	12	8345683	10761909	1450	-0.0036
23460fe3-85d8-4715-a7e2-b656926b763c	12	10762760	10762948	2	-2.1759
23460fe3-85d8-4715-a7e2-b656926b763c	12	10762998	11062773	186	-0.0158
23460fe3-85d8-4715-a7e2-b656926b763c	12	11064250	11104230	14	0.6366
23460fe3-85d8-4715-a7e2-b656926b763c	12	11107676	31633694	14308	-0.0003
23460fe3-85d8-4715-a7e2-b656926b763c	12	31633811	31639712	7	-1.1639
23460fe3-85d8-4715-a7e2-b656926b763c	12	31641951	33148472	1089	0.0208
23460fe3-85d8-4715-a7e2-b656926b763c	12	33148492	33154013	23	0.6325
23460fe3-85d8-4715-a7e2-b656926b763c	12	33154031	33855181	461	-0.0592
23460fe3-85d8-4715-a7e2-b656926b763c	12	33855639	33974796	59	-0.3989
23460fe3-85d8-4715-a7e2-b656926b763c	12	33979582	52291988	8721	0.0013
23460fe3-85d8-4715-a7e2-b656926b763c	12	52294900	52443579	159	0.2477
23460fe3-85d8-4715-a7e2-b656926b763c	12	52443831	113847043	38749	0.0048
23460fe3-85d8-4715-a7e2-b656926b763c	12	113847668	114113005	258	0.2136
23460fe3-85d8-4715-a7e2-b656926b763c	12	114113029	114861970	611	0.0244
23460fe3-85d8-4715-a7e2-b656926b763c	12	114862056	114902555	20	0.5001
23460fe3-85d8-4715-a7e2-b656926b763c	12	114902775	119907372	3747	0.0067
23460fe3-85d8-4715-a7e2-b656926b763c	12	119907719	119925874	10	0.904
23460fe3-85d8-4715-a7e2-b656926b763c	12	119930526	129722157	6613	0.0086
23460fe3-85d8-4715-a7e2-b656926b763c	12	129722472	133201603	2130	0.0831
23460fe3-85d8-4715-a7e2-b656926b763c	13	18452809	57184255	25781	0.0032
23460fe3-85d8-4715-a7e2-b656926b763c	13	57184492	57242461	47	-0.5912
23460fe3-85d8-4715-a7e2-b656926b763c	13	57242582	63447459	3624	-0.015
23460fe3-85d8-4715-a7e2-b656926b763c	13	63449600	64376438	538	-0.1575
23460fe3-85d8-4715-a7e2-b656926b763c	13	64380022	71902850	4721	-0.0171
23460fe3-85d8-4715-a7e2-b656926b763c	13	71903417	71906418	4	-1.6142
23460fe3-85d8-4715-a7e2-b656926b763c	13	71906467	114342922	28827	0.0029
23460fe3-85d8-4715-a7e2-b656926b763c	14	18239283	19689684	64	0.1184
23460fe3-85d8-4715-a7e2-b656926b763c	14	19732024	19954424	100	1.1275
23460fe3-85d8-4715-a7e2-b656926b763c	14	19955213	104332689	53874	0.0003
23460fe3-85d8-4715-a7e2-b656926b763c	14	104332990	104686682	129	0.2737
23460fe3-85d8-4715-a7e2-b656926b763c	14	104686866	106416146	512	0.0339
23460fe3-85d8-4715-a7e2-b656926b763c	14	106418444	106487515	52	-0.6644
23460fe3-85d8-4715-a7e2-b656926b763c	14	106487827	106504296	9	0.3591
23460fe3-85d8-4715-a7e2-b656926b763c	14	106509297	106769689	111	-0.1353
23460fe3-85d8-4715-a7e2-b656926b763c	14	106770215	106877229	71	0.2223
23460fe3-85d8-4715-a7e2-b656926b763c	15	19811075	20056983	50	-0.3052
23460fe3-85d8-4715-a7e2-b656926b763c	15	20059033	20206395	8	0.6077
23460fe3-85d8-4715-a7e2-b656926b763c	15	20206773	22005276	122	1.1302
23460fe3-85d8-4715-a7e2-b656926b763c	15	22227530	22299523	26	1.8572
23460fe3-85d8-4715-a7e2-b656926b763c	15	22385639	22572323	6	0.6829
23460fe3-85d8-4715-a7e2-b656926b763c	15	22576496	23073058	263	0.1794
23460fe3-85d8-4715-a7e2-b656926b763c	15	23073160	23813637	353	0.0017
23460fe3-85d8-4715-a7e2-b656926b763c	15	23813652	23822448	8	-1.0105
23460fe3-85d8-4715-a7e2-b656926b763c	15	23826362	24269473	295	-0.0452
23460fe3-85d8-4715-a7e2-b656926b763c	15	24269707	24443003	77	0.4174
23460fe3-85d8-4715-a7e2-b656926b763c	15	24443193	30215235	3598	0.0173
23460fe3-85d8-4715-a7e2-b656926b763c	15	30230885	30269364	7	-1.1958
23460fe3-85d8-4715-a7e2-b656926b763c	15	30281107	56497331	16138	-0.0021
23460fe3-85d8-4715-a7e2-b656926b763c	15	56497449	56508779	26	-0.6237
23460fe3-85d8-4715-a7e2-b656926b763c	15	56509425	76598900	12658	-0.0004
23460fe3-85d8-4715-a7e2-b656926b763c	15	76599170	76602723	11	1.1342
23460fe3-85d8-4715-a7e2-b656926b763c	15	76602738	77015060	191	0.0095
23460fe3-85d8-4715-a7e2-b656926b763c	15	77015387	77027251	7	0.6072
23460fe3-85d8-4715-a7e2-b656926b763c	15	77030688	77056003	10	1.1459
23460fe3-85d8-4715-a7e2-b656926b763c	15	77063474	93254493	10763	-0.001
23460fe3-85d8-4715-a7e2-b656926b763c	15	93254765	93276155	61	0.4228
23460fe3-85d8-4715-a7e2-b656926b763c	15	93276364	101107422	5861	0.0128
23460fe3-85d8-4715-a7e2-b656926b763c	15	101107457	101157048	43	0.4849
23460fe3-85d8-4715-a7e2-b656926b763c	15	101158254	101928837	544	0.0884
23460fe3-85d8-4715-a7e2-b656926b763c	16	10777	822941	325	0.3193
23460fe3-85d8-4715-a7e2-b656926b763c	16	836376	1477746	145	0.1148
23460fe3-85d8-4715-a7e2-b656926b763c	16	1479010	1496860	8	0.7571
23460fe3-85d8-4715-a7e2-b656926b763c	16	1505082	3052175	567	0.0221
23460fe3-85d8-4715-a7e2-b656926b763c	16	3052290	3077652	13	0.6925
23460fe3-85d8-4715-a7e2-b656926b763c	16	3083054	3651576	286	0.0394
23460fe3-85d8-4715-a7e2-b656926b763c	16	3657261	3666993	11	-1.3195
23460fe3-85d8-4715-a7e2-b656926b763c	16	3669343	4170378	337	0.0225
23460fe3-85d8-4715-a7e2-b656926b763c	16	4170461	4198950	34	0.5048
23460fe3-85d8-4715-a7e2-b656926b763c	16	4199282	14877558	9292	0.0186
23460fe3-85d8-4715-a7e2-b656926b763c	16	14879136	16101708	558	0.2121
23460fe3-85d8-4715-a7e2-b656926b763c	16	16102041	21522983	2708	0.0386
23460fe3-85d8-4715-a7e2-b656926b763c	16	21525404	22687160	442	0.171
23460fe3-85d8-4715-a7e2-b656926b763c	16	22687537	22801026	99	-0.0516
23460fe3-85d8-4715-a7e2-b656926b763c	16	22801043	22828100	18	0.632
23460fe3-85d8-4715-a7e2-b656926b763c	16	22828672	29580448	4129	0.0193
23460fe3-85d8-4715-a7e2-b656926b763c	16	29581056	30180586	201	0.3114
23460fe3-85d8-4715-a7e2-b656926b763c	16	30295647	32198553	671	0.0097
23460fe3-85d8-4715-a7e2-b656926b763c	16	32198778	32513457	11	-0.8307
23460fe3-85d8-4715-a7e2-b656926b763c	16	32553191	74371293	17910	0.0035
23460fe3-85d8-4715-a7e2-b656926b763c	16	74373114	74418138	4	1.5794
23460fe3-85d8-4715-a7e2-b656926b763c	16	74422703	78342480	3192	-0.0016
23460fe3-85d8-4715-a7e2-b656926b763c	16	78342814	78347366	7	1.3839
23460fe3-85d8-4715-a7e2-b656926b763c	16	78349243	84186738	6414	0.0117
23460fe3-85d8-4715-a7e2-b656926b763c	16	84187217	84877892	653	0.1977
23460fe3-85d8-4715-a7e2-b656926b763c	16	84878725	86966728	1902	0.0449
23460fe3-85d8-4715-a7e2-b656926b763c	16	86966866	87002754	21	0.5272
23460fe3-85d8-4715-a7e2-b656926b763c	16	87002880	88457407	863	0.0237
23460fe3-85d8-4715-a7e2-b656926b763c	16	88459366	90036838	632	0.3221
23460fe3-85d8-4715-a7e2-b656926b763c	16	90037706	90096867	43	-0.0314
23460fe3-85d8-4715-a7e2-b656926b763c	17	150733	1276729	555	0.2388
23460fe3-85d8-4715-a7e2-b656926b763c	17	1277363	2067118	340	0.0598
23460fe3-85d8-4715-a7e2-b656926b763c	17	2069304	34388105	16089	0.0139
23460fe3-85d8-4715-a7e2-b656926b763c	17	34388129	34609520	240	0.2086
23460fe3-85d8-4715-a7e2-b656926b763c	17	34611015	36200725	934	0.002
23460fe3-85d8-4715-a7e2-b656926b763c	17	36208249	36548281	80	0.3288
23460fe3-85d8-4715-a7e2-b656926b763c	17	36549144	41266901	2440	0.0282
23460fe3-85d8-4715-a7e2-b656926b763c	17	41266958	41274279	17	-1.1661
23460fe3-85d8-4715-a7e2-b656926b763c	17	41276472	45380520	2103	0.0165
23460fe3-85d8-4715-a7e2-b656926b763c	17	45382388	45382404	2	1.6439
23460fe3-85d8-4715-a7e2-b656926b763c	17	45382537	45497555	35	-0.012
23460fe3-85d8-4715-a7e2-b656926b763c	17	45508731	45571174	5	-1.1015
23460fe3-85d8-4715-a7e2-b656926b763c	17	45577724	45699492	67	-0.0464
23460fe3-85d8-4715-a7e2-b656926b763c	17	45699947	45924884	145	0.3329
23460fe3-85d8-4715-a7e2-b656926b763c	17	45925127	46194634	219	0.1097
23460fe3-85d8-4715-a7e2-b656926b763c	17	46199017	46234520	20	1.1018
23460fe3-85d8-4715-a7e2-b656926b763c	17	46234609	73749865	16656	0
23460fe3-85d8-4715-a7e2-b656926b763c	17	73749921	74680224	622	0.198
23460fe3-85d8-4715-a7e2-b656926b763c	17	74681173	76917127	1044	0.0316
23460fe3-85d8-4715-a7e2-b656926b763c	17	76917855	76934284	20	0.4974
23460fe3-85d8-4715-a7e2-b656926b763c	17	76938036	77347009	248	0.0173
23460fe3-85d8-4715-a7e2-b656926b763c	17	77349524	77375740	31	0.7762
23460fe3-85d8-4715-a7e2-b656926b763c	17	77375892	78433251	596	0.0356
23460fe3-85d8-4715-a7e2-b656926b763c	17	78433764	78454069	16	0.6775
23460fe3-85d8-4715-a7e2-b656926b763c	17	78456702	78596002	92	0.0019
23460fe3-85d8-4715-a7e2-b656926b763c	17	78596565	78676336	75	0.3526
23460fe3-85d8-4715-a7e2-b656926b763c	17	78677915	79173272	264	0.0463
23460fe3-85d8-4715-a7e2-b656926b763c	17	79174496	79227852	32	0.4437
23460fe3-85d8-4715-a7e2-b656926b763c	17	79232926	80627616	788	0.0643
23460fe3-85d8-4715-a7e2-b656926b763c	17	80630401	80717512	56	0.3728
23460fe3-85d8-4715-a7e2-b656926b763c	17	80718204	82962720	854	0.034
23460fe3-85d8-4715-a7e2-b656926b763c	17	82978629	83091923	59	0.3906
23460fe3-85d8-4715-a7e2-b656926b763c	18	48133	891647	625	0.0839
23460fe3-85d8-4715-a7e2-b656926b763c	18	893521	1638529	486	0.0037
23460fe3-85d8-4715-a7e2-b656926b763c	18	1638758	1920622	204	-0.1864
23460fe3-85d8-4715-a7e2-b656926b763c	18	1920732	65533230	38278	0.0036
23460fe3-85d8-4715-a7e2-b656926b763c	18	65533243	65537481	17	0.821
23460fe3-85d8-4715-a7e2-b656926b763c	18	65540037	69619541	3022	-0.0267
23460fe3-85d8-4715-a7e2-b656926b763c	18	69619667	69619793	3	-1.4291
23460fe3-85d8-4715-a7e2-b656926b763c	18	69621410	71252536	1039	0.0158
23460fe3-85d8-4715-a7e2-b656926b763c	18	71255316	73739649	1950	-0.0843
23460fe3-85d8-4715-a7e2-b656926b763c	18	73741021	78213176	3520	0.0169
23460fe3-85d8-4715-a7e2-b656926b763c	18	78213857	78248007	25	0.4588
23460fe3-85d8-4715-a7e2-b656926b763c	18	78248166	79379940	724	0.0273
23460fe3-85d8-4715-a7e2-b656926b763c	18	79386876	80257174	409	0.1907
23460fe3-85d8-4715-a7e2-b656926b763c	19	90910	335055	51	0.0733
23460fe3-85d8-4715-a7e2-b656926b763c	19	335323	968499	133	0.2718
23460fe3-85d8-4715-a7e2-b656926b763c	19	968591	4416414	978	0.0273
23460fe3-85d8-4715-a7e2-b656926b763c	19	4417843	4633773	54	0.4138
23460fe3-85d8-4715-a7e2-b656926b763c	19	4640283	12581187	3808	0.0134
23460fe3-85d8-4715-a7e2-b656926b763c	19	12586552	12589709	3	1.9572
23460fe3-85d8-4715-a7e2-b656926b763c	19	12589872	54390727	21428	0.017
23460fe3-85d8-4715-a7e2-b656926b763c	19	54390781	54426455	15	0.9236
23460fe3-85d8-4715-a7e2-b656926b763c	19	54434666	54997337	310	0.0179
23460fe3-85d8-4715-a7e2-b656926b763c	19	54997939	54998320	2	-2.6528
23460fe3-85d8-4715-a7e2-b656926b763c	19	54998497	55026094	24	0.0362
23460fe3-85d8-4715-a7e2-b656926b763c	19	55026114	55036566	7	-0.5937
23460fe3-85d8-4715-a7e2-b656926b763c	19	55037257	55701680	275	0.0284
23460fe3-85d8-4715-a7e2-b656926b763c	19	55704280	55726722	22	0.6675
23460fe3-85d8-4715-a7e2-b656926b763c	19	55726810	55766684	30	0.0849
23460fe3-85d8-4715-a7e2-b656926b763c	19	55770704	55774927	6	1.4278
23460fe3-85d8-4715-a7e2-b656926b763c	19	55777575	58390198	1743	0.035
23460fe3-85d8-4715-a7e2-b656926b763c	19	58390418	58586487	82	0.3326
23460fe3-85d8-4715-a7e2-b656926b763c	20	80664	1580353	1193	0.0495
23460fe3-85d8-4715-a7e2-b656926b763c	20	1580934	1613247	41	1.8124
23460fe3-85d8-4715-a7e2-b656926b763c	20	1617300	3830786	1556	0.0097
23460fe3-85d8-4715-a7e2-b656926b763c	20	3832059	4092628	160	0.3055
23460fe3-85d8-4715-a7e2-b656926b763c	20	4092658	4794993	612	-0.0111
23460fe3-85d8-4715-a7e2-b656926b763c	20	4795887	4866397	71	0.3017
23460fe3-85d8-4715-a7e2-b656926b763c	20	4869687	5078623	134	-0.0035
23460fe3-85d8-4715-a7e2-b656926b763c	20	5078707	5081117	3	-1.7907
23460fe3-85d8-4715-a7e2-b656926b763c	20	5081806	7412092	1752	0.0055
23460fe3-85d8-4715-a7e2-b656926b763c	20	7420339	7426090	2	-2.8077
23460fe3-85d8-4715-a7e2-b656926b763c	20	7426261	45547937	23121	0
23460fe3-85d8-4715-a7e2-b656926b763c	20	45548469	45549540	7	-1.1771
23460fe3-85d8-4715-a7e2-b656926b763c	20	45550018	50165997	3137	0.0151
23460fe3-85d8-4715-a7e2-b656926b763c	20	50175182	50176256	2	2.243
23460fe3-85d8-4715-a7e2-b656926b763c	20	50178380	50300714	74	-0.0124
23460fe3-85d8-4715-a7e2-b656926b763c	20	50301534	50301994	2	1.6108
23460fe3-85d8-4715-a7e2-b656926b763c	20	50302580	54028329	2777	0.0111
23460fe3-85d8-4715-a7e2-b656926b763c	20	54031269	54042112	35	-1.0202
23460fe3-85d8-4715-a7e2-b656926b763c	20	54046035	62582087	6692	0.0128
23460fe3-85d8-4715-a7e2-b656926b763c	20	62582181	62593393	5	1.1805
23460fe3-85d8-4715-a7e2-b656926b763c	20	62597349	63057536	208	0.0221
23460fe3-85d8-4715-a7e2-b656926b763c	20	63057782	64324800	497	0.2365
23460fe3-85d8-4715-a7e2-b656926b763c	21	10354168	13496148	240	-0.2088
23460fe3-85d8-4715-a7e2-b656926b763c	21	13502378	22241136	5971	-0.0174
23460fe3-85d8-4715-a7e2-b656926b763c	21	22241403	23251111	767	-0.1012
23460fe3-85d8-4715-a7e2-b656926b763c	21	23251207	30819263	5619	0.006
23460fe3-85d8-4715-a7e2-b656926b763c	21	30819803	30828654	3	-1.5614
23460fe3-85d8-4715-a7e2-b656926b763c	21	30828726	39566388	6376	0.0038
23460fe3-85d8-4715-a7e2-b656926b763c	21	39567566	39614403	46	0.3964
23460fe3-85d8-4715-a7e2-b656926b763c	21	39617293	43201650	2910	0.0159
23460fe3-85d8-4715-a7e2-b656926b763c	21	43202361	43374861	77	0.3069
23460fe3-85d8-4715-a7e2-b656926b763c	21	43572694	44374559	342	0.0277
23460fe3-85d8-4715-a7e2-b656926b763c	21	44376578	44420537	17	0.8404
23460fe3-85d8-4715-a7e2-b656926b763c	21	44447091	45260287	515	0.0291
23460fe3-85d8-4715-a7e2-b656926b763c	21	45260466	45600271	153	0.3122
23460fe3-85d8-4715-a7e2-b656926b763c	21	45600578	46677045	640	0.0709
23460fe3-85d8-4715-a7e2-b656926b763c	22	15294547	16408174	42	0.2533
23460fe3-85d8-4715-a7e2-b656926b763c	22	16412132	16413538	4	-1.6936
23460fe3-85d8-4715-a7e2-b656926b763c	22	16413899	19012700	1129	-0.0079
23460fe3-85d8-4715-a7e2-b656926b763c	22	19013702	21727578	1614	0.2368
23460fe3-85d8-4715-a7e2-b656926b763c	22	21741482	23232307	1131	0.1036
23460fe3-85d8-4715-a7e2-b656926b763c	22	23234925	23235402	2	-2.3821
23460fe3-85d8-4715-a7e2-b656926b763c	22	23239115	23431773	135	0.1901
23460fe3-85d8-4715-a7e2-b656926b763c	22	23432438	25339903	1179	0.0192
23460fe3-85d8-4715-a7e2-b656926b763c	22	25339932	25392887	82	0.3172
23460fe3-85d8-4715-a7e2-b656926b763c	22	25394534	25396698	3	1.5137
23460fe3-85d8-4715-a7e2-b656926b763c	22	25396732	32495001	5124	0.0075
23460fe3-85d8-4715-a7e2-b656926b763c	22	32502304	32507259	2	-2.0658
23460fe3-85d8-4715-a7e2-b656926b763c	22	32508551	40195167	5314	0.0187
23460fe3-85d8-4715-a7e2-b656926b763c	22	40198568	40202938	5	-1.2981
23460fe3-85d8-4715-a7e2-b656926b763c	22	40204483	40397256	115	0.0369
23460fe3-85d8-4715-a7e2-b656926b763c	22	40398586	40398816	2	1.7353
23460fe3-85d8-4715-a7e2-b656926b763c	22	40401668	41921921	880	0.0085
23460fe3-85d8-4715-a7e2-b656926b763c	22	41923652	41957719	17	0.7939
23460fe3-85d8-4715-a7e2-b656926b763c	22	41959656	42327026	199	0.0343
23460fe3-85d8-4715-a7e2-b656926b763c	22	42328059	42632475	160	0.2148
23460fe3-85d8-4715-a7e2-b656926b763c	22	42632490	48984516	4892	0.0127
23460fe3-85d8-4715-a7e2-b656926b763c	22	48984844	50796027	1137	0.201
23460fe3-85d8-4715-a7e2-b656926b763c	X	251810	19450600	11636	0.0267
23460fe3-85d8-4715-a7e2-b656926b763c	X	19454127	19523125	50	0.5507
23460fe3-85d8-4715-a7e2-b656926b763c	X	19523999	33623784	9069	-0.0037
23460fe3-85d8-4715-a7e2-b656926b763c	X	33625526	33638176	16	-0.7701
23460fe3-85d8-4715-a7e2-b656926b763c	X	33638881	34026256	261	-0.0812
23460fe3-85d8-4715-a7e2-b656926b763c	X	34028436	34052170	23	-1.0984
23460fe3-85d8-4715-a7e2-b656926b763c	X	34055308	152814464	60572	0.0012
23460fe3-85d8-4715-a7e2-b656926b763c	X	152816055	154839980	964	0.134
23460fe3-85d8-4715-a7e2-b656926b763c	X	154849965	155952689	363	-0.0143
23460fe3-85d8-4715-a7e2-b656926b763c	Y	2782397	3326047	191	-2.8268
23460fe3-85d8-4715-a7e2-b656926b763c	Y	3327226	6043823	521	-2.5299
23460fe3-85d8-4715-a7e2-b656926b763c	Y	6044040	9330531	1511	-2.9948
23460fe3-85d8-4715-a7e2-b656926b763c	Y	9332936	9554275	25	-4.7165
23460fe3-85d8-4715-a7e2-b656926b763c	Y	9554586	56872112	4385	-2.8877
