GDC_Aliquot	Chromosome	Start	End	Num_Probes	Segment_Mean
3c8a901a-645d-401d-938b-abc7d6e2ad2a	1	62920	599171	20	0.2828
3c8a901a-645d-401d-938b-abc7d6e2ad2a	1	668210	11531747	5744	-1.042
3c8a901a-645d-401d-938b-abc7d6e2ad2a	1	11538613	12057844	255	-0.4301
3c8a901a-645d-401d-938b-abc7d6e2ad2a	1	12059512	15175985	1813	-1.0832
3c8a901a-645d-401d-938b-abc7d6e2ad2a	1	15176043	15223062	56	-3.3217
3c8a901a-645d-401d-938b-abc7d6e2ad2a	1	15224029	15275540	42	-1.9482
3c8a901a-645d-401d-938b-abc7d6e2ad2a	1	15281289	15592244	183	-1.0326
3c8a901a-645d-401d-938b-abc7d6e2ad2a	1	15592573	15723060	61	-0.4203
3c8a901a-645d-401d-938b-abc7d6e2ad2a	1	15723398	16187746	222	-0.087
3c8a901a-645d-401d-938b-abc7d6e2ad2a	1	16187874	16718963	186	-0.4356
3c8a901a-645d-401d-938b-abc7d6e2ad2a	1	16719082	16721984	5	-1.6641
3c8a901a-645d-401d-938b-abc7d6e2ad2a	1	16766762	16934753	63	-0.4121
3c8a901a-645d-401d-938b-abc7d6e2ad2a	1	16934768	17122610	129	-0.0452
3c8a901a-645d-401d-938b-abc7d6e2ad2a	1	17129208	19173834	1500	-0.4202
3c8a901a-645d-401d-938b-abc7d6e2ad2a	1	19174619	19296174	53	-0.9473
3c8a901a-645d-401d-938b-abc7d6e2ad2a	1	19296937	20058265	523	-0.4172
3c8a901a-645d-401d-938b-abc7d6e2ad2a	1	20058291	20246128	132	-0.8392
3c8a901a-645d-401d-938b-abc7d6e2ad2a	1	20246145	21740240	866	-0.4184
3c8a901a-645d-401d-938b-abc7d6e2ad2a	1	21740845	21783579	26	0.0064
3c8a901a-645d-401d-938b-abc7d6e2ad2a	1	21783826	22168351	208	0.451
3c8a901a-645d-401d-938b-abc7d6e2ad2a	1	22170210	22277308	91	0.2718
3c8a901a-645d-401d-938b-abc7d6e2ad2a	1	22277396	25277975	1728	-0.0544
3c8a901a-645d-401d-938b-abc7d6e2ad2a	1	25278567	25319167	9	-1.0953
3c8a901a-645d-401d-938b-abc7d6e2ad2a	1	25319693	28285526	1264	-0.0765
3c8a901a-645d-401d-938b-abc7d6e2ad2a	1	28286371	28872925	206	0.2398
3c8a901a-645d-401d-938b-abc7d6e2ad2a	1	28882444	54873006	14697	-0.0501
3c8a901a-645d-401d-938b-abc7d6e2ad2a	1	54873230	54873413	2	-1.7232
3c8a901a-645d-401d-938b-abc7d6e2ad2a	1	54876242	72303233	12461	-0.0494
3c8a901a-645d-401d-938b-abc7d6e2ad2a	1	72303253	72345465	45	-1.3024
3c8a901a-645d-401d-938b-abc7d6e2ad2a	1	72346221	145711846	30808	-0.0436
3c8a901a-645d-401d-938b-abc7d6e2ad2a	1	145711946	146716041	148	-0.2491
3c8a901a-645d-401d-938b-abc7d6e2ad2a	1	146788785	150675511	1046	-0.0477
3c8a901a-645d-401d-938b-abc7d6e2ad2a	1	150677688	150695722	27	0.1407
3c8a901a-645d-401d-938b-abc7d6e2ad2a	1	150695784	150730529	25	0.4473
3c8a901a-645d-401d-938b-abc7d6e2ad2a	1	150734330	151349320	254	0.0819
3c8a901a-645d-401d-938b-abc7d6e2ad2a	1	151349614	152582700	766	-0.0241
3c8a901a-645d-401d-938b-abc7d6e2ad2a	1	152583051	152613762	32	-1.4766
3c8a901a-645d-401d-938b-abc7d6e2ad2a	1	152613802	152787202	170	-0.0076
3c8a901a-645d-401d-938b-abc7d6e2ad2a	1	152789447	152796224	37	0.7483
3c8a901a-645d-401d-938b-abc7d6e2ad2a	1	152801429	155932844	1656	-0.0507
3c8a901a-645d-401d-938b-abc7d6e2ad2a	1	155939632	155948846	6	1.2028
3c8a901a-645d-401d-938b-abc7d6e2ad2a	1	155952404	157293727	676	-0.082
3c8a901a-645d-401d-938b-abc7d6e2ad2a	1	157295539	158794822	1190	0.0264
3c8a901a-645d-401d-938b-abc7d6e2ad2a	1	158794954	158861283	48	-0.3175
3c8a901a-645d-401d-938b-abc7d6e2ad2a	1	158861942	161128692	1490	-0.0085
3c8a901a-645d-401d-938b-abc7d6e2ad2a	1	161139229	161648901	173	-0.1157
3c8a901a-645d-401d-938b-abc7d6e2ad2a	1	161649069	161649178	4	-1.2405
3c8a901a-645d-401d-938b-abc7d6e2ad2a	1	161649222	169247699	5972	-0.0273
3c8a901a-645d-401d-938b-abc7d6e2ad2a	1	169264736	169272528	7	-2.1349
3c8a901a-645d-401d-938b-abc7d6e2ad2a	1	169273163	173504943	2853	-0.0163
3c8a901a-645d-401d-938b-abc7d6e2ad2a	1	173504988	173527943	15	-0.5623
3c8a901a-645d-401d-938b-abc7d6e2ad2a	1	173528573	176222759	1609	-0.0171
3c8a901a-645d-401d-938b-abc7d6e2ad2a	1	176223912	185811334	6444	-0.057
3c8a901a-645d-401d-938b-abc7d6e2ad2a	1	185811905	196762956	7194	-0.0047
3c8a901a-645d-401d-938b-abc7d6e2ad2a	1	196769493	196854187	59	-0.6359
3c8a901a-645d-401d-938b-abc7d6e2ad2a	1	196854483	199138525	1362	-0.0073
3c8a901a-645d-401d-938b-abc7d6e2ad2a	1	199138574	199144712	10	-0.619
3c8a901a-645d-401d-938b-abc7d6e2ad2a	1	199145110	200500542	961	-0.0195
3c8a901a-645d-401d-938b-abc7d6e2ad2a	1	200500941	204545144	2692	-0.0687
3c8a901a-645d-401d-938b-abc7d6e2ad2a	1	204545208	205067089	433	-0.01
3c8a901a-645d-401d-938b-abc7d6e2ad2a	1	205068181	205355597	185	0.1117
3c8a901a-645d-401d-938b-abc7d6e2ad2a	1	205355766	205379003	16	0.6694
3c8a901a-645d-401d-938b-abc7d6e2ad2a	1	205382575	205633873	161	0.0876
3c8a901a-645d-401d-938b-abc7d6e2ad2a	1	205638710	209897717	2934	-0.0428
3c8a901a-645d-401d-938b-abc7d6e2ad2a	1	209908268	209910639	3	-2.0346
3c8a901a-645d-401d-938b-abc7d6e2ad2a	1	209913207	247650984	26239	-0.04
3c8a901a-645d-401d-938b-abc7d6e2ad2a	1	247652479	248697642	595	0.0591
3c8a901a-645d-401d-938b-abc7d6e2ad2a	1	248702256	248930189	110	-0.1167
3c8a901a-645d-401d-938b-abc7d6e2ad2a	2	12784	210076	119	0.2087
3c8a901a-645d-401d-938b-abc7d6e2ad2a	2	210225	6874885	5223	0.3099
3c8a901a-645d-401d-938b-abc7d6e2ad2a	2	6876488	6878750	5	-0.621
3c8a901a-645d-401d-938b-abc7d6e2ad2a	2	6881747	7989207	941	0.306
3c8a901a-645d-401d-938b-abc7d6e2ad2a	2	7990754	10829781	2001	0.2452
3c8a901a-645d-401d-938b-abc7d6e2ad2a	2	10829862	23420191	9042	0.2815
3c8a901a-645d-401d-938b-abc7d6e2ad2a	2	23422803	24244388	456	0.2072
3c8a901a-645d-401d-938b-abc7d6e2ad2a	2	24245263	24387444	86	0.5454
3c8a901a-645d-401d-938b-abc7d6e2ad2a	2	24387503	24388259	4	-0.2822
3c8a901a-645d-401d-938b-abc7d6e2ad2a	2	24388858	24579010	104	0.535
3c8a901a-645d-401d-938b-abc7d6e2ad2a	2	24580540	33205683	5029	0.2574
3c8a901a-645d-401d-938b-abc7d6e2ad2a	2	33207134	33377504	117	-0.0187
3c8a901a-645d-401d-938b-abc7d6e2ad2a	2	33380205	34427804	856	0.289
3c8a901a-645d-401d-938b-abc7d6e2ad2a	2	34434869	34512096	58	0.7988
3c8a901a-645d-401d-938b-abc7d6e2ad2a	2	34512489	36271473	1297	0.342
3c8a901a-645d-401d-938b-abc7d6e2ad2a	2	36275068	39896092	2553	0.2688
3c8a901a-645d-401d-938b-abc7d6e2ad2a	2	39896764	41699662	1493	0.3249
3c8a901a-645d-401d-938b-abc7d6e2ad2a	2	41699764	49849320	5701	0.2599
3c8a901a-645d-401d-938b-abc7d6e2ad2a	2	49853388	50624390	617	0.3311
3c8a901a-645d-401d-938b-abc7d6e2ad2a	2	50624444	51136230	362	0.4518
3c8a901a-645d-401d-938b-abc7d6e2ad2a	2	51136261	52038525	624	0.2915
3c8a901a-645d-401d-938b-abc7d6e2ad2a	2	52039769	52046762	2	-1.5739
3c8a901a-645d-401d-938b-abc7d6e2ad2a	2	52047691	52527330	310	0.3643
3c8a901a-645d-401d-938b-abc7d6e2ad2a	2	52527342	52554404	39	1.1279
3c8a901a-645d-401d-938b-abc7d6e2ad2a	2	52560811	53644101	911	0.3075
3c8a901a-645d-401d-938b-abc7d6e2ad2a	2	53644459	56149429	1707	0.2369
3c8a901a-645d-401d-938b-abc7d6e2ad2a	2	56153589	59939257	2566	0.3023
3c8a901a-645d-401d-938b-abc7d6e2ad2a	2	59939849	62095577	1174	0.2129
3c8a901a-645d-401d-938b-abc7d6e2ad2a	2	62097036	78548512	10391	0.2788
3c8a901a-645d-401d-938b-abc7d6e2ad2a	2	78548921	79536673	709	0.3738
3c8a901a-645d-401d-938b-abc7d6e2ad2a	2	79538328	84819794	3288	0.2856
3c8a901a-645d-401d-938b-abc7d6e2ad2a	2	84821043	86370053	924	0.2033
3c8a901a-645d-401d-938b-abc7d6e2ad2a	2	86371760	97359885	2093	0.2762
3c8a901a-645d-401d-938b-abc7d6e2ad2a	2	97524284	97545247	8	-1.0702
3c8a901a-645d-401d-938b-abc7d6e2ad2a	2	97545726	116714666	11218	0.2792
3c8a901a-645d-401d-938b-abc7d6e2ad2a	2	116718438	117408139	414	0.3896
3c8a901a-645d-401d-938b-abc7d6e2ad2a	2	117409107	122271120	3055	0.2628
3c8a901a-645d-401d-938b-abc7d6e2ad2a	2	122273894	122277479	3	-0.7931
3c8a901a-645d-401d-938b-abc7d6e2ad2a	2	122280404	122719438	330	0.3148
3c8a901a-645d-401d-938b-abc7d6e2ad2a	2	122722323	122724665	8	-0.6052
3c8a901a-645d-401d-938b-abc7d6e2ad2a	2	122726077	126619318	2504	0.3244
3c8a901a-645d-401d-938b-abc7d6e2ad2a	2	126621043	137642019	6578	0.2667
3c8a901a-645d-401d-938b-abc7d6e2ad2a	2	137642524	138238148	366	0.4064
3c8a901a-645d-401d-938b-abc7d6e2ad2a	2	138238844	140301661	1256	0.288
3c8a901a-645d-401d-938b-abc7d6e2ad2a	2	140310098	140752803	299	0.0798
3c8a901a-645d-401d-938b-abc7d6e2ad2a	2	140760515	179196928	23481	0.2764
3c8a901a-645d-401d-938b-abc7d6e2ad2a	2	179202465	179214417	3	-2.2727
3c8a901a-645d-401d-938b-abc7d6e2ad2a	2	179218864	185165683	3805	0.2921
3c8a901a-645d-401d-938b-abc7d6e2ad2a	2	185169475	186019397	416	0.3922
3c8a901a-645d-401d-938b-abc7d6e2ad2a	2	186019410	191715166	3252	0.2755
3c8a901a-645d-401d-938b-abc7d6e2ad2a	2	191716203	195280348	1889	0.3483
3c8a901a-645d-401d-938b-abc7d6e2ad2a	2	195280505	203173624	4451	0.2631
3c8a901a-645d-401d-938b-abc7d6e2ad2a	2	203174343	209004674	3787	0.3221
3c8a901a-645d-401d-938b-abc7d6e2ad2a	2	209006204	214474707	3442	0.3627
3c8a901a-645d-401d-938b-abc7d6e2ad2a	2	214475059	241454159	17371	0.32
3c8a901a-645d-401d-938b-abc7d6e2ad2a	2	241454243	241537572	62	0.2789
3c8a901a-645d-401d-938b-abc7d6e2ad2a	2	241537962	242147305	189	-0.0239
3c8a901a-645d-401d-938b-abc7d6e2ad2a	3	20930	2771028	2392	0.0198
3c8a901a-645d-401d-938b-abc7d6e2ad2a	3	2771071	3332802	554	-0.0757
3c8a901a-645d-401d-938b-abc7d6e2ad2a	3	3334738	4231805	843	0.0192
3c8a901a-645d-401d-938b-abc7d6e2ad2a	3	4234442	5289034	831	-0.1158
3c8a901a-645d-401d-938b-abc7d6e2ad2a	3	5289155	8400808	2737	0.0067
3c8a901a-645d-401d-938b-abc7d6e2ad2a	3	8402761	10149571	1204	-0.0741
3c8a901a-645d-401d-938b-abc7d6e2ad2a	3	10151198	10269194	105	-0.2581
3c8a901a-645d-401d-938b-abc7d6e2ad2a	3	10270089	12622285	1747	-0.0295
3c8a901a-645d-401d-938b-abc7d6e2ad2a	3	12622300	13710628	793	-0.1099
3c8a901a-645d-401d-938b-abc7d6e2ad2a	3	13711718	16197556	1633	-0.0538
3c8a901a-645d-401d-938b-abc7d6e2ad2a	3	16199049	16199672	6	-0.966
3c8a901a-645d-401d-938b-abc7d6e2ad2a	3	16199818	17758329	941	-0.0677
3c8a901a-645d-401d-938b-abc7d6e2ad2a	3	17760220	21767168	2474	-0.0126
3c8a901a-645d-401d-938b-abc7d6e2ad2a	3	21767502	22276782	482	0.0849
3c8a901a-645d-401d-938b-abc7d6e2ad2a	3	22277308	48482937	17031	-0.0369
3c8a901a-645d-401d-938b-abc7d6e2ad2a	3	48483083	48793822	115	0.2164
3c8a901a-645d-401d-938b-abc7d6e2ad2a	3	48795273	52445866	1400	-0.0314
3c8a901a-645d-401d-938b-abc7d6e2ad2a	3	52447311	52467714	13	0.55
3c8a901a-645d-401d-938b-abc7d6e2ad2a	3	52471162	52472887	6	1
3c8a901a-645d-401d-938b-abc7d6e2ad2a	3	52479011	52496771	8	0.4523
3c8a901a-645d-401d-938b-abc7d6e2ad2a	3	52506847	52517754	4	0.7798
3c8a901a-645d-401d-938b-abc7d6e2ad2a	3	52523433	52544372	11	0.2908
3c8a901a-645d-401d-938b-abc7d6e2ad2a	3	52544458	52989195	246	-0.0047
3c8a901a-645d-401d-938b-abc7d6e2ad2a	3	52994359	53004928	35	-0.9731
3c8a901a-645d-401d-938b-abc7d6e2ad2a	3	53005084	59705385	4509	-0.0454
3c8a901a-645d-401d-938b-abc7d6e2ad2a	3	59705654	60020874	388	0.0391
3c8a901a-645d-401d-938b-abc7d6e2ad2a	3	60021905	60021931	2	1.0949
3c8a901a-645d-401d-938b-abc7d6e2ad2a	3	60021971	60462938	493	0.0118
3c8a901a-645d-401d-938b-abc7d6e2ad2a	3	60463276	65861948	4712	-0.0494
3c8a901a-645d-401d-938b-abc7d6e2ad2a	3	65862191	65862869	2	-1.5654
3c8a901a-645d-401d-938b-abc7d6e2ad2a	3	65862914	68697013	1879	-0.0317
3c8a901a-645d-401d-938b-abc7d6e2ad2a	3	68697108	68698262	14	-1.142
3c8a901a-645d-401d-938b-abc7d6e2ad2a	3	68699607	82004580	8552	-0.0301
3c8a901a-645d-401d-938b-abc7d6e2ad2a	3	82004914	82012557	2	-1.6594
3c8a901a-645d-401d-938b-abc7d6e2ad2a	3	82014875	84053071	1025	-0.0223
3c8a901a-645d-401d-938b-abc7d6e2ad2a	3	84056282	84057015	2	-3.3438
3c8a901a-645d-401d-938b-abc7d6e2ad2a	3	84061816	96670804	4890	-0.0102
3c8a901a-645d-401d-938b-abc7d6e2ad2a	3	96672102	96672116	2	-2.0765
3c8a901a-645d-401d-938b-abc7d6e2ad2a	3	96675233	102078711	3025	-0.0276
3c8a901a-645d-401d-938b-abc7d6e2ad2a	3	102084208	116032279	8485	-0.3879
3c8a901a-645d-401d-938b-abc7d6e2ad2a	3	116034190	116100025	35	-0.8956
3c8a901a-645d-401d-938b-abc7d6e2ad2a	3	116100529	116107926	4	0.0337
3c8a901a-645d-401d-938b-abc7d6e2ad2a	3	116114328	116132788	15	-1.0211
3c8a901a-645d-401d-938b-abc7d6e2ad2a	3	116136584	116224572	60	-0.3431
3c8a901a-645d-401d-938b-abc7d6e2ad2a	3	116232006	116331707	77	-0.8987
3c8a901a-645d-401d-938b-abc7d6e2ad2a	3	116335572	119807231	2417	-0.4236
3c8a901a-645d-401d-938b-abc7d6e2ad2a	3	119807329	119808208	2	-1.9944
3c8a901a-645d-401d-938b-abc7d6e2ad2a	3	119808844	125705628	3467	-0.4293
3c8a901a-645d-401d-938b-abc7d6e2ad2a	3	125706925	125739919	15	0.1762
3c8a901a-645d-401d-938b-abc7d6e2ad2a	3	125743486	128710164	1841	-0.439
3c8a901a-645d-401d-938b-abc7d6e2ad2a	3	128710182	132198641	2009	-0.3714
3c8a901a-645d-401d-938b-abc7d6e2ad2a	3	132199127	132270020	67	-0.5246
3c8a901a-645d-401d-938b-abc7d6e2ad2a	3	132270041	132273929	5	0.7308
3c8a901a-645d-401d-938b-abc7d6e2ad2a	3	132274392	139328068	4088	-0.4079
3c8a901a-645d-401d-938b-abc7d6e2ad2a	3	139330733	140290897	735	0.2157
3c8a901a-645d-401d-938b-abc7d6e2ad2a	3	140292314	140293742	3	-0.8849
3c8a901a-645d-401d-938b-abc7d6e2ad2a	3	140294190	140823697	445	0.2379
3c8a901a-645d-401d-938b-abc7d6e2ad2a	3	140826859	140828142	2	-2.8778
3c8a901a-645d-401d-938b-abc7d6e2ad2a	3	140841776	146668345	3653	0.2462
3c8a901a-645d-401d-938b-abc7d6e2ad2a	3	146674197	148110159	773	0.327
3c8a901a-645d-401d-938b-abc7d6e2ad2a	3	148110197	151385337	2105	0.2414
3c8a901a-645d-401d-938b-abc7d6e2ad2a	3	151386265	151391177	3	-1.2766
3c8a901a-645d-401d-938b-abc7d6e2ad2a	3	151391497	155733486	2659	0.2581
3c8a901a-645d-401d-938b-abc7d6e2ad2a	3	155733873	155772634	29	-0.249
3c8a901a-645d-401d-938b-abc7d6e2ad2a	3	155772672	162788742	4270	0.2495
3c8a901a-645d-401d-938b-abc7d6e2ad2a	3	162790390	162810842	16	1.0374
3c8a901a-645d-401d-938b-abc7d6e2ad2a	3	162812527	162822702	9	0.046
3c8a901a-645d-401d-938b-abc7d6e2ad2a	3	162827928	162898127	42	0.9203
3c8a901a-645d-401d-938b-abc7d6e2ad2a	3	162906054	162996729	78	0.3196
3c8a901a-645d-401d-938b-abc7d6e2ad2a	3	162999939	163001774	2	-3.0712
3c8a901a-645d-401d-938b-abc7d6e2ad2a	3	163008371	165411253	1328	0.2845
3c8a901a-645d-401d-938b-abc7d6e2ad2a	3	165411694	165411750	2	-1.4156
3c8a901a-645d-401d-938b-abc7d6e2ad2a	3	165411778	169012392	2027	0.2756
3c8a901a-645d-401d-938b-abc7d6e2ad2a	3	169015614	169020840	2	-1.7597
3c8a901a-645d-401d-938b-abc7d6e2ad2a	3	169022039	174526753	3572	0.2512
3c8a901a-645d-401d-938b-abc7d6e2ad2a	3	174531339	174840955	196	-0.1087
3c8a901a-645d-401d-938b-abc7d6e2ad2a	3	174841621	175072628	162	0.2471
3c8a901a-645d-401d-938b-abc7d6e2ad2a	3	175075974	175331505	216	0.0486
3c8a901a-645d-401d-938b-abc7d6e2ad2a	3	175333326	183144710	4654	0.2515
3c8a901a-645d-401d-938b-abc7d6e2ad2a	3	183145096	186271710	1816	0.1887
3c8a901a-645d-401d-938b-abc7d6e2ad2a	3	186271848	193160113	5048	0.2474
3c8a901a-645d-401d-938b-abc7d6e2ad2a	3	193160173	193165114	19	-1.361
3c8a901a-645d-401d-938b-abc7d6e2ad2a	3	193168646	194093059	634	0.2353
3c8a901a-645d-401d-938b-abc7d6e2ad2a	3	194095020	195691392	848	0.4356
3c8a901a-645d-401d-938b-abc7d6e2ad2a	3	195695418	195747892	38	-0.0869
3c8a901a-645d-401d-938b-abc7d6e2ad2a	3	195751823	198169247	1163	0.4016
3c8a901a-645d-401d-938b-abc7d6e2ad2a	4	68929	2422515	888	-0.0718
3c8a901a-645d-401d-938b-abc7d6e2ad2a	4	2424915	2492512	38	0.2872
3c8a901a-645d-401d-938b-abc7d6e2ad2a	4	2492975	10208766	4759	-0.0693
3c8a901a-645d-401d-938b-abc7d6e2ad2a	4	10221792	10228533	18	-0.563
3c8a901a-645d-401d-938b-abc7d6e2ad2a	4	10228870	13096486	2377	-0.0214
3c8a901a-645d-401d-938b-abc7d6e2ad2a	4	13096604	13232410	100	-0.4121
3c8a901a-645d-401d-938b-abc7d6e2ad2a	4	13235225	26287196	9232	-0.0512
3c8a901a-645d-401d-938b-abc7d6e2ad2a	4	26290363	26293552	3	-1.387
3c8a901a-645d-401d-938b-abc7d6e2ad2a	4	26297503	29907724	2344	-0.0183
3c8a901a-645d-401d-938b-abc7d6e2ad2a	4	29912975	29922127	3	-1.4004
3c8a901a-645d-401d-938b-abc7d6e2ad2a	4	29924619	34777432	2875	-0.0195
3c8a901a-645d-401d-938b-abc7d6e2ad2a	4	34784878	34828250	39	-2.3967
3c8a901a-645d-401d-938b-abc7d6e2ad2a	4	34828291	36012790	768	-0.0055
3c8a901a-645d-401d-938b-abc7d6e2ad2a	4	36013359	36013896	4	-1.8814
3c8a901a-645d-401d-938b-abc7d6e2ad2a	4	36015896	37560748	1114	-0.0112
3c8a901a-645d-401d-938b-abc7d6e2ad2a	4	37560908	40802617	2033	-0.0898
3c8a901a-645d-401d-938b-abc7d6e2ad2a	4	40808646	49091769	5004	-0.5052
3c8a901a-645d-401d-938b-abc7d6e2ad2a	4	49112078	61818832	6457	-0.0405
3c8a901a-645d-401d-938b-abc7d6e2ad2a	4	61821238	61951513	75	-0.3664
3c8a901a-645d-401d-938b-abc7d6e2ad2a	4	61952750	68494770	3915	-0.0192
3c8a901a-645d-401d-938b-abc7d6e2ad2a	4	68501424	68623617	67	0.5342
3c8a901a-645d-401d-938b-abc7d6e2ad2a	4	68639397	69123281	246	0.0301
3c8a901a-645d-401d-938b-abc7d6e2ad2a	4	69123355	69421960	148	0.2522
3c8a901a-645d-401d-938b-abc7d6e2ad2a	4	69422116	75856110	3855	-0.0356
3c8a901a-645d-401d-938b-abc7d6e2ad2a	4	75856722	75860024	3	-1.3366
3c8a901a-645d-401d-938b-abc7d6e2ad2a	4	75861346	76872087	714	-0.0706
3c8a901a-645d-401d-938b-abc7d6e2ad2a	4	76872183	76872625	5	-1.0697
3c8a901a-645d-401d-938b-abc7d6e2ad2a	4	76872676	91148753	8932	-0.0408
3c8a901a-645d-401d-938b-abc7d6e2ad2a	4	91152891	91159466	7	-0.9841
3c8a901a-645d-401d-938b-abc7d6e2ad2a	4	91160414	121360818	18020	-0.0328
3c8a901a-645d-401d-938b-abc7d6e2ad2a	4	121361313	121363980	28	-0.5991
3c8a901a-645d-401d-938b-abc7d6e2ad2a	4	121369976	130966636	5526	-0.0303
3c8a901a-645d-401d-938b-abc7d6e2ad2a	4	130968990	131389455	205	0.1205
3c8a901a-645d-401d-938b-abc7d6e2ad2a	4	131389612	137017211	2989	-0.0259
3c8a901a-645d-401d-938b-abc7d6e2ad2a	4	137017324	137027745	26	0.426
3c8a901a-645d-401d-938b-abc7d6e2ad2a	4	137027974	137601982	432	0.0008
3c8a901a-645d-401d-938b-abc7d6e2ad2a	4	137602944	159661134	13447	-0.059
3c8a901a-645d-401d-938b-abc7d6e2ad2a	4	159667491	160958989	889	-0.0039
3c8a901a-645d-401d-938b-abc7d6e2ad2a	4	160959045	160963432	16	-1.1127
3c8a901a-645d-401d-938b-abc7d6e2ad2a	4	160963448	171448195	6643	-0.0361
3c8a901a-645d-401d-938b-abc7d6e2ad2a	4	171453733	171456573	11	2.087
3c8a901a-645d-401d-938b-abc7d6e2ad2a	4	171456625	172067997	397	-0.0268
3c8a901a-645d-401d-938b-abc7d6e2ad2a	4	172068015	172068382	11	1.0655
3c8a901a-645d-401d-938b-abc7d6e2ad2a	4	172074828	172358346	145	-0.0072
3c8a901a-645d-401d-938b-abc7d6e2ad2a	4	172359263	172451581	57	0.1986
3c8a901a-645d-401d-938b-abc7d6e2ad2a	4	172453892	173267063	432	-0.0362
3c8a901a-645d-401d-938b-abc7d6e2ad2a	4	173269071	173269073	2	-1.9911
3c8a901a-645d-401d-938b-abc7d6e2ad2a	4	173274350	180845575	4993	-0.0218
3c8a901a-645d-401d-938b-abc7d6e2ad2a	4	180846059	180971617	89	-0.3759
3c8a901a-645d-401d-938b-abc7d6e2ad2a	4	180973692	181157743	126	-0.1342
3c8a901a-645d-401d-938b-abc7d6e2ad2a	4	181158385	181363221	177	-0.4181
3c8a901a-645d-401d-938b-abc7d6e2ad2a	4	181363418	181374672	20	-1.0921
3c8a901a-645d-401d-938b-abc7d6e2ad2a	4	181374722	181596315	191	-0.4441
3c8a901a-645d-401d-938b-abc7d6e2ad2a	4	181596420	182159675	486	-0.0998
3c8a901a-645d-401d-938b-abc7d6e2ad2a	4	182160610	182766508	479	-0.561
3c8a901a-645d-401d-938b-abc7d6e2ad2a	4	182766636	183394556	382	-0.0432
3c8a901a-645d-401d-938b-abc7d6e2ad2a	4	183394571	188610798	3623	-0.1504
3c8a901a-645d-401d-938b-abc7d6e2ad2a	4	188611346	190106768	839	-0.0528
3c8a901a-645d-401d-938b-abc7d6e2ad2a	5	15532	348483	154	0.1925
3c8a901a-645d-401d-938b-abc7d6e2ad2a	5	351500	896700	217	0.4662
3c8a901a-645d-401d-938b-abc7d6e2ad2a	5	905586	908425	3	-1.2632
3c8a901a-645d-401d-938b-abc7d6e2ad2a	5	913276	9644374	7398	0.3245
3c8a901a-645d-401d-938b-abc7d6e2ad2a	5	9652317	9838010	159	0.0705
3c8a901a-645d-401d-938b-abc7d6e2ad2a	5	9839962	12791608	2216	0.3252
3c8a901a-645d-401d-938b-abc7d6e2ad2a	5	12800777	12826538	12	1.2033
3c8a901a-645d-401d-938b-abc7d6e2ad2a	5	12833745	15718383	1968	0.3117
3c8a901a-645d-401d-938b-abc7d6e2ad2a	5	15719113	15720488	11	-0.4427
3c8a901a-645d-401d-938b-abc7d6e2ad2a	5	15723237	16625482	635	0.3375
3c8a901a-645d-401d-938b-abc7d6e2ad2a	5	16627397	17213210	373	0.2163
3c8a901a-645d-401d-938b-abc7d6e2ad2a	5	17213223	20971826	2231	0.3534
3c8a901a-645d-401d-938b-abc7d6e2ad2a	5	20974716	21370468	229	-0.0228
3c8a901a-645d-401d-938b-abc7d6e2ad2a	5	21376735	24777997	1939	0.3125
3c8a901a-645d-401d-938b-abc7d6e2ad2a	5	24778267	24781719	15	-0.2941
3c8a901a-645d-401d-938b-abc7d6e2ad2a	5	24786817	32117224	4635	0.3213
3c8a901a-645d-401d-938b-abc7d6e2ad2a	5	32117939	32170181	33	0.7547
3c8a901a-645d-401d-938b-abc7d6e2ad2a	5	32170990	39554101	4842	0.2927
3c8a901a-645d-401d-938b-abc7d6e2ad2a	5	39557140	40698039	780	0.3683
3c8a901a-645d-401d-938b-abc7d6e2ad2a	5	40698424	45383300	2421	0.2981
3c8a901a-645d-401d-938b-abc7d6e2ad2a	5	45390579	45846169	190	0.4627
3c8a901a-645d-401d-938b-abc7d6e2ad2a	5	45853714	52274942	1171	0.3375
3c8a901a-645d-401d-938b-abc7d6e2ad2a	5	52276419	63381518	7493	0.2989
3c8a901a-645d-401d-938b-abc7d6e2ad2a	5	63383755	63904532	304	0.4172
3c8a901a-645d-401d-938b-abc7d6e2ad2a	5	63912416	89024119	14220	0.2991
3c8a901a-645d-401d-938b-abc7d6e2ad2a	5	89024591	90958609	1051	0.3594
3c8a901a-645d-401d-938b-abc7d6e2ad2a	5	90962023	90968655	8	2.1192
3c8a901a-645d-401d-938b-abc7d6e2ad2a	5	90976108	99500868	4767	0.3149
3c8a901a-645d-401d-938b-abc7d6e2ad2a	5	99504170	99504922	2	-2.5844
3c8a901a-645d-401d-938b-abc7d6e2ad2a	5	99508633	105498076	3604	0.3524
3c8a901a-645d-401d-938b-abc7d6e2ad2a	5	105498410	128256829	15216	0.306
3c8a901a-645d-401d-938b-abc7d6e2ad2a	5	128257355	128478181	135	0.0408
3c8a901a-645d-401d-938b-abc7d6e2ad2a	5	128481856	135104736	3785	0.292
3c8a901a-645d-401d-938b-abc7d6e2ad2a	5	135108650	135157540	51	0.0063
3c8a901a-645d-401d-938b-abc7d6e2ad2a	5	135162696	142996647	4558	0.2825
3c8a901a-645d-401d-938b-abc7d6e2ad2a	5	142998058	148203046	3480	0.3317
3c8a901a-645d-401d-938b-abc7d6e2ad2a	5	148203343	160925977	8712	0.2934
3c8a901a-645d-401d-938b-abc7d6e2ad2a	5	160926224	168021074	4698	0.3327
3c8a901a-645d-401d-938b-abc7d6e2ad2a	5	168021745	171909543	3000	0.2989
3c8a901a-645d-401d-938b-abc7d6e2ad2a	5	171913467	173995379	1515	0.2568
3c8a901a-645d-401d-938b-abc7d6e2ad2a	5	173995476	175946505	1482	0.3307
3c8a901a-645d-401d-938b-abc7d6e2ad2a	5	175960543	176042504	15	-0.2122
3c8a901a-645d-401d-938b-abc7d6e2ad2a	5	176043321	177771448	721	0.2535
3c8a901a-645d-401d-938b-abc7d6e2ad2a	5	177800550	177805604	3	4.4666
3c8a901a-645d-401d-938b-abc7d6e2ad2a	5	177827964	179624883	1033	0.3016
3c8a901a-645d-401d-938b-abc7d6e2ad2a	5	179625153	179669317	28	-0.1158
3c8a901a-645d-401d-938b-abc7d6e2ad2a	5	179669479	180947523	728	0.2754
3c8a901a-645d-401d-938b-abc7d6e2ad2a	5	180951710	181006225	20	0.8129
3c8a901a-645d-401d-938b-abc7d6e2ad2a	5	181006264	181363319	167	0.1656
3c8a901a-645d-401d-938b-abc7d6e2ad2a	6	149661	314962	128	-0.0309
3c8a901a-645d-401d-938b-abc7d6e2ad2a	6	315197	384109	77	-0.3167
3c8a901a-645d-401d-938b-abc7d6e2ad2a	6	384521	2701830	1901	-0.0291
3c8a901a-645d-401d-938b-abc7d6e2ad2a	6	2701887	2701901	2	-1.6517
3c8a901a-645d-401d-938b-abc7d6e2ad2a	6	2704200	7773736	4196	-0.0584
3c8a901a-645d-401d-938b-abc7d6e2ad2a	6	7775448	7932028	143	-0.469
3c8a901a-645d-401d-938b-abc7d6e2ad2a	6	7932105	10327265	1737	-0.0012
3c8a901a-645d-401d-938b-abc7d6e2ad2a	6	10327463	18403496	6001	-0.0516
3c8a901a-645d-401d-938b-abc7d6e2ad2a	6	18403821	19044471	535	0.0119
3c8a901a-645d-401d-938b-abc7d6e2ad2a	6	19044485	19044667	5	1.0683
3c8a901a-645d-401d-938b-abc7d6e2ad2a	6	19050511	23056049	2919	-0.0382
3c8a901a-645d-401d-938b-abc7d6e2ad2a	6	23057409	23064026	5	-1.2267
3c8a901a-645d-401d-938b-abc7d6e2ad2a	6	23067417	31309909	4594	-0.0275
3c8a901a-645d-401d-938b-abc7d6e2ad2a	6	31313046	31327629	7	-1.879
3c8a901a-645d-401d-938b-abc7d6e2ad2a	6	31328176	31483699	151	-0.1272
3c8a901a-645d-401d-938b-abc7d6e2ad2a	6	31488057	32156647	175	0.1758
3c8a901a-645d-401d-938b-abc7d6e2ad2a	6	32172710	32656527	232	-0.0699
3c8a901a-645d-401d-938b-abc7d6e2ad2a	6	32656814	32658841	5	-1.7537
3c8a901a-645d-401d-938b-abc7d6e2ad2a	6	32682835	32722250	44	0.0856
3c8a901a-645d-401d-938b-abc7d6e2ad2a	6	32723020	32723053	3	2.4236
3c8a901a-645d-401d-938b-abc7d6e2ad2a	6	32732907	36164007	1911	-0.0693
3c8a901a-645d-401d-938b-abc7d6e2ad2a	6	36166749	36598736	265	0.1886
3c8a901a-645d-401d-938b-abc7d6e2ad2a	6	36600356	54066353	11434	-0.0539
3c8a901a-645d-401d-938b-abc7d6e2ad2a	6	54066432	54067057	6	-1.3646
3c8a901a-645d-401d-938b-abc7d6e2ad2a	6	54070550	62213920	2966	-0.0236
3c8a901a-645d-401d-938b-abc7d6e2ad2a	6	62215737	62217987	3	-1.3204
3c8a901a-645d-401d-938b-abc7d6e2ad2a	6	62218399	64990651	1475	-0.0189
3c8a901a-645d-401d-938b-abc7d6e2ad2a	6	64993484	64994921	2	-1.7685
3c8a901a-645d-401d-938b-abc7d6e2ad2a	6	64995182	69463404	3051	-0.0094
3c8a901a-645d-401d-938b-abc7d6e2ad2a	6	69468568	69472244	3	-1.7423
3c8a901a-645d-401d-938b-abc7d6e2ad2a	6	69476380	69801793	189	-0.0622
3c8a901a-645d-401d-938b-abc7d6e2ad2a	6	69804858	78253172	5431	-0.3997
3c8a901a-645d-401d-938b-abc7d6e2ad2a	6	78259348	78317798	104	-1.7554
3c8a901a-645d-401d-938b-abc7d6e2ad2a	6	78318053	78325468	7	-1.066
3c8a901a-645d-401d-938b-abc7d6e2ad2a	6	78329517	93742993	9835	-0.4058
3c8a901a-645d-401d-938b-abc7d6e2ad2a	6	93743210	94965875	800	-0.2821
3c8a901a-645d-401d-938b-abc7d6e2ad2a	6	94970302	103286954	4769	-0.3802
3c8a901a-645d-401d-938b-abc7d6e2ad2a	6	103290101	103314186	45	0.2318
3c8a901a-645d-401d-938b-abc7d6e2ad2a	6	103317795	125861617	13836	-0.4063
3c8a901a-645d-401d-938b-abc7d6e2ad2a	6	125862546	125865630	3	-2.4567
3c8a901a-645d-401d-938b-abc7d6e2ad2a	6	125867747	144589526	11994	-0.4083
3c8a901a-645d-401d-938b-abc7d6e2ad2a	6	144590222	144596850	3	-2.3074
3c8a901a-645d-401d-938b-abc7d6e2ad2a	6	144597683	161624808	11679	-0.4155
3c8a901a-645d-401d-938b-abc7d6e2ad2a	6	161626217	161633122	8	-0.5559
3c8a901a-645d-401d-938b-abc7d6e2ad2a	6	161635622	161757457	126	-0.9588
3c8a901a-645d-401d-938b-abc7d6e2ad2a	6	161766105	162741028	827	-0.3947
3c8a901a-645d-401d-938b-abc7d6e2ad2a	6	162742079	170741917	5520	-0.5162
3c8a901a-645d-401d-938b-abc7d6e2ad2a	7	43355	3284401	1354	-0.0564
3c8a901a-645d-401d-938b-abc7d6e2ad2a	7	3285516	3558650	256	0.1176
3c8a901a-645d-401d-938b-abc7d6e2ad2a	7	3558949	5183185	1142	-0.026
3c8a901a-645d-401d-938b-abc7d6e2ad2a	7	5191325	5387497	78	0.2183
3c8a901a-645d-401d-938b-abc7d6e2ad2a	7	5396737	5404078	4	-0.2697
3c8a901a-645d-401d-938b-abc7d6e2ad2a	7	5404149	5541882	46	0.4271
3c8a901a-645d-401d-938b-abc7d6e2ad2a	7	5541963	5743859	95	0.6693
3c8a901a-645d-401d-938b-abc7d6e2ad2a	7	5744323	7239195	684	-0.0919
3c8a901a-645d-401d-938b-abc7d6e2ad2a	7	7239379	8410510	1066	0.0006
3c8a901a-645d-401d-938b-abc7d6e2ad2a	7	8410679	10485695	1680	0.0797
3c8a901a-645d-401d-938b-abc7d6e2ad2a	7	10489039	15392007	3939	-0.0054
3c8a901a-645d-401d-938b-abc7d6e2ad2a	7	15392045	15393664	2	-1.679
3c8a901a-645d-401d-938b-abc7d6e2ad2a	7	15394440	23399291	6375	0.0031
3c8a901a-645d-401d-938b-abc7d6e2ad2a	7	23400018	23428641	18	-0.7161
3c8a901a-645d-401d-938b-abc7d6e2ad2a	7	23430735	38263519	10544	-0.014
3c8a901a-645d-401d-938b-abc7d6e2ad2a	7	38263543	38319127	100	0.2599
3c8a901a-645d-401d-938b-abc7d6e2ad2a	7	38319355	39157755	627	0.0072
3c8a901a-645d-401d-938b-abc7d6e2ad2a	7	39157985	48879741	6307	-0.0317
3c8a901a-645d-401d-938b-abc7d6e2ad2a	7	48879815	55151449	4803	0.008
3c8a901a-645d-401d-938b-abc7d6e2ad2a	7	55151466	80627573	10120	-0.0623
3c8a901a-645d-401d-938b-abc7d6e2ad2a	7	80627793	88534253	4931	-0.0242
3c8a901a-645d-401d-938b-abc7d6e2ad2a	7	88539385	89911388	891	0.0655
3c8a901a-645d-401d-938b-abc7d6e2ad2a	7	89911433	91728135	1290	-0.0362
3c8a901a-645d-401d-938b-abc7d6e2ad2a	7	91728539	91729225	5	1.0605
3c8a901a-645d-401d-938b-abc7d6e2ad2a	7	91729456	94174868	1513	-0.0378
3c8a901a-645d-401d-938b-abc7d6e2ad2a	7	94175656	101318921	3741	-0.0685
3c8a901a-645d-401d-938b-abc7d6e2ad2a	7	101320594	101517777	98	-0.3419
3c8a901a-645d-401d-938b-abc7d6e2ad2a	7	101518256	108340932	4043	-0.0633
3c8a901a-645d-401d-938b-abc7d6e2ad2a	7	108345258	108653427	216	0.2808
3c8a901a-645d-401d-938b-abc7d6e2ad2a	7	108654613	109797623	730	-0.0459
3c8a901a-645d-401d-938b-abc7d6e2ad2a	7	109797700	109813853	21	-0.4899
3c8a901a-645d-401d-938b-abc7d6e2ad2a	7	109813925	128446458	11380	-0.0316
3c8a901a-645d-401d-938b-abc7d6e2ad2a	7	128446778	128745770	119	-0.2659
3c8a901a-645d-401d-938b-abc7d6e2ad2a	7	128748594	129217497	229	-0.0599
3c8a901a-645d-401d-938b-abc7d6e2ad2a	7	129218139	129251266	17	0.3469
3c8a901a-645d-401d-938b-abc7d6e2ad2a	7	129252298	129322530	35	-0.0812
3c8a901a-645d-401d-938b-abc7d6e2ad2a	7	129323002	129808494	228	0.2754
3c8a901a-645d-401d-938b-abc7d6e2ad2a	7	129812697	134100424	2693	-0.0492
3c8a901a-645d-401d-938b-abc7d6e2ad2a	7	134100442	134110881	25	-0.6724
3c8a901a-645d-401d-938b-abc7d6e2ad2a	7	134110912	135443540	1005	-0.0418
3c8a901a-645d-401d-938b-abc7d6e2ad2a	7	135446601	135447468	3	-1.1013
3c8a901a-645d-401d-938b-abc7d6e2ad2a	7	135447779	137889956	1604	-0.0374
3c8a901a-645d-401d-938b-abc7d6e2ad2a	7	137894151	140584525	1568	-0.1009
3c8a901a-645d-401d-938b-abc7d6e2ad2a	7	140587526	142069843	1008	-0.0353
3c8a901a-645d-401d-938b-abc7d6e2ad2a	7	142069880	142090383	30	-0.9035
3c8a901a-645d-401d-938b-abc7d6e2ad2a	7	142090403	148141192	3710	-0.002
3c8a901a-645d-401d-938b-abc7d6e2ad2a	7	148141518	152208204	2318	-0.0626
3c8a901a-645d-401d-938b-abc7d6e2ad2a	7	152208968	154598185	1575	-0.0159
3c8a901a-645d-401d-938b-abc7d6e2ad2a	7	154601461	154607903	4	-2.0334
3c8a901a-645d-401d-938b-abc7d6e2ad2a	7	154609120	159334314	3225	-0.0567
3c8a901a-645d-401d-938b-abc7d6e2ad2a	8	81254	2527015	1721	-0.0573
3c8a901a-645d-401d-938b-abc7d6e2ad2a	8	2527350	3305214	779	0.0228
3c8a901a-645d-401d-938b-abc7d6e2ad2a	8	3306621	3312562	7	-0.7632
3c8a901a-645d-401d-938b-abc7d6e2ad2a	8	3313072	3929538	829	0.0207
3c8a901a-645d-401d-938b-abc7d6e2ad2a	8	3929561	3932584	23	-1.0574
3c8a901a-645d-401d-938b-abc7d6e2ad2a	8	3933696	5718947	2586	0.0522
3c8a901a-645d-401d-938b-abc7d6e2ad2a	8	5718988	5719222	5	-0.8519
3c8a901a-645d-401d-938b-abc7d6e2ad2a	8	5721181	6182629	603	0.0624
3c8a901a-645d-401d-938b-abc7d6e2ad2a	8	6182984	13530477	5275	-0.0715
3c8a901a-645d-401d-938b-abc7d6e2ad2a	8	13530576	16984147	3190	-0.0045
3c8a901a-645d-401d-938b-abc7d6e2ad2a	8	16984298	22171155	4462	-0.0443
3c8a901a-645d-401d-938b-abc7d6e2ad2a	8	22172163	22608566	209	-0.191
3c8a901a-645d-401d-938b-abc7d6e2ad2a	8	22611590	25114672	1705	-0.0479
3c8a901a-645d-401d-938b-abc7d6e2ad2a	8	25116928	25126818	27	0.5468
3c8a901a-645d-401d-938b-abc7d6e2ad2a	8	25133589	25375178	165	-0.0298
3c8a901a-645d-401d-938b-abc7d6e2ad2a	8	25375190	25379813	6	-1.1996
3c8a901a-645d-401d-938b-abc7d6e2ad2a	8	25380024	38455399	8328	-0.0447
3c8a901a-645d-401d-938b-abc7d6e2ad2a	8	38455633	38992733	312	-0.1638
3c8a901a-645d-401d-938b-abc7d6e2ad2a	8	38994917	39373140	176	-0.0318
3c8a901a-645d-401d-938b-abc7d6e2ad2a	8	39378084	39529446	58	-2.0528
3c8a901a-645d-401d-938b-abc7d6e2ad2a	8	39530780	63936079	13606	-0.0407
3c8a901a-645d-401d-938b-abc7d6e2ad2a	8	63936340	63936561	6	1.408
3c8a901a-645d-401d-938b-abc7d6e2ad2a	8	63936953	78878602	8960	-0.0285
3c8a901a-645d-401d-938b-abc7d6e2ad2a	8	78878725	78924100	84	0.1767
3c8a901a-645d-401d-938b-abc7d6e2ad2a	8	78932636	108884441	17889	-0.0463
3c8a901a-645d-401d-938b-abc7d6e2ad2a	8	108887172	108888607	2	-1.9178
3c8a901a-645d-401d-938b-abc7d6e2ad2a	8	108888609	114622325	3134	-0.0175
3c8a901a-645d-401d-938b-abc7d6e2ad2a	8	114622424	114629502	33	-0.825
3c8a901a-645d-401d-938b-abc7d6e2ad2a	8	114638468	119859521	3564	-0.0311
3c8a901a-645d-401d-938b-abc7d6e2ad2a	8	119859955	120239280	245	-0.1654
3c8a901a-645d-401d-938b-abc7d6e2ad2a	8	120239800	127423578	4942	-0.0423
3c8a901a-645d-401d-938b-abc7d6e2ad2a	8	127425441	128068426	495	0.2782
3c8a901a-645d-401d-938b-abc7d6e2ad2a	8	128071213	136325237	6342	-0.0493
3c8a901a-645d-401d-938b-abc7d6e2ad2a	8	136325561	137297496	729	0.0171
3c8a901a-645d-401d-938b-abc7d6e2ad2a	8	137297673	137297713	2	-1.4259
3c8a901a-645d-401d-938b-abc7d6e2ad2a	8	137298455	138101642	698	0.0024
3c8a901a-645d-401d-938b-abc7d6e2ad2a	8	138101733	143624714	3460	-0.0704
3c8a901a-645d-401d-938b-abc7d6e2ad2a	8	143624808	143625638	3	-2.3185
3c8a901a-645d-401d-938b-abc7d6e2ad2a	8	143636819	143703244	37	-0.1746
3c8a901a-645d-401d-938b-abc7d6e2ad2a	8	143705094	144284502	143	0.2476
3c8a901a-645d-401d-938b-abc7d6e2ad2a	8	144284925	145072769	320	-0.1258
3c8a901a-645d-401d-938b-abc7d6e2ad2a	9	46587	671099	643	-0.1303
3c8a901a-645d-401d-938b-abc7d6e2ad2a	9	671141	6328947	5430	-0.0353
3c8a901a-645d-401d-938b-abc7d6e2ad2a	9	6330124	6695986	276	-0.1939
3c8a901a-645d-401d-938b-abc7d6e2ad2a	9	6701145	6708357	7	-1.383
3c8a901a-645d-401d-938b-abc7d6e2ad2a	9	6712314	6990926	230	-0.1081
3c8a901a-645d-401d-938b-abc7d6e2ad2a	9	6993701	6993827	3	-1.3568
3c8a901a-645d-401d-938b-abc7d6e2ad2a	9	6993848	9261737	2218	-0.0249
3c8a901a-645d-401d-938b-abc7d6e2ad2a	9	9261784	10403105	1120	0.0371
3c8a901a-645d-401d-938b-abc7d6e2ad2a	9	10404138	10404986	2	1.5411
3c8a901a-645d-401d-938b-abc7d6e2ad2a	9	10407943	12612627	1770	0.0401
3c8a901a-645d-401d-938b-abc7d6e2ad2a	9	12612658	28039236	12165	-0.0437
3c8a901a-645d-401d-938b-abc7d6e2ad2a	9	28039638	32116755	2932	0.0153
3c8a901a-645d-401d-938b-abc7d6e2ad2a	9	32116812	33939714	1266	-0.0529
3c8a901a-645d-401d-938b-abc7d6e2ad2a	9	33940197	34360565	183	0.2437
3c8a901a-645d-401d-938b-abc7d6e2ad2a	9	34365274	41570345	2896	-0.0559
3c8a901a-645d-401d-938b-abc7d6e2ad2a	9	41570676	42524983	55	0.2926
3c8a901a-645d-401d-938b-abc7d6e2ad2a	9	42546668	61405110	58	-0.1168
3c8a901a-645d-401d-938b-abc7d6e2ad2a	9	61520021	61647899	30	-1.2932
3c8a901a-645d-401d-938b-abc7d6e2ad2a	9	61665362	63592813	45	0.0129
3c8a901a-645d-401d-938b-abc7d6e2ad2a	9	63614182	64510407	58	0.2603
3c8a901a-645d-401d-938b-abc7d6e2ad2a	9	64520620	67770392	59	-0.0494
3c8a901a-645d-401d-938b-abc7d6e2ad2a	9	67832316	81089376	9338	0.2284
3c8a901a-645d-401d-938b-abc7d6e2ad2a	9	81092249	81095396	4	1.843
3c8a901a-645d-401d-938b-abc7d6e2ad2a	9	81096745	98563775	11810	0.2248
3c8a901a-645d-401d-938b-abc7d6e2ad2a	9	98564766	99273206	551	0.571
3c8a901a-645d-401d-938b-abc7d6e2ad2a	9	99273489	101623531	1447	0.2416
3c8a901a-645d-401d-938b-abc7d6e2ad2a	9	101623591	104134975	1835	0.3025
3c8a901a-645d-401d-938b-abc7d6e2ad2a	9	104137684	129349667	17923	0.2287
3c8a901a-645d-401d-938b-abc7d6e2ad2a	9	129354686	129848337	245	-0.0988
3c8a901a-645d-401d-938b-abc7d6e2ad2a	9	129848717	129851976	8	-0.5802
3c8a901a-645d-401d-938b-abc7d6e2ad2a	9	129852028	129852133	2	-1.7904
3c8a901a-645d-401d-938b-abc7d6e2ad2a	9	129852157	131079767	834	-0.0691
3c8a901a-645d-401d-938b-abc7d6e2ad2a	9	131079889	131650236	342	0.265
3c8a901a-645d-401d-938b-abc7d6e2ad2a	9	131650689	133132621	1053	-0.0216
3c8a901a-645d-401d-938b-abc7d6e2ad2a	9	133134790	138200944	2380	0.2232
3c8a901a-645d-401d-938b-abc7d6e2ad2a	10	45792	1361770	779	0.2182
3c8a901a-645d-401d-938b-abc7d6e2ad2a	10	1362119	2881116	1516	0.3203
3c8a901a-645d-401d-938b-abc7d6e2ad2a	10	2882266	7933216	4518	0.2472
3c8a901a-645d-401d-938b-abc7d6e2ad2a	10	7934101	8406314	373	-0.0765
3c8a901a-645d-401d-938b-abc7d6e2ad2a	10	8406430	11755676	2774	-0.004
3c8a901a-645d-401d-938b-abc7d6e2ad2a	10	11756085	17885034	4837	-0.0563
3c8a901a-645d-401d-938b-abc7d6e2ad2a	10	17896194	17907840	2	-1.9167
3c8a901a-645d-401d-938b-abc7d6e2ad2a	10	17910884	24086334	4322	-0.0483
3c8a901a-645d-401d-938b-abc7d6e2ad2a	10	24088745	24089125	11	1.1529
3c8a901a-645d-401d-938b-abc7d6e2ad2a	10	24089979	30957581	5003	-0.045
3c8a901a-645d-401d-938b-abc7d6e2ad2a	10	30962405	30962797	9	-0.815
3c8a901a-645d-401d-938b-abc7d6e2ad2a	10	30962809	34206361	2213	-0.0528
3c8a901a-645d-401d-938b-abc7d6e2ad2a	10	34207623	34978837	489	-0.1636
3c8a901a-645d-401d-938b-abc7d6e2ad2a	10	34978882	54817288	10028	-0.0306
3c8a901a-645d-401d-938b-abc7d6e2ad2a	10	54819170	67489652	8832	0.3173
3c8a901a-645d-401d-938b-abc7d6e2ad2a	10	67492583	79075970	7450	0.2672
3c8a901a-645d-401d-938b-abc7d6e2ad2a	10	79076111	80540091	777	0.1622
3c8a901a-645d-401d-938b-abc7d6e2ad2a	10	80540237	90630971	7172	0.2416
3c8a901a-645d-401d-938b-abc7d6e2ad2a	10	90637387	100823981	6270	0.2849
3c8a901a-645d-401d-938b-abc7d6e2ad2a	10	100824905	128611964	19485	0.2364
3c8a901a-645d-401d-938b-abc7d6e2ad2a	10	128613896	131345693	2285	0.2842
3c8a901a-645d-401d-938b-abc7d6e2ad2a	10	131348731	132938407	890	0.2231
3c8a901a-645d-401d-938b-abc7d6e2ad2a	10	132938903	133654968	308	0.445
3c8a901a-645d-401d-938b-abc7d6e2ad2a	11	198510	5757293	3210	0.2334
3c8a901a-645d-401d-938b-abc7d6e2ad2a	11	5761695	5791130	44	0.5818
3c8a901a-645d-401d-938b-abc7d6e2ad2a	11	5794956	6083012	232	0.3419
3c8a901a-645d-401d-938b-abc7d6e2ad2a	11	6083337	6106296	15	0.5959
3c8a901a-645d-401d-938b-abc7d6e2ad2a	11	6106746	18919323	9116	0.2328
3c8a901a-645d-401d-938b-abc7d6e2ad2a	11	18927525	18940441	45	1.1296
3c8a901a-645d-401d-938b-abc7d6e2ad2a	11	18940469	31371747	9038	0.2546
3c8a901a-645d-401d-938b-abc7d6e2ad2a	11	31372721	31375533	2	-2.4971
3c8a901a-645d-401d-938b-abc7d6e2ad2a	11	31376660	36940588	4204	0.2485
3c8a901a-645d-401d-938b-abc7d6e2ad2a	11	36940941	37111986	129	0.4295
3c8a901a-645d-401d-938b-abc7d6e2ad2a	11	37112148	37112350	2	-2.0987
3c8a901a-645d-401d-938b-abc7d6e2ad2a	11	37112498	37650804	349	0.3992
3c8a901a-645d-401d-938b-abc7d6e2ad2a	11	37650941	40234201	1570	0.2814
3c8a901a-645d-401d-938b-abc7d6e2ad2a	11	40236150	40415485	133	-0.3223
3c8a901a-645d-401d-938b-abc7d6e2ad2a	11	40415660	40736377	211	-0.0309
3c8a901a-645d-401d-938b-abc7d6e2ad2a	11	40736708	47078521	4183	0.2489
3c8a901a-645d-401d-938b-abc7d6e2ad2a	11	47083624	47198243	29	0.5429
3c8a901a-645d-401d-938b-abc7d6e2ad2a	11	47203692	47210633	6	1.3504
3c8a901a-645d-401d-938b-abc7d6e2ad2a	11	47220795	47775620	229	0.423
3c8a901a-645d-401d-938b-abc7d6e2ad2a	11	47777521	49737435	854	0.2909
3c8a901a-645d-401d-938b-abc7d6e2ad2a	11	49738003	49739136	6	-0.5569
3c8a901a-645d-401d-938b-abc7d6e2ad2a	11	49744609	50699618	340	0.2451
3c8a901a-645d-401d-938b-abc7d6e2ad2a	11	50703640	55608804	391	-0.0532
3c8a901a-645d-401d-938b-abc7d6e2ad2a	11	55609022	55667651	36	-0.4964
3c8a901a-645d-401d-938b-abc7d6e2ad2a	11	55670243	55685533	15	-0.18
3c8a901a-645d-401d-938b-abc7d6e2ad2a	11	55686100	56199715	364	0.0711
3c8a901a-645d-401d-938b-abc7d6e2ad2a	11	56199783	58078839	1116	-0.0713
3c8a901a-645d-401d-938b-abc7d6e2ad2a	11	58079238	60694023	1573	-0.0141
3c8a901a-645d-401d-938b-abc7d6e2ad2a	11	60694230	62747328	1110	-0.104
3c8a901a-645d-401d-938b-abc7d6e2ad2a	11	62747409	62773817	12	0.458
3c8a901a-645d-401d-938b-abc7d6e2ad2a	11	62776522	63320389	291	-0.0311
3c8a901a-645d-401d-938b-abc7d6e2ad2a	11	63320479	63321682	3	-1.1784
3c8a901a-645d-401d-938b-abc7d6e2ad2a	11	63322342	64105555	343	-0.0797
3c8a901a-645d-401d-938b-abc7d6e2ad2a	11	64107471	64169789	37	0.3027
3c8a901a-645d-401d-938b-abc7d6e2ad2a	11	64170477	68003122	1426	-0.0885
3c8a901a-645d-401d-938b-abc7d6e2ad2a	11	68003149	68341463	164	0.1596
3c8a901a-645d-401d-938b-abc7d6e2ad2a	11	68346256	71649989	1845	-0.07
3c8a901a-645d-401d-938b-abc7d6e2ad2a	11	71652965	72337482	287	0.1866
3c8a901a-645d-401d-938b-abc7d6e2ad2a	11	72337954	73096717	343	-0.0581
3c8a901a-645d-401d-938b-abc7d6e2ad2a	11	73100223	73235263	71	0.2502
3c8a901a-645d-401d-938b-abc7d6e2ad2a	11	73238498	75441986	1187	-0.0641
3c8a901a-645d-401d-938b-abc7d6e2ad2a	11	75445062	76769526	753	-0.1578
3c8a901a-645d-401d-938b-abc7d6e2ad2a	11	76772752	77345281	301	0.1497
3c8a901a-645d-401d-938b-abc7d6e2ad2a	11	77347614	77755377	209	-0.0906
3c8a901a-645d-401d-938b-abc7d6e2ad2a	11	77757737	78167156	204	0.236
3c8a901a-645d-401d-938b-abc7d6e2ad2a	11	78170065	83277297	3872	-0.0465
3c8a901a-645d-401d-938b-abc7d6e2ad2a	11	83278087	83452561	77	-0.2905
3c8a901a-645d-401d-938b-abc7d6e2ad2a	11	83453262	84661856	821	-0.0622
3c8a901a-645d-401d-938b-abc7d6e2ad2a	11	84662477	85155569	385	0.0613
3c8a901a-645d-401d-938b-abc7d6e2ad2a	11	85156063	107778084	15774	-0.0632
3c8a901a-645d-401d-938b-abc7d6e2ad2a	11	107783017	107800464	14	0.5538
3c8a901a-645d-401d-938b-abc7d6e2ad2a	11	107800802	126939299	13284	-0.0728
3c8a901a-645d-401d-938b-abc7d6e2ad2a	11	126942628	128730855	1509	-0.0172
3c8a901a-645d-401d-938b-abc7d6e2ad2a	11	128732530	131163834	1661	-0.0603
3c8a901a-645d-401d-938b-abc7d6e2ad2a	11	131164142	131168093	4	-1.9385
3c8a901a-645d-401d-938b-abc7d6e2ad2a	11	131169787	134731897	2808	-0.0417
3c8a901a-645d-401d-938b-abc7d6e2ad2a	11	134732386	134734098	3	-2.0284
3c8a901a-645d-401d-938b-abc7d6e2ad2a	11	134737977	135074876	281	-0.0345
3c8a901a-645d-401d-938b-abc7d6e2ad2a	12	51460	175888	69	0.0334
3c8a901a-645d-401d-938b-abc7d6e2ad2a	12	178770	707582	330	0.2854
3c8a901a-645d-401d-938b-abc7d6e2ad2a	12	712633	760032	20	-0.0091
3c8a901a-645d-401d-938b-abc7d6e2ad2a	12	760097	764863	15	-1.2896
3c8a901a-645d-401d-938b-abc7d6e2ad2a	12	766188	2126010	825	-0.0203
3c8a901a-645d-401d-938b-abc7d6e2ad2a	12	2126462	2148754	43	-0.4104
3c8a901a-645d-401d-938b-abc7d6e2ad2a	12	2148857	7618968	3932	0.0299
3c8a901a-645d-401d-938b-abc7d6e2ad2a	12	7620954	8409838	351	-0.1103
3c8a901a-645d-401d-938b-abc7d6e2ad2a	12	8410039	9477960	565	0.0323
3c8a901a-645d-401d-938b-abc7d6e2ad2a	12	9481274	9575696	23	-1.5539
3c8a901a-645d-401d-938b-abc7d6e2ad2a	12	9582373	10836888	894	0.0882
3c8a901a-645d-401d-938b-abc7d6e2ad2a	12	10836935	33015704	15529	0.0278
3c8a901a-645d-401d-938b-abc7d6e2ad2a	12	33019652	34701563	909	0.0911
3c8a901a-645d-401d-938b-abc7d6e2ad2a	12	37463949	49085029	6860	-0.3882
3c8a901a-645d-401d-938b-abc7d6e2ad2a	12	49086185	49639043	209	0.2819
3c8a901a-645d-401d-938b-abc7d6e2ad2a	12	49640751	50723165	506	0.0114
3c8a901a-645d-401d-938b-abc7d6e2ad2a	12	50725207	50879201	86	-0.4238
3c8a901a-645d-401d-938b-abc7d6e2ad2a	12	50880439	51190364	174	0.0092
3c8a901a-645d-401d-938b-abc7d6e2ad2a	12	51194843	51341238	75	0.3513
3c8a901a-645d-401d-938b-abc7d6e2ad2a	12	51341962	51351694	6	-0.1225
3c8a901a-645d-401d-938b-abc7d6e2ad2a	12	51351906	51437965	54	0.3061
3c8a901a-645d-401d-938b-abc7d6e2ad2a	12	51439934	53032615	1184	0.0347
3c8a901a-645d-401d-938b-abc7d6e2ad2a	12	53038968	53322662	136	-0.4777
3c8a901a-645d-401d-938b-abc7d6e2ad2a	12	53328314	61502692	4749	0.0344
3c8a901a-645d-401d-938b-abc7d6e2ad2a	12	61503364	61503596	2	-1.7454
3c8a901a-645d-401d-938b-abc7d6e2ad2a	12	61503633	70478078	5867	0.0368
3c8a901a-645d-401d-938b-abc7d6e2ad2a	12	70478895	70483970	5	-1.1078
3c8a901a-645d-401d-938b-abc7d6e2ad2a	12	70483985	74872880	2695	0.0605
3c8a901a-645d-401d-938b-abc7d6e2ad2a	12	74881332	74884665	3	-1.313
3c8a901a-645d-401d-938b-abc7d6e2ad2a	12	74885069	112014287	23762	0.0368
3c8a901a-645d-401d-938b-abc7d6e2ad2a	12	112016155	112177734	62	0.3604
3c8a901a-645d-401d-938b-abc7d6e2ad2a	12	112179648	114551216	1807	0.0342
3c8a901a-645d-401d-938b-abc7d6e2ad2a	12	114555531	114989053	295	0.3833
3c8a901a-645d-401d-938b-abc7d6e2ad2a	12	114991624	118130119	2462	0.0338
3c8a901a-645d-401d-938b-abc7d6e2ad2a	12	118135862	120442769	1454	0.3061
3c8a901a-645d-401d-938b-abc7d6e2ad2a	12	120449406	120969675	294	0.8306
3c8a901a-645d-401d-938b-abc7d6e2ad2a	12	120982517	124301945	1543	0.2993
3c8a901a-645d-401d-938b-abc7d6e2ad2a	12	124305004	124723953	248	0.2029
3c8a901a-645d-401d-938b-abc7d6e2ad2a	12	124729524	124842793	92	-0.0087
3c8a901a-645d-401d-938b-abc7d6e2ad2a	12	124842806	125074017	145	0.1697
3c8a901a-645d-401d-938b-abc7d6e2ad2a	12	125074062	133201603	6233	0.3269
3c8a901a-645d-401d-938b-abc7d6e2ad2a	13	18452809	22931933	2748	-0.5199
3c8a901a-645d-401d-938b-abc7d6e2ad2a	13	22945791	24373203	1177	0.0605
3c8a901a-645d-401d-938b-abc7d6e2ad2a	13	24380815	52485081	19357	-0.5037
3c8a901a-645d-401d-938b-abc7d6e2ad2a	13	52497017	52586099	19	-1.1958
3c8a901a-645d-401d-938b-abc7d6e2ad2a	13	52599178	52987035	249	-0.544
3c8a901a-645d-401d-938b-abc7d6e2ad2a	13	52987433	69646025	9913	-0.4596
3c8a901a-645d-401d-938b-abc7d6e2ad2a	13	69647811	70160420	317	-0.5381
3c8a901a-645d-401d-938b-abc7d6e2ad2a	13	70161932	70198262	46	-1.0807
3c8a901a-645d-401d-938b-abc7d6e2ad2a	13	70198634	75538564	3729	-0.4863
3c8a901a-645d-401d-938b-abc7d6e2ad2a	13	75539684	75552395	13	0.3983
3c8a901a-645d-401d-938b-abc7d6e2ad2a	13	75554598	95279756	12691	-0.4855
3c8a901a-645d-401d-938b-abc7d6e2ad2a	13	95281406	95395451	93	-0.7881
3c8a901a-645d-401d-938b-abc7d6e2ad2a	13	95398673	100788248	3335	-0.525
3c8a901a-645d-401d-938b-abc7d6e2ad2a	13	100790273	106196025	4500	-0.4635
3c8a901a-645d-401d-938b-abc7d6e2ad2a	13	106197864	114342922	5666	-0.5178
3c8a901a-645d-401d-938b-abc7d6e2ad2a	14	18239283	21840190	1414	-0.0334
3c8a901a-645d-401d-938b-abc7d6e2ad2a	14	21840629	22508264	609	0.1975
3c8a901a-645d-401d-938b-abc7d6e2ad2a	14	22508844	26294421	2423	-0.0542
3c8a901a-645d-401d-938b-abc7d6e2ad2a	14	26300516	26300519	3	1.2158
3c8a901a-645d-401d-938b-abc7d6e2ad2a	14	26300708	29844841	2062	-0.0184
3c8a901a-645d-401d-938b-abc7d6e2ad2a	14	29844953	29925860	38	-0.3741
3c8a901a-645d-401d-938b-abc7d6e2ad2a	14	29930218	37501361	4935	-0.0526
3c8a901a-645d-401d-938b-abc7d6e2ad2a	14	37501487	41139155	2211	0.0091
3c8a901a-645d-401d-938b-abc7d6e2ad2a	14	41141293	41188146	15	-0.8608
3c8a901a-645d-401d-938b-abc7d6e2ad2a	14	41200899	46459285	3045	0.0061
3c8a901a-645d-401d-938b-abc7d6e2ad2a	14	46459426	67461586	13314	-0.0467
3c8a901a-645d-401d-938b-abc7d6e2ad2a	14	67462037	73540003	4003	-0.3998
3c8a901a-645d-401d-938b-abc7d6e2ad2a	14	73540147	73563196	8	0.778
3c8a901a-645d-401d-938b-abc7d6e2ad2a	14	73563211	73987898	218	-0.4403
3c8a901a-645d-401d-938b-abc7d6e2ad2a	14	73988657	93140066	12582	-0.042
3c8a901a-645d-401d-938b-abc7d6e2ad2a	14	93141147	93163509	20	-0.6153
3c8a901a-645d-401d-938b-abc7d6e2ad2a	14	93163614	96617225	2538	-0.0596
3c8a901a-645d-401d-938b-abc7d6e2ad2a	14	96619973	99173774	2183	-0.006
3c8a901a-645d-401d-938b-abc7d6e2ad2a	14	99176449	105812977	3089	-0.0557
3c8a901a-645d-401d-938b-abc7d6e2ad2a	14	105813060	106683696	358	0.1187
3c8a901a-645d-401d-938b-abc7d6e2ad2a	14	106683806	106877229	95	-0.0283
3c8a901a-645d-401d-938b-abc7d6e2ad2a	15	19811075	20364698	77	-0.0457
3c8a901a-645d-401d-938b-abc7d6e2ad2a	15	20367363	20373168	11	0.5248
3c8a901a-645d-401d-938b-abc7d6e2ad2a	15	20376198	20381704	17	-0.2793
3c8a901a-645d-401d-938b-abc7d6e2ad2a	15	20384774	22395047	103	0.6005
3c8a901a-645d-401d-938b-abc7d6e2ad2a	15	22413894	23444447	332	-0.1745
3c8a901a-645d-401d-938b-abc7d6e2ad2a	15	23448370	28251125	3408	-0.0104
3c8a901a-645d-401d-938b-abc7d6e2ad2a	15	28255018	28970941	110	-0.5472
3c8a901a-645d-401d-938b-abc7d6e2ad2a	15	28976058	31810953	1555	-0.0513
3c8a901a-645d-401d-938b-abc7d6e2ad2a	15	31811223	32323432	299	-0.4679
3c8a901a-645d-401d-938b-abc7d6e2ad2a	15	32339520	32381666	5	0.574
3c8a901a-645d-401d-938b-abc7d6e2ad2a	15	32382193	34847617	1817	-0.4905
3c8a901a-645d-401d-938b-abc7d6e2ad2a	15	34848778	36612744	1197	-0.0264
3c8a901a-645d-401d-938b-abc7d6e2ad2a	15	36616222	44009066	4333	-0.5005
3c8a901a-645d-401d-938b-abc7d6e2ad2a	15	44013073	44960631	405	-0.0467
3c8a901a-645d-401d-938b-abc7d6e2ad2a	15	44960858	45149322	67	-0.5047
3c8a901a-645d-401d-938b-abc7d6e2ad2a	15	45158844	46423897	776	-0.0326
3c8a901a-645d-401d-938b-abc7d6e2ad2a	15	46426092	46546498	76	-0.4818
3c8a901a-645d-401d-938b-abc7d6e2ad2a	15	46547723	48978623	1694	-0.0246
3c8a901a-645d-401d-938b-abc7d6e2ad2a	15	48979887	49468037	234	-0.4814
3c8a901a-645d-401d-938b-abc7d6e2ad2a	15	49468746	50100340	374	-0.0236
3c8a901a-645d-401d-938b-abc7d6e2ad2a	15	50103852	50167905	56	0.3603
3c8a901a-645d-401d-938b-abc7d6e2ad2a	15	50167969	53492691	2081	-0.052
3c8a901a-645d-401d-938b-abc7d6e2ad2a	15	53492794	53493082	6	-1.6898
3c8a901a-645d-401d-938b-abc7d6e2ad2a	15	53498050	54208912	561	-0.0151
3c8a901a-645d-401d-938b-abc7d6e2ad2a	15	54209281	54706566	346	-0.4553
3c8a901a-645d-401d-938b-abc7d6e2ad2a	15	54706997	55062372	308	-0.0029
3c8a901a-645d-401d-938b-abc7d6e2ad2a	15	55062790	55079219	2	-1.0824
3c8a901a-645d-401d-938b-abc7d6e2ad2a	15	55080380	55421584	191	-0.0574
3c8a901a-645d-401d-938b-abc7d6e2ad2a	15	55422265	58860176	2282	-0.5125
3c8a901a-645d-401d-938b-abc7d6e2ad2a	15	58862344	59510409	426	-0.039
3c8a901a-645d-401d-938b-abc7d6e2ad2a	15	59510557	62147258	2113	-0.5094
3c8a901a-645d-401d-938b-abc7d6e2ad2a	15	62149997	62453556	213	-0.0549
3c8a901a-645d-401d-938b-abc7d6e2ad2a	15	62457474	63869152	1012	-0.5292
3c8a901a-645d-401d-938b-abc7d6e2ad2a	15	63878900	64300323	245	-0.0813
3c8a901a-645d-401d-938b-abc7d6e2ad2a	15	64303172	74314483	6081	-0.5067
3c8a901a-645d-401d-938b-abc7d6e2ad2a	15	74319440	74568344	108	-0.0763
3c8a901a-645d-401d-938b-abc7d6e2ad2a	15	74568809	96716901	14602	-0.4947
3c8a901a-645d-401d-938b-abc7d6e2ad2a	15	96718128	96721448	6	-1.8201
3c8a901a-645d-401d-938b-abc7d6e2ad2a	15	96726551	97834682	803	-0.4775
3c8a901a-645d-401d-938b-abc7d6e2ad2a	15	97836887	97838532	2	-2.3338
3c8a901a-645d-401d-938b-abc7d6e2ad2a	15	97838751	101928837	2985	-0.5115
3c8a901a-645d-401d-938b-abc7d6e2ad2a	16	10777	1995746	734	-0.0999
3c8a901a-645d-401d-938b-abc7d6e2ad2a	16	2011465	2656794	157	0.2394
3c8a901a-645d-401d-938b-abc7d6e2ad2a	16	2661864	3067383	164	-0.0898
3c8a901a-645d-401d-938b-abc7d6e2ad2a	16	3070117	3077652	4	-1.263
3c8a901a-645d-401d-938b-abc7d6e2ad2a	16	3083054	4127527	588	-0.0075
3c8a901a-645d-401d-938b-abc7d6e2ad2a	16	4128472	5166717	573	-0.0923
3c8a901a-645d-401d-938b-abc7d6e2ad2a	16	5170093	5557889	394	-0.004
3c8a901a-645d-401d-938b-abc7d6e2ad2a	16	5558088	5558150	2	-1.4947
3c8a901a-645d-401d-938b-abc7d6e2ad2a	16	5558336	6709256	1390	0.0189
3c8a901a-645d-401d-938b-abc7d6e2ad2a	16	6711164	6839315	176	-0.3489
3c8a901a-645d-401d-938b-abc7d6e2ad2a	16	6840528	8783734	2167	-0.0045
3c8a901a-645d-401d-938b-abc7d6e2ad2a	16	8786703	9169195	235	-0.179
3c8a901a-645d-401d-938b-abc7d6e2ad2a	16	9169880	10225962	1126	0.021
3c8a901a-645d-401d-938b-abc7d6e2ad2a	16	10227145	12821398	1980	-0.052
3c8a901a-645d-401d-938b-abc7d6e2ad2a	16	12824373	13252170	321	0.0054
3c8a901a-645d-401d-938b-abc7d6e2ad2a	16	13252809	13257953	3	-0.9555
3c8a901a-645d-401d-938b-abc7d6e2ad2a	16	13258325	13782775	486	0.0297
3c8a901a-645d-401d-938b-abc7d6e2ad2a	16	13782873	14369283	408	0.2858
3c8a901a-645d-401d-938b-abc7d6e2ad2a	16	14369597	16743769	829	-0.1879
3c8a901a-645d-401d-938b-abc7d6e2ad2a	16	16761504	17141747	271	-0.0504
3c8a901a-645d-401d-938b-abc7d6e2ad2a	16	17143360	17562754	324	-0.1381
3c8a901a-645d-401d-938b-abc7d6e2ad2a	16	17562785	19927671	1069	-0.0133
3c8a901a-645d-401d-938b-abc7d6e2ad2a	16	19928444	19935622	11	-0.4538
3c8a901a-645d-401d-938b-abc7d6e2ad2a	16	19935824	19954553	23	-1.5254
3c8a901a-645d-401d-938b-abc7d6e2ad2a	16	19956040	21401082	890	0.0168
3c8a901a-645d-401d-938b-abc7d6e2ad2a	16	21503753	22328545	339	-0.16
3c8a901a-645d-401d-938b-abc7d6e2ad2a	16	22330161	28061519	3928	-0.0042
3c8a901a-645d-401d-938b-abc7d6e2ad2a	16	28061661	31190876	942	-0.1023
3c8a901a-645d-401d-938b-abc7d6e2ad2a	16	31192208	34208816	457	0.0006
3c8a901a-645d-401d-938b-abc7d6e2ad2a	16	34209701	55762682	6845	0.243
3c8a901a-645d-401d-938b-abc7d6e2ad2a	16	55764310	55764867	3	4.4276
3c8a901a-645d-401d-938b-abc7d6e2ad2a	16	55770436	59010932	1975	0.2275
3c8a901a-645d-401d-938b-abc7d6e2ad2a	16	59011868	64703131	3723	0.2737
3c8a901a-645d-401d-938b-abc7d6e2ad2a	16	64703594	67593166	1901	0.217
3c8a901a-645d-401d-938b-abc7d6e2ad2a	16	67593732	68094324	167	0.4476
3c8a901a-645d-401d-938b-abc7d6e2ad2a	16	68095021	69212933	571	0.2539
3c8a901a-645d-401d-938b-abc7d6e2ad2a	16	69213066	69788777	261	0.7874
3c8a901a-645d-401d-938b-abc7d6e2ad2a	16	69789932	69863757	52	0.2963
3c8a901a-645d-401d-938b-abc7d6e2ad2a	16	69867203	69943532	54	0.5871
3c8a901a-645d-401d-938b-abc7d6e2ad2a	16	69954483	70468944	151	0.2444
3c8a901a-645d-401d-938b-abc7d6e2ad2a	16	70475964	75050025	2581	-0.0634
3c8a901a-645d-401d-938b-abc7d6e2ad2a	16	75050249	75381622	185	0.2985
3c8a901a-645d-401d-938b-abc7d6e2ad2a	16	75381877	75604076	106	-0.1694
3c8a901a-645d-401d-938b-abc7d6e2ad2a	16	75608965	77386992	1485	-0.0105
3c8a901a-645d-401d-938b-abc7d6e2ad2a	16	77387154	77387686	7	-1.3878
3c8a901a-645d-401d-938b-abc7d6e2ad2a	16	77388699	78338543	1029	-0.0568
3c8a901a-645d-401d-938b-abc7d6e2ad2a	16	78338714	78350841	15	0.6841
3c8a901a-645d-401d-938b-abc7d6e2ad2a	16	78350868	81106560	3164	-0.0281
3c8a901a-645d-401d-938b-abc7d6e2ad2a	16	81106921	81239570	146	-0.2415
3c8a901a-645d-401d-938b-abc7d6e2ad2a	16	81240780	83862696	2903	-0.02
3c8a901a-645d-401d-938b-abc7d6e2ad2a	16	83862769	85006055	982	-0.1617
3c8a901a-645d-401d-938b-abc7d6e2ad2a	16	85014437	85282544	193	0.3179
3c8a901a-645d-401d-938b-abc7d6e2ad2a	16	85285793	87291132	1894	-0.0351
3c8a901a-645d-401d-938b-abc7d6e2ad2a	16	87292123	87292507	2	-1.6059
3c8a901a-645d-401d-938b-abc7d6e2ad2a	16	87295937	89642611	1068	-0.0854
3c8a901a-645d-401d-938b-abc7d6e2ad2a	16	89642916	90096867	210	-0.6297
3c8a901a-645d-401d-938b-abc7d6e2ad2a	17	150733	373984	125	-0.4868
3c8a901a-645d-401d-938b-abc7d6e2ad2a	17	376174	431665	19	0.1173
3c8a901a-645d-401d-938b-abc7d6e2ad2a	17	434122	436153	7	-0.585
3c8a901a-645d-401d-938b-abc7d6e2ad2a	17	445940	499022	8	0.0902
3c8a901a-645d-401d-938b-abc7d6e2ad2a	17	507211	1601870	539	-0.5227
3c8a901a-645d-401d-938b-abc7d6e2ad2a	17	1603997	2174626	256	0.2163
3c8a901a-645d-401d-938b-abc7d6e2ad2a	17	2177992	2699545	345	-0.3362
3c8a901a-645d-401d-938b-abc7d6e2ad2a	17	2700689	2785812	38	0.1456
3c8a901a-645d-401d-938b-abc7d6e2ad2a	17	2787549	4361429	959	-0.314
3c8a901a-645d-401d-938b-abc7d6e2ad2a	17	4363164	4388755	8	0.0435
3c8a901a-645d-401d-938b-abc7d6e2ad2a	17	4391680	4411231	12	0.5669
3c8a901a-645d-401d-938b-abc7d6e2ad2a	17	4412360	4457071	24	0.0824
3c8a901a-645d-401d-938b-abc7d6e2ad2a	17	4459152	4526295	42	-0.2894
3c8a901a-645d-401d-938b-abc7d6e2ad2a	17	4535537	4923453	154	0.0219
3c8a901a-645d-401d-938b-abc7d6e2ad2a	17	4926312	5034608	48	-0.3436
3c8a901a-645d-401d-938b-abc7d6e2ad2a	17	5048839	5100015	26	0.0861
3c8a901a-645d-401d-938b-abc7d6e2ad2a	17	5102453	5633013	282	-0.3752
3c8a901a-645d-401d-938b-abc7d6e2ad2a	17	5635067	5636259	3	-2.0441
3c8a901a-645d-401d-938b-abc7d6e2ad2a	17	5640109	7366036	1168	-0.2869
3c8a901a-645d-401d-938b-abc7d6e2ad2a	17	7366054	7409524	26	0.2374
3c8a901a-645d-401d-938b-abc7d6e2ad2a	17	7410086	9785774	1386	-0.2909
3c8a901a-645d-401d-938b-abc7d6e2ad2a	17	9789237	16206361	4710	0.0599
3c8a901a-645d-401d-938b-abc7d6e2ad2a	17	16214548	17244311	490	0.2885
3c8a901a-645d-401d-938b-abc7d6e2ad2a	17	17247827	18455632	673	-0.0223
3c8a901a-645d-401d-938b-abc7d6e2ad2a	17	18455635	18561272	24	-1.4775
3c8a901a-645d-401d-938b-abc7d6e2ad2a	17	18561907	22311652	1307	0.0076
3c8a901a-645d-401d-938b-abc7d6e2ad2a	17	22316315	22321736	6	-1.6734
3c8a901a-645d-401d-938b-abc7d6e2ad2a	17	22322017	28557575	986	0.024
3c8a901a-645d-401d-938b-abc7d6e2ad2a	17	28558436	29122093	232	0.3139
3c8a901a-645d-401d-938b-abc7d6e2ad2a	17	29122544	30625268	664	0.0456
3c8a901a-645d-401d-938b-abc7d6e2ad2a	17	30637059	30834485	60	-0.2253
3c8a901a-645d-401d-938b-abc7d6e2ad2a	17	30836514	31609976	334	0.0396
3c8a901a-645d-401d-938b-abc7d6e2ad2a	17	31612357	32059530	231	-0.4263
3c8a901a-645d-401d-938b-abc7d6e2ad2a	17	32068619	32222662	82	0.0283
3c8a901a-645d-401d-938b-abc7d6e2ad2a	17	32223989	32293264	43	0.355
3c8a901a-645d-401d-938b-abc7d6e2ad2a	17	32294416	34308534	1634	0.0599
3c8a901a-645d-401d-938b-abc7d6e2ad2a	17	34308562	36109139	1227	-0.0095
3c8a901a-645d-401d-938b-abc7d6e2ad2a	17	36109735	36640368	180	-0.1742
3c8a901a-645d-401d-938b-abc7d6e2ad2a	17	36642371	37062088	327	-0.4868
3c8a901a-645d-401d-938b-abc7d6e2ad2a	17	37063019	37098342	26	0.0799
3c8a901a-645d-401d-938b-abc7d6e2ad2a	17	37100391	40064299	1344	-0.4994
3c8a901a-645d-401d-938b-abc7d6e2ad2a	17	40066742	41752860	1040	-0.9551
3c8a901a-645d-401d-938b-abc7d6e2ad2a	17	41767318	44525904	1330	-0.4012
3c8a901a-645d-401d-938b-abc7d6e2ad2a	17	44526184	45054166	260	-0.0654
3c8a901a-645d-401d-938b-abc7d6e2ad2a	17	45062533	45106052	33	0.2635
3c8a901a-645d-401d-938b-abc7d6e2ad2a	17	45108452	45577724	167	-0.0482
3c8a901a-645d-401d-938b-abc7d6e2ad2a	17	45579014	45582060	6	-1.1746
3c8a901a-645d-401d-938b-abc7d6e2ad2a	17	45587327	46130778	367	-0.0962
3c8a901a-645d-401d-938b-abc7d6e2ad2a	17	46130967	46202822	64	-0.5908
3c8a901a-645d-401d-938b-abc7d6e2ad2a	17	46203310	46208674	3	-1.6286
3c8a901a-645d-401d-938b-abc7d6e2ad2a	17	46209250	46284997	25	-0.5114
3c8a901a-645d-401d-938b-abc7d6e2ad2a	17	46286804	46446360	5	1.2185
3c8a901a-645d-401d-938b-abc7d6e2ad2a	17	46569894	48036456	687	-0.0484
3c8a901a-645d-401d-938b-abc7d6e2ad2a	17	48038757	48413098	206	0.3544
3c8a901a-645d-401d-938b-abc7d6e2ad2a	17	48417237	48508365	57	0.9338
3c8a901a-645d-401d-938b-abc7d6e2ad2a	17	48508528	48804386	128	0.5936
3c8a901a-645d-401d-938b-abc7d6e2ad2a	17	48805638	52962455	2534	0.3467
3c8a901a-645d-401d-938b-abc7d6e2ad2a	17	52964547	53194172	146	0.5582
3c8a901a-645d-401d-938b-abc7d6e2ad2a	17	53194233	56716768	2552	0.3731
3c8a901a-645d-401d-938b-abc7d6e2ad2a	17	56717260	69648151	7191	0.3372
3c8a901a-645d-401d-938b-abc7d6e2ad2a	17	69648957	74170544	3501	0.3723
3c8a901a-645d-401d-938b-abc7d6e2ad2a	17	74172757	74487632	167	0.1764
3c8a901a-645d-401d-938b-abc7d6e2ad2a	17	74490840	75371207	462	0.3182
3c8a901a-645d-401d-938b-abc7d6e2ad2a	17	75378864	75618774	102	0.6533
3c8a901a-645d-401d-938b-abc7d6e2ad2a	17	75626909	77049144	699	0.3482
3c8a901a-645d-401d-938b-abc7d6e2ad2a	17	77053023	77197400	110	0.5899
3c8a901a-645d-401d-938b-abc7d6e2ad2a	17	77205030	81199384	2260	0.334
3c8a901a-645d-401d-938b-abc7d6e2ad2a	17	81204674	82446450	343	0.6404
3c8a901a-645d-401d-938b-abc7d6e2ad2a	17	82453586	83091923	356	0.3653
3c8a901a-645d-401d-938b-abc7d6e2ad2a	18	48133	501925	329	-0.151
3c8a901a-645d-401d-938b-abc7d6e2ad2a	18	504078	928473	343	-0.2785
3c8a901a-645d-401d-938b-abc7d6e2ad2a	18	931643	1621355	439	-0.0934
3c8a901a-645d-401d-938b-abc7d6e2ad2a	18	1623044	2140907	407	0.0029
3c8a901a-645d-401d-938b-abc7d6e2ad2a	18	2141876	23822334	10318	-0.1155
3c8a901a-645d-401d-938b-abc7d6e2ad2a	18	23826745	23935427	66	0.1961
3c8a901a-645d-401d-938b-abc7d6e2ad2a	18	23936073	40678118	10807	-0.1122
3c8a901a-645d-401d-938b-abc7d6e2ad2a	18	40678132	40689848	34	0.2517
3c8a901a-645d-401d-938b-abc7d6e2ad2a	18	40690108	41281985	404	-0.0947
3c8a901a-645d-401d-938b-abc7d6e2ad2a	18	41285561	41286136	2	1.518
3c8a901a-645d-401d-938b-abc7d6e2ad2a	18	41289570	44061308	1761	-0.082
3c8a901a-645d-401d-938b-abc7d6e2ad2a	18	44067454	51707237	5336	-0.1375
3c8a901a-645d-401d-938b-abc7d6e2ad2a	18	51708635	53740491	1430	-0.0719
3c8a901a-645d-401d-938b-abc7d6e2ad2a	18	53740727	53740980	5	1.2374
3c8a901a-645d-401d-938b-abc7d6e2ad2a	18	53741022	60057003	4295	-0.1371
3c8a901a-645d-401d-938b-abc7d6e2ad2a	18	60057832	60697697	466	-0.0382
3c8a901a-645d-401d-938b-abc7d6e2ad2a	18	60700048	63383829	1856	-0.1434
3c8a901a-645d-401d-938b-abc7d6e2ad2a	18	63386374	73908273	7720	-0.0561
3c8a901a-645d-401d-938b-abc7d6e2ad2a	18	73909422	76569642	2098	-0.0939
3c8a901a-645d-401d-938b-abc7d6e2ad2a	18	76569855	76831323	184	-0.2594
3c8a901a-645d-401d-938b-abc7d6e2ad2a	18	76837882	80257174	2256	-0.0968
3c8a901a-645d-401d-938b-abc7d6e2ad2a	19	90910	1056838	214	0.2128
3c8a901a-645d-401d-938b-abc7d6e2ad2a	19	1057061	1367227	79	0.8715
3c8a901a-645d-401d-938b-abc7d6e2ad2a	19	1374642	1791100	100	0.2093
3c8a901a-645d-401d-938b-abc7d6e2ad2a	19	1793062	2196964	102	0.5788
3c8a901a-645d-401d-938b-abc7d6e2ad2a	19	2197735	2405118	40	0.3142
3c8a901a-645d-401d-938b-abc7d6e2ad2a	19	2409867	2519449	54	0.0858
3c8a901a-645d-401d-938b-abc7d6e2ad2a	19	2519855	2953089	184	-0.1274
3c8a901a-645d-401d-938b-abc7d6e2ad2a	19	2954351	10272889	3142	0.0651
3c8a901a-645d-401d-938b-abc7d6e2ad2a	19	10273718	10356826	34	0.4688
3c8a901a-645d-401d-938b-abc7d6e2ad2a	19	10357068	10821497	198	0.7144
3c8a901a-645d-401d-938b-abc7d6e2ad2a	19	10821888	18248714	3729	0.5062
3c8a901a-645d-401d-938b-abc7d6e2ad2a	19	18253647	18612156	134	0.7696
3c8a901a-645d-401d-938b-abc7d6e2ad2a	19	18625110	24322260	3107	0.5256
3c8a901a-645d-401d-938b-abc7d6e2ad2a	19	24322835	31700736	3094	0.336
3c8a901a-645d-401d-938b-abc7d6e2ad2a	19	31701015	31701786	4	-1.1134
3c8a901a-645d-401d-938b-abc7d6e2ad2a	19	31702241	37844526	3667	0.347
3c8a901a-645d-401d-938b-abc7d6e2ad2a	19	37846531	38027829	117	0.2629
3c8a901a-645d-401d-938b-abc7d6e2ad2a	19	38029500	38030735	2	-1.3097
3c8a901a-645d-401d-938b-abc7d6e2ad2a	19	38030888	39171658	577	0.2359
3c8a901a-645d-401d-938b-abc7d6e2ad2a	19	39183394	39240106	24	0.409
3c8a901a-645d-401d-938b-abc7d6e2ad2a	19	39241107	39517180	104	0.6026
3c8a901a-645d-401d-938b-abc7d6e2ad2a	19	39520568	43794284	2152	0.3134
3c8a901a-645d-401d-938b-abc7d6e2ad2a	19	43794471	44531020	540	0.4102
3c8a901a-645d-401d-938b-abc7d6e2ad2a	19	44531052	48341610	1787	0.2996
3c8a901a-645d-401d-938b-abc7d6e2ad2a	19	48347421	48765133	138	0.0683
3c8a901a-645d-401d-938b-abc7d6e2ad2a	19	48771611	58586487	5706	0.3317
3c8a901a-645d-401d-938b-abc7d6e2ad2a	20	80664	1571811	1178	0.2122
3c8a901a-645d-401d-938b-abc7d6e2ad2a	20	1576544	1580934	22	-0.3857
3c8a901a-645d-401d-938b-abc7d6e2ad2a	20	1581021	1613247	40	2.0931
3c8a901a-645d-401d-938b-abc7d6e2ad2a	20	1617300	3827707	1554	0.2115
3c8a901a-645d-401d-938b-abc7d6e2ad2a	20	3828119	4025682	101	-0.0072
3c8a901a-645d-401d-938b-abc7d6e2ad2a	20	4026996	4217248	152	0.1711
3c8a901a-645d-401d-938b-abc7d6e2ad2a	20	4218293	4698873	408	0.2444
3c8a901a-645d-401d-938b-abc7d6e2ad2a	20	4700664	5224106	407	0.1314
3c8a901a-645d-401d-938b-abc7d6e2ad2a	20	5224728	5444696	166	0.322
3c8a901a-645d-401d-938b-abc7d6e2ad2a	20	5444822	5605845	95	0.1495
3c8a901a-645d-401d-938b-abc7d6e2ad2a	20	5610010	5680430	46	-0.0524
3c8a901a-645d-401d-938b-abc7d6e2ad2a	20	5682366	5737655	41	0.3337
3c8a901a-645d-401d-938b-abc7d6e2ad2a	20	5742731	6213638	354	0.4761
3c8a901a-645d-401d-938b-abc7d6e2ad2a	20	6216383	6824942	510	0.2267
3c8a901a-645d-401d-938b-abc7d6e2ad2a	20	6828693	7412092	470	0.3382
3c8a901a-645d-401d-938b-abc7d6e2ad2a	20	7420339	34096990	15893	0.236
3c8a901a-645d-401d-938b-abc7d6e2ad2a	20	34102576	34503153	145	0.5491
3c8a901a-645d-401d-938b-abc7d6e2ad2a	20	34505343	36490851	918	0.1919
3c8a901a-645d-401d-938b-abc7d6e2ad2a	20	36491940	36495678	2	-1.299
3c8a901a-645d-401d-938b-abc7d6e2ad2a	20	36496706	36677699	69	0.1689
3c8a901a-645d-401d-938b-abc7d6e2ad2a	20	36685133	36850837	57	0.4241
3c8a901a-645d-401d-938b-abc7d6e2ad2a	20	36852459	36873837	17	0.7688
3c8a901a-645d-401d-938b-abc7d6e2ad2a	20	36875752	36984415	53	0.4074
3c8a901a-645d-401d-938b-abc7d6e2ad2a	20	36988111	37102518	158	0.0947
3c8a901a-645d-401d-938b-abc7d6e2ad2a	20	37103095	37354035	128	0.4719
3c8a901a-645d-401d-938b-abc7d6e2ad2a	20	37354486	49680716	8667	0.2254
3c8a901a-645d-401d-938b-abc7d6e2ad2a	20	49681321	50219711	281	0.1042
3c8a901a-645d-401d-938b-abc7d6e2ad2a	20	50219938	53357209	2345	0.2418
3c8a901a-645d-401d-938b-abc7d6e2ad2a	20	53364986	53810780	308	0.1178
3c8a901a-645d-401d-938b-abc7d6e2ad2a	20	53810937	53951542	107	0.2285
3c8a901a-645d-401d-938b-abc7d6e2ad2a	20	53953690	61941097	6551	0.2578
3c8a901a-645d-401d-938b-abc7d6e2ad2a	20	61941222	64324800	993	0.1802
3c8a901a-645d-401d-938b-abc7d6e2ad2a	21	10354168	46677045	23776	-0.0382
3c8a901a-645d-401d-938b-abc7d6e2ad2a	22	15294547	15315221	2	-1.4228
3c8a901a-645d-401d-938b-abc7d6e2ad2a	22	15324751	17996616	974	-0.5015
3c8a901a-645d-401d-938b-abc7d6e2ad2a	22	17996681	20442951	1095	-0.6171
3c8a901a-645d-401d-938b-abc7d6e2ad2a	22	20443002	20809011	350	-0.1615
3c8a901a-645d-401d-938b-abc7d6e2ad2a	22	20809052	21989156	507	-0.5641
3c8a901a-645d-401d-938b-abc7d6e2ad2a	22	21989176	22936686	800	-0.4683
3c8a901a-645d-401d-938b-abc7d6e2ad2a	22	22937206	23981995	649	-0.581
3c8a901a-645d-401d-938b-abc7d6e2ad2a	22	23988078	23989773	2	-3.4048
3c8a901a-645d-401d-938b-abc7d6e2ad2a	22	23990431	25360540	899	-0.5367
3c8a901a-645d-401d-938b-abc7d6e2ad2a	22	25360966	25430519	71	-0.202
3c8a901a-645d-401d-938b-abc7d6e2ad2a	22	25439231	38894915	9785	-0.5064
3c8a901a-645d-401d-938b-abc7d6e2ad2a	22	38899250	38900899	3	-3.3558
3c8a901a-645d-401d-938b-abc7d6e2ad2a	22	38903109	38999277	68	-0.5374
3c8a901a-645d-401d-938b-abc7d6e2ad2a	22	38999293	38999502	5	0.4461
3c8a901a-645d-401d-938b-abc7d6e2ad2a	22	39003307	39505255	218	-0.4828
3c8a901a-645d-401d-938b-abc7d6e2ad2a	22	39508643	40429189	471	-1.2079
3c8a901a-645d-401d-938b-abc7d6e2ad2a	22	40429486	42615668	1239	-0.5118
3c8a901a-645d-401d-938b-abc7d6e2ad2a	22	42617830	43298767	424	-0.1604
3c8a901a-645d-401d-938b-abc7d6e2ad2a	22	43300023	49752020	5183	-0.511
3c8a901a-645d-401d-938b-abc7d6e2ad2a	22	49752676	49998521	86	-0.1376
3c8a901a-645d-401d-938b-abc7d6e2ad2a	22	50001867	50084988	39	0.2422
3c8a901a-645d-401d-938b-abc7d6e2ad2a	22	50085004	50463961	136	-0.2156
3c8a901a-645d-401d-938b-abc7d6e2ad2a	22	50478795	50490946	5	0.515
3c8a901a-645d-401d-938b-abc7d6e2ad2a	22	50512298	50589456	72	-0.1736
3c8a901a-645d-401d-938b-abc7d6e2ad2a	22	50592320	50796027	102	-0.4921
3c8a901a-645d-401d-938b-abc7d6e2ad2a	X	251810	4213662	1005	-0.1149
3c8a901a-645d-401d-938b-abc7d6e2ad2a	X	4213914	6417420	1856	-0.0156
3c8a901a-645d-401d-938b-abc7d6e2ad2a	X	6418812	6854063	324	-0.0976
3c8a901a-645d-401d-938b-abc7d6e2ad2a	X	6854148	6993829	97	-0.6172
3c8a901a-645d-401d-938b-abc7d6e2ad2a	X	6994448	7119270	95	-0.1925
3c8a901a-645d-401d-938b-abc7d6e2ad2a	X	7120541	7143716	20	-0.7235
3c8a901a-645d-401d-938b-abc7d6e2ad2a	X	7147177	7237994	58	-0.1378
3c8a901a-645d-401d-938b-abc7d6e2ad2a	X	7238648	7340325	62	-0.4827
3c8a901a-645d-401d-938b-abc7d6e2ad2a	X	7342423	8084339	577	-0.067
3c8a901a-645d-401d-938b-abc7d6e2ad2a	X	8084469	8136624	53	-0.7189
3c8a901a-645d-401d-938b-abc7d6e2ad2a	X	8142215	9967980	1410	-0.0554
3c8a901a-645d-401d-938b-abc7d6e2ad2a	X	9974780	10083192	80	-0.3879
3c8a901a-645d-401d-938b-abc7d6e2ad2a	X	10083633	16615409	4541	-0.0723
3c8a901a-645d-401d-938b-abc7d6e2ad2a	X	16621200	16808770	89	0.2931
3c8a901a-645d-401d-938b-abc7d6e2ad2a	X	16809725	17135370	171	0.6206
3c8a901a-645d-401d-938b-abc7d6e2ad2a	X	17135755	17149081	7	0.2967
3c8a901a-645d-401d-938b-abc7d6e2ad2a	X	17149608	17274053	105	-0.0607
3c8a901a-645d-401d-938b-abc7d6e2ad2a	X	17274704	17287376	7	-0.7175
3c8a901a-645d-401d-938b-abc7d6e2ad2a	X	17288015	17365360	27	-0.0552
3c8a901a-645d-401d-938b-abc7d6e2ad2a	X	17366227	17395930	23	0.3384
3c8a901a-645d-401d-938b-abc7d6e2ad2a	X	17398673	18221894	438	-0.0885
3c8a901a-645d-401d-938b-abc7d6e2ad2a	X	18221901	18567486	152	0.3091
3c8a901a-645d-401d-938b-abc7d6e2ad2a	X	18572544	37976299	12117	-0.0461
3c8a901a-645d-401d-938b-abc7d6e2ad2a	X	37978730	37979744	2	-2.2166
3c8a901a-645d-401d-938b-abc7d6e2ad2a	X	37982380	63735257	10285	-0.053
3c8a901a-645d-401d-938b-abc7d6e2ad2a	X	63739268	63935016	65	-0.4897
3c8a901a-645d-401d-938b-abc7d6e2ad2a	X	63941874	76134331	5455	-0.0581
3c8a901a-645d-401d-938b-abc7d6e2ad2a	X	76136263	96905822	10706	-0.025
3c8a901a-645d-401d-938b-abc7d6e2ad2a	X	96906824	135630611	21205	-0.0575
3c8a901a-645d-401d-938b-abc7d6e2ad2a	X	135630702	152813615	10942	0.3203
3c8a901a-645d-401d-938b-abc7d6e2ad2a	X	152814167	154961629	1019	0.2388
3c8a901a-645d-401d-938b-abc7d6e2ad2a	X	154962274	155952689	315	0.308
3c8a901a-645d-401d-938b-abc7d6e2ad2a	Y	2782397	7715222	1309	-2.671
3c8a901a-645d-401d-938b-abc7d6e2ad2a	Y	7716670	9985764	1022	-3.0088
3c8a901a-645d-401d-938b-abc7d6e2ad2a	Y	9988431	13478396	923	-2.7697
3c8a901a-645d-401d-938b-abc7d6e2ad2a	Y	13478462	13482643	3	-7.5522
3c8a901a-645d-401d-938b-abc7d6e2ad2a	Y	13483009	56872112	3367	-2.8538
