GDC_Aliquot	Chromosome	Start	End	Num_Probes	Segment_Mean
77b628c4-5573-4c4d-b52e-10f93d35b05b	1	62920	12832455	6510	-0.2271
77b628c4-5573-4c4d-b52e-10f93d35b05b	1	12850124	12867264	6	-1.9266
77b628c4-5573-4c4d-b52e-10f93d35b05b	1	12868035	16609512	2129	-0.211
77b628c4-5573-4c4d-b52e-10f93d35b05b	1	16617118	16689764	29	0.1486
77b628c4-5573-4c4d-b52e-10f93d35b05b	1	16718963	16949746	76	-0.6002
77b628c4-5573-4c4d-b52e-10f93d35b05b	1	16951445	21361264	2972	-0.2148
77b628c4-5573-4c4d-b52e-10f93d35b05b	1	21361361	21361441	2	-2.7615
77b628c4-5573-4c4d-b52e-10f93d35b05b	1	21361648	25256850	2276	-0.2243
77b628c4-5573-4c4d-b52e-10f93d35b05b	1	25266637	25336853	26	-1.5875
77b628c4-5573-4c4d-b52e-10f93d35b05b	1	25346663	29455711	1749	-0.2478
77b628c4-5573-4c4d-b52e-10f93d35b05b	1	29457831	30672915	979	-0.1756
77b628c4-5573-4c4d-b52e-10f93d35b05b	1	30673002	33428343	1280	-0.2413
77b628c4-5573-4c4d-b52e-10f93d35b05b	1	33428857	34878000	1093	-0.1685
77b628c4-5573-4c4d-b52e-10f93d35b05b	1	34880076	36670822	810	-0.2609
77b628c4-5573-4c4d-b52e-10f93d35b05b	1	36670903	37294835	451	-0.1601
77b628c4-5573-4c4d-b52e-10f93d35b05b	1	37296938	37300319	3	-1.7271
77b628c4-5573-4c4d-b52e-10f93d35b05b	1	37301077	46663928	5222	-0.2079
77b628c4-5573-4c4d-b52e-10f93d35b05b	1	46668649	50973481	2423	-0.1678
77b628c4-5573-4c4d-b52e-10f93d35b05b	1	50973975	55151081	2376	-0.2059
77b628c4-5573-4c4d-b52e-10f93d35b05b	1	55153119	59580430	3569	-0.1628
77b628c4-5573-4c4d-b52e-10f93d35b05b	1	59586394	59592607	2	-1.5593
77b628c4-5573-4c4d-b52e-10f93d35b05b	1	59593034	60719251	708	-0.1546
77b628c4-5573-4c4d-b52e-10f93d35b05b	1	60719640	60719728	2	-2.1144
77b628c4-5573-4c4d-b52e-10f93d35b05b	1	60722868	72303233	8013	-0.1744
77b628c4-5573-4c4d-b52e-10f93d35b05b	1	72303253	72336821	30	-1.3145
77b628c4-5573-4c4d-b52e-10f93d35b05b	1	72338895	72343036	6	-0.1291
77b628c4-5573-4c4d-b52e-10f93d35b05b	1	72343068	72345465	9	-1.5284
77b628c4-5573-4c4d-b52e-10f93d35b05b	1	72346221	105476583	20924	-0.1789
77b628c4-5573-4c4d-b52e-10f93d35b05b	1	105476614	105479753	16	-1.5762
77b628c4-5573-4c4d-b52e-10f93d35b05b	1	105481433	109684893	2630	-0.1897
77b628c4-5573-4c4d-b52e-10f93d35b05b	1	109690352	109697556	13	1.6815
77b628c4-5573-4c4d-b52e-10f93d35b05b	1	109702376	112147704	1944	-0.185
77b628c4-5573-4c4d-b52e-10f93d35b05b	1	112153343	112154768	25	-1.5031
77b628c4-5573-4c4d-b52e-10f93d35b05b	1	112163334	114289343	1323	-0.1999
77b628c4-5573-4c4d-b52e-10f93d35b05b	1	114291004	114291088	2	-1.7663
77b628c4-5573-4c4d-b52e-10f93d35b05b	1	114291180	121580012	3821	-0.173
77b628c4-5573-4c4d-b52e-10f93d35b05b	1	121580531	143748012	106	-0.0093
77b628c4-5573-4c4d-b52e-10f93d35b05b	1	143748074	143760271	20	0.4809
77b628c4-5573-4c4d-b52e-10f93d35b05b	1	143762042	152583230	2322	-0.2133
77b628c4-5573-4c4d-b52e-10f93d35b05b	1	152583291	152613762	30	-1.184
77b628c4-5573-4c4d-b52e-10f93d35b05b	1	152613802	152784298	166	-0.2084
77b628c4-5573-4c4d-b52e-10f93d35b05b	1	152784330	152795783	35	0.3002
77b628c4-5573-4c4d-b52e-10f93d35b05b	1	152795805	153364135	459	-0.1597
77b628c4-5573-4c4d-b52e-10f93d35b05b	1	153364581	157247031	1854	-0.2487
77b628c4-5573-4c4d-b52e-10f93d35b05b	1	157247284	169247699	8938	-0.1762
77b628c4-5573-4c4d-b52e-10f93d35b05b	1	169264736	169269493	5	-2.4097
77b628c4-5573-4c4d-b52e-10f93d35b05b	1	169269507	194479104	16703	-0.178
77b628c4-5573-4c4d-b52e-10f93d35b05b	1	194482281	194485888	2	-2.2805
77b628c4-5573-4c4d-b52e-10f93d35b05b	1	194487886	200001933	3438	-0.1678
77b628c4-5573-4c4d-b52e-10f93d35b05b	1	200003223	205800095	3991	-0.2126
77b628c4-5573-4c4d-b52e-10f93d35b05b	1	205800423	209897717	2846	-0.1727
77b628c4-5573-4c4d-b52e-10f93d35b05b	1	209908268	209908720	2	-1.5533
77b628c4-5573-4c4d-b52e-10f93d35b05b	1	209910639	229675422	13020	-0.1801
77b628c4-5573-4c4d-b52e-10f93d35b05b	1	229681109	229684383	2	-2.1887
77b628c4-5573-4c4d-b52e-10f93d35b05b	1	229684449	230315666	483	-0.1745
77b628c4-5573-4c4d-b52e-10f93d35b05b	1	230316577	230316706	2	1.0923
77b628c4-5573-4c4d-b52e-10f93d35b05b	1	230317851	241914315	8961	-0.1935
77b628c4-5573-4c4d-b52e-10f93d35b05b	1	241917551	241917920	2	-1.9663
77b628c4-5573-4c4d-b52e-10f93d35b05b	1	241919594	248336676	4248	-0.1919
77b628c4-5573-4c4d-b52e-10f93d35b05b	1	248336920	248664935	127	-0.0126
77b628c4-5573-4c4d-b52e-10f93d35b05b	1	248668953	248930189	134	-0.2036
77b628c4-5573-4c4d-b52e-10f93d35b05b	2	12784	4158097	2982	-0.1812
77b628c4-5573-4c4d-b52e-10f93d35b05b	2	4166274	4175577	36	-2.1642
77b628c4-5573-4c4d-b52e-10f93d35b05b	2	4175922	4176429	6	-1.0571
77b628c4-5573-4c4d-b52e-10f93d35b05b	2	4182472	34466002	21026	-0.1701
77b628c4-5573-4c4d-b52e-10f93d35b05b	2	34474248	34511990	46	0.3425
77b628c4-5573-4c4d-b52e-10f93d35b05b	2	34512096	52512042	12976	-0.1719
77b628c4-5573-4c4d-b52e-10f93d35b05b	2	52512079	52554404	43	0.3625
77b628c4-5573-4c4d-b52e-10f93d35b05b	2	52560811	87211079	21989	-0.1714
77b628c4-5573-4c4d-b52e-10f93d35b05b	2	87218694	87218834	2	-1.9512
77b628c4-5573-4c4d-b52e-10f93d35b05b	2	87221597	89897956	747	-0.1558
77b628c4-5573-4c4d-b52e-10f93d35b05b	2	89920951	89960252	6	-0.7813
77b628c4-5573-4c4d-b52e-10f93d35b05b	2	89963133	95373256	420	-0.1419
77b628c4-5573-4c4d-b52e-10f93d35b05b	2	95377745	95381207	2	-1.6094
77b628c4-5573-4c4d-b52e-10f93d35b05b	2	95386725	97537802	649	-0.1831
77b628c4-5573-4c4d-b52e-10f93d35b05b	2	97540809	97545247	3	-1.6847
77b628c4-5573-4c4d-b52e-10f93d35b05b	2	97545726	146107526	29354	-0.1636
77b628c4-5573-4c4d-b52e-10f93d35b05b	2	146107615	146109366	17	-1.5222
77b628c4-5573-4c4d-b52e-10f93d35b05b	2	146120238	163780342	10570	-0.1619
77b628c4-5573-4c4d-b52e-10f93d35b05b	2	163786978	163788616	5	-3.0567
77b628c4-5573-4c4d-b52e-10f93d35b05b	2	163790132	203032174	23442	-0.1505
77b628c4-5573-4c4d-b52e-10f93d35b05b	2	203035077	203037323	3	-1.9992
77b628c4-5573-4c4d-b52e-10f93d35b05b	2	203039417	207090434	2610	-0.152
77b628c4-5573-4c4d-b52e-10f93d35b05b	2	207092513	207092671	3	-1.6437
77b628c4-5573-4c4d-b52e-10f93d35b05b	2	207100946	212504894	3478	-0.1503
77b628c4-5573-4c4d-b52e-10f93d35b05b	2	212505638	212505978	2	-2.5679
77b628c4-5573-4c4d-b52e-10f93d35b05b	2	212508264	242147305	18845	-0.1721
77b628c4-5573-4c4d-b52e-10f93d35b05b	3	20930	21610813	16144	-0.1699
77b628c4-5573-4c4d-b52e-10f93d35b05b	3	21610940	21612904	2	-2.709
77b628c4-5573-4c4d-b52e-10f93d35b05b	3	21612933	68697013	31563	-0.1755
77b628c4-5573-4c4d-b52e-10f93d35b05b	3	68697108	68698262	14	-1.355
77b628c4-5573-4c4d-b52e-10f93d35b05b	3	68699607	95737262	14042	-0.1718
77b628c4-5573-4c4d-b52e-10f93d35b05b	3	95748036	95749266	2	-2.1912
77b628c4-5573-4c4d-b52e-10f93d35b05b	3	95749836	99218940	1844	-0.1639
77b628c4-5573-4c4d-b52e-10f93d35b05b	3	99225614	99234917	44	0.1404
77b628c4-5573-4c4d-b52e-10f93d35b05b	3	99246033	125950205	16290	-0.1617
77b628c4-5573-4c4d-b52e-10f93d35b05b	3	125954540	125957120	3	-1.7425
77b628c4-5573-4c4d-b52e-10f93d35b05b	3	125961657	130067097	2382	-0.1869
77b628c4-5573-4c4d-b52e-10f93d35b05b	3	130067366	130087393	32	-1.3691
77b628c4-5573-4c4d-b52e-10f93d35b05b	3	130088081	133822930	2465	-0.1519
77b628c4-5573-4c4d-b52e-10f93d35b05b	3	133824950	133825073	2	-1.4746
77b628c4-5573-4c4d-b52e-10f93d35b05b	3	133827223	136300257	1555	-0.1695
77b628c4-5573-4c4d-b52e-10f93d35b05b	3	136304109	136306584	2	-2.1223
77b628c4-5573-4c4d-b52e-10f93d35b05b	3	136319699	153747636	10763	-0.1615
77b628c4-5573-4c4d-b52e-10f93d35b05b	3	153748053	153751442	2	-4.4665
77b628c4-5573-4c4d-b52e-10f93d35b05b	3	153755897	154619246	511	-0.1756
77b628c4-5573-4c4d-b52e-10f93d35b05b	3	154628206	154630599	2	-2.1545
77b628c4-5573-4c4d-b52e-10f93d35b05b	3	154632021	154775592	73	-0.14
77b628c4-5573-4c4d-b52e-10f93d35b05b	3	154777163	154778164	5	-2.0494
77b628c4-5573-4c4d-b52e-10f93d35b05b	3	154778302	162790480	4853	-0.1639
77b628c4-5573-4c4d-b52e-10f93d35b05b	3	162794869	162908207	70	0.277
77b628c4-5573-4c4d-b52e-10f93d35b05b	3	162908784	169012392	3435	-0.158
77b628c4-5573-4c4d-b52e-10f93d35b05b	3	169015614	169020840	2	-2.1734
77b628c4-5573-4c4d-b52e-10f93d35b05b	3	169022039	182932906	8700	-0.1689
77b628c4-5573-4c4d-b52e-10f93d35b05b	3	182934229	185062631	1161	-0.2189
77b628c4-5573-4c4d-b52e-10f93d35b05b	3	185069010	185113370	22	0.6296
77b628c4-5573-4c4d-b52e-10f93d35b05b	3	185120184	195729053	7344	-0.1673
77b628c4-5573-4c4d-b52e-10f93d35b05b	3	195729069	195747892	14	0.3653
77b628c4-5573-4c4d-b52e-10f93d35b05b	3	195751823	195934679	80	-0.2225
77b628c4-5573-4c4d-b52e-10f93d35b05b	3	195963975	195991894	7	0.3689
77b628c4-5573-4c4d-b52e-10f93d35b05b	3	195998433	198169247	1079	-0.2068
77b628c4-5573-4c4d-b52e-10f93d35b05b	4	68929	45003835	29336	-0.176
77b628c4-5573-4c4d-b52e-10f93d35b05b	4	45004175	45004318	3	-3.1789
77b628c4-5573-4c4d-b52e-10f93d35b05b	4	45008952	59454315	7391	-0.1713
77b628c4-5573-4c4d-b52e-10f93d35b05b	4	59459231	59464727	5	1.3152
77b628c4-5573-4c4d-b52e-10f93d35b05b	4	59465817	61071220	1011	-0.1818
77b628c4-5573-4c4d-b52e-10f93d35b05b	4	61075217	61079968	3	0.9915
77b628c4-5573-4c4d-b52e-10f93d35b05b	4	61080494	63828222	1497	-0.161
77b628c4-5573-4c4d-b52e-10f93d35b05b	4	63831751	63839810	16	-1.0678
77b628c4-5573-4c4d-b52e-10f93d35b05b	4	63839893	63840033	4	-0.1715
77b628c4-5573-4c4d-b52e-10f93d35b05b	4	63841863	63842540	8	-2.5649
77b628c4-5573-4c4d-b52e-10f93d35b05b	4	63850713	68394833	2852	-0.1673
77b628c4-5573-4c4d-b52e-10f93d35b05b	4	68395346	68422424	6	0.6908
77b628c4-5573-4c4d-b52e-10f93d35b05b	4	68429081	68506285	12	-0.2871
77b628c4-5573-4c4d-b52e-10f93d35b05b	4	68509223	68639397	66	0.4335
77b628c4-5573-4c4d-b52e-10f93d35b05b	4	68640616	69257792	312	-0.1567
77b628c4-5573-4c4d-b52e-10f93d35b05b	4	69261926	69366081	54	-1.8504
77b628c4-5573-4c4d-b52e-10f93d35b05b	4	69366304	69523998	110	-0.1535
77b628c4-5573-4c4d-b52e-10f93d35b05b	4	69524143	69525061	2	-2.2334
77b628c4-5573-4c4d-b52e-10f93d35b05b	4	69526170	69860681	228	-0.1578
77b628c4-5573-4c4d-b52e-10f93d35b05b	4	69873279	69873993	2	-2.6421
77b628c4-5573-4c4d-b52e-10f93d35b05b	4	69875737	114252544	26939	-0.159
77b628c4-5573-4c4d-b52e-10f93d35b05b	4	114254167	114263073	24	0.6481
77b628c4-5573-4c4d-b52e-10f93d35b05b	4	114263096	125512252	6724	-0.1522
77b628c4-5573-4c4d-b52e-10f93d35b05b	4	125514124	125518038	5	-1.4913
77b628c4-5573-4c4d-b52e-10f93d35b05b	4	125518622	171447380	27856	-0.1539
77b628c4-5573-4c4d-b52e-10f93d35b05b	4	171448195	171456625	13	-1.0636
77b628c4-5573-4c4d-b52e-10f93d35b05b	4	171459220	172066777	397	-0.1458
77b628c4-5573-4c4d-b52e-10f93d35b05b	4	172067997	172068382	12	-1.579
77b628c4-5573-4c4d-b52e-10f93d35b05b	4	172074828	190106768	12065	-0.1618
77b628c4-5573-4c4d-b52e-10f93d35b05b	5	15532	5487259	4209	0.4708
77b628c4-5573-4c4d-b52e-10f93d35b05b	5	5487769	5491177	2	-1.1103
77b628c4-5573-4c4d-b52e-10f93d35b05b	5	5492295	46271006	26431	0.4623
77b628c4-5573-4c4d-b52e-10f93d35b05b	5	46271828	46273400	6	-2.7555
77b628c4-5573-4c4d-b52e-10f93d35b05b	5	46278110	58025819	5066	0.4639
77b628c4-5573-4c4d-b52e-10f93d35b05b	5	58030200	58037466	30	0.0492
77b628c4-5573-4c4d-b52e-10f93d35b05b	5	58037688	86815939	16934	0.4669
77b628c4-5573-4c4d-b52e-10f93d35b05b	5	86819561	86823329	3	-1.7279
77b628c4-5573-4c4d-b52e-10f93d35b05b	5	86825812	130488004	27174	0.4687
77b628c4-5573-4c4d-b52e-10f93d35b05b	5	130488689	133173611	1344	0.4184
77b628c4-5573-4c4d-b52e-10f93d35b05b	5	133174050	133952823	698	0.5027
77b628c4-5573-4c4d-b52e-10f93d35b05b	5	133955160	134873082	448	0.3787
77b628c4-5573-4c4d-b52e-10f93d35b05b	5	134879713	137907481	2113	0.4885
77b628c4-5573-4c4d-b52e-10f93d35b05b	5	137907761	143020018	2651	0.4226
77b628c4-5573-4c4d-b52e-10f93d35b05b	5	143022645	144024886	711	0.4752
77b628c4-5573-4c4d-b52e-10f93d35b05b	5	144027118	144030771	5	-0.5282
77b628c4-5573-4c4d-b52e-10f93d35b05b	5	144031142	152134610	5475	0.4499
77b628c4-5573-4c4d-b52e-10f93d35b05b	5	152135825	152138790	14	-0.1366
77b628c4-5573-4c4d-b52e-10f93d35b05b	5	152140710	176241574	16798	0.4651
77b628c4-5573-4c4d-b52e-10f93d35b05b	5	176245027	181015441	2481	0.4113
77b628c4-5573-4c4d-b52e-10f93d35b05b	5	181015920	181363319	166	0.4679
77b628c4-5573-4c4d-b52e-10f93d35b05b	6	149661	254283	101	-0.1822
77b628c4-5573-4c4d-b52e-10f93d35b05b	6	257353	294837	23	-0.7817
77b628c4-5573-4c4d-b52e-10f93d35b05b	6	302306	381149	78	0.3874
77b628c4-5573-4c4d-b52e-10f93d35b05b	6	382559	16247108	12457	-0.1692
77b628c4-5573-4c4d-b52e-10f93d35b05b	6	16252622	16253864	2	-2.4036
77b628c4-5573-4c4d-b52e-10f93d35b05b	6	16254367	19743255	2609	-0.171
77b628c4-5573-4c4d-b52e-10f93d35b05b	6	19746940	19748318	3	-2.9315
77b628c4-5573-4c4d-b52e-10f93d35b05b	6	19750487	22343121	1834	-0.1782
77b628c4-5573-4c4d-b52e-10f93d35b05b	6	22343369	22343825	3	-1.5172
77b628c4-5573-4c4d-b52e-10f93d35b05b	6	22345507	23742789	1078	-0.1538
77b628c4-5573-4c4d-b52e-10f93d35b05b	6	23744444	23745202	2	-2.0974
77b628c4-5573-4c4d-b52e-10f93d35b05b	6	23747504	29868462	3433	-0.1829
77b628c4-5573-4c4d-b52e-10f93d35b05b	6	29868698	29868926	4	-1.2629
77b628c4-5573-4c4d-b52e-10f93d35b05b	6	29868964	29882603	22	0.1229
77b628c4-5573-4c4d-b52e-10f93d35b05b	6	29903859	29907031	4	-1.9075
77b628c4-5573-4c4d-b52e-10f93d35b05b	6	29909182	29931120	7	-5.0256
77b628c4-5573-4c4d-b52e-10f93d35b05b	6	29931900	29933799	5	-1.3263
77b628c4-5573-4c4d-b52e-10f93d35b05b	6	29940692	31313046	637	-0.2229
77b628c4-5573-4c4d-b52e-10f93d35b05b	6	31318499	31328674	11	0.9971
77b628c4-5573-4c4d-b52e-10f93d35b05b	6	31342147	32783837	652	-0.2361
77b628c4-5573-4c4d-b52e-10f93d35b05b	6	32784185	32784362	3	-2.4701
77b628c4-5573-4c4d-b52e-10f93d35b05b	6	32791475	33509203	361	-0.1681
77b628c4-5573-4c4d-b52e-10f93d35b05b	6	33509363	37890347	2645	-0.22
77b628c4-5573-4c4d-b52e-10f93d35b05b	6	37891346	41598075	2752	-0.1617
77b628c4-5573-4c4d-b52e-10f93d35b05b	6	41602100	44286012	1442	-0.2201
77b628c4-5573-4c4d-b52e-10f93d35b05b	6	44291835	54066286	6367	-0.1516
77b628c4-5573-4c4d-b52e-10f93d35b05b	6	54066353	54067057	7	1.2811
77b628c4-5573-4c4d-b52e-10f93d35b05b	6	54070550	76305231	11851	-0.1594
77b628c4-5573-4c4d-b52e-10f93d35b05b	6	76307183	76307209	3	-1.8339
77b628c4-5573-4c4d-b52e-10f93d35b05b	6	76307276	76726815	296	-0.171
77b628c4-5573-4c4d-b52e-10f93d35b05b	6	76730151	76733530	11	-3.9533
77b628c4-5573-4c4d-b52e-10f93d35b05b	6	76736482	76743040	9	-1.0876
77b628c4-5573-4c4d-b52e-10f93d35b05b	6	76751356	78253172	976	-0.1531
77b628c4-5573-4c4d-b52e-10f93d35b05b	6	78259348	78325468	112	0.4084
77b628c4-5573-4c4d-b52e-10f93d35b05b	6	78329517	84253720	3736	-0.1519
77b628c4-5573-4c4d-b52e-10f93d35b05b	6	84254923	84255564	2	-1.7609
77b628c4-5573-4c4d-b52e-10f93d35b05b	6	84261473	103286954	11717	-0.1609
77b628c4-5573-4c4d-b52e-10f93d35b05b	6	103290101	103299578	12	0.7945
77b628c4-5573-4c4d-b52e-10f93d35b05b	6	103299596	103299735	3	-0.2968
77b628c4-5573-4c4d-b52e-10f93d35b05b	6	103299855	103314186	31	0.5974
77b628c4-5573-4c4d-b52e-10f93d35b05b	6	103317795	153636235	32193	-0.161
77b628c4-5573-4c4d-b52e-10f93d35b05b	6	153639651	153640284	2	-2.6124
77b628c4-5573-4c4d-b52e-10f93d35b05b	6	153640764	156922636	2332	-0.1676
77b628c4-5573-4c4d-b52e-10f93d35b05b	6	156926062	156926221	2	-2.1776
77b628c4-5573-4c4d-b52e-10f93d35b05b	6	156928844	170741917	9548	-0.174
77b628c4-5573-4c4d-b52e-10f93d35b05b	7	43355	4208681	2155	0.5962
77b628c4-5573-4c4d-b52e-10f93d35b05b	7	4210408	7018691	1333	0.5397
77b628c4-5573-4c4d-b52e-10f93d35b05b	7	7018793	54318812	34965	0.6255
77b628c4-5573-4c4d-b52e-10f93d35b05b	7	54318816	54318824	5	-2.0398
77b628c4-5573-4c4d-b52e-10f93d35b05b	7	54325795	63005615	2194	0.581
77b628c4-5573-4c4d-b52e-10f93d35b05b	7	63005790	63006030	3	-0.6727
77b628c4-5573-4c4d-b52e-10f93d35b05b	7	63006639	65502854	998	0.5807
77b628c4-5573-4c4d-b52e-10f93d35b05b	7	65539561	65561579	4	-2.4012
77b628c4-5573-4c4d-b52e-10f93d35b05b	7	65586825	68991772	1748	0.5443
77b628c4-5573-4c4d-b52e-10f93d35b05b	7	68991804	70955452	1174	0.6185
77b628c4-5573-4c4d-b52e-10f93d35b05b	7	70958264	70961155	2	-1.974
77b628c4-5573-4c4d-b52e-10f93d35b05b	7	70963257	77900371	2756	0.5547
77b628c4-5573-4c4d-b52e-10f93d35b05b	7	77900567	78801143	782	0.6309
77b628c4-5573-4c4d-b52e-10f93d35b05b	7	78807139	78807439	2	-0.5913
77b628c4-5573-4c4d-b52e-10f93d35b05b	7	78808038	87303449	5542	0.6335
77b628c4-5573-4c4d-b52e-10f93d35b05b	7	87311487	87318911	4	-0.3059
77b628c4-5573-4c4d-b52e-10f93d35b05b	7	87322493	91400153	2606	0.6341
77b628c4-5573-4c4d-b52e-10f93d35b05b	7	91402027	91411412	28	-0.2852
77b628c4-5573-4c4d-b52e-10f93d35b05b	7	91417678	97013613	3510	0.6186
77b628c4-5573-4c4d-b52e-10f93d35b05b	7	97016017	99852095	1477	0.5746
77b628c4-5573-4c4d-b52e-10f93d35b05b	7	99853750	99859982	6	-0.2338
77b628c4-5573-4c4d-b52e-10f93d35b05b	7	99862484	100149507	125	0.5502
77b628c4-5573-4c4d-b52e-10f93d35b05b	7	100149755	101366434	394	0.4759
77b628c4-5573-4c4d-b52e-10f93d35b05b	7	101369733	102894798	613	0.5626
77b628c4-5573-4c4d-b52e-10f93d35b05b	7	102896035	109793720	4450	0.6117
77b628c4-5573-4c4d-b52e-10f93d35b05b	7	109793728	109797715	17	1.0794
77b628c4-5573-4c4d-b52e-10f93d35b05b	7	109797717	109801155	9	0.4285
77b628c4-5573-4c4d-b52e-10f93d35b05b	7	109801187	109813853	11	1.5589
77b628c4-5573-4c4d-b52e-10f93d35b05b	7	109813925	126404920	10025	0.6274
77b628c4-5573-4c4d-b52e-10f93d35b05b	7	126405428	126406827	18	-0.5469
77b628c4-5573-4c4d-b52e-10f93d35b05b	7	126412712	128103586	1127	0.6395
77b628c4-5573-4c4d-b52e-10f93d35b05b	7	128108948	131739135	1928	0.5865
77b628c4-5573-4c4d-b52e-10f93d35b05b	7	131739197	134100424	1635	0.6368
77b628c4-5573-4c4d-b52e-10f93d35b05b	7	134100442	134105690	24	1.1484
77b628c4-5573-4c4d-b52e-10f93d35b05b	7	134110881	135451857	1014	0.6487
77b628c4-5573-4c4d-b52e-10f93d35b05b	7	135451971	135462790	9	-0.1006
77b628c4-5573-4c4d-b52e-10f93d35b05b	7	135462874	142062894	4179	0.6
77b628c4-5573-4c4d-b52e-10f93d35b05b	7	142063324	142092307	35	0.0311
77b628c4-5573-4c4d-b52e-10f93d35b05b	7	142099190	159334314	10857	0.6127
77b628c4-5573-4c4d-b52e-10f93d35b05b	8	81254	4042783	3539	-0.1962
77b628c4-5573-4c4d-b52e-10f93d35b05b	8	4046726	4047208	5	-1.5248
77b628c4-5573-4c4d-b52e-10f93d35b05b	8	4047352	12177488	7457	-0.1877
77b628c4-5573-4c4d-b52e-10f93d35b05b	8	12323772	12376891	11	-1.0699
77b628c4-5573-4c4d-b52e-10f93d35b05b	8	12382326	15543669	2755	-0.1892
77b628c4-5573-4c4d-b52e-10f93d35b05b	8	15545551	15555938	9	-4.2216
77b628c4-5573-4c4d-b52e-10f93d35b05b	8	15565761	16349558	731	-0.2021
77b628c4-5573-4c4d-b52e-10f93d35b05b	8	16349572	16431309	84	-0.0178
77b628c4-5573-4c4d-b52e-10f93d35b05b	8	16435493	17129593	552	-0.1959
77b628c4-5573-4c4d-b52e-10f93d35b05b	8	17130918	17131498	5	-1.0407
77b628c4-5573-4c4d-b52e-10f93d35b05b	8	17134132	21534889	4018	-0.1878
77b628c4-5573-4c4d-b52e-10f93d35b05b	8	21535171	21535408	3	-2.289
77b628c4-5573-4c4d-b52e-10f93d35b05b	8	21539266	25117062	2263	-0.2128
77b628c4-5573-4c4d-b52e-10f93d35b05b	8	25117985	25126554	18	0.654
77b628c4-5573-4c4d-b52e-10f93d35b05b	8	25126626	32243254	4925	-0.2025
77b628c4-5573-4c4d-b52e-10f93d35b05b	8	32244092	32248332	2	-1.7073
77b628c4-5573-4c4d-b52e-10f93d35b05b	8	32248653	39373140	4078	-0.2011
77b628c4-5573-4c4d-b52e-10f93d35b05b	8	39378084	39529446	59	0.6242
77b628c4-5573-4c4d-b52e-10f93d35b05b	8	39530780	54374416	7311	-0.1844
77b628c4-5573-4c4d-b52e-10f93d35b05b	8	54377027	54379276	5	-4.9224
77b628c4-5573-4c4d-b52e-10f93d35b05b	8	54379979	54386220	7	-0.7523
77b628c4-5573-4c4d-b52e-10f93d35b05b	8	54388629	61059002	4463	-0.1816
77b628c4-5573-4c4d-b52e-10f93d35b05b	8	61059210	61066673	2	-2.2528
77b628c4-5573-4c4d-b52e-10f93d35b05b	8	61067144	63936340	1836	-0.1713
77b628c4-5573-4c4d-b52e-10f93d35b05b	8	63936355	63936561	5	1.0394
77b628c4-5573-4c4d-b52e-10f93d35b05b	8	63936953	66061560	1103	-0.1752
77b628c4-5573-4c4d-b52e-10f93d35b05b	8	66062866	66067009	2	-2.4372
77b628c4-5573-4c4d-b52e-10f93d35b05b	8	66072326	67635292	767	-0.1869
77b628c4-5573-4c4d-b52e-10f93d35b05b	8	67635325	67637971	28	-2.4769
77b628c4-5573-4c4d-b52e-10f93d35b05b	8	67644593	71300130	2336	-0.1937
77b628c4-5573-4c4d-b52e-10f93d35b05b	8	71303076	71304364	8	-2.4736
77b628c4-5573-4c4d-b52e-10f93d35b05b	8	71307628	100650493	17510	-0.1812
77b628c4-5573-4c4d-b52e-10f93d35b05b	8	100651258	100651687	2	-1.6031
77b628c4-5573-4c4d-b52e-10f93d35b05b	8	100653181	102793096	1453	-0.1926
77b628c4-5573-4c4d-b52e-10f93d35b05b	8	102793307	102794149	2	-2.1909
77b628c4-5573-4c4d-b52e-10f93d35b05b	8	102795053	111279265	5092	-0.1742
77b628c4-5573-4c4d-b52e-10f93d35b05b	8	111282050	111283031	10	2.9498
77b628c4-5573-4c4d-b52e-10f93d35b05b	8	111288052	138784553	19483	-0.1763
77b628c4-5573-4c4d-b52e-10f93d35b05b	8	138784739	138784806	2	-2.1099
77b628c4-5573-4c4d-b52e-10f93d35b05b	8	138785298	139141133	302	-0.1618
77b628c4-5573-4c4d-b52e-10f93d35b05b	8	139141600	139143199	3	-2.1092
77b628c4-5573-4c4d-b52e-10f93d35b05b	8	139144082	145072769	3084	-0.2084
77b628c4-5573-4c4d-b52e-10f93d35b05b	9	46587	602903	508	-0.2032
77b628c4-5573-4c4d-b52e-10f93d35b05b	9	606699	606961	4	-2.0331
77b628c4-5573-4c4d-b52e-10f93d35b05b	9	607307	5078443	4721	-0.1755
77b628c4-5573-4c4d-b52e-10f93d35b05b	9	5079156	5081766	9	-1.1625
77b628c4-5573-4c4d-b52e-10f93d35b05b	9	5081852	17181176	10283	-0.1695
77b628c4-5573-4c4d-b52e-10f93d35b05b	9	17181277	17185717	3	-2.0163
77b628c4-5573-4c4d-b52e-10f93d35b05b	9	17186376	17635578	327	-0.1825
77b628c4-5573-4c4d-b52e-10f93d35b05b	9	17636339	17636676	7	-1.1871
77b628c4-5573-4c4d-b52e-10f93d35b05b	9	17641130	21731367	3444	-0.1763
77b628c4-5573-4c4d-b52e-10f93d35b05b	9	21731368	21732467	2	-1.7849
77b628c4-5573-4c4d-b52e-10f93d35b05b	9	21732467	23361807	1081	-0.1807
77b628c4-5573-4c4d-b52e-10f93d35b05b	9	23363117	23372401	7	-1.7146
77b628c4-5573-4c4d-b52e-10f93d35b05b	9	23373486	31481300	5981	-0.1709
77b628c4-5573-4c4d-b52e-10f93d35b05b	9	31481955	31482971	2	-2.3092
77b628c4-5573-4c4d-b52e-10f93d35b05b	9	31486636	32782412	935	-0.1758
77b628c4-5573-4c4d-b52e-10f93d35b05b	9	32784794	32784840	2	-3.1181
77b628c4-5573-4c4d-b52e-10f93d35b05b	9	32785482	61378951	4009	-0.204
77b628c4-5573-4c4d-b52e-10f93d35b05b	9	61405110	61647899	31	0.4145
77b628c4-5573-4c4d-b52e-10f93d35b05b	9	61665362	63580418	38	-0.1362
77b628c4-5573-4c4d-b52e-10f93d35b05b	9	63590317	63592813	7	2.4754
77b628c4-5573-4c4d-b52e-10f93d35b05b	9	63614182	102986198	24308	-0.1846
77b628c4-5573-4c4d-b52e-10f93d35b05b	9	102989577	103011825	23	-3.4849
77b628c4-5573-4c4d-b52e-10f93d35b05b	9	103016399	103804216	549	-0.1896
77b628c4-5573-4c4d-b52e-10f93d35b05b	9	103806415	103807009	2	-2.6744
77b628c4-5573-4c4d-b52e-10f93d35b05b	9	103808421	126511883	16776	-0.1798
77b628c4-5573-4c4d-b52e-10f93d35b05b	9	126516365	135459768	5282	-0.2359
77b628c4-5573-4c4d-b52e-10f93d35b05b	9	135464298	135465539	2	-1.7252
77b628c4-5573-4c4d-b52e-10f93d35b05b	9	135472087	138075328	912	-0.2567
77b628c4-5573-4c4d-b52e-10f93d35b05b	9	138076863	138200944	90	-0.1294
77b628c4-5573-4c4d-b52e-10f93d35b05b	10	45792	3901087	3261	-0.2011
77b628c4-5573-4c4d-b52e-10f93d35b05b	10	3904418	3904538	2	-4.0477
77b628c4-5573-4c4d-b52e-10f93d35b05b	10	3904783	24086334	15891	-0.1997
77b628c4-5573-4c4d-b52e-10f93d35b05b	10	24088745	24089125	11	0.9312
77b628c4-5573-4c4d-b52e-10f93d35b05b	10	24089979	26934974	1980	-0.1968
77b628c4-5573-4c4d-b52e-10f93d35b05b	10	26936975	26939510	11	-3.7616
77b628c4-5573-4c4d-b52e-10f93d35b05b	10	26939523	33671910	4831	-0.2027
77b628c4-5573-4c4d-b52e-10f93d35b05b	10	33674094	33674225	2	-3.2513
77b628c4-5573-4c4d-b52e-10f93d35b05b	10	33677193	50070600	7349	-0.1861
77b628c4-5573-4c4d-b52e-10f93d35b05b	10	50081224	50132160	4	-2.2374
77b628c4-5573-4c4d-b52e-10f93d35b05b	10	50144008	56750178	4832	-0.1756
77b628c4-5573-4c4d-b52e-10f93d35b05b	10	56750971	56764353	42	0.1113
77b628c4-5573-4c4d-b52e-10f93d35b05b	10	56765627	57335200	461	-0.1528
77b628c4-5573-4c4d-b52e-10f93d35b05b	10	57335285	57335443	4	0.5466
77b628c4-5573-4c4d-b52e-10f93d35b05b	10	57335528	57443289	94	-0.1754
77b628c4-5573-4c4d-b52e-10f93d35b05b	10	57450745	57451013	4	-2.2668
77b628c4-5573-4c4d-b52e-10f93d35b05b	10	57458735	59167378	1221	-0.1673
77b628c4-5573-4c4d-b52e-10f93d35b05b	10	59169417	59169705	2	-2.1059
77b628c4-5573-4c4d-b52e-10f93d35b05b	10	59170158	65548272	4331	-0.1798
77b628c4-5573-4c4d-b52e-10f93d35b05b	10	65548833	65554688	23	-1.5895
77b628c4-5573-4c4d-b52e-10f93d35b05b	10	65563037	67454493	1386	-0.1574
77b628c4-5573-4c4d-b52e-10f93d35b05b	10	67454721	75372420	4596	-0.216
77b628c4-5573-4c4d-b52e-10f93d35b05b	10	75374744	79625693	3237	-0.1671
77b628c4-5573-4c4d-b52e-10f93d35b05b	10	79649470	79737848	9	-1.1175
77b628c4-5573-4c4d-b52e-10f93d35b05b	10	79747269	118519432	25795	-0.1854
77b628c4-5573-4c4d-b52e-10f93d35b05b	10	118527499	118528659	4	-2.2648
77b628c4-5573-4c4d-b52e-10f93d35b05b	10	118528865	122584593	3208	-0.1889
77b628c4-5573-4c4d-b52e-10f93d35b05b	10	122584707	122587398	3	-3.6262
77b628c4-5573-4c4d-b52e-10f93d35b05b	10	122587462	127011381	3114	-0.1887
77b628c4-5573-4c4d-b52e-10f93d35b05b	10	127011574	127012142	2	-2.1322
77b628c4-5573-4c4d-b52e-10f93d35b05b	10	127012556	133654968	4774	-0.2011
77b628c4-5573-4c4d-b52e-10f93d35b05b	11	198510	3465494	1290	-0.2631
77b628c4-5573-4c4d-b52e-10f93d35b05b	11	3466435	3467311	3	-3.7194
77b628c4-5573-4c4d-b52e-10f93d35b05b	11	3485296	4941522	1102	-0.2066
77b628c4-5573-4c4d-b52e-10f93d35b05b	11	4941703	4953934	42	0.3026
77b628c4-5573-4c4d-b52e-10f93d35b05b	11	4954445	5766175	785	-0.1807
77b628c4-5573-4c4d-b52e-10f93d35b05b	11	5766850	5787096	28	0.4282
77b628c4-5573-4c4d-b52e-10f93d35b05b	11	5787110	8936466	2294	-0.1998
77b628c4-5573-4c4d-b52e-10f93d35b05b	11	8936945	8943391	5	-5.5671
77b628c4-5573-4c4d-b52e-10f93d35b05b	11	8943803	18919323	7094	-0.1989
77b628c4-5573-4c4d-b52e-10f93d35b05b	11	18927525	18939631	35	-2.9159
77b628c4-5573-4c4d-b52e-10f93d35b05b	11	18939734	18940271	8	-1.2607
77b628c4-5573-4c4d-b52e-10f93d35b05b	11	18940375	31371747	9060	-0.1944
77b628c4-5573-4c4d-b52e-10f93d35b05b	11	31372721	31375533	2	-2.3217
77b628c4-5573-4c4d-b52e-10f93d35b05b	11	31376660	54743970	12367	-0.2026
77b628c4-5573-4c4d-b52e-10f93d35b05b	11	54762035	54766290	3	1.1608
77b628c4-5573-4c4d-b52e-10f93d35b05b	11	54782119	54924229	44	-0.1123
77b628c4-5573-4c4d-b52e-10f93d35b05b	11	54933825	54934156	3	-1.9856
77b628c4-5573-4c4d-b52e-10f93d35b05b	11	54940988	55595864	236	-0.1124
77b628c4-5573-4c4d-b52e-10f93d35b05b	11	55606556	55686100	60	0.4037
77b628c4-5573-4c4d-b52e-10f93d35b05b	11	55693207	56547032	592	-0.1776
77b628c4-5573-4c4d-b52e-10f93d35b05b	11	56565286	56586568	14	-1.9707
77b628c4-5573-4c4d-b52e-10f93d35b05b	11	56586901	60818428	2522	-0.2055
77b628c4-5573-4c4d-b52e-10f93d35b05b	11	60818603	64897000	2001	-0.2544
77b628c4-5573-4c4d-b52e-10f93d35b05b	11	64898471	64898476	2	-2.7794
77b628c4-5573-4c4d-b52e-10f93d35b05b	11	64901633	77245781	6057	-0.2413
77b628c4-5573-4c4d-b52e-10f93d35b05b	11	77246788	124901635	33253	-0.1967
77b628c4-5573-4c4d-b52e-10f93d35b05b	11	124906091	124907522	3	-2.4244
77b628c4-5573-4c4d-b52e-10f93d35b05b	11	124918772	132954195	6157	-0.1966
77b628c4-5573-4c4d-b52e-10f93d35b05b	11	132954476	132956189	4	-1.5591
77b628c4-5573-4c4d-b52e-10f93d35b05b	11	132958100	133622013	529	-0.1981
77b628c4-5573-4c4d-b52e-10f93d35b05b	11	133622860	133623041	2	-2.2987
77b628c4-5573-4c4d-b52e-10f93d35b05b	11	133625396	134739499	781	-0.2287
77b628c4-5573-4c4d-b52e-10f93d35b05b	11	134739663	134739672	2	-2.3892
77b628c4-5573-4c4d-b52e-10f93d35b05b	11	134740048	135074876	274	-0.1991
77b628c4-5573-4c4d-b52e-10f93d35b05b	12	51460	1625104	918	0.4464
77b628c4-5573-4c4d-b52e-10f93d35b05b	12	1625394	2688013	793	0.519
77b628c4-5573-4c4d-b52e-10f93d35b05b	12	2688015	3247619	369	0.4332
77b628c4-5573-4c4d-b52e-10f93d35b05b	12	3247787	3317660	65	0.542
77b628c4-5573-4c4d-b52e-10f93d35b05b	12	3318489	3318572	2	-0.6433
77b628c4-5573-4c4d-b52e-10f93d35b05b	12	3319262	6254982	2473	0.4983
77b628c4-5573-4c4d-b52e-10f93d35b05b	12	6258063	9481274	1547	0.4296
77b628c4-5573-4c4d-b52e-10f93d35b05b	12	9485313	9562969	22	-1.4224
77b628c4-5573-4c4d-b52e-10f93d35b05b	12	9575696	31127656	15193	0.4778
77b628c4-5573-4c4d-b52e-10f93d35b05b	12	31128312	33129292	1369	0.4257
77b628c4-5573-4c4d-b52e-10f93d35b05b	12	33129371	48348741	7367	0.4873
77b628c4-5573-4c4d-b52e-10f93d35b05b	12	48353466	49257201	414	0.4145
77b628c4-5573-4c4d-b52e-10f93d35b05b	12	49258728	49291300	14	-0.0447
77b628c4-5573-4c4d-b52e-10f93d35b05b	12	49292869	52209287	1479	0.434
77b628c4-5573-4c4d-b52e-10f93d35b05b	12	52209527	52784020	575	0.519
77b628c4-5573-4c4d-b52e-10f93d35b05b	12	52784154	53696168	462	0.3801
77b628c4-5573-4c4d-b52e-10f93d35b05b	12	53696482	55687065	1201	0.4551
77b628c4-5573-4c4d-b52e-10f93d35b05b	12	55690850	57914390	1026	0.3998
77b628c4-5573-4c4d-b52e-10f93d35b05b	12	57919857	58327448	284	0.4739
77b628c4-5573-4c4d-b52e-10f93d35b05b	12	58336368	58336379	2	-1.3506
77b628c4-5573-4c4d-b52e-10f93d35b05b	12	58337065	87369661	18429	0.4765
77b628c4-5573-4c4d-b52e-10f93d35b05b	12	87369716	87369847	5	-0.7609
77b628c4-5573-4c4d-b52e-10f93d35b05b	12	87370018	99398036	8048	0.4753
77b628c4-5573-4c4d-b52e-10f93d35b05b	12	99401515	99404956	31	-0.0838
77b628c4-5573-4c4d-b52e-10f93d35b05b	12	99409315	108369148	6115	0.4862
77b628c4-5573-4c4d-b52e-10f93d35b05b	12	108369895	112568541	2243	0.4184
77b628c4-5573-4c4d-b52e-10f93d35b05b	12	112568879	119512562	5266	0.4752
77b628c4-5573-4c4d-b52e-10f93d35b05b	12	119515050	123771351	1976	0.41
77b628c4-5573-4c4d-b52e-10f93d35b05b	12	123773960	124838694	691	0.4858
77b628c4-5573-4c4d-b52e-10f93d35b05b	12	124839079	125025558	121	0.3607
77b628c4-5573-4c4d-b52e-10f93d35b05b	12	125026997	126640834	1338	0.4886
77b628c4-5573-4c4d-b52e-10f93d35b05b	12	126641198	126645946	2	-0.927
77b628c4-5573-4c4d-b52e-10f93d35b05b	12	126646494	133201603	4944	0.4908
77b628c4-5573-4c4d-b52e-10f93d35b05b	13	18452809	23055048	2850	-0.2021
77b628c4-5573-4c4d-b52e-10f93d35b05b	13	23055071	23059376	13	-1.9696
77b628c4-5573-4c4d-b52e-10f93d35b05b	13	23064056	37496998	10587	-0.205
77b628c4-5573-4c4d-b52e-10f93d35b05b	13	37497899	37510620	16	0.4194
77b628c4-5573-4c4d-b52e-10f93d35b05b	13	37514193	38478674	699	-0.2113
77b628c4-5573-4c4d-b52e-10f93d35b05b	13	38483435	38483919	2	-2.2689
77b628c4-5573-4c4d-b52e-10f93d35b05b	13	38490920	42723457	2977	-0.1992
77b628c4-5573-4c4d-b52e-10f93d35b05b	13	42728151	42728470	3	-2.3956
77b628c4-5573-4c4d-b52e-10f93d35b05b	13	42729555	52785718	6301	-0.2083
77b628c4-5573-4c4d-b52e-10f93d35b05b	13	52787160	52788848	2	-3.1472
77b628c4-5573-4c4d-b52e-10f93d35b05b	13	52789648	57175585	2509	-0.2044
77b628c4-5573-4c4d-b52e-10f93d35b05b	13	57175642	57192665	24	0.2192
77b628c4-5573-4c4d-b52e-10f93d35b05b	13	57192687	68674201	6894	-0.1929
77b628c4-5573-4c4d-b52e-10f93d35b05b	13	68674425	68675349	5	-2.2362
77b628c4-5573-4c4d-b52e-10f93d35b05b	13	68676647	68684883	9	-0.2714
77b628c4-5573-4c4d-b52e-10f93d35b05b	13	68685082	68694110	21	-2.1077
77b628c4-5573-4c4d-b52e-10f93d35b05b	13	68694987	112639172	30312	-0.1976
77b628c4-5573-4c4d-b52e-10f93d35b05b	13	112639187	114342922	778	-0.2629
77b628c4-5573-4c4d-b52e-10f93d35b05b	14	18239283	19185951	39	0.2558
77b628c4-5573-4c4d-b52e-10f93d35b05b	14	19197351	19637253	20	0.8647
77b628c4-5573-4c4d-b52e-10f93d35b05b	14	19650668	19952080	106	1.289
77b628c4-5573-4c4d-b52e-10f93d35b05b	14	19954424	21928296	1362	0.6097
77b628c4-5573-4c4d-b52e-10f93d35b05b	14	21928444	22490949	458	0.8498
77b628c4-5573-4c4d-b52e-10f93d35b05b	14	22490986	24025440	919	0.5939
77b628c4-5573-4c4d-b52e-10f93d35b05b	14	24025841	24031436	13	-0.0178
77b628c4-5573-4c4d-b52e-10f93d35b05b	14	24031630	26294421	1538	0.6403
77b628c4-5573-4c4d-b52e-10f93d35b05b	14	26300516	26300519	3	-0.3254
77b628c4-5573-4c4d-b52e-10f93d35b05b	14	26300708	34430094	5209	0.6359
77b628c4-5573-4c4d-b52e-10f93d35b05b	14	34440264	35409053	473	0.5408
77b628c4-5573-4c4d-b52e-10f93d35b05b	14	35409225	37653646	1453	0.6391
77b628c4-5573-4c4d-b52e-10f93d35b05b	14	37659502	37659826	2	-0.6552
77b628c4-5573-4c4d-b52e-10f93d35b05b	14	37665374	40139724	1426	0.622
77b628c4-5573-4c4d-b52e-10f93d35b05b	14	40144718	40147715	2	-1.9621
77b628c4-5573-4c4d-b52e-10f93d35b05b	14	40148961	41141487	723	0.6201
77b628c4-5573-4c4d-b52e-10f93d35b05b	14	41145917	41184774	11	1.193
77b628c4-5573-4c4d-b52e-10f93d35b05b	14	41188046	63481569	14134	0.634
77b628c4-5573-4c4d-b52e-10f93d35b05b	14	63485151	65039336	1050	0.5714
77b628c4-5573-4c4d-b52e-10f93d35b05b	14	65040210	69547035	2624	0.6289
77b628c4-5573-4c4d-b52e-10f93d35b05b	14	69547076	69555750	12	-0.2281
77b628c4-5573-4c4d-b52e-10f93d35b05b	14	69555996	69763018	105	0.5534
77b628c4-5573-4c4d-b52e-10f93d35b05b	14	69766060	72823569	2136	0.6372
77b628c4-5573-4c4d-b52e-10f93d35b05b	14	72824001	73540147	383	0.561
77b628c4-5573-4c4d-b52e-10f93d35b05b	14	73542710	73554275	6	1.4894
77b628c4-5573-4c4d-b52e-10f93d35b05b	14	73563196	75282714	935	0.5698
77b628c4-5573-4c4d-b52e-10f93d35b05b	14	75283172	89208097	9399	0.6326
77b628c4-5573-4c4d-b52e-10f93d35b05b	14	89211491	93272317	2571	0.5967
77b628c4-5573-4c4d-b52e-10f93d35b05b	14	93272530	97951987	3516	0.6435
77b628c4-5573-4c4d-b52e-10f93d35b05b	14	97954556	97963568	13	-0.2686
77b628c4-5573-4c4d-b52e-10f93d35b05b	14	97966886	101854732	2712	0.6368
77b628c4-5573-4c4d-b52e-10f93d35b05b	14	101859682	106117964	1612	0.5727
77b628c4-5573-4c4d-b52e-10f93d35b05b	14	106120996	106294689	77	1.313
77b628c4-5573-4c4d-b52e-10f93d35b05b	14	106297265	106877229	298	0.6596
77b628c4-5573-4c4d-b52e-10f93d35b05b	15	19811075	20001686	45	-0.1411
77b628c4-5573-4c4d-b52e-10f93d35b05b	15	20011702	20376311	50	-1.1728
77b628c4-5573-4c4d-b52e-10f93d35b05b	15	20380735	20384789	12	-2.2017
77b628c4-5573-4c4d-b52e-10f93d35b05b	15	20384907	20670989	44	-1.298
77b628c4-5573-4c4d-b52e-10f93d35b05b	15	20981071	20988347	5	0.1412
77b628c4-5573-4c4d-b52e-10f93d35b05b	15	21005443	22299523	49	-1.0386
77b628c4-5573-4c4d-b52e-10f93d35b05b	15	22385639	30231102	4630	-0.2028
77b628c4-5573-4c4d-b52e-10f93d35b05b	15	30252720	30297594	10	0.6496
77b628c4-5573-4c4d-b52e-10f93d35b05b	15	30300815	60624948	19170	-0.2
77b628c4-5573-4c4d-b52e-10f93d35b05b	15	60625076	60639057	6	-5.6492
77b628c4-5573-4c4d-b52e-10f93d35b05b	15	60639141	76598900	9834	-0.2035
77b628c4-5573-4c4d-b52e-10f93d35b05b	15	76599170	76603434	21	0.8036
77b628c4-5573-4c4d-b52e-10f93d35b05b	15	76609838	101928837	17589	-0.1992
77b628c4-5573-4c4d-b52e-10f93d35b05b	16	10777	12016	3	-0.5257
77b628c4-5573-4c4d-b52e-10f93d35b05b	16	35827	41010	8	0.8198
77b628c4-5573-4c4d-b52e-10f93d35b05b	16	41192	5136459	2196	0.5202
77b628c4-5573-4c4d-b52e-10f93d35b05b	16	5136711	14895982	8899	0.5902
77b628c4-5573-4c4d-b52e-10f93d35b05b	16	14954911	15014730	51	0.2957
77b628c4-5573-4c4d-b52e-10f93d35b05b	16	15022400	17912720	1444	0.583
77b628c4-5573-4c4d-b52e-10f93d35b05b	16	17913366	17913644	3	-0.3838
77b628c4-5573-4c4d-b52e-10f93d35b05b	16	17914072	18144432	151	0.6498
77b628c4-5573-4c4d-b52e-10f93d35b05b	16	18148869	18624482	21	0.1987
77b628c4-5573-4c4d-b52e-10f93d35b05b	16	18665971	19932678	681	0.5791
77b628c4-5573-4c4d-b52e-10f93d35b05b	16	19933041	19954510	28	0.9117
77b628c4-5573-4c4d-b52e-10f93d35b05b	16	19954553	27930160	5067	0.5858
77b628c4-5573-4c4d-b52e-10f93d35b05b	16	27930224	29331280	515	0.5237
77b628c4-5573-4c4d-b52e-10f93d35b05b	16	29335808	29340518	3	-1.9165
77b628c4-5573-4c4d-b52e-10f93d35b05b	16	29347043	31525098	671	0.4828
77b628c4-5573-4c4d-b52e-10f93d35b05b	16	31525421	55761136	7170	0.587
77b628c4-5573-4c4d-b52e-10f93d35b05b	16	55762477	55788485	21	-0.1313
77b628c4-5573-4c4d-b52e-10f93d35b05b	16	55788532	56533774	458	0.6183
77b628c4-5573-4c4d-b52e-10f93d35b05b	16	56534588	59009967	1504	0.5431
77b628c4-5573-4c4d-b52e-10f93d35b05b	16	59010195	66706957	5284	0.5949
77b628c4-5573-4c4d-b52e-10f93d35b05b	16	66711120	70536137	1647	0.5196
77b628c4-5573-4c4d-b52e-10f93d35b05b	16	70540076	71411466	316	0.6141
77b628c4-5573-4c4d-b52e-10f93d35b05b	16	71412455	71422239	6	-0.2582
77b628c4-5573-4c4d-b52e-10f93d35b05b	16	71429699	75628322	2549	0.5696
77b628c4-5573-4c4d-b52e-10f93d35b05b	16	75628880	75638172	11	-0.3745
77b628c4-5573-4c4d-b52e-10f93d35b05b	16	75644419	81164577	5748	0.5955
77b628c4-5573-4c4d-b52e-10f93d35b05b	16	81165827	81237517	81	1.1688
77b628c4-5573-4c4d-b52e-10f93d35b05b	16	81239570	81298307	33	0.9102
77b628c4-5573-4c4d-b52e-10f93d35b05b	16	81299765	81308609	15	1.1597
77b628c4-5573-4c4d-b52e-10f93d35b05b	16	81311719	90096867	7234	0.589
77b628c4-5573-4c4d-b52e-10f93d35b05b	17	150733	15134796	9664	-0.2374
77b628c4-5573-4c4d-b52e-10f93d35b05b	17	15140609	15151185	30	-2.756
77b628c4-5573-4c4d-b52e-10f93d35b05b	17	15155674	18414080	1679	-0.2325
77b628c4-5573-4c4d-b52e-10f93d35b05b	17	18452078	18592992	30	0.2502
77b628c4-5573-4c4d-b52e-10f93d35b05b	17	18593989	28177519	2137	-0.205
77b628c4-5573-4c4d-b52e-10f93d35b05b	17	28179117	32745975	2049	-0.2455
77b628c4-5573-4c4d-b52e-10f93d35b05b	17	32746830	36157718	2662	-0.1908
77b628c4-5573-4c4d-b52e-10f93d35b05b	17	36200725	36208249	2	1.3423
77b628c4-5573-4c4d-b52e-10f93d35b05b	17	36460442	39712252	1657	-0.2335
77b628c4-5573-4c4d-b52e-10f93d35b05b	17	39712276	39712509	5	0.5393
77b628c4-5573-4c4d-b52e-10f93d35b05b	17	39712803	41265456	854	-0.2197
77b628c4-5573-4c4d-b52e-10f93d35b05b	17	41266762	41273934	22	-0.8107
77b628c4-5573-4c4d-b52e-10f93d35b05b	17	41274198	41360776	79	-0.1929
77b628c4-5573-4c4d-b52e-10f93d35b05b	17	41360793	41366243	25	-2.193
77b628c4-5573-4c4d-b52e-10f93d35b05b	17	41370057	41372886	12	-0.2211
77b628c4-5573-4c4d-b52e-10f93d35b05b	17	41376617	41380422	7	0.8585
77b628c4-5573-4c4d-b52e-10f93d35b05b	17	41391076	46131308	2409	-0.2537
77b628c4-5573-4c4d-b52e-10f93d35b05b	17	46135062	46284643	89	-0.5918
77b628c4-5573-4c4d-b52e-10f93d35b05b	17	46284997	46687628	10	0.637
77b628c4-5573-4c4d-b52e-10f93d35b05b	17	46707286	51233881	2325	-0.2397
77b628c4-5573-4c4d-b52e-10f93d35b05b	17	51242201	51413876	121	-0.1779
77b628c4-5573-4c4d-b52e-10f93d35b05b	17	51415729	51415836	2	-1.747
77b628c4-5573-4c4d-b52e-10f93d35b05b	17	51418878	56632200	3779	-0.1818
77b628c4-5573-4c4d-b52e-10f93d35b05b	17	56632283	83091923	15286	-0.2376
77b628c4-5573-4c4d-b52e-10f93d35b05b	18	48133	40678439	22743	-0.1937
77b628c4-5573-4c4d-b52e-10f93d35b05b	18	40678519	40685425	25	0.2351
77b628c4-5573-4c4d-b52e-10f93d35b05b	18	40689534	56931641	10897	-0.1937
77b628c4-5573-4c4d-b52e-10f93d35b05b	18	56931816	56931889	2	-2.401
77b628c4-5573-4c4d-b52e-10f93d35b05b	18	56933265	66095064	6631	-0.1911
77b628c4-5573-4c4d-b52e-10f93d35b05b	18	66099904	66100686	3	-2.265
77b628c4-5573-4c4d-b52e-10f93d35b05b	18	66108359	80257174	10360	-0.1896
77b628c4-5573-4c4d-b52e-10f93d35b05b	19	90910	12581187	5040	0.5412
77b628c4-5573-4c4d-b52e-10f93d35b05b	19	12586552	12587288	2	-1.2409
77b628c4-5573-4c4d-b52e-10f93d35b05b	19	12589709	19894547	3551	0.5451
77b628c4-5573-4c4d-b52e-10f93d35b05b	19	19895347	20679944	486	0.6351
77b628c4-5573-4c4d-b52e-10f93d35b05b	19	20680064	23771402	1731	0.5766
77b628c4-5573-4c4d-b52e-10f93d35b05b	19	23774271	30793899	2744	0.6302
77b628c4-5573-4c4d-b52e-10f93d35b05b	19	30797211	30797633	2	-1.0056
77b628c4-5573-4c4d-b52e-10f93d35b05b	19	30799692	31740638	725	0.6828
77b628c4-5573-4c4d-b52e-10f93d35b05b	19	31740721	35221020	2308	0.6176
77b628c4-5573-4c4d-b52e-10f93d35b05b	19	35221078	35358420	105	0.5422
77b628c4-5573-4c4d-b52e-10f93d35b05b	19	35364451	35370946	21	-0.0768
77b628c4-5573-4c4d-b52e-10f93d35b05b	19	35375842	36339409	440	0.5418
77b628c4-5573-4c4d-b52e-10f93d35b05b	19	36354973	36356596	11	-0.5714
77b628c4-5573-4c4d-b52e-10f93d35b05b	19	36356735	42811459	3241	0.5666
77b628c4-5573-4c4d-b52e-10f93d35b05b	19	42816985	42980783	76	-0.2183
77b628c4-5573-4c4d-b52e-10f93d35b05b	19	42985803	48438000	2784	0.5707
77b628c4-5573-4c4d-b52e-10f93d35b05b	19	48438019	48621546	66	0.3227
77b628c4-5573-4c4d-b52e-10f93d35b05b	19	48625353	53009562	2361	0.586
77b628c4-5573-4c4d-b52e-10f93d35b05b	19	53010259	53048976	26	1.0286
77b628c4-5573-4c4d-b52e-10f93d35b05b	19	53050987	55771169	1535	0.5786
77b628c4-5573-4c4d-b52e-10f93d35b05b	19	55771663	55771701	2	1.989
77b628c4-5573-4c4d-b52e-10f93d35b05b	19	55774927	55991994	219	0.6148
77b628c4-5573-4c4d-b52e-10f93d35b05b	19	55992324	55994810	2	-1.0253
77b628c4-5573-4c4d-b52e-10f93d35b05b	19	55996661	57029493	687	0.6077
77b628c4-5573-4c4d-b52e-10f93d35b05b	19	57033133	57042807	11	-0.2151
77b628c4-5573-4c4d-b52e-10f93d35b05b	19	57046484	58586487	918	0.5798
77b628c4-5573-4c4d-b52e-10f93d35b05b	20	80664	88767	20	-0.1203
77b628c4-5573-4c4d-b52e-10f93d35b05b	20	89690	92905	3	-1.1155
77b628c4-5573-4c4d-b52e-10f93d35b05b	20	93706	1567154	1152	-0.2238
77b628c4-5573-4c4d-b52e-10f93d35b05b	20	1567239	1609809	66	0.0016
77b628c4-5573-4c4d-b52e-10f93d35b05b	20	1609888	1613247	3	-1.4974
77b628c4-5573-4c4d-b52e-10f93d35b05b	20	1617300	6378394	3441	-0.2234
77b628c4-5573-4c4d-b52e-10f93d35b05b	20	6378489	6380138	2	-2.947
77b628c4-5573-4c4d-b52e-10f93d35b05b	20	6380540	15320728	6927	-0.1954
77b628c4-5573-4c4d-b52e-10f93d35b05b	20	15321256	15321728	3	-2.9537
77b628c4-5573-4c4d-b52e-10f93d35b05b	20	15324612	26324943	8369	-0.1992
77b628c4-5573-4c4d-b52e-10f93d35b05b	20	30185676	30271154	16	-1.4547
77b628c4-5573-4c4d-b52e-10f93d35b05b	20	30293217	64324800	22315	-0.2109
77b628c4-5573-4c4d-b52e-10f93d35b05b	21	10354168	10427776	12	-0.0298
77b628c4-5573-4c4d-b52e-10f93d35b05b	21	10448914	10559033	41	0.2711
77b628c4-5573-4c4d-b52e-10f93d35b05b	21	10568903	10756733	33	0.6349
77b628c4-5573-4c4d-b52e-10f93d35b05b	21	10775586	13081432	13	0.2316
77b628c4-5573-4c4d-b52e-10f93d35b05b	21	13084095	13166157	11	-0.194
77b628c4-5573-4c4d-b52e-10f93d35b05b	21	13166236	13197963	5	0.3501
77b628c4-5573-4c4d-b52e-10f93d35b05b	21	13197978	46677045	23721	0.6019
77b628c4-5573-4c4d-b52e-10f93d35b05b	22	15294547	15825678	33	0.3117
77b628c4-5573-4c4d-b52e-10f93d35b05b	22	15825902	21452112	2679	-0.2986
77b628c4-5573-4c4d-b52e-10f93d35b05b	22	21454896	21491066	7	-1.3255
77b628c4-5573-4c4d-b52e-10f93d35b05b	22	21562864	22114208	397	-0.2572
77b628c4-5573-4c4d-b52e-10f93d35b05b	22	22119549	22120255	6	-2.1268
77b628c4-5573-4c4d-b52e-10f93d35b05b	22	22127104	22398127	333	-0.2142
77b628c4-5573-4c4d-b52e-10f93d35b05b	22	22398345	22398545	4	0.7386
77b628c4-5573-4c4d-b52e-10f93d35b05b	22	22402989	23232307	475	-0.2725
77b628c4-5573-4c4d-b52e-10f93d35b05b	22	23234925	23235402	2	-2.1281
77b628c4-5573-4c4d-b52e-10f93d35b05b	22	23239115	23987520	454	-0.3384
77b628c4-5573-4c4d-b52e-10f93d35b05b	22	23988078	23989773	2	-2.593
77b628c4-5573-4c4d-b52e-10f93d35b05b	22	23990431	28606937	3814	-0.285
77b628c4-5573-4c4d-b52e-10f93d35b05b	22	28611845	32086619	1968	-0.3371
77b628c4-5573-4c4d-b52e-10f93d35b05b	22	32087363	35594967	3073	-0.2891
77b628c4-5573-4c4d-b52e-10f93d35b05b	22	35597968	35600643	5	-1.0788
77b628c4-5573-4c4d-b52e-10f93d35b05b	22	35602537	36127951	295	-0.2912
77b628c4-5573-4c4d-b52e-10f93d35b05b	22	36130794	38894915	1625	-0.3455
77b628c4-5573-4c4d-b52e-10f93d35b05b	22	38899250	38900899	3	-3.1082
77b628c4-5573-4c4d-b52e-10f93d35b05b	22	38903109	42827943	2106	-0.3395
77b628c4-5573-4c4d-b52e-10f93d35b05b	22	42829168	42829186	2	-2.1123
77b628c4-5573-4c4d-b52e-10f93d35b05b	22	42830593	44737460	1488	-0.3145
77b628c4-5573-4c4d-b52e-10f93d35b05b	22	44739926	44740431	2	-2.3963
77b628c4-5573-4c4d-b52e-10f93d35b05b	22	44740755	48271349	2692	-0.3214
77b628c4-5573-4c4d-b52e-10f93d35b05b	22	48272681	48272948	3	-1.5813
77b628c4-5573-4c4d-b52e-10f93d35b05b	22	48274903	48872888	534	-0.3078
77b628c4-5573-4c4d-b52e-10f93d35b05b	22	48874111	48874730	2	-2.2354
77b628c4-5573-4c4d-b52e-10f93d35b05b	22	48877479	50796027	1230	-0.338
77b628c4-5573-4c4d-b52e-10f93d35b05b	X	251810	6394370	2843	-0.0119
77b628c4-5573-4c4d-b52e-10f93d35b05b	X	6394578	6399757	2	-1.6258
77b628c4-5573-4c4d-b52e-10f93d35b05b	X	6402386	19049303	8601	0.0025
77b628c4-5573-4c4d-b52e-10f93d35b05b	X	19053250	19053414	2	-2.1958
77b628c4-5573-4c4d-b52e-10f93d35b05b	X	19054968	151124426	69706	0.0034
77b628c4-5573-4c4d-b52e-10f93d35b05b	X	151125462	151126987	2	-1.9856
77b628c4-5573-4c4d-b52e-10f93d35b05b	X	151128083	155952689	2358	-0.0086
77b628c4-5573-4c4d-b52e-10f93d35b05b	Y	2782397	6043823	714	-2.6943
77b628c4-5573-4c4d-b52e-10f93d35b05b	Y	6044040	8484811	1143	-2.9947
77b628c4-5573-4c4d-b52e-10f93d35b05b	Y	8485666	9588003	418	-3.3568
77b628c4-5573-4c4d-b52e-10f93d35b05b	Y	9590178	13478396	990	-2.9318
77b628c4-5573-4c4d-b52e-10f93d35b05b	Y	13478462	13482643	3	-7.6945
77b628c4-5573-4c4d-b52e-10f93d35b05b	Y	13483009	25169825	3193	-3.0361
77b628c4-5573-4c4d-b52e-10f93d35b05b	Y	25472063	56872112	179	-2.7118
