GDC_Aliquot	Chromosome	Start	End	Num_Probes	Segment_Mean
4c1c12d0-aad4-47cb-b27a-d3426d4e44a7	1	62920	25256138	13935	-0.3099
4c1c12d0-aad4-47cb-b27a-d3426d4e44a7	1	25256188	25320455	28	0.3377
4c1c12d0-aad4-47cb-b27a-d3426d4e44a7	1	25336819	34637053	4922	-0.3077
4c1c12d0-aad4-47cb-b27a-d3426d4e44a7	1	34637069	34637435	5	-1.7198
4c1c12d0-aad4-47cb-b27a-d3426d4e44a7	1	34637541	34638226	5	-0.4402
4c1c12d0-aad4-47cb-b27a-d3426d4e44a7	1	34638263	34638890	9	-2.9546
4c1c12d0-aad4-47cb-b27a-d3426d4e44a7	1	34648667	36401633	786	-0.3001
4c1c12d0-aad4-47cb-b27a-d3426d4e44a7	1	36407064	36407648	2	-2.9296
4c1c12d0-aad4-47cb-b27a-d3426d4e44a7	1	36407717	38276616	1142	-0.2797
4c1c12d0-aad4-47cb-b27a-d3426d4e44a7	1	38277226	38277257	2	-2.224
4c1c12d0-aad4-47cb-b27a-d3426d4e44a7	1	38278148	44306421	3473	-0.2915
4c1c12d0-aad4-47cb-b27a-d3426d4e44a7	1	44310568	44310653	2	-2.0029
4c1c12d0-aad4-47cb-b27a-d3426d4e44a7	1	44313201	54624527	5554	-0.285
4c1c12d0-aad4-47cb-b27a-d3426d4e44a7	1	54627618	54628716	2	-2.3624
4c1c12d0-aad4-47cb-b27a-d3426d4e44a7	1	54630777	72302815	12601	-0.2688
4c1c12d0-aad4-47cb-b27a-d3426d4e44a7	1	72303233	72346221	47	-1.0552
4c1c12d0-aad4-47cb-b27a-d3426d4e44a7	1	72346757	89009572	10833	-0.2619
4c1c12d0-aad4-47cb-b27a-d3426d4e44a7	1	89012275	89012522	2	-2.3613
4c1c12d0-aad4-47cb-b27a-d3426d4e44a7	1	89015841	105476688	9928	-0.2696
4c1c12d0-aad4-47cb-b27a-d3426d4e44a7	1	105476748	105479722	12	-1.4946
4c1c12d0-aad4-47cb-b27a-d3426d4e44a7	1	105479738	112147704	4561	-0.2722
4c1c12d0-aad4-47cb-b27a-d3426d4e44a7	1	112153343	112154768	25	-1.3994
4c1c12d0-aad4-47cb-b27a-d3426d4e44a7	1	112163334	143494500	5119	-0.2756
4c1c12d0-aad4-47cb-b27a-d3426d4e44a7	1	143541857	143796140	117	-1.963
4c1c12d0-aad4-47cb-b27a-d3426d4e44a7	1	143811517	152583051	2295	-0.29
4c1c12d0-aad4-47cb-b27a-d3426d4e44a7	1	152583230	152614118	35	1.0429
4c1c12d0-aad4-47cb-b27a-d3426d4e44a7	1	152618018	152787202	164	-0.2216
4c1c12d0-aad4-47cb-b27a-d3426d4e44a7	1	152789447	152796224	37	0.2377
4c1c12d0-aad4-47cb-b27a-d3426d4e44a7	1	152801429	169247699	11170	-0.2821
4c1c12d0-aad4-47cb-b27a-d3426d4e44a7	1	169264736	169272528	7	-2.126
4c1c12d0-aad4-47cb-b27a-d3426d4e44a7	1	169273163	174827267	3481	-0.2673
4c1c12d0-aad4-47cb-b27a-d3426d4e44a7	1	174827418	174832702	16	-2.4533
4c1c12d0-aad4-47cb-b27a-d3426d4e44a7	1	174832716	248930189	50041	-0.2773
4c1c12d0-aad4-47cb-b27a-d3426d4e44a7	2	12784	34466002	23884	-0.26
4c1c12d0-aad4-47cb-b27a-d3426d4e44a7	2	34474248	34512096	47	-1.3838
4c1c12d0-aad4-47cb-b27a-d3426d4e44a7	2	34512489	52527330	12867	-0.2569
4c1c12d0-aad4-47cb-b27a-d3426d4e44a7	2	52527342	52554404	39	-2.0095
4c1c12d0-aad4-47cb-b27a-d3426d4e44a7	2	52560811	70114443	11457	-0.2563
4c1c12d0-aad4-47cb-b27a-d3426d4e44a7	2	70116958	70154653	25	0.6085
4c1c12d0-aad4-47cb-b27a-d3426d4e44a7	2	70162768	97359380	12151	-0.257
4c1c12d0-aad4-47cb-b27a-d3426d4e44a7	2	97359885	97545726	10	-1.0677
4c1c12d0-aad4-47cb-b27a-d3426d4e44a7	2	97550415	106258266	5518	-0.2664
4c1c12d0-aad4-47cb-b27a-d3426d4e44a7	2	106263639	106268901	12	0.6726
4c1c12d0-aad4-47cb-b27a-d3426d4e44a7	2	106270799	137224578	18202	-0.2505
4c1c12d0-aad4-47cb-b27a-d3426d4e44a7	2	137226077	137226691	4	-2.2
4c1c12d0-aad4-47cb-b27a-d3426d4e44a7	2	137227715	146107526	5421	-0.2363
4c1c12d0-aad4-47cb-b27a-d3426d4e44a7	2	146107615	146109366	17	-1.6365
4c1c12d0-aad4-47cb-b27a-d3426d4e44a7	2	146120238	163780342	10487	-0.2376
4c1c12d0-aad4-47cb-b27a-d3426d4e44a7	2	163786978	163788616	5	-4.554
4c1c12d0-aad4-47cb-b27a-d3426d4e44a7	2	163790132	242147305	48009	-0.249
4c1c12d0-aad4-47cb-b27a-d3426d4e44a7	3	20930	2078531	1821	-0.2921
4c1c12d0-aad4-47cb-b27a-d3426d4e44a7	3	2080181	2081164	4	-1.8681
4c1c12d0-aad4-47cb-b27a-d3426d4e44a7	3	2088365	6275672	3651	-0.2672
4c1c12d0-aad4-47cb-b27a-d3426d4e44a7	3	6277576	6293785	19	0.7832
4c1c12d0-aad4-47cb-b27a-d3426d4e44a7	3	6296749	68682877	41835	-0.2807
4c1c12d0-aad4-47cb-b27a-d3426d4e44a7	3	68697013	68698262	15	1.107
4c1c12d0-aad4-47cb-b27a-d3426d4e44a7	3	68699607	143566923	42695	-0.2676
4c1c12d0-aad4-47cb-b27a-d3426d4e44a7	3	143566958	143567132	4	1.5223
4c1c12d0-aad4-47cb-b27a-d3426d4e44a7	3	143567959	162795304	11796	-0.2654
4c1c12d0-aad4-47cb-b27a-d3426d4e44a7	3	162795361	162898127	61	-1.5996
4c1c12d0-aad4-47cb-b27a-d3426d4e44a7	3	162906054	175227779	7464	-0.2752
4c1c12d0-aad4-47cb-b27a-d3426d4e44a7	3	175228122	175228137	2	-2.6567
4c1c12d0-aad4-47cb-b27a-d3426d4e44a7	3	175228157	193160113	11543	-0.2777
4c1c12d0-aad4-47cb-b27a-d3426d4e44a7	3	193160173	193165114	19	-1.1216
4c1c12d0-aad4-47cb-b27a-d3426d4e44a7	3	193168646	195558822	1469	-0.2912
4c1c12d0-aad4-47cb-b27a-d3426d4e44a7	3	195559056	195691392	7	-2.2633
4c1c12d0-aad4-47cb-b27a-d3426d4e44a7	3	195695418	198169247	1198	-0.3181
4c1c12d0-aad4-47cb-b27a-d3426d4e44a7	4	68929	10208766	5651	-0.2983
4c1c12d0-aad4-47cb-b27a-d3426d4e44a7	4	10221792	10234518	36	-1.6101
4c1c12d0-aad4-47cb-b27a-d3426d4e44a7	4	10236812	34784878	16815	-0.2779
4c1c12d0-aad4-47cb-b27a-d3426d4e44a7	4	34785333	34823103	37	0.6526
4c1c12d0-aad4-47cb-b27a-d3426d4e44a7	4	34828250	53220572	9682	-0.2818
4c1c12d0-aad4-47cb-b27a-d3426d4e44a7	4	53222767	53536271	179	-1.0969
4c1c12d0-aad4-47cb-b27a-d3426d4e44a7	4	53537809	68378716	9399	-0.278
4c1c12d0-aad4-47cb-b27a-d3426d4e44a7	4	68389352	68506285	21	-0.6987
4c1c12d0-aad4-47cb-b27a-d3426d4e44a7	4	68509223	68623617	65	-1.4457
4c1c12d0-aad4-47cb-b27a-d3426d4e44a7	4	68639397	103758278	21134	-0.2711
4c1c12d0-aad4-47cb-b27a-d3426d4e44a7	4	103760874	103761033	2	-2.9716
4c1c12d0-aad4-47cb-b27a-d3426d4e44a7	4	103762104	114252544	6303	-0.2604
4c1c12d0-aad4-47cb-b27a-d3426d4e44a7	4	114254167	114261019	23	0.6234
4c1c12d0-aad4-47cb-b27a-d3426d4e44a7	4	114263073	137171085	13100	-0.2641
4c1c12d0-aad4-47cb-b27a-d3426d4e44a7	4	137171266	137172260	13	-2.2634
4c1c12d0-aad4-47cb-b27a-d3426d4e44a7	4	137173804	146081134	5488	-0.2596
4c1c12d0-aad4-47cb-b27a-d3426d4e44a7	4	146082936	146083397	2	-2.0614
4c1c12d0-aad4-47cb-b27a-d3426d4e44a7	4	146085961	154881396	5203	-0.2695
4c1c12d0-aad4-47cb-b27a-d3426d4e44a7	4	154881853	154881905	2	-2.5424
4c1c12d0-aad4-47cb-b27a-d3426d4e44a7	4	154881926	172068149	10896	-0.2629
4c1c12d0-aad4-47cb-b27a-d3426d4e44a7	4	172068222	172068354	6	-2.0196
4c1c12d0-aad4-47cb-b27a-d3426d4e44a7	4	172068368	190106768	11955	-0.2707
4c1c12d0-aad4-47cb-b27a-d3426d4e44a7	5	15532	742574	323	0.5849
4c1c12d0-aad4-47cb-b27a-d3426d4e44a7	5	760901	833513	29	1.2185
4c1c12d0-aad4-47cb-b27a-d3426d4e44a7	5	852451	5680920	4036	0.6518
4c1c12d0-aad4-47cb-b27a-d3426d4e44a7	5	5682419	5713974	30	1.2208
4c1c12d0-aad4-47cb-b27a-d3426d4e44a7	5	5715019	12800777	5698	0.6572
4c1c12d0-aad4-47cb-b27a-d3426d4e44a7	5	12815668	12838421	14	1.4662
4c1c12d0-aad4-47cb-b27a-d3426d4e44a7	5	12849089	104515520	51999	0.6556
4c1c12d0-aad4-47cb-b27a-d3426d4e44a7	5	104524672	104524903	4	2.3376
4c1c12d0-aad4-47cb-b27a-d3426d4e44a7	5	104525348	150822643	29523	0.6542
4c1c12d0-aad4-47cb-b27a-d3426d4e44a7	5	150825938	150839042	8	-0.255
4c1c12d0-aad4-47cb-b27a-d3426d4e44a7	5	150843825	156049910	3608	0.6577
4c1c12d0-aad4-47cb-b27a-d3426d4e44a7	5	156049988	156068249	15	-0.3877
4c1c12d0-aad4-47cb-b27a-d3426d4e44a7	5	156073982	158084486	1351	0.6347
4c1c12d0-aad4-47cb-b27a-d3426d4e44a7	5	158085807	172681855	10174	0.6624
4c1c12d0-aad4-47cb-b27a-d3426d4e44a7	5	172682938	180766779	4861	0.6111
4c1c12d0-aad4-47cb-b27a-d3426d4e44a7	5	180767185	180768522	3	-1.2957
4c1c12d0-aad4-47cb-b27a-d3426d4e44a7	5	180769816	180947523	99	0.6305
4c1c12d0-aad4-47cb-b27a-d3426d4e44a7	5	180951710	181015400	21	1.202
4c1c12d0-aad4-47cb-b27a-d3426d4e44a7	5	181015441	181363319	166	0.6211
4c1c12d0-aad4-47cb-b27a-d3426d4e44a7	6	149661	294725	123	0.2968
4c1c12d0-aad4-47cb-b27a-d3426d4e44a7	6	294837	382897	81	0.5541
4c1c12d0-aad4-47cb-b27a-d3426d4e44a7	6	384109	6025978	4608	0.2447
4c1c12d0-aad4-47cb-b27a-d3426d4e44a7	6	6033698	6034203	3	-1.2552
4c1c12d0-aad4-47cb-b27a-d3426d4e44a7	6	6036812	23742789	13252	0.2475
4c1c12d0-aad4-47cb-b27a-d3426d4e44a7	6	23744444	23745202	2	-2.5393
4c1c12d0-aad4-47cb-b27a-d3426d4e44a7	6	23747504	26852134	2019	0.2405
4c1c12d0-aad4-47cb-b27a-d3426d4e44a7	6	26855247	26862132	4	-0.8314
4c1c12d0-aad4-47cb-b27a-d3426d4e44a7	6	26862248	29882497	1414	0.2465
4c1c12d0-aad4-47cb-b27a-d3426d4e44a7	6	29882589	29933799	18	-0.2315
4c1c12d0-aad4-47cb-b27a-d3426d4e44a7	6	29940692	31309909	630	0.245
4c1c12d0-aad4-47cb-b27a-d3426d4e44a7	6	31313046	31328674	11	-2.0121
4c1c12d0-aad4-47cb-b27a-d3426d4e44a7	6	31342147	32485152	492	0.2453
4c1c12d0-aad4-47cb-b27a-d3426d4e44a7	6	32486498	32602588	29	2.1873
4c1c12d0-aad4-47cb-b27a-d3426d4e44a7	6	32605994	32658841	32	0.9408
4c1c12d0-aad4-47cb-b27a-d3426d4e44a7	6	32682835	32722250	44	0.2484
4c1c12d0-aad4-47cb-b27a-d3426d4e44a7	6	32723020	32723053	3	1.6684
4c1c12d0-aad4-47cb-b27a-d3426d4e44a7	6	32732907	33970222	745	0.2294
4c1c12d0-aad4-47cb-b27a-d3426d4e44a7	6	33970966	33974706	4	-1.1016
4c1c12d0-aad4-47cb-b27a-d3426d4e44a7	6	33974794	45774888	7388	0.2283
4c1c12d0-aad4-47cb-b27a-d3426d4e44a7	6	45774929	45775213	2	-1.4483
4c1c12d0-aad4-47cb-b27a-d3426d4e44a7	6	45775256	49467981	2393	0.2647
4c1c12d0-aad4-47cb-b27a-d3426d4e44a7	6	49468818	49472092	2	-1.6612
4c1c12d0-aad4-47cb-b27a-d3426d4e44a7	6	49472547	51712738	1328	0.2604
4c1c12d0-aad4-47cb-b27a-d3426d4e44a7	6	51714797	51715127	2	-2.1166
4c1c12d0-aad4-47cb-b27a-d3426d4e44a7	6	51715278	66331020	7026	0.2632
4c1c12d0-aad4-47cb-b27a-d3426d4e44a7	6	66331558	66333299	6	-1.1568
4c1c12d0-aad4-47cb-b27a-d3426d4e44a7	6	66333342	68428164	1508	0.2596
4c1c12d0-aad4-47cb-b27a-d3426d4e44a7	6	68428437	68432116	2	-1.3499
4c1c12d0-aad4-47cb-b27a-d3426d4e44a7	6	68436135	68976737	338	0.275
4c1c12d0-aad4-47cb-b27a-d3426d4e44a7	6	68977806	68981476	4	-1.5086
4c1c12d0-aad4-47cb-b27a-d3426d4e44a7	6	68987514	73882142	3121	0.2569
4c1c12d0-aad4-47cb-b27a-d3426d4e44a7	6	73882509	73887625	9	-0.7377
4c1c12d0-aad4-47cb-b27a-d3426d4e44a7	6	73891694	76726442	1762	0.2452
4c1c12d0-aad4-47cb-b27a-d3426d4e44a7	6	76726815	76742972	21	1.0863
4c1c12d0-aad4-47cb-b27a-d3426d4e44a7	6	76743040	78253172	969	0.2549
4c1c12d0-aad4-47cb-b27a-d3426d4e44a7	6	78259348	78269636	19	0.7472
4c1c12d0-aad4-47cb-b27a-d3426d4e44a7	6	78269661	78269739	3	-0.3649
4c1c12d0-aad4-47cb-b27a-d3426d4e44a7	6	78269760	78329517	89	0.7008
4c1c12d0-aad4-47cb-b27a-d3426d4e44a7	6	78331916	170741917	59161	0.2615
4c1c12d0-aad4-47cb-b27a-d3426d4e44a7	7	43355	669137	138	0.6623
4c1c12d0-aad4-47cb-b27a-d3426d4e44a7	7	669227	3294965	1219	0.5734
4c1c12d0-aad4-47cb-b27a-d3426d4e44a7	7	3295642	4546901	1060	0.6557
4c1c12d0-aad4-47cb-b27a-d3426d4e44a7	7	4548396	7004379	1042	0.5442
4c1c12d0-aad4-47cb-b27a-d3426d4e44a7	7	7005594	22395161	12468	0.6538
4c1c12d0-aad4-47cb-b27a-d3426d4e44a7	7	22395853	22396868	2	-2.5
4c1c12d0-aad4-47cb-b27a-d3426d4e44a7	7	22399135	38226749	11223	0.6504
4c1c12d0-aad4-47cb-b27a-d3426d4e44a7	7	38228153	38317558	114	0.9339
4c1c12d0-aad4-47cb-b27a-d3426d4e44a7	7	38317577	44526607	3985	0.6516
4c1c12d0-aad4-47cb-b27a-d3426d4e44a7	7	44529411	45099564	265	0.4984
4c1c12d0-aad4-47cb-b27a-d3426d4e44a7	7	45100812	49121079	2860	0.6516
4c1c12d0-aad4-47cb-b27a-d3426d4e44a7	7	49121270	49121473	2	-1.2322
4c1c12d0-aad4-47cb-b27a-d3426d4e44a7	7	49123871	55613605	4914	0.6556
4c1c12d0-aad4-47cb-b27a-d3426d4e44a7	7	55616279	56158728	218	0.4984
4c1c12d0-aad4-47cb-b27a-d3426d4e44a7	7	56162691	70955452	4791	0.6046
4c1c12d0-aad4-47cb-b27a-d3426d4e44a7	7	70958264	70961155	2	-1.7028
4c1c12d0-aad4-47cb-b27a-d3426d4e44a7	7	70963257	73389687	1215	0.6078
4c1c12d0-aad4-47cb-b27a-d3426d4e44a7	7	73390083	75721820	607	0.4821
4c1c12d0-aad4-47cb-b27a-d3426d4e44a7	7	75724865	75734920	8	1.3922
4c1c12d0-aad4-47cb-b27a-d3426d4e44a7	7	75745339	76671318	337	0.5132
4c1c12d0-aad4-47cb-b27a-d3426d4e44a7	7	76672717	97870806	13487	0.6602
4c1c12d0-aad4-47cb-b27a-d3426d4e44a7	7	97870817	100727566	1199	0.5687
4c1c12d0-aad4-47cb-b27a-d3426d4e44a7	7	100731621	100735219	3	-1.5434
4c1c12d0-aad4-47cb-b27a-d3426d4e44a7	7	100753382	102867588	840	0.5508
4c1c12d0-aad4-47cb-b27a-d3426d4e44a7	7	102867661	126405502	14435	0.6535
4c1c12d0-aad4-47cb-b27a-d3426d4e44a7	7	126405597	126406561	10	-0.6246
4c1c12d0-aad4-47cb-b27a-d3426d4e44a7	7	126406822	134100424	4672	0.6358
4c1c12d0-aad4-47cb-b27a-d3426d4e44a7	7	134100442	134121491	37	1.2132
4c1c12d0-aad4-47cb-b27a-d3426d4e44a7	7	134124039	140397009	4014	0.6585
4c1c12d0-aad4-47cb-b27a-d3426d4e44a7	7	140404344	140798654	257	0.5253
4c1c12d0-aad4-47cb-b27a-d3426d4e44a7	7	140798676	142063324	878	0.6519
4c1c12d0-aad4-47cb-b27a-d3426d4e44a7	7	142069843	142092108	32	-2.5076
4c1c12d0-aad4-47cb-b27a-d3426d4e44a7	7	142092307	144012606	1053	0.6658
4c1c12d0-aad4-47cb-b27a-d3426d4e44a7	7	144013003	144014058	7	-0.3309
4c1c12d0-aad4-47cb-b27a-d3426d4e44a7	7	144014076	144176859	137	0.6592
4c1c12d0-aad4-47cb-b27a-d3426d4e44a7	7	144199159	144352208	16	1.3291
4c1c12d0-aad4-47cb-b27a-d3426d4e44a7	7	144377836	150588016	3798	0.6363
4c1c12d0-aad4-47cb-b27a-d3426d4e44a7	7	150588713	150615073	11	-0.2735
4c1c12d0-aad4-47cb-b27a-d3426d4e44a7	7	150615561	159334314	5773	0.6323
4c1c12d0-aad4-47cb-b27a-d3426d4e44a7	8	81254	7414835	7669	-0.2956
4c1c12d0-aad4-47cb-b27a-d3426d4e44a7	8	7422376	8085660	33	0.4046
4c1c12d0-aad4-47cb-b27a-d3426d4e44a7	8	8101440	12374772	3207	-0.2906
4c1c12d0-aad4-47cb-b27a-d3426d4e44a7	8	12374907	12585546	44	0.4104
4c1c12d0-aad4-47cb-b27a-d3426d4e44a7	8	12616034	25114672	10289	-0.2964
4c1c12d0-aad4-47cb-b27a-d3426d4e44a7	8	25116928	25126818	27	0.2032
4c1c12d0-aad4-47cb-b27a-d3426d4e44a7	8	25133589	33907070	5963	-0.3004
4c1c12d0-aad4-47cb-b27a-d3426d4e44a7	8	33907403	33908229	2	-2.3238
4c1c12d0-aad4-47cb-b27a-d3426d4e44a7	8	33912274	39389156	2961	-0.2944
4c1c12d0-aad4-47cb-b27a-d3426d4e44a7	8	39389592	39529446	56	-1.4187
4c1c12d0-aad4-47cb-b27a-d3426d4e44a7	8	39530780	114619814	43439	-0.2802
4c1c12d0-aad4-47cb-b27a-d3426d4e44a7	8	114622258	114629502	34	-1.2398
4c1c12d0-aad4-47cb-b27a-d3426d4e44a7	8	114638468	136670116	15756	-0.2796
4c1c12d0-aad4-47cb-b27a-d3426d4e44a7	8	136675642	136812773	118	-3.9732
4c1c12d0-aad4-47cb-b27a-d3426d4e44a7	8	136813730	136844071	47	-2.5266
4c1c12d0-aad4-47cb-b27a-d3426d4e44a7	8	136848226	136850192	8	-1.4849
4c1c12d0-aad4-47cb-b27a-d3426d4e44a7	8	136851164	141574208	3528	-0.2826
4c1c12d0-aad4-47cb-b27a-d3426d4e44a7	8	141574629	141590139	7	0.7158
4c1c12d0-aad4-47cb-b27a-d3426d4e44a7	8	141592973	143222462	782	-0.2651
4c1c12d0-aad4-47cb-b27a-d3426d4e44a7	8	143227585	143228432	9	0.5956
4c1c12d0-aad4-47cb-b27a-d3426d4e44a7	8	143228447	145072769	629	-0.3073
4c1c12d0-aad4-47cb-b27a-d3426d4e44a7	9	46587	22492890	19611	-0.2702
4c1c12d0-aad4-47cb-b27a-d3426d4e44a7	9	22501914	22502700	2	-3.027
4c1c12d0-aad4-47cb-b27a-d3426d4e44a7	9	22509341	23361807	570	-0.2463
4c1c12d0-aad4-47cb-b27a-d3426d4e44a7	9	23363117	23372401	7	-1.6332
4c1c12d0-aad4-47cb-b27a-d3426d4e44a7	9	23373486	29091099	4287	-0.278
4c1c12d0-aad4-47cb-b27a-d3426d4e44a7	9	29094551	29097682	3	-2.5983
4c1c12d0-aad4-47cb-b27a-d3426d4e44a7	9	29101434	32817575	2590	-0.2395
4c1c12d0-aad4-47cb-b27a-d3426d4e44a7	9	32818041	39547299	3764	-0.31
4c1c12d0-aad4-47cb-b27a-d3426d4e44a7	9	39547492	61520021	200	-0.1583
4c1c12d0-aad4-47cb-b27a-d3426d4e44a7	9	61521913	61647899	29	-1.2522
4c1c12d0-aad4-47cb-b27a-d3426d4e44a7	9	61665362	68370142	174	-0.102
4c1c12d0-aad4-47cb-b27a-d3426d4e44a7	9	68372905	88256306	14277	-0.279
4c1c12d0-aad4-47cb-b27a-d3426d4e44a7	9	88260383	88260444	2	-2.431
4c1c12d0-aad4-47cb-b27a-d3426d4e44a7	9	88260488	91618255	2444	-0.2575
4c1c12d0-aad4-47cb-b27a-d3426d4e44a7	9	91618855	91628524	4	-1.6319
4c1c12d0-aad4-47cb-b27a-d3426d4e44a7	9	91630707	93707815	1229	-0.3071
4c1c12d0-aad4-47cb-b27a-d3426d4e44a7	9	93708429	93711682	4	-2.1332
4c1c12d0-aad4-47cb-b27a-d3426d4e44a7	9	93714940	117783980	17437	-0.2661
4c1c12d0-aad4-47cb-b27a-d3426d4e44a7	9	117784917	117794575	11	-1.0662
4c1c12d0-aad4-47cb-b27a-d3426d4e44a7	9	117798149	121466339	2736	-0.2609
4c1c12d0-aad4-47cb-b27a-d3426d4e44a7	9	121469863	135122081	8108	-0.3188
4c1c12d0-aad4-47cb-b27a-d3426d4e44a7	9	135125009	135125350	3	-2.2733
4c1c12d0-aad4-47cb-b27a-d3426d4e44a7	9	135131747	137325416	809	-0.307
4c1c12d0-aad4-47cb-b27a-d3426d4e44a7	9	137333703	137334669	7	0.415
4c1c12d0-aad4-47cb-b27a-d3426d4e44a7	9	137334684	137358336	10	-0.2378
4c1c12d0-aad4-47cb-b27a-d3426d4e44a7	9	137358495	137361381	4	0.9934
4c1c12d0-aad4-47cb-b27a-d3426d4e44a7	9	137378551	138066439	304	-0.3431
4c1c12d0-aad4-47cb-b27a-d3426d4e44a7	9	138068235	138200944	102	-0.0234
4c1c12d0-aad4-47cb-b27a-d3426d4e44a7	10	45792	24086334	18990	-0.296
4c1c12d0-aad4-47cb-b27a-d3426d4e44a7	10	24088745	24089979	12	0.666
4c1c12d0-aad4-47cb-b27a-d3426d4e44a7	10	24090022	45574604	12077	-0.2891
4c1c12d0-aad4-47cb-b27a-d3426d4e44a7	10	45577424	45580787	5	-2.4459
4c1c12d0-aad4-47cb-b27a-d3426d4e44a7	10	45584888	46617422	330	-0.2095
4c1c12d0-aad4-47cb-b27a-d3426d4e44a7	10	46618028	46632302	3	-3.5247
4c1c12d0-aad4-47cb-b27a-d3426d4e44a7	10	46657149	65546518	12562	-0.261
4c1c12d0-aad4-47cb-b27a-d3426d4e44a7	10	65548165	65554688	28	-1.1632
4c1c12d0-aad4-47cb-b27a-d3426d4e44a7	10	65563037	87286741	14326	-0.2854
4c1c12d0-aad4-47cb-b27a-d3426d4e44a7	10	87310039	87353136	11	-1.6928
4c1c12d0-aad4-47cb-b27a-d3426d4e44a7	10	87357543	105297280	11104	-0.2853
4c1c12d0-aad4-47cb-b27a-d3426d4e44a7	10	105297860	105299412	2	-2.9268
4c1c12d0-aad4-47cb-b27a-d3426d4e44a7	10	105302718	125242493	14311	-0.2722
4c1c12d0-aad4-47cb-b27a-d3426d4e44a7	10	125245146	125258536	4	-1.8917
4c1c12d0-aad4-47cb-b27a-d3426d4e44a7	10	125258679	130746967	4288	-0.2863
4c1c12d0-aad4-47cb-b27a-d3426d4e44a7	10	130748920	130748997	2	-2.4624
4c1c12d0-aad4-47cb-b27a-d3426d4e44a7	10	130749347	133654968	1748	-0.2988
4c1c12d0-aad4-47cb-b27a-d3426d4e44a7	11	198510	1626349	476	-0.3471
4c1c12d0-aad4-47cb-b27a-d3426d4e44a7	11	1627184	1627418	2	-3.2079
4c1c12d0-aad4-47cb-b27a-d3426d4e44a7	11	1628657	3465494	800	-0.3079
4c1c12d0-aad4-47cb-b27a-d3426d4e44a7	11	3466435	3467311	3	-2.8749
4c1c12d0-aad4-47cb-b27a-d3426d4e44a7	11	3485296	4946420	1110	-0.2885
4c1c12d0-aad4-47cb-b27a-d3426d4e44a7	11	4947280	4955042	30	0.3476
4c1c12d0-aad4-47cb-b27a-d3426d4e44a7	11	4955781	5500921	528	-0.2712
4c1c12d0-aad4-47cb-b27a-d3426d4e44a7	11	5500945	5502363	6	-1.4453
4c1c12d0-aad4-47cb-b27a-d3426d4e44a7	11	5503234	16457579	7972	-0.2793
4c1c12d0-aad4-47cb-b27a-d3426d4e44a7	11	16458790	16484716	18	-1.2227
4c1c12d0-aad4-47cb-b27a-d3426d4e44a7	11	16487013	21825348	4205	-0.2845
4c1c12d0-aad4-47cb-b27a-d3426d4e44a7	11	21825960	21827134	4	-3.169
4c1c12d0-aad4-47cb-b27a-d3426d4e44a7	11	21827206	42937561	14556	-0.2766
4c1c12d0-aad4-47cb-b27a-d3426d4e44a7	11	42940281	42949618	7	1.2473
4c1c12d0-aad4-47cb-b27a-d3426d4e44a7	11	42955081	55608547	4430	-0.2838
4c1c12d0-aad4-47cb-b27a-d3426d4e44a7	11	55608760	55695678	59	0.1367
4c1c12d0-aad4-47cb-b27a-d3426d4e44a7	11	55701048	61134962	3315	-0.2801
4c1c12d0-aad4-47cb-b27a-d3426d4e44a7	11	61135774	67593869	2804	-0.3234
4c1c12d0-aad4-47cb-b27a-d3426d4e44a7	11	67603308	68002597	125	-0.0645
4c1c12d0-aad4-47cb-b27a-d3426d4e44a7	11	68002801	78730074	5667	-0.3241
4c1c12d0-aad4-47cb-b27a-d3426d4e44a7	11	78730368	89642789	7717	-0.2683
4c1c12d0-aad4-47cb-b27a-d3426d4e44a7	11	89646024	89648409	4	-2.0794
4c1c12d0-aad4-47cb-b27a-d3426d4e44a7	11	89650684	89741663	44	-0.3885
4c1c12d0-aad4-47cb-b27a-d3426d4e44a7	11	89754781	89768798	4	-2.05
4c1c12d0-aad4-47cb-b27a-d3426d4e44a7	11	89796439	103617775	9836	-0.2685
4c1c12d0-aad4-47cb-b27a-d3426d4e44a7	11	103619231	103619928	2	-2.8671
4c1c12d0-aad4-47cb-b27a-d3426d4e44a7	11	103622368	107359993	2534	-0.266
4c1c12d0-aad4-47cb-b27a-d3426d4e44a7	11	107367930	107368402	7	1.0597
4c1c12d0-aad4-47cb-b27a-d3426d4e44a7	11	107381636	135074876	19742	-0.2842
4c1c12d0-aad4-47cb-b27a-d3426d4e44a7	12	51460	9499454	6141	0.6122
4c1c12d0-aad4-47cb-b27a-d3426d4e44a7	12	9500802	9584060	21	1.1383
4c1c12d0-aad4-47cb-b27a-d3426d4e44a7	12	9584317	11066824	1021	0.6347
4c1c12d0-aad4-47cb-b27a-d3426d4e44a7	12	11068125	11114232	15	1.3737
4c1c12d0-aad4-47cb-b27a-d3426d4e44a7	12	11115108	30081111	13140	0.6336
4c1c12d0-aad4-47cb-b27a-d3426d4e44a7	12	30082346	30090756	27	-0.3757
4c1c12d0-aad4-47cb-b27a-d3426d4e44a7	12	30090789	32177481	1562	0.6167
4c1c12d0-aad4-47cb-b27a-d3426d4e44a7	12	32178261	32181558	3	-0.5715
4c1c12d0-aad4-47cb-b27a-d3426d4e44a7	12	32183952	33141710	672	0.5761
4c1c12d0-aad4-47cb-b27a-d3426d4e44a7	12	33141726	33154031	26	1.1869
4c1c12d0-aad4-47cb-b27a-d3426d4e44a7	12	33154144	48190885	7172	0.636
4c1c12d0-aad4-47cb-b27a-d3426d4e44a7	12	48192035	48331259	85	0.5211
4c1c12d0-aad4-47cb-b27a-d3426d4e44a7	12	48331456	48331632	3	-1.4161
4c1c12d0-aad4-47cb-b27a-d3426d4e44a7	12	48336253	57866874	5137	0.5829
4c1c12d0-aad4-47cb-b27a-d3426d4e44a7	12	57868156	62375551	2888	0.652
4c1c12d0-aad4-47cb-b27a-d3426d4e44a7	12	62375885	62382785	2	2.1532
4c1c12d0-aad4-47cb-b27a-d3426d4e44a7	12	62383166	64619482	1332	0.6284
4c1c12d0-aad4-47cb-b27a-d3426d4e44a7	12	64621634	64634940	19	0.0946
4c1c12d0-aad4-47cb-b27a-d3426d4e44a7	12	64635354	83826558	12386	0.6414
4c1c12d0-aad4-47cb-b27a-d3426d4e44a7	12	83828430	83828764	2	-1.2577
4c1c12d0-aad4-47cb-b27a-d3426d4e44a7	12	83833411	99398036	9952	0.6313
4c1c12d0-aad4-47cb-b27a-d3426d4e44a7	12	99401515	99404956	31	-0.049
4c1c12d0-aad4-47cb-b27a-d3426d4e44a7	12	99409315	108414169	6148	0.6323
4c1c12d0-aad4-47cb-b27a-d3426d4e44a7	12	108414184	113699660	2906	0.5632
4c1c12d0-aad4-47cb-b27a-d3426d4e44a7	12	113701914	116392594	2288	0.6374
4c1c12d0-aad4-47cb-b27a-d3426d4e44a7	12	116393064	125353708	5197	0.5783
4c1c12d0-aad4-47cb-b27a-d3426d4e44a7	12	125357421	128745968	2969	0.6478
4c1c12d0-aad4-47cb-b27a-d3426d4e44a7	12	128746271	128749443	7	-0.2464
4c1c12d0-aad4-47cb-b27a-d3426d4e44a7	12	128749494	133201603	3033	0.6365
4c1c12d0-aad4-47cb-b27a-d3426d4e44a7	13	18452809	37497899	13328	-0.2784
4c1c12d0-aad4-47cb-b27a-d3426d4e44a7	13	37498087	37510620	15	0.5785
4c1c12d0-aad4-47cb-b27a-d3426d4e44a7	13	37514193	71902850	21318	-0.2671
4c1c12d0-aad4-47cb-b27a-d3426d4e44a7	13	71903417	71906418	4	-1.8365
4c1c12d0-aad4-47cb-b27a-d3426d4e44a7	13	71906467	105664476	22686	-0.263
4c1c12d0-aad4-47cb-b27a-d3426d4e44a7	13	105664543	105664629	3	-2.0066
4c1c12d0-aad4-47cb-b27a-d3426d4e44a7	13	105667023	110932159	4248	-0.2863
4c1c12d0-aad4-47cb-b27a-d3426d4e44a7	13	110936805	110937681	2	-2.796
4c1c12d0-aad4-47cb-b27a-d3426d4e44a7	13	110940433	114342922	1851	-0.3195
4c1c12d0-aad4-47cb-b27a-d3426d4e44a7	14	18239283	19140829	36	0.6191
4c1c12d0-aad4-47cb-b27a-d3426d4e44a7	14	19143599	19955213	129	0.0887
4c1c12d0-aad4-47cb-b27a-d3426d4e44a7	14	19956767	21913900	1316	0.6079
4c1c12d0-aad4-47cb-b27a-d3426d4e44a7	14	21914038	22490482	486	0.8694
4c1c12d0-aad4-47cb-b27a-d3426d4e44a7	14	22490565	24025440	921	0.6142
4c1c12d0-aad4-47cb-b27a-d3426d4e44a7	14	24030533	24031630	13	-0.026
4c1c12d0-aad4-47cb-b27a-d3426d4e44a7	14	24031792	34274809	6574	0.6521
4c1c12d0-aad4-47cb-b27a-d3426d4e44a7	14	34274825	35971119	836	0.5665
4c1c12d0-aad4-47cb-b27a-d3426d4e44a7	14	35973130	40139724	2589	0.6355
4c1c12d0-aad4-47cb-b27a-d3426d4e44a7	14	40144718	40147715	2	-1.4603
4c1c12d0-aad4-47cb-b27a-d3426d4e44a7	14	40148961	73534419	21025	0.6392
4c1c12d0-aad4-47cb-b27a-d3426d4e44a7	14	73540003	73563196	9	1.9
4c1c12d0-aad4-47cb-b27a-d3426d4e44a7	14	73563211	74459381	493	0.5189
4c1c12d0-aad4-47cb-b27a-d3426d4e44a7	14	74461621	74601697	89	0.6427
4c1c12d0-aad4-47cb-b27a-d3426d4e44a7	14	74602614	74629104	20	1.2031
4c1c12d0-aad4-47cb-b27a-d3426d4e44a7	14	74630117	77976627	2166	0.6049
4c1c12d0-aad4-47cb-b27a-d3426d4e44a7	14	77977687	88975264	7317	0.6636
4c1c12d0-aad4-47cb-b27a-d3426d4e44a7	14	88977420	102052533	9036	0.6316
4c1c12d0-aad4-47cb-b27a-d3426d4e44a7	14	102055770	106346129	1620	0.576
4c1c12d0-aad4-47cb-b27a-d3426d4e44a7	14	106360014	106365807	4	-1.1498
4c1c12d0-aad4-47cb-b27a-d3426d4e44a7	14	106369985	106769689	198	0.6846
4c1c12d0-aad4-47cb-b27a-d3426d4e44a7	14	106770215	106770361	3	-1.109
4c1c12d0-aad4-47cb-b27a-d3426d4e44a7	14	106775945	106877229	68	0.6502
4c1c12d0-aad4-47cb-b27a-d3426d4e44a7	15	19811075	24424598	1191	-0.2417
4c1c12d0-aad4-47cb-b27a-d3426d4e44a7	15	24429604	24473449	34	-1.5292
4c1c12d0-aad4-47cb-b27a-d3426d4e44a7	15	24480146	30215235	3576	-0.2789
4c1c12d0-aad4-47cb-b27a-d3426d4e44a7	15	30230885	30487788	22	0.2474
4c1c12d0-aad4-47cb-b27a-d3426d4e44a7	15	30488460	65521764	22290	-0.2871
4c1c12d0-aad4-47cb-b27a-d3426d4e44a7	15	65524604	65525186	2	-3.2165
4c1c12d0-aad4-47cb-b27a-d3426d4e44a7	15	65526049	76586021	6484	-0.3029
4c1c12d0-aad4-47cb-b27a-d3426d4e44a7	15	76598900	76603433	21	0.5359
4c1c12d0-aad4-47cb-b27a-d3426d4e44a7	15	76603434	101928837	17443	-0.2894
4c1c12d0-aad4-47cb-b27a-d3426d4e44a7	16	10777	1175628	410	0.6224
4c1c12d0-aad4-47cb-b27a-d3426d4e44a7	16	1176198	5558592	2210	0.5577
4c1c12d0-aad4-47cb-b27a-d3426d4e44a7	16	5558642	8347398	3314	0.6474
4c1c12d0-aad4-47cb-b27a-d3426d4e44a7	16	8349270	19934328	7434	0.6159
4c1c12d0-aad4-47cb-b27a-d3426d4e44a7	16	19934486	19959168	30	1.0816
4c1c12d0-aad4-47cb-b27a-d3426d4e44a7	16	19959496	58989057	15317	0.6137
4c1c12d0-aad4-47cb-b27a-d3426d4e44a7	16	58993680	66841112	5312	0.6557
4c1c12d0-aad4-47cb-b27a-d3426d4e44a7	16	66842203	70695353	1657	0.5395
4c1c12d0-aad4-47cb-b27a-d3426d4e44a7	16	70695886	78337711	5275	0.6207
4c1c12d0-aad4-47cb-b27a-d3426d4e44a7	16	78338543	78345778	13	2.0337
4c1c12d0-aad4-47cb-b27a-d3426d4e44a7	16	78347366	78351104	5	1.3115
4c1c12d0-aad4-47cb-b27a-d3426d4e44a7	16	78351540	90096867	10527	0.6334
4c1c12d0-aad4-47cb-b27a-d3426d4e44a7	17	150733	18414080	11289	-0.3192
4c1c12d0-aad4-47cb-b27a-d3426d4e44a7	17	18452078	18606845	35	0.4178
4c1c12d0-aad4-47cb-b27a-d3426d4e44a7	17	18626375	22311109	1293	-0.2962
4c1c12d0-aad4-47cb-b27a-d3426d4e44a7	17	22311652	22322017	7	-1.8218
4c1c12d0-aad4-47cb-b27a-d3426d4e44a7	17	22323408	46137998	10567	-0.3044
4c1c12d0-aad4-47cb-b27a-d3426d4e44a7	17	46138108	46571001	92	-0.7031
4c1c12d0-aad4-47cb-b27a-d3426d4e44a7	17	46664059	51274428	2333	-0.3352
4c1c12d0-aad4-47cb-b27a-d3426d4e44a7	17	51275486	56075376	3408	-0.2706
4c1c12d0-aad4-47cb-b27a-d3426d4e44a7	17	56075440	56083690	19	-0.5662
4c1c12d0-aad4-47cb-b27a-d3426d4e44a7	17	56083810	56095230	22	-3.7231
4c1c12d0-aad4-47cb-b27a-d3426d4e44a7	17	56095462	68481030	6892	-0.3206
4c1c12d0-aad4-47cb-b27a-d3426d4e44a7	17	68481842	68523669	23	0.615
4c1c12d0-aad4-47cb-b27a-d3426d4e44a7	17	68526719	72783888	3203	-0.2928
4c1c12d0-aad4-47cb-b27a-d3426d4e44a7	17	72785766	72786024	2	-2.7058
4c1c12d0-aad4-47cb-b27a-d3426d4e44a7	17	72787179	83091923	5497	-0.3343
4c1c12d0-aad4-47cb-b27a-d3426d4e44a7	18	48133	80257174	50239	-0.2699
4c1c12d0-aad4-47cb-b27a-d3426d4e44a7	19	90910	12581187	5025	0.5081
4c1c12d0-aad4-47cb-b27a-d3426d4e44a7	19	12586552	12587288	2	2.5722
4c1c12d0-aad4-47cb-b27a-d3426d4e44a7	19	12589709	14515385	753	0.4806
4c1c12d0-aad4-47cb-b27a-d3426d4e44a7	19	14522867	16050849	1068	0.5615
4c1c12d0-aad4-47cb-b27a-d3426d4e44a7	19	16054073	19608914	1572	0.4751
4c1c12d0-aad4-47cb-b27a-d3426d4e44a7	19	19609015	34933893	7920	0.596
4c1c12d0-aad4-47cb-b27a-d3426d4e44a7	19	34934566	35358319	292	0.5063
4c1c12d0-aad4-47cb-b27a-d3426d4e44a7	19	35358407	35375899	26	1.1302
4c1c12d0-aad4-47cb-b27a-d3426d4e44a7	19	35376052	42686415	3632	0.5287
4c1c12d0-aad4-47cb-b27a-d3426d4e44a7	19	42688487	43166315	207	0.7145
4c1c12d0-aad4-47cb-b27a-d3426d4e44a7	19	43170134	43236813	26	1.2185
4c1c12d0-aad4-47cb-b27a-d3426d4e44a7	19	43249149	43460592	108	0.6596
4c1c12d0-aad4-47cb-b27a-d3426d4e44a7	19	43468990	44401739	636	0.553
4c1c12d0-aad4-47cb-b27a-d3426d4e44a7	19	44402359	44402382	2	-1.1984
4c1c12d0-aad4-47cb-b27a-d3426d4e44a7	19	44402845	50829225	2840	0.5117
4c1c12d0-aad4-47cb-b27a-d3426d4e44a7	19	50829414	54801157	2577	0.6003
4c1c12d0-aad4-47cb-b27a-d3426d4e44a7	19	54801545	54802362	2	-1.0974
4c1c12d0-aad4-47cb-b27a-d3426d4e44a7	19	54802832	55710154	415	0.4879
4c1c12d0-aad4-47cb-b27a-d3426d4e44a7	19	55710155	58586487	1877	0.5922
4c1c12d0-aad4-47cb-b27a-d3426d4e44a7	20	80664	1580353	1192	0.6348
4c1c12d0-aad4-47cb-b27a-d3426d4e44a7	20	1580934	1617460	43	0.0256
4c1c12d0-aad4-47cb-b27a-d3426d4e44a7	20	1617690	6283946	3360	0.5934
4c1c12d0-aad4-47cb-b27a-d3426d4e44a7	20	6285213	25216445	14830	0.6437
4c1c12d0-aad4-47cb-b27a-d3426d4e44a7	20	25220052	37056247	3259	0.5618
4c1c12d0-aad4-47cb-b27a-d3426d4e44a7	20	37068156	37094427	91	0.3263
4c1c12d0-aad4-47cb-b27a-d3426d4e44a7	20	37097999	37736876	390	0.5603
4c1c12d0-aad4-47cb-b27a-d3426d4e44a7	20	37739338	64324800	18934	0.6194
4c1c12d0-aad4-47cb-b27a-d3426d4e44a7	21	10354168	10569525	55	-0.1983
4c1c12d0-aad4-47cb-b27a-d3426d4e44a7	21	10571815	10775586	32	0.4145
4c1c12d0-aad4-47cb-b27a-d3426d4e44a7	21	12973348	46677045	23560	-0.2937
4c1c12d0-aad4-47cb-b27a-d3426d4e44a7	22	15294547	16443189	53	0.0326
4c1c12d0-aad4-47cb-b27a-d3426d4e44a7	22	16446006	18190590	1068	-0.3343
4c1c12d0-aad4-47cb-b27a-d3426d4e44a7	22	18392404	18947964	14	0.5442
4c1c12d0-aad4-47cb-b27a-d3426d4e44a7	22	18950430	20596277	1020	-0.263
4c1c12d0-aad4-47cb-b27a-d3426d4e44a7	22	20598622	20601876	3	-3.0539
4c1c12d0-aad4-47cb-b27a-d3426d4e44a7	22	20604014	23250669	1768	-0.2155
4c1c12d0-aad4-47cb-b27a-d3426d4e44a7	22	23253759	23929558	429	-0.3451
4c1c12d0-aad4-47cb-b27a-d3426d4e44a7	22	23940911	23990739	17	0.3656
4c1c12d0-aad4-47cb-b27a-d3426d4e44a7	22	23995113	33777419	7199	-0.314
4c1c12d0-aad4-47cb-b27a-d3426d4e44a7	22	33778960	33778986	3	-2.4341
4c1c12d0-aad4-47cb-b27a-d3426d4e44a7	22	33778998	38894915	3527	-0.3203
4c1c12d0-aad4-47cb-b27a-d3426d4e44a7	22	38899250	38900899	3	-2.56
4c1c12d0-aad4-47cb-b27a-d3426d4e44a7	22	38903109	38975897	59	-0.2473
4c1c12d0-aad4-47cb-b27a-d3426d4e44a7	22	38978372	38999502	14	0.4225
4c1c12d0-aad4-47cb-b27a-d3426d4e44a7	22	39003307	49139737	6995	-0.3326
4c1c12d0-aad4-47cb-b27a-d3426d4e44a7	22	49139958	49142172	2	-2.9658
4c1c12d0-aad4-47cb-b27a-d3426d4e44a7	22	49142358	50702505	910	-0.2974
4c1c12d0-aad4-47cb-b27a-d3426d4e44a7	22	50702690	50796027	41	-0.0645
4c1c12d0-aad4-47cb-b27a-d3426d4e44a7	X	251810	55674826	31800	-0.0074
4c1c12d0-aad4-47cb-b27a-d3426d4e44a7	X	55676226	55676882	2	-2.2541
4c1c12d0-aad4-47cb-b27a-d3426d4e44a7	X	55681123	106279016	22630	0.0074
4c1c12d0-aad4-47cb-b27a-d3426d4e44a7	X	106281627	106307571	15	1.3901
4c1c12d0-aad4-47cb-b27a-d3426d4e44a7	X	106314563	144422855	21655	0.0046
4c1c12d0-aad4-47cb-b27a-d3426d4e44a7	X	144477565	144572481	56	0.9773
4c1c12d0-aad4-47cb-b27a-d3426d4e44a7	X	144575127	147097576	1778	-0.0108
4c1c12d0-aad4-47cb-b27a-d3426d4e44a7	X	147098591	147103942	20	-1.1244
4c1c12d0-aad4-47cb-b27a-d3426d4e44a7	X	147105313	155952689	4936	0.0016
4c1c12d0-aad4-47cb-b27a-d3426d4e44a7	Y	2782397	6044040	713	-2.4869
4c1c12d0-aad4-47cb-b27a-d3426d4e44a7	Y	6058481	9330531	1510	-2.9216
4c1c12d0-aad4-47cb-b27a-d3426d4e44a7	Y	9332936	9550385	21	-4.7792
4c1c12d0-aad4-47cb-b27a-d3426d4e44a7	Y	9550653	26519301	4323	-2.8188
4c1c12d0-aad4-47cb-b27a-d3426d4e44a7	Y	26519315	56872112	67	-2.4724
