GDC_Aliquot	Chromosome	Start	End	Num_Probes	Segment_Mean
ad1068f5-8787-4965-b968-3e67339d2c2b	1	62920	901705	57	0.1329
ad1068f5-8787-4965-b968-3e67339d2c2b	1	914637	3040102	573	-0.1252
ad1068f5-8787-4965-b968-3e67339d2c2b	1	3040551	9529354	4172	-0.0049
ad1068f5-8787-4965-b968-3e67339d2c2b	1	9536422	9536806	2	-2.0078
ad1068f5-8787-4965-b968-3e67339d2c2b	1	9542315	16721984	3848	-0.0037
ad1068f5-8787-4965-b968-3e67339d2c2b	1	16766762	16973678	83	-0.4125
ad1068f5-8787-4965-b968-3e67339d2c2b	1	16975177	62186114	26934	-0.0045
ad1068f5-8787-4965-b968-3e67339d2c2b	1	62190512	62190838	2	-2.2122
ad1068f5-8787-4965-b968-3e67339d2c2b	1	62196120	89009572	17689	-0.0033
ad1068f5-8787-4965-b968-3e67339d2c2b	1	89012275	89012522	2	-3.2015
ad1068f5-8787-4965-b968-3e67339d2c2b	1	89015841	100618986	7193	0.0049
ad1068f5-8787-4965-b968-3e67339d2c2b	1	100620279	100620319	2	-1.713
ad1068f5-8787-4965-b968-3e67339d2c2b	1	100623523	105470754	2736	0.0023
ad1068f5-8787-4965-b968-3e67339d2c2b	1	105476583	105479753	17	-1.6791
ad1068f5-8787-4965-b968-3e67339d2c2b	1	105481433	109690431	2615	0.0017
ad1068f5-8787-4965-b968-3e67339d2c2b	1	109690640	109697556	10	-1.2387
ad1068f5-8787-4965-b968-3e67339d2c2b	1	109702376	152789570	9696	0.0068
ad1068f5-8787-4965-b968-3e67339d2c2b	1	152789781	152796224	32	0.7215
ad1068f5-8787-4965-b968-3e67339d2c2b	1	152801429	230755161	51718	-0.0019
ad1068f5-8787-4965-b968-3e67339d2c2b	1	230755527	230755587	2	-2.6345
ad1068f5-8787-4965-b968-3e67339d2c2b	1	230761978	248546369	12813	-0.0041
ad1068f5-8787-4965-b968-3e67339d2c2b	1	248550567	248633912	35	-0.9736
ad1068f5-8787-4965-b968-3e67339d2c2b	1	248645563	248930189	141	-0.0065
ad1068f5-8787-4965-b968-3e67339d2c2b	2	12784	1719111	1106	-0.0262
ad1068f5-8787-4965-b968-3e67339d2c2b	2	1724237	1730552	4	-1.7571
ad1068f5-8787-4965-b968-3e67339d2c2b	2	1730710	34474248	22764	0.002
ad1068f5-8787-4965-b968-3e67339d2c2b	2	34476327	34476668	5	-3.0077
ad1068f5-8787-4965-b968-3e67339d2c2b	2	34483565	34492775	21	-1.3933
ad1068f5-8787-4965-b968-3e67339d2c2b	2	34492790	34512096	20	-2.9015
ad1068f5-8787-4965-b968-3e67339d2c2b	2	34512489	35750907	859	0.0115
ad1068f5-8787-4965-b968-3e67339d2c2b	2	35752724	35762881	7	1.1416
ad1068f5-8787-4965-b968-3e67339d2c2b	2	35772407	40963473	3816	0.0003
ad1068f5-8787-4965-b968-3e67339d2c2b	2	40963555	40965576	2	-2.5335
ad1068f5-8787-4965-b968-3e67339d2c2b	2	40965840	52516787	8177	0.0036
ad1068f5-8787-4965-b968-3e67339d2c2b	2	52527330	52554274	36	-0.8326
ad1068f5-8787-4965-b968-3e67339d2c2b	2	52554359	97359885	23648	0.0065
ad1068f5-8787-4965-b968-3e67339d2c2b	2	97524284	97545247	8	1.1336
ad1068f5-8787-4965-b968-3e67339d2c2b	2	97545726	105519180	4875	0.0031
ad1068f5-8787-4965-b968-3e67339d2c2b	2	105522355	105522759	2	-2.9909
ad1068f5-8787-4965-b968-3e67339d2c2b	2	105523754	128880904	13926	-0.0004
ad1068f5-8787-4965-b968-3e67339d2c2b	2	128880928	128882741	14	-2.5382
ad1068f5-8787-4965-b968-3e67339d2c2b	2	128882755	146104517	10335	0.0049
ad1068f5-8787-4965-b968-3e67339d2c2b	2	146106836	146109366	24	-1.96
ad1068f5-8787-4965-b968-3e67339d2c2b	2	146120238	242147305	58523	0.0039
ad1068f5-8787-4965-b968-3e67339d2c2b	3	20930	37935926	27338	0.0031
ad1068f5-8787-4965-b968-3e67339d2c2b	3	37940617	37945437	18	-1.0423
ad1068f5-8787-4965-b968-3e67339d2c2b	3	37945615	75519398	24884	0.0007
ad1068f5-8787-4965-b968-3e67339d2c2b	3	75523398	75547095	8	-1.3007
ad1068f5-8787-4965-b968-3e67339d2c2b	3	75559488	125679591	27005	0.0029
ad1068f5-8787-4965-b968-3e67339d2c2b	3	125683788	125739919	19	0.4899
ad1068f5-8787-4965-b968-3e67339d2c2b	3	125743486	130044016	2443	-0.0129
ad1068f5-8787-4965-b968-3e67339d2c2b	3	130044855	130087393	38	-1.8081
ad1068f5-8787-4965-b968-3e67339d2c2b	3	130088081	136300257	3985	-0.0047
ad1068f5-8787-4965-b968-3e67339d2c2b	3	136304109	136306584	2	-2.1528
ad1068f5-8787-4965-b968-3e67339d2c2b	3	136319699	162769893	16077	0.0049
ad1068f5-8787-4965-b968-3e67339d2c2b	3	162771678	162898127	88	0.2448
ad1068f5-8787-4965-b968-3e67339d2c2b	3	162906054	162908192	5	-0.2548
ad1068f5-8787-4965-b968-3e67339d2c2b	3	162908207	162908815	3	-1.8492
ad1068f5-8787-4965-b968-3e67339d2c2b	3	162910826	162996729	70	-0.0289
ad1068f5-8787-4965-b968-3e67339d2c2b	3	162999939	163001774	2	-2.9394
ad1068f5-8787-4965-b968-3e67339d2c2b	3	163008371	193156958	18917	0.0053
ad1068f5-8787-4965-b968-3e67339d2c2b	3	193160113	193165114	20	-1.1425
ad1068f5-8787-4965-b968-3e67339d2c2b	3	193168646	194920587	1153	-0.0087
ad1068f5-8787-4965-b968-3e67339d2c2b	3	194920617	194921116	4	-1.4184
ad1068f5-8787-4965-b968-3e67339d2c2b	3	194921751	198169247	1517	0.0066
ad1068f5-8787-4965-b968-3e67339d2c2b	4	68929	34777432	22499	-0.001
ad1068f5-8787-4965-b968-3e67339d2c2b	4	34784878	34823103	38	1.007
ad1068f5-8787-4965-b968-3e67339d2c2b	4	34828250	63828222	16412	0.0068
ad1068f5-8787-4965-b968-3e67339d2c2b	4	63831751	63850713	29	-0.5037
ad1068f5-8787-4965-b968-3e67339d2c2b	4	63851308	68509237	2844	0.0215
ad1068f5-8787-4965-b968-3e67339d2c2b	4	68509442	68620261	62	0.71
ad1068f5-8787-4965-b968-3e67339d2c2b	4	68623617	153342924	50275	0.0028
ad1068f5-8787-4965-b968-3e67339d2c2b	4	153354451	154190825	578	0.7136
ad1068f5-8787-4965-b968-3e67339d2c2b	4	154198814	171447380	10925	0.0028
ad1068f5-8787-4965-b968-3e67339d2c2b	4	171448195	171456625	13	-1.077
ad1068f5-8787-4965-b968-3e67339d2c2b	4	171459220	190106768	12352	0.0072
ad1068f5-8787-4965-b968-3e67339d2c2b	5	15532	685633	304	-0.075
ad1068f5-8787-4965-b968-3e67339d2c2b	5	698256	874903	57	0.2716
ad1068f5-8787-4965-b968-3e67339d2c2b	5	882950	1838037	525	-0.0541
ad1068f5-8787-4965-b968-3e67339d2c2b	5	1838269	1841505	3	-1.7544
ad1068f5-8787-4965-b968-3e67339d2c2b	5	1849823	21449167	14679	0.0059
ad1068f5-8787-4965-b968-3e67339d2c2b	5	21451091	21452329	5	1.316
ad1068f5-8787-4965-b968-3e67339d2c2b	5	21452387	46271006	14840	0.0067
ad1068f5-8787-4965-b968-3e67339d2c2b	5	46271828	46273400	6	-2.2851
ad1068f5-8787-4965-b968-3e67339d2c2b	5	46278110	58034020	5039	-0.0035
ad1068f5-8787-4965-b968-3e67339d2c2b	5	58034072	58037688	22	-0.5542
ad1068f5-8787-4965-b968-3e67339d2c2b	5	58037706	104515520	26560	0.0066
ad1068f5-8787-4965-b968-3e67339d2c2b	5	104524672	104524903	4	-1.6178
ad1068f5-8787-4965-b968-3e67339d2c2b	5	104525348	181363319	49767	-0.002
ad1068f5-8787-4965-b968-3e67339d2c2b	6	149661	294837	124	0.0009
ad1068f5-8787-4965-b968-3e67339d2c2b	6	302306	381149	78	0.5237
ad1068f5-8787-4965-b968-3e67339d2c2b	6	382559	31623121	22125	-0.0002
ad1068f5-8787-4965-b968-3e67339d2c2b	6	31628105	32220006	150	-0.2077
ad1068f5-8787-4965-b968-3e67339d2c2b	6	32221255	32486746	157	-0.0168
ad1068f5-8787-4965-b968-3e67339d2c2b	6	32488906	32533522	13	1.543
ad1068f5-8787-4965-b968-3e67339d2c2b	6	32540699	73882142	23941	0.003
ad1068f5-8787-4965-b968-3e67339d2c2b	6	73882509	73885038	7	1.1277
ad1068f5-8787-4965-b968-3e67339d2c2b	6	73887573	78253172	2754	0.007
ad1068f5-8787-4965-b968-3e67339d2c2b	6	78259348	78322600	105	-0.6213
ad1068f5-8787-4965-b968-3e67339d2c2b	6	78322875	80574472	1423	0.0157
ad1068f5-8787-4965-b968-3e67339d2c2b	6	80574526	80579817	32	-0.8264
ad1068f5-8787-4965-b968-3e67339d2c2b	6	80584624	162536632	52052	0.0014
ad1068f5-8787-4965-b968-3e67339d2c2b	6	162537338	162615191	54	-1.2122
ad1068f5-8787-4965-b968-3e67339d2c2b	6	162618013	170741917	5567	-0.0151
ad1068f5-8787-4965-b968-3e67339d2c2b	7	43355	22395161	15915	0.0057
ad1068f5-8787-4965-b968-3e67339d2c2b	7	22395853	22396868	2	-2.578
ad1068f5-8787-4965-b968-3e67339d2c2b	7	22399135	54305455	22255	0.0031
ad1068f5-8787-4965-b968-3e67339d2c2b	7	54318812	54318824	6	1.5578
ad1068f5-8787-4965-b968-3e67339d2c2b	7	54325795	77093078	8381	0.0092
ad1068f5-8787-4965-b968-3e67339d2c2b	7	77105116	77106361	2	2.3406
ad1068f5-8787-4965-b968-3e67339d2c2b	7	77109303	97756621	13250	0.0076
ad1068f5-8787-4965-b968-3e67339d2c2b	7	97756658	97773163	17	-0.6055
ad1068f5-8787-4965-b968-3e67339d2c2b	7	97774928	126405502	16537	0.0048
ad1068f5-8787-4965-b968-3e67339d2c2b	7	126405597	126406824	13	1.2422
ad1068f5-8787-4965-b968-3e67339d2c2b	7	126406825	134100424	4662	0.0036
ad1068f5-8787-4965-b968-3e67339d2c2b	7	134100442	134105690	22	-2.1209
ad1068f5-8787-4965-b968-3e67339d2c2b	7	134110881	159334314	15970	-0.0045
ad1068f5-8787-4965-b968-3e67339d2c2b	8	81254	534962	258	-0.024
ad1068f5-8787-4965-b968-3e67339d2c2b	8	535370	539010	2	-2.0883
ad1068f5-8787-4965-b968-3e67339d2c2b	8	541735	2844412	1760	0.0015
ad1068f5-8787-4965-b968-3e67339d2c2b	8	2846011	2846377	7	-1.2836
ad1068f5-8787-4965-b968-3e67339d2c2b	8	2849649	4137245	1622	0.0184
ad1068f5-8787-4965-b968-3e67339d2c2b	8	4140085	4144794	9	-0.6509
ad1068f5-8787-4965-b968-3e67339d2c2b	8	4145131	4145783	10	0.0827
ad1068f5-8787-4965-b968-3e67339d2c2b	8	4145941	4145956	2	-3.2645
ad1068f5-8787-4965-b968-3e67339d2c2b	8	4146039	6968934	3876	0.0045
ad1068f5-8787-4965-b968-3e67339d2c2b	8	6968962	6980411	11	-1.5074
ad1068f5-8787-4965-b968-3e67339d2c2b	8	6982183	15435453	6010	-0.0072
ad1068f5-8787-4965-b968-3e67339d2c2b	8	15436422	15437936	2	-2.873
ad1068f5-8787-4965-b968-3e67339d2c2b	8	15439194	23544795	6556	0.0042
ad1068f5-8787-4965-b968-3e67339d2c2b	8	23550227	23550392	6	-1.1979
ad1068f5-8787-4965-b968-3e67339d2c2b	8	23552812	59411610	20845	-0.0014
ad1068f5-8787-4965-b968-3e67339d2c2b	8	59413898	59416574	6	-1.4439
ad1068f5-8787-4965-b968-3e67339d2c2b	8	59420249	111282809	30926	0.0022
ad1068f5-8787-4965-b968-3e67339d2c2b	8	111282852	111283031	4	-2.6699
ad1068f5-8787-4965-b968-3e67339d2c2b	8	111288052	145072769	22727	-0.0074
ad1068f5-8787-4965-b968-3e67339d2c2b	9	46587	5079156	5185	0.0023
ad1068f5-8787-4965-b968-3e67339d2c2b	9	5081416	5083017	13	0.683
ad1068f5-8787-4965-b968-3e67339d2c2b	9	5084226	6655056	1073	0.0119
ad1068f5-8787-4965-b968-3e67339d2c2b	9	6657192	6661613	3	-1.6444
ad1068f5-8787-4965-b968-3e67339d2c2b	9	6663786	6695986	31	-0.1042
ad1068f5-8787-4965-b968-3e67339d2c2b	9	6701145	6708357	7	-0.9696
ad1068f5-8787-4965-b968-3e67339d2c2b	9	6712314	24503818	14682	0.0119
ad1068f5-8787-4965-b968-3e67339d2c2b	9	24504127	24517684	19	-0.9437
ad1068f5-8787-4965-b968-3e67339d2c2b	9	24519686	39483645	9822	0.0018
ad1068f5-8787-4965-b968-3e67339d2c2b	9	39484077	60898630	200	0.2241
ad1068f5-8787-4965-b968-3e67339d2c2b	9	61337631	69252497	959	0.002
ad1068f5-8787-4965-b968-3e67339d2c2b	9	69254557	69254994	2	-3.0987
ad1068f5-8787-4965-b968-3e67339d2c2b	9	69259753	77154478	5693	0.0004
ad1068f5-8787-4965-b968-3e67339d2c2b	9	77155482	77171536	35	0.5997
ad1068f5-8787-4965-b968-3e67339d2c2b	9	77171559	103804216	18119	-0.0021
ad1068f5-8787-4965-b968-3e67339d2c2b	9	103806415	103807009	2	-2.8047
ad1068f5-8787-4965-b968-3e67339d2c2b	9	103808421	138200944	22888	-0.0036
ad1068f5-8787-4965-b968-3e67339d2c2b	10	45792	70720823	47513	0.0015
ad1068f5-8787-4965-b968-3e67339d2c2b	10	70721964	70722088	2	-2.495
ad1068f5-8787-4965-b968-3e67339d2c2b	10	70722700	105296521	21952	-0.0039
ad1068f5-8787-4965-b968-3e67339d2c2b	10	105297280	105299412	3	-3.1412
ad1068f5-8787-4965-b968-3e67339d2c2b	10	105302718	133654968	20372	-0.0051
ad1068f5-8787-4965-b968-3e67339d2c2b	11	198510	4946420	2396	-0.0097
ad1068f5-8787-4965-b968-3e67339d2c2b	11	4947280	4955042	30	-1.7381
ad1068f5-8787-4965-b968-3e67339d2c2b	11	4955781	5500921	528	0.0106
ad1068f5-8787-4965-b968-3e67339d2c2b	11	5500945	5502363	6	-1.0165
ad1068f5-8787-4965-b968-3e67339d2c2b	11	5503234	5762693	235	-0.0059
ad1068f5-8787-4965-b968-3e67339d2c2b	11	5766175	5787909	33	-0.649
ad1068f5-8787-4965-b968-3e67339d2c2b	11	5788108	18919323	9308	-0.0028
ad1068f5-8787-4965-b968-3e67339d2c2b	11	18927525	18940441	45	0.5607
ad1068f5-8787-4965-b968-3e67339d2c2b	11	18940469	55606572	21567	0.0043
ad1068f5-8787-4965-b968-3e67339d2c2b	11	55606712	55701077	64	0.3935
ad1068f5-8787-4965-b968-3e67339d2c2b	11	55701206	71832965	8299	0.0005
ad1068f5-8787-4965-b968-3e67339d2c2b	11	71838957	71839046	2	-1.8764
ad1068f5-8787-4965-b968-3e67339d2c2b	11	71840556	135074876	43504	0.0007
ad1068f5-8787-4965-b968-3e67339d2c2b	12	51460	175888	69	-0.0478
ad1068f5-8787-4965-b968-3e67339d2c2b	12	178770	181540	2	-2.3769
ad1068f5-8787-4965-b968-3e67339d2c2b	12	186359	5547138	3943	-0.0099
ad1068f5-8787-4965-b968-3e67339d2c2b	12	5551041	5553873	6	-1.0545
ad1068f5-8787-4965-b968-3e67339d2c2b	12	5554006	9477960	2102	0.0048
ad1068f5-8787-4965-b968-3e67339d2c2b	12	9481274	9575696	24	1.2483
ad1068f5-8787-4965-b968-3e67339d2c2b	12	9582373	11351008	1161	0.0129
ad1068f5-8787-4965-b968-3e67339d2c2b	12	11351041	11390472	32	-0.9479
ad1068f5-8787-4965-b968-3e67339d2c2b	12	11399258	22835486	7688	-0.002
ad1068f5-8787-4965-b968-3e67339d2c2b	12	22835700	22837516	4	-1.253
ad1068f5-8787-4965-b968-3e67339d2c2b	12	22839607	33141726	7532	-0.0061
ad1068f5-8787-4965-b968-3e67339d2c2b	12	33148472	33155426	28	-0.4877
ad1068f5-8787-4965-b968-3e67339d2c2b	12	33155453	90089573	32518	-0.0003
ad1068f5-8787-4965-b968-3e67339d2c2b	12	90097892	90098297	7	-1.3537
ad1068f5-8787-4965-b968-3e67339d2c2b	12	90099780	130028387	27060	-0.0039
ad1068f5-8787-4965-b968-3e67339d2c2b	12	130034810	130035119	2	-2.3526
ad1068f5-8787-4965-b968-3e67339d2c2b	12	130035265	133201603	1886	-0.0187
ad1068f5-8787-4965-b968-3e67339d2c2b	13	18452809	24935368	4273	0.0024
ad1068f5-8787-4965-b968-3e67339d2c2b	13	24935708	24941205	5	-1.5841
ad1068f5-8787-4965-b968-3e67339d2c2b	13	24942153	50174538	17543	-0.0012
ad1068f5-8787-4965-b968-3e67339d2c2b	13	50175098	50176358	3	-2.0864
ad1068f5-8787-4965-b968-3e67339d2c2b	13	50176515	52520664	1321	-0.0176
ad1068f5-8787-4965-b968-3e67339d2c2b	13	52523849	52531650	3	-1.6471
ad1068f5-8787-4965-b968-3e67339d2c2b	13	52543744	114342922	40311	0.0014
ad1068f5-8787-4965-b968-3e67339d2c2b	14	18239283	19326853	49	-0.0487
ad1068f5-8787-4965-b968-3e67339d2c2b	14	19367655	19952080	114	0.2601
ad1068f5-8787-4965-b968-3e67339d2c2b	14	19954424	23975620	2685	-0.0119
ad1068f5-8787-4965-b968-3e67339d2c2b	14	23975769	24019200	25	0.6939
ad1068f5-8787-4965-b968-3e67339d2c2b	14	24019215	55848193	19730	0.0062
ad1068f5-8787-4965-b968-3e67339d2c2b	14	55855565	55858405	3	-2.0906
ad1068f5-8787-4965-b968-3e67339d2c2b	14	55859177	104384306	31399	0.0004
ad1068f5-8787-4965-b968-3e67339d2c2b	14	104390160	104404920	6	-1.2917
ad1068f5-8787-4965-b968-3e67339d2c2b	14	104405529	106416146	607	-0.0137
ad1068f5-8787-4965-b968-3e67339d2c2b	14	106418444	106462183	49	-0.8451
ad1068f5-8787-4965-b968-3e67339d2c2b	14	106462724	106877229	194	0.0196
ad1068f5-8787-4965-b968-3e67339d2c2b	15	19811075	76599170	33605	0.0046
ad1068f5-8787-4965-b968-3e67339d2c2b	15	76599286	76603434	20	0.9627
ad1068f5-8787-4965-b968-3e67339d2c2b	15	76609838	101928837	17448	-0.0054
ad1068f5-8787-4965-b968-3e67339d2c2b	16	10777	19933041	13344	-0.015
ad1068f5-8787-4965-b968-3e67339d2c2b	16	19934328	19958932	30	-0.9013
ad1068f5-8787-4965-b968-3e67339d2c2b	16	19959168	75501474	24965	-0.0019
ad1068f5-8787-4965-b968-3e67339d2c2b	16	75505510	75542100	20	0.7255
ad1068f5-8787-4965-b968-3e67339d2c2b	16	75546219	78337711	2544	0.0062
ad1068f5-8787-4965-b968-3e67339d2c2b	16	78338543	78350868	17	-2.2859
ad1068f5-8787-4965-b968-3e67339d2c2b	16	78351104	88305003	9770	-0.0115
ad1068f5-8787-4965-b968-3e67339d2c2b	16	88306642	90096867	740	-0.1248
ad1068f5-8787-4965-b968-3e67339d2c2b	17	150733	6883872	3863	-0.0175
ad1068f5-8787-4965-b968-3e67339d2c2b	17	6891023	6960028	26	-1.2349
ad1068f5-8787-4965-b968-3e67339d2c2b	17	6962706	8339592	597	0.0363
ad1068f5-8787-4965-b968-3e67339d2c2b	17	8344229	8344415	2	-3.065
ad1068f5-8787-4965-b968-3e67339d2c2b	17	8346140	41266774	16154	-0.0049
ad1068f5-8787-4965-b968-3e67339d2c2b	17	41266805	41274198	21	-1.3399
ad1068f5-8787-4965-b968-3e67339d2c2b	17	41274279	45577724	2145	-0.0052
ad1068f5-8787-4965-b968-3e67339d2c2b	17	45579014	45598106	9	0.9019
ad1068f5-8787-4965-b968-3e67339d2c2b	17	45610956	46085732	332	-0.0777
ad1068f5-8787-4965-b968-3e67339d2c2b	17	46088437	46284997	123	0.887
ad1068f5-8787-4965-b968-3e67339d2c2b	17	46286804	57610128	6956	-0.0055
ad1068f5-8787-4965-b968-3e67339d2c2b	17	57610972	57611632	2	-1.8758
ad1068f5-8787-4965-b968-3e67339d2c2b	17	57614632	83091923	14444	-0.0069
ad1068f5-8787-4965-b968-3e67339d2c2b	18	48133	122470	13	-0.251
ad1068f5-8787-4965-b968-3e67339d2c2b	18	136240	40680484	22565	0.0019
ad1068f5-8787-4965-b968-3e67339d2c2b	18	40680506	40685425	16	0.5961
ad1068f5-8787-4965-b968-3e67339d2c2b	18	40689534	42471713	1198	-0.0014
ad1068f5-8787-4965-b968-3e67339d2c2b	18	42476604	42477802	25	-0.8232
ad1068f5-8787-4965-b968-3e67339d2c2b	18	42478430	45570054	1969	-0.0148
ad1068f5-8787-4965-b968-3e67339d2c2b	18	45570088	45570181	2	-2.7194
ad1068f5-8787-4965-b968-3e67339d2c2b	18	45570924	80257174	24445	0.0054
ad1068f5-8787-4965-b968-3e67339d2c2b	19	90910	20969561	9182	0.0008
ad1068f5-8787-4965-b968-3e67339d2c2b	19	20970252	20970273	2	-2.6936
ad1068f5-8787-4965-b968-3e67339d2c2b	19	20970668	51628560	15438	-0.0012
ad1068f5-8787-4965-b968-3e67339d2c2b	19	51639099	51644944	11	-1.4011
ad1068f5-8787-4965-b968-3e67339d2c2b	19	51651652	54787128	2010	-0.0131
ad1068f5-8787-4965-b968-3e67339d2c2b	19	54788617	54822372	17	-1.4745
ad1068f5-8787-4965-b968-3e67339d2c2b	19	54822429	58586487	2280	-0.0244
ad1068f5-8787-4965-b968-3e67339d2c2b	20	80664	1571811	1171	-0.0331
ad1068f5-8787-4965-b968-3e67339d2c2b	20	1576544	1579606	13	-0.8839
ad1068f5-8787-4965-b968-3e67339d2c2b	20	1579642	1580353	8	-0.1924
ad1068f5-8787-4965-b968-3e67339d2c2b	20	1580934	1613247	41	1.535
ad1068f5-8787-4965-b968-3e67339d2c2b	20	1617300	64324800	40793	-0.0018
ad1068f5-8787-4965-b968-3e67339d2c2b	21	10354168	16740643	2200	0.0232
ad1068f5-8787-4965-b968-3e67339d2c2b	21	16740769	16741468	3	-3.3703
ad1068f5-8787-4965-b968-3e67339d2c2b	21	16742039	46677045	21439	-0.0025
ad1068f5-8787-4965-b968-3e67339d2c2b	22	15294547	18547989	1124	0.0192
ad1068f5-8787-4965-b968-3e67339d2c2b	22	18620743	18818348	6	-1.1607
ad1068f5-8787-4965-b968-3e67339d2c2b	22	18822581	22379789	2288	-0.0458
ad1068f5-8787-4965-b968-3e67339d2c2b	22	22385945	22385950	2	-1.9844
ad1068f5-8787-4965-b968-3e67339d2c2b	22	22385952	22395495	10	-0.1421
ad1068f5-8787-4965-b968-3e67339d2c2b	22	22395652	22396060	4	-0.9742
ad1068f5-8787-4965-b968-3e67339d2c2b	22	22396078	22398345	5	0.0614
ad1068f5-8787-4965-b968-3e67339d2c2b	22	22398407	22398545	3	-1.4377
ad1068f5-8787-4965-b968-3e67339d2c2b	22	22402989	23929558	915	-0.0219
ad1068f5-8787-4965-b968-3e67339d2c2b	22	23940911	23990739	17	-0.7064
ad1068f5-8787-4965-b968-3e67339d2c2b	22	23995113	33777419	7193	0.0012
ad1068f5-8787-4965-b968-3e67339d2c2b	22	33778960	33778998	4	-2.1237
ad1068f5-8787-4965-b968-3e67339d2c2b	22	33785435	37346951	2763	-0.0079
ad1068f5-8787-4965-b968-3e67339d2c2b	22	37352689	37353906	4	-1.7858
ad1068f5-8787-4965-b968-3e67339d2c2b	22	37354627	38955461	803	0.0034
ad1068f5-8787-4965-b968-3e67339d2c2b	22	38967614	38967995	6	-1.1707
ad1068f5-8787-4965-b968-3e67339d2c2b	22	38969353	38969594	4	0.0167
ad1068f5-8787-4965-b968-3e67339d2c2b	22	38969616	38979302	14	-0.8954
ad1068f5-8787-4965-b968-3e67339d2c2b	22	38993700	50796027	7966	-0.0164
ad1068f5-8787-4965-b968-3e67339d2c2b	X	251810	6531725	2938	-0.0315
ad1068f5-8787-4965-b968-3e67339d2c2b	X	6537122	8167616	1211	0.6657
ad1068f5-8787-4965-b968-3e67339d2c2b	X	8173048	117359596	56289	-0.004
ad1068f5-8787-4965-b968-3e67339d2c2b	X	117363140	117443443	84	-1.2871
ad1068f5-8787-4965-b968-3e67339d2c2b	X	117449625	120733502	1932	0.0123
ad1068f5-8787-4965-b968-3e67339d2c2b	X	120735099	120735491	2	-1.7454
ad1068f5-8787-4965-b968-3e67339d2c2b	X	120735861	155952689	20450	-0.0066
ad1068f5-8787-4965-b968-3e67339d2c2b	Y	2782397	6233384	781	-2.6733
ad1068f5-8787-4965-b968-3e67339d2c2b	Y	6249869	9330531	1440	-3.2475
ad1068f5-8787-4965-b968-3e67339d2c2b	Y	9332936	9550385	21	-5.3704
ad1068f5-8787-4965-b968-3e67339d2c2b	Y	9550653	25169825	4212	-3.0809
ad1068f5-8787-4965-b968-3e67339d2c2b	Y	25472063	56872112	178	-2.7126
