GDC_Aliquot	Chromosome	Start	End	Num_Probes	Segment_Mean
740ed154-d2e9-41cb-ad4f-db90423f4d6c	1	62920	8839847	4409	-0.4729
740ed154-d2e9-41cb-ad4f-db90423f4d6c	1	8841892	15900948	3960	-0.0019
740ed154-d2e9-41cb-ad4f-db90423f4d6c	1	15907072	16090490	72	0.3651
740ed154-d2e9-41cb-ad4f-db90423f4d6c	1	16097604	16679483	231	-0.0487
740ed154-d2e9-41cb-ad4f-db90423f4d6c	1	16685961	16935752	78	0.3216
740ed154-d2e9-41cb-ad4f-db90423f4d6c	1	16949746	19635407	1917	0.0107
740ed154-d2e9-41cb-ad4f-db90423f4d6c	1	19636380	19703188	44	0.4551
740ed154-d2e9-41cb-ad4f-db90423f4d6c	1	19706714	21313902	980	-0.0083
740ed154-d2e9-41cb-ad4f-db90423f4d6c	1	21314008	21385238	53	0.2356
740ed154-d2e9-41cb-ad4f-db90423f4d6c	1	21385877	21498495	58	-0.0923
740ed154-d2e9-41cb-ad4f-db90423f4d6c	1	21498543	21612222	68	0.2151
740ed154-d2e9-41cb-ad4f-db90423f4d6c	1	21612277	21639636	23	-0.0857
740ed154-d2e9-41cb-ad4f-db90423f4d6c	1	21640853	23854129	1291	-0.2108
740ed154-d2e9-41cb-ad4f-db90423f4d6c	1	23854516	25003500	631	-0.304
740ed154-d2e9-41cb-ad4f-db90423f4d6c	1	25005094	29096439	1766	-0.2073
740ed154-d2e9-41cb-ad4f-db90423f4d6c	1	29100084	36091325	4066	-0.0981
740ed154-d2e9-41cb-ad4f-db90423f4d6c	1	36092018	47868818	6711	-0.2069
740ed154-d2e9-41cb-ad4f-db90423f4d6c	1	47868980	50466617	1475	-0.1282
740ed154-d2e9-41cb-ad4f-db90423f4d6c	1	50469359	53474056	1468	-0.2045
740ed154-d2e9-41cb-ad4f-db90423f4d6c	1	53474116	55313714	1233	-0.1143
740ed154-d2e9-41cb-ad4f-db90423f4d6c	1	55314811	58044697	2301	-0.0327
740ed154-d2e9-41cb-ad4f-db90423f4d6c	1	58047749	72303233	9893	-0.1529
740ed154-d2e9-41cb-ad4f-db90423f4d6c	1	72303253	72345450	44	0.3664
740ed154-d2e9-41cb-ad4f-db90423f4d6c	1	72345465	73011960	426	-0.1025
740ed154-d2e9-41cb-ad4f-db90423f4d6c	1	73015080	73016313	2	-2.2541
740ed154-d2e9-41cb-ad4f-db90423f4d6c	1	73016477	85112374	7898	-0.1235
740ed154-d2e9-41cb-ad4f-db90423f4d6c	1	85112598	101836471	10668	-0.0782
740ed154-d2e9-41cb-ad4f-db90423f4d6c	1	101837367	104465938	1423	0.0502
740ed154-d2e9-41cb-ad4f-db90423f4d6c	1	104466984	105470754	521	-0.0377
740ed154-d2e9-41cb-ad4f-db90423f4d6c	1	105476583	105479753	17	-0.6154
740ed154-d2e9-41cb-ad4f-db90423f4d6c	1	105481433	107111598	1081	-0.0304
740ed154-d2e9-41cb-ad4f-db90423f4d6c	1	107112980	107119568	10	-0.8243
740ed154-d2e9-41cb-ad4f-db90423f4d6c	1	107120873	108217204	866	-0.0657
740ed154-d2e9-41cb-ad4f-db90423f4d6c	1	108219804	108226680	3	1.0023
740ed154-d2e9-41cb-ad4f-db90423f4d6c	1	108274557	109690352	677	-0.0954
740ed154-d2e9-41cb-ad4f-db90423f4d6c	1	109690415	109702376	13	0.9975
740ed154-d2e9-41cb-ad4f-db90423f4d6c	1	109703504	112145689	1942	-0.105
740ed154-d2e9-41cb-ad4f-db90423f4d6c	1	112147589	112154591	25	0.4301
740ed154-d2e9-41cb-ad4f-db90423f4d6c	1	112154619	112509564	290	-0.0898
740ed154-d2e9-41cb-ad4f-db90423f4d6c	1	112512314	112512351	2	-1.8195
740ed154-d2e9-41cb-ad4f-db90423f4d6c	1	112512401	117710713	3315	-0.0783
740ed154-d2e9-41cb-ad4f-db90423f4d6c	1	117711015	143494500	1557	-0.0013
740ed154-d2e9-41cb-ad4f-db90423f4d6c	1	143541857	143748826	102	0.2356
740ed154-d2e9-41cb-ad4f-db90423f4d6c	1	143748872	151983059	1976	0.0484
740ed154-d2e9-41cb-ad4f-db90423f4d6c	1	151983895	152583051	360	0.1532
740ed154-d2e9-41cb-ad4f-db90423f4d6c	1	152583230	152613762	31	-1.6375
740ed154-d2e9-41cb-ad4f-db90423f4d6c	1	152613802	152787202	169	0.0289
740ed154-d2e9-41cb-ad4f-db90423f4d6c	1	152789447	152796224	37	-1.6973
740ed154-d2e9-41cb-ad4f-db90423f4d6c	1	152801429	162925017	6321	0.0771
740ed154-d2e9-41cb-ad4f-db90423f4d6c	1	162925032	165452003	2010	0.1413
740ed154-d2e9-41cb-ad4f-db90423f4d6c	1	165452021	169247699	2939	0.0952
740ed154-d2e9-41cb-ad4f-db90423f4d6c	1	169264736	169272528	7	-3.0272
740ed154-d2e9-41cb-ad4f-db90423f4d6c	1	169273163	186270670	11245	0.0981
740ed154-d2e9-41cb-ad4f-db90423f4d6c	1	186271013	197680538	7413	0.1545
740ed154-d2e9-41cb-ad4f-db90423f4d6c	1	197684034	199829923	1380	0.1207
740ed154-d2e9-41cb-ad4f-db90423f4d6c	1	199830606	208287028	5606	0.0625
740ed154-d2e9-41cb-ad4f-db90423f4d6c	1	208287271	211306211	2326	0.1182
740ed154-d2e9-41cb-ad4f-db90423f4d6c	1	211311628	213676861	1474	0.064
740ed154-d2e9-41cb-ad4f-db90423f4d6c	1	213678253	222193326	6140	0.1315
740ed154-d2e9-41cb-ad4f-db90423f4d6c	1	222201492	222203662	2	-3.0635
740ed154-d2e9-41cb-ad4f-db90423f4d6c	1	222208792	237233488	10138	0.0827
740ed154-d2e9-41cb-ad4f-db90423f4d6c	1	237235293	242653440	4300	0.1415
740ed154-d2e9-41cb-ad4f-db90423f4d6c	1	242653980	248930189	3965	0.0968
740ed154-d2e9-41cb-ad4f-db90423f4d6c	2	12784	4158097	2988	0.0718
740ed154-d2e9-41cb-ad4f-db90423f4d6c	2	4166274	4175577	36	-0.2617
740ed154-d2e9-41cb-ad4f-db90423f4d6c	2	4175922	8323901	3526	0.0819
740ed154-d2e9-41cb-ad4f-db90423f4d6c	2	8324697	11986288	2556	0.0295
740ed154-d2e9-41cb-ad4f-db90423f4d6c	2	11989203	23617167	8449	0.0783
740ed154-d2e9-41cb-ad4f-db90423f4d6c	2	23617231	32703499	5143	0.0185
740ed154-d2e9-41cb-ad4f-db90423f4d6c	2	32705509	34466002	1370	0.0769
740ed154-d2e9-41cb-ad4f-db90423f4d6c	2	34474248	34511990	46	-0.5621
740ed154-d2e9-41cb-ad4f-db90423f4d6c	2	34512096	34595697	52	-0.0468
740ed154-d2e9-41cb-ad4f-db90423f4d6c	2	34603610	41955946	5583	0.0804
740ed154-d2e9-41cb-ad4f-db90423f4d6c	2	41960121	48618465	4560	0.0258
740ed154-d2e9-41cb-ad4f-db90423f4d6c	2	48618567	52527330	2795	0.1004
740ed154-d2e9-41cb-ad4f-db90423f4d6c	2	52527342	52554404	39	0.4645
740ed154-d2e9-41cb-ad4f-db90423f4d6c	2	52560811	60272592	5451	0.0825
740ed154-d2e9-41cb-ad4f-db90423f4d6c	2	60273009	61167600	510	-0.003
740ed154-d2e9-41cb-ad4f-db90423f4d6c	2	61167716	61179303	2	-1.631
740ed154-d2e9-41cb-ad4f-db90423f4d6c	2	61180110	65144935	2092	0.0183
740ed154-d2e9-41cb-ad4f-db90423f4d6c	2	65152824	65156829	4	-1.3597
740ed154-d2e9-41cb-ad4f-db90423f4d6c	2	65163149	75148053	6406	0.0557
740ed154-d2e9-41cb-ad4f-db90423f4d6c	2	75154574	75154670	4	-1.8802
740ed154-d2e9-41cb-ad4f-db90423f4d6c	2	75154711	84376605	6076	0.0908
740ed154-d2e9-41cb-ad4f-db90423f4d6c	2	84376858	96576191	3010	0.0322
740ed154-d2e9-41cb-ad4f-db90423f4d6c	2	96576700	96754758	68	0.2706
740ed154-d2e9-41cb-ad4f-db90423f4d6c	2	96758245	97048036	132	-0.0081
740ed154-d2e9-41cb-ad4f-db90423f4d6c	2	97049417	97359885	79	0.157
740ed154-d2e9-41cb-ad4f-db90423f4d6c	2	97524284	97545247	8	-1.2936
740ed154-d2e9-41cb-ad4f-db90423f4d6c	2	97545726	97949025	179	0.003
740ed154-d2e9-41cb-ad4f-db90423f4d6c	2	97951557	97956380	2	-1.665
740ed154-d2e9-41cb-ad4f-db90423f4d6c	2	97957281	102629772	2935	0.0283
740ed154-d2e9-41cb-ad4f-db90423f4d6c	2	102631684	108274640	3744	0.0809
740ed154-d2e9-41cb-ad4f-db90423f4d6c	2	108274847	109075969	416	0.0335
740ed154-d2e9-41cb-ad4f-db90423f4d6c	2	109076987	109078954	3	-1.0395
740ed154-d2e9-41cb-ad4f-db90423f4d6c	2	109079313	111911067	1093	0.0508
740ed154-d2e9-41cb-ad4f-db90423f4d6c	2	111911258	112099608	115	0.311
740ed154-d2e9-41cb-ad4f-db90423f4d6c	2	112100065	116831010	2818	0.0668
740ed154-d2e9-41cb-ad4f-db90423f4d6c	2	116832191	116832277	2	-1.5585
740ed154-d2e9-41cb-ad4f-db90423f4d6c	2	116833669	120260496	2196	0.0708
740ed154-d2e9-41cb-ad4f-db90423f4d6c	2	120260961	128872367	5442	-0.4134
740ed154-d2e9-41cb-ad4f-db90423f4d6c	2	128879447	128881662	16	-1.02
740ed154-d2e9-41cb-ad4f-db90423f4d6c	2	128882723	138909202	5938	-0.4132
740ed154-d2e9-41cb-ad4f-db90423f4d6c	2	138913197	229684697	55896	0.0761
740ed154-d2e9-41cb-ad4f-db90423f4d6c	2	229684719	242147305	7599	0.0372
740ed154-d2e9-41cb-ad4f-db90423f4d6c	3	20930	807119	650	0.091
740ed154-d2e9-41cb-ad4f-db90423f4d6c	3	815775	817841	4	-1.4111
740ed154-d2e9-41cb-ad4f-db90423f4d6c	3	819470	6275672	4897	0.0872
740ed154-d2e9-41cb-ad4f-db90423f4d6c	3	6277576	6293785	19	0.7155
740ed154-d2e9-41cb-ad4f-db90423f4d6c	3	6296749	9410030	2687	0.1031
740ed154-d2e9-41cb-ad4f-db90423f4d6c	3	9412711	16816067	5104	0.0248
740ed154-d2e9-41cb-ad4f-db90423f4d6c	3	16817334	26722584	6763	0.0839
740ed154-d2e9-41cb-ad4f-db90423f4d6c	3	26723235	26725186	2	-1.9773
740ed154-d2e9-41cb-ad4f-db90423f4d6c	3	26727327	36091859	6216	0.0781
740ed154-d2e9-41cb-ad4f-db90423f4d6c	3	36092975	36094217	3	1.7984
740ed154-d2e9-41cb-ad4f-db90423f4d6c	3	36094469	37480413	938	0.0865
740ed154-d2e9-41cb-ad4f-db90423f4d6c	3	37480435	52989195	8405	0.0243
740ed154-d2e9-41cb-ad4f-db90423f4d6c	3	52994359	53005473	42	-0.8304
740ed154-d2e9-41cb-ad4f-db90423f4d6c	3	53005661	56653776	2680	0.0664
740ed154-d2e9-41cb-ad4f-db90423f4d6c	3	56654852	58412126	986	0.0043
740ed154-d2e9-41cb-ad4f-db90423f4d6c	3	58412739	68697013	8353	0.0833
740ed154-d2e9-41cb-ad4f-db90423f4d6c	3	68697108	68698262	14	-1.4022
740ed154-d2e9-41cb-ad4f-db90423f4d6c	3	68699607	76027992	5089	0.0678
740ed154-d2e9-41cb-ad4f-db90423f4d6c	3	76028499	97300204	9743	0.1169
740ed154-d2e9-41cb-ad4f-db90423f4d6c	3	97301112	118558674	13087	0.0842
740ed154-d2e9-41cb-ad4f-db90423f4d6c	3	118559381	143010538	14648	0.0545
740ed154-d2e9-41cb-ad4f-db90423f4d6c	3	143010741	149245189	3992	0.1091
740ed154-d2e9-41cb-ad4f-db90423f4d6c	3	149245608	149250334	25	-1.1794
740ed154-d2e9-41cb-ad4f-db90423f4d6c	3	149253293	182790993	20474	0.0819
740ed154-d2e9-41cb-ad4f-db90423f4d6c	3	182796848	188364497	3664	0.0289
740ed154-d2e9-41cb-ad4f-db90423f4d6c	3	188365362	193084253	3343	0.0899
740ed154-d2e9-41cb-ad4f-db90423f4d6c	3	193084604	193084770	3	-1.2052
740ed154-d2e9-41cb-ad4f-db90423f4d6c	3	193084990	193160113	64	0.0842
740ed154-d2e9-41cb-ad4f-db90423f4d6c	3	193160173	193165114	19	1.6155
740ed154-d2e9-41cb-ad4f-db90423f4d6c	3	193168646	198111566	2672	0.0253
740ed154-d2e9-41cb-ad4f-db90423f4d6c	3	198118345	198169247	17	-1.0096
740ed154-d2e9-41cb-ad4f-db90423f4d6c	4	68929	1664615	568	-0.4326
740ed154-d2e9-41cb-ad4f-db90423f4d6c	4	1667954	1831001	79	-0.04
740ed154-d2e9-41cb-ad4f-db90423f4d6c	4	1832695	10130308	4916	-0.4442
740ed154-d2e9-41cb-ad4f-db90423f4d6c	4	10130423	10132824	3	-2.2348
740ed154-d2e9-41cb-ad4f-db90423f4d6c	4	10136846	10208766	118	-0.4067
740ed154-d2e9-41cb-ad4f-db90423f4d6c	4	10221792	10229874	28	1.7031
740ed154-d2e9-41cb-ad4f-db90423f4d6c	4	10232590	11202299	865	-0.4304
740ed154-d2e9-41cb-ad4f-db90423f4d6c	4	11202328	24607208	9628	-0.3786
740ed154-d2e9-41cb-ad4f-db90423f4d6c	4	24608319	27470270	1935	-0.4386
740ed154-d2e9-41cb-ad4f-db90423f4d6c	4	27471194	36479643	5668	-0.3379
740ed154-d2e9-41cb-ad4f-db90423f4d6c	4	36482523	57945632	12030	-0.398
740ed154-d2e9-41cb-ad4f-db90423f4d6c	4	57946212	57950644	8	-1.7308
740ed154-d2e9-41cb-ad4f-db90423f4d6c	4	57963380	69265191	6666	-0.3463
740ed154-d2e9-41cb-ad4f-db90423f4d6c	4	69265628	69366081	49	-0.9335
740ed154-d2e9-41cb-ad4f-db90423f4d6c	4	69366304	89443546	12526	-0.3928
740ed154-d2e9-41cb-ad4f-db90423f4d6c	4	89446527	137171085	27983	-0.3586
740ed154-d2e9-41cb-ad4f-db90423f4d6c	4	137171266	137171772	10	-1.1765
740ed154-d2e9-41cb-ad4f-db90423f4d6c	4	137171784	137813535	482	-0.31
740ed154-d2e9-41cb-ad4f-db90423f4d6c	4	137813864	161025607	14277	-0.3818
740ed154-d2e9-41cb-ad4f-db90423f4d6c	4	161031076	161082114	43	0.137
740ed154-d2e9-41cb-ad4f-db90423f4d6c	4	161085672	181641160	13245	-0.366
740ed154-d2e9-41cb-ad4f-db90423f4d6c	4	181648199	182039064	352	-0.849
740ed154-d2e9-41cb-ad4f-db90423f4d6c	4	182041264	182512158	391	-0.4312
740ed154-d2e9-41cb-ad4f-db90423f4d6c	4	182515979	182745587	172	-1.1688
740ed154-d2e9-41cb-ad4f-db90423f4d6c	4	182750815	190106768	4864	-0.3996
740ed154-d2e9-41cb-ad4f-db90423f4d6c	5	15532	276085	133	-0.4784
740ed154-d2e9-41cb-ad4f-db90423f4d6c	5	306919	670630	167	0.6528
740ed154-d2e9-41cb-ad4f-db90423f4d6c	5	676334	817735	39	0.214
740ed154-d2e9-41cb-ad4f-db90423f4d6c	5	817877	1168997	132	0.704
740ed154-d2e9-41cb-ad4f-db90423f4d6c	5	1174963	1300469	110	1.2227
740ed154-d2e9-41cb-ad4f-db90423f4d6c	5	1308437	2399178	794	0.6922
740ed154-d2e9-41cb-ad4f-db90423f4d6c	5	2399225	3485520	1056	-0.421
740ed154-d2e9-41cb-ad4f-db90423f4d6c	5	3485692	3905557	384	0.479
740ed154-d2e9-41cb-ad4f-db90423f4d6c	5	3905811	3969743	47	0.7533
740ed154-d2e9-41cb-ad4f-db90423f4d6c	5	3973693	4225864	231	0.401
740ed154-d2e9-41cb-ad4f-db90423f4d6c	5	4226600	10713583	5555	-0.4216
740ed154-d2e9-41cb-ad4f-db90423f4d6c	5	10719692	12142831	1172	0.4148
740ed154-d2e9-41cb-ad4f-db90423f4d6c	5	12143061	13391696	608	-0.3847
740ed154-d2e9-41cb-ad4f-db90423f4d6c	5	13392619	13548988	130	0.486
740ed154-d2e9-41cb-ad4f-db90423f4d6c	5	13550578	14131832	463	0.6698
740ed154-d2e9-41cb-ad4f-db90423f4d6c	5	14135160	15331291	898	1.0066
740ed154-d2e9-41cb-ad4f-db90423f4d6c	5	15332460	15332597	6	0.27
740ed154-d2e9-41cb-ad4f-db90423f4d6c	5	15332903	15596199	130	1.0733
740ed154-d2e9-41cb-ad4f-db90423f4d6c	5	15599604	15716018	90	0.5434
740ed154-d2e9-41cb-ad4f-db90423f4d6c	5	15718383	15720488	12	-0.5345
740ed154-d2e9-41cb-ad4f-db90423f4d6c	5	15723237	16191308	292	0.4863
740ed154-d2e9-41cb-ad4f-db90423f4d6c	5	16196738	16439044	178	0.817
740ed154-d2e9-41cb-ad4f-db90423f4d6c	5	16439642	16559506	110	0.4591
740ed154-d2e9-41cb-ad4f-db90423f4d6c	5	16561864	16570220	7	0.9737
740ed154-d2e9-41cb-ad4f-db90423f4d6c	5	16575703	16595178	27	0.3325
740ed154-d2e9-41cb-ad4f-db90423f4d6c	5	16596292	16655520	40	0.9294
740ed154-d2e9-41cb-ad4f-db90423f4d6c	5	16655603	16722153	56	0.4301
740ed154-d2e9-41cb-ad4f-db90423f4d6c	5	16724511	17341538	371	-0.0422
740ed154-d2e9-41cb-ad4f-db90423f4d6c	5	17342373	17356130	9	-1.1041
740ed154-d2e9-41cb-ad4f-db90423f4d6c	5	17358160	17410175	32	-0.0409
740ed154-d2e9-41cb-ad4f-db90423f4d6c	5	17410343	17515692	70	0.541
740ed154-d2e9-41cb-ad4f-db90423f4d6c	5	17601444	17629411	12	-0.2698
740ed154-d2e9-41cb-ad4f-db90423f4d6c	5	17630366	18198825	370	0.5494
740ed154-d2e9-41cb-ad4f-db90423f4d6c	5	18200920	18949423	477	0.658
740ed154-d2e9-41cb-ad4f-db90423f4d6c	5	18952988	20948058	1176	0.5228
740ed154-d2e9-41cb-ad4f-db90423f4d6c	5	20950527	21339080	243	0.846
740ed154-d2e9-41cb-ad4f-db90423f4d6c	5	21341983	21376735	10	0.2562
740ed154-d2e9-41cb-ad4f-db90423f4d6c	5	21377730	21377744	2	2.8224
740ed154-d2e9-41cb-ad4f-db90423f4d6c	5	21385957	21798119	225	0.9023
740ed154-d2e9-41cb-ad4f-db90423f4d6c	5	21800451	22129647	192	0.5249
740ed154-d2e9-41cb-ad4f-db90423f4d6c	5	22133394	22725897	281	0.1207
740ed154-d2e9-41cb-ad4f-db90423f4d6c	5	22728425	23247681	319	-0.0461
740ed154-d2e9-41cb-ad4f-db90423f4d6c	5	23247695	25422585	1307	0.1006
740ed154-d2e9-41cb-ad4f-db90423f4d6c	5	25423499	26050703	400	-0.0218
740ed154-d2e9-41cb-ad4f-db90423f4d6c	5	26053230	26789387	452	0.0994
740ed154-d2e9-41cb-ad4f-db90423f4d6c	5	26797651	26797735	2	-1.9129
740ed154-d2e9-41cb-ad4f-db90423f4d6c	5	26803775	27524345	394	0.1497
740ed154-d2e9-41cb-ad4f-db90423f4d6c	5	27525283	27525913	10	-1.4067
740ed154-d2e9-41cb-ad4f-db90423f4d6c	5	27527372	31559261	2590	0.114
740ed154-d2e9-41cb-ad4f-db90423f4d6c	5	31559369	31963087	295	-0.0892
740ed154-d2e9-41cb-ad4f-db90423f4d6c	5	31963194	82757118	28240	0.0662
740ed154-d2e9-41cb-ad4f-db90423f4d6c	5	82757236	86815939	2310	0.1151
740ed154-d2e9-41cb-ad4f-db90423f4d6c	5	86819561	86823329	3	-2.8465
740ed154-d2e9-41cb-ad4f-db90423f4d6c	5	86825812	130916024	27367	0.1101
740ed154-d2e9-41cb-ad4f-db90423f4d6c	5	130917111	135545671	2774	0.0521
740ed154-d2e9-41cb-ad4f-db90423f4d6c	5	135550200	137462752	1389	0.1077
740ed154-d2e9-41cb-ad4f-db90423f4d6c	5	137463061	140827458	1539	0.0183
740ed154-d2e9-41cb-ad4f-db90423f4d6c	5	140838209	140852254	13	-0.9744
740ed154-d2e9-41cb-ad4f-db90423f4d6c	5	140861442	143173908	1481	0.0434
740ed154-d2e9-41cb-ad4f-db90423f4d6c	5	143174218	149408638	4172	0.097
740ed154-d2e9-41cb-ad4f-db90423f4d6c	5	149408749	151921799	1706	0.0434
740ed154-d2e9-41cb-ad4f-db90423f4d6c	5	151923779	152134610	178	0.1142
740ed154-d2e9-41cb-ad4f-db90423f4d6c	5	152135825	152138790	14	-0.7359
740ed154-d2e9-41cb-ad4f-db90423f4d6c	5	152140710	161446463	6410	0.0862
740ed154-d2e9-41cb-ad4f-db90423f4d6c	5	161451437	167854273	4162	0.1259
740ed154-d2e9-41cb-ad4f-db90423f4d6c	5	167854811	175490421	5867	0.0799
740ed154-d2e9-41cb-ad4f-db90423f4d6c	5	175493868	180951888	2815	0.0362
740ed154-d2e9-41cb-ad4f-db90423f4d6c	5	180953203	180972373	5	-1.752
740ed154-d2e9-41cb-ad4f-db90423f4d6c	5	180975764	181363319	181	-0.0323
740ed154-d2e9-41cb-ad4f-db90423f4d6c	6	149661	254283	101	0.0295
740ed154-d2e9-41cb-ad4f-db90423f4d6c	6	257353	294725	22	-0.5619
740ed154-d2e9-41cb-ad4f-db90423f4d6c	6	294837	17557843	13528	0.0522
740ed154-d2e9-41cb-ad4f-db90423f4d6c	6	17561063	17564840	2	-2.4771
740ed154-d2e9-41cb-ad4f-db90423f4d6c	6	17566053	25820200	6016	0.0689
740ed154-d2e9-41cb-ad4f-db90423f4d6c	6	25820211	29869411	1962	0.0255
740ed154-d2e9-41cb-ad4f-db90423f4d6c	6	29869537	29881490	14	-0.9306
740ed154-d2e9-41cb-ad4f-db90423f4d6c	6	29882419	31313046	660	-0.0002
740ed154-d2e9-41cb-ad4f-db90423f4d6c	6	31318499	31342147	12	0.8595
740ed154-d2e9-41cb-ad4f-db90423f4d6c	6	31349570	32486746	500	0.023
740ed154-d2e9-41cb-ad4f-db90423f4d6c	6	32488906	32636595	50	-0.4527
740ed154-d2e9-41cb-ad4f-db90423f4d6c	6	32637799	32658841	10	0.7459
740ed154-d2e9-41cb-ad4f-db90423f4d6c	6	32682835	34164601	923	0.001
740ed154-d2e9-41cb-ad4f-db90423f4d6c	6	34164831	34166743	2	-1.4961
740ed154-d2e9-41cb-ad4f-db90423f4d6c	6	34167087	38676685	2689	-0.0047
740ed154-d2e9-41cb-ad4f-db90423f4d6c	6	38676787	40792525	1722	0.0682
740ed154-d2e9-41cb-ad4f-db90423f4d6c	6	40793999	44549930	2149	0.0137
740ed154-d2e9-41cb-ad4f-db90423f4d6c	6	44550135	58432750	8417	0.0855
740ed154-d2e9-41cb-ad4f-db90423f4d6c	6	60351931	65689589	2703	-0.3679
740ed154-d2e9-41cb-ad4f-db90423f4d6c	6	65689644	65697317	24	-1.0454
740ed154-d2e9-41cb-ad4f-db90423f4d6c	6	65698582	78261980	8206	-0.3792
740ed154-d2e9-41cb-ad4f-db90423f4d6c	6	78261995	78332002	112	0.0833
740ed154-d2e9-41cb-ad4f-db90423f4d6c	6	78332056	88978198	6623	-0.3806
740ed154-d2e9-41cb-ad4f-db90423f4d6c	6	88982502	90570390	1063	-0.4581
740ed154-d2e9-41cb-ad4f-db90423f4d6c	6	90572546	105563141	9195	-0.3726
740ed154-d2e9-41cb-ad4f-db90423f4d6c	6	105565740	111648423	3733	-0.4402
740ed154-d2e9-41cb-ad4f-db90423f4d6c	6	111648912	112417567	543	-0.0283
740ed154-d2e9-41cb-ad4f-db90423f4d6c	6	112419765	113900791	991	-0.3912
740ed154-d2e9-41cb-ad4f-db90423f4d6c	6	113903677	113903852	2	-3.3034
740ed154-d2e9-41cb-ad4f-db90423f4d6c	6	113904647	130313822	9895	-0.375
740ed154-d2e9-41cb-ad4f-db90423f4d6c	6	130315393	130328183	14	1.0394
740ed154-d2e9-41cb-ad4f-db90423f4d6c	6	130328459	130373194	29	-0.4638
740ed154-d2e9-41cb-ad4f-db90423f4d6c	6	130375590	130423788	31	0.8911
740ed154-d2e9-41cb-ad4f-db90423f4d6c	6	130427968	130681237	180	1.1837
740ed154-d2e9-41cb-ad4f-db90423f4d6c	6	130683737	130971400	215	0.8259
740ed154-d2e9-41cb-ad4f-db90423f4d6c	6	130975449	131022854	34	0.9785
740ed154-d2e9-41cb-ad4f-db90423f4d6c	6	131023156	131338260	189	1.1228
740ed154-d2e9-41cb-ad4f-db90423f4d6c	6	131342406	131595258	160	0.9706
740ed154-d2e9-41cb-ad4f-db90423f4d6c	6	131600124	133854907	1578	-0.3798
740ed154-d2e9-41cb-ad4f-db90423f4d6c	6	133857359	134876978	700	-0.0602
740ed154-d2e9-41cb-ad4f-db90423f4d6c	6	134877484	135311799	347	0.9542
740ed154-d2e9-41cb-ad4f-db90423f4d6c	6	135316686	136120845	534	-0.0047
740ed154-d2e9-41cb-ad4f-db90423f4d6c	6	136120963	136252318	100	0.9684
740ed154-d2e9-41cb-ad4f-db90423f4d6c	6	136253284	136356715	50	-0.0471
740ed154-d2e9-41cb-ad4f-db90423f4d6c	6	136357346	136926379	352	0.9737
740ed154-d2e9-41cb-ad4f-db90423f4d6c	6	136928833	137031382	98	0.2818
740ed154-d2e9-41cb-ad4f-db90423f4d6c	6	137034520	138435604	1004	-0.0494
740ed154-d2e9-41cb-ad4f-db90423f4d6c	6	138435656	138829201	263	-1.1863
740ed154-d2e9-41cb-ad4f-db90423f4d6c	6	138830647	139139860	205	-0.0701
740ed154-d2e9-41cb-ad4f-db90423f4d6c	6	139140028	139145373	4	0.7627
740ed154-d2e9-41cb-ad4f-db90423f4d6c	6	139146919	139159741	9	0.0367
740ed154-d2e9-41cb-ad4f-db90423f4d6c	6	139160899	139235245	47	0.5749
740ed154-d2e9-41cb-ad4f-db90423f4d6c	6	139238729	140260033	602	-0.0417
740ed154-d2e9-41cb-ad4f-db90423f4d6c	6	140264586	140383603	44	-1.0865
740ed154-d2e9-41cb-ad4f-db90423f4d6c	6	140385397	140820244	200	0.5792
740ed154-d2e9-41cb-ad4f-db90423f4d6c	6	140825490	140881901	35	0.8849
740ed154-d2e9-41cb-ad4f-db90423f4d6c	6	140887745	140994452	63	0.5384
740ed154-d2e9-41cb-ad4f-db90423f4d6c	6	140997214	141382012	207	0.8832
740ed154-d2e9-41cb-ad4f-db90423f4d6c	6	141382624	142097512	385	0.5439
740ed154-d2e9-41cb-ad4f-db90423f4d6c	6	142102673	142182095	48	0.8736
740ed154-d2e9-41cb-ad4f-db90423f4d6c	6	142182248	143860175	1169	0.4963
740ed154-d2e9-41cb-ad4f-db90423f4d6c	6	143869306	144051118	106	-0.0886
740ed154-d2e9-41cb-ad4f-db90423f4d6c	6	144053755	144069136	15	0.5593
740ed154-d2e9-41cb-ad4f-db90423f4d6c	6	144072508	144428223	224	-0.0401
740ed154-d2e9-41cb-ad4f-db90423f4d6c	6	144428781	145892738	904	0.4913
740ed154-d2e9-41cb-ad4f-db90423f4d6c	6	145892888	146087768	111	0.8133
740ed154-d2e9-41cb-ad4f-db90423f4d6c	6	146093556	146744414	410	0.5187
740ed154-d2e9-41cb-ad4f-db90423f4d6c	6	146744501	147519253	486	1.2588
740ed154-d2e9-41cb-ad4f-db90423f4d6c	6	147525025	148105786	481	0.7638
740ed154-d2e9-41cb-ad4f-db90423f4d6c	6	148105866	148601791	358	0.974
740ed154-d2e9-41cb-ad4f-db90423f4d6c	6	148602653	148681842	63	1.3162
740ed154-d2e9-41cb-ad4f-db90423f4d6c	6	148682648	148905721	170	1.0413
740ed154-d2e9-41cb-ad4f-db90423f4d6c	6	148910544	148970673	58	0.7078
740ed154-d2e9-41cb-ad4f-db90423f4d6c	6	148971599	149018118	50	0.5815
740ed154-d2e9-41cb-ad4f-db90423f4d6c	6	149019168	149912567	518	-0.046
740ed154-d2e9-41cb-ad4f-db90423f4d6c	6	149918194	150260902	239	0.4804
740ed154-d2e9-41cb-ad4f-db90423f4d6c	6	150262314	150389311	97	0.1966
740ed154-d2e9-41cb-ad4f-db90423f4d6c	6	150390028	150450953	61	0.7017
740ed154-d2e9-41cb-ad4f-db90423f4d6c	6	150452322	150585070	110	0.076
740ed154-d2e9-41cb-ad4f-db90423f4d6c	6	150587477	150593978	5	0.5763
740ed154-d2e9-41cb-ad4f-db90423f4d6c	6	150599090	150926303	246	-0.6048
740ed154-d2e9-41cb-ad4f-db90423f4d6c	6	150926731	150937737	13	0.2759
740ed154-d2e9-41cb-ad4f-db90423f4d6c	6	150940501	150970152	26	-0.6174
740ed154-d2e9-41cb-ad4f-db90423f4d6c	6	150970557	150980937	17	0.2254
740ed154-d2e9-41cb-ad4f-db90423f4d6c	6	150982074	150989919	7	-0.3754
740ed154-d2e9-41cb-ad4f-db90423f4d6c	6	150991475	151017753	27	0.2935
740ed154-d2e9-41cb-ad4f-db90423f4d6c	6	151018001	151116672	74	-0.5992
740ed154-d2e9-41cb-ad4f-db90423f4d6c	6	151118562	151365770	164	0.71
740ed154-d2e9-41cb-ad4f-db90423f4d6c	6	151375182	151478789	59	1.0761
740ed154-d2e9-41cb-ad4f-db90423f4d6c	6	151486023	151766195	193	1.3247
740ed154-d2e9-41cb-ad4f-db90423f4d6c	6	151768889	152788702	856	0.9079
740ed154-d2e9-41cb-ad4f-db90423f4d6c	6	152789519	153557966	554	0.0975
740ed154-d2e9-41cb-ad4f-db90423f4d6c	6	153558019	153854651	214	0.2852
740ed154-d2e9-41cb-ad4f-db90423f4d6c	6	153854737	154278570	315	0.0904
740ed154-d2e9-41cb-ad4f-db90423f4d6c	6	154279867	154400349	103	0.3748
740ed154-d2e9-41cb-ad4f-db90423f4d6c	6	154400378	154428219	20	0.0322
740ed154-d2e9-41cb-ad4f-db90423f4d6c	6	154428231	154948024	307	0.3579
740ed154-d2e9-41cb-ad4f-db90423f4d6c	6	154951826	155017051	35	0.5817
740ed154-d2e9-41cb-ad4f-db90423f4d6c	6	155020766	155103434	51	0.3369
740ed154-d2e9-41cb-ad4f-db90423f4d6c	6	155105912	155138218	25	0.1775
740ed154-d2e9-41cb-ad4f-db90423f4d6c	6	155140224	155221468	67	0.7407
740ed154-d2e9-41cb-ad4f-db90423f4d6c	6	155225287	155362863	93	0.9924
740ed154-d2e9-41cb-ad4f-db90423f4d6c	6	155370406	156051917	521	0.3138
740ed154-d2e9-41cb-ad4f-db90423f4d6c	6	156056222	158298876	1379	0.1061
740ed154-d2e9-41cb-ad4f-db90423f4d6c	6	158300734	158378192	61	0.6119
740ed154-d2e9-41cb-ad4f-db90423f4d6c	6	158387577	158825637	254	0.1146
740ed154-d2e9-41cb-ad4f-db90423f4d6c	6	158825685	158878184	23	0.3563
740ed154-d2e9-41cb-ad4f-db90423f4d6c	6	158890408	158942133	34	0.667
740ed154-d2e9-41cb-ad4f-db90423f4d6c	6	158944927	159404566	331	0.272
740ed154-d2e9-41cb-ad4f-db90423f4d6c	6	159405108	159497662	83	0.0639
740ed154-d2e9-41cb-ad4f-db90423f4d6c	6	159504327	159533413	26	0.5921
740ed154-d2e9-41cb-ad4f-db90423f4d6c	6	159535666	159844391	205	0.0786
740ed154-d2e9-41cb-ad4f-db90423f4d6c	6	159844895	159940394	57	0.6303
740ed154-d2e9-41cb-ad4f-db90423f4d6c	6	159944746	160280149	259	0.131
740ed154-d2e9-41cb-ad4f-db90423f4d6c	6	160280392	160413483	109	0.2214
740ed154-d2e9-41cb-ad4f-db90423f4d6c	6	160415374	160485408	53	0.3868
740ed154-d2e9-41cb-ad4f-db90423f4d6c	6	160486102	160555754	40	0.1487
740ed154-d2e9-41cb-ad4f-db90423f4d6c	6	160559298	160577116	6	0.9646
740ed154-d2e9-41cb-ad4f-db90423f4d6c	6	160584100	160727040	126	0.1809
740ed154-d2e9-41cb-ad4f-db90423f4d6c	6	160727398	161614044	637	0.0834
740ed154-d2e9-41cb-ad4f-db90423f4d6c	6	161616209	167984265	4618	-1.2198
740ed154-d2e9-41cb-ad4f-db90423f4d6c	6	167985094	167985895	2	-7.6511
740ed154-d2e9-41cb-ad4f-db90423f4d6c	6	167989043	168251327	179	-1.3928
740ed154-d2e9-41cb-ad4f-db90423f4d6c	6	168253606	168254298	3	-0.4599
740ed154-d2e9-41cb-ad4f-db90423f4d6c	6	168256262	168581259	243	0.513
740ed154-d2e9-41cb-ad4f-db90423f4d6c	6	168598125	168668022	71	0.2198
740ed154-d2e9-41cb-ad4f-db90423f4d6c	6	168673408	168819255	114	0.3848
740ed154-d2e9-41cb-ad4f-db90423f4d6c	6	168822314	169304771	441	0.2209
740ed154-d2e9-41cb-ad4f-db90423f4d6c	6	169310367	169691843	304	0.543
740ed154-d2e9-41cb-ad4f-db90423f4d6c	6	169695244	170741917	461	-0.4342
740ed154-d2e9-41cb-ad4f-db90423f4d6c	7	43355	8158841	4527	0.0185
740ed154-d2e9-41cb-ad4f-db90423f4d6c	7	8158980	11713570	2885	0.1075
740ed154-d2e9-41cb-ad4f-db90423f4d6c	7	11713655	11762180	51	0.4388
740ed154-d2e9-41cb-ad4f-db90423f4d6c	7	11763132	21760751	8017	0.0973
740ed154-d2e9-41cb-ad4f-db90423f4d6c	7	21760841	37351662	11175	0.0556
740ed154-d2e9-41cb-ad4f-db90423f4d6c	7	37355456	37355769	2	-1.6838
740ed154-d2e9-41cb-ad4f-db90423f4d6c	7	37356999	38239007	679	0.063
740ed154-d2e9-41cb-ad4f-db90423f4d6c	7	38239282	38251092	6	0.2892
740ed154-d2e9-41cb-ad4f-db90423f4d6c	7	38251113	38263833	8	0.8204
740ed154-d2e9-41cb-ad4f-db90423f4d6c	7	38271122	38342370	110	0.2955
740ed154-d2e9-41cb-ad4f-db90423f4d6c	7	38345240	43754479	3641	0.07
740ed154-d2e9-41cb-ad4f-db90423f4d6c	7	43754618	45053840	585	-0.0152
740ed154-d2e9-41cb-ad4f-db90423f4d6c	7	45063688	54318812	6756	0.0734
740ed154-d2e9-41cb-ad4f-db90423f4d6c	7	54318816	54318824	5	-2.4395
740ed154-d2e9-41cb-ad4f-db90423f4d6c	7	54325795	75809445	7992	0.0326
740ed154-d2e9-41cb-ad4f-db90423f4d6c	7	75809462	75810378	2	-2.3468
740ed154-d2e9-41cb-ad4f-db90423f4d6c	7	75812444	78034169	971	-0.0066
740ed154-d2e9-41cb-ad4f-db90423f4d6c	7	78034474	97873828	12942	0.0812
740ed154-d2e9-41cb-ad4f-db90423f4d6c	7	97882049	102424462	1954	-0.0326
740ed154-d2e9-41cb-ad4f-db90423f4d6c	7	102424608	104823442	1356	0.0656
740ed154-d2e9-41cb-ad4f-db90423f4d6c	7	104825194	107875079	1908	0.0028
740ed154-d2e9-41cb-ad4f-db90423f4d6c	7	107876264	127406099	12084	0.0765
740ed154-d2e9-41cb-ad4f-db90423f4d6c	7	127409614	130878065	1752	-0.0198
740ed154-d2e9-41cb-ad4f-db90423f4d6c	7	130880603	130882608	7	-1.4962
740ed154-d2e9-41cb-ad4f-db90423f4d6c	7	130882916	134100424	2215	0.0251
740ed154-d2e9-41cb-ad4f-db90423f4d6c	7	134100442	134100624	5	-3.2727
740ed154-d2e9-41cb-ad4f-db90423f4d6c	7	134100664	134105244	15	-1.7179
740ed154-d2e9-41cb-ad4f-db90423f4d6c	7	134105258	134105690	3	-4.2799
740ed154-d2e9-41cb-ad4f-db90423f4d6c	7	134110881	134114444	12	-0.5426
740ed154-d2e9-41cb-ad4f-db90423f4d6c	7	134121491	138029923	2698	0.0646
740ed154-d2e9-41cb-ad4f-db90423f4d6c	7	138036267	141081835	1851	0.0016
740ed154-d2e9-41cb-ad4f-db90423f4d6c	7	141082435	148296804	4536	0.0695
740ed154-d2e9-41cb-ad4f-db90423f4d6c	7	148298179	152892717	2440	-0.0037
740ed154-d2e9-41cb-ad4f-db90423f4d6c	7	152895937	153450553	462	0.0762
740ed154-d2e9-41cb-ad4f-db90423f4d6c	7	153450560	153450627	2	-2.9394
740ed154-d2e9-41cb-ad4f-db90423f4d6c	7	153450630	159324709	4071	0.0386
740ed154-d2e9-41cb-ad4f-db90423f4d6c	7	159324804	159334314	16	-0.5305
740ed154-d2e9-41cb-ad4f-db90423f4d6c	8	81254	4137245	3690	-0.0437
740ed154-d2e9-41cb-ad4f-db90423f4d6c	8	4140085	4144794	9	-0.8611
740ed154-d2e9-41cb-ad4f-db90423f4d6c	8	4145131	4145783	10	-0.009
740ed154-d2e9-41cb-ad4f-db90423f4d6c	8	4145941	4145956	2	-2.5374
740ed154-d2e9-41cb-ad4f-db90423f4d6c	8	4146039	8196822	4079	-0.059
740ed154-d2e9-41cb-ad4f-db90423f4d6c	8	8197738	8214781	3	-1.8403
740ed154-d2e9-41cb-ad4f-db90423f4d6c	8	8234503	13485831	4027	-0.0881
740ed154-d2e9-41cb-ad4f-db90423f4d6c	8	13487361	19021743	5124	-0.0143
740ed154-d2e9-41cb-ad4f-db90423f4d6c	8	19021977	19162748	130	0.238
740ed154-d2e9-41cb-ad4f-db90423f4d6c	8	19162844	19186743	24	-0.0137
740ed154-d2e9-41cb-ad4f-db90423f4d6c	8	19187030	25114672	4346	-0.0809
740ed154-d2e9-41cb-ad4f-db90423f4d6c	8	25116928	25126818	27	0.5091
740ed154-d2e9-41cb-ad4f-db90423f4d6c	8	25133589	39125091	8885	-0.0639
740ed154-d2e9-41cb-ad4f-db90423f4d6c	8	39125476	39135485	4	0.4495
740ed154-d2e9-41cb-ad4f-db90423f4d6c	8	39135898	39372664	114	0.0099
740ed154-d2e9-41cb-ad4f-db90423f4d6c	8	39372806	39538338	68	0.303
740ed154-d2e9-41cb-ad4f-db90423f4d6c	8	39539496	42923415	2276	0.0141
740ed154-d2e9-41cb-ad4f-db90423f4d6c	8	42928532	51628212	3245	0.1022
740ed154-d2e9-41cb-ad4f-db90423f4d6c	8	51629340	57202716	3643	0.0779
740ed154-d2e9-41cb-ad4f-db90423f4d6c	8	57203991	57220239	6	-0.802
740ed154-d2e9-41cb-ad4f-db90423f4d6c	8	57221284	71300130	8702	0.0824
740ed154-d2e9-41cb-ad4f-db90423f4d6c	8	71303076	71307892	10	-0.6248
740ed154-d2e9-41cb-ad4f-db90423f4d6c	8	71308086	74116429	1940	0.0703
740ed154-d2e9-41cb-ad4f-db90423f4d6c	8	74117128	93398542	11180	0.1111
740ed154-d2e9-41cb-ad4f-db90423f4d6c	8	93399653	103592469	6359	0.0424
740ed154-d2e9-41cb-ad4f-db90423f4d6c	8	103592707	111282417	4598	0.1039
740ed154-d2e9-41cb-ad4f-db90423f4d6c	8	111282441	111283031	6	1.8129
740ed154-d2e9-41cb-ad4f-db90423f4d6c	8	111288052	113846649	1377	0.1296
740ed154-d2e9-41cb-ad4f-db90423f4d6c	8	113849346	113851117	2	-1.5692
740ed154-d2e9-41cb-ad4f-db90423f4d6c	8	113851597	115258545	893	0.1073
740ed154-d2e9-41cb-ad4f-db90423f4d6c	8	115259346	145072769	20620	0.0646
740ed154-d2e9-41cb-ad4f-db90423f4d6c	9	46587	9938475	9491	-0.4043
740ed154-d2e9-41cb-ad4f-db90423f4d6c	9	9941673	10146521	245	-1.1194
740ed154-d2e9-41cb-ad4f-db90423f4d6c	9	10146704	10146829	2	-7.0123
740ed154-d2e9-41cb-ad4f-db90423f4d6c	9	10147773	10284056	113	-1.0423
740ed154-d2e9-41cb-ad4f-db90423f4d6c	9	10284969	18418802	6749	-0.3906
740ed154-d2e9-41cb-ad4f-db90423f4d6c	9	18418999	18425937	5	-1.8877
740ed154-d2e9-41cb-ad4f-db90423f4d6c	9	18425999	32165675	10275	-0.3741
740ed154-d2e9-41cb-ad4f-db90423f4d6c	9	32166139	37033162	2975	-0.458
740ed154-d2e9-41cb-ad4f-db90423f4d6c	9	37033364	37034620	2	-3.257
740ed154-d2e9-41cb-ad4f-db90423f4d6c	9	37034672	38428340	888	-0.4448
740ed154-d2e9-41cb-ad4f-db90423f4d6c	9	38430112	39146302	333	-0.3755
740ed154-d2e9-41cb-ad4f-db90423f4d6c	9	39146321	67073081	410	0.1293
740ed154-d2e9-41cb-ad4f-db90423f4d6c	9	67073620	87685009	14040	0.4995
740ed154-d2e9-41cb-ad4f-db90423f4d6c	9	87687557	87907679	184	0.4514
740ed154-d2e9-41cb-ad4f-db90423f4d6c	9	87939236	87939304	2	-1.6133
740ed154-d2e9-41cb-ad4f-db90423f4d6c	9	87943042	98565216	7003	0.4558
740ed154-d2e9-41cb-ad4f-db90423f4d6c	9	98567185	99583945	760	0.4953
740ed154-d2e9-41cb-ad4f-db90423f4d6c	9	99589038	99711709	65	0.8171
740ed154-d2e9-41cb-ad4f-db90423f4d6c	9	99712747	102233134	1678	0.487
740ed154-d2e9-41cb-ad4f-db90423f4d6c	9	102240207	104597685	1702	0.5535
740ed154-d2e9-41cb-ad4f-db90423f4d6c	9	104597733	106913073	1662	0.4905
740ed154-d2e9-41cb-ad4f-db90423f4d6c	9	106913992	106914149	2	-1.3422
740ed154-d2e9-41cb-ad4f-db90423f4d6c	9	106914612	107768043	663	0.4839
740ed154-d2e9-41cb-ad4f-db90423f4d6c	9	107768270	107770566	3	-1.1954
740ed154-d2e9-41cb-ad4f-db90423f4d6c	9	107774651	120554426	10195	0.5113
740ed154-d2e9-41cb-ad4f-db90423f4d6c	9	120554937	126904426	3888	0.4693
740ed154-d2e9-41cb-ad4f-db90423f4d6c	9	126906452	127684214	477	0.5023
740ed154-d2e9-41cb-ad4f-db90423f4d6c	9	127693412	134673486	4018	0.4234
740ed154-d2e9-41cb-ad4f-db90423f4d6c	9	134673527	138200944	1572	0.4657
740ed154-d2e9-41cb-ad4f-db90423f4d6c	10	45792	96465	19	0.1385
740ed154-d2e9-41cb-ad4f-db90423f4d6c	10	97315	10717091	9105	0.4025
740ed154-d2e9-41cb-ad4f-db90423f4d6c	10	10718939	15295841	3775	0.3554
740ed154-d2e9-41cb-ad4f-db90423f4d6c	10	15296613	46146453	18574	0.3937
740ed154-d2e9-41cb-ad4f-db90423f4d6c	10	46154876	46261540	77	0.8942
740ed154-d2e9-41cb-ad4f-db90423f4d6c	10	46261785	46261841	4	-0.0992
740ed154-d2e9-41cb-ad4f-db90423f4d6c	10	46261854	46446817	91	0.9062
740ed154-d2e9-41cb-ad4f-db90423f4d6c	10	46489651	46526280	18	0.0098
740ed154-d2e9-41cb-ad4f-db90423f4d6c	10	46526920	46657149	30	0.6175
740ed154-d2e9-41cb-ad4f-db90423f4d6c	10	46693480	46708198	4	-1.3516
740ed154-d2e9-41cb-ad4f-db90423f4d6c	10	46780843	65546518	12686	0.4289
740ed154-d2e9-41cb-ad4f-db90423f4d6c	10	65548165	65554688	28	0.0081
740ed154-d2e9-41cb-ad4f-db90423f4d6c	10	65563037	67189707	1244	0.433
740ed154-d2e9-41cb-ad4f-db90423f4d6c	10	67193100	75671960	4926	0.3513
740ed154-d2e9-41cb-ad4f-db90423f4d6c	10	75675862	81226630	3991	0.3879
740ed154-d2e9-41cb-ad4f-db90423f4d6c	10	81226776	86017512	3630	0.4352
740ed154-d2e9-41cb-ad4f-db90423f4d6c	10	86019557	95246348	5763	0.3897
740ed154-d2e9-41cb-ad4f-db90423f4d6c	10	95246861	102766488	4451	0.3515
740ed154-d2e9-41cb-ad4f-db90423f4d6c	10	102767584	102931193	99	0.5659
740ed154-d2e9-41cb-ad4f-db90423f4d6c	10	102931735	104748037	1097	0.0141
740ed154-d2e9-41cb-ad4f-db90423f4d6c	10	104749863	109576103	3621	0.0822
740ed154-d2e9-41cb-ad4f-db90423f4d6c	10	109576125	114869051	3717	0.0409
740ed154-d2e9-41cb-ad4f-db90423f4d6c	10	114874202	115006577	69	0.4506
740ed154-d2e9-41cb-ad4f-db90423f4d6c	10	115006675	124446331	6974	0.0517
740ed154-d2e9-41cb-ad4f-db90423f4d6c	10	124456270	124600971	109	0.35
740ed154-d2e9-41cb-ad4f-db90423f4d6c	10	124601501	125955336	816	0.0182
740ed154-d2e9-41cb-ad4f-db90423f4d6c	10	125957214	130002237	3305	0.0803
740ed154-d2e9-41cb-ad4f-db90423f4d6c	10	130003073	133654968	2363	0.0278
740ed154-d2e9-41cb-ad4f-db90423f4d6c	11	198510	4254774	1748	0.0167
740ed154-d2e9-41cb-ad4f-db90423f4d6c	11	4274526	4280146	4	-1.4344
740ed154-d2e9-41cb-ad4f-db90423f4d6c	11	4280161	5772353	1486	0.078
740ed154-d2e9-41cb-ad4f-db90423f4d6c	11	5773015	5791130	25	0.7492
740ed154-d2e9-41cb-ad4f-db90423f4d6c	11	5794956	18919309	9388	0.0498
740ed154-d2e9-41cb-ad4f-db90423f4d6c	11	18919323	18940586	47	-0.5524
740ed154-d2e9-41cb-ad4f-db90423f4d6c	11	18949158	31491842	9118	0.0805
740ed154-d2e9-41cb-ad4f-db90423f4d6c	11	31495126	31750239	130	-0.2108
740ed154-d2e9-41cb-ad4f-db90423f4d6c	11	31751629	36134028	3408	0.0349
740ed154-d2e9-41cb-ad4f-db90423f4d6c	11	36134167	43118635	4745	0.1001
740ed154-d2e9-41cb-ad4f-db90423f4d6c	11	43118691	45558869	1802	0.0359
740ed154-d2e9-41cb-ad4f-db90423f4d6c	11	45560151	48084934	1094	-0.0214
740ed154-d2e9-41cb-ad4f-db90423f4d6c	11	48086582	54678670	1114	0.0785
740ed154-d2e9-41cb-ad4f-db90423f4d6c	11	54680138	54683444	2	-1.7342
740ed154-d2e9-41cb-ad4f-db90423f4d6c	11	54686544	61620202	3933	0.0561
740ed154-d2e9-41cb-ad4f-db90423f4d6c	11	61621843	78090189	8054	-0.0019
740ed154-d2e9-41cb-ad4f-db90423f4d6c	11	78091879	78216990	70	0.3828
740ed154-d2e9-41cb-ad4f-db90423f4d6c	11	78217064	80256469	1563	0.0489
740ed154-d2e9-41cb-ad4f-db90423f4d6c	11	80256504	80256520	2	-1.9602
740ed154-d2e9-41cb-ad4f-db90423f4d6c	11	80256642	101723653	15279	0.0778
740ed154-d2e9-41cb-ad4f-db90423f4d6c	11	101727129	101727233	4	1.949
740ed154-d2e9-41cb-ad4f-db90423f4d6c	11	101727481	117929554	10959	0.0575
740ed154-d2e9-41cb-ad4f-db90423f4d6c	11	117929586	119330968	902	-0.052
740ed154-d2e9-41cb-ad4f-db90423f4d6c	11	119330989	135074876	11843	0.0478
740ed154-d2e9-41cb-ad4f-db90423f4d6c	12	51460	8404097	5592	0.379
740ed154-d2e9-41cb-ad4f-db90423f4d6c	12	8405892	8432076	18	-0.1652
740ed154-d2e9-41cb-ad4f-db90423f4d6c	12	8442298	9481274	560	0.3716
740ed154-d2e9-41cb-ad4f-db90423f4d6c	12	9485313	9575696	23	1.3146
740ed154-d2e9-41cb-ad4f-db90423f4d6c	12	9582373	11068125	1035	0.3765
740ed154-d2e9-41cb-ad4f-db90423f4d6c	12	11070111	11104230	11	-1.007
740ed154-d2e9-41cb-ad4f-db90423f4d6c	12	11107676	13031952	1453	0.3524
740ed154-d2e9-41cb-ad4f-db90423f4d6c	12	13036793	27493053	9896	0.421
740ed154-d2e9-41cb-ad4f-db90423f4d6c	12	27493059	27498429	29	-0.4587
740ed154-d2e9-41cb-ad4f-db90423f4d6c	12	27504228	30960676	2661	0.4106
740ed154-d2e9-41cb-ad4f-db90423f4d6c	12	30962191	30962783	6	-0.5136
740ed154-d2e9-41cb-ad4f-db90423f4d6c	12	30965058	33141726	1483	0.357
740ed154-d2e9-41cb-ad4f-db90423f4d6c	12	33148472	33154440	27	-0.2525
740ed154-d2e9-41cb-ad4f-db90423f4d6c	12	33155426	37593924	829	0.3947
740ed154-d2e9-41cb-ad4f-db90423f4d6c	12	37618765	37620216	2	-1.2851
740ed154-d2e9-41cb-ad4f-db90423f4d6c	12	37640556	45506042	4755	0.4251
740ed154-d2e9-41cb-ad4f-db90423f4d6c	12	45510655	45515754	4	1.745
740ed154-d2e9-41cb-ad4f-db90423f4d6c	12	45519509	45862777	203	0.413
740ed154-d2e9-41cb-ad4f-db90423f4d6c	12	45864379	48331037	1512	0.366
740ed154-d2e9-41cb-ad4f-db90423f4d6c	12	48331236	48331632	5	-1.2006
740ed154-d2e9-41cb-ad4f-db90423f4d6c	12	48336253	57615500	5056	0.3388
740ed154-d2e9-41cb-ad4f-db90423f4d6c	12	57615589	57890772	121	0.6191
740ed154-d2e9-41cb-ad4f-db90423f4d6c	12	57892578	63397634	3659	0.4244
740ed154-d2e9-41cb-ad4f-db90423f4d6c	12	63397669	63545960	82	0.5328
740ed154-d2e9-41cb-ad4f-db90423f4d6c	12	63554371	70250110	4397	0.3902
740ed154-d2e9-41cb-ad4f-db90423f4d6c	12	70252684	91780804	13289	0.4358
740ed154-d2e9-41cb-ad4f-db90423f4d6c	12	91781399	110342338	12638	0.3903
740ed154-d2e9-41cb-ad4f-db90423f4d6c	12	110346962	113352109	1634	0.3148
740ed154-d2e9-41cb-ad4f-db90423f4d6c	12	113360930	119791867	4931	0.3872
740ed154-d2e9-41cb-ad4f-db90423f4d6c	12	119791877	123484171	1634	0.2964
740ed154-d2e9-41cb-ad4f-db90423f4d6c	12	123492517	125348171	1184	0.3635
740ed154-d2e9-41cb-ad4f-db90423f4d6c	12	125353708	128328853	2617	0.4225
740ed154-d2e9-41cb-ad4f-db90423f4d6c	12	128329885	129036382	629	0.3714
740ed154-d2e9-41cb-ad4f-db90423f4d6c	12	129044042	129044362	2	-1.1213
740ed154-d2e9-41cb-ad4f-db90423f4d6c	12	129045726	131636170	2240	0.4107
740ed154-d2e9-41cb-ad4f-db90423f4d6c	12	131648039	131648790	13	1.0173
740ed154-d2e9-41cb-ad4f-db90423f4d6c	12	131657925	133201603	559	0.3446
740ed154-d2e9-41cb-ad4f-db90423f4d6c	13	18452809	31957984	9537	-0.4315
740ed154-d2e9-41cb-ad4f-db90423f4d6c	13	31958485	31964286	18	-2.6004
740ed154-d2e9-41cb-ad4f-db90423f4d6c	13	31965910	53801315	14570	-0.421
740ed154-d2e9-41cb-ad4f-db90423f4d6c	13	53801811	72640011	11433	-0.3644
740ed154-d2e9-41cb-ad4f-db90423f4d6c	13	72640091	80514795	5437	-0.4085
740ed154-d2e9-41cb-ad4f-db90423f4d6c	13	80515371	93753205	8225	-0.3587
740ed154-d2e9-41cb-ad4f-db90423f4d6c	13	93753285	100870513	4621	-0.428
740ed154-d2e9-41cb-ad4f-db90423f4d6c	13	100870716	110278775	7737	-0.3888
740ed154-d2e9-41cb-ad4f-db90423f4d6c	13	110278964	114342922	2406	-0.4656
740ed154-d2e9-41cb-ad4f-db90423f4d6c	14	18239283	19954424	166	-0.3404
740ed154-d2e9-41cb-ad4f-db90423f4d6c	14	19955213	21910527	1312	0.0378
740ed154-d2e9-41cb-ad4f-db90423f4d6c	14	21910616	22509792	553	0.2932
740ed154-d2e9-41cb-ad4f-db90423f4d6c	14	22514241	24497157	1135	0.0126
740ed154-d2e9-41cb-ad4f-db90423f4d6c	14	24499152	26153418	1180	0.0781
740ed154-d2e9-41cb-ad4f-db90423f4d6c	14	26154346	30184595	2366	0.1219
740ed154-d2e9-41cb-ad4f-db90423f4d6c	14	30188146	41141293	7031	0.0706
740ed154-d2e9-41cb-ad4f-db90423f4d6c	14	41141487	41184774	12	-0.9635
740ed154-d2e9-41cb-ad4f-db90423f4d6c	14	41188046	49176461	4686	0.0994
740ed154-d2e9-41cb-ad4f-db90423f4d6c	14	49184584	69546084	13114	0.045
740ed154-d2e9-41cb-ad4f-db90423f4d6c	14	69546420	69555750	16	-0.7234
740ed154-d2e9-41cb-ad4f-db90423f4d6c	14	69555996	73540003	2623	0.0199
740ed154-d2e9-41cb-ad4f-db90423f4d6c	14	73540147	73554275	7	-1.8752
740ed154-d2e9-41cb-ad4f-db90423f4d6c	14	73563196	78231526	3035	0.0063
740ed154-d2e9-41cb-ad4f-db90423f4d6c	14	78237728	85818410	5118	0.0958
740ed154-d2e9-41cb-ad4f-db90423f4d6c	14	85819968	85845829	15	-0.5985
740ed154-d2e9-41cb-ad4f-db90423f4d6c	14	85849791	88156212	1506	0.0945
740ed154-d2e9-41cb-ad4f-db90423f4d6c	14	88157969	106877229	11457	0.0284
740ed154-d2e9-41cb-ad4f-db90423f4d6c	15	19811075	22826888	294	-0.071
740ed154-d2e9-41cb-ad4f-db90423f4d6c	15	22828959	26645706	2515	0.0645
740ed154-d2e9-41cb-ad4f-db90423f4d6c	15	26646517	26981522	208	-0.0549
740ed154-d2e9-41cb-ad4f-db90423f4d6c	15	26982553	26983223	3	-2.5819
740ed154-d2e9-41cb-ad4f-db90423f4d6c	15	26983485	33377120	3558	-0.0432
740ed154-d2e9-41cb-ad4f-db90423f4d6c	15	33383364	33383379	2	-2.2362
740ed154-d2e9-41cb-ad4f-db90423f4d6c	15	33384373	39999055	4828	-0.0315
740ed154-d2e9-41cb-ad4f-db90423f4d6c	15	39999889	45916829	2839	-0.1033
740ed154-d2e9-41cb-ad4f-db90423f4d6c	15	45917646	50245009	2807	-0.025
740ed154-d2e9-41cb-ad4f-db90423f4d6c	15	50247288	52481997	1272	-0.0898
740ed154-d2e9-41cb-ad4f-db90423f4d6c	15	52482071	55197717	2077	-0.0175
740ed154-d2e9-41cb-ad4f-db90423f4d6c	15	55201935	76602857	13496	-0.0773
740ed154-d2e9-41cb-ad4f-db90423f4d6c	15	76603003	76603428	3	-1.5644
740ed154-d2e9-41cb-ad4f-db90423f4d6c	15	76603430	89293908	8110	-0.0623
740ed154-d2e9-41cb-ad4f-db90423f4d6c	15	89295089	89412430	71	0.2487
740ed154-d2e9-41cb-ad4f-db90423f4d6c	15	89414049	93719164	3328	-0.0737
740ed154-d2e9-41cb-ad4f-db90423f4d6c	15	93720288	101928837	6095	-0.0242
740ed154-d2e9-41cb-ad4f-db90423f4d6c	16	10777	59160803	28977	0.0281
740ed154-d2e9-41cb-ad4f-db90423f4d6c	16	59162426	66121178	4818	0.1002
740ed154-d2e9-41cb-ad4f-db90423f4d6c	16	66121850	71968040	2617	0.0029
740ed154-d2e9-41cb-ad4f-db90423f4d6c	16	71970500	72140424	98	0.2558
740ed154-d2e9-41cb-ad4f-db90423f4d6c	16	72141483	75994761	2440	-0.1214
740ed154-d2e9-41cb-ad4f-db90423f4d6c	16	75994775	77238833	1053	-0.0379
740ed154-d2e9-41cb-ad4f-db90423f4d6c	16	77243108	88394706	11088	-0.115
740ed154-d2e9-41cb-ad4f-db90423f4d6c	16	88394774	88398893	2	-2.4504
740ed154-d2e9-41cb-ad4f-db90423f4d6c	16	88399007	90096867	712	-0.1415
740ed154-d2e9-41cb-ad4f-db90423f4d6c	17	150733	1106223	505	-0.4648
740ed154-d2e9-41cb-ad4f-db90423f4d6c	17	1121190	1250730	51	0.0205
740ed154-d2e9-41cb-ad4f-db90423f4d6c	17	1262192	1701286	198	-0.5192
740ed154-d2e9-41cb-ad4f-db90423f4d6c	17	1706901	1873797	79	0.0657
740ed154-d2e9-41cb-ad4f-db90423f4d6c	17	1874133	10525760	5245	-0.4865
740ed154-d2e9-41cb-ad4f-db90423f4d6c	17	10526478	28452035	7565	-0.4389
740ed154-d2e9-41cb-ad4f-db90423f4d6c	17	28454323	28455301	2	-2.7117
740ed154-d2e9-41cb-ad4f-db90423f4d6c	17	28462253	34653440	3687	-0.4546
740ed154-d2e9-41cb-ad4f-db90423f4d6c	17	34660497	34695193	31	0.0758
740ed154-d2e9-41cb-ad4f-db90423f4d6c	17	34696688	39999677	2706	-0.4751
740ed154-d2e9-41cb-ad4f-db90423f4d6c	17	40010626	40181572	71	-0.0049
740ed154-d2e9-41cb-ad4f-db90423f4d6c	17	40185351	41266805	627	-0.4698
740ed154-d2e9-41cb-ad4f-db90423f4d6c	17	41266825	41276800	25	0.1015
740ed154-d2e9-41cb-ad4f-db90423f4d6c	17	41276830	42264082	584	-0.4577
740ed154-d2e9-41cb-ad4f-db90423f4d6c	17	42267066	42291348	13	0.1756
740ed154-d2e9-41cb-ad4f-db90423f4d6c	17	42294404	44227964	983	-0.465
740ed154-d2e9-41cb-ad4f-db90423f4d6c	17	44231196	46085732	913	0.0031
740ed154-d2e9-41cb-ad4f-db90423f4d6c	17	46088437	46215389	107	0.3672
740ed154-d2e9-41cb-ad4f-db90423f4d6c	17	46218468	51233881	2356	-0.0183
740ed154-d2e9-41cb-ad4f-db90423f4d6c	17	51242201	56649047	3921	0.0733
740ed154-d2e9-41cb-ad4f-db90423f4d6c	17	56649116	68615073	6580	0.0069
740ed154-d2e9-41cb-ad4f-db90423f4d6c	17	68619858	72786024	3189	0.0649
740ed154-d2e9-41cb-ad4f-db90423f4d6c	17	72787179	78398459	3258	-0.01
740ed154-d2e9-41cb-ad4f-db90423f4d6c	17	78399475	78399775	3	-1.3375
740ed154-d2e9-41cb-ad4f-db90423f4d6c	17	78402323	83091923	2263	-0.0185
740ed154-d2e9-41cb-ad4f-db90423f4d6c	18	48133	37428860	20605	-0.4075
740ed154-d2e9-41cb-ad4f-db90423f4d6c	18	37431154	37434083	2	-2.8475
740ed154-d2e9-41cb-ad4f-db90423f4d6c	18	37435223	40678763	2136	-0.37
740ed154-d2e9-41cb-ad4f-db90423f4d6c	18	40680456	40689848	21	-1.9893
740ed154-d2e9-41cb-ad4f-db90423f4d6c	18	40690108	63908773	15967	-0.4073
740ed154-d2e9-41cb-ad4f-db90423f4d6c	18	63909141	71507145	5442	-0.3646
740ed154-d2e9-41cb-ad4f-db90423f4d6c	18	71507366	80257174	6467	-0.4198
740ed154-d2e9-41cb-ad4f-db90423f4d6c	19	90910	21927028	9770	0.1769
740ed154-d2e9-41cb-ad4f-db90423f4d6c	19	21927158	27257085	1384	0.2666
740ed154-d2e9-41cb-ad4f-db90423f4d6c	19	27260767	34046258	4680	0.3736
740ed154-d2e9-41cb-ad4f-db90423f4d6c	19	34046602	46386965	6426	0.3119
740ed154-d2e9-41cb-ad4f-db90423f4d6c	19	46400109	46517307	58	0.6575
740ed154-d2e9-41cb-ad4f-db90423f4d6c	19	46520153	55771003	4937	0.3256
740ed154-d2e9-41cb-ad4f-db90423f4d6c	19	55771169	55771701	3	-2.2631
740ed154-d2e9-41cb-ad4f-db90423f4d6c	19	55774927	58586487	1838	0.3354
740ed154-d2e9-41cb-ad4f-db90423f4d6c	20	80664	1601122	1237	0.0319
740ed154-d2e9-41cb-ad4f-db90423f4d6c	20	1601446	1617690	10	-1.1765
740ed154-d2e9-41cb-ad4f-db90423f4d6c	20	1618356	6401100	3477	0.0064
740ed154-d2e9-41cb-ad4f-db90423f4d6c	20	6406433	25234823	14841	0.0641
740ed154-d2e9-41cb-ad4f-db90423f4d6c	20	25235073	36347834	2926	-0.001
740ed154-d2e9-41cb-ad4f-db90423f4d6c	20	36347989	36530253	90	0.2518
740ed154-d2e9-41cb-ad4f-db90423f4d6c	20	36531763	39560777	1898	0.0106
740ed154-d2e9-41cb-ad4f-db90423f4d6c	20	39563147	43604186	3096	0.0616
740ed154-d2e9-41cb-ad4f-db90423f4d6c	20	43612090	54288738	7570	0.0158
740ed154-d2e9-41cb-ad4f-db90423f4d6c	20	54289298	55978061	1371	0.0967
740ed154-d2e9-41cb-ad4f-db90423f4d6c	20	55980697	64284715	5821	0.0344
740ed154-d2e9-41cb-ad4f-db90423f4d6c	20	64323342	64324800	5	-1.5845
740ed154-d2e9-41cb-ad4f-db90423f4d6c	21	10354168	14099039	361	-0.0391
740ed154-d2e9-41cb-ad4f-db90423f4d6c	21	14101499	30563611	12182	0.0919
740ed154-d2e9-41cb-ad4f-db90423f4d6c	21	30567931	46677045	11285	0.036
740ed154-d2e9-41cb-ad4f-db90423f4d6c	22	15294547	16673111	110	-0.304
740ed154-d2e9-41cb-ad4f-db90423f4d6c	22	16683735	17799942	727	0.1154
740ed154-d2e9-41cb-ad4f-db90423f4d6c	22	17803624	18086778	214	-0.3216
740ed154-d2e9-41cb-ad4f-db90423f4d6c	22	18087409	18190590	75	-1.1395
740ed154-d2e9-41cb-ad4f-db90423f4d6c	22	18392404	18760941	6	0.5421
740ed154-d2e9-41cb-ad4f-db90423f4d6c	22	18783014	18918078	6	-0.6693
740ed154-d2e9-41cb-ad4f-db90423f4d6c	22	18918093	19275878	221	-1.3079
740ed154-d2e9-41cb-ad4f-db90423f4d6c	22	19279670	20796541	1020	-0.9025
740ed154-d2e9-41cb-ad4f-db90423f4d6c	22	20796783	22114208	719	-0.268
740ed154-d2e9-41cb-ad4f-db90423f4d6c	22	22119549	22120255	6	-2.3507
740ed154-d2e9-41cb-ad4f-db90423f4d6c	22	22127104	23981995	1267	-0.2604
740ed154-d2e9-41cb-ad4f-db90423f4d6c	22	23987520	23989773	3	-2.9161
740ed154-d2e9-41cb-ad4f-db90423f4d6c	22	23990431	25186409	743	-0.1945
740ed154-d2e9-41cb-ad4f-db90423f4d6c	22	25186998	25286813	83	-1.2984
740ed154-d2e9-41cb-ad4f-db90423f4d6c	22	25288441	25325796	21	-0.3807
740ed154-d2e9-41cb-ad4f-db90423f4d6c	22	25325827	25740026	385	-1.0745
740ed154-d2e9-41cb-ad4f-db90423f4d6c	22	25742050	25742863	6	0.1083
740ed154-d2e9-41cb-ad4f-db90423f4d6c	22	25743126	25799514	77	-1.1643
740ed154-d2e9-41cb-ad4f-db90423f4d6c	22	25799730	26413353	637	-0.18
740ed154-d2e9-41cb-ad4f-db90423f4d6c	22	26416666	26681021	214	-1.2579
740ed154-d2e9-41cb-ad4f-db90423f4d6c	22	26686380	26733784	48	-0.1644
740ed154-d2e9-41cb-ad4f-db90423f4d6c	22	26734342	31588093	3218	-1.2228
740ed154-d2e9-41cb-ad4f-db90423f4d6c	22	31595519	42475109	7229	-0.2115
740ed154-d2e9-41cb-ad4f-db90423f4d6c	22	42479473	42501276	13	-0.0539
740ed154-d2e9-41cb-ad4f-db90423f4d6c	22	42503434	42554485	24	0.5577
740ed154-d2e9-41cb-ad4f-db90423f4d6c	22	42559425	45052088	1871	-0.1368
740ed154-d2e9-41cb-ad4f-db90423f4d6c	22	45052304	45052889	2	-2.0098
740ed154-d2e9-41cb-ad4f-db90423f4d6c	22	45053229	47064787	1311	-0.1119
740ed154-d2e9-41cb-ad4f-db90423f4d6c	22	47068009	47310752	201	0.1414
740ed154-d2e9-41cb-ad4f-db90423f4d6c	22	47310891	47725893	337	-1.3052
740ed154-d2e9-41cb-ad4f-db90423f4d6c	22	47728114	49605913	1836	0.0427
740ed154-d2e9-41cb-ad4f-db90423f4d6c	22	49606410	50266232	297	-1.2428
740ed154-d2e9-41cb-ad4f-db90423f4d6c	22	50277638	50796027	224	-0.4861
740ed154-d2e9-41cb-ad4f-db90423f4d6c	X	251810	25531364	15467	-0.0039
740ed154-d2e9-41cb-ad4f-db90423f4d6c	X	25532175	36591713	7312	0.0235
740ed154-d2e9-41cb-ad4f-db90423f4d6c	X	36591981	55674826	9282	-0.0176
740ed154-d2e9-41cb-ad4f-db90423f4d6c	X	55676226	55681123	3	-2.0242
740ed154-d2e9-41cb-ad4f-db90423f4d6c	X	55681253	129185807	35813	0.0094
740ed154-d2e9-41cb-ad4f-db90423f4d6c	X	129186633	129192989	12	-1.5315
740ed154-d2e9-41cb-ad4f-db90423f4d6c	X	129194201	155952689	15671	0.0062
740ed154-d2e9-41cb-ad4f-db90423f4d6c	Y	2782397	6233384	784	-2.63
740ed154-d2e9-41cb-ad4f-db90423f4d6c	Y	6249869	13478396	2481	-3.0398
740ed154-d2e9-41cb-ad4f-db90423f4d6c	Y	13478462	13482643	3	-7.8018
740ed154-d2e9-41cb-ad4f-db90423f4d6c	Y	13483009	26324843	3211	-3.0218
740ed154-d2e9-41cb-ad4f-db90423f4d6c	Y	26329892	56872112	161	-2.731
