GDC_Aliquot	Chromosome	Start	End	Num_Probes	Segment_Mean
211b34f8-8871-4111-aa1f-a7f838409fa3	1	62920	5585716	2477	0.2766
211b34f8-8871-4111-aa1f-a7f838409fa3	1	5585942	7847944	1394	0.2311
211b34f8-8871-4111-aa1f-a7f838409fa3	1	7848828	12188234	2280	0.1822
211b34f8-8871-4111-aa1f-a7f838409fa3	1	12188446	16542868	2469	0.2451
211b34f8-8871-4111-aa1f-a7f838409fa3	1	16544783	16935752	111	0.4367
211b34f8-8871-4111-aa1f-a7f838409fa3	1	16949746	20450259	2462	0.2459
211b34f8-8871-4111-aa1f-a7f838409fa3	1	20450787	29333156	4460	0.2025
211b34f8-8871-4111-aa1f-a7f838409fa3	1	29333746	30450214	859	0.2716
211b34f8-8871-4111-aa1f-a7f838409fa3	1	30450324	30450576	2	1.8023
211b34f8-8871-4111-aa1f-a7f838409fa3	1	30450939	31984675	885	0.2474
211b34f8-8871-4111-aa1f-a7f838409fa3	1	31987986	32797320	302	0.1138
211b34f8-8871-4111-aa1f-a7f838409fa3	1	32798477	46872530	7961	0.2394
211b34f8-8871-4111-aa1f-a7f838409fa3	1	46878103	50394249	2044	0.2988
211b34f8-8871-4111-aa1f-a7f838409fa3	1	50403012	50407667	7	-0.6467
211b34f8-8871-4111-aa1f-a7f838409fa3	1	50410279	54841907	2374	0.2332
211b34f8-8871-4111-aa1f-a7f838409fa3	1	54842020	61437882	5036	0.3057
211b34f8-8871-4111-aa1f-a7f838409fa3	1	61439812	67777257	4676	0.2642
211b34f8-8871-4111-aa1f-a7f838409fa3	1	67777714	72284670	2723	0.3111
211b34f8-8871-4111-aa1f-a7f838409fa3	1	72290430	72297687	9	-0.5605
211b34f8-8871-4111-aa1f-a7f838409fa3	1	72302735	72339279	36	0.6874
211b34f8-8871-4111-aa1f-a7f838409fa3	1	72339814	92600860	13082	0.307
211b34f8-8871-4111-aa1f-a7f838409fa3	1	92606722	93538094	424	0.19
211b34f8-8871-4111-aa1f-a7f838409fa3	1	93539831	96929856	2309	0.3047
211b34f8-8871-4111-aa1f-a7f838409fa3	1	96931491	96953566	14	-0.5861
211b34f8-8871-4111-aa1f-a7f838409fa3	1	96955683	105470754	4970	0.2938
211b34f8-8871-4111-aa1f-a7f838409fa3	1	105476583	105479722	15	1.7376
211b34f8-8871-4111-aa1f-a7f838409fa3	1	105479738	110833598	3460	0.2865
211b34f8-8871-4111-aa1f-a7f838409fa3	1	110834746	110845604	39	-0.4825
211b34f8-8871-4111-aa1f-a7f838409fa3	1	110849445	114899004	2735	0.2495
211b34f8-8871-4111-aa1f-a7f838409fa3	1	114899448	149891387	4515	0.3032
211b34f8-8871-4111-aa1f-a7f838409fa3	1	149894410	152582700	1389	0.2376
211b34f8-8871-4111-aa1f-a7f838409fa3	1	152583051	152618018	37	0.835
211b34f8-8871-4111-aa1f-a7f838409fa3	1	152618089	153782053	846	0.3006
211b34f8-8871-4111-aa1f-a7f838409fa3	1	153787628	156382605	1190	0.1939
211b34f8-8871-4111-aa1f-a7f838409fa3	1	156382656	158896783	1748	0.267
211b34f8-8871-4111-aa1f-a7f838409fa3	1	158898711	158899969	2	2.9324
211b34f8-8871-4111-aa1f-a7f838409fa3	1	158905028	174827267	11094	0.2724
211b34f8-8871-4111-aa1f-a7f838409fa3	1	174827418	174832716	17	-0.6003
211b34f8-8871-4111-aa1f-a7f838409fa3	1	174832734	178373684	2276	0.3286
211b34f8-8871-4111-aa1f-a7f838409fa3	1	178374172	185342464	4786	0.2711
211b34f8-8871-4111-aa1f-a7f838409fa3	1	185342479	196745692	7467	0.307
211b34f8-8871-4111-aa1f-a7f838409fa3	1	196745743	196843377	60	-0.1916
211b34f8-8871-4111-aa1f-a7f838409fa3	1	196843400	199873395	1833	0.2826
211b34f8-8871-4111-aa1f-a7f838409fa3	1	199873880	207415682	4898	0.2459
211b34f8-8871-4111-aa1f-a7f838409fa3	1	207418177	209897717	1982	0.3033
211b34f8-8871-4111-aa1f-a7f838409fa3	1	209908268	209910639	3	-2.2067
211b34f8-8871-4111-aa1f-a7f838409fa3	1	209913207	211356702	997	0.29
211b34f8-8871-4111-aa1f-a7f838409fa3	1	211359685	213369363	1196	0.2252
211b34f8-8871-4111-aa1f-a7f838409fa3	1	213369970	223490900	7119	0.3086
211b34f8-8871-4111-aa1f-a7f838409fa3	1	223490945	230164999	3998	0.2444
211b34f8-8871-4111-aa1f-a7f838409fa3	1	230166065	235089318	3827	0.291
211b34f8-8871-4111-aa1f-a7f838409fa3	1	235092598	235915030	392	0.1613
211b34f8-8871-4111-aa1f-a7f838409fa3	1	235916192	237803702	1521	0.2705
211b34f8-8871-4111-aa1f-a7f838409fa3	1	237808224	241411122	2880	0.3273
211b34f8-8871-4111-aa1f-a7f838409fa3	1	241413626	248930189	4878	0.2755
211b34f8-8871-4111-aa1f-a7f838409fa3	2	12784	4158097	2972	0.2748
211b34f8-8871-4111-aa1f-a7f838409fa3	2	4166274	4175577	36	-2.0241
211b34f8-8871-4111-aa1f-a7f838409fa3	2	4175922	7990754	3257	0.292
211b34f8-8871-4111-aa1f-a7f838409fa3	2	7991449	11559444	2477	0.2396
211b34f8-8871-4111-aa1f-a7f838409fa3	2	11563497	23796767	8792	0.2918
211b34f8-8871-4111-aa1f-a7f838409fa3	2	23796923	28299817	2171	0.2041
211b34f8-8871-4111-aa1f-a7f838409fa3	2	28300967	34474248	4211	0.2775
211b34f8-8871-4111-aa1f-a7f838409fa3	2	34476327	34491703	16	-0.3121
211b34f8-8871-4111-aa1f-a7f838409fa3	2	34491869	35750907	891	0.2808
211b34f8-8871-4111-aa1f-a7f838409fa3	2	35752724	35762881	7	-1.3974
211b34f8-8871-4111-aa1f-a7f838409fa3	2	35772407	38310022	2029	0.2934
211b34f8-8871-4111-aa1f-a7f838409fa3	2	38313014	39506882	650	0.2013
211b34f8-8871-4111-aa1f-a7f838409fa3	2	39507195	41819654	1877	0.3093
211b34f8-8871-4111-aa1f-a7f838409fa3	2	41819681	48834970	4844	0.2426
211b34f8-8871-4111-aa1f-a7f838409fa3	2	48839840	52516787	2619	0.3061
211b34f8-8871-4111-aa1f-a7f838409fa3	2	52527330	52554404	40	0.7882
211b34f8-8871-4111-aa1f-a7f838409fa3	2	52560811	60636878	5670	0.2853
211b34f8-8871-4111-aa1f-a7f838409fa3	2	60637137	62524484	908	0.1964
211b34f8-8871-4111-aa1f-a7f838409fa3	2	62526941	69589137	4610	0.2769
211b34f8-8871-4111-aa1f-a7f838409fa3	2	69597121	70005995	243	0.1827
211b34f8-8871-4111-aa1f-a7f838409fa3	2	70008901	70010966	4	-0.7356
211b34f8-8871-4111-aa1f-a7f838409fa3	2	70012601	70441453	243	0.1692
211b34f8-8871-4111-aa1f-a7f838409fa3	2	70441759	75044041	2567	0.2515
211b34f8-8871-4111-aa1f-a7f838409fa3	2	75044669	84633345	6318	0.2926
211b34f8-8871-4111-aa1f-a7f838409fa3	2	84634112	86820350	1232	0.2326
211b34f8-8871-4111-aa1f-a7f838409fa3	2	86821579	87546272	140	0.0504
211b34f8-8871-4111-aa1f-a7f838409fa3	2	87551361	97359885	1748	0.2373
211b34f8-8871-4111-aa1f-a7f838409fa3	2	97524284	97545726	9	-0.9619
211b34f8-8871-4111-aa1f-a7f838409fa3	2	97550415	98361291	438	0.219
211b34f8-8871-4111-aa1f-a7f838409fa3	2	98372599	99129995	390	-0.5965
211b34f8-8871-4111-aa1f-a7f838409fa3	2	99152747	100657988	955	0.2367
211b34f8-8871-4111-aa1f-a7f838409fa3	2	100658271	129770465	17735	-0.566
211b34f8-8871-4111-aa1f-a7f838409fa3	2	129772834	130873920	353	0.2231
211b34f8-8871-4111-aa1f-a7f838409fa3	2	130874668	133123961	1161	-0.5397
211b34f8-8871-4111-aa1f-a7f838409fa3	2	133125819	133728551	405	0.3106
211b34f8-8871-4111-aa1f-a7f838409fa3	2	133732353	134263501	435	-0.5933
211b34f8-8871-4111-aa1f-a7f838409fa3	2	134264757	135227531	600	0.2657
211b34f8-8871-4111-aa1f-a7f838409fa3	2	135238828	136460039	648	-0.5717
211b34f8-8871-4111-aa1f-a7f838409fa3	2	136463041	146104517	6035	0.2988
211b34f8-8871-4111-aa1f-a7f838409fa3	2	146106836	146122686	35	0.8302
211b34f8-8871-4111-aa1f-a7f838409fa3	2	146122856	200731053	32637	0.2846
211b34f8-8871-4111-aa1f-a7f838409fa3	2	200731179	203768352	1486	0.2212
211b34f8-8871-4111-aa1f-a7f838409fa3	2	203768433	218087475	9411	0.2907
211b34f8-8871-4111-aa1f-a7f838409fa3	2	218088055	219610862	723	0.1955
211b34f8-8871-4111-aa1f-a7f838409fa3	2	219620649	230345073	7115	0.2915
211b34f8-8871-4111-aa1f-a7f838409fa3	2	230356336	242147305	7212	0.247
211b34f8-8871-4111-aa1f-a7f838409fa3	3	20930	182919	150	-0.5556
211b34f8-8871-4111-aa1f-a7f838409fa3	3	188339	191117	4	-2.7057
211b34f8-8871-4111-aa1f-a7f838409fa3	3	193194	130067896	81536	-0.5374
211b34f8-8871-4111-aa1f-a7f838409fa3	3	130067910	130087393	28	-2.0058
211b34f8-8871-4111-aa1f-a7f838409fa3	3	130088081	162822702	20101	-0.5312
211b34f8-8871-4111-aa1f-a7f838409fa3	3	162827928	162908207	48	0.0633
211b34f8-8871-4111-aa1f-a7f838409fa3	3	162908784	186688349	14313	-0.5296
211b34f8-8871-4111-aa1f-a7f838409fa3	3	186695072	186697745	8	-2.5489
211b34f8-8871-4111-aa1f-a7f838409fa3	3	186698220	198106887	7323	-0.5481
211b34f8-8871-4111-aa1f-a7f838409fa3	3	198106927	198169247	36	-0.0297
211b34f8-8871-4111-aa1f-a7f838409fa3	4	68929	1396612	520	0.2971
211b34f8-8871-4111-aa1f-a7f838409fa3	4	1411887	4332108	1245	0.2048
211b34f8-8871-4111-aa1f-a7f838409fa3	4	4332537	38839977	23651	0.2922
211b34f8-8871-4111-aa1f-a7f838409fa3	4	38840081	40903887	1141	0.2063
211b34f8-8871-4111-aa1f-a7f838409fa3	4	40906122	48202282	4491	0.2963
211b34f8-8871-4111-aa1f-a7f838409fa3	4	48202619	48202631	2	-1.4737
211b34f8-8871-4111-aa1f-a7f838409fa3	4	48203925	49289175	433	0.3041
211b34f8-8871-4111-aa1f-a7f838409fa3	4	49289338	49656595	20	-0.4769
211b34f8-8871-4111-aa1f-a7f838409fa3	4	51819533	68506285	10378	0.2882
211b34f8-8871-4111-aa1f-a7f838409fa3	4	68509223	68640616	67	0.9761
211b34f8-8871-4111-aa1f-a7f838409fa3	4	68655691	69255545	310	0.2948
211b34f8-8871-4111-aa1f-a7f838409fa3	4	69257792	69366081	55	-0.4182
211b34f8-8871-4111-aa1f-a7f838409fa3	4	69366304	114252544	27099	0.2955
211b34f8-8871-4111-aa1f-a7f838409fa3	4	114254167	114261019	23	-1.1948
211b34f8-8871-4111-aa1f-a7f838409fa3	4	114263073	118606176	2556	0.298
211b34f8-8871-4111-aa1f-a7f838409fa3	4	118606497	190036988	44094	-0.5368
211b34f8-8871-4111-aa1f-a7f838409fa3	4	190046094	190106768	5	0.3122
211b34f8-8871-4111-aa1f-a7f838409fa3	5	15532	670630	299	0.3158
211b34f8-8871-4111-aa1f-a7f838409fa3	5	676334	801456	36	-0.7
211b34f8-8871-4111-aa1f-a7f838409fa3	5	801650	46271006	30122	0.3082
211b34f8-8871-4111-aa1f-a7f838409fa3	5	46271828	46273400	6	-2.3095
211b34f8-8871-4111-aa1f-a7f838409fa3	5	46278110	58030200	5038	0.2943
211b34f8-8871-4111-aa1f-a7f838409fa3	5	58030336	58037706	31	2.3522
211b34f8-8871-4111-aa1f-a7f838409fa3	5	58042530	67335739	5866	0.3145
211b34f8-8871-4111-aa1f-a7f838409fa3	5	67336175	82444556	8403	0.2766
211b34f8-8871-4111-aa1f-a7f838409fa3	5	82444701	99500868	9444	0.3119
211b34f8-8871-4111-aa1f-a7f838409fa3	5	99504170	99504922	2	-1.8575
211b34f8-8871-4111-aa1f-a7f838409fa3	5	99508633	128924728	19146	0.3162
211b34f8-8871-4111-aa1f-a7f838409fa3	5	128925154	135013013	3417	0.2658
211b34f8-8871-4111-aa1f-a7f838409fa3	5	135015780	137813583	1986	0.3167
211b34f8-8871-4111-aa1f-a7f838409fa3	5	137815248	143629318	3095	0.2474
211b34f8-8871-4111-aa1f-a7f838409fa3	5	143629519	148804760	3412	0.3319
211b34f8-8871-4111-aa1f-a7f838409fa3	5	148805356	151856478	2094	0.2665
211b34f8-8871-4111-aa1f-a7f838409fa3	5	151856653	156048095	2872	0.316
211b34f8-8871-4111-aa1f-a7f838409fa3	5	156049762	156068240	15	-0.3111
211b34f8-8871-4111-aa1f-a7f838409fa3	5	156068247	156347145	185	0.3615
211b34f8-8871-4111-aa1f-a7f838409fa3	5	156349056	156350429	2	1.4737
211b34f8-8871-4111-aa1f-a7f838409fa3	5	156352896	156779125	311	0.3244
211b34f8-8871-4111-aa1f-a7f838409fa3	5	156781688	158015744	804	0.2362
211b34f8-8871-4111-aa1f-a7f838409fa3	5	158018014	171215335	9196	0.3107
211b34f8-8871-4111-aa1f-a7f838409fa3	5	171218435	177963074	4226	0.2762
211b34f8-8871-4111-aa1f-a7f838409fa3	5	177963270	177974394	10	-0.8155
211b34f8-8871-4111-aa1f-a7f838409fa3	5	177982825	180951888	1759	0.2461
211b34f8-8871-4111-aa1f-a7f838409fa3	5	180953203	181006225	18	0.8513
211b34f8-8871-4111-aa1f-a7f838409fa3	5	181015400	181363319	167	0.2984
211b34f8-8871-4111-aa1f-a7f838409fa3	6	149661	254267	100	0.2644
211b34f8-8871-4111-aa1f-a7f838409fa3	6	254283	381149	102	-0.3353
211b34f8-8871-4111-aa1f-a7f838409fa3	6	382559	32656527	22521	0.2727
211b34f8-8871-4111-aa1f-a7f838409fa3	6	32656814	32658841	5	-1.4467
211b34f8-8871-4111-aa1f-a7f838409fa3	6	32682835	32722250	44	0.3153
211b34f8-8871-4111-aa1f-a7f838409fa3	6	32723020	32723053	3	1.6024
211b34f8-8871-4111-aa1f-a7f838409fa3	6	32732907	32861937	109	0.35
211b34f8-8871-4111-aa1f-a7f838409fa3	6	32863470	39353591	4006	0.2271
211b34f8-8871-4111-aa1f-a7f838409fa3	6	39354098	41641482	1689	0.3014
211b34f8-8871-4111-aa1f-a7f838409fa3	6	41644846	44453503	1515	0.2122
211b34f8-8871-4111-aa1f-a7f838409fa3	6	44453715	54066477	6246	0.2985
211b34f8-8871-4111-aa1f-a7f838409fa3	6	54066582	54067057	4	3.1213
211b34f8-8871-4111-aa1f-a7f838409fa3	6	54070550	73882509	10305	0.3125
211b34f8-8871-4111-aa1f-a7f838409fa3	6	73882741	73891694	9	-2.2967
211b34f8-8871-4111-aa1f-a7f838409fa3	6	73893839	76726442	1760	0.2864
211b34f8-8871-4111-aa1f-a7f838409fa3	6	76726815	76758749	25	1.0442
211b34f8-8871-4111-aa1f-a7f838409fa3	6	76758871	78261995	970	0.3004
211b34f8-8871-4111-aa1f-a7f838409fa3	6	78262064	78325457	105	-0.0966
211b34f8-8871-4111-aa1f-a7f838409fa3	6	78325468	99649426	13206	0.3053
211b34f8-8871-4111-aa1f-a7f838409fa3	6	99651827	99653460	3	-1.6022
211b34f8-8871-4111-aa1f-a7f838409fa3	6	99653468	103286954	2140	0.2928
211b34f8-8871-4111-aa1f-a7f838409fa3	6	103290101	103314186	46	0.8752
211b34f8-8871-4111-aa1f-a7f838409fa3	6	103317795	104690912	889	0.282
211b34f8-8871-4111-aa1f-a7f838409fa3	6	104691306	111858435	4354	0.2453
211b34f8-8871-4111-aa1f-a7f838409fa3	6	111858729	134507715	14062	0.3034
211b34f8-8871-4111-aa1f-a7f838409fa3	6	134511901	134580303	35	0.7734
211b34f8-8871-4111-aa1f-a7f838409fa3	6	134580804	160351810	17074	0.2786
211b34f8-8871-4111-aa1f-a7f838409fa3	6	160351868	170741917	7376	0.31
211b34f8-8871-4111-aa1f-a7f838409fa3	7	43355	181005	115	0.3684
211b34f8-8871-4111-aa1f-a7f838409fa3	7	181104	3343971	1289	0.2341
211b34f8-8871-4111-aa1f-a7f838409fa3	7	3343990	4070319	638	0.3304
211b34f8-8871-4111-aa1f-a7f838409fa3	7	4071480	7011144	1418	0.2144
211b34f8-8871-4111-aa1f-a7f838409fa3	7	7012606	22395161	12468	0.3107
211b34f8-8871-4111-aa1f-a7f838409fa3	7	22395853	22396868	2	-2.7242
211b34f8-8871-4111-aa1f-a7f838409fa3	7	22399135	55664879	23396	0.3031
211b34f8-8871-4111-aa1f-a7f838409fa3	7	55665013	55824469	50	0.1313
211b34f8-8871-4111-aa1f-a7f838409fa3	7	55826970	73420089	6152	0.2624
211b34f8-8871-4111-aa1f-a7f838409fa3	7	73420826	76648317	936	0.1815
211b34f8-8871-4111-aa1f-a7f838409fa3	7	76648458	91578827	9581	0.3262
211b34f8-8871-4111-aa1f-a7f838409fa3	7	91589569	91589817	3	-1.6353
211b34f8-8871-4111-aa1f-a7f838409fa3	7	91595717	97726669	3773	0.3105
211b34f8-8871-4111-aa1f-a7f838409fa3	7	97730064	103012462	2244	0.2192
211b34f8-8871-4111-aa1f-a7f838409fa3	7	103015022	106025812	1985	0.295
211b34f8-8871-4111-aa1f-a7f838409fa3	7	106025824	106144814	90	0.7951
211b34f8-8871-4111-aa1f-a7f838409fa3	7	106147152	109789993	2297	0.3079
211b34f8-8871-4111-aa1f-a7f838409fa3	7	109793690	109813853	39	-0.1274
211b34f8-8871-4111-aa1f-a7f838409fa3	7	109813925	126404920	9960	0.3166
211b34f8-8871-4111-aa1f-a7f838409fa3	7	126405428	126406561	12	-0.928
211b34f8-8871-4111-aa1f-a7f838409fa3	7	126406822	134100424	4670	0.2765
211b34f8-8871-4111-aa1f-a7f838409fa3	7	134100442	134105690	24	1.1446
211b34f8-8871-4111-aa1f-a7f838409fa3	7	134110881	152896083	11471	0.2928
211b34f8-8871-4111-aa1f-a7f838409fa3	7	152897290	152911221	14	-0.7223
211b34f8-8871-4111-aa1f-a7f838409fa3	7	152916278	159254777	4441	0.2908
211b34f8-8871-4111-aa1f-a7f838409fa3	7	159258044	159266713	11	-0.8241
211b34f8-8871-4111-aa1f-a7f838409fa3	7	159268356	159324640	43	0.1925
211b34f8-8871-4111-aa1f-a7f838409fa3	7	159324709	159334314	17	-0.532
211b34f8-8871-4111-aa1f-a7f838409fa3	8	81254	12358500	10901	-0.5573
211b34f8-8871-4111-aa1f-a7f838409fa3	8	12359339	12385031	20	-1.0418
211b34f8-8871-4111-aa1f-a7f838409fa3	8	12387683	12389977	7	-2.199
211b34f8-8871-4111-aa1f-a7f838409fa3	8	12418301	15900289	3056	-0.5149
211b34f8-8871-4111-aa1f-a7f838409fa3	8	15903007	15903640	7	-1.7671
211b34f8-8871-4111-aa1f-a7f838409fa3	8	15903935	32821348	12636	-0.5615
211b34f8-8871-4111-aa1f-a7f838409fa3	8	32825580	32830685	7	0.6377
211b34f8-8871-4111-aa1f-a7f838409fa3	8	32830895	39372806	3553	-0.5508
211b34f8-8871-4111-aa1f-a7f838409fa3	8	39373140	39529446	60	-1.4075
211b34f8-8871-4111-aa1f-a7f838409fa3	8	39530780	57386520	9230	-0.5498
211b34f8-8871-4111-aa1f-a7f838409fa3	8	57387478	57387542	2	-2.8818
211b34f8-8871-4111-aa1f-a7f838409fa3	8	57388486	71303076	8522	-0.5411
211b34f8-8871-4111-aa1f-a7f838409fa3	8	71303129	71304199	5	-2.4475
211b34f8-8871-4111-aa1f-a7f838409fa3	8	71304266	106431686	20964	-0.5282
211b34f8-8871-4111-aa1f-a7f838409fa3	8	106432253	106432667	2	-2.5687
211b34f8-8871-4111-aa1f-a7f838409fa3	8	106434278	114622325	4706	-0.5163
211b34f8-8871-4111-aa1f-a7f838409fa3	8	114622424	114626166	12	-1.8731
211b34f8-8871-4111-aa1f-a7f838409fa3	8	114626238	143217284	20251	-0.5439
211b34f8-8871-4111-aa1f-a7f838409fa3	8	143217495	143228447	13	0.3159
211b34f8-8871-4111-aa1f-a7f838409fa3	8	143232207	145072769	628	-0.5354
211b34f8-8871-4111-aa1f-a7f838409fa3	9	46587	23361807	20223	0.2894
211b34f8-8871-4111-aa1f-a7f838409fa3	9	23363117	23373486	8	1.2868
211b34f8-8871-4111-aa1f-a7f838409fa3	9	23378490	24500842	791	0.3004
211b34f8-8871-4111-aa1f-a7f838409fa3	9	24503818	24517684	20	-0.5875
211b34f8-8871-4111-aa1f-a7f838409fa3	9	24519686	33248770	6440	0.2946
211b34f8-8871-4111-aa1f-a7f838409fa3	9	33249555	35450635	1170	0.2116
211b34f8-8871-4111-aa1f-a7f838409fa3	9	35466067	35743281	133	0.7593
211b34f8-8871-4111-aa1f-a7f838409fa3	9	35751953	39588611	2099	0.2372
211b34f8-8871-4111-aa1f-a7f838409fa3	9	39747848	39840169	5	-1.4302
211b34f8-8871-4111-aa1f-a7f838409fa3	9	40018947	41569592	78	0.1487
211b34f8-8871-4111-aa1f-a7f838409fa3	9	41570345	42037471	23	-0.3174
211b34f8-8871-4111-aa1f-a7f838409fa3	9	42042339	42585140	37	0.5753
211b34f8-8871-4111-aa1f-a7f838409fa3	9	42697878	68494209	326	0.1115
211b34f8-8871-4111-aa1f-a7f838409fa3	9	68494435	87907679	14031	0.2832
211b34f8-8871-4111-aa1f-a7f838409fa3	9	87939236	87939304	2	-1.7276
211b34f8-8871-4111-aa1f-a7f838409fa3	9	87943042	100590686	8211	0.2555
211b34f8-8871-4111-aa1f-a7f838409fa3	9	100593830	102217289	1230	0.3157
211b34f8-8871-4111-aa1f-a7f838409fa3	9	102227112	102228112	4	-1.1289
211b34f8-8871-4111-aa1f-a7f838409fa3	9	102231233	109329225	5351	0.2908
211b34f8-8871-4111-aa1f-a7f838409fa3	9	109335111	109370803	25	0.7787
211b34f8-8871-4111-aa1f-a7f838409fa3	9	109371997	110849491	1222	0.3051
211b34f8-8871-4111-aa1f-a7f838409fa3	9	110849553	114907019	2863	0.2547
211b34f8-8871-4111-aa1f-a7f838409fa3	9	114907419	120407440	4544	0.3163
211b34f8-8871-4111-aa1f-a7f838409fa3	9	120407793	123679118	1977	0.255
211b34f8-8871-4111-aa1f-a7f838409fa3	9	123682972	138200944	8028	0.2225
211b34f8-8871-4111-aa1f-a7f838409fa3	10	45792	5752205	4826	0.2953
211b34f8-8871-4111-aa1f-a7f838409fa3	10	5752412	17781972	9888	0.2535
211b34f8-8871-4111-aa1f-a7f838409fa3	10	17786034	20142710	1801	0.3079
211b34f8-8871-4111-aa1f-a7f838409fa3	10	20145444	23404942	2032	0.2531
211b34f8-8871-4111-aa1f-a7f838409fa3	10	23409633	24086334	476	0.3235
211b34f8-8871-4111-aa1f-a7f838409fa3	10	24088745	24089125	11	-1.9772
211b34f8-8871-4111-aa1f-a7f838409fa3	10	24089979	26934974	1969	0.2819
211b34f8-8871-4111-aa1f-a7f838409fa3	10	26936975	26939544	13	-0.8339
211b34f8-8871-4111-aa1f-a7f838409fa3	10	26941064	46560525	10454	0.2582
211b34f8-8871-4111-aa1f-a7f838409fa3	10	46606240	65546518	12589	0.3049
211b34f8-8871-4111-aa1f-a7f838409fa3	10	65548165	65554672	27	0.9964
211b34f8-8871-4111-aa1f-a7f838409fa3	10	65554688	67377398	1341	0.3141
211b34f8-8871-4111-aa1f-a7f838409fa3	10	67378327	69522716	1184	0.2156
211b34f8-8871-4111-aa1f-a7f838409fa3	10	69522730	69533433	11	-0.3882
211b34f8-8871-4111-aa1f-a7f838409fa3	10	69533809	70038044	467	0.3014
211b34f8-8871-4111-aa1f-a7f838409fa3	10	70038927	70047875	4	-0.5322
211b34f8-8871-4111-aa1f-a7f838409fa3	10	70047888	72004751	1480	0.2577
211b34f8-8871-4111-aa1f-a7f838409fa3	10	72009047	72541008	248	0.7191
211b34f8-8871-4111-aa1f-a7f838409fa3	10	72542410	75383864	1228	0.1951
211b34f8-8871-4111-aa1f-a7f838409fa3	10	75384237	77634481	1718	0.3026
211b34f8-8871-4111-aa1f-a7f838409fa3	10	77640188	77672722	26	0.7884
211b34f8-8871-4111-aa1f-a7f838409fa3	10	77673339	87535614	6705	0.2967
211b34f8-8871-4111-aa1f-a7f838409fa3	10	87536201	87727515	146	0.7606
211b34f8-8871-4111-aa1f-a7f838409fa3	10	87732996	99721344	7810	0.2677
211b34f8-8871-4111-aa1f-a7f838409fa3	10	99725276	103326536	1773	0.2071
211b34f8-8871-4111-aa1f-a7f838409fa3	10	103326747	132183527	21126	0.277
211b34f8-8871-4111-aa1f-a7f838409fa3	10	132188644	132652659	205	0.7631
211b34f8-8871-4111-aa1f-a7f838409fa3	10	132662290	133654968	422	0.2588
211b34f8-8871-4111-aa1f-a7f838409fa3	11	198510	1922972	606	-0.6064
211b34f8-8871-4111-aa1f-a7f838409fa3	11	1932597	1933335	2	1.6589
211b34f8-8871-4111-aa1f-a7f838409fa3	11	1934874	3966600	926	-0.574
211b34f8-8871-4111-aa1f-a7f838409fa3	11	3969711	20583697	12491	-0.5336
211b34f8-8871-4111-aa1f-a7f838409fa3	11	20584119	20584437	2	-3.4239
211b34f8-8871-4111-aa1f-a7f838409fa3	11	20584911	31750239	7717	-0.496
211b34f8-8871-4111-aa1f-a7f838409fa3	11	31751629	36314970	3547	-0.5495
211b34f8-8871-4111-aa1f-a7f838409fa3	11	36315083	42791601	4286	-0.4966
211b34f8-8871-4111-aa1f-a7f838409fa3	11	42794936	42796489	2	-2.9757
211b34f8-8871-4111-aa1f-a7f838409fa3	11	42799053	48638921	3409	-0.5558
211b34f8-8871-4111-aa1f-a7f838409fa3	11	48642055	48700215	15	0.4664
211b34f8-8871-4111-aa1f-a7f838409fa3	11	48702884	55595864	1120	-0.4878
211b34f8-8871-4111-aa1f-a7f838409fa3	11	55606556	55695678	64	-0.0453
211b34f8-8871-4111-aa1f-a7f838409fa3	11	55701048	60029804	2596	-0.5306
211b34f8-8871-4111-aa1f-a7f838409fa3	11	60029995	73150843	6279	-0.58
211b34f8-8871-4111-aa1f-a7f838409fa3	11	73151523	73296391	95	0.2542
211b34f8-8871-4111-aa1f-a7f838409fa3	11	73303810	78798673	2992	-0.5745
211b34f8-8871-4111-aa1f-a7f838409fa3	11	78798888	111355391	22641	-0.501
211b34f8-8871-4111-aa1f-a7f838409fa3	11	111355740	135054648	17145	-0.5521
211b34f8-8871-4111-aa1f-a7f838409fa3	11	135055535	135074876	18	-2.9436
211b34f8-8871-4111-aa1f-a7f838409fa3	12	51460	2142309	1262	-0.5484
211b34f8-8871-4111-aa1f-a7f838409fa3	12	2142326	2143881	13	0.1828
211b34f8-8871-4111-aa1f-a7f838409fa3	12	2145105	9481274	4846	-0.5644
211b34f8-8871-4111-aa1f-a7f838409fa3	12	9485313	9508122	8	-2.0295
211b34f8-8871-4111-aa1f-a7f838409fa3	12	9514854	25434741	10850	-0.5373
211b34f8-8871-4111-aa1f-a7f838409fa3	12	25437666	31242538	4304	0.29
211b34f8-8871-4111-aa1f-a7f838409fa3	12	31242909	33267896	1396	0.204
211b34f8-8871-4111-aa1f-a7f838409fa3	12	33268849	45505721	5464	0.2869
211b34f8-8871-4111-aa1f-a7f838409fa3	12	45506042	45515754	5	1.5142
211b34f8-8871-4111-aa1f-a7f838409fa3	12	45519509	48679575	1924	0.2732
211b34f8-8871-4111-aa1f-a7f838409fa3	12	48679662	51604906	1349	0.1823
211b34f8-8871-4111-aa1f-a7f838409fa3	12	51605520	55661069	2555	0.272
211b34f8-8871-4111-aa1f-a7f838409fa3	12	55662289	57572289	883	0.2004
211b34f8-8871-4111-aa1f-a7f838409fa3	12	57574932	90089573	20311	0.2912
211b34f8-8871-4111-aa1f-a7f838409fa3	12	90097892	90098297	7	-0.879
211b34f8-8871-4111-aa1f-a7f838409fa3	12	90099780	92864677	1878	0.3151
211b34f8-8871-4111-aa1f-a7f838409fa3	12	92869881	96720387	2637	0.2455
211b34f8-8871-4111-aa1f-a7f838409fa3	12	96720453	99398014	1887	0.2969
211b34f8-8871-4111-aa1f-a7f838409fa3	12	99398036	99404284	25	-0.4157
211b34f8-8871-4111-aa1f-a7f838409fa3	12	99404374	109257424	6640	0.2818
211b34f8-8871-4111-aa1f-a7f838409fa3	12	109259756	112686941	1753	0.1879
211b34f8-8871-4111-aa1f-a7f838409fa3	12	112687470	120036306	5454	0.2849
211b34f8-8871-4111-aa1f-a7f838409fa3	12	120036389	123642717	1606	0.1619
211b34f8-8871-4111-aa1f-a7f838409fa3	12	123645377	124627777	597	0.259
211b34f8-8871-4111-aa1f-a7f838409fa3	12	124629845	124693206	52	0.843
211b34f8-8871-4111-aa1f-a7f838409fa3	12	124694273	133201603	6458	0.2981
211b34f8-8871-4111-aa1f-a7f838409fa3	13	18452809	84348615	42958	-0.5286
211b34f8-8871-4111-aa1f-a7f838409fa3	13	84349570	84351437	2	-4.1608
211b34f8-8871-4111-aa1f-a7f838409fa3	13	84351461	94495011	6352	-0.5022
211b34f8-8871-4111-aa1f-a7f838409fa3	13	94495462	95587551	825	-0.6031
211b34f8-8871-4111-aa1f-a7f838409fa3	13	95587896	97544494	1079	-0.4906
211b34f8-8871-4111-aa1f-a7f838409fa3	13	97547852	100794295	2121	-0.59
211b34f8-8871-4111-aa1f-a7f838409fa3	13	100794636	109735576	7288	-0.5295
211b34f8-8871-4111-aa1f-a7f838409fa3	13	109741791	114319769	2803	-0.5977
211b34f8-8871-4111-aa1f-a7f838409fa3	13	114320569	114342922	11	-2.3045
211b34f8-8871-4111-aa1f-a7f838409fa3	14	18239283	20081537	254	0.3723
211b34f8-8871-4111-aa1f-a7f838409fa3	14	20081952	21635439	1017	0.2382
211b34f8-8871-4111-aa1f-a7f838409fa3	14	21635545	21928296	247	0.3831
211b34f8-8871-4111-aa1f-a7f838409fa3	14	21928444	22491845	456	0.5675
211b34f8-8871-4111-aa1f-a7f838409fa3	14	22496054	34484221	7623	0.2988
211b34f8-8871-4111-aa1f-a7f838409fa3	14	34488227	35976039	721	0.2098
211b34f8-8871-4111-aa1f-a7f838409fa3	14	35979182	48294521	7510	0.3184
211b34f8-8871-4111-aa1f-a7f838409fa3	14	48295742	61886475	8732	0.2816
211b34f8-8871-4111-aa1f-a7f838409fa3	14	61887976	63404869	1052	0.3149
211b34f8-8871-4111-aa1f-a7f838409fa3	14	63406456	77832389	8973	0.2465
211b34f8-8871-4111-aa1f-a7f838409fa3	14	77834208	89458489	7797	0.3071
211b34f8-8871-4111-aa1f-a7f838409fa3	14	89460167	93891754	2721	0.2279
211b34f8-8871-4111-aa1f-a7f838409fa3	14	93891857	100010980	4830	0.2804
211b34f8-8871-4111-aa1f-a7f838409fa3	14	100013401	100532946	254	0.2136
211b34f8-8871-4111-aa1f-a7f838409fa3	14	100547818	100633165	37	0.8215
211b34f8-8871-4111-aa1f-a7f838409fa3	14	100639908	106364815	2453	0.2313
211b34f8-8871-4111-aa1f-a7f838409fa3	14	106365807	106704852	196	0.3688
211b34f8-8871-4111-aa1f-a7f838409fa3	14	106711719	106877229	73	-0.6642
211b34f8-8871-4111-aa1f-a7f838409fa3	15	19811075	19936704	24	-0.2353
211b34f8-8871-4111-aa1f-a7f838409fa3	15	19938156	21005443	133	0.2361
211b34f8-8871-4111-aa1f-a7f838409fa3	15	21018354	21085447	9	-0.4861
211b34f8-8871-4111-aa1f-a7f838409fa3	15	21096887	26315045	2380	0.2741
211b34f8-8871-4111-aa1f-a7f838409fa3	15	26317005	26318009	2	-3.4406
211b34f8-8871-4111-aa1f-a7f838409fa3	15	26318441	30269364	2266	0.2679
211b34f8-8871-4111-aa1f-a7f838409fa3	15	30281107	30608675	21	0.7831
211b34f8-8871-4111-aa1f-a7f838409fa3	15	30621384	40447674	6706	0.2771
211b34f8-8871-4111-aa1f-a7f838409fa3	15	40447764	41749514	572	0.138
211b34f8-8871-4111-aa1f-a7f838409fa3	15	41750167	43732292	982	0.2353
211b34f8-8871-4111-aa1f-a7f838409fa3	15	43741900	44601185	359	0.1475
211b34f8-8871-4111-aa1f-a7f838409fa3	15	44604326	53902792	5811	0.278
211b34f8-8871-4111-aa1f-a7f838409fa3	15	53908153	53909163	2	-2.8677
211b34f8-8871-4111-aa1f-a7f838409fa3	15	53912031	56497449	1693	0.2603
211b34f8-8871-4111-aa1f-a7f838409fa3	15	56498505	56499925	24	-0.515
211b34f8-8871-4111-aa1f-a7f838409fa3	15	56508779	63099841	4979	0.265
211b34f8-8871-4111-aa1f-a7f838409fa3	15	63101728	78997095	8914	0.2285
211b34f8-8871-4111-aa1f-a7f838409fa3	15	78998258	83871965	3173	0.2601
211b34f8-8871-4111-aa1f-a7f838409fa3	15	83871986	83874498	3	-0.9166
211b34f8-8871-4111-aa1f-a7f838409fa3	15	83874650	83874798	3	-3.7025
211b34f8-8871-4111-aa1f-a7f838409fa3	15	83878525	88865226	3392	0.2833
211b34f8-8871-4111-aa1f-a7f838409fa3	15	88866372	90817292	1169	0.2054
211b34f8-8871-4111-aa1f-a7f838409fa3	15	90820073	101928837	8529	0.2834
211b34f8-8871-4111-aa1f-a7f838409fa3	16	10777	1505082	479	0.2903
211b34f8-8871-4111-aa1f-a7f838409fa3	16	1509837	5293635	1816	0.1959
211b34f8-8871-4111-aa1f-a7f838409fa3	16	5296529	7392493	2558	0.2979
211b34f8-8871-4111-aa1f-a7f838409fa3	16	7395793	7680628	381	-0.591
211b34f8-8871-4111-aa1f-a7f838409fa3	16	7681387	11395876	3285	0.2738
211b34f8-8871-4111-aa1f-a7f838409fa3	16	11397150	12064240	382	0.158
211b34f8-8871-4111-aa1f-a7f838409fa3	16	12064968	23104014	6159	0.2688
211b34f8-8871-4111-aa1f-a7f838409fa3	16	23104642	35123823	4900	0.2249
211b34f8-8871-4111-aa1f-a7f838409fa3	16	35125220	35225156	75	0.3456
211b34f8-8871-4111-aa1f-a7f838409fa3	16	35225230	35526596	171	0.7802
211b34f8-8871-4111-aa1f-a7f838409fa3	16	35530722	53259845	4437	0.2676
211b34f8-8871-4111-aa1f-a7f838409fa3	16	53264277	70716337	11028	-0.5569
211b34f8-8871-4111-aa1f-a7f838409fa3	16	70719293	78337711	5263	0.2833
211b34f8-8871-4111-aa1f-a7f838409fa3	16	78338543	78350868	17	1.4794
211b34f8-8871-4111-aa1f-a7f838409fa3	16	78351104	84906427	7084	0.3022
211b34f8-8871-4111-aa1f-a7f838409fa3	16	84910080	88667936	2835	0.255
211b34f8-8871-4111-aa1f-a7f838409fa3	16	88670764	89823838	460	0.3214
211b34f8-8871-4111-aa1f-a7f838409fa3	16	89823918	89823933	2	-0.9984
211b34f8-8871-4111-aa1f-a7f838409fa3	16	89823945	90096867	146	0.2822
211b34f8-8871-4111-aa1f-a7f838409fa3	17	150733	1191067	528	-0.5399
211b34f8-8871-4111-aa1f-a7f838409fa3	17	1191979	9613823	4814	-0.634
211b34f8-8871-4111-aa1f-a7f838409fa3	17	9622063	14492073	3704	-0.5721
211b34f8-8871-4111-aa1f-a7f838409fa3	17	14494188	14494839	3	-3.1251
211b34f8-8871-4111-aa1f-a7f838409fa3	17	14495590	17450979	1718	-0.5806
211b34f8-8871-4111-aa1f-a7f838409fa3	17	17452240	17452275	2	-3.0513
211b34f8-8871-4111-aa1f-a7f838409fa3	17	17452699	18414080	519	-0.608
211b34f8-8871-4111-aa1f-a7f838409fa3	17	18452078	18509244	17	0.7106
211b34f8-8871-4111-aa1f-a7f838409fa3	17	18523147	18592992	13	-0.0948
211b34f8-8871-4111-aa1f-a7f838409fa3	17	18593989	19594577	356	-0.5856
211b34f8-8871-4111-aa1f-a7f838409fa3	17	19596423	19621438	27	-2.032
211b34f8-8871-4111-aa1f-a7f838409fa3	17	19631693	41058864	8809	-0.5849
211b34f8-8871-4111-aa1f-a7f838409fa3	17	41058934	41065355	10	-5.3104
211b34f8-8871-4111-aa1f-a7f838409fa3	17	41066554	41251729	111	-0.6105
211b34f8-8871-4111-aa1f-a7f838409fa3	17	41257158	41266851	11	0.1745
211b34f8-8871-4111-aa1f-a7f838409fa3	17	41266901	41274279	18	0.9044
211b34f8-8871-4111-aa1f-a7f838409fa3	17	41276472	41276800	4	0.0109
211b34f8-8871-4111-aa1f-a7f838409fa3	17	41276830	45695174	2200	-0.6216
211b34f8-8871-4111-aa1f-a7f838409fa3	17	45696736	46731597	431	-0.4212
211b34f8-8871-4111-aa1f-a7f838409fa3	17	46731635	51206479	2292	-0.6311
211b34f8-8871-4111-aa1f-a7f838409fa3	17	51207382	53967094	1936	-0.5315
211b34f8-8871-4111-aa1f-a7f838409fa3	17	53969958	53970402	4	-2.639
211b34f8-8871-4111-aa1f-a7f838409fa3	17	53973125	57690562	2761	-0.5596
211b34f8-8871-4111-aa1f-a7f838409fa3	17	57696487	57829756	123	0.1905
211b34f8-8871-4111-aa1f-a7f838409fa3	17	57831175	75713473	10543	-0.5845
211b34f8-8871-4111-aa1f-a7f838409fa3	17	75717916	75778162	13	0.5621
211b34f8-8871-4111-aa1f-a7f838409fa3	17	75785739	83091923	3701	-0.6341
211b34f8-8871-4111-aa1f-a7f838409fa3	18	48133	80257174	50232	-0.5528
211b34f8-8871-4111-aa1f-a7f838409fa3	19	90910	538487	119	0.7738
211b34f8-8871-4111-aa1f-a7f838409fa3	19	547973	4612976	1093	0.1616
211b34f8-8871-4111-aa1f-a7f838409fa3	19	4624197	4692342	22	0.8252
211b34f8-8871-4111-aa1f-a7f838409fa3	19	4701120	6951984	1057	0.1852
211b34f8-8871-4111-aa1f-a7f838409fa3	19	6957866	7013939	43	-0.7499
211b34f8-8871-4111-aa1f-a7f838409fa3	19	7071383	8994873	957	0.1596
211b34f8-8871-4111-aa1f-a7f838409fa3	19	8995829	8995943	2	-4.2387
211b34f8-8871-4111-aa1f-a7f838409fa3	19	8995948	19908052	5282	0.1812
211b34f8-8871-4111-aa1f-a7f838409fa3	19	19908302	32500913	6202	0.2656
211b34f8-8871-4111-aa1f-a7f838409fa3	19	32501271	35358319	1852	0.1944
211b34f8-8871-4111-aa1f-a7f838409fa3	19	35358407	35370946	23	0.6999
211b34f8-8871-4111-aa1f-a7f838409fa3	19	35375842	37143642	892	0.1609
211b34f8-8871-4111-aa1f-a7f838409fa3	19	37161671	37182875	12	-0.6631
211b34f8-8871-4111-aa1f-a7f838409fa3	19	37194288	43139226	2923	0.1862
211b34f8-8871-4111-aa1f-a7f838409fa3	19	43142696	43236813	43	-0.5958
211b34f8-8871-4111-aa1f-a7f838409fa3	19	43249149	55771003	6629	0.2069
211b34f8-8871-4111-aa1f-a7f838409fa3	19	55771169	55771701	3	-1.9958
211b34f8-8871-4111-aa1f-a7f838409fa3	19	55774927	58586487	1826	0.2353
211b34f8-8871-4111-aa1f-a7f838409fa3	20	80664	80671	7	0.3656
211b34f8-8871-4111-aa1f-a7f838409fa3	20	80907	1580353	1185	-0.5438
211b34f8-8871-4111-aa1f-a7f838409fa3	20	1580934	1613247	41	2.0542
211b34f8-8871-4111-aa1f-a7f838409fa3	20	1617300	6119441	3242	-0.6006
211b34f8-8871-4111-aa1f-a7f838409fa3	20	6119457	6941399	655	-0.5125
211b34f8-8871-4111-aa1f-a7f838409fa3	20	6942029	6942889	5	-2.0275
211b34f8-8871-4111-aa1f-a7f838409fa3	20	6945020	14026542	5462	-0.5246
211b34f8-8871-4111-aa1f-a7f838409fa3	20	14027057	14214001	96	-2.8057
211b34f8-8871-4111-aa1f-a7f838409fa3	20	14221275	26324943	9135	-0.5444
211b34f8-8871-4111-aa1f-a7f838409fa3	20	30185676	36207231	2443	0.2082
211b34f8-8871-4111-aa1f-a7f838409fa3	20	36207450	36727217	198	1.0918
211b34f8-8871-4111-aa1f-a7f838409fa3	20	36734233	37190393	303	0.148
211b34f8-8871-4111-aa1f-a7f838409fa3	20	37190620	48840477	8233	0.2705
211b34f8-8871-4111-aa1f-a7f838409fa3	20	48844158	51959186	2072	0.2196
211b34f8-8871-4111-aa1f-a7f838409fa3	20	51960593	64324800	8978	0.2835
211b34f8-8871-4111-aa1f-a7f838409fa3	21	10354168	13028693	97	-0.0925
211b34f8-8871-4111-aa1f-a7f838409fa3	21	13080541	13419837	113	0.2253
211b34f8-8871-4111-aa1f-a7f838409fa3	21	13421184	13428524	4	-0.8981
211b34f8-8871-4111-aa1f-a7f838409fa3	21	13428532	15390824	1064	0.2425
211b34f8-8871-4111-aa1f-a7f838409fa3	21	15392769	30597993	11195	0.2704
211b34f8-8871-4111-aa1f-a7f838409fa3	21	30609293	31769290	777	0.2408
211b34f8-8871-4111-aa1f-a7f838409fa3	21	31775586	31778772	2	2.0535
211b34f8-8871-4111-aa1f-a7f838409fa3	21	31779583	46677045	10433	0.2315
211b34f8-8871-4111-aa1f-a7f838409fa3	22	15294547	19296944	1365	0.2169
211b34f8-8871-4111-aa1f-a7f838409fa3	22	19300861	20596277	793	0.3159
211b34f8-8871-4111-aa1f-a7f838409fa3	22	20598622	20604014	4	-0.874
211b34f8-8871-4111-aa1f-a7f838409fa3	22	20605404	23281097	1794	0.3146
211b34f8-8871-4111-aa1f-a7f838409fa3	22	23285182	23987520	420	0.2226
211b34f8-8871-4111-aa1f-a7f838409fa3	22	23988078	23989773	2	-1.9797
211b34f8-8871-4111-aa1f-a7f838409fa3	22	23990431	24685371	354	0.2436
211b34f8-8871-4111-aa1f-a7f838409fa3	22	24686148	24686567	3	-1.5732
211b34f8-8871-4111-aa1f-a7f838409fa3	22	24691707	28298222	3310	0.2659
211b34f8-8871-4111-aa1f-a7f838409fa3	22	28298419	28299046	2	-1.2939
211b34f8-8871-4111-aa1f-a7f838409fa3	22	28308902	28584475	132	0.246
211b34f8-8871-4111-aa1f-a7f838409fa3	22	28584879	32066518	1953	0.1819
211b34f8-8871-4111-aa1f-a7f838409fa3	22	32067096	37447223	4298	0.2598
211b34f8-8871-4111-aa1f-a7f838409fa3	22	37447813	42276015	2516	0.1755
211b34f8-8871-4111-aa1f-a7f838409fa3	22	42277850	42511497	135	0.2645
211b34f8-8871-4111-aa1f-a7f838409fa3	22	42514763	42874741	187	0.6596
211b34f8-8871-4111-aa1f-a7f838409fa3	22	42883620	50796027	5903	0.2492
211b34f8-8871-4111-aa1f-a7f838409fa3	X	251810	13853883	8305	-0.0364
211b34f8-8871-4111-aa1f-a7f838409fa3	X	13854162	13854349	2	-3.9464
211b34f8-8871-4111-aa1f-a7f838409fa3	X	13856180	19450600	3302	-0.0045
211b34f8-8871-4111-aa1f-a7f838409fa3	X	19454127	19454666	3	-4.2222
211b34f8-8871-4111-aa1f-a7f838409fa3	X	19454983	153063342	70032	0.0001
211b34f8-8871-4111-aa1f-a7f838409fa3	X	153151390	153294393	104	1.4792
211b34f8-8871-4111-aa1f-a7f838409fa3	X	153294492	153318491	23	2.2559
211b34f8-8871-4111-aa1f-a7f838409fa3	X	153321965	153441345	64	1.5242
211b34f8-8871-4111-aa1f-a7f838409fa3	X	153442159	155952689	912	0.0019
211b34f8-8871-4111-aa1f-a7f838409fa3	Y	2782397	56872112	6633	-2.4214
