GDC_Aliquot	Chromosome	Start	End	Num_Probes	Segment_Mean
91bc2271-8a88-4dc9-862b-d8fb841606e5	1	62920	25256850	13964	0.0008
91bc2271-8a88-4dc9-862b-d8fb841606e5	1	25266637	25292549	17	-0.7865
91bc2271-8a88-4dc9-862b-d8fb841606e5	1	25301974	94665122	42883	-0.0013
91bc2271-8a88-4dc9-862b-d8fb841606e5	1	94665141	94672892	22	-1.1649
91bc2271-8a88-4dc9-862b-d8fb841606e5	1	94674617	94685023	15	-0.5548
91bc2271-8a88-4dc9-862b-d8fb841606e5	1	94685310	94687294	20	-1.1325
91bc2271-8a88-4dc9-862b-d8fb841606e5	1	94689829	105620466	6569	-0.003
91bc2271-8a88-4dc9-862b-d8fb841606e5	1	105620568	105676494	33	-0.8161
91bc2271-8a88-4dc9-862b-d8fb841606e5	1	105676568	109690352	2470	-0.0164
91bc2271-8a88-4dc9-862b-d8fb841606e5	1	109690431	109697556	11	1.0834
91bc2271-8a88-4dc9-862b-d8fb841606e5	1	109702376	110753066	749	-0.0039
91bc2271-8a88-4dc9-862b-d8fb841606e5	1	110753326	110754030	2	-1.8238
91bc2271-8a88-4dc9-862b-d8fb841606e5	1	110754259	110833598	75	-0.0907
91bc2271-8a88-4dc9-862b-d8fb841606e5	1	110834746	110845604	39	-0.8323
91bc2271-8a88-4dc9-862b-d8fb841606e5	1	110849445	112153343	1067	0.0183
91bc2271-8a88-4dc9-862b-d8fb841606e5	1	112153465	112163440	27	0.5961
91bc2271-8a88-4dc9-862b-d8fb841606e5	1	112163460	114289343	1316	0.0009
91bc2271-8a88-4dc9-862b-d8fb841606e5	1	114291004	114291088	2	-2.0284
91bc2271-8a88-4dc9-862b-d8fb841606e5	1	114291180	152583051	6224	-0.0068
91bc2271-8a88-4dc9-862b-d8fb841606e5	1	152583230	152614118	35	1.5916
91bc2271-8a88-4dc9-862b-d8fb841606e5	1	152618018	193186662	27041	-0.0037
91bc2271-8a88-4dc9-862b-d8fb841606e5	1	193187149	193187218	4	1.2457
91bc2271-8a88-4dc9-862b-d8fb841606e5	1	193190593	196745743	2376	-0.0004
91bc2271-8a88-4dc9-862b-d8fb841606e5	1	196758720	196846661	61	-0.4389
91bc2271-8a88-4dc9-862b-d8fb841606e5	1	196847600	199138525	1355	0.0079
91bc2271-8a88-4dc9-862b-d8fb841606e5	1	199138574	199144712	10	-0.6923
91bc2271-8a88-4dc9-862b-d8fb841606e5	1	199145110	208086405	5819	-0.0028
91bc2271-8a88-4dc9-862b-d8fb841606e5	1	208088777	208089135	3	-1.3932
91bc2271-8a88-4dc9-862b-d8fb841606e5	1	208089792	229675422	14456	-0.0002
91bc2271-8a88-4dc9-862b-d8fb841606e5	1	229681109	229684449	3	-3.2178
91bc2271-8a88-4dc9-862b-d8fb841606e5	1	229684709	246101396	12203	0.0003
91bc2271-8a88-4dc9-862b-d8fb841606e5	1	246102300	246102966	2	-2.1336
91bc2271-8a88-4dc9-862b-d8fb841606e5	1	246103609	248546369	1489	0.0097
91bc2271-8a88-4dc9-862b-d8fb841606e5	1	248550567	248633912	35	-2.1289
91bc2271-8a88-4dc9-862b-d8fb841606e5	1	248645563	248703037	35	0.1351
91bc2271-8a88-4dc9-862b-d8fb841606e5	1	248703602	248709357	5	-1.4195
91bc2271-8a88-4dc9-862b-d8fb841606e5	1	248713007	248930189	101	0.0219
91bc2271-8a88-4dc9-862b-d8fb841606e5	2	12784	4158097	2972	0.0219
91bc2271-8a88-4dc9-862b-d8fb841606e5	2	4166274	4187794	45	-0.6597
91bc2271-8a88-4dc9-862b-d8fb841606e5	2	4189215	23242273	14122	0.0053
91bc2271-8a88-4dc9-862b-d8fb841606e5	2	23243995	23250686	7	-1.0769
91bc2271-8a88-4dc9-862b-d8fb841606e5	2	23252915	34466002	6766	0.0058
91bc2271-8a88-4dc9-862b-d8fb841606e5	2	34474248	34515690	51	0.5373
91bc2271-8a88-4dc9-862b-d8fb841606e5	2	34515732	52514599	12882	0.0057
91bc2271-8a88-4dc9-862b-d8fb841606e5	2	52516787	52538556	27	0.5636
91bc2271-8a88-4dc9-862b-d8fb841606e5	2	52553699	75154574	14378	0.0054
91bc2271-8a88-4dc9-862b-d8fb841606e5	2	75154602	75154670	3	-2.0897
91bc2271-8a88-4dc9-862b-d8fb841606e5	2	75154711	85105322	6428	-0.0033
91bc2271-8a88-4dc9-862b-d8fb841606e5	2	85105337	85106283	2	-2.0769
91bc2271-8a88-4dc9-862b-d8fb841606e5	2	85106853	87207015	1060	0.0067
91bc2271-8a88-4dc9-862b-d8fb841606e5	2	87207066	87228594	10	-0.7486
91bc2271-8a88-4dc9-862b-d8fb841606e5	2	87229739	87466706	44	-0.0541
91bc2271-8a88-4dc9-862b-d8fb841606e5	2	87475650	87588764	30	-0.6295
91bc2271-8a88-4dc9-862b-d8fb841606e5	2	87595227	97192190	1711	0.0071
91bc2271-8a88-4dc9-862b-d8fb841606e5	2	97199600	97359885	27	-0.4098
91bc2271-8a88-4dc9-862b-d8fb841606e5	2	97524284	97545247	8	1.147
91bc2271-8a88-4dc9-862b-d8fb841606e5	2	97545726	111369493	8121	0.008
91bc2271-8a88-4dc9-862b-d8fb841606e5	2	111371898	111486107	31	0.4905
91bc2271-8a88-4dc9-862b-d8fb841606e5	2	111486393	129791702	11421	0.0172
91bc2271-8a88-4dc9-862b-d8fb841606e5	2	129791707	129801673	9	-0.9163
91bc2271-8a88-4dc9-862b-d8fb841606e5	2	129802474	131335459	501	-0.0044
91bc2271-8a88-4dc9-862b-d8fb841606e5	2	131337174	131338866	5	-1.5605
91bc2271-8a88-4dc9-862b-d8fb841606e5	2	131339746	135339232	2459	-0.0024
91bc2271-8a88-4dc9-862b-d8fb841606e5	2	135341840	135344236	2	-2.5501
91bc2271-8a88-4dc9-862b-d8fb841606e5	2	135345195	141344094	3755	0.0093
91bc2271-8a88-4dc9-862b-d8fb841606e5	2	141349262	141354349	11	-1.2294
91bc2271-8a88-4dc9-862b-d8fb841606e5	2	141360458	146104517	2877	0.0177
91bc2271-8a88-4dc9-862b-d8fb841606e5	2	146106836	146109366	24	0.6943
91bc2271-8a88-4dc9-862b-d8fb841606e5	2	146120238	179196928	20100	0.0091
91bc2271-8a88-4dc9-862b-d8fb841606e5	2	179202465	179214417	3	-1.8497
91bc2271-8a88-4dc9-862b-d8fb841606e5	2	179218864	202428368	13393	0.0068
91bc2271-8a88-4dc9-862b-d8fb841606e5	2	202431052	202447478	41	-0.6909
91bc2271-8a88-4dc9-862b-d8fb841606e5	2	202448759	242147305	25045	0.0063
91bc2271-8a88-4dc9-862b-d8fb841606e5	3	20930	104374	79	0.0088
91bc2271-8a88-4dc9-862b-d8fb841606e5	3	105132	105432	3	-1.0329
91bc2271-8a88-4dc9-862b-d8fb841606e5	3	105837	191117	73	0.0113
91bc2271-8a88-4dc9-862b-d8fb841606e5	3	193194	201405	9	-0.6814
91bc2271-8a88-4dc9-862b-d8fb841606e5	3	205771	990458	614	-0.015
91bc2271-8a88-4dc9-862b-d8fb841606e5	3	993313	997505	12	-0.9571
91bc2271-8a88-4dc9-862b-d8fb841606e5	3	998015	4083735	2856	-0.0184
91bc2271-8a88-4dc9-862b-d8fb841606e5	3	4084997	4118040	33	-1.4499
91bc2271-8a88-4dc9-862b-d8fb841606e5	3	4120493	46751887	29209	0.001
91bc2271-8a88-4dc9-862b-d8fb841606e5	3	46760327	46807689	39	-0.8451
91bc2271-8a88-4dc9-862b-d8fb841606e5	3	46808099	125993370	46532	-0.0002
91bc2271-8a88-4dc9-862b-d8fb841606e5	3	125993427	126003019	28	-0.9403
91bc2271-8a88-4dc9-862b-d8fb841606e5	3	126003489	130044016	2314	-0.0119
91bc2271-8a88-4dc9-862b-d8fb841606e5	3	130044855	130088081	39	0.4752
91bc2271-8a88-4dc9-862b-d8fb841606e5	3	130088155	135120829	3279	-0.0043
91bc2271-8a88-4dc9-862b-d8fb841606e5	3	135123783	135124742	5	-1.3699
91bc2271-8a88-4dc9-862b-d8fb841606e5	3	135126001	162827928	16840	-0.0004
91bc2271-8a88-4dc9-862b-d8fb841606e5	3	162828441	162881312	32	-0.4305
91bc2271-8a88-4dc9-862b-d8fb841606e5	3	162881399	165539879	1478	0.0074
91bc2271-8a88-4dc9-862b-d8fb841606e5	3	165541222	165578744	39	-0.8137
91bc2271-8a88-4dc9-862b-d8fb841606e5	3	165579313	193156958	17515	0.0007
91bc2271-8a88-4dc9-862b-d8fb841606e5	3	193160113	193165114	20	1.6531
91bc2271-8a88-4dc9-862b-d8fb841606e5	3	193168646	198142659	2676	0.001
91bc2271-8a88-4dc9-862b-d8fb841606e5	3	198169114	198169247	4	-1.5723
91bc2271-8a88-4dc9-862b-d8fb841606e5	4	68929	3330752	1326	0.0128
91bc2271-8a88-4dc9-862b-d8fb841606e5	4	3337955	3354125	7	-1.4485
91bc2271-8a88-4dc9-862b-d8fb841606e5	4	3361116	9455251	3791	-0.0012
91bc2271-8a88-4dc9-862b-d8fb841606e5	4	9459504	9477699	5	1.5928
91bc2271-8a88-4dc9-862b-d8fb841606e5	4	9484440	10208766	535	-0.0305
91bc2271-8a88-4dc9-862b-d8fb841606e5	4	10221792	10222224	3	2.3794
91bc2271-8a88-4dc9-862b-d8fb841606e5	4	10227159	10385349	199	0.0275
91bc2271-8a88-4dc9-862b-d8fb841606e5	4	10388498	10401094	19	0.5035
91bc2271-8a88-4dc9-862b-d8fb841606e5	4	10401122	49214614	25595	0.0023
91bc2271-8a88-4dc9-862b-d8fb841606e5	4	49289175	49289338	2	-1.7316
91bc2271-8a88-4dc9-862b-d8fb841606e5	4	49295203	63831751	7527	0.0001
91bc2271-8a88-4dc9-862b-d8fb841606e5	4	63831799	63842505	26	0.4199
91bc2271-8a88-4dc9-862b-d8fb841606e5	4	63842540	68569894	2874	-0.0113
91bc2271-8a88-4dc9-862b-d8fb841606e5	4	68570184	68570195	3	-3.0339
91bc2271-8a88-4dc9-862b-d8fb841606e5	4	68570854	86053362	10740	-0.0058
91bc2271-8a88-4dc9-862b-d8fb841606e5	4	86053909	86058791	22	-0.69
91bc2271-8a88-4dc9-862b-d8fb841606e5	4	86058936	108464432	13169	-0.0017
91bc2271-8a88-4dc9-862b-d8fb841606e5	4	108466650	108467479	2	-2.1795
91bc2271-8a88-4dc9-862b-d8fb841606e5	4	108482941	114252544	3562	0.0061
91bc2271-8a88-4dc9-862b-d8fb841606e5	4	114254167	114263096	25	0.8832
91bc2271-8a88-4dc9-862b-d8fb841606e5	4	114263110	151868241	21876	-0.0024
91bc2271-8a88-4dc9-862b-d8fb841606e5	4	151870381	151871739	12	-0.8842
91bc2271-8a88-4dc9-862b-d8fb841606e5	4	151873644	156484105	3079	0.0042
91bc2271-8a88-4dc9-862b-d8fb841606e5	4	156485854	156487263	5	-1.1931
91bc2271-8a88-4dc9-862b-d8fb841606e5	4	156494248	160952584	2718	0.0023
91bc2271-8a88-4dc9-862b-d8fb841606e5	4	160952694	160963857	32	-0.5971
91bc2271-8a88-4dc9-862b-d8fb841606e5	4	160963881	171448195	6605	0.0052
91bc2271-8a88-4dc9-862b-d8fb841606e5	4	171453733	171456573	11	0.8132
91bc2271-8a88-4dc9-862b-d8fb841606e5	4	171456625	172066777	392	0.0207
91bc2271-8a88-4dc9-862b-d8fb841606e5	4	172067997	172068382	12	-1.5976
91bc2271-8a88-4dc9-862b-d8fb841606e5	4	172074828	190106768	11968	0.0025
91bc2271-8a88-4dc9-862b-d8fb841606e5	5	15532	10525504	8466	0.001
91bc2271-8a88-4dc9-862b-d8fb841606e5	5	10527389	10531886	6	-1.2278
91bc2271-8a88-4dc9-862b-d8fb841606e5	5	10532403	12790933	1641	-0.0137
91bc2271-8a88-4dc9-862b-d8fb841606e5	5	12791608	12826538	13	1.1698
91bc2271-8a88-4dc9-862b-d8fb841606e5	5	12833745	21376735	5419	0.0091
91bc2271-8a88-4dc9-862b-d8fb841606e5	5	21377730	21377744	2	-2.0103
91bc2271-8a88-4dc9-862b-d8fb841606e5	5	21385957	21449167	44	0.1137
91bc2271-8a88-4dc9-862b-d8fb841606e5	5	21451091	21452387	6	-1.6991
91bc2271-8a88-4dc9-862b-d8fb841606e5	5	21454830	46251204	14852	-0.003
91bc2271-8a88-4dc9-862b-d8fb841606e5	5	46270906	46273400	8	1.8674
91bc2271-8a88-4dc9-862b-d8fb841606e5	5	46278110	140839137	54649	0
91bc2271-8a88-4dc9-862b-d8fb841606e5	5	140844251	140864171	12	-1.0087
91bc2271-8a88-4dc9-862b-d8fb841606e5	5	140872578	142635628	1028	0.0014
91bc2271-8a88-4dc9-862b-d8fb841606e5	5	142638295	142640448	7	-0.998
91bc2271-8a88-4dc9-862b-d8fb841606e5	5	142642537	151610684	6052	-0.0028
91bc2271-8a88-4dc9-862b-d8fb841606e5	5	151613112	151613290	2	-1.7005
91bc2271-8a88-4dc9-862b-d8fb841606e5	5	151613767	176043321	17026	-0.0004
91bc2271-8a88-4dc9-862b-d8fb841606e5	5	176050117	176192510	54	0.7119
91bc2271-8a88-4dc9-862b-d8fb841606e5	5	176197279	177771448	665	-0.0143
91bc2271-8a88-4dc9-862b-d8fb841606e5	5	177800550	177805604	3	2.8557
91bc2271-8a88-4dc9-862b-d8fb841606e5	5	177827964	181363319	1975	-0.0189
91bc2271-8a88-4dc9-862b-d8fb841606e5	6	149661	10683919	8423	-0.0029
91bc2271-8a88-4dc9-862b-d8fb841606e5	6	10685609	10687095	2	-2.2647
91bc2271-8a88-4dc9-862b-d8fb841606e5	6	10687513	17435895	5032	-0.0058
91bc2271-8a88-4dc9-862b-d8fb841606e5	6	17439987	17440228	2	-2.7564
91bc2271-8a88-4dc9-862b-d8fb841606e5	6	17441828	29869295	8021	-0.0002
91bc2271-8a88-4dc9-862b-d8fb841606e5	6	29869410	29940692	37	0.4371
91bc2271-8a88-4dc9-862b-d8fb841606e5	6	29946443	31318528	634	0.0181
91bc2271-8a88-4dc9-862b-d8fb841606e5	6	31318754	31319724	3	-2.735
91bc2271-8a88-4dc9-862b-d8fb841606e5	6	31327629	32720838	597	-0.0767
91bc2271-8a88-4dc9-862b-d8fb841606e5	6	32720855	32721076	2	-2.4901
91bc2271-8a88-4dc9-862b-d8fb841606e5	6	32721547	54066269	13569	-0.0017
91bc2271-8a88-4dc9-862b-d8fb841606e5	6	54066286	54067057	8	1.5331
91bc2271-8a88-4dc9-862b-d8fb841606e5	6	54070550	57923278	2002	-0.0055
91bc2271-8a88-4dc9-862b-d8fb841606e5	6	57948072	58051320	39	0.5222
91bc2271-8a88-4dc9-862b-d8fb841606e5	6	58060085	76305231	9738	0.0026
91bc2271-8a88-4dc9-862b-d8fb841606e5	6	76307183	76307209	3	1.7865
91bc2271-8a88-4dc9-862b-d8fb841606e5	6	76307276	76726815	293	-0.0204
91bc2271-8a88-4dc9-862b-d8fb841606e5	6	76730151	76733530	11	0.9804
91bc2271-8a88-4dc9-862b-d8fb841606e5	6	76736482	78261995	983	0.0194
91bc2271-8a88-4dc9-862b-d8fb841606e5	6	78262064	78325468	106	0.5289
91bc2271-8a88-4dc9-862b-d8fb841606e5	6	78329517	115057911	22637	-0.0004
91bc2271-8a88-4dc9-862b-d8fb841606e5	6	115057996	115086809	3	-1.5471
91bc2271-8a88-4dc9-862b-d8fb841606e5	6	115087407	141248349	16371	0.001
91bc2271-8a88-4dc9-862b-d8fb841606e5	6	141250392	141250461	3	-2.0522
91bc2271-8a88-4dc9-862b-d8fb841606e5	6	141257219	146961703	3548	-0.0014
91bc2271-8a88-4dc9-862b-d8fb841606e5	6	146967428	146968239	4	-1.9064
91bc2271-8a88-4dc9-862b-d8fb841606e5	6	146968780	147686008	457	-0.0014
91bc2271-8a88-4dc9-862b-d8fb841606e5	6	147687001	147687744	2	-2.1485
91bc2271-8a88-4dc9-862b-d8fb841606e5	6	147693411	167219977	14075	0.0019
91bc2271-8a88-4dc9-862b-d8fb841606e5	6	167220185	167220439	2	-2.1675
91bc2271-8a88-4dc9-862b-d8fb841606e5	6	167223660	170741917	2072	0.0003
91bc2271-8a88-4dc9-862b-d8fb841606e5	7	43355	65765	29	0.5854
91bc2271-8a88-4dc9-862b-d8fb841606e5	7	68316	13053591	8370	0.0021
91bc2271-8a88-4dc9-862b-d8fb841606e5	7	13054326	13090444	25	-1.2903
91bc2271-8a88-4dc9-862b-d8fb841606e5	7	13091032	152876850	84166	0.0002
91bc2271-8a88-4dc9-862b-d8fb841606e5	7	152881778	152882902	2	-2.4804
91bc2271-8a88-4dc9-862b-d8fb841606e5	7	152889438	153158557	237	0.0132
91bc2271-8a88-4dc9-862b-d8fb841606e5	7	153158760	153158780	2	-1.6855
91bc2271-8a88-4dc9-862b-d8fb841606e5	7	153163866	155169676	1624	0.0194
91bc2271-8a88-4dc9-862b-d8fb841606e5	7	155171553	155173682	15	-0.942
91bc2271-8a88-4dc9-862b-d8fb841606e5	7	155174804	159334314	2653	0.0062
91bc2271-8a88-4dc9-862b-d8fb841606e5	8	81254	644973	320	-0.027
91bc2271-8a88-4dc9-862b-d8fb841606e5	8	645220	645875	6	1.0094
91bc2271-8a88-4dc9-862b-d8fb841606e5	8	645892	645908	2	3.5158
91bc2271-8a88-4dc9-862b-d8fb841606e5	8	656117	2179870	1218	-0.0075
91bc2271-8a88-4dc9-862b-d8fb841606e5	8	2181344	2185178	7	-1.1395
91bc2271-8a88-4dc9-862b-d8fb841606e5	8	2193931	3912949	1759	0.0125
91bc2271-8a88-4dc9-862b-d8fb841606e5	8	3913025	3932584	28	-0.6155
91bc2271-8a88-4dc9-862b-d8fb841606e5	8	3933696	5741204	2608	0.0183
91bc2271-8a88-4dc9-862b-d8fb841606e5	8	5741213	5741716	7	-1.0731
91bc2271-8a88-4dc9-862b-d8fb841606e5	8	5741828	12323772	4974	-0.0027
91bc2271-8a88-4dc9-862b-d8fb841606e5	8	12358500	12389977	28	0.5058
91bc2271-8a88-4dc9-862b-d8fb841606e5	8	12418301	14045383	1372	-0.0063
91bc2271-8a88-4dc9-862b-d8fb841606e5	8	14045700	14046426	3	-1.6018
91bc2271-8a88-4dc9-862b-d8fb841606e5	8	14050437	63936079	31538	0.0007
91bc2271-8a88-4dc9-862b-d8fb841606e5	8	63936340	63936561	6	1.1112
91bc2271-8a88-4dc9-862b-d8fb841606e5	8	63936953	84345754	12118	0.0052
91bc2271-8a88-4dc9-862b-d8fb841606e5	8	84350648	84350881	4	-1.4595
91bc2271-8a88-4dc9-862b-d8fb841606e5	8	84353483	84354479	12	-0.6438
91bc2271-8a88-4dc9-862b-d8fb841606e5	8	84354554	84356431	3	-1.2195
91bc2271-8a88-4dc9-862b-d8fb841606e5	8	84358447	111282065	15973	0.0007
91bc2271-8a88-4dc9-862b-d8fb841606e5	8	111282237	111283031	8	1.9609
91bc2271-8a88-4dc9-862b-d8fb841606e5	8	111288052	122047592	6803	0.0041
91bc2271-8a88-4dc9-862b-d8fb841606e5	8	122047640	122048909	12	-0.7856
91bc2271-8a88-4dc9-862b-d8fb841606e5	8	122049128	139242394	12944	0.0048
91bc2271-8a88-4dc9-862b-d8fb841606e5	8	139242601	139246954	6	-1.2366
91bc2271-8a88-4dc9-862b-d8fb841606e5	8	139247177	143616763	2476	0.0227
91bc2271-8a88-4dc9-862b-d8fb841606e5	8	143616987	143625638	10	-0.7552
91bc2271-8a88-4dc9-862b-d8fb841606e5	8	143636819	145072769	500	0.0247
91bc2271-8a88-4dc9-862b-d8fb841606e5	9	46587	1756845	1891	-0.0254
91bc2271-8a88-4dc9-862b-d8fb841606e5	9	1757039	1757501	2	-1.9237
91bc2271-8a88-4dc9-862b-d8fb841606e5	9	1757693	23361807	18325	0.0022
91bc2271-8a88-4dc9-862b-d8fb841606e5	9	23363117	23373486	8	0.8982
91bc2271-8a88-4dc9-862b-d8fb841606e5	9	23378490	28044101	3505	0.003
91bc2271-8a88-4dc9-862b-d8fb841606e5	9	28044706	28055605	7	-1.064
91bc2271-8a88-4dc9-862b-d8fb841606e5	9	28055879	39547492	7138	0.0068
91bc2271-8a88-4dc9-862b-d8fb841606e5	9	39588611	39807498	3	-1.1682
91bc2271-8a88-4dc9-862b-d8fb841606e5	9	39827488	41093148	53	0.4081
91bc2271-8a88-4dc9-862b-d8fb841606e5	9	41093268	42308537	82	-0.0557
91bc2271-8a88-4dc9-862b-d8fb841606e5	9	42501791	42727685	19	0.7538
91bc2271-8a88-4dc9-862b-d8fb841606e5	9	42729302	66996941	215	0.2089
91bc2271-8a88-4dc9-862b-d8fb841606e5	9	67042427	68328914	25	0.7218
91bc2271-8a88-4dc9-862b-d8fb841606e5	9	68335112	80365647	8680	-0.0041
91bc2271-8a88-4dc9-862b-d8fb841606e5	9	80367480	80369576	6	-1.0595
91bc2271-8a88-4dc9-862b-d8fb841606e5	9	80370811	133307114	36591	0.0014
91bc2271-8a88-4dc9-862b-d8fb841606e5	9	133307129	133307252	4	1.5602
91bc2271-8a88-4dc9-862b-d8fb841606e5	9	133316268	138200944	2275	-0.0103
91bc2271-8a88-4dc9-862b-d8fb841606e5	10	45792	745683	407	0.0482
91bc2271-8a88-4dc9-862b-d8fb841606e5	10	751550	751569	2	-2.096
91bc2271-8a88-4dc9-862b-d8fb841606e5	10	752021	1859891	860	0.0225
91bc2271-8a88-4dc9-862b-d8fb841606e5	10	1860001	1861321	10	-0.5928
91bc2271-8a88-4dc9-862b-d8fb841606e5	10	1864071	2453308	554	0.0342
91bc2271-8a88-4dc9-862b-d8fb841606e5	10	2455443	2456151	3	-1.235
91bc2271-8a88-4dc9-862b-d8fb841606e5	10	2456944	4244878	1700	0.0159
91bc2271-8a88-4dc9-862b-d8fb841606e5	10	4248622	4248732	3	1.6745
91bc2271-8a88-4dc9-862b-d8fb841606e5	10	4248824	24083828	15485	-0.0012
91bc2271-8a88-4dc9-862b-d8fb841606e5	10	24086334	24088989	9	1.0053
91bc2271-8a88-4dc9-862b-d8fb841606e5	10	24088991	30957581	4986	-0.0016
91bc2271-8a88-4dc9-862b-d8fb841606e5	10	30962405	30962850	11	-0.6223
91bc2271-8a88-4dc9-862b-d8fb841606e5	10	30962893	46560525	7440	0.0025
91bc2271-8a88-4dc9-862b-d8fb841606e5	10	46606240	46632302	5	-1.4849
91bc2271-8a88-4dc9-862b-d8fb841606e5	10	46657149	53166023	3973	0.0289
91bc2271-8a88-4dc9-862b-d8fb841606e5	10	53170094	53179393	10	-1.4742
91bc2271-8a88-4dc9-862b-d8fb841606e5	10	53181641	56756643	2494	0.011
91bc2271-8a88-4dc9-862b-d8fb841606e5	10	56756761	56766578	35	-0.7382
91bc2271-8a88-4dc9-862b-d8fb841606e5	10	56766637	78480449	14410	0.0014
91bc2271-8a88-4dc9-862b-d8fb841606e5	10	78480732	78484841	3	-1.9747
91bc2271-8a88-4dc9-862b-d8fb841606e5	10	78484866	79595316	849	0.002
91bc2271-8a88-4dc9-862b-d8fb841606e5	10	79624118	79625643	4	-1.2507
91bc2271-8a88-4dc9-862b-d8fb841606e5	10	79625693	122574497	28853	-0.0024
91bc2271-8a88-4dc9-862b-d8fb841606e5	10	122584593	122591497	6	1.1262
91bc2271-8a88-4dc9-862b-d8fb841606e5	10	122597296	133654968	7852	-0.0014
91bc2271-8a88-4dc9-862b-d8fb841606e5	11	198510	4949013	2402	-0.0038
91bc2271-8a88-4dc9-862b-d8fb841606e5	11	4949047	4952799	23	0.834
91bc2271-8a88-4dc9-862b-d8fb841606e5	11	4953934	5762452	775	0.0005
91bc2271-8a88-4dc9-862b-d8fb841606e5	11	5762693	5788108	35	0.4633
91bc2271-8a88-4dc9-862b-d8fb841606e5	11	5788231	7788131	1481	0.006
91bc2271-8a88-4dc9-862b-d8fb841606e5	11	7791493	7810711	7	-1.7864
91bc2271-8a88-4dc9-862b-d8fb841606e5	11	7815462	18919323	7838	0.0006
91bc2271-8a88-4dc9-862b-d8fb841606e5	11	18927525	18940469	46	0.88
91bc2271-8a88-4dc9-862b-d8fb841606e5	11	18940586	55595864	21577	0.0025
91bc2271-8a88-4dc9-862b-d8fb841606e5	11	55606556	55672514	47	-0.4039
91bc2271-8a88-4dc9-862b-d8fb841606e5	11	55674842	80260060	13194	-0.0014
91bc2271-8a88-4dc9-862b-d8fb841606e5	11	80261889	80272554	23	-1.1722
91bc2271-8a88-4dc9-862b-d8fb841606e5	11	80273671	93599015	9033	-0.0038
91bc2271-8a88-4dc9-862b-d8fb841606e5	11	93599146	93599361	3	-1.5588
91bc2271-8a88-4dc9-862b-d8fb841606e5	11	93603783	93964792	265	0.0222
91bc2271-8a88-4dc9-862b-d8fb841606e5	11	93964894	93968422	7	-1.1673
91bc2271-8a88-4dc9-862b-d8fb841606e5	11	93971294	135074876	29359	0.0014
91bc2271-8a88-4dc9-862b-d8fb841606e5	12	51460	9477960	6128	0.0018
91bc2271-8a88-4dc9-862b-d8fb841606e5	12	9481274	9562969	23	-1.5174
91bc2271-8a88-4dc9-862b-d8fb841606e5	12	9575696	63554371	32577	0.0038
91bc2271-8a88-4dc9-862b-d8fb841606e5	12	63556895	63734445	56	0.5898
91bc2271-8a88-4dc9-862b-d8fb841606e5	12	63741025	99388588	22798	0.0013
91bc2271-8a88-4dc9-862b-d8fb841606e5	12	99397365	99409315	38	-0.5053
91bc2271-8a88-4dc9-862b-d8fb841606e5	12	99409340	119248803	13362	0.0034
91bc2271-8a88-4dc9-862b-d8fb841606e5	12	119253528	119254808	3	-1.2371
91bc2271-8a88-4dc9-862b-d8fb841606e5	12	119257297	122655073	1696	0.0167
91bc2271-8a88-4dc9-862b-d8fb841606e5	12	122656528	122657521	3	1.3322
91bc2271-8a88-4dc9-862b-d8fb841606e5	12	122664549	133201603	7476	0.0123
91bc2271-8a88-4dc9-862b-d8fb841606e5	13	18452809	18528039	8	0.8359
91bc2271-8a88-4dc9-862b-d8fb841606e5	13	18549355	18740379	59	0.0545
91bc2271-8a88-4dc9-862b-d8fb841606e5	13	18741033	18824667	11	0.5178
91bc2271-8a88-4dc9-862b-d8fb841606e5	13	18825840	19882131	599	0.0089
91bc2271-8a88-4dc9-862b-d8fb841606e5	13	19888174	19895317	14	-0.8291
91bc2271-8a88-4dc9-862b-d8fb841606e5	13	19897544	23950487	2813	0.003
91bc2271-8a88-4dc9-862b-d8fb841606e5	13	23952548	23953316	2	-1.9283
91bc2271-8a88-4dc9-862b-d8fb841606e5	13	23954229	37496998	9840	0.0014
91bc2271-8a88-4dc9-862b-d8fb841606e5	13	37497899	37510620	16	0.7673
91bc2271-8a88-4dc9-862b-d8fb841606e5	13	37514193	48335065	7419	0.0026
91bc2271-8a88-4dc9-862b-d8fb841606e5	13	48337128	48337254	6	-0.9703
91bc2271-8a88-4dc9-862b-d8fb841606e5	13	48343303	57176962	4994	-0.0012
91bc2271-8a88-4dc9-862b-d8fb841606e5	13	57184136	57215875	36	-0.4989
91bc2271-8a88-4dc9-862b-d8fb841606e5	13	57218835	68386822	6615	0.0053
91bc2271-8a88-4dc9-862b-d8fb841606e5	13	68403714	68421003	19	-1.1633
91bc2271-8a88-4dc9-862b-d8fb841606e5	13	68429317	70062174	1072	0.0136
91bc2271-8a88-4dc9-862b-d8fb841606e5	13	70064075	70065325	2	-1.5461
91bc2271-8a88-4dc9-862b-d8fb841606e5	13	70065347	71902850	1189	0.0174
91bc2271-8a88-4dc9-862b-d8fb841606e5	13	71903417	71906418	4	1.6477
91bc2271-8a88-4dc9-862b-d8fb841606e5	13	71906467	95367535	15359	0.0091
91bc2271-8a88-4dc9-862b-d8fb841606e5	13	95369781	95370320	2	-1.8314
91bc2271-8a88-4dc9-862b-d8fb841606e5	13	95371532	106799281	8281	0.0026
91bc2271-8a88-4dc9-862b-d8fb841606e5	13	106802505	106803531	2	1.8237
91bc2271-8a88-4dc9-862b-d8fb841606e5	13	106803765	111070847	3447	0.0061
91bc2271-8a88-4dc9-862b-d8fb841606e5	13	111071777	111072185	2	-1.6072
91bc2271-8a88-4dc9-862b-d8fb841606e5	13	111072198	114342922	1737	0.0015
91bc2271-8a88-4dc9-862b-d8fb841606e5	14	18239283	19289821	45	0.0631
91bc2271-8a88-4dc9-862b-d8fb841606e5	14	19294457	19298389	3	1.7675
91bc2271-8a88-4dc9-862b-d8fb841606e5	14	19326853	19735726	22	0.134
91bc2271-8a88-4dc9-862b-d8fb841606e5	14	19735739	19952080	93	-0.4835
91bc2271-8a88-4dc9-862b-d8fb841606e5	14	19954424	21862976	1264	-0.0099
91bc2271-8a88-4dc9-862b-d8fb841606e5	14	21863177	22497433	553	-0.1969
91bc2271-8a88-4dc9-862b-d8fb841606e5	14	22497565	106340774	52686	-0.0006
91bc2271-8a88-4dc9-862b-d8fb841606e5	14	106345431	106346129	4	-3.0301
91bc2271-8a88-4dc9-862b-d8fb841606e5	14	106360014	106877229	273	0.008
91bc2271-8a88-4dc9-862b-d8fb841606e5	15	19811075	20001686	45	0.0053
91bc2271-8a88-4dc9-862b-d8fb841606e5	15	20011702	20056983	5	-1.7547
91bc2271-8a88-4dc9-862b-d8fb841606e5	15	20059033	20376202	43	-0.3007
91bc2271-8a88-4dc9-862b-d8fb841606e5	15	20376309	20381704	12	0.5145
91bc2271-8a88-4dc9-862b-d8fb841606e5	15	20384774	22576496	108	-0.3564
91bc2271-8a88-4dc9-862b-d8fb841606e5	15	22582296	22595648	4	-0.9589
91bc2271-8a88-4dc9-862b-d8fb841606e5	15	22606745	24429604	976	0.0085
91bc2271-8a88-4dc9-862b-d8fb841606e5	15	24429740	24473026	32	-0.5104
91bc2271-8a88-4dc9-862b-d8fb841606e5	15	24473449	55729023	19286	-0.0001
91bc2271-8a88-4dc9-862b-d8fb841606e5	15	55729946	55731977	2	-1.6306
91bc2271-8a88-4dc9-862b-d8fb841606e5	15	55732178	70227738	9732	-0.0003
91bc2271-8a88-4dc9-862b-d8fb841606e5	15	70232168	70233040	3	-1.8113
91bc2271-8a88-4dc9-862b-d8fb841606e5	15	70236858	101928837	20901	0.0011
91bc2271-8a88-4dc9-862b-d8fb841606e5	16	10777	55764310	26753	0.0003
91bc2271-8a88-4dc9-862b-d8fb841606e5	16	55764850	55764867	2	2.8599
91bc2271-8a88-4dc9-862b-d8fb841606e5	16	55770436	90096867	24727	-0.0041
91bc2271-8a88-4dc9-862b-d8fb841606e5	17	150733	8339592	4494	0.0071
91bc2271-8a88-4dc9-862b-d8fb841606e5	17	8344229	8344415	2	-2.8426
91bc2271-8a88-4dc9-862b-d8fb841606e5	17	8346140	36109139	13625	-0.0033
91bc2271-8a88-4dc9-862b-d8fb841606e5	17	36109735	36200725	36	1.2926
91bc2271-8a88-4dc9-862b-d8fb841606e5	17	36208249	41224178	2492	0.001
91bc2271-8a88-4dc9-862b-d8fb841606e5	17	41231308	41234024	4	-3.5716
91bc2271-8a88-4dc9-862b-d8fb841606e5	17	41237517	41265456	13	-0.0943
91bc2271-8a88-4dc9-862b-d8fb841606e5	17	41266762	41274198	23	1.4183
91bc2271-8a88-4dc9-862b-d8fb841606e5	17	41274279	43361222	1100	0.0013
91bc2271-8a88-4dc9-862b-d8fb841606e5	17	43362318	43362553	2	-2.9764
91bc2271-8a88-4dc9-862b-d8fb841606e5	17	43366336	45579014	1044	0.0049
91bc2271-8a88-4dc9-862b-d8fb841606e5	17	45579877	45582060	5	-0.9658
91bc2271-8a88-4dc9-862b-d8fb841606e5	17	45587327	46099741	345	0.0272
91bc2271-8a88-4dc9-862b-d8fb841606e5	17	46100092	46284643	112	-0.4095
91bc2271-8a88-4dc9-862b-d8fb841606e5	17	46284997	46571001	8	0.9233
91bc2271-8a88-4dc9-862b-d8fb841606e5	17	46664059	52752187	3476	-0.0062
91bc2271-8a88-4dc9-862b-d8fb841606e5	17	52758177	52759125	3	-1.6987
91bc2271-8a88-4dc9-862b-d8fb841606e5	17	52759635	83091923	17948	0.0012
91bc2271-8a88-4dc9-862b-d8fb841606e5	18	48133	68028227	41361	-0.0005
91bc2271-8a88-4dc9-862b-d8fb841606e5	18	68028981	68029002	2	-2.3278
91bc2271-8a88-4dc9-862b-d8fb841606e5	18	68029809	80257174	8943	0.0069
91bc2271-8a88-4dc9-862b-d8fb841606e5	19	90910	7171810	2402	0.0172
91bc2271-8a88-4dc9-862b-d8fb841606e5	19	7176963	7178187	2	1.5232
91bc2271-8a88-4dc9-862b-d8fb841606e5	19	7178777	9164676	973	0.0105
91bc2271-8a88-4dc9-862b-d8fb841606e5	19	9165490	9167445	3	-1.7295
91bc2271-8a88-4dc9-862b-d8fb841606e5	19	9174084	15667121	3166	0.0148
91bc2271-8a88-4dc9-862b-d8fb841606e5	19	15669231	15722645	58	0.5625
91bc2271-8a88-4dc9-862b-d8fb841606e5	19	15722914	42811459	13725	0.0031
91bc2271-8a88-4dc9-862b-d8fb841606e5	19	42816985	43143826	146	-1.0001
91bc2271-8a88-4dc9-862b-d8fb841606e5	19	43148671	58586487	8495	0.005
91bc2271-8a88-4dc9-862b-d8fb841606e5	20	80664	1579916	1187	0.0279
91bc2271-8a88-4dc9-862b-d8fb841606e5	20	1580141	1613203	45	-0.3527
91bc2271-8a88-4dc9-862b-d8fb841606e5	20	1613247	44694228	26867	0.0003
91bc2271-8a88-4dc9-862b-d8fb841606e5	20	44699932	44700888	2	-2.0803
91bc2271-8a88-4dc9-862b-d8fb841606e5	20	44706422	64324800	13986	0.0088
91bc2271-8a88-4dc9-862b-d8fb841606e5	21	10354168	13028693	97	-0.0531
91bc2271-8a88-4dc9-862b-d8fb841606e5	21	13080541	13189617	17	-1.3368
91bc2271-8a88-4dc9-862b-d8fb841606e5	21	13197963	26822585	9591	0.0027
91bc2271-8a88-4dc9-862b-d8fb841606e5	21	26827753	26828403	7	-0.9714
91bc2271-8a88-4dc9-862b-d8fb841606e5	21	26831754	45344382	13204	0.0032
91bc2271-8a88-4dc9-862b-d8fb841606e5	21	45355558	45358044	5	-1.1605
91bc2271-8a88-4dc9-862b-d8fb841606e5	21	45358857	46677045	755	0.0156
91bc2271-8a88-4dc9-862b-d8fb841606e5	22	15294547	16463610	58	0.0666
91bc2271-8a88-4dc9-862b-d8fb841606e5	22	16472010	16543933	7	-0.9981
91bc2271-8a88-4dc9-862b-d8fb841606e5	22	16545152	18142004	1037	0.0071
91bc2271-8a88-4dc9-862b-d8fb841606e5	22	18143362	18147293	9	-1.2731
91bc2271-8a88-4dc9-862b-d8fb841606e5	22	18148598	18917479	23	-0.0995
91bc2271-8a88-4dc9-862b-d8fb841606e5	22	18918078	19037293	53	0.7023
91bc2271-8a88-4dc9-862b-d8fb841606e5	22	19037712	22395495	2246	0.0047
91bc2271-8a88-4dc9-862b-d8fb841606e5	22	22395652	22402989	13	0.7509
91bc2271-8a88-4dc9-862b-d8fb841606e5	22	22415587	23899579	876	-0.0011
91bc2271-8a88-4dc9-862b-d8fb841606e5	22	23900166	23900786	2	-1.5671
91bc2271-8a88-4dc9-862b-d8fb841606e5	22	23901549	23981995	50	0.0056
91bc2271-8a88-4dc9-862b-d8fb841606e5	22	23987520	24002228	8	1.7209
91bc2271-8a88-4dc9-862b-d8fb841606e5	22	24005083	44734586	14326	-0.0031
91bc2271-8a88-4dc9-862b-d8fb841606e5	22	44737460	44741026	5	-1.5654
91bc2271-8a88-4dc9-862b-d8fb841606e5	22	44750545	50796027	4447	-0.0025
91bc2271-8a88-4dc9-862b-d8fb841606e5	X	251810	32625471	20032	-0.0041
91bc2271-8a88-4dc9-862b-d8fb841606e5	X	32626599	32627233	2	-2.3147
91bc2271-8a88-4dc9-862b-d8fb841606e5	X	32633248	51550262	10232	0.0051
91bc2271-8a88-4dc9-862b-d8fb841606e5	X	51551513	51583753	26	0.5595
91bc2271-8a88-4dc9-862b-d8fb841606e5	X	51586943	55085017	1257	0.0135
91bc2271-8a88-4dc9-862b-d8fb841606e5	X	55085991	55089583	2	-2.4351
91bc2271-8a88-4dc9-862b-d8fb841606e5	X	55096350	68013833	3800	0.0058
91bc2271-8a88-4dc9-862b-d8fb841606e5	X	68014571	68025715	8	-1.2086
91bc2271-8a88-4dc9-862b-d8fb841606e5	X	68028992	81499339	6089	0.0051
91bc2271-8a88-4dc9-862b-d8fb841606e5	X	81499755	81515071	8	-0.9919
91bc2271-8a88-4dc9-862b-d8fb841606e5	X	81527420	147762145	37045	0.0037
91bc2271-8a88-4dc9-862b-d8fb841606e5	X	147762180	147767488	31	-0.8084
91bc2271-8a88-4dc9-862b-d8fb841606e5	X	147767641	149563024	1171	0.0155
91bc2271-8a88-4dc9-862b-d8fb841606e5	X	149563114	149572955	7	-0.941
91bc2271-8a88-4dc9-862b-d8fb841606e5	X	149604380	149758163	69	-0.0375
91bc2271-8a88-4dc9-862b-d8fb841606e5	X	149793935	149935002	69	0.6248
91bc2271-8a88-4dc9-862b-d8fb841606e5	X	149937561	155952689	3109	0.0091
91bc2271-8a88-4dc9-862b-d8fb841606e5	Y	2782397	6167430	747	-2.5528
91bc2271-8a88-4dc9-862b-d8fb841606e5	Y	6171310	6171622	2	-7.6439
91bc2271-8a88-4dc9-862b-d8fb841606e5	Y	6180233	6233384	33	-2.2628
91bc2271-8a88-4dc9-862b-d8fb841606e5	Y	6249869	9330531	1441	-3.0502
91bc2271-8a88-4dc9-862b-d8fb841606e5	Y	9332936	9550385	21	-5.1219
91bc2271-8a88-4dc9-862b-d8fb841606e5	Y	9550653	25169825	4212	-2.9529
91bc2271-8a88-4dc9-862b-d8fb841606e5	Y	25472063	56872112	178	-2.6399
