GDC_Aliquot	Chromosome	Start	End	Num_Probes	Segment_Mean
73e72d55-f8ea-4f06-b439-62a6d5a81164	1	62920	7769713	3827	-0.063
73e72d55-f8ea-4f06-b439-62a6d5a81164	1	7772152	12832455	2684	-0.1154
73e72d55-f8ea-4f06-b439-62a6d5a81164	1	12850124	12867264	6	-2.0867
73e72d55-f8ea-4f06-b439-62a6d5a81164	1	12868035	16583114	2128	-0.077
73e72d55-f8ea-4f06-b439-62a6d5a81164	1	16604834	16949746	108	-0.398
73e72d55-f8ea-4f06-b439-62a6d5a81164	1	16951445	19546296	1864	-0.0668
73e72d55-f8ea-4f06-b439-62a6d5a81164	1	19549531	19550095	3	-3.0706
73e72d55-f8ea-4f06-b439-62a6d5a81164	1	19552832	25256800	3386	-0.0858
73e72d55-f8ea-4f06-b439-62a6d5a81164	1	25256850	25320455	25	0.522
73e72d55-f8ea-4f06-b439-62a6d5a81164	1	25336819	29000083	1517	-0.1234
73e72d55-f8ea-4f06-b439-62a6d5a81164	1	29001131	30904896	1380	-0.0373
73e72d55-f8ea-4f06-b439-62a6d5a81164	1	30912340	32861080	849	-0.126
73e72d55-f8ea-4f06-b439-62a6d5a81164	1	32869438	32877136	2	-1.5842
73e72d55-f8ea-4f06-b439-62a6d5a81164	1	32878772	33298460	202	-0.1182
73e72d55-f8ea-4f06-b439-62a6d5a81164	1	33298800	38666758	3209	-0.053
73e72d55-f8ea-4f06-b439-62a6d5a81164	1	38666759	38666761	3	1.1868
73e72d55-f8ea-4f06-b439-62a6d5a81164	1	38669516	44547821	3399	-0.0696
73e72d55-f8ea-4f06-b439-62a6d5a81164	1	44549461	45997209	701	-0.1113
73e72d55-f8ea-4f06-b439-62a6d5a81164	1	45997300	50915188	2743	-0.0187
73e72d55-f8ea-4f06-b439-62a6d5a81164	1	50918024	54897021	2220	-0.0801
73e72d55-f8ea-4f06-b439-62a6d5a81164	1	54899550	71468378	11961	-0.0242
73e72d55-f8ea-4f06-b439-62a6d5a81164	1	71470021	71649772	126	-3.2577
73e72d55-f8ea-4f06-b439-62a6d5a81164	1	71651498	72303233	387	0.0156
73e72d55-f8ea-4f06-b439-62a6d5a81164	1	72303253	72345465	45	-1.3993
73e72d55-f8ea-4f06-b439-62a6d5a81164	1	72346221	89009572	10929	-0.0226
73e72d55-f8ea-4f06-b439-62a6d5a81164	1	89012275	89012522	2	-2.1763
73e72d55-f8ea-4f06-b439-62a6d5a81164	1	89015841	103616762	9078	-0.0295
73e72d55-f8ea-4f06-b439-62a6d5a81164	1	103620877	103760781	7	-1.2446
73e72d55-f8ea-4f06-b439-62a6d5a81164	1	103760879	105470754	916	-0.0505
73e72d55-f8ea-4f06-b439-62a6d5a81164	1	105476583	105479753	17	0.7061
73e72d55-f8ea-4f06-b439-62a6d5a81164	1	105481433	110833598	3481	-0.0301
73e72d55-f8ea-4f06-b439-62a6d5a81164	1	110834746	110836273	6	-1.8523
73e72d55-f8ea-4f06-b439-62a6d5a81164	1	110836443	110836717	8	-3.0617
73e72d55-f8ea-4f06-b439-62a6d5a81164	1	110836788	110845604	25	-1.5658
73e72d55-f8ea-4f06-b439-62a6d5a81164	1	110849445	112147704	1072	-0.0306
73e72d55-f8ea-4f06-b439-62a6d5a81164	1	112153343	112163440	28	0.4935
73e72d55-f8ea-4f06-b439-62a6d5a81164	1	112163460	113112025	616	-0.0774
73e72d55-f8ea-4f06-b439-62a6d5a81164	1	113112096	147897295	5453	-0.0145
73e72d55-f8ea-4f06-b439-62a6d5a81164	1	147901334	152583051	1524	-0.0652
73e72d55-f8ea-4f06-b439-62a6d5a81164	1	152583230	152618018	36	1.1341
73e72d55-f8ea-4f06-b439-62a6d5a81164	1	152618089	152789570	169	0.0096
73e72d55-f8ea-4f06-b439-62a6d5a81164	1	152789781	152795805	28	0.4094
73e72d55-f8ea-4f06-b439-62a6d5a81164	1	152795862	153561422	567	-0.0124
73e72d55-f8ea-4f06-b439-62a6d5a81164	1	153561551	156792225	1482	-0.1123
73e72d55-f8ea-4f06-b439-62a6d5a81164	1	156795592	184593415	19434	-0.0332
73e72d55-f8ea-4f06-b439-62a6d5a81164	1	184593758	184596084	2	-2.2559
73e72d55-f8ea-4f06-b439-62a6d5a81164	1	184597959	186470404	1129	-0.0157
73e72d55-f8ea-4f06-b439-62a6d5a81164	1	186472644	186472940	2	-2.1126
73e72d55-f8ea-4f06-b439-62a6d5a81164	1	186475787	200063693	8849	-0.0169
73e72d55-f8ea-4f06-b439-62a6d5a81164	1	200065089	205920201	4012	-0.0641
73e72d55-f8ea-4f06-b439-62a6d5a81164	1	205921171	229675422	15809	-0.0238
73e72d55-f8ea-4f06-b439-62a6d5a81164	1	229681109	229684449	3	-2.5867
73e72d55-f8ea-4f06-b439-62a6d5a81164	1	229684709	248930189	13965	-0.0322
73e72d55-f8ea-4f06-b439-62a6d5a81164	2	12784	13844585	10475	-0.0486
73e72d55-f8ea-4f06-b439-62a6d5a81164	2	13846099	13846179	2	-1.9257
73e72d55-f8ea-4f06-b439-62a6d5a81164	2	13847748	24865060	7699	-0.0348
73e72d55-f8ea-4f06-b439-62a6d5a81164	2	24865162	27983974	1463	-0.0964
73e72d55-f8ea-4f06-b439-62a6d5a81164	2	27985547	34476516	4428	-0.0317
73e72d55-f8ea-4f06-b439-62a6d5a81164	2	34476558	34515690	48	0.4715
73e72d55-f8ea-4f06-b439-62a6d5a81164	2	34515732	35750907	866	-0.0401
73e72d55-f8ea-4f06-b439-62a6d5a81164	2	35752724	35762881	7	0.8844
73e72d55-f8ea-4f06-b439-62a6d5a81164	2	35772407	52531615	12116	-0.0428
73e72d55-f8ea-4f06-b439-62a6d5a81164	2	52531630	52554274	28	0.4462
73e72d55-f8ea-4f06-b439-62a6d5a81164	2	52554359	59400017	4784	-0.0404
73e72d55-f8ea-4f06-b439-62a6d5a81164	2	59411121	59416363	2	1.935
73e72d55-f8ea-4f06-b439-62a6d5a81164	2	59417321	90048577	18007	-0.0495
73e72d55-f8ea-4f06-b439-62a6d5a81164	2	90051689	90053630	3	-1.8236
73e72d55-f8ea-4f06-b439-62a6d5a81164	2	90062670	97359885	1031	-0.0611
73e72d55-f8ea-4f06-b439-62a6d5a81164	2	97524284	97545726	9	-1.2263
73e72d55-f8ea-4f06-b439-62a6d5a81164	2	97550415	146106875	29368	-0.0374
73e72d55-f8ea-4f06-b439-62a6d5a81164	2	146106889	146109366	21	-1.5345
73e72d55-f8ea-4f06-b439-62a6d5a81164	2	146120238	152957719	4213	-0.0252
73e72d55-f8ea-4f06-b439-62a6d5a81164	2	152958576	152958815	2	-4.3424
73e72d55-f8ea-4f06-b439-62a6d5a81164	2	152963424	207090434	32426	-0.0289
73e72d55-f8ea-4f06-b439-62a6d5a81164	2	207092513	207092671	3	-2.023
73e72d55-f8ea-4f06-b439-62a6d5a81164	2	207100946	207490231	276	-0.0451
73e72d55-f8ea-4f06-b439-62a6d5a81164	2	207490454	207494612	16	-2.2154
73e72d55-f8ea-4f06-b439-62a6d5a81164	2	207494752	228397576	13568	-0.0311
73e72d55-f8ea-4f06-b439-62a6d5a81164	2	228399698	228401658	2	-1.9005
73e72d55-f8ea-4f06-b439-62a6d5a81164	2	228404140	234596780	3854	-0.0609
73e72d55-f8ea-4f06-b439-62a6d5a81164	2	234597219	234597242	2	-1.6298
73e72d55-f8ea-4f06-b439-62a6d5a81164	2	234600712	242147305	4631	-0.0596
73e72d55-f8ea-4f06-b439-62a6d5a81164	3	20930	6604856	5806	-0.2825
73e72d55-f8ea-4f06-b439-62a6d5a81164	3	6609441	6611645	23	-1.9725
73e72d55-f8ea-4f06-b439-62a6d5a81164	3	6613391	46751887	27288	-0.298
73e72d55-f8ea-4f06-b439-62a6d5a81164	3	46760327	46807689	39	-1.9563
73e72d55-f8ea-4f06-b439-62a6d5a81164	3	46808099	52914316	2438	-0.35
73e72d55-f8ea-4f06-b439-62a6d5a81164	3	52916387	68697013	12112	-0.2817
73e72d55-f8ea-4f06-b439-62a6d5a81164	3	68697108	68698262	14	-0.9818
73e72d55-f8ea-4f06-b439-62a6d5a81164	3	68699607	75770101	4971	-0.3005
73e72d55-f8ea-4f06-b439-62a6d5a81164	3	75773308	75777035	3	-1.9587
73e72d55-f8ea-4f06-b439-62a6d5a81164	3	75778459	97427876	9900	-0.2843
73e72d55-f8ea-4f06-b439-62a6d5a81164	3	97432085	97433921	4	-2.144
73e72d55-f8ea-4f06-b439-62a6d5a81164	3	97449739	99218940	1016	-0.2714
73e72d55-f8ea-4f06-b439-62a6d5a81164	3	99225614	99226455	14	-1.4099
73e72d55-f8ea-4f06-b439-62a6d5a81164	3	99226551	99229958	9	-2.5833
73e72d55-f8ea-4f06-b439-62a6d5a81164	3	99230068	99230577	15	-1.5254
73e72d55-f8ea-4f06-b439-62a6d5a81164	3	99232120	124581121	15465	-0.2718
73e72d55-f8ea-4f06-b439-62a6d5a81164	3	124581540	124581944	6	-3.2459
73e72d55-f8ea-4f06-b439-62a6d5a81164	3	124586998	130057015	3207	-0.3025
73e72d55-f8ea-4f06-b439-62a6d5a81164	3	130057833	130087393	35	-1.3384
73e72d55-f8ea-4f06-b439-62a6d5a81164	3	130088081	162795304	20231	-0.2811
73e72d55-f8ea-4f06-b439-62a6d5a81164	3	162795361	162898127	61	-1.7592
73e72d55-f8ea-4f06-b439-62a6d5a81164	3	162906054	195685341	20649	-0.287
73e72d55-f8ea-4f06-b439-62a6d5a81164	3	195691392	195720051	20	-0.9844
73e72d55-f8ea-4f06-b439-62a6d5a81164	3	195728637	195737995	16	-0.4844
73e72d55-f8ea-4f06-b439-62a6d5a81164	3	195746925	195747892	3	-1.0955
73e72d55-f8ea-4f06-b439-62a6d5a81164	3	195751823	198169247	1165	-0.3096
73e72d55-f8ea-4f06-b439-62a6d5a81164	4	68929	10208766	5692	-0.0648
73e72d55-f8ea-4f06-b439-62a6d5a81164	4	10221792	10229874	28	3.4124
73e72d55-f8ea-4f06-b439-62a6d5a81164	4	10232590	10233644	7	1.1102
73e72d55-f8ea-4f06-b439-62a6d5a81164	4	10234518	10389091	170	-0.0005
73e72d55-f8ea-4f06-b439-62a6d5a81164	4	10390730	10399044	16	-1.8456
73e72d55-f8ea-4f06-b439-62a6d5a81164	4	10401094	32295595	15365	-0.0448
73e72d55-f8ea-4f06-b439-62a6d5a81164	4	32295704	32295925	2	-1.5417
73e72d55-f8ea-4f06-b439-62a6d5a81164	4	32295946	34771893	1399	-0.052
73e72d55-f8ea-4f06-b439-62a6d5a81164	4	34777238	34823103	45	0.3773
73e72d55-f8ea-4f06-b439-62a6d5a81164	4	34828250	36012790	776	-0.0258
73e72d55-f8ea-4f06-b439-62a6d5a81164	4	36013359	36013896	3	-3.1672
73e72d55-f8ea-4f06-b439-62a6d5a81164	4	36015896	39221118	2322	-0.0375
73e72d55-f8ea-4f06-b439-62a6d5a81164	4	39221413	40726366	793	-0.1177
73e72d55-f8ea-4f06-b439-62a6d5a81164	4	40726804	49214614	5069	-0.037
73e72d55-f8ea-4f06-b439-62a6d5a81164	4	49289175	49295203	3	-1.9158
73e72d55-f8ea-4f06-b439-62a6d5a81164	4	49501149	56632503	3167	-0.0514
73e72d55-f8ea-4f06-b439-62a6d5a81164	4	56633100	56637762	2	-2.877
73e72d55-f8ea-4f06-b439-62a6d5a81164	4	56640405	62802116	3848	-0.0384
73e72d55-f8ea-4f06-b439-62a6d5a81164	4	62804218	62805944	8	-1.7422
73e72d55-f8ea-4f06-b439-62a6d5a81164	4	62813912	63828222	553	-0.0493
73e72d55-f8ea-4f06-b439-62a6d5a81164	4	63831751	63841863	21	-1.1421
73e72d55-f8ea-4f06-b439-62a6d5a81164	4	63841887	63842540	7	-2.4002
73e72d55-f8ea-4f06-b439-62a6d5a81164	4	63850713	68394833	2854	-0.0483
73e72d55-f8ea-4f06-b439-62a6d5a81164	4	68395346	68639397	84	0.453
73e72d55-f8ea-4f06-b439-62a6d5a81164	4	68640616	72686146	2324	-0.0318
73e72d55-f8ea-4f06-b439-62a6d5a81164	4	72686527	72689721	2	-3.2041
73e72d55-f8ea-4f06-b439-62a6d5a81164	4	72693098	114258196	25333	-0.0398
73e72d55-f8ea-4f06-b439-62a6d5a81164	4	114258272	114261019	12	-1.511
73e72d55-f8ea-4f06-b439-62a6d5a81164	4	114263073	151878222	22072	-0.0324
73e72d55-f8ea-4f06-b439-62a6d5a81164	4	151878731	151883075	2	-1.9103
73e72d55-f8ea-4f06-b439-62a6d5a81164	4	151883091	154881396	1930	-0.0275
73e72d55-f8ea-4f06-b439-62a6d5a81164	4	154881853	154881926	3	1.1795
73e72d55-f8ea-4f06-b439-62a6d5a81164	4	154882047	160952848	3910	-0.0164
73e72d55-f8ea-4f06-b439-62a6d5a81164	4	160958866	160963756	21	-1.7156
73e72d55-f8ea-4f06-b439-62a6d5a81164	4	160963767	171448195	6656	-0.0393
73e72d55-f8ea-4f06-b439-62a6d5a81164	4	171453733	171456625	12	0.9249
73e72d55-f8ea-4f06-b439-62a6d5a81164	4	171459220	179172552	4782	-0.0423
73e72d55-f8ea-4f06-b439-62a6d5a81164	4	179176834	179177184	2	-2.0074
73e72d55-f8ea-4f06-b439-62a6d5a81164	4	179180768	181255905	1559	-0.0418
73e72d55-f8ea-4f06-b439-62a6d5a81164	4	181262762	181286450	28	-4.1559
73e72d55-f8ea-4f06-b439-62a6d5a81164	4	181286485	181416367	119	-0.0584
73e72d55-f8ea-4f06-b439-62a6d5a81164	4	181416436	181432396	22	-3.6646
73e72d55-f8ea-4f06-b439-62a6d5a81164	4	181438608	184329216	2123	-0.0495
73e72d55-f8ea-4f06-b439-62a6d5a81164	4	184329425	184332978	3	-1.3145
73e72d55-f8ea-4f06-b439-62a6d5a81164	4	184335162	188516075	2910	-0.0414
73e72d55-f8ea-4f06-b439-62a6d5a81164	4	188516090	188516256	4	-2.3191
73e72d55-f8ea-4f06-b439-62a6d5a81164	4	188518718	190106768	922	-0.0153
73e72d55-f8ea-4f06-b439-62a6d5a81164	5	15532	685633	306	0.5703
73e72d55-f8ea-4f06-b439-62a6d5a81164	5	698256	733497	16	1.0956
73e72d55-f8ea-4f06-b439-62a6d5a81164	5	741924	773453	11	0.1914
73e72d55-f8ea-4f06-b439-62a6d5a81164	5	779766	825538	19	-2.0001
73e72d55-f8ea-4f06-b439-62a6d5a81164	5	833513	1090641	90	0.5806
73e72d55-f8ea-4f06-b439-62a6d5a81164	5	1094274	1097808	2	1.7985
73e72d55-f8ea-4f06-b439-62a6d5a81164	5	1107313	12800777	9737	0.5689
73e72d55-f8ea-4f06-b439-62a6d5a81164	5	12815668	12826538	11	-1.0999
73e72d55-f8ea-4f06-b439-62a6d5a81164	5	12833745	15719241	1972	0.5849
73e72d55-f8ea-4f06-b439-62a6d5a81164	5	15719966	15720488	9	-0.4821
73e72d55-f8ea-4f06-b439-62a6d5a81164	5	15723237	21376735	3479	0.5544
73e72d55-f8ea-4f06-b439-62a6d5a81164	5	21377730	21377744	2	2.4756
73e72d55-f8ea-4f06-b439-62a6d5a81164	5	21385957	69533520	27384	0.5705
73e72d55-f8ea-4f06-b439-62a6d5a81164	5	69550476	69937600	7	-0.4996
73e72d55-f8ea-4f06-b439-62a6d5a81164	5	69937617	71691908	202	0.4688
73e72d55-f8ea-4f06-b439-62a6d5a81164	5	71694909	112748141	24679	0.5744
73e72d55-f8ea-4f06-b439-62a6d5a81164	5	112748890	112748954	2	-1.3931
73e72d55-f8ea-4f06-b439-62a6d5a81164	5	112749021	130914831	12122	0.5783
73e72d55-f8ea-4f06-b439-62a6d5a81164	5	130915226	131976634	505	0.4884
73e72d55-f8ea-4f06-b439-62a6d5a81164	5	131977420	134197734	1491	0.58
73e72d55-f8ea-4f06-b439-62a6d5a81164	5	134200594	134944696	337	0.4611
73e72d55-f8ea-4f06-b439-62a6d5a81164	5	134948283	137750998	2012	0.6148
73e72d55-f8ea-4f06-b439-62a6d5a81164	5	137751353	139606109	793	0.4849
73e72d55-f8ea-4f06-b439-62a6d5a81164	5	139612383	139640337	13	-0.5725
73e72d55-f8ea-4f06-b439-62a6d5a81164	5	139642570	140839137	555	0.532
73e72d55-f8ea-4f06-b439-62a6d5a81164	5	140844251	140864171	13	-0.3265
73e72d55-f8ea-4f06-b439-62a6d5a81164	5	140872578	152134610	7536	0.5681
73e72d55-f8ea-4f06-b439-62a6d5a81164	5	152135825	152138790	14	-2.0355
73e72d55-f8ea-4f06-b439-62a6d5a81164	5	152140710	156048092	2653	0.56
73e72d55-f8ea-4f06-b439-62a6d5a81164	5	156048094	156055719	16	-0.1961
73e72d55-f8ea-4f06-b439-62a6d5a81164	5	156068240	158054372	1342	0.5374
73e72d55-f8ea-4f06-b439-62a6d5a81164	5	158056998	176947163	13135	0.5663
73e72d55-f8ea-4f06-b439-62a6d5a81164	5	176947904	177771448	313	0.472
73e72d55-f8ea-4f06-b439-62a6d5a81164	5	177800550	177833329	6	-0.3968
73e72d55-f8ea-4f06-b439-62a6d5a81164	5	177838979	179668909	1057	0.5235
73e72d55-f8ea-4f06-b439-62a6d5a81164	5	179669113	179677132	12	-0.0316
73e72d55-f8ea-4f06-b439-62a6d5a81164	5	179677599	180947523	724	0.517
73e72d55-f8ea-4f06-b439-62a6d5a81164	5	180951710	180990660	17	-0.1095
73e72d55-f8ea-4f06-b439-62a6d5a81164	5	180990911	181363319	172	0.5716
73e72d55-f8ea-4f06-b439-62a6d5a81164	6	149661	254283	100	-0.3076
73e72d55-f8ea-4f06-b439-62a6d5a81164	6	257353	314962	27	0.4774
73e72d55-f8ea-4f06-b439-62a6d5a81164	6	315197	365720	65	0.0955
73e72d55-f8ea-4f06-b439-62a6d5a81164	6	366333	18077208	13743	-0.3166
73e72d55-f8ea-4f06-b439-62a6d5a81164	6	18077851	18080020	2	-2.174
73e72d55-f8ea-4f06-b439-62a6d5a81164	6	18080134	29869700	7690	-0.3121
73e72d55-f8ea-4f06-b439-62a6d5a81164	6	29869747	29906932	18	0.4906
73e72d55-f8ea-4f06-b439-62a6d5a81164	6	29907031	32463515	1157	-0.3483
73e72d55-f8ea-4f06-b439-62a6d5a81164	6	32463775	32606604	39	1.1283
73e72d55-f8ea-4f06-b439-62a6d5a81164	6	32610305	32658160	26	0.2758
73e72d55-f8ea-4f06-b439-62a6d5a81164	6	32658841	32857730	156	-0.173
73e72d55-f8ea-4f06-b439-62a6d5a81164	6	32858456	43831429	6880	-0.3388
73e72d55-f8ea-4f06-b439-62a6d5a81164	6	43831723	48963228	3334	-0.2941
73e72d55-f8ea-4f06-b439-62a6d5a81164	6	48964092	48967563	3	-1.862
73e72d55-f8ea-4f06-b439-62a6d5a81164	6	48978926	78253172	16445	-0.2924
73e72d55-f8ea-4f06-b439-62a6d5a81164	6	78259348	78322875	108	-2.2381
73e72d55-f8ea-4f06-b439-62a6d5a81164	6	78325223	103286954	15452	-0.2887
73e72d55-f8ea-4f06-b439-62a6d5a81164	6	103290101	103314186	46	0.4114
73e72d55-f8ea-4f06-b439-62a6d5a81164	6	103317795	111409861	4991	-0.3225
73e72d55-f8ea-4f06-b439-62a6d5a81164	6	111411634	132590580	13064	-0.2774
73e72d55-f8ea-4f06-b439-62a6d5a81164	6	132590909	139279894	4669	-0.3026
73e72d55-f8ea-4f06-b439-62a6d5a81164	6	139284190	139284620	2	-2.4545
73e72d55-f8ea-4f06-b439-62a6d5a81164	6	139287466	170741917	21356	-0.3009
73e72d55-f8ea-4f06-b439-62a6d5a81164	7	43355	3570080	1620	0.4376
73e72d55-f8ea-4f06-b439-62a6d5a81164	7	3570211	3578729	31	-0.3863
73e72d55-f8ea-4f06-b439-62a6d5a81164	7	3585172	4489530	750	0.4797
73e72d55-f8ea-4f06-b439-62a6d5a81164	7	4490754	6880649	1041	0.3558
73e72d55-f8ea-4f06-b439-62a6d5a81164	7	6889070	19627165	10528	0.4605
73e72d55-f8ea-4f06-b439-62a6d5a81164	7	19637924	19638846	2	-1.8279
73e72d55-f8ea-4f06-b439-62a6d5a81164	7	19641896	22395161	2079	0.4784
73e72d55-f8ea-4f06-b439-62a6d5a81164	7	22395853	22396868	2	-2.5894
73e72d55-f8ea-4f06-b439-62a6d5a81164	7	22399135	23065133	480	0.4688
73e72d55-f8ea-4f06-b439-62a6d5a81164	7	23065538	23885829	509	0.3715
73e72d55-f8ea-4f06-b439-62a6d5a81164	7	23888074	26092670	1773	0.4637
73e72d55-f8ea-4f06-b439-62a6d5a81164	7	26102772	26105793	4	-0.4805
73e72d55-f8ea-4f06-b439-62a6d5a81164	7	26107599	38271122	8539	0.4663
73e72d55-f8ea-4f06-b439-62a6d5a81164	7	38271497	38338955	107	0.6682
73e72d55-f8ea-4f06-b439-62a6d5a81164	7	38339129	38342370	2	1.6024
73e72d55-f8ea-4f06-b439-62a6d5a81164	7	38345240	52210461	9428	0.4468
73e72d55-f8ea-4f06-b439-62a6d5a81164	7	52210487	52440757	154	0.3063
73e72d55-f8ea-4f06-b439-62a6d5a81164	7	52446561	55192842	2217	0.4575
73e72d55-f8ea-4f06-b439-62a6d5a81164	7	55195177	69590538	4502	0.3818
73e72d55-f8ea-4f06-b439-62a6d5a81164	7	69601183	70795063	727	0.4739
73e72d55-f8ea-4f06-b439-62a6d5a81164	7	70797150	73341521	1292	0.4094
73e72d55-f8ea-4f06-b439-62a6d5a81164	7	73342335	76514576	940	0.3289
73e72d55-f8ea-4f06-b439-62a6d5a81164	7	76524031	76531980	4	-0.8571
73e72d55-f8ea-4f06-b439-62a6d5a81164	7	76531991	77827058	579	0.4075
73e72d55-f8ea-4f06-b439-62a6d5a81164	7	77830008	97697920	12906	0.471
73e72d55-f8ea-4f06-b439-62a6d5a81164	7	97698467	102806782	2162	0.3758
73e72d55-f8ea-4f06-b439-62a6d5a81164	7	102807005	109797700	4521	0.4506
73e72d55-f8ea-4f06-b439-62a6d5a81164	7	109797715	109801155	10	-0.3071
73e72d55-f8ea-4f06-b439-62a6d5a81164	7	109801187	126404920	10037	0.466
73e72d55-f8ea-4f06-b439-62a6d5a81164	7	126405428	126406822	13	1.5533
73e72d55-f8ea-4f06-b439-62a6d5a81164	7	126406823	127439417	744	0.4835
73e72d55-f8ea-4f06-b439-62a6d5a81164	7	127439762	131900592	2461	0.43
73e72d55-f8ea-4f06-b439-62a6d5a81164	7	131903459	134100442	1491	0.4831
73e72d55-f8ea-4f06-b439-62a6d5a81164	7	134100458	134100587	3	-1.4231
73e72d55-f8ea-4f06-b439-62a6d5a81164	7	134100624	134101043	8	0.6182
73e72d55-f8ea-4f06-b439-62a6d5a81164	7	134101146	134105690	12	1.2103
73e72d55-f8ea-4f06-b439-62a6d5a81164	7	134110881	137883858	2620	0.4629
73e72d55-f8ea-4f06-b439-62a6d5a81164	7	137884791	141289355	2088	0.4117
73e72d55-f8ea-4f06-b439-62a6d5a81164	7	141290169	142406173	776	0.4713
73e72d55-f8ea-4f06-b439-62a6d5a81164	7	142407041	142785841	199	0.6015
73e72d55-f8ea-4f06-b439-62a6d5a81164	7	142801993	144176859	755	0.4803
73e72d55-f8ea-4f06-b439-62a6d5a81164	7	144199159	144326306	13	-0.0767
73e72d55-f8ea-4f06-b439-62a6d5a81164	7	144336758	159334314	9643	0.4454
73e72d55-f8ea-4f06-b439-62a6d5a81164	8	81254	6969240	7616	-0.3073
73e72d55-f8ea-4f06-b439-62a6d5a81164	8	6969479	6969618	3	-1.9134
73e72d55-f8ea-4f06-b439-62a6d5a81164	8	6969643	12177488	3381	-0.3187
73e72d55-f8ea-4f06-b439-62a6d5a81164	8	12323772	12389977	29	-1.3763
73e72d55-f8ea-4f06-b439-62a6d5a81164	8	12418301	25114672	10394	-0.3102
73e72d55-f8ea-4f06-b439-62a6d5a81164	8	25116928	25126708	25	0.5132
73e72d55-f8ea-4f06-b439-62a6d5a81164	8	25126735	32828250	5429	-0.3228
73e72d55-f8ea-4f06-b439-62a6d5a81164	8	32829101	32829941	2	1.9095
73e72d55-f8ea-4f06-b439-62a6d5a81164	8	32830685	38763780	3298	-0.3272
73e72d55-f8ea-4f06-b439-62a6d5a81164	8	38769413	38773628	3	-1.988
73e72d55-f8ea-4f06-b439-62a6d5a81164	8	38777911	39373140	274	-0.2972
73e72d55-f8ea-4f06-b439-62a6d5a81164	8	39378084	39529446	59	-1.7155
73e72d55-f8ea-4f06-b439-62a6d5a81164	8	39530780	39973181	267	-0.3248
73e72d55-f8ea-4f06-b439-62a6d5a81164	8	39973438	39974128	3	-3.3521
73e72d55-f8ea-4f06-b439-62a6d5a81164	8	39977300	92631642	30262	-0.3048
73e72d55-f8ea-4f06-b439-62a6d5a81164	8	92632269	92632271	2	-2.3392
73e72d55-f8ea-4f06-b439-62a6d5a81164	8	92634843	111279265	11387	-0.2987
73e72d55-f8ea-4f06-b439-62a6d5a81164	8	111282050	111283031	10	2.9407
73e72d55-f8ea-4f06-b439-62a6d5a81164	8	111288052	114619207	1815	-0.2809
73e72d55-f8ea-4f06-b439-62a6d5a81164	8	114619814	114642539	39	0.0396
73e72d55-f8ea-4f06-b439-62a6d5a81164	8	114650365	128735944	9781	-0.2968
73e72d55-f8ea-4f06-b439-62a6d5a81164	8	128739928	128751839	5	-1.6305
73e72d55-f8ea-4f06-b439-62a6d5a81164	8	128765208	143616987	10721	-0.3128
73e72d55-f8ea-4f06-b439-62a6d5a81164	8	143622987	143625638	9	-1.7195
73e72d55-f8ea-4f06-b439-62a6d5a81164	8	143636819	145072769	503	-0.345
73e72d55-f8ea-4f06-b439-62a6d5a81164	9	46587	6301169	6073	0.6086
73e72d55-f8ea-4f06-b439-62a6d5a81164	9	6301578	14878096	7555	0.6373
73e72d55-f8ea-4f06-b439-62a6d5a81164	9	14879270	15164722	173	0.5136
73e72d55-f8ea-4f06-b439-62a6d5a81164	9	15167379	15259793	86	0.6987
73e72d55-f8ea-4f06-b439-62a6d5a81164	9	15262010	15952314	476	0.5443
73e72d55-f8ea-4f06-b439-62a6d5a81164	9	15953040	16426499	519	0.6565
73e72d55-f8ea-4f06-b439-62a6d5a81164	9	16426953	17625032	970	0.5754
73e72d55-f8ea-4f06-b439-62a6d5a81164	9	17626618	17674921	59	0.8002
73e72d55-f8ea-4f06-b439-62a6d5a81164	9	17675126	19035853	1336	0.6142
73e72d55-f8ea-4f06-b439-62a6d5a81164	9	19037764	19431637	262	0.4975
73e72d55-f8ea-4f06-b439-62a6d5a81164	9	19432093	23363117	2903	0.6138
73e72d55-f8ea-4f06-b439-62a6d5a81164	9	23363935	23372401	6	1.4821
73e72d55-f8ea-4f06-b439-62a6d5a81164	9	23373486	28849951	4152	0.6027
73e72d55-f8ea-4f06-b439-62a6d5a81164	9	28850824	29018856	138	0.7732
73e72d55-f8ea-4f06-b439-62a6d5a81164	9	29019025	38808961	6387	0.5935
73e72d55-f8ea-4f06-b439-62a6d5a81164	9	38912300	42014203	172	0.3943
73e72d55-f8ea-4f06-b439-62a6d5a81164	9	42037471	42211663	22	-1.5007
73e72d55-f8ea-4f06-b439-62a6d5a81164	9	42230926	42279025	4	0.611
73e72d55-f8ea-4f06-b439-62a6d5a81164	9	42292452	42729302	26	-0.0684
73e72d55-f8ea-4f06-b439-62a6d5a81164	9	42736668	61405110	40	0.4216
73e72d55-f8ea-4f06-b439-62a6d5a81164	9	61520021	61629689	28	1.1782
73e72d55-f8ea-4f06-b439-62a6d5a81164	9	61633080	66881239	142	0.3336
73e72d55-f8ea-4f06-b439-62a6d5a81164	9	66883464	66908666	3	1.0639
73e72d55-f8ea-4f06-b439-62a6d5a81164	9	66996941	92119308	17231	0.579
73e72d55-f8ea-4f06-b439-62a6d5a81164	9	92119734	92165562	37	0.8547
73e72d55-f8ea-4f06-b439-62a6d5a81164	9	92169936	97308614	3132	0.431
73e72d55-f8ea-4f06-b439-62a6d5a81164	9	97309446	111247829	10323	0.4677
73e72d55-f8ea-4f06-b439-62a6d5a81164	9	111248242	113506814	1514	0.4176
73e72d55-f8ea-4f06-b439-62a6d5a81164	9	113515108	122694065	7071	0.4829
73e72d55-f8ea-4f06-b439-62a6d5a81164	9	122694843	127456093	2915	0.4322
73e72d55-f8ea-4f06-b439-62a6d5a81164	9	127457023	132451455	2782	0.3812
73e72d55-f8ea-4f06-b439-62a6d5a81164	9	132454850	136161669	2204	0.4521
73e72d55-f8ea-4f06-b439-62a6d5a81164	9	136164933	136166877	3	-0.7677
73e72d55-f8ea-4f06-b439-62a6d5a81164	9	136167429	137358495	293	0.3916
73e72d55-f8ea-4f06-b439-62a6d5a81164	9	137361190	137361381	3	1.4783
73e72d55-f8ea-4f06-b439-62a6d5a81164	9	137378551	138200944	406	0.3954
73e72d55-f8ea-4f06-b439-62a6d5a81164	10	45792	24086334	19157	-0.3249
73e72d55-f8ea-4f06-b439-62a6d5a81164	10	24088745	24090022	13	0.7117
73e72d55-f8ea-4f06-b439-62a6d5a81164	10	24090078	30957581	5000	-0.3495
73e72d55-f8ea-4f06-b439-62a6d5a81164	10	30962405	30962850	11	-1.5012
73e72d55-f8ea-4f06-b439-62a6d5a81164	10	30962893	43239804	5498	-0.3283
73e72d55-f8ea-4f06-b439-62a6d5a81164	10	43244516	43244619	2	-3.1801
73e72d55-f8ea-4f06-b439-62a6d5a81164	10	43247480	46313639	1893	-0.3467
73e72d55-f8ea-4f06-b439-62a6d5a81164	10	46313711	46332058	22	-0.2823
73e72d55-f8ea-4f06-b439-62a6d5a81164	10	46332377	47002596	68	0.0527
73e72d55-f8ea-4f06-b439-62a6d5a81164	10	47008590	59096142	8288	-0.2797
73e72d55-f8ea-4f06-b439-62a6d5a81164	10	59096518	59096528	2	-2.6002
73e72d55-f8ea-4f06-b439-62a6d5a81164	10	59096803	63096690	2832	-0.2899
73e72d55-f8ea-4f06-b439-62a6d5a81164	10	63099759	63099928	3	-1.9449
73e72d55-f8ea-4f06-b439-62a6d5a81164	10	63102110	65546518	1546	-0.2981
73e72d55-f8ea-4f06-b439-62a6d5a81164	10	65548165	65565695	31	0.1357
73e72d55-f8ea-4f06-b439-62a6d5a81164	10	65566308	67815645	1564	-0.2795
73e72d55-f8ea-4f06-b439-62a6d5a81164	10	67815814	75374744	4411	-0.3421
73e72d55-f8ea-4f06-b439-62a6d5a81164	10	75374932	79120008	2936	-0.2901
73e72d55-f8ea-4f06-b439-62a6d5a81164	10	79120678	79624118	296	-0.3635
73e72d55-f8ea-4f06-b439-62a6d5a81164	10	79624128	79838023	35	-1.464
73e72d55-f8ea-4f06-b439-62a6d5a81164	10	79838299	90700170	7643	-0.3048
73e72d55-f8ea-4f06-b439-62a6d5a81164	10	90702958	90703534	4	-3.1979
73e72d55-f8ea-4f06-b439-62a6d5a81164	10	90711823	125318307	23184	-0.3132
73e72d55-f8ea-4f06-b439-62a6d5a81164	10	125319468	125384374	36	-2.6756
73e72d55-f8ea-4f06-b439-62a6d5a81164	10	125385491	133654968	6010	-0.3319
73e72d55-f8ea-4f06-b439-62a6d5a81164	11	198510	4949137	2411	-0.6733
73e72d55-f8ea-4f06-b439-62a6d5a81164	11	4950775	4955042	23	-1.5654
73e72d55-f8ea-4f06-b439-62a6d5a81164	11	4955781	5762452	779	-0.6239
73e72d55-f8ea-4f06-b439-62a6d5a81164	11	5762693	5787818	33	0.0292
73e72d55-f8ea-4f06-b439-62a6d5a81164	11	5787909	48638921	29942	-0.6432
73e72d55-f8ea-4f06-b439-62a6d5a81164	11	48642055	48700204	15	0.2675
73e72d55-f8ea-4f06-b439-62a6d5a81164	11	48700215	55595864	1127	-0.5982
73e72d55-f8ea-4f06-b439-62a6d5a81164	11	55606556	55685533	59	0.0634
73e72d55-f8ea-4f06-b439-62a6d5a81164	11	55686100	59243694	2169	-0.6295
73e72d55-f8ea-4f06-b439-62a6d5a81164	11	59247185	59247496	4	-2.5566
73e72d55-f8ea-4f06-b439-62a6d5a81164	11	59252488	80529318	11283	-0.6778
73e72d55-f8ea-4f06-b439-62a6d5a81164	11	80531107	115458985	24151	-0.6204
73e72d55-f8ea-4f06-b439-62a6d5a81164	11	115468513	126538486	7849	-0.667
73e72d55-f8ea-4f06-b439-62a6d5a81164	11	126538658	126538709	2	-3.0914
73e72d55-f8ea-4f06-b439-62a6d5a81164	11	126541155	135074876	6616	-0.6742
73e72d55-f8ea-4f06-b439-62a6d5a81164	12	51460	257270	125	0.5296
73e72d55-f8ea-4f06-b439-62a6d5a81164	12	262244	6269046	4503	0.4781
73e72d55-f8ea-4f06-b439-62a6d5a81164	12	6273087	8268228	922	0.4191
73e72d55-f8ea-4f06-b439-62a6d5a81164	12	8275839	8283642	2	-0.8786
73e72d55-f8ea-4f06-b439-62a6d5a81164	12	8283732	8406217	43	0.3216
73e72d55-f8ea-4f06-b439-62a6d5a81164	12	8406509	8422427	9	-0.3252
73e72d55-f8ea-4f06-b439-62a6d5a81164	12	8422738	9498795	569	0.4478
73e72d55-f8ea-4f06-b439-62a6d5a81164	12	9499454	9562969	17	0.967
73e72d55-f8ea-4f06-b439-62a6d5a81164	12	9575696	18229773	5938	0.4717
73e72d55-f8ea-4f06-b439-62a6d5a81164	12	18229867	18235793	14	-0.0222
73e72d55-f8ea-4f06-b439-62a6d5a81164	12	18235993	23536496	3464	0.4566
73e72d55-f8ea-4f06-b439-62a6d5a81164	12	23540680	24089641	406	-0.0348
73e72d55-f8ea-4f06-b439-62a6d5a81164	12	24096387	31268907	5465	0.4745
73e72d55-f8ea-4f06-b439-62a6d5a81164	12	31268963	32935416	1133	0.406
73e72d55-f8ea-4f06-b439-62a6d5a81164	12	32937422	48513377	7593	0.472
73e72d55-f8ea-4f06-b439-62a6d5a81164	12	48516156	51590174	1457	0.385
73e72d55-f8ea-4f06-b439-62a6d5a81164	12	51593524	52262181	409	0.44
73e72d55-f8ea-4f06-b439-62a6d5a81164	12	52263183	52781986	529	0.5491
73e72d55-f8ea-4f06-b439-62a6d5a81164	12	52783538	56144847	1864	0.4306
73e72d55-f8ea-4f06-b439-62a6d5a81164	12	56149914	56191111	26	0.8296
73e72d55-f8ea-4f06-b439-62a6d5a81164	12	56192465	56865116	294	0.4762
73e72d55-f8ea-4f06-b439-62a6d5a81164	12	56865378	58327273	787	0.5573
73e72d55-f8ea-4f06-b439-62a6d5a81164	12	58327297	58336379	7	-0.5082
73e72d55-f8ea-4f06-b439-62a6d5a81164	12	58337065	70478078	7969	0.5913
73e72d55-f8ea-4f06-b439-62a6d5a81164	12	70478895	70484247	9	-0.2516
73e72d55-f8ea-4f06-b439-62a6d5a81164	12	70485605	90089573	12052	0.5986
73e72d55-f8ea-4f06-b439-62a6d5a81164	12	90097892	90098297	7	-0.7482
73e72d55-f8ea-4f06-b439-62a6d5a81164	12	90099780	98556712	5943	0.589
73e72d55-f8ea-4f06-b439-62a6d5a81164	12	98562467	98564210	2	-1.7674
73e72d55-f8ea-4f06-b439-62a6d5a81164	12	98568304	108397453	6680	0.6091
73e72d55-f8ea-4f06-b439-62a6d5a81164	12	108399400	113599484	2873	0.5401
73e72d55-f8ea-4f06-b439-62a6d5a81164	12	113602864	119885150	4847	0.594
73e72d55-f8ea-4f06-b439-62a6d5a81164	12	119886281	123590472	1623	0.4928
73e72d55-f8ea-4f06-b439-62a6d5a81164	12	123592259	129326073	4677	0.5878
73e72d55-f8ea-4f06-b439-62a6d5a81164	12	129326162	131619226	1950	0.6423
73e72d55-f8ea-4f06-b439-62a6d5a81164	12	131619655	133201603	580	0.5812
73e72d55-f8ea-4f06-b439-62a6d5a81164	13	18452809	24935368	4314	-0.0914
73e72d55-f8ea-4f06-b439-62a6d5a81164	13	24935708	24941205	5	-1.3405
73e72d55-f8ea-4f06-b439-62a6d5a81164	13	24942153	37495907	9133	-0.1028
73e72d55-f8ea-4f06-b439-62a6d5a81164	13	37496233	37510620	18	0.6396
73e72d55-f8ea-4f06-b439-62a6d5a81164	13	37514193	45981240	5867	-0.0861
73e72d55-f8ea-4f06-b439-62a6d5a81164	13	45981743	71903417	15651	-0.2803
73e72d55-f8ea-4f06-b439-62a6d5a81164	13	71906311	71906418	2	2.0976
73e72d55-f8ea-4f06-b439-62a6d5a81164	13	71906467	84348615	8373	-0.2751
73e72d55-f8ea-4f06-b439-62a6d5a81164	13	84349570	84351437	2	-2.5517
73e72d55-f8ea-4f06-b439-62a6d5a81164	13	84351461	105663858	14508	-0.2817
73e72d55-f8ea-4f06-b439-62a6d5a81164	13	105664476	105664629	4	-2.2933
73e72d55-f8ea-4f06-b439-62a6d5a81164	13	105667023	114342922	6139	-0.307
73e72d55-f8ea-4f06-b439-62a6d5a81164	14	18239283	19922395	147	-0.1219
73e72d55-f8ea-4f06-b439-62a6d5a81164	14	19924455	21693932	1178	0.2644
73e72d55-f8ea-4f06-b439-62a6d5a81164	14	21694214	21928047	199	0.407
73e72d55-f8ea-4f06-b439-62a6d5a81164	14	21928158	21928296	3	-0.2793
73e72d55-f8ea-4f06-b439-62a6d5a81164	14	21928444	22490838	458	0.5754
73e72d55-f8ea-4f06-b439-62a6d5a81164	14	22490949	40139724	11034	0.2858
73e72d55-f8ea-4f06-b439-62a6d5a81164	14	40144718	40147715	2	-1.8195
73e72d55-f8ea-4f06-b439-62a6d5a81164	14	40148961	72804995	20785	0.2818
73e72d55-f8ea-4f06-b439-62a6d5a81164	14	72806207	77837720	3071	0.2337
73e72d55-f8ea-4f06-b439-62a6d5a81164	14	77838705	101854732	16479	0.2798
73e72d55-f8ea-4f06-b439-62a6d5a81164	14	101859682	106016256	1594	0.2101
73e72d55-f8ea-4f06-b439-62a6d5a81164	14	106030809	106418444	151	0.2895
73e72d55-f8ea-4f06-b439-62a6d5a81164	14	106423925	106462169	47	-0.5069
73e72d55-f8ea-4f06-b439-62a6d5a81164	14	106462183	106877229	196	0.3037
73e72d55-f8ea-4f06-b439-62a6d5a81164	15	19811075	20001686	45	-0.1387
73e72d55-f8ea-4f06-b439-62a6d5a81164	15	20011702	22299009	160	-0.6161
73e72d55-f8ea-4f06-b439-62a6d5a81164	15	22299523	24424598	992	-0.0708
73e72d55-f8ea-4f06-b439-62a6d5a81164	15	24429604	24473026	33	-1.7465
73e72d55-f8ea-4f06-b439-62a6d5a81164	15	24473449	30488460	3627	-0.0544
73e72d55-f8ea-4f06-b439-62a6d5a81164	15	30500366	30608675	5	-1.1087
73e72d55-f8ea-4f06-b439-62a6d5a81164	15	30621384	32257550	1056	-0.0435
73e72d55-f8ea-4f06-b439-62a6d5a81164	15	32283641	32307601	3	-1.0921
73e72d55-f8ea-4f06-b439-62a6d5a81164	15	32323432	33083306	409	-0.0567
73e72d55-f8ea-4f06-b439-62a6d5a81164	15	33083540	33085635	2	-1.4009
73e72d55-f8ea-4f06-b439-62a6d5a81164	15	33090065	33377120	245	-0.0505
73e72d55-f8ea-4f06-b439-62a6d5a81164	15	33383364	33383379	2	-2.4835
73e72d55-f8ea-4f06-b439-62a6d5a81164	15	33384373	34421922	843	-0.0563
73e72d55-f8ea-4f06-b439-62a6d5a81164	15	34430601	34434988	5	-1.124
73e72d55-f8ea-4f06-b439-62a6d5a81164	15	34435421	34526116	60	-2.39
73e72d55-f8ea-4f06-b439-62a6d5a81164	15	34570058	40046275	3939	-0.0444
73e72d55-f8ea-4f06-b439-62a6d5a81164	15	40046660	46302315	3037	-0.0975
73e72d55-f8ea-4f06-b439-62a6d5a81164	15	46302628	47221056	619	-0.0479
73e72d55-f8ea-4f06-b439-62a6d5a81164	15	47226610	47227348	5	-5.5674
73e72d55-f8ea-4f06-b439-62a6d5a81164	15	47227357	53492691	4001	-0.0416
73e72d55-f8ea-4f06-b439-62a6d5a81164	15	53492794	53493082	6	-1.4705
73e72d55-f8ea-4f06-b439-62a6d5a81164	15	53498050	54423352	727	-0.054
73e72d55-f8ea-4f06-b439-62a6d5a81164	15	54424340	54424377	2	-1.4017
73e72d55-f8ea-4f06-b439-62a6d5a81164	15	54425487	55957090	978	-0.0828
73e72d55-f8ea-4f06-b439-62a6d5a81164	15	55964985	58560228	1843	-0.0204
73e72d55-f8ea-4f06-b439-62a6d5a81164	15	58560264	76586021	11234	-0.0709
73e72d55-f8ea-4f06-b439-62a6d5a81164	15	76598900	76603434	22	0.7891
73e72d55-f8ea-4f06-b439-62a6d5a81164	15	76609838	85440272	5080	-0.0659
73e72d55-f8ea-4f06-b439-62a6d5a81164	15	85441932	85442024	2	-1.9424
73e72d55-f8ea-4f06-b439-62a6d5a81164	15	85444905	97834400	9516	-0.0635
73e72d55-f8ea-4f06-b439-62a6d5a81164	15	97834414	97836887	3	-1.7375
73e72d55-f8ea-4f06-b439-62a6d5a81164	15	97838532	99042375	881	-0.067
73e72d55-f8ea-4f06-b439-62a6d5a81164	15	99044931	99045108	3	-1.5621
73e72d55-f8ea-4f06-b439-62a6d5a81164	15	99045267	101928837	2117	-0.0518
73e72d55-f8ea-4f06-b439-62a6d5a81164	16	10777	5557889	2621	0.4047
73e72d55-f8ea-4f06-b439-62a6d5a81164	16	5558088	5558150	2	-1.4701
73e72d55-f8ea-4f06-b439-62a6d5a81164	16	5558336	5610928	68	0.3888
73e72d55-f8ea-4f06-b439-62a6d5a81164	16	5612923	16196638	9042	0.4548
73e72d55-f8ea-4f06-b439-62a6d5a81164	16	16199461	16200861	2	-1.6032
73e72d55-f8ea-4f06-b439-62a6d5a81164	16	16201950	18044201	984	0.4913
73e72d55-f8ea-4f06-b439-62a6d5a81164	16	18045467	30513879	6631	0.4224
73e72d55-f8ea-4f06-b439-62a6d5a81164	16	30520709	31329588	308	0.3033
73e72d55-f8ea-4f06-b439-62a6d5a81164	16	31329676	32295899	304	0.4068
73e72d55-f8ea-4f06-b439-62a6d5a81164	16	32383608	32513457	9	-1.4563
73e72d55-f8ea-4f06-b439-62a6d5a81164	16	32553191	33043337	26	0.6898
73e72d55-f8ea-4f06-b439-62a6d5a81164	16	33045427	63849974	12029	0.4365
73e72d55-f8ea-4f06-b439-62a6d5a81164	16	63850658	66570701	2078	0.4792
73e72d55-f8ea-4f06-b439-62a6d5a81164	16	66570964	70688869	1789	0.3954
73e72d55-f8ea-4f06-b439-62a6d5a81164	16	70689037	78337711	5308	0.4443
73e72d55-f8ea-4f06-b439-62a6d5a81164	16	78338543	78350841	15	-1.7884
73e72d55-f8ea-4f06-b439-62a6d5a81164	16	78350868	90096867	10604	0.4738
73e72d55-f8ea-4f06-b439-62a6d5a81164	17	150733	7354708	4077	-0.3577
73e72d55-f8ea-4f06-b439-62a6d5a81164	17	7362030	7362487	2	-2.529
73e72d55-f8ea-4f06-b439-62a6d5a81164	17	7363157	8339592	448	-0.3987
73e72d55-f8ea-4f06-b439-62a6d5a81164	17	8344229	8344415	2	-2.0984
73e72d55-f8ea-4f06-b439-62a6d5a81164	17	8346140	18414080	6850	-0.352
73e72d55-f8ea-4f06-b439-62a6d5a81164	17	18452078	18550123	25	-1.7289
73e72d55-f8ea-4f06-b439-62a6d5a81164	17	18561272	41265456	9376	-0.3375
73e72d55-f8ea-4f06-b439-62a6d5a81164	17	41266762	41274198	23	0.7282
73e72d55-f8ea-4f06-b439-62a6d5a81164	17	41274279	51205855	4945	-0.3474
73e72d55-f8ea-4f06-b439-62a6d5a81164	17	51206479	56765512	4053	-0.2959
73e72d55-f8ea-4f06-b439-62a6d5a81164	17	56766131	74710490	10978	-0.3378
73e72d55-f8ea-4f06-b439-62a6d5a81164	17	74711717	83091923	4179	-0.3747
73e72d55-f8ea-4f06-b439-62a6d5a81164	18	48133	53997831	31882	-0.3362
73e72d55-f8ea-4f06-b439-62a6d5a81164	18	53998629	53998782	2	-2.8549
73e72d55-f8ea-4f06-b439-62a6d5a81164	18	54001998	66095064	8396	-0.3366
73e72d55-f8ea-4f06-b439-62a6d5a81164	18	66099904	66100686	3	-2.2325
73e72d55-f8ea-4f06-b439-62a6d5a81164	18	66108359	73647572	5562	-0.3193
73e72d55-f8ea-4f06-b439-62a6d5a81164	18	73648366	79939893	4617	-0.3741
73e72d55-f8ea-4f06-b439-62a6d5a81164	18	79940070	80257174	183	-0.2946
73e72d55-f8ea-4f06-b439-62a6d5a81164	19	90910	6909554	2267	0.5213
73e72d55-f8ea-4f06-b439-62a6d5a81164	19	6912061	6993022	55	0.8049
73e72d55-f8ea-4f06-b439-62a6d5a81164	19	6996339	15670547	4260	0.5035
73e72d55-f8ea-4f06-b439-62a6d5a81164	19	15670671	15792980	117	0.6653
73e72d55-f8ea-4f06-b439-62a6d5a81164	19	15793945	15820662	19	0.2686
73e72d55-f8ea-4f06-b439-62a6d5a81164	19	15823789	16033134	143	0.6423
73e72d55-f8ea-4f06-b439-62a6d5a81164	19	16038223	17462767	700	0.502
73e72d55-f8ea-4f06-b439-62a6d5a81164	19	17464977	17475278	4	-0.3996
73e72d55-f8ea-4f06-b439-62a6d5a81164	19	17482021	19905781	1038	0.5072
73e72d55-f8ea-4f06-b439-62a6d5a81164	19	19908052	21041272	661	0.615
73e72d55-f8ea-4f06-b439-62a6d5a81164	19	21041801	27786591	1980	0.5247
73e72d55-f8ea-4f06-b439-62a6d5a81164	19	27787381	30793899	2309	0.5903
73e72d55-f8ea-4f06-b439-62a6d5a81164	19	30797211	30797633	2	-1.5588
73e72d55-f8ea-4f06-b439-62a6d5a81164	19	30799692	32256826	1141	0.5972
73e72d55-f8ea-4f06-b439-62a6d5a81164	19	32260951	35358420	1996	0.533
73e72d55-f8ea-4f06-b439-62a6d5a81164	19	35364451	35370268	17	-0.1321
73e72d55-f8ea-4f06-b439-62a6d5a81164	19	35370747	36072847	348	0.5065
73e72d55-f8ea-4f06-b439-62a6d5a81164	19	36073856	36077192	2	2.2047
73e72d55-f8ea-4f06-b439-62a6d5a81164	19	36077896	58586487	12035	0.5347
73e72d55-f8ea-4f06-b439-62a6d5a81164	20	80664	1579412	1193	0.2669
73e72d55-f8ea-4f06-b439-62a6d5a81164	20	1579606	1580353	9	0.8518
73e72d55-f8ea-4f06-b439-62a6d5a81164	20	1580934	1613203	40	2.1635
73e72d55-f8ea-4f06-b439-62a6d5a81164	20	1613247	1842940	204	0.3027
73e72d55-f8ea-4f06-b439-62a6d5a81164	20	1843535	2923375	877	0.2237
73e72d55-f8ea-4f06-b439-62a6d5a81164	20	2929345	3356719	233	0.1132
73e72d55-f8ea-4f06-b439-62a6d5a81164	20	3359932	5227905	1320	0.2325
73e72d55-f8ea-4f06-b439-62a6d5a81164	20	5228571	15320728	7742	0.2835
73e72d55-f8ea-4f06-b439-62a6d5a81164	20	15321256	15321728	3	-1.7597
73e72d55-f8ea-4f06-b439-62a6d5a81164	20	15324612	26184943	8317	0.263
73e72d55-f8ea-4f06-b439-62a6d5a81164	20	26186893	37573665	3223	0.186
73e72d55-f8ea-4f06-b439-62a6d5a81164	20	37574878	39088907	996	0.2403
73e72d55-f8ea-4f06-b439-62a6d5a81164	20	39090293	43238672	3180	0.2864
73e72d55-f8ea-4f06-b439-62a6d5a81164	20	43242403	48852277	3897	0.242
73e72d55-f8ea-4f06-b439-62a6d5a81164	20	48853760	49316942	279	0.1471
73e72d55-f8ea-4f06-b439-62a6d5a81164	20	49317168	50415335	629	0.2361
73e72d55-f8ea-4f06-b439-62a6d5a81164	20	50416582	51038035	477	0.1704
73e72d55-f8ea-4f06-b439-62a6d5a81164	20	51045048	51706078	510	0.2845
73e72d55-f8ea-4f06-b439-62a6d5a81164	20	51706309	52438254	499	0.201
73e72d55-f8ea-4f06-b439-62a6d5a81164	20	52438284	53513902	854	0.2811
73e72d55-f8ea-4f06-b439-62a6d5a81164	20	53520661	53751668	163	0.123
73e72d55-f8ea-4f06-b439-62a6d5a81164	20	53753069	64324800	7699	0.2629
73e72d55-f8ea-4f06-b439-62a6d5a81164	21	10354168	10568903	54	-0.035
73e72d55-f8ea-4f06-b439-62a6d5a81164	21	10569525	13583316	215	0.3945
73e72d55-f8ea-4f06-b439-62a6d5a81164	21	13612103	13677975	4	-0.8267
73e72d55-f8ea-4f06-b439-62a6d5a81164	21	13803967	17287865	2276	0.4803
73e72d55-f8ea-4f06-b439-62a6d5a81164	21	17288637	17725571	307	0.3491
73e72d55-f8ea-4f06-b439-62a6d5a81164	21	17726808	22644664	3705	0.4673
73e72d55-f8ea-4f06-b439-62a6d5a81164	21	22648816	22671756	21	-1.0893
73e72d55-f8ea-4f06-b439-62a6d5a81164	21	22673071	22699761	17	0.4344
73e72d55-f8ea-4f06-b439-62a6d5a81164	21	22701640	22703514	2	-1.7171
73e72d55-f8ea-4f06-b439-62a6d5a81164	21	22704341	46677045	17234	0.4491
73e72d55-f8ea-4f06-b439-62a6d5a81164	22	15294547	22027139	2973	-0.3368
73e72d55-f8ea-4f06-b439-62a6d5a81164	22	22027154	22196582	304	-0.1685
73e72d55-f8ea-4f06-b439-62a6d5a81164	22	22196773	38894915	11895	-0.3459
73e72d55-f8ea-4f06-b439-62a6d5a81164	22	38899250	38900899	3	-3.2636
73e72d55-f8ea-4f06-b439-62a6d5a81164	22	38903109	50796027	8059	-0.3577
73e72d55-f8ea-4f06-b439-62a6d5a81164	X	251810	5276637	1881	-0.005
73e72d55-f8ea-4f06-b439-62a6d5a81164	X	5277281	10539128	4062	-0.0465
73e72d55-f8ea-4f06-b439-62a6d5a81164	X	10542366	83009777	36433	0.0089
73e72d55-f8ea-4f06-b439-62a6d5a81164	X	83009813	83010450	2	-3.4143
73e72d55-f8ea-4f06-b439-62a6d5a81164	X	83012230	155952689	40842	0.0003
73e72d55-f8ea-4f06-b439-62a6d5a81164	Y	2782397	56872112	6635	-2.3975
