GDC_Aliquot	Chromosome	Start	End	Num_Probes	Segment_Mean
ea969c54-cb09-464a-8841-3a4bf31ec61b	1	62920	2066166	347	-0.2253
ea969c54-cb09-464a-8841-3a4bf31ec61b	1	2083241	3319477	402	-0.3851
ea969c54-cb09-464a-8841-3a4bf31ec61b	1	3320610	16504088	7811	-0.1952
ea969c54-cb09-464a-8841-3a4bf31ec61b	1	16504325	16679239	36	-0.8033
ea969c54-cb09-464a-8841-3a4bf31ec61b	1	16679281	33294596	9218	-0.1963
ea969c54-cb09-464a-8841-3a4bf31ec61b	1	33297857	62131671	17681	-0.1558
ea969c54-cb09-464a-8841-3a4bf31ec61b	1	62133118	62298991	128	-0.2232
ea969c54-cb09-464a-8841-3a4bf31ec61b	1	62299377	62300221	5	-1.9969
ea969c54-cb09-464a-8841-3a4bf31ec61b	1	62300329	62302296	2	-7.3808
ea969c54-cb09-464a-8841-3a4bf31ec61b	1	62306529	72303233	6709	-0.1338
ea969c54-cb09-464a-8841-3a4bf31ec61b	1	72303253	72345465	45	-1.1523
ea969c54-cb09-464a-8841-3a4bf31ec61b	1	72346221	105079911	20541	-0.1323
ea969c54-cb09-464a-8841-3a4bf31ec61b	1	105080318	105080931	2	2.7209
ea969c54-cb09-464a-8841-3a4bf31ec61b	1	105084196	105478597	222	-0.164
ea969c54-cb09-464a-8841-3a4bf31ec61b	1	105478759	105479753	10	-2.0384
ea969c54-cb09-464a-8841-3a4bf31ec61b	1	105481433	109690949	2617	-0.1512
ea969c54-cb09-464a-8841-3a4bf31ec61b	1	109691609	109691788	2	2.0466
ea969c54-cb09-464a-8841-3a4bf31ec61b	1	109691933	112147704	1929	-0.1297
ea969c54-cb09-464a-8841-3a4bf31ec61b	1	112153343	112154552	19	-1.1124
ea969c54-cb09-464a-8841-3a4bf31ec61b	1	112154566	152583291	7529	-0.153
ea969c54-cb09-464a-8841-3a4bf31ec61b	1	152583319	152618018	34	-0.9702
ea969c54-cb09-464a-8841-3a4bf31ec61b	1	152618089	152789918	171	-0.158
ea969c54-cb09-464a-8841-3a4bf31ec61b	1	152789962	152796094	28	0.6215
ea969c54-cb09-464a-8841-3a4bf31ec61b	1	152796224	153616299	576	-0.1428
ea969c54-cb09-464a-8841-3a4bf31ec61b	1	153622728	157011996	1570	-0.2045
ea969c54-cb09-464a-8841-3a4bf31ec61b	1	157014247	169247699	9011	-0.139
ea969c54-cb09-464a-8841-3a4bf31ec61b	1	169264736	169272528	6	-1.9743
ea969c54-cb09-464a-8841-3a4bf31ec61b	1	169273163	174828195	3489	-0.1444
ea969c54-cb09-464a-8841-3a4bf31ec61b	1	174828247	174828310	2	2.6644
ea969c54-cb09-464a-8841-3a4bf31ec61b	1	174828367	193186662	12135	-0.1343
ea969c54-cb09-464a-8841-3a4bf31ec61b	1	193187149	193187218	4	2.0554
ea969c54-cb09-464a-8841-3a4bf31ec61b	1	193190593	196740630	2369	-0.1229
ea969c54-cb09-464a-8841-3a4bf31ec61b	1	196741937	196820098	48	0.6679
ea969c54-cb09-464a-8841-3a4bf31ec61b	1	196820637	199138574	1372	-0.1085
ea969c54-cb09-464a-8841-3a4bf31ec61b	1	199142235	199144712	9	-1.4883
ea969c54-cb09-464a-8841-3a4bf31ec61b	1	199145110	234521174	23983	-0.1536
ea969c54-cb09-464a-8841-3a4bf31ec61b	1	234521843	234527144	5	-2.3997
ea969c54-cb09-464a-8841-3a4bf31ec61b	1	234527339	243143622	6378	-0.1618
ea969c54-cb09-464a-8841-3a4bf31ec61b	1	243144364	243189078	15	0.9039
ea969c54-cb09-464a-8841-3a4bf31ec61b	1	243190549	247775109	3038	-0.1544
ea969c54-cb09-464a-8841-3a4bf31ec61b	1	247775446	247775555	2	2.677
ea969c54-cb09-464a-8841-3a4bf31ec61b	1	247775696	248930189	621	-0.1161
ea969c54-cb09-464a-8841-3a4bf31ec61b	2	12784	4025213	2839	-0.203
ea969c54-cb09-464a-8841-3a4bf31ec61b	2	4025233	4582535	484	-0.4937
ea969c54-cb09-464a-8841-3a4bf31ec61b	2	4582604	185980717	110444	-0.1342
ea969c54-cb09-464a-8841-3a4bf31ec61b	2	185983055	186083167	68	-2.4567
ea969c54-cb09-464a-8841-3a4bf31ec61b	2	186088199	208189585	12704	-0.1133
ea969c54-cb09-464a-8841-3a4bf31ec61b	2	208190524	208193673	2	2.3718
ea969c54-cb09-464a-8841-3a4bf31ec61b	2	208195839	211828665	2269	-0.1069
ea969c54-cb09-464a-8841-3a4bf31ec61b	2	211829052	211835355	3	-1.6022
ea969c54-cb09-464a-8841-3a4bf31ec61b	2	211835446	212520793	493	-0.0914
ea969c54-cb09-464a-8841-3a4bf31ec61b	2	212520898	212521351	2	-2.7131
ea969c54-cb09-464a-8841-3a4bf31ec61b	2	212522839	228394089	10268	-0.1327
ea969c54-cb09-464a-8841-3a4bf31ec61b	2	228397576	228399698	2	2.2894
ea969c54-cb09-464a-8841-3a4bf31ec61b	2	228401658	229597559	819	-0.1224
ea969c54-cb09-464a-8841-3a4bf31ec61b	2	229598678	241841244	7446	-0.1657
ea969c54-cb09-464a-8841-3a4bf31ec61b	2	241973315	242090171	101	-0.4989
ea969c54-cb09-464a-8841-3a4bf31ec61b	2	242090275	242147305	27	0.0036
ea969c54-cb09-464a-8841-3a4bf31ec61b	3	20930	182919	151	-0.1475
ea969c54-cb09-464a-8841-3a4bf31ec61b	3	188339	191117	4	-3.1759
ea969c54-cb09-464a-8841-3a4bf31ec61b	3	193194	39972899	28490	-0.1555
ea969c54-cb09-464a-8841-3a4bf31ec61b	3	39977375	39996181	8	-1.6373
ea969c54-cb09-464a-8841-3a4bf31ec61b	3	40000318	60858970	12501	-0.1667
ea969c54-cb09-464a-8841-3a4bf31ec61b	3	60863732	60864509	2	2.7878
ea969c54-cb09-464a-8841-3a4bf31ec61b	3	60864804	65203560	3672	-0.1572
ea969c54-cb09-464a-8841-3a4bf31ec61b	3	65203644	65214027	30	-1.3272
ea969c54-cb09-464a-8841-3a4bf31ec61b	3	65214192	65221269	12	-0.1283
ea969c54-cb09-464a-8841-3a4bf31ec61b	3	65221656	65224777	9	-1.8712
ea969c54-cb09-464a-8841-3a4bf31ec61b	3	65230674	68676600	2391	-0.1599
ea969c54-cb09-464a-8841-3a4bf31ec61b	3	68682877	68698262	16	-0.8994
ea969c54-cb09-464a-8841-3a4bf31ec61b	3	68699607	75632059	4916	-0.1468
ea969c54-cb09-464a-8841-3a4bf31ec61b	3	75633167	75718930	19	-0.7759
ea969c54-cb09-464a-8841-3a4bf31ec61b	3	75720122	82807604	4032	-0.1468
ea969c54-cb09-464a-8841-3a4bf31ec61b	3	82808214	82823892	11	-0.9662
ea969c54-cb09-464a-8841-3a4bf31ec61b	3	82831894	83980395	530	-0.137
ea969c54-cb09-464a-8841-3a4bf31ec61b	3	83982441	83982981	3	1.2265
ea969c54-cb09-464a-8841-3a4bf31ec61b	3	83984142	84651166	338	-0.1334
ea969c54-cb09-464a-8841-3a4bf31ec61b	3	84651178	84653262	11	0.7538
ea969c54-cb09-464a-8841-3a4bf31ec61b	3	84653312	89345442	2669	-0.1473
ea969c54-cb09-464a-8841-3a4bf31ec61b	3	89345459	89345473	2	1.9687
ea969c54-cb09-464a-8841-3a4bf31ec61b	3	89345501	95013010	979	-0.1374
ea969c54-cb09-464a-8841-3a4bf31ec61b	3	95017616	95024808	3	-1.6575
ea969c54-cb09-464a-8841-3a4bf31ec61b	3	95025393	95737262	437	-0.1557
ea969c54-cb09-464a-8841-3a4bf31ec61b	3	95748036	95749266	2	-3.0675
ea969c54-cb09-464a-8841-3a4bf31ec61b	3	95749836	128661409	19763	-0.145
ea969c54-cb09-464a-8841-3a4bf31ec61b	3	128662406	128693488	16	0.7327
ea969c54-cb09-464a-8841-3a4bf31ec61b	3	128695318	130044016	616	-0.1693
ea969c54-cb09-464a-8841-3a4bf31ec61b	3	130044855	130079892	32	0.2827
ea969c54-cb09-464a-8841-3a4bf31ec61b	3	130079938	130416162	219	-0.1734
ea969c54-cb09-464a-8841-3a4bf31ec61b	3	130416226	130416240	2	-1.9057
ea969c54-cb09-464a-8841-3a4bf31ec61b	3	130416596	133305620	1874	-0.1436
ea969c54-cb09-464a-8841-3a4bf31ec61b	3	133305636	133306023	8	0.3062
ea969c54-cb09-464a-8841-3a4bf31ec61b	3	133306038	133306053	2	2.6892
ea969c54-cb09-464a-8841-3a4bf31ec61b	3	133306168	161797809	17296	-0.1462
ea969c54-cb09-464a-8841-3a4bf31ec61b	3	161797839	161797861	2	2.6106
ea969c54-cb09-464a-8841-3a4bf31ec61b	3	161798156	162499233	473	-0.1246
ea969c54-cb09-464a-8841-3a4bf31ec61b	3	162500556	162501061	6	1.1787
ea969c54-cb09-464a-8841-3a4bf31ec61b	3	162501081	162807070	202	-0.0516
ea969c54-cb09-464a-8841-3a4bf31ec61b	3	162810842	162908784	59	0.5477
ea969c54-cb09-464a-8841-3a4bf31ec61b	3	162908815	183762175	12544	-0.1472
ea969c54-cb09-464a-8841-3a4bf31ec61b	3	183762407	184119349	185	-0.415
ea969c54-cb09-464a-8841-3a4bf31ec61b	3	184119967	193156958	6249	-0.1522
ea969c54-cb09-464a-8841-3a4bf31ec61b	3	193160113	193165114	20	1.2909
ea969c54-cb09-464a-8841-3a4bf31ec61b	3	193168646	194822241	1080	-0.1738
ea969c54-cb09-464a-8841-3a4bf31ec61b	3	194824329	194825415	4	-2.6906
ea969c54-cb09-464a-8841-3a4bf31ec61b	3	194830213	196935283	964	-0.2131
ea969c54-cb09-464a-8841-3a4bf31ec61b	3	196935404	197025852	50	-0.7344
ea969c54-cb09-464a-8841-3a4bf31ec61b	3	197039901	198169247	572	-0.182
ea969c54-cb09-464a-8841-3a4bf31ec61b	4	68929	4967053	2240	-0.2466
ea969c54-cb09-464a-8841-3a4bf31ec61b	4	4968018	5438466	386	-3.3384
ea969c54-cb09-464a-8841-3a4bf31ec61b	4	5445750	10208766	2996	-0.2128
ea969c54-cb09-464a-8841-3a4bf31ec61b	4	10221792	10232642	30	0.8566
ea969c54-cb09-464a-8841-3a4bf31ec61b	4	10232984	10390730	173	-0.1085
ea969c54-cb09-464a-8841-3a4bf31ec61b	4	10391530	10399044	15	-1.2191
ea969c54-cb09-464a-8841-3a4bf31ec61b	4	10401094	34764149	16608	-0.1455
ea969c54-cb09-464a-8841-3a4bf31ec61b	4	34768684	34828327	51	0.7036
ea969c54-cb09-464a-8841-3a4bf31ec61b	4	34828382	45003835	6573	-0.1521
ea969c54-cb09-464a-8841-3a4bf31ec61b	4	45004175	45004318	3	-2.6925
ea969c54-cb09-464a-8841-3a4bf31ec61b	4	45008952	48250059	1919	-0.1403
ea969c54-cb09-464a-8841-3a4bf31ec61b	4	48250073	48257808	15	0.5964
ea969c54-cb09-464a-8841-3a4bf31ec61b	4	48257908	63831751	7890	-0.1479
ea969c54-cb09-464a-8841-3a4bf31ec61b	4	63831799	63841863	20	0.5524
ea969c54-cb09-464a-8841-3a4bf31ec61b	4	63841887	68418873	2832	-0.1504
ea969c54-cb09-464a-8841-3a4bf31ec61b	4	68422420	68429081	4	1.0795
ea969c54-cb09-464a-8841-3a4bf31ec61b	4	68439221	68509442	14	-0.3062
ea969c54-cb09-464a-8841-3a4bf31ec61b	4	68509630	68620122	60	-0.7762
ea969c54-cb09-464a-8841-3a4bf31ec61b	4	68620261	69331593	352	-0.1989
ea969c54-cb09-464a-8841-3a4bf31ec61b	4	69332008	69405833	38	0.3052
ea969c54-cb09-464a-8841-3a4bf31ec61b	4	69412731	78379072	5652	-0.1372
ea969c54-cb09-464a-8841-3a4bf31ec61b	4	78381112	78393482	10	-0.89
ea969c54-cb09-464a-8841-3a4bf31ec61b	4	78404496	86054941	4646	-0.1398
ea969c54-cb09-464a-8841-3a4bf31ec61b	4	86055238	86058548	16	-1.2661
ea969c54-cb09-464a-8841-3a4bf31ec61b	4	86058611	103294549	10095	-0.1363
ea969c54-cb09-464a-8841-3a4bf31ec61b	4	103296943	103296945	3	2.7354
ea969c54-cb09-464a-8841-3a4bf31ec61b	4	103298947	103824414	363	-0.1475
ea969c54-cb09-464a-8841-3a4bf31ec61b	4	103830473	103830480	5	2.22
ea969c54-cb09-464a-8841-3a4bf31ec61b	4	103830487	172067997	40945	-0.1366
ea969c54-cb09-464a-8841-3a4bf31ec61b	4	172068015	172079670	15	0.7581
ea969c54-cb09-464a-8841-3a4bf31ec61b	4	172080680	182380940	6841	-0.1412
ea969c54-cb09-464a-8841-3a4bf31ec61b	4	182381114	190106768	5105	-0.2029
ea969c54-cb09-464a-8841-3a4bf31ec61b	5	15532	742574	323	0.3326
ea969c54-cb09-464a-8841-3a4bf31ec61b	5	760901	825192	27	-0.9337
ea969c54-cb09-464a-8841-3a4bf31ec61b	5	825538	1979658	640	0.3364
ea969c54-cb09-464a-8841-3a4bf31ec61b	5	1984180	10528810	7469	0.518
ea969c54-cb09-464a-8841-3a4bf31ec61b	5	10531508	10531645	2	-1.3037
ea969c54-cb09-464a-8841-3a4bf31ec61b	5	10531886	12785150	1640	0.5201
ea969c54-cb09-464a-8841-3a4bf31ec61b	5	12790757	12815668	5	1.8264
ea969c54-cb09-464a-8841-3a4bf31ec61b	5	12815753	13042994	81	0.4905
ea969c54-cb09-464a-8841-3a4bf31ec61b	5	13043119	13081507	4	1.8767
ea969c54-cb09-464a-8841-3a4bf31ec61b	5	13087694	15718383	1888	0.5121
ea969c54-cb09-464a-8841-3a4bf31ec61b	5	15719113	15720488	11	-0.3235
ea969c54-cb09-464a-8841-3a4bf31ec61b	5	15723237	21376735	3447	0.5151
ea969c54-cb09-464a-8841-3a4bf31ec61b	5	21377730	21377744	2	-1.9661
ea969c54-cb09-464a-8841-3a4bf31ec61b	5	21385957	34169576	7904	0.5163
ea969c54-cb09-464a-8841-3a4bf31ec61b	5	34169914	34752592	327	0.3768
ea969c54-cb09-464a-8841-3a4bf31ec61b	5	34753235	46251204	6670	0.5228
ea969c54-cb09-464a-8841-3a4bf31ec61b	5	46270906	46273400	8	-1.3442
ea969c54-cb09-464a-8841-3a4bf31ec61b	5	46278110	138469431	53589	0.53
ea969c54-cb09-464a-8841-3a4bf31ec61b	5	138472272	138481268	20	-0.4059
ea969c54-cb09-464a-8841-3a4bf31ec61b	5	138482888	176154646	25196	0.5167
ea969c54-cb09-464a-8841-3a4bf31ec61b	5	176154845	176603975	201	0.4378
ea969c54-cb09-464a-8841-3a4bf31ec61b	5	176605397	176823067	125	0.2492
ea969c54-cb09-464a-8841-3a4bf31ec61b	5	176823835	179629594	1405	0.4613
ea969c54-cb09-464a-8841-3a4bf31ec61b	5	179631680	179678327	36	0.0236
ea969c54-cb09-464a-8841-3a4bf31ec61b	5	179681196	181363319	901	0.4324
ea969c54-cb09-464a-8841-3a4bf31ec61b	6	149661	6025978	4801	-0.1951
ea969c54-cb09-464a-8841-3a4bf31ec61b	6	6033698	6034203	3	-2.3348
ea969c54-cb09-464a-8841-3a4bf31ec61b	6	6036812	15490320	7143	-0.1659
ea969c54-cb09-464a-8841-3a4bf31ec61b	6	15491572	15533836	40	-0.5253
ea969c54-cb09-464a-8841-3a4bf31ec61b	6	15534039	19039888	2635	-0.1597
ea969c54-cb09-464a-8841-3a4bf31ec61b	6	19041950	19042587	3	-2.637
ea969c54-cb09-464a-8841-3a4bf31ec61b	6	19044471	29869411	6804	-0.1598
ea969c54-cb09-464a-8841-3a4bf31ec61b	6	29869537	29881490	14	-0.9756
ea969c54-cb09-464a-8841-3a4bf31ec61b	6	29882419	31313046	648	-0.1862
ea969c54-cb09-464a-8841-3a4bf31ec61b	6	31318499	31349920	13	0.9107
ea969c54-cb09-464a-8841-3a4bf31ec61b	6	31350387	32105973	289	-0.2574
ea969c54-cb09-464a-8841-3a4bf31ec61b	6	32106004	32106085	3	2.5509
ea969c54-cb09-464a-8841-3a4bf31ec61b	6	32106182	32463515	190	-0.1791
ea969c54-cb09-464a-8841-3a4bf31ec61b	6	32463775	32606604	39	1.5827
ea969c54-cb09-464a-8841-3a4bf31ec61b	6	32610305	32614112	6	-0.7423
ea969c54-cb09-464a-8841-3a4bf31ec61b	6	32614426	32658841	21	0.5019
ea969c54-cb09-464a-8841-3a4bf31ec61b	6	32682835	34170525	917	-0.1862
ea969c54-cb09-464a-8841-3a4bf31ec61b	6	34174729	34174978	2	-2.9325
ea969c54-cb09-464a-8841-3a4bf31ec61b	6	34176296	73882142	22928	-0.1598
ea969c54-cb09-464a-8841-3a4bf31ec61b	6	73882509	73887625	9	-1.7733
ea969c54-cb09-464a-8841-3a4bf31ec61b	6	73891694	76730151	1760	-0.138
ea969c54-cb09-464a-8841-3a4bf31ec61b	6	76730331	76742956	17	-1.0621
ea969c54-cb09-464a-8841-3a4bf31ec61b	6	76742972	78253172	971	-0.1517
ea969c54-cb09-464a-8841-3a4bf31ec61b	6	78259348	78318053	104	0.3185
ea969c54-cb09-464a-8841-3a4bf31ec61b	6	78322600	78796081	312	-0.1277
ea969c54-cb09-464a-8841-3a4bf31ec61b	6	78801730	78801926	2	2.0955
ea969c54-cb09-464a-8841-3a4bf31ec61b	6	78808773	103286954	15016	-0.1469
ea969c54-cb09-464a-8841-3a4bf31ec61b	6	103290101	103314174	45	0.8186
ea969c54-cb09-464a-8841-3a4bf31ec61b	6	103314186	167166538	41594	-0.1498
ea969c54-cb09-464a-8841-3a4bf31ec61b	6	167179041	170280901	1878	-0.2921
ea969c54-cb09-464a-8841-3a4bf31ec61b	6	170281015	170741917	209	-0.1589
ea969c54-cb09-464a-8841-3a4bf31ec61b	7	43355	4117015	2068	0.4376
ea969c54-cb09-464a-8841-3a4bf31ec61b	7	4118722	4118921	2	-2.9423
ea969c54-cb09-464a-8841-3a4bf31ec61b	7	4121739	4326057	160	0.5037
ea969c54-cb09-464a-8841-3a4bf31ec61b	7	4328069	7013091	1231	0.3933
ea969c54-cb09-464a-8841-3a4bf31ec61b	7	7017623	15401131	6844	0.51
ea969c54-cb09-464a-8841-3a4bf31ec61b	7	15401172	15413347	10	1.2725
ea969c54-cb09-464a-8841-3a4bf31ec61b	7	15413794	19158902	3114	0.521
ea969c54-cb09-464a-8841-3a4bf31ec61b	7	19159031	19180879	51	0.8845
ea969c54-cb09-464a-8841-3a4bf31ec61b	7	19181042	55698944	25846	0.5049
ea969c54-cb09-464a-8841-3a4bf31ec61b	7	55702108	65502854	2054	0.4037
ea969c54-cb09-464a-8841-3a4bf31ec61b	7	65539561	65601789	9	-0.5842
ea969c54-cb09-464a-8841-3a4bf31ec61b	7	65602041	66266092	226	0.3946
ea969c54-cb09-464a-8841-3a4bf31ec61b	7	66267073	66269605	2	2.1483
ea969c54-cb09-464a-8841-3a4bf31ec61b	7	66270759	67320042	340	0.4013
ea969c54-cb09-464a-8841-3a4bf31ec61b	7	67321387	67330667	5	1.3218
ea969c54-cb09-464a-8841-3a4bf31ec61b	7	67331066	68538175	816	0.4327
ea969c54-cb09-464a-8841-3a4bf31ec61b	7	68538205	68538290	2	1.6605
ea969c54-cb09-464a-8841-3a4bf31ec61b	7	68538346	69783234	792	0.4233
ea969c54-cb09-464a-8841-3a4bf31ec61b	7	69783512	70832585	645	0.5252
ea969c54-cb09-464a-8841-3a4bf31ec61b	7	70835745	76734732	2256	0.4139
ea969c54-cb09-464a-8841-3a4bf31ec61b	7	76739204	91728554	9655	0.5176
ea969c54-cb09-464a-8841-3a4bf31ec61b	7	91728979	91729718	7	2.0725
ea969c54-cb09-464a-8841-3a4bf31ec61b	7	91730021	97863390	3803	0.5134
ea969c54-cb09-464a-8841-3a4bf31ec61b	7	97866330	102807005	2007	0.4137
ea969c54-cb09-464a-8841-3a4bf31ec61b	7	102807165	126405502	14472	0.5128
ea969c54-cb09-464a-8841-3a4bf31ec61b	7	126405597	126406546	9	-0.662
ea969c54-cb09-464a-8841-3a4bf31ec61b	7	126406561	134100424	4666	0.4877
ea969c54-cb09-464a-8841-3a4bf31ec61b	7	134100442	134105690	24	1.0495
ea969c54-cb09-464a-8841-3a4bf31ec61b	7	134110881	157854182	15076	0.4945
ea969c54-cb09-464a-8841-3a4bf31ec61b	7	157861272	159334314	913	0.375
ea969c54-cb09-464a-8841-3a4bf31ec61b	8	81254	9454621	8886	-0.2169
ea969c54-cb09-464a-8841-3a4bf31ec61b	8	9455371	9458297	8	-2.9529
ea969c54-cb09-464a-8841-3a4bf31ec61b	8	9460805	10372534	697	-0.1858
ea969c54-cb09-464a-8841-3a4bf31ec61b	8	10373546	10406197	31	-0.7705
ea969c54-cb09-464a-8841-3a4bf31ec61b	8	10409462	11918551	1181	-0.2411
ea969c54-cb09-464a-8841-3a4bf31ec61b	8	11925498	11925527	2	-2.8382
ea969c54-cb09-464a-8841-3a4bf31ec61b	8	11928746	12787348	210	-0.1816
ea969c54-cb09-464a-8841-3a4bf31ec61b	8	12788880	12795017	5	-1.9177
ea969c54-cb09-464a-8841-3a4bf31ec61b	8	12796024	39389156	19117	-0.1728
ea969c54-cb09-464a-8841-3a4bf31ec61b	8	39389592	39529446	56	-1.7181
ea969c54-cb09-464a-8841-3a4bf31ec61b	8	39530780	43411404	2457	-0.1794
ea969c54-cb09-464a-8841-3a4bf31ec61b	8	43412097	43418580	3	1.447
ea969c54-cb09-464a-8841-3a4bf31ec61b	8	43429360	46225073	180	-0.2082
ea969c54-cb09-464a-8841-3a4bf31ec61b	8	46226889	46272598	15	-0.9234
ea969c54-cb09-464a-8841-3a4bf31ec61b	8	46277524	57430775	6613	-0.1671
ea969c54-cb09-464a-8841-3a4bf31ec61b	8	57431473	57431882	2	1.8376
ea969c54-cb09-464a-8841-3a4bf31ec61b	8	57434031	63936340	4273	-0.1392
ea969c54-cb09-464a-8841-3a4bf31ec61b	8	63936355	63936451	3	3.47
ea969c54-cb09-464a-8841-3a4bf31ec61b	8	63936514	71300130	4203	-0.1513
ea969c54-cb09-464a-8841-3a4bf31ec61b	8	71303076	71304364	8	-1.382
ea969c54-cb09-464a-8841-3a4bf31ec61b	8	71307628	108817853	22510	-0.1448
ea969c54-cb09-464a-8841-3a4bf31ec61b	8	108818968	108829839	5	1.2564
ea969c54-cb09-464a-8841-3a4bf31ec61b	8	108831900	139656234	21462	-0.1466
ea969c54-cb09-464a-8841-3a4bf31ec61b	8	139656317	139657724	2	-3.4651
ea969c54-cb09-464a-8841-3a4bf31ec61b	8	139658470	141053414	836	-0.1863
ea969c54-cb09-464a-8841-3a4bf31ec61b	8	141056561	142409225	778	-0.447
ea969c54-cb09-464a-8841-3a4bf31ec61b	8	142409456	145072769	942	-0.2594
ea969c54-cb09-464a-8841-3a4bf31ec61b	9	46587	2148837	2288	-0.1642
ea969c54-cb09-464a-8841-3a4bf31ec61b	9	2148966	2150606	4	-5.1773
ea969c54-cb09-464a-8841-3a4bf31ec61b	9	2150662	11695067	8603	-0.1408
ea969c54-cb09-464a-8841-3a4bf31ec61b	9	11695108	11695757	2	2.7141
ea969c54-cb09-464a-8841-3a4bf31ec61b	9	11695785	23361807	9284	-0.1423
ea969c54-cb09-464a-8841-3a4bf31ec61b	9	23363117	23372401	7	-2.0884
ea969c54-cb09-464a-8841-3a4bf31ec61b	9	23373486	28303008	3728	-0.1354
ea969c54-cb09-464a-8841-3a4bf31ec61b	9	28303019	28312063	8	1.2233
ea969c54-cb09-464a-8841-3a4bf31ec61b	9	28316541	29088731	545	-0.1325
ea969c54-cb09-464a-8841-3a4bf31ec61b	9	29089612	29097682	6	1.2702
ea969c54-cb09-464a-8841-3a4bf31ec61b	9	29101434	39140318	6302	-0.161
ea969c54-cb09-464a-8841-3a4bf31ec61b	9	39140350	39337296	10	0.7335
ea969c54-cb09-464a-8841-3a4bf31ec61b	9	39342578	39484471	21	-0.2067
ea969c54-cb09-464a-8841-3a4bf31ec61b	9	39487653	60894341	196	-0.4381
ea969c54-cb09-464a-8841-3a4bf31ec61b	9	60898630	88256306	14488	-0.1577
ea969c54-cb09-464a-8841-3a4bf31ec61b	9	88260383	88260444	2	-2.8905
ea969c54-cb09-464a-8841-3a4bf31ec61b	9	88260488	91639924	2451	-0.1509
ea969c54-cb09-464a-8841-3a4bf31ec61b	9	91639986	91641263	16	-1.3707
ea969c54-cb09-464a-8841-3a4bf31ec61b	9	91641428	102079761	6615	-0.1551
ea969c54-cb09-464a-8841-3a4bf31ec61b	9	102079835	102189193	106	0.1499
ea969c54-cb09-464a-8841-3a4bf31ec61b	9	102189523	116094241	10368	-0.1534
ea969c54-cb09-464a-8841-3a4bf31ec61b	9	116094488	116097104	3	2.2476
ea969c54-cb09-464a-8841-3a4bf31ec61b	9	116098328	123997457	5818	-0.1544
ea969c54-cb09-464a-8841-3a4bf31ec61b	9	124000849	138200944	7724	-0.2075
ea969c54-cb09-464a-8841-3a4bf31ec61b	10	45792	2910645	2288	-0.2034
ea969c54-cb09-464a-8841-3a4bf31ec61b	10	2910855	2915989	2	2.4771
ea969c54-cb09-464a-8841-3a4bf31ec61b	10	2917539	3144751	251	-0.3373
ea969c54-cb09-464a-8841-3a4bf31ec61b	10	3146031	9575052	5590	-0.1679
ea969c54-cb09-464a-8841-3a4bf31ec61b	10	9578133	9578580	3	2.1691
ea969c54-cb09-464a-8841-3a4bf31ec61b	10	9579283	20551945	8657	-0.1729
ea969c54-cb09-464a-8841-3a4bf31ec61b	10	20561183	20561184	2	2.5267
ea969c54-cb09-464a-8841-3a4bf31ec61b	10	20564272	26934974	4148	-0.1547
ea969c54-cb09-464a-8841-3a4bf31ec61b	10	26936975	26939523	12	-3.7283
ea969c54-cb09-464a-8841-3a4bf31ec61b	10	26939544	35438434	5888	-0.1744
ea969c54-cb09-464a-8841-3a4bf31ec61b	10	35442627	35447387	4	-1.6989
ea969c54-cb09-464a-8841-3a4bf31ec61b	10	35448016	45235197	4015	-0.182
ea969c54-cb09-464a-8841-3a4bf31ec61b	10	45235853	45236496	3	-1.9262
ea969c54-cb09-464a-8841-3a4bf31ec61b	10	45238112	45574604	179	-0.1426
ea969c54-cb09-464a-8841-3a4bf31ec61b	10	45577424	45580787	5	-2.4777
ea969c54-cb09-464a-8841-3a4bf31ec61b	10	45584888	46522514	290	-0.2638
ea969c54-cb09-464a-8841-3a4bf31ec61b	10	46522571	46526086	12	1.8173
ea969c54-cb09-464a-8841-3a4bf31ec61b	10	46526248	47076636	58	-0.3994
ea969c54-cb09-464a-8841-3a4bf31ec61b	10	47076655	65546321	12525	-0.1432
ea969c54-cb09-464a-8841-3a4bf31ec61b	10	65546400	65554688	30	0.6061
ea969c54-cb09-464a-8841-3a4bf31ec61b	10	65563037	130374769	43687	-0.1635
ea969c54-cb09-464a-8841-3a4bf31ec61b	10	130375332	133654968	2048	-0.2752
ea969c54-cb09-464a-8841-3a4bf31ec61b	11	198510	4949137	2390	-0.1944
ea969c54-cb09-464a-8841-3a4bf31ec61b	11	4950775	4955042	23	-1.7221
ea969c54-cb09-464a-8841-3a4bf31ec61b	11	4955781	18919323	10094	-0.1593
ea969c54-cb09-464a-8841-3a4bf31ec61b	11	18927525	18939631	34	-1.7319
ea969c54-cb09-464a-8841-3a4bf31ec61b	11	18939734	49686823	20799	-0.1548
ea969c54-cb09-464a-8841-3a4bf31ec61b	11	49689309	49736119	16	-1.4382
ea969c54-cb09-464a-8841-3a4bf31ec61b	11	49736215	55553579	693	-0.1833
ea969c54-cb09-464a-8841-3a4bf31ec61b	11	55554347	55572226	12	-1.1766
ea969c54-cb09-464a-8841-3a4bf31ec61b	11	55572353	60718384	3135	-0.1388
ea969c54-cb09-464a-8841-3a4bf31ec61b	11	60722181	78163342	8490	-0.2051
ea969c54-cb09-464a-8841-3a4bf31ec61b	11	78165443	80255788	1566	-0.1461
ea969c54-cb09-464a-8841-3a4bf31ec61b	11	80256138	80256165	2	2.4873
ea969c54-cb09-464a-8841-3a4bf31ec61b	11	80256460	81804285	1300	-0.1501
ea969c54-cb09-464a-8841-3a4bf31ec61b	11	81804654	81806063	3	-2.988
ea969c54-cb09-464a-8841-3a4bf31ec61b	11	81806116	127874094	31814	-0.152
ea969c54-cb09-464a-8841-3a4bf31ec61b	11	127876620	127877234	2	-2.8952
ea969c54-cb09-464a-8841-3a4bf31ec61b	11	127877541	135074876	5487	-0.1699
ea969c54-cb09-464a-8841-3a4bf31ec61b	12	51460	8401807	5555	0.4661
ea969c54-cb09-464a-8841-3a4bf31ec61b	12	8404097	8443757	22	-0.2205
ea969c54-cb09-464a-8841-3a4bf31ec61b	12	8444196	9283548	465	0.5066
ea969c54-cb09-464a-8841-3a4bf31ec61b	12	9290254	9325722	11	-0.201
ea969c54-cb09-464a-8841-3a4bf31ec61b	12	9330221	9426388	55	0.3911
ea969c54-cb09-464a-8841-3a4bf31ec61b	12	9426513	9477960	16	-0.1369
ea969c54-cb09-464a-8841-3a4bf31ec61b	12	9481274	9562969	23	-1.185
ea969c54-cb09-464a-8841-3a4bf31ec61b	12	9575696	48336253	23731	0.5075
ea969c54-cb09-464a-8841-3a4bf31ec61b	12	48336501	58074863	5247	0.4508
ea969c54-cb09-464a-8841-3a4bf31ec61b	12	58074865	58075912	9	1.1688
ea969c54-cb09-464a-8841-3a4bf31ec61b	12	58076138	90089573	20043	0.5098
ea969c54-cb09-464a-8841-3a4bf31ec61b	12	90097892	90098217	5	-1.2799
ea969c54-cb09-464a-8841-3a4bf31ec61b	12	90098282	108294753	12440	0.5024
ea969c54-cb09-464a-8841-3a4bf31ec61b	12	108295500	126640834	11637	0.4592
ea969c54-cb09-464a-8841-3a4bf31ec61b	12	126641198	126645946	2	2.7801
ea969c54-cb09-464a-8841-3a4bf31ec61b	12	126646494	128276772	1426	0.4765
ea969c54-cb09-464a-8841-3a4bf31ec61b	12	128278582	128280022	4	2.3266
ea969c54-cb09-464a-8841-3a4bf31ec61b	12	128280180	133201603	3469	0.441
ea969c54-cb09-464a-8841-3a4bf31ec61b	13	18452809	37496998	13302	-0.1739
ea969c54-cb09-464a-8841-3a4bf31ec61b	13	37497899	37510620	16	-1.1577
ea969c54-cb09-464a-8841-3a4bf31ec61b	13	37514193	46557413	6156	-0.1461
ea969c54-cb09-464a-8841-3a4bf31ec61b	13	46558987	46559512	2	-3.718
ea969c54-cb09-464a-8841-3a4bf31ec61b	13	46559932	57176962	6236	-0.1397
ea969c54-cb09-464a-8841-3a4bf31ec61b	13	57184136	57204246	34	-1.0606
ea969c54-cb09-464a-8841-3a4bf31ec61b	13	57215580	91442720	21404	-0.1333
ea969c54-cb09-464a-8841-3a4bf31ec61b	13	91442770	91445570	2	2.6264
ea969c54-cb09-464a-8841-3a4bf31ec61b	13	91446823	105370372	9913	-0.1491
ea969c54-cb09-464a-8841-3a4bf31ec61b	13	105370636	105374205	2	2.6464
ea969c54-cb09-464a-8841-3a4bf31ec61b	13	105374508	105720747	272	-0.1966
ea969c54-cb09-464a-8841-3a4bf31ec61b	13	105723779	105725845	3	1.9864
ea969c54-cb09-464a-8841-3a4bf31ec61b	13	105727398	113029058	5482	-0.1733
ea969c54-cb09-464a-8841-3a4bf31ec61b	13	113029151	113042513	9	-1.5922
ea969c54-cb09-464a-8841-3a4bf31ec61b	13	113044114	114342922	546	-0.2416
ea969c54-cb09-464a-8841-3a4bf31ec61b	14	18239283	18646056	16	0.6658
ea969c54-cb09-464a-8841-3a4bf31ec61b	14	18656322	21784385	1340	-0.2021
ea969c54-cb09-464a-8841-3a4bf31ec61b	14	21785880	22501272	629	-0.0029
ea969c54-cb09-464a-8841-3a4bf31ec61b	14	22501343	41141293	11611	-0.1477
ea969c54-cb09-464a-8841-3a4bf31ec61b	14	41141487	41184774	11	-1.3411
ea969c54-cb09-464a-8841-3a4bf31ec61b	14	41188046	105912076	40770	-0.1603
ea969c54-cb09-464a-8841-3a4bf31ec61b	14	105935612	105962324	9	1.1039
ea969c54-cb09-464a-8841-3a4bf31ec61b	14	105963902	106294689	113	-0.1053
ea969c54-cb09-464a-8841-3a4bf31ec61b	14	106297265	106297273	3	2.0886
ea969c54-cb09-464a-8841-3a4bf31ec61b	14	106297409	106877229	294	-0.1408
ea969c54-cb09-464a-8841-3a4bf31ec61b	15	19811075	20376200	91	-0.213
ea969c54-cb09-464a-8841-3a4bf31ec61b	15	20376201	22005276	89	0.3011
ea969c54-cb09-464a-8841-3a4bf31ec61b	15	22227530	101928837	50793	-0.1705
ea969c54-cb09-464a-8841-3a4bf31ec61b	16	10777	2676875	900	0.3024
ea969c54-cb09-464a-8841-3a4bf31ec61b	16	2679700	6962471	3409	0.4273
ea969c54-cb09-464a-8841-3a4bf31ec61b	16	6963199	6963567	2	3.1701
ea969c54-cb09-464a-8841-3a4bf31ec61b	16	6965769	14954911	6707	0.4426
ea969c54-cb09-464a-8841-3a4bf31ec61b	16	14954987	15014730	50	-0.1312
ea969c54-cb09-464a-8841-3a4bf31ec61b	16	15022400	21333362	3191	0.4168
ea969c54-cb09-464a-8841-3a4bf31ec61b	16	21333521	21582313	37	-0.1259
ea969c54-cb09-464a-8841-3a4bf31ec61b	16	21584992	22665544	412	0.3254
ea969c54-cb09-464a-8841-3a4bf31ec61b	16	22668748	22701658	21	-0.3164
ea969c54-cb09-464a-8841-3a4bf31ec61b	16	22706267	28164890	3883	0.4434
ea969c54-cb09-464a-8841-3a4bf31ec61b	16	28167116	31518046	1001	0.3526
ea969c54-cb09-464a-8841-3a4bf31ec61b	16	31518466	59406715	9361	0.4507
ea969c54-cb09-464a-8841-3a4bf31ec61b	16	59407000	66261276	4738	0.4939
ea969c54-cb09-464a-8841-3a4bf31ec61b	16	66261357	66598112	188	0.4479
ea969c54-cb09-464a-8841-3a4bf31ec61b	16	66598221	70164493	1568	0.3874
ea969c54-cb09-464a-8841-3a4bf31ec61b	16	70177541	70212022	4	-0.9426
ea969c54-cb09-464a-8841-3a4bf31ec61b	16	70212430	70730498	221	0.3375
ea969c54-cb09-464a-8841-3a4bf31ec61b	16	70731244	78337711	5250	0.4541
ea969c54-cb09-464a-8841-3a4bf31ec61b	16	78338543	78350868	17	-1.5098
ea969c54-cb09-464a-8841-3a4bf31ec61b	16	78351104	84011914	6289	0.4595
ea969c54-cb09-464a-8841-3a4bf31ec61b	16	84012500	84671063	606	0.2883
ea969c54-cb09-464a-8841-3a4bf31ec61b	16	84671639	88598824	2994	0.4453
ea969c54-cb09-464a-8841-3a4bf31ec61b	16	88599287	90096867	635	0.2649
ea969c54-cb09-464a-8841-3a4bf31ec61b	17	150733	1033248	469	-0.3006
ea969c54-cb09-464a-8841-3a4bf31ec61b	17	1033611	1037830	4	-2.5743
ea969c54-cb09-464a-8841-3a4bf31ec61b	17	1047718	9420232	4706	-0.2389
ea969c54-cb09-464a-8841-3a4bf31ec61b	17	9421055	17722187	5719	-0.192
ea969c54-cb09-464a-8841-3a4bf31ec61b	17	17725971	17730618	3	-2.6528
ea969c54-cb09-464a-8841-3a4bf31ec61b	17	17734636	18413879	363	-0.2385
ea969c54-cb09-464a-8841-3a4bf31ec61b	17	18414080	18523147	19	-1.2155
ea969c54-cb09-464a-8841-3a4bf31ec61b	17	18529764	22520641	1384	-0.2087
ea969c54-cb09-464a-8841-3a4bf31ec61b	17	22527685	22530697	3	-2.428
ea969c54-cb09-464a-8841-3a4bf31ec61b	17	22530709	41265456	7922	-0.1911
ea969c54-cb09-464a-8841-3a4bf31ec61b	17	41266762	41276588	26	0.7054
ea969c54-cb09-464a-8841-3a4bf31ec61b	17	41276692	46099684	2481	-0.2253
ea969c54-cb09-464a-8841-3a4bf31ec61b	17	46099741	46286804	115	0.2227
ea969c54-cb09-464a-8841-3a4bf31ec61b	17	46323701	53034620	3658	-0.1747
ea969c54-cb09-464a-8841-3a4bf31ec61b	17	53035026	53035337	3	1.7949
ea969c54-cb09-464a-8841-3a4bf31ec61b	17	53036087	73846381	13020	-0.1795
ea969c54-cb09-464a-8841-3a4bf31ec61b	17	73851784	80655063	3725	-0.2509
ea969c54-cb09-464a-8841-3a4bf31ec61b	17	80655993	80660379	2	2.4607
ea969c54-cb09-464a-8841-3a4bf31ec61b	17	80660500	83091923	931	-0.2656
ea969c54-cb09-464a-8841-3a4bf31ec61b	18	48133	2023812	1421	-0.2014
ea969c54-cb09-464a-8841-3a4bf31ec61b	18	2027952	2028333	2	2.9547
ea969c54-cb09-464a-8841-3a4bf31ec61b	18	2029049	40678132	21126	-0.1562
ea969c54-cb09-464a-8841-3a4bf31ec61b	18	40678205	40678426	5	1.7748
ea969c54-cb09-464a-8841-3a4bf31ec61b	18	40678439	79351540	27200	-0.1546
ea969c54-cb09-464a-8841-3a4bf31ec61b	18	79353956	80010322	279	-0.4395
ea969c54-cb09-464a-8841-3a4bf31ec61b	18	80011347	80257174	149	-0.0667
ea969c54-cb09-464a-8841-3a4bf31ec61b	19	90910	14739275	5905	0.3936
ea969c54-cb09-464a-8841-3a4bf31ec61b	19	14740184	14745551	3	2.1211
ea969c54-cb09-464a-8841-3a4bf31ec61b	19	14745826	14928127	156	0.4085
ea969c54-cb09-464a-8841-3a4bf31ec61b	19	14934380	14938487	3	-1.2704
ea969c54-cb09-464a-8841-3a4bf31ec61b	19	14940475	20440952	2829	0.3984
ea969c54-cb09-464a-8841-3a4bf31ec61b	19	20444417	24268427	2180	0.4504
ea969c54-cb09-464a-8841-3a4bf31ec61b	19	24271979	24273161	2	2.3292
ea969c54-cb09-464a-8841-3a4bf31ec61b	19	24274022	35203668	5423	0.4704
ea969c54-cb09-464a-8841-3a4bf31ec61b	19	35207747	40854465	2904	0.4001
ea969c54-cb09-464a-8841-3a4bf31ec61b	19	40855189	40870114	18	1.148
ea969c54-cb09-464a-8841-3a4bf31ec61b	19	40886250	58586487	9537	0.4123
ea969c54-cb09-464a-8841-3a4bf31ec61b	20	80664	1566116	1157	0.4858
ea969c54-cb09-464a-8841-3a4bf31ec61b	20	1566165	1601561	70	-0.0912
ea969c54-cb09-464a-8841-3a4bf31ec61b	20	1609611	1613247	5	1.8923
ea969c54-cb09-464a-8841-3a4bf31ec61b	20	1617300	23516087	16920	0.498
ea969c54-cb09-464a-8841-3a4bf31ec61b	20	23516237	23517570	2	2.8752
ea969c54-cb09-464a-8841-3a4bf31ec61b	20	23517894	25763585	1530	0.4996
ea969c54-cb09-464a-8841-3a4bf31ec61b	20	25764087	37524958	3290	0.4275
ea969c54-cb09-464a-8841-3a4bf31ec61b	20	37525097	63081638	18616	0.4808
ea969c54-cb09-464a-8841-3a4bf31ec61b	20	63081948	63118889	27	-0.0043
ea969c54-cb09-464a-8841-3a4bf31ec61b	20	63118905	63636974	164	0.4511
ea969c54-cb09-464a-8841-3a4bf31ec61b	20	63639320	64324800	287	0.2645
ea969c54-cb09-464a-8841-3a4bf31ec61b	21	10354168	13224688	119	-0.6024
ea969c54-cb09-464a-8841-3a4bf31ec61b	21	13224711	14040827	216	-0.2257
ea969c54-cb09-464a-8841-3a4bf31ec61b	21	14041307	30166993	11829	-0.1407
ea969c54-cb09-464a-8841-3a4bf31ec61b	21	30167021	36103191	4117	-0.1779
ea969c54-cb09-464a-8841-3a4bf31ec61b	21	36104061	36112582	3	1.8617
ea969c54-cb09-464a-8841-3a4bf31ec61b	21	36112644	36446618	189	-0.3541
ea969c54-cb09-464a-8841-3a4bf31ec61b	21	36446773	39575330	2475	-0.1846
ea969c54-cb09-464a-8841-3a4bf31ec61b	21	39575388	39575425	2	2.2755
ea969c54-cb09-464a-8841-3a4bf31ec61b	21	39575548	45235870	3838	-0.1895
ea969c54-cb09-464a-8841-3a4bf31ec61b	21	45236969	45591428	167	-0.4448
ea969c54-cb09-464a-8841-3a4bf31ec61b	21	45592695	45595598	4	1.7903
ea969c54-cb09-464a-8841-3a4bf31ec61b	21	45596923	46677045	642	-0.2369
ea969c54-cb09-464a-8841-3a4bf31ec61b	22	15294547	18822597	1130	-0.2383
ea969c54-cb09-464a-8841-3a4bf31ec61b	22	18917479	18947964	4	-2.2214
ea969c54-cb09-464a-8841-3a4bf31ec61b	22	18950430	19886907	591	-0.3722
ea969c54-cb09-464a-8841-3a4bf31ec61b	22	19887899	19892415	3	-2.9352
ea969c54-cb09-464a-8841-3a4bf31ec61b	22	19893902	21988657	1177	-0.3589
ea969c54-cb09-464a-8841-3a4bf31ec61b	22	21988797	23981995	1448	-0.2511
ea969c54-cb09-464a-8841-3a4bf31ec61b	22	23988078	23989773	2	-2.9002
ea969c54-cb09-464a-8841-3a4bf31ec61b	22	23990431	49000601	17556	-0.2146
ea969c54-cb09-464a-8841-3a4bf31ec61b	22	49000642	50796027	1119	-0.3792
ea969c54-cb09-464a-8841-3a4bf31ec61b	X	251810	2975163	224	-0.2046
ea969c54-cb09-464a-8841-3a4bf31ec61b	X	2975176	48100754	28573	0.0077
ea969c54-cb09-464a-8841-3a4bf31ec61b	X	48103079	49606559	486	-0.1213
ea969c54-cb09-464a-8841-3a4bf31ec61b	X	49607541	88276844	16127	0.009
ea969c54-cb09-464a-8841-3a4bf31ec61b	X	88277161	88277651	2	-3.3426
ea969c54-cb09-464a-8841-3a4bf31ec61b	X	88282667	152662752	36185	0.0122
ea969c54-cb09-464a-8841-3a4bf31ec61b	X	152669151	154715955	937	-0.1099
ea969c54-cb09-464a-8841-3a4bf31ec61b	X	154716104	155952689	430	0.0714
ea969c54-cb09-464a-8841-3a4bf31ec61b	Y	2782397	3106791	145	-2.5278
ea969c54-cb09-464a-8841-3a4bf31ec61b	Y	3106917	6249869	637	-2.099
ea969c54-cb09-464a-8841-3a4bf31ec61b	Y	6252391	9330531	1440	-2.6849
ea969c54-cb09-464a-8841-3a4bf31ec61b	Y	9332936	9550385	21	-4.8961
ea969c54-cb09-464a-8841-3a4bf31ec61b	Y	9550653	13478396	1015	-2.5529
ea969c54-cb09-464a-8841-3a4bf31ec61b	Y	13478462	13482643	3	-7.4685
ea969c54-cb09-464a-8841-3a4bf31ec61b	Y	13483009	56872112	3368	-2.5618
