GDC_Aliquot	Chromosome	Start	End	Num_Probes	Segment_Mean
86a43a8f-0ebe-4330-8c38-86cebd0a0ca1	1	62920	826738	36	0.3072
86a43a8f-0ebe-4330-8c38-86cebd0a0ca1	1	833413	4831543	1815	-0.0044
86a43a8f-0ebe-4330-8c38-86cebd0a0ca1	1	4834078	4834084	2	-1.6984
86a43a8f-0ebe-4330-8c38-86cebd0a0ca1	1	4834890	7262100	1629	0.0037
86a43a8f-0ebe-4330-8c38-86cebd0a0ca1	1	7264408	7265165	3	-0.9556
86a43a8f-0ebe-4330-8c38-86cebd0a0ca1	1	7265360	15822848	4850	0.0075
86a43a8f-0ebe-4330-8c38-86cebd0a0ca1	1	15823420	15841304	14	0.5305
86a43a8f-0ebe-4330-8c38-86cebd0a0ca1	1	15841360	16863509	352	0.0164
86a43a8f-0ebe-4330-8c38-86cebd0a0ca1	1	16864367	16935752	54	-0.3873
86a43a8f-0ebe-4330-8c38-86cebd0a0ca1	1	16949746	25256850	5256	0.0007
86a43a8f-0ebe-4330-8c38-86cebd0a0ca1	1	25266637	25336819	25	0.8306
86a43a8f-0ebe-4330-8c38-86cebd0a0ca1	1	25336853	34190783	4607	0.0128
86a43a8f-0ebe-4330-8c38-86cebd0a0ca1	1	34191211	34191702	2	-1.9149
86a43a8f-0ebe-4330-8c38-86cebd0a0ca1	1	34196051	49448451	8743	0.0088
86a43a8f-0ebe-4330-8c38-86cebd0a0ca1	1	49449260	49532002	27	-0.9534
86a43a8f-0ebe-4330-8c38-86cebd0a0ca1	1	49532191	72284670	15314	0.0066
86a43a8f-0ebe-4330-8c38-86cebd0a0ca1	1	72290430	72297687	9	-1.0791
86a43a8f-0ebe-4330-8c38-86cebd0a0ca1	1	72302735	72343748	43	0.2968
86a43a8f-0ebe-4330-8c38-86cebd0a0ca1	1	72344159	105470754	20942	0.003
86a43a8f-0ebe-4330-8c38-86cebd0a0ca1	1	105476583	105479130	11	-0.5718
86a43a8f-0ebe-4330-8c38-86cebd0a0ca1	1	105479198	109664699	2635	0.0073
86a43a8f-0ebe-4330-8c38-86cebd0a0ca1	1	109676386	109679105	5	0.405
86a43a8f-0ebe-4330-8c38-86cebd0a0ca1	1	109684695	109697556	15	1.0394
86a43a8f-0ebe-4330-8c38-86cebd0a0ca1	1	109702376	110792420	805	0.0125
86a43a8f-0ebe-4330-8c38-86cebd0a0ca1	1	110796338	110875293	105	0.169
86a43a8f-0ebe-4330-8c38-86cebd0a0ca1	1	110875595	120002553	6099	0.0092
86a43a8f-0ebe-4330-8c38-86cebd0a0ca1	1	120006974	146150530	425	0.1449
86a43a8f-0ebe-4330-8c38-86cebd0a0ca1	1	146161924	152583051	2130	0.0369
86a43a8f-0ebe-4330-8c38-86cebd0a0ca1	1	152583230	152614118	35	1.3654
86a43a8f-0ebe-4330-8c38-86cebd0a0ca1	1	152618018	152789447	167	-0.0158
86a43a8f-0ebe-4330-8c38-86cebd0a0ca1	1	152789463	152795487	30	0.6398
86a43a8f-0ebe-4330-8c38-86cebd0a0ca1	1	152795783	158896783	3613	0.01
86a43a8f-0ebe-4330-8c38-86cebd0a0ca1	1	158898711	158899969	2	-1.3081
86a43a8f-0ebe-4330-8c38-86cebd0a0ca1	1	158905028	161648901	1647	0.0179
86a43a8f-0ebe-4330-8c38-86cebd0a0ca1	1	161649069	161649222	5	1.054
86a43a8f-0ebe-4330-8c38-86cebd0a0ca1	1	161649268	194479104	22712	0.0102
86a43a8f-0ebe-4330-8c38-86cebd0a0ca1	1	194482281	194485888	2	1.6528
86a43a8f-0ebe-4330-8c38-86cebd0a0ca1	1	194487886	196761905	1451	-0.0038
86a43a8f-0ebe-4330-8c38-86cebd0a0ca1	1	196762480	196772151	12	-0.2432
86a43a8f-0ebe-4330-8c38-86cebd0a0ca1	1	196772186	196846661	47	0.3622
86a43a8f-0ebe-4330-8c38-86cebd0a0ca1	1	196847600	248930189	35759	0.0106
86a43a8f-0ebe-4330-8c38-86cebd0a0ca1	2	12784	4158097	2987	0.0121
86a43a8f-0ebe-4330-8c38-86cebd0a0ca1	2	4166274	4176243	41	0.3343
86a43a8f-0ebe-4330-8c38-86cebd0a0ca1	2	4176429	6884743	2333	-0.0016
86a43a8f-0ebe-4330-8c38-86cebd0a0ca1	2	6884783	6888521	4	-1.8548
86a43a8f-0ebe-4330-8c38-86cebd0a0ca1	2	6888639	34466002	18708	0.0115
86a43a8f-0ebe-4330-8c38-86cebd0a0ca1	2	34474248	34511990	46	0.5067
86a43a8f-0ebe-4330-8c38-86cebd0a0ca1	2	34512096	35742970	870	0.0287
86a43a8f-0ebe-4330-8c38-86cebd0a0ca1	2	35750907	35762881	8	-1.264
86a43a8f-0ebe-4330-8c38-86cebd0a0ca1	2	35772407	41011095	3921	0.0225
86a43a8f-0ebe-4330-8c38-86cebd0a0ca1	2	41011303	41024584	26	-0.6147
86a43a8f-0ebe-4330-8c38-86cebd0a0ca1	2	41024614	45890775	3564	0.0137
86a43a8f-0ebe-4330-8c38-86cebd0a0ca1	2	45893251	45893947	3	-1.3795
86a43a8f-0ebe-4330-8c38-86cebd0a0ca1	2	45894564	52512042	4591	0.0131
86a43a8f-0ebe-4330-8c38-86cebd0a0ca1	2	52512079	52554404	43	0.4482
86a43a8f-0ebe-4330-8c38-86cebd0a0ca1	2	52560811	79102020	17175	0.0128
86a43a8f-0ebe-4330-8c38-86cebd0a0ca1	2	79103652	79115685	8	0.7869
86a43a8f-0ebe-4330-8c38-86cebd0a0ca1	2	79116692	89268711	5564	0.0145
86a43a8f-0ebe-4330-8c38-86cebd0a0ca1	2	89271229	94682300	205	0.1518
86a43a8f-0ebe-4330-8c38-86cebd0a0ca1	2	94685288	97210040	856	0.0256
86a43a8f-0ebe-4330-8c38-86cebd0a0ca1	2	97210463	97210536	2	-1.4173
86a43a8f-0ebe-4330-8c38-86cebd0a0ca1	2	97211069	97359885	16	-0.0031
86a43a8f-0ebe-4330-8c38-86cebd0a0ca1	2	97524284	97627711	26	0.4882
86a43a8f-0ebe-4330-8c38-86cebd0a0ca1	2	97633196	128271317	18516	0.0115
86a43a8f-0ebe-4330-8c38-86cebd0a0ca1	2	128271533	128274529	5	-1.6433
86a43a8f-0ebe-4330-8c38-86cebd0a0ca1	2	128276024	146104517	10827	0.0078
86a43a8f-0ebe-4330-8c38-86cebd0a0ca1	2	146106836	146109366	24	-1.9945
86a43a8f-0ebe-4330-8c38-86cebd0a0ca1	2	146120238	159102108	7778	0.0075
86a43a8f-0ebe-4330-8c38-86cebd0a0ca1	2	159103831	159104461	2	-2.4176
86a43a8f-0ebe-4330-8c38-86cebd0a0ca1	2	159106775	215983368	34594	0.0087
86a43a8f-0ebe-4330-8c38-86cebd0a0ca1	2	215983459	216337814	235	0.1951
86a43a8f-0ebe-4330-8c38-86cebd0a0ca1	2	216341109	217639413	991	0.0051
86a43a8f-0ebe-4330-8c38-86cebd0a0ca1	2	217640039	217641862	3	-0.925
86a43a8f-0ebe-4330-8c38-86cebd0a0ca1	2	217641930	227375482	6251	0.0103
86a43a8f-0ebe-4330-8c38-86cebd0a0ca1	2	227381813	227389556	6	0.7933
86a43a8f-0ebe-4330-8c38-86cebd0a0ca1	2	227394141	228892290	950	0.019
86a43a8f-0ebe-4330-8c38-86cebd0a0ca1	2	228894763	228895197	8	-0.9966
86a43a8f-0ebe-4330-8c38-86cebd0a0ca1	2	228895367	232259975	1921	0.0152
86a43a8f-0ebe-4330-8c38-86cebd0a0ca1	2	232260165	232263216	2	-1.4085
86a43a8f-0ebe-4330-8c38-86cebd0a0ca1	2	232263591	240082468	5289	0.004
86a43a8f-0ebe-4330-8c38-86cebd0a0ca1	2	240082942	240090081	2	-1.7193
86a43a8f-0ebe-4330-8c38-86cebd0a0ca1	2	240091861	242147305	975	0.0312
86a43a8f-0ebe-4330-8c38-86cebd0a0ca1	3	20930	6609441	5814	0.0196
86a43a8f-0ebe-4330-8c38-86cebd0a0ca1	3	6609524	6611381	17	0.48
86a43a8f-0ebe-4330-8c38-86cebd0a0ca1	3	6611427	37772069	21678	0.0069
86a43a8f-0ebe-4330-8c38-86cebd0a0ca1	3	37774758	37775146	2	-2.0801
86a43a8f-0ebe-4330-8c38-86cebd0a0ca1	3	37776178	52987994	8170	0.015
86a43a8f-0ebe-4330-8c38-86cebd0a0ca1	3	52988392	53010468	56	0.2574
86a43a8f-0ebe-4330-8c38-86cebd0a0ca1	3	53011784	68754020	12072	0.0037
86a43a8f-0ebe-4330-8c38-86cebd0a0ca1	3	68754870	68755022	2	-2.0932
86a43a8f-0ebe-4330-8c38-86cebd0a0ca1	3	68755274	75348062	4812	0.0012
86a43a8f-0ebe-4330-8c38-86cebd0a0ca1	3	75357247	75832122	130	0.1465
86a43a8f-0ebe-4330-8c38-86cebd0a0ca1	3	75842770	79800321	2334	-0.0103
86a43a8f-0ebe-4330-8c38-86cebd0a0ca1	3	79801670	79805358	2	-1.6959
86a43a8f-0ebe-4330-8c38-86cebd0a0ca1	3	79805905	99225614	8578	0.0076
86a43a8f-0ebe-4330-8c38-86cebd0a0ca1	3	99225632	99230212	26	0.4981
86a43a8f-0ebe-4330-8c38-86cebd0a0ca1	3	99230225	130044855	18698	0.0094
86a43a8f-0ebe-4330-8c38-86cebd0a0ca1	3	130047743	130087393	37	0.6309
86a43a8f-0ebe-4330-8c38-86cebd0a0ca1	3	130088081	162790480	20239	0.0109
86a43a8f-0ebe-4330-8c38-86cebd0a0ca1	3	162794869	162908192	69	0.2987
86a43a8f-0ebe-4330-8c38-86cebd0a0ca1	3	162908207	162908815	3	-1.9893
86a43a8f-0ebe-4330-8c38-86cebd0a0ca1	3	162910826	162996729	70	0.0656
86a43a8f-0ebe-4330-8c38-86cebd0a0ca1	3	162999939	163001774	2	-3.3919
86a43a8f-0ebe-4330-8c38-86cebd0a0ca1	3	163008371	176990867	8628	0.0065
86a43a8f-0ebe-4330-8c38-86cebd0a0ca1	3	176990993	177184898	109	0.197
86a43a8f-0ebe-4330-8c38-86cebd0a0ca1	3	177185157	183396987	3612	0.0061
86a43a8f-0ebe-4330-8c38-86cebd0a0ca1	3	183398993	184179380	420	0.1018
86a43a8f-0ebe-4330-8c38-86cebd0a0ca1	3	184180057	192670476	5963	0.0115
86a43a8f-0ebe-4330-8c38-86cebd0a0ca1	3	192672961	192672988	2	-1.9494
86a43a8f-0ebe-4330-8c38-86cebd0a0ca1	3	192674578	193160113	338	0.0073
86a43a8f-0ebe-4330-8c38-86cebd0a0ca1	3	193160173	193165114	19	-0.7304
86a43a8f-0ebe-4330-8c38-86cebd0a0ca1	3	193168646	198169247	2689	0.0331
86a43a8f-0ebe-4330-8c38-86cebd0a0ca1	4	68929	10208766	5694	0.007
86a43a8f-0ebe-4330-8c38-86cebd0a0ca1	4	10221792	10233383	32	-0.9324
86a43a8f-0ebe-4330-8c38-86cebd0a0ca1	4	10233542	10385349	172	-0.0227
86a43a8f-0ebe-4330-8c38-86cebd0a0ca1	4	10388498	10399044	18	0.4006
86a43a8f-0ebe-4330-8c38-86cebd0a0ca1	4	10401094	14467293	3261	0.0059
86a43a8f-0ebe-4330-8c38-86cebd0a0ca1	4	14468479	14468703	3	-0.9774
86a43a8f-0ebe-4330-8c38-86cebd0a0ca1	4	14471010	34785527	13517	0.0044
86a43a8f-0ebe-4330-8c38-86cebd0a0ca1	4	34785541	34828306	37	0.4616
86a43a8f-0ebe-4330-8c38-86cebd0a0ca1	4	34828327	48078632	8314	0.0084
86a43a8f-0ebe-4330-8c38-86cebd0a0ca1	4	48081868	49214614	649	0.1119
86a43a8f-0ebe-4330-8c38-86cebd0a0ca1	4	49289175	49289338	2	-1.2192
86a43a8f-0ebe-4330-8c38-86cebd0a0ca1	4	49295203	51823256	25	0.2405
86a43a8f-0ebe-4330-8c38-86cebd0a0ca1	4	51823373	63828222	7554	0.004
86a43a8f-0ebe-4330-8c38-86cebd0a0ca1	4	63831751	63840033	19	-0.9941
86a43a8f-0ebe-4330-8c38-86cebd0a0ca1	4	63841863	63842540	8	-3.088
86a43a8f-0ebe-4330-8c38-86cebd0a0ca1	4	63850713	68478894	2867	0.006
86a43a8f-0ebe-4330-8c38-86cebd0a0ca1	4	68494770	68570901	38	-0.3008
86a43a8f-0ebe-4330-8c38-86cebd0a0ca1	4	68570906	68880076	132	0.0085
86a43a8f-0ebe-4330-8c38-86cebd0a0ca1	4	68884032	68884070	2	-1.2615
86a43a8f-0ebe-4330-8c38-86cebd0a0ca1	4	68886430	69265628	215	0.0253
86a43a8f-0ebe-4330-8c38-86cebd0a0ca1	4	69266404	69366081	48	-0.6351
86a43a8f-0ebe-4330-8c38-86cebd0a0ca1	4	69366304	114252544	27296	0.0052
86a43a8f-0ebe-4330-8c38-86cebd0a0ca1	4	114254167	114261019	23	1.0011
86a43a8f-0ebe-4330-8c38-86cebd0a0ca1	4	114263073	116403794	1292	0.0011
86a43a8f-0ebe-4330-8c38-86cebd0a0ca1	4	116411655	116414107	2	-1.9959
86a43a8f-0ebe-4330-8c38-86cebd0a0ca1	4	116414452	121360818	3040	0.0041
86a43a8f-0ebe-4330-8c38-86cebd0a0ca1	4	121361313	121369976	29	-0.752
86a43a8f-0ebe-4330-8c38-86cebd0a0ca1	4	121370367	160120152	22929	0.0087
86a43a8f-0ebe-4330-8c38-86cebd0a0ca1	4	160131622	160149637	39	-0.8096
86a43a8f-0ebe-4330-8c38-86cebd0a0ca1	4	160162718	160952454	583	0.0088
86a43a8f-0ebe-4330-8c38-86cebd0a0ca1	4	160952506	160963971	37	0.4196
86a43a8f-0ebe-4330-8c38-86cebd0a0ca1	4	160964013	172066706	7059	0.0165
86a43a8f-0ebe-4330-8c38-86cebd0a0ca1	4	172066777	172068382	13	0.6515
86a43a8f-0ebe-4330-8c38-86cebd0a0ca1	4	172074828	189267889	11714	0.0168
86a43a8f-0ebe-4330-8c38-86cebd0a0ca1	4	189273964	189278110	4	-3.3775
86a43a8f-0ebe-4330-8c38-86cebd0a0ca1	4	189278617	190106768	350	0.0651
86a43a8f-0ebe-4330-8c38-86cebd0a0ca1	5	15532	12791608	10178	0.0041
86a43a8f-0ebe-4330-8c38-86cebd0a0ca1	5	12800777	12838421	15	0.8275
86a43a8f-0ebe-4330-8c38-86cebd0a0ca1	5	12849089	21434769	5495	0.0123
86a43a8f-0ebe-4330-8c38-86cebd0a0ca1	5	21435254	21451091	10	0.3353
86a43a8f-0ebe-4330-8c38-86cebd0a0ca1	5	21451168	21452329	4	0.9492
86a43a8f-0ebe-4330-8c38-86cebd0a0ca1	5	21452387	21519077	7	0.3621
86a43a8f-0ebe-4330-8c38-86cebd0a0ca1	5	21528695	34022256	7833	0.0059
86a43a8f-0ebe-4330-8c38-86cebd0a0ca1	5	34023295	34483427	176	0.1528
86a43a8f-0ebe-4330-8c38-86cebd0a0ca1	5	34483833	46251204	6919	0.0156
86a43a8f-0ebe-4330-8c38-86cebd0a0ca1	5	46270906	46273400	8	1.1729
86a43a8f-0ebe-4330-8c38-86cebd0a0ca1	5	46278110	50539474	154	0.1537
86a43a8f-0ebe-4330-8c38-86cebd0a0ca1	5	50546412	58025819	4913	0.0104
86a43a8f-0ebe-4330-8c38-86cebd0a0ca1	5	58030200	58037706	32	2.7087
86a43a8f-0ebe-4330-8c38-86cebd0a0ca1	5	58042530	69550476	7284	0.0108
86a43a8f-0ebe-4330-8c38-86cebd0a0ca1	5	69571467	69822308	5	-0.9618
86a43a8f-0ebe-4330-8c38-86cebd0a0ca1	5	69937600	71053366	18	0.2185
86a43a8f-0ebe-4330-8c38-86cebd0a0ca1	5	71095358	71095426	2	1.1828
86a43a8f-0ebe-4330-8c38-86cebd0a0ca1	5	71358245	82657224	7224	0.0079
86a43a8f-0ebe-4330-8c38-86cebd0a0ca1	5	82657317	99124208	9155	-0.0313
86a43a8f-0ebe-4330-8c38-86cebd0a0ca1	5	99124627	102508055	1997	0.0232
86a43a8f-0ebe-4330-8c38-86cebd0a0ca1	5	102510382	104515520	1119	-0.0207
86a43a8f-0ebe-4330-8c38-86cebd0a0ca1	5	104524672	104524903	4	-1.4199
86a43a8f-0ebe-4330-8c38-86cebd0a0ca1	5	104525348	120716074	11098	-0.0203
86a43a8f-0ebe-4330-8c38-86cebd0a0ca1	5	120719635	120736160	19	0.7583
86a43a8f-0ebe-4330-8c38-86cebd0a0ca1	5	120738731	130259231	6057	-0.021
86a43a8f-0ebe-4330-8c38-86cebd0a0ca1	5	130259882	176033084	30303	0.0077
86a43a8f-0ebe-4330-8c38-86cebd0a0ca1	5	176038686	176050177	5	-0.9882
86a43a8f-0ebe-4330-8c38-86cebd0a0ca1	5	176097194	176188245	51	0.1762
86a43a8f-0ebe-4330-8c38-86cebd0a0ca1	5	176188955	176192510	3	-0.5708
86a43a8f-0ebe-4330-8c38-86cebd0a0ca1	5	176197279	176324406	26	0.2222
86a43a8f-0ebe-4330-8c38-86cebd0a0ca1	5	176330713	177771448	641	-0.0068
86a43a8f-0ebe-4330-8c38-86cebd0a0ca1	5	177800550	177805604	3	2.7379
86a43a8f-0ebe-4330-8c38-86cebd0a0ca1	5	177827964	181363319	1984	0.0222
86a43a8f-0ebe-4330-8c38-86cebd0a0ca1	6	149661	251566	93	-0.0176
86a43a8f-0ebe-4330-8c38-86cebd0a0ca1	6	251648	254283	8	0.2162
86a43a8f-0ebe-4330-8c38-86cebd0a0ca1	6	257353	294837	23	0.6029
86a43a8f-0ebe-4330-8c38-86cebd0a0ca1	6	302306	381149	78	0.247
86a43a8f-0ebe-4330-8c38-86cebd0a0ca1	6	382559	29882497	21444	0.0074
86a43a8f-0ebe-4330-8c38-86cebd0a0ca1	6	29882589	29933799	17	-1.2941
86a43a8f-0ebe-4330-8c38-86cebd0a0ca1	6	29940692	29993660	38	-0.3297
86a43a8f-0ebe-4330-8c38-86cebd0a0ca1	6	29993662	32462117	1101	0.0097
86a43a8f-0ebe-4330-8c38-86cebd0a0ca1	6	32462390	32656527	67	-0.2559
86a43a8f-0ebe-4330-8c38-86cebd0a0ca1	6	32656814	32658841	5	-2.1522
86a43a8f-0ebe-4330-8c38-86cebd0a0ca1	6	32682835	57268376	15618	0.0081
86a43a8f-0ebe-4330-8c38-86cebd0a0ca1	6	57274935	61805656	811	0.0962
86a43a8f-0ebe-4330-8c38-86cebd0a0ca1	6	61805786	64627049	1477	-0.004
86a43a8f-0ebe-4330-8c38-86cebd0a0ca1	6	64637651	64639099	2	-2.8263
86a43a8f-0ebe-4330-8c38-86cebd0a0ca1	6	64640883	66328153	1137	0.0066
86a43a8f-0ebe-4330-8c38-86cebd0a0ca1	6	66331020	66333299	7	-0.593
86a43a8f-0ebe-4330-8c38-86cebd0a0ca1	6	66333342	68126533	1336	0.0125
86a43a8f-0ebe-4330-8c38-86cebd0a0ca1	6	68126946	68127798	2	-1.6978
86a43a8f-0ebe-4330-8c38-86cebd0a0ca1	6	68127836	70922353	1733	-0.009
86a43a8f-0ebe-4330-8c38-86cebd0a0ca1	6	70922679	70923127	2	1.7314
86a43a8f-0ebe-4330-8c38-86cebd0a0ca1	6	70923400	70994729	28	-0.0353
86a43a8f-0ebe-4330-8c38-86cebd0a0ca1	6	70995205	71032151	30	0.2617
86a43a8f-0ebe-4330-8c38-86cebd0a0ca1	6	71032415	72153222	787	0.0074
86a43a8f-0ebe-4330-8c38-86cebd0a0ca1	6	72156821	72157169	2	-2.7332
86a43a8f-0ebe-4330-8c38-86cebd0a0ca1	6	72158860	73882142	1088	0.017
86a43a8f-0ebe-4330-8c38-86cebd0a0ca1	6	73882509	73891694	10	0.8085
86a43a8f-0ebe-4330-8c38-86cebd0a0ca1	6	73893839	76726815	1770	0.0064
86a43a8f-0ebe-4330-8c38-86cebd0a0ca1	6	76730151	76742675	16	-0.6133
86a43a8f-0ebe-4330-8c38-86cebd0a0ca1	6	76742729	78171734	920	-0.0045
86a43a8f-0ebe-4330-8c38-86cebd0a0ca1	6	78173363	78252522	56	0.2291
86a43a8f-0ebe-4330-8c38-86cebd0a0ca1	6	78252576	78262085	11	-0.1182
86a43a8f-0ebe-4330-8c38-86cebd0a0ca1	6	78262117	78329517	107	-0.4677
86a43a8f-0ebe-4330-8c38-86cebd0a0ca1	6	78331916	170741917	59615	0.0067
86a43a8f-0ebe-4330-8c38-86cebd0a0ca1	7	43355	23995508	17124	0.0114
86a43a8f-0ebe-4330-8c38-86cebd0a0ca1	7	24000259	24000764	2	-1.8327
86a43a8f-0ebe-4330-8c38-86cebd0a0ca1	7	24001198	55971185	22566	0.0052
86a43a8f-0ebe-4330-8c38-86cebd0a0ca1	7	55983586	66161035	2150	0.0779
86a43a8f-0ebe-4330-8c38-86cebd0a0ca1	7	66162045	70850887	2668	0.0056
86a43a8f-0ebe-4330-8c38-86cebd0a0ca1	7	70856353	70899527	33	0.6974
86a43a8f-0ebe-4330-8c38-86cebd0a0ca1	7	70900466	134100424	37091	0.0118
86a43a8f-0ebe-4330-8c38-86cebd0a0ca1	7	134100442	134105690	24	-2.5531
86a43a8f-0ebe-4330-8c38-86cebd0a0ca1	7	134110881	134114093	10	-0.5596
86a43a8f-0ebe-4330-8c38-86cebd0a0ca1	7	134114401	142063324	5191	0.0143
86a43a8f-0ebe-4330-8c38-86cebd0a0ca1	7	142069843	142070732	6	-1.9851
86a43a8f-0ebe-4330-8c38-86cebd0a0ca1	7	142070827	142081713	4	-5.6652
86a43a8f-0ebe-4330-8c38-86cebd0a0ca1	7	142081975	142092307	23	-2.5453
86a43a8f-0ebe-4330-8c38-86cebd0a0ca1	7	142099190	156599096	9229	0.012
86a43a8f-0ebe-4330-8c38-86cebd0a0ca1	7	156600474	156601365	2	-3.3728
86a43a8f-0ebe-4330-8c38-86cebd0a0ca1	7	156601485	159334314	1624	0.0254
86a43a8f-0ebe-4330-8c38-86cebd0a0ca1	8	81254	6221662	6686	0.014
86a43a8f-0ebe-4330-8c38-86cebd0a0ca1	8	6221711	6221829	2	-1.6814
86a43a8f-0ebe-4330-8c38-86cebd0a0ca1	8	6221871	6956923	900	0.0221
86a43a8f-0ebe-4330-8c38-86cebd0a0ca1	8	6957134	6957806	6	-0.6883
86a43a8f-0ebe-4330-8c38-86cebd0a0ca1	8	6958057	7336299	133	0.0413
86a43a8f-0ebe-4330-8c38-86cebd0a0ca1	8	7357089	7380497	19	0.729
86a43a8f-0ebe-4330-8c38-86cebd0a0ca1	8	7396819	12385031	3290	0.0258
86a43a8f-0ebe-4330-8c38-86cebd0a0ca1	8	12387683	12389898	6	-0.7725
86a43a8f-0ebe-4330-8c38-86cebd0a0ca1	8	12389977	14652059	1964	0.011
86a43a8f-0ebe-4330-8c38-86cebd0a0ca1	8	14652523	14652552	2	-1.5336
86a43a8f-0ebe-4330-8c38-86cebd0a0ca1	8	14652565	15975718	1215	0.0012
86a43a8f-0ebe-4330-8c38-86cebd0a0ca1	8	15977731	15977784	2	-1.3283
86a43a8f-0ebe-4330-8c38-86cebd0a0ca1	8	15978575	25113035	7215	0.0056
86a43a8f-0ebe-4330-8c38-86cebd0a0ca1	8	25113490	25126818	32	-0.3337
86a43a8f-0ebe-4330-8c38-86cebd0a0ca1	8	25133589	43031275	11390	0.0049
86a43a8f-0ebe-4330-8c38-86cebd0a0ca1	8	43031340	46092871	295	0.1183
86a43a8f-0ebe-4330-8c38-86cebd0a0ca1	8	46097973	63936079	11013	0.0078
86a43a8f-0ebe-4330-8c38-86cebd0a0ca1	8	63936340	63936561	6	1.0459
86a43a8f-0ebe-4330-8c38-86cebd0a0ca1	8	63936953	67635434	1877	-0.0004
86a43a8f-0ebe-4330-8c38-86cebd0a0ca1	8	67635897	67636165	6	-0.8814
86a43a8f-0ebe-4330-8c38-86cebd0a0ca1	8	67636256	111279265	26442	0.0055
86a43a8f-0ebe-4330-8c38-86cebd0a0ca1	8	111282050	111283031	10	-0.7405
86a43a8f-0ebe-4330-8c38-86cebd0a0ca1	8	111288052	140712108	20945	0.0077
86a43a8f-0ebe-4330-8c38-86cebd0a0ca1	8	140713021	141040922	195	0.1309
86a43a8f-0ebe-4330-8c38-86cebd0a0ca1	8	141041556	145072769	1749	0.0038
86a43a8f-0ebe-4330-8c38-86cebd0a0ca1	9	46587	602903	508	0.0707
86a43a8f-0ebe-4330-8c38-86cebd0a0ca1	9	606699	606893	3	1.1705
86a43a8f-0ebe-4330-8c38-86cebd0a0ca1	9	606961	2251270	1940	0.0167
86a43a8f-0ebe-4330-8c38-86cebd0a0ca1	9	2253741	2281999	25	-1.4462
86a43a8f-0ebe-4330-8c38-86cebd0a0ca1	9	2284886	5065954	2747	0.0181
86a43a8f-0ebe-4330-8c38-86cebd0a0ca1	9	5070831	5084352	33	0.3839
86a43a8f-0ebe-4330-8c38-86cebd0a0ca1	9	5084367	6770374	1151	0.0523
86a43a8f-0ebe-4330-8c38-86cebd0a0ca1	9	6770534	6770744	3	-0.8949
86a43a8f-0ebe-4330-8c38-86cebd0a0ca1	9	6771267	6990926	195	0.0538
86a43a8f-0ebe-4330-8c38-86cebd0a0ca1	9	6993701	6993827	3	-1.3927
86a43a8f-0ebe-4330-8c38-86cebd0a0ca1	9	6993848	29913840	18714	0.0084
86a43a8f-0ebe-4330-8c38-86cebd0a0ca1	9	29915756	29919133	2	-1.87
86a43a8f-0ebe-4330-8c38-86cebd0a0ca1	9	29919241	39061374	5779	0.0112
86a43a8f-0ebe-4330-8c38-86cebd0a0ca1	9	39081476	42295397	187	0.1721
86a43a8f-0ebe-4330-8c38-86cebd0a0ca1	9	42302534	42524983	5	-0.9368
86a43a8f-0ebe-4330-8c38-86cebd0a0ca1	9	42546668	61598577	81	0.2597
86a43a8f-0ebe-4330-8c38-86cebd0a0ca1	9	61600648	61629689	5	1.2068
86a43a8f-0ebe-4330-8c38-86cebd0a0ca1	9	61633080	67720642	162	0.1852
86a43a8f-0ebe-4330-8c38-86cebd0a0ca1	9	67759000	70833139	1947	0.0131
86a43a8f-0ebe-4330-8c38-86cebd0a0ca1	9	70836876	70837585	3	-1.294
86a43a8f-0ebe-4330-8c38-86cebd0a0ca1	9	70839367	85112728	10214	0.0053
86a43a8f-0ebe-4330-8c38-86cebd0a0ca1	9	85113635	85114114	2	-1.4195
86a43a8f-0ebe-4330-8c38-86cebd0a0ca1	9	85115650	91639924	4724	0.0084
86a43a8f-0ebe-4330-8c38-86cebd0a0ca1	9	91639986	91641263	16	-0.8
86a43a8f-0ebe-4330-8c38-86cebd0a0ca1	9	91641428	138200944	30975	0.0089
86a43a8f-0ebe-4330-8c38-86cebd0a0ca1	10	45792	285865	130	0.0469
86a43a8f-0ebe-4330-8c38-86cebd0a0ca1	10	285919	288859	2	-1.6581
86a43a8f-0ebe-4330-8c38-86cebd0a0ca1	10	289571	17885034	14709	0.0012
86a43a8f-0ebe-4330-8c38-86cebd0a0ca1	10	17896194	17907840	2	-1.9259
86a43a8f-0ebe-4330-8c38-86cebd0a0ca1	10	17910884	26934974	6328	0.0066
86a43a8f-0ebe-4330-8c38-86cebd0a0ca1	10	26936975	26941064	14	0.5615
86a43a8f-0ebe-4330-8c38-86cebd0a0ca1	10	26941746	34802869	5615	0.005
86a43a8f-0ebe-4330-8c38-86cebd0a0ca1	10	34802936	35317881	252	0.1083
86a43a8f-0ebe-4330-8c38-86cebd0a0ca1	10	35318312	38737005	1963	-0.0024
86a43a8f-0ebe-4330-8c38-86cebd0a0ca1	10	38747590	42358241	81	0.2074
86a43a8f-0ebe-4330-8c38-86cebd0a0ca1	10	42358254	44719798	1709	0.0151
86a43a8f-0ebe-4330-8c38-86cebd0a0ca1	10	44722944	44723470	3	-1.032
86a43a8f-0ebe-4330-8c38-86cebd0a0ca1	10	44726057	44763045	31	0.1393
86a43a8f-0ebe-4330-8c38-86cebd0a0ca1	10	44763657	44764969	2	-1.628
86a43a8f-0ebe-4330-8c38-86cebd0a0ca1	10	44765034	46657149	845	0.0272
86a43a8f-0ebe-4330-8c38-86cebd0a0ca1	10	46693480	46810571	9	0.896
86a43a8f-0ebe-4330-8c38-86cebd0a0ca1	10	46836986	56753095	6530	0.0001
86a43a8f-0ebe-4330-8c38-86cebd0a0ca1	10	56756615	56767077	41	-0.6768
86a43a8f-0ebe-4330-8c38-86cebd0a0ca1	10	56772992	65548259	6112	0.0017
86a43a8f-0ebe-4330-8c38-86cebd0a0ca1	10	65548272	65563168	26	0.6258
86a43a8f-0ebe-4330-8c38-86cebd0a0ca1	10	65565695	72263962	4646	0.0044
86a43a8f-0ebe-4330-8c38-86cebd0a0ca1	10	72264768	72265609	2	-1.2017
86a43a8f-0ebe-4330-8c38-86cebd0a0ca1	10	72267782	79595316	4569	-0.0036
86a43a8f-0ebe-4330-8c38-86cebd0a0ca1	10	79624118	79737848	14	0.5424
86a43a8f-0ebe-4330-8c38-86cebd0a0ca1	10	79747269	133654968	36943	0.0072
86a43a8f-0ebe-4330-8c38-86cebd0a0ca1	11	198510	4949013	2418	0.016
86a43a8f-0ebe-4330-8c38-86cebd0a0ca1	11	4949047	4955042	28	0.7315
86a43a8f-0ebe-4330-8c38-86cebd0a0ca1	11	4955781	5766175	783	0.024
86a43a8f-0ebe-4330-8c38-86cebd0a0ca1	11	5766850	5787909	32	0.7948
86a43a8f-0ebe-4330-8c38-86cebd0a0ca1	11	5788108	50323540	30709	0.0076
86a43a8f-0ebe-4330-8c38-86cebd0a0ca1	11	50323603	55591984	455	0.1141
86a43a8f-0ebe-4330-8c38-86cebd0a0ca1	11	55592042	84589915	16455	0.0058
86a43a8f-0ebe-4330-8c38-86cebd0a0ca1	11	84593739	84594395	2	-1.6359
86a43a8f-0ebe-4330-8c38-86cebd0a0ca1	11	84599407	89768798	3441	0.0149
86a43a8f-0ebe-4330-8c38-86cebd0a0ca1	11	89796439	89903029	12	0.5928
86a43a8f-0ebe-4330-8c38-86cebd0a0ca1	11	89923071	101723653	8683	0.0098
86a43a8f-0ebe-4330-8c38-86cebd0a0ca1	11	101727129	101727233	4	1.2841
86a43a8f-0ebe-4330-8c38-86cebd0a0ca1	11	101727481	135074876	23699	0.0047
86a43a8f-0ebe-4330-8c38-86cebd0a0ca1	12	51460	9477960	6163	0.0155
86a43a8f-0ebe-4330-8c38-86cebd0a0ca1	12	9481274	9575696	24	1.1089
86a43a8f-0ebe-4330-8c38-86cebd0a0ca1	12	9582373	12377763	2028	0.0119
86a43a8f-0ebe-4330-8c38-86cebd0a0ca1	12	12383285	12390004	20	-0.698
86a43a8f-0ebe-4330-8c38-86cebd0a0ca1	12	12390052	24240820	7877	0.0086
86a43a8f-0ebe-4330-8c38-86cebd0a0ca1	12	24242268	24242338	3	-1.1509
86a43a8f-0ebe-4330-8c38-86cebd0a0ca1	12	24244010	33148492	6645	0.0137
86a43a8f-0ebe-4330-8c38-86cebd0a0ca1	12	33148586	33154440	25	-0.5515
86a43a8f-0ebe-4330-8c38-86cebd0a0ca1	12	33155426	34061608	562	0.0404
86a43a8f-0ebe-4330-8c38-86cebd0a0ca1	12	34063312	38301917	464	0.1319
86a43a8f-0ebe-4330-8c38-86cebd0a0ca1	12	38305159	58327448	11756	0.0093
86a43a8f-0ebe-4330-8c38-86cebd0a0ca1	12	58336368	58336379	2	-1.7148
86a43a8f-0ebe-4330-8c38-86cebd0a0ca1	12	58337065	70478078	7968	0.0035
86a43a8f-0ebe-4330-8c38-86cebd0a0ca1	12	70478895	70484247	9	-1.9152
86a43a8f-0ebe-4330-8c38-86cebd0a0ca1	12	70485605	90089573	12049	0.0045
86a43a8f-0ebe-4330-8c38-86cebd0a0ca1	12	90097892	90098297	7	0.8348
86a43a8f-0ebe-4330-8c38-86cebd0a0ca1	12	90099780	99378283	6438	0.0098
86a43a8f-0ebe-4330-8c38-86cebd0a0ca1	12	99381759	99404811	40	0.3252
86a43a8f-0ebe-4330-8c38-86cebd0a0ca1	12	99404942	129384752	20202	0.0124
86a43a8f-0ebe-4330-8c38-86cebd0a0ca1	12	129390231	129390525	2	-1.4508
86a43a8f-0ebe-4330-8c38-86cebd0a0ca1	12	129391468	131635702	1908	0.02
86a43a8f-0ebe-4330-8c38-86cebd0a0ca1	12	131636170	131670006	21	0.6277
86a43a8f-0ebe-4330-8c38-86cebd0a0ca1	12	131670109	133201603	552	0.0291
86a43a8f-0ebe-4330-8c38-86cebd0a0ca1	13	18452809	30935928	8789	0.0103
86a43a8f-0ebe-4330-8c38-86cebd0a0ca1	13	30937518	30938267	2	-1.6937
86a43a8f-0ebe-4330-8c38-86cebd0a0ca1	13	30938349	37496998	4670	0.0084
86a43a8f-0ebe-4330-8c38-86cebd0a0ca1	13	37497899	37510620	16	-2.5686
86a43a8f-0ebe-4330-8c38-86cebd0a0ca1	13	37514193	38022096	391	-0.0165
86a43a8f-0ebe-4330-8c38-86cebd0a0ca1	13	38029151	38033418	2	-1.5544
86a43a8f-0ebe-4330-8c38-86cebd0a0ca1	13	38034316	38478674	307	-0.0004
86a43a8f-0ebe-4330-8c38-86cebd0a0ca1	13	38483435	38483919	2	-2.2668
86a43a8f-0ebe-4330-8c38-86cebd0a0ca1	13	38490920	39542791	865	-0.0141
86a43a8f-0ebe-4330-8c38-86cebd0a0ca1	13	39543554	39543855	4	1.1779
86a43a8f-0ebe-4330-8c38-86cebd0a0ca1	13	39543931	49932097	6885	0.0039
86a43a8f-0ebe-4330-8c38-86cebd0a0ca1	13	49932983	51049971	684	0.0748
86a43a8f-0ebe-4330-8c38-86cebd0a0ca1	13	51050054	52520664	743	0.0087
86a43a8f-0ebe-4330-8c38-86cebd0a0ca1	13	52523849	52527964	2	1.49
86a43a8f-0ebe-4330-8c38-86cebd0a0ca1	13	52531650	57176962	2622	0.0033
86a43a8f-0ebe-4330-8c38-86cebd0a0ca1	13	57184136	57204246	34	-0.6728
86a43a8f-0ebe-4330-8c38-86cebd0a0ca1	13	57215580	83581877	16934	0.0001
86a43a8f-0ebe-4330-8c38-86cebd0a0ca1	13	83586994	83609724	17	0.6913
86a43a8f-0ebe-4330-8c38-86cebd0a0ca1	13	83612266	114342922	21083	-0.002
86a43a8f-0ebe-4330-8c38-86cebd0a0ca1	14	18239283	19957752	171	0.3648
86a43a8f-0ebe-4330-8c38-86cebd0a0ca1	14	19958388	48040647	17662	0.0081
86a43a8f-0ebe-4330-8c38-86cebd0a0ca1	14	48041374	48041387	2	-3.7263
86a43a8f-0ebe-4330-8c38-86cebd0a0ca1	14	48043734	106321086	37219	0.0043
86a43a8f-0ebe-4330-8c38-86cebd0a0ca1	14	106340102	106346129	7	1.5699
86a43a8f-0ebe-4330-8c38-86cebd0a0ca1	14	106360014	106877229	274	0.0503
86a43a8f-0ebe-4330-8c38-86cebd0a0ca1	15	19811075	19852340	4	0.5135
86a43a8f-0ebe-4330-8c38-86cebd0a0ca1	15	19856273	20026653	43	0.121
86a43a8f-0ebe-4330-8c38-86cebd0a0ca1	15	20041119	20187568	8	0.5842
86a43a8f-0ebe-4330-8c38-86cebd0a0ca1	15	20190276	20373168	33	-0.2351
86a43a8f-0ebe-4330-8c38-86cebd0a0ca1	15	20376198	20381704	17	0.28
86a43a8f-0ebe-4330-8c38-86cebd0a0ca1	15	20384774	21005443	52	-0.2369
86a43a8f-0ebe-4330-8c38-86cebd0a0ca1	15	21018354	22299523	49	-0.6467
86a43a8f-0ebe-4330-8c38-86cebd0a0ca1	15	22385639	22808273	66	0.2586
86a43a8f-0ebe-4330-8c38-86cebd0a0ca1	15	22809104	76598900	33603	0.0031
86a43a8f-0ebe-4330-8c38-86cebd0a0ca1	15	76599170	76603434	21	-1.976
86a43a8f-0ebe-4330-8c38-86cebd0a0ca1	15	76609838	101928837	17603	0.0092
86a43a8f-0ebe-4330-8c38-86cebd0a0ca1	16	10777	19933041	13454	0.018
86a43a8f-0ebe-4330-8c38-86cebd0a0ca1	16	19934328	19954553	28	-0.9936
86a43a8f-0ebe-4330-8c38-86cebd0a0ca1	16	19956040	21352501	888	0.0255
86a43a8f-0ebe-4330-8c38-86cebd0a0ca1	16	21356685	22420049	386	0.1118
86a43a8f-0ebe-4330-8c38-86cebd0a0ca1	16	22430653	22693199	74	0.3446
86a43a8f-0ebe-4330-8c38-86cebd0a0ca1	16	22699421	22739427	41	0.1112
86a43a8f-0ebe-4330-8c38-86cebd0a0ca1	16	22741734	31948053	5055	0.0153
86a43a8f-0ebe-4330-8c38-86cebd0a0ca1	16	31948830	34142720	113	0.2365
86a43a8f-0ebe-4330-8c38-86cebd0a0ca1	16	34145885	78337711	21154	0.0047
86a43a8f-0ebe-4330-8c38-86cebd0a0ca1	16	78338543	78350841	15	-2.461
86a43a8f-0ebe-4330-8c38-86cebd0a0ca1	16	78350868	88711804	10004	-0.0009
86a43a8f-0ebe-4330-8c38-86cebd0a0ca1	16	88713615	88818672	26	-0.4086
86a43a8f-0ebe-4330-8c38-86cebd0a0ca1	16	88823106	90096867	567	0.0138
86a43a8f-0ebe-4330-8c38-86cebd0a0ca1	17	150733	209352	29	-0.1773
86a43a8f-0ebe-4330-8c38-86cebd0a0ca1	17	209373	887900	371	0.1323
86a43a8f-0ebe-4330-8c38-86cebd0a0ca1	17	888064	14373040	8592	0.0065
86a43a8f-0ebe-4330-8c38-86cebd0a0ca1	17	14374749	15774603	1036	0.0794
86a43a8f-0ebe-4330-8c38-86cebd0a0ca1	17	15778279	18414080	1350	0.0116
86a43a8f-0ebe-4330-8c38-86cebd0a0ca1	17	18452078	18602377	34	0.5279
86a43a8f-0ebe-4330-8c38-86cebd0a0ca1	17	18606845	36109735	6811	0.0198
86a43a8f-0ebe-4330-8c38-86cebd0a0ca1	17	36112585	36157718	34	0.5877
86a43a8f-0ebe-4330-8c38-86cebd0a0ca1	17	36200725	46130967	5078	0.014
86a43a8f-0ebe-4330-8c38-86cebd0a0ca1	17	46131308	46148490	17	0.4832
86a43a8f-0ebe-4330-8c38-86cebd0a0ca1	17	46153960	46194634	41	0.061
86a43a8f-0ebe-4330-8c38-86cebd0a0ca1	17	46199017	46717389	53	0.3307
86a43a8f-0ebe-4330-8c38-86cebd0a0ca1	17	46717824	70895688	14444	0.0053
86a43a8f-0ebe-4330-8c38-86cebd0a0ca1	17	70896097	70896209	2	-1.9165
86a43a8f-0ebe-4330-8c38-86cebd0a0ca1	17	70896957	83091923	7084	0.0023
86a43a8f-0ebe-4330-8c38-86cebd0a0ca1	18	48133	3334076	2346	0.0142
86a43a8f-0ebe-4330-8c38-86cebd0a0ca1	18	3337003	3353654	10	0.6706
86a43a8f-0ebe-4330-8c38-86cebd0a0ca1	18	3353874	4978906	1175	0.0034
86a43a8f-0ebe-4330-8c38-86cebd0a0ca1	18	4979613	4985483	6	0.7475
86a43a8f-0ebe-4330-8c38-86cebd0a0ca1	18	4987699	5840504	596	0.0064
86a43a8f-0ebe-4330-8c38-86cebd0a0ca1	18	5843070	5843285	2	-1.7677
86a43a8f-0ebe-4330-8c38-86cebd0a0ca1	18	5844291	40678640	18628	0.0054
86a43a8f-0ebe-4330-8c38-86cebd0a0ca1	18	40678652	40685413	21	0.5263
86a43a8f-0ebe-4330-8c38-86cebd0a0ca1	18	40685425	48433278	5197	0.0072
86a43a8f-0ebe-4330-8c38-86cebd0a0ca1	18	48437144	48523146	52	-1.2147
86a43a8f-0ebe-4330-8c38-86cebd0a0ca1	18	48524493	53997831	3880	0.0087
86a43a8f-0ebe-4330-8c38-86cebd0a0ca1	18	53998472	53998782	3	-1.7408
86a43a8f-0ebe-4330-8c38-86cebd0a0ca1	18	54001998	80257174	18783	0.0077
86a43a8f-0ebe-4330-8c38-86cebd0a0ca1	19	90910	19720735	8486	0.0134
86a43a8f-0ebe-4330-8c38-86cebd0a0ca1	19	19724944	19725867	2	-2.0019
86a43a8f-0ebe-4330-8c38-86cebd0a0ca1	19	19729959	20068287	231	0.0489
86a43a8f-0ebe-4330-8c38-86cebd0a0ca1	19	20072402	20503092	240	0.1491
86a43a8f-0ebe-4330-8c38-86cebd0a0ca1	19	20503948	20503966	2	-1.5327
86a43a8f-0ebe-4330-8c38-86cebd0a0ca1	19	20503973	20994330	273	0.1497
86a43a8f-0ebe-4330-8c38-86cebd0a0ca1	19	20994783	23909631	1684	0.0261
86a43a8f-0ebe-4330-8c38-86cebd0a0ca1	19	23910011	27579513	269	0.1511
86a43a8f-0ebe-4330-8c38-86cebd0a0ca1	19	27581134	35364451	5499	0.0106
86a43a8f-0ebe-4330-8c38-86cebd0a0ca1	19	35364547	35370946	20	-0.587
86a43a8f-0ebe-4330-8c38-86cebd0a0ca1	19	35375842	42739518	3668	0.0164
86a43a8f-0ebe-4330-8c38-86cebd0a0ca1	19	42743373	42850300	41	0.6712
86a43a8f-0ebe-4330-8c38-86cebd0a0ca1	19	42858500	51628494	4320	0.0276
86a43a8f-0ebe-4330-8c38-86cebd0a0ca1	19	51628545	51644944	13	-0.6508
86a43a8f-0ebe-4330-8c38-86cebd0a0ca1	19	51651652	58586487	4334	0.0351
86a43a8f-0ebe-4330-8c38-86cebd0a0ca1	20	80664	1571811	1180	0.0314
86a43a8f-0ebe-4330-8c38-86cebd0a0ca1	20	1576544	1591137	42	-0.6189
86a43a8f-0ebe-4330-8c38-86cebd0a0ca1	20	1591243	54028329	33634	0.0066
86a43a8f-0ebe-4330-8c38-86cebd0a0ca1	20	54031269	54037514	22	-0.6611
86a43a8f-0ebe-4330-8c38-86cebd0a0ca1	20	54037680	54041178	8	-1.396
86a43a8f-0ebe-4330-8c38-86cebd0a0ca1	20	54041534	54042112	6	-0.6048
86a43a8f-0ebe-4330-8c38-86cebd0a0ca1	20	54046035	56991302	2430	0.0002
86a43a8f-0ebe-4330-8c38-86cebd0a0ca1	20	56991724	56991746	2	1.7588
86a43a8f-0ebe-4330-8c38-86cebd0a0ca1	20	56993632	60054720	2328	0.0085
86a43a8f-0ebe-4330-8c38-86cebd0a0ca1	20	60054791	60055635	2	-1.6315
86a43a8f-0ebe-4330-8c38-86cebd0a0ca1	20	60056194	60535987	488	0.0109
86a43a8f-0ebe-4330-8c38-86cebd0a0ca1	20	60538651	60553323	8	-0.8928
86a43a8f-0ebe-4330-8c38-86cebd0a0ca1	20	60553439	64324800	2186	-0.0081
86a43a8f-0ebe-4330-8c38-86cebd0a0ca1	21	10354168	13004391	92	0.3462
86a43a8f-0ebe-4330-8c38-86cebd0a0ca1	21	13008398	13572290	171	0.0967
86a43a8f-0ebe-4330-8c38-86cebd0a0ca1	21	13575355	13959104	50	0.235
86a43a8f-0ebe-4330-8c38-86cebd0a0ca1	21	13959157	22357667	6039	0.0068
86a43a8f-0ebe-4330-8c38-86cebd0a0ca1	21	22357732	23522647	901	0.0706
86a43a8f-0ebe-4330-8c38-86cebd0a0ca1	21	23525007	23920793	323	-0.0126
86a43a8f-0ebe-4330-8c38-86cebd0a0ca1	21	23923855	23925388	3	-1.3255
86a43a8f-0ebe-4330-8c38-86cebd0a0ca1	21	23927374	26908194	2269	-0.0042
86a43a8f-0ebe-4330-8c38-86cebd0a0ca1	21	26910341	26911831	5	-1.0329
86a43a8f-0ebe-4330-8c38-86cebd0a0ca1	21	26912202	36153237	6590	0.0043
86a43a8f-0ebe-4330-8c38-86cebd0a0ca1	21	36153531	36160821	4	-1.2365
86a43a8f-0ebe-4330-8c38-86cebd0a0ca1	21	36161477	46591152	7307	0.013
86a43a8f-0ebe-4330-8c38-86cebd0a0ca1	21	46597035	46677045	77	-0.1763
86a43a8f-0ebe-4330-8c38-86cebd0a0ca1	22	15294547	22027268	2977	0.0593
86a43a8f-0ebe-4330-8c38-86cebd0a0ca1	22	22027423	22027946	8	0.9002
86a43a8f-0ebe-4330-8c38-86cebd0a0ca1	22	22032036	22148948	209	0.0952
86a43a8f-0ebe-4330-8c38-86cebd0a0ca1	22	22149130	22149652	6	1.0462
86a43a8f-0ebe-4330-8c38-86cebd0a0ca1	22	22150117	22398127	256	0.0394
86a43a8f-0ebe-4330-8c38-86cebd0a0ca1	22	22398345	22398545	4	-1.114
86a43a8f-0ebe-4330-8c38-86cebd0a0ca1	22	22402989	23987520	931	0.0539
86a43a8f-0ebe-4330-8c38-86cebd0a0ca1	22	23988078	23989773	2	-3.4754
86a43a8f-0ebe-4330-8c38-86cebd0a0ca1	22	23990431	38891905	10792	0.0032
86a43a8f-0ebe-4330-8c38-86cebd0a0ca1	22	38894915	38900899	4	1.1473
86a43a8f-0ebe-4330-8c38-86cebd0a0ca1	22	38903109	38998389	66	0.0842
86a43a8f-0ebe-4330-8c38-86cebd0a0ca1	22	38998468	38999502	7	-0.6218
86a43a8f-0ebe-4330-8c38-86cebd0a0ca1	22	39003307	42496433	1874	0.0173
86a43a8f-0ebe-4330-8c38-86cebd0a0ca1	22	42496576	42570422	32	0.5034
86a43a8f-0ebe-4330-8c38-86cebd0a0ca1	22	42570693	50796027	6087	-0.0024
86a43a8f-0ebe-4330-8c38-86cebd0a0ca1	X	251810	2748312	94	0.2003
86a43a8f-0ebe-4330-8c38-86cebd0a0ca1	X	2785350	2887623	81	1.2505
86a43a8f-0ebe-4330-8c38-86cebd0a0ca1	X	2893144	26190818	15711	0.0054
86a43a8f-0ebe-4330-8c38-86cebd0a0ca1	X	26192200	26192469	2	-5.5858
86a43a8f-0ebe-4330-8c38-86cebd0a0ca1	X	26200545	38438304	7765	0.0093
86a43a8f-0ebe-4330-8c38-86cebd0a0ca1	X	38438347	38438756	3	-3.3188
86a43a8f-0ebe-4330-8c38-86cebd0a0ca1	X	38438789	58196683	9564	0.0104
86a43a8f-0ebe-4330-8c38-86cebd0a0ca1	X	58200482	58200834	2	-3.2554
86a43a8f-0ebe-4330-8c38-86cebd0a0ca1	X	58200873	63193211	224	0.0997
86a43a8f-0ebe-4330-8c38-86cebd0a0ca1	X	63250575	63285991	21	1.0717
86a43a8f-0ebe-4330-8c38-86cebd0a0ca1	X	63297125	139545242	39949	0.0178
86a43a8f-0ebe-4330-8c38-86cebd0a0ca1	X	139545318	139560038	15	-1.8552
86a43a8f-0ebe-4330-8c38-86cebd0a0ca1	X	139560234	144544539	3164	0.0294
86a43a8f-0ebe-4330-8c38-86cebd0a0ca1	X	144549969	144551290	2	-2.8725
86a43a8f-0ebe-4330-8c38-86cebd0a0ca1	X	144553029	151045694	4359	0.0115
86a43a8f-0ebe-4330-8c38-86cebd0a0ca1	X	151046198	151046276	2	-5.2656
86a43a8f-0ebe-4330-8c38-86cebd0a0ca1	X	151046615	153564032	1561	-0.0297
86a43a8f-0ebe-4330-8c38-86cebd0a0ca1	X	153564864	153568278	5	-3.3234
86a43a8f-0ebe-4330-8c38-86cebd0a0ca1	X	153568702	155952689	859	0.0173
86a43a8f-0ebe-4330-8c38-86cebd0a0ca1	Y	2782397	9759940	2309	-1.0221
86a43a8f-0ebe-4330-8c38-86cebd0a0ca1	Y	9810941	9870332	3	-3.1537
86a43a8f-0ebe-4330-8c38-86cebd0a0ca1	Y	9889263	21961640	4029	-1.0213
86a43a8f-0ebe-4330-8c38-86cebd0a0ca1	Y	22159306	22213784	6	-2.2447
86a43a8f-0ebe-4330-8c38-86cebd0a0ca1	Y	22215125	22913244	92	-0.9979
86a43a8f-0ebe-4330-8c38-86cebd0a0ca1	Y	23013519	23014812	2	-2.9398
86a43a8f-0ebe-4330-8c38-86cebd0a0ca1	Y	23029591	56872112	199	-0.9391
