GDC_Aliquot	Chromosome	Start	End	Num_Probes	Segment_Mean
0298819c-c447-44f3-9067-433801c5838a	1	62920	16884157	8675	-0.0136
0298819c-c447-44f3-9067-433801c5838a	1	16886219	16951445	51	0.5353
0298819c-c447-44f3-9067-433801c5838a	1	16955930	34637053	10165	-0.0092
0298819c-c447-44f3-9067-433801c5838a	1	34637069	34638890	19	-0.6241
0298819c-c447-44f3-9067-433801c5838a	1	34648667	65432318	19128	-0.0012
0298819c-c447-44f3-9067-433801c5838a	1	65437762	65440582	2	2.0728
0298819c-c447-44f3-9067-433801c5838a	1	65441079	72275051	4437	0.0078
0298819c-c447-44f3-9067-433801c5838a	1	72280850	72351072	66	0.3688
0298819c-c447-44f3-9067-433801c5838a	1	72351338	105079911	20552	0.0114
0298819c-c447-44f3-9067-433801c5838a	1	105080318	105080931	2	2.1962
0298819c-c447-44f3-9067-433801c5838a	1	105084196	105470754	215	-0.0101
0298819c-c447-44f3-9067-433801c5838a	1	105476583	105479753	17	1.2871
0298819c-c447-44f3-9067-433801c5838a	1	105481433	109684695	2614	0.0139
0298819c-c447-44f3-9067-433801c5838a	1	109684893	109702376	14	1.6094
0298819c-c447-44f3-9067-433801c5838a	1	109703504	152583051	9500	0.0048
0298819c-c447-44f3-9067-433801c5838a	1	152583230	152614064	33	1.5252
0298819c-c447-44f3-9067-433801c5838a	1	152614100	152787202	166	-0.0037
0298819c-c447-44f3-9067-433801c5838a	1	152789447	152796224	37	0.7283
0298819c-c447-44f3-9067-433801c5838a	1	152801429	158896783	3582	-0.0016
0298819c-c447-44f3-9067-433801c5838a	1	158898711	158899969	2	2.7818
0298819c-c447-44f3-9067-433801c5838a	1	158905028	169247699	7596	0.0059
0298819c-c447-44f3-9067-433801c5838a	1	169264736	169272528	6	-2.107
0298819c-c447-44f3-9067-433801c5838a	1	169273163	174828177	3490	0.0043
0298819c-c447-44f3-9067-433801c5838a	1	174828195	174832716	11	0.9791
0298819c-c447-44f3-9067-433801c5838a	1	174832734	193187149	12148	0.0114
0298819c-c447-44f3-9067-433801c5838a	1	193187187	193187202	2	2.2099
0298819c-c447-44f3-9067-433801c5838a	1	193187218	196740316	2373	0.009
0298819c-c447-44f3-9067-433801c5838a	1	196740630	196832312	61	0.7125
0298819c-c447-44f3-9067-433801c5838a	1	196832525	243163650	31828	-0.0006
0298819c-c447-44f3-9067-433801c5838a	1	243164636	243187175	8	1.1949
0298819c-c447-44f3-9067-433801c5838a	1	243189078	248930189	3666	0.0253
0298819c-c447-44f3-9067-433801c5838a	2	12784	7499242	5883	-0.0056
0298819c-c447-44f3-9067-433801c5838a	2	7502934	7506841	2	2.558
0298819c-c447-44f3-9067-433801c5838a	2	7506876	32505822	16575	0.0042
0298819c-c447-44f3-9067-433801c5838a	2	32506851	32509219	2	2.2458
0298819c-c447-44f3-9067-433801c5838a	2	32510766	34492013	1461	0.001
0298819c-c447-44f3-9067-433801c5838a	2	34492045	34492775	6	0.6219
0298819c-c447-44f3-9067-433801c5838a	2	34492790	34511990	19	-0.7338
0298819c-c447-44f3-9067-433801c5838a	2	34512096	35742057	860	0.0018
0298819c-c447-44f3-9067-433801c5838a	2	35742319	35772407	11	0.9136
0298819c-c447-44f3-9067-433801c5838a	2	35772438	52527330	12011	0.0095
0298819c-c447-44f3-9067-433801c5838a	2	52527342	52554404	39	0.5281
0298819c-c447-44f3-9067-433801c5838a	2	52560811	75607167	14722	0.0103
0298819c-c447-44f3-9067-433801c5838a	2	75609885	75665711	77	0.3156
0298819c-c447-44f3-9067-433801c5838a	2	75666012	119416560	21900	0.007
0298819c-c447-44f3-9067-433801c5838a	2	119417480	119422789	4	-2.1343
0298819c-c447-44f3-9067-433801c5838a	2	119422990	127099470	4779	0.0078
0298819c-c447-44f3-9067-433801c5838a	2	127100187	127100370	2	2.6587
0298819c-c447-44f3-9067-433801c5838a	2	127101070	208189585	48449	0.01
0298819c-c447-44f3-9067-433801c5838a	2	208190524	208193673	2	2.5039
0298819c-c447-44f3-9067-433801c5838a	2	208195839	228394089	13061	0.0067
0298819c-c447-44f3-9067-433801c5838a	2	228397576	228399698	2	2.2418
0298819c-c447-44f3-9067-433801c5838a	2	228401658	241841244	8314	-0.0151
0298819c-c447-44f3-9067-433801c5838a	2	241973315	242084107	96	-0.9247
0298819c-c447-44f3-9067-433801c5838a	2	242087337	242147305	30	-0.0481
0298819c-c447-44f3-9067-433801c5838a	3	20930	37935926	27373	0.0162
0298819c-c447-44f3-9067-433801c5838a	3	37940617	37945437	18	-0.7413
0298819c-c447-44f3-9067-433801c5838a	3	37945615	60858970	13857	0.0035
0298819c-c447-44f3-9067-433801c5838a	3	60863732	60864509	2	2.1088
0298819c-c447-44f3-9067-433801c5838a	3	60864804	68697013	6127	0.0035
0298819c-c447-44f3-9067-433801c5838a	3	68697108	68699635	16	-0.8815
0298819c-c447-44f3-9067-433801c5838a	3	68699794	75372019	4837	0.0108
0298819c-c447-44f3-9067-433801c5838a	3	75377956	75590356	72	-2.3563
0298819c-c447-44f3-9067-433801c5838a	3	75596233	89336737	7618	0.0135
0298819c-c447-44f3-9067-433801c5838a	3	89337324	89360696	33	0.4766
0298819c-c447-44f3-9067-433801c5838a	3	89360887	133306023	23962	0.0041
0298819c-c447-44f3-9067-433801c5838a	3	133306038	133306053	2	2.3075
0298819c-c447-44f3-9067-433801c5838a	3	133306168	161797809	17326	0.007
0298819c-c447-44f3-9067-433801c5838a	3	161797839	161797861	2	2.1247
0298819c-c447-44f3-9067-433801c5838a	3	161798156	162499233	474	0.051
0298819c-c447-44f3-9067-433801c5838a	3	162500556	162500617	4	1.1523
0298819c-c447-44f3-9067-433801c5838a	3	162500632	162795304	195	0.0568
0298819c-c447-44f3-9067-433801c5838a	3	162795361	162807070	9	-0.93
0298819c-c447-44f3-9067-433801c5838a	3	162810842	162827928	11	0.3332
0298819c-c447-44f3-9067-433801c5838a	3	162828441	162834293	4	-1.4012
0298819c-c447-44f3-9067-433801c5838a	3	162845543	187877506	15266	0.0076
0298819c-c447-44f3-9067-433801c5838a	3	187877590	187877925	2	2.5324
0298819c-c447-44f3-9067-433801c5838a	3	187877952	193160256	3790	0.0148
0298819c-c447-44f3-9067-433801c5838a	3	193160406	193168646	18	-1.0124
0298819c-c447-44f3-9067-433801c5838a	3	193168669	195529851	1461	-0.0059
0298819c-c447-44f3-9067-433801c5838a	3	195532499	195752877	59	-0.4339
0298819c-c447-44f3-9067-433801c5838a	3	195754940	198169247	1158	-0.0033
0298819c-c447-44f3-9067-433801c5838a	4	68929	810466	273	-0.0141
0298819c-c447-44f3-9067-433801c5838a	4	819605	905355	40	-0.4506
0298819c-c447-44f3-9067-433801c5838a	4	916158	10229874	5372	-0.0073
0298819c-c447-44f3-9067-433801c5838a	4	10232590	10232642	2	2.2232
0298819c-c447-44f3-9067-433801c5838a	4	10232984	63828222	33307	0.0059
0298819c-c447-44f3-9067-433801c5838a	4	63831751	63839810	16	0.7276
0298819c-c447-44f3-9067-433801c5838a	4	63839893	68478894	2852	0.0198
0298819c-c447-44f3-9067-433801c5838a	4	68494770	68663241	72	0.7244
0298819c-c447-44f3-9067-433801c5838a	4	68671434	68954565	144	0.0113
0298819c-c447-44f3-9067-433801c5838a	4	68954618	69452478	270	0.1682
0298819c-c447-44f3-9067-433801c5838a	4	69453762	103824414	20785	0.0053
0298819c-c447-44f3-9067-433801c5838a	4	103830473	103830480	5	1.7972
0298819c-c447-44f3-9067-433801c5838a	4	103830487	114252544	6251	0.0061
0298819c-c447-44f3-9067-433801c5838a	4	114254167	114263110	26	1.0179
0298819c-c447-44f3-9067-433801c5838a	4	114263154	115254166	615	0.0062
0298819c-c447-44f3-9067-433801c5838a	4	115254207	115254969	9	0.9893
0298819c-c447-44f3-9067-433801c5838a	4	115259026	160120152	26448	0.0036
0298819c-c447-44f3-9067-433801c5838a	4	160131622	160149615	37	-0.8644
0298819c-c447-44f3-9067-433801c5838a	4	160149637	160958972	591	0.0263
0298819c-c447-44f3-9067-433801c5838a	4	160958989	160963756	19	-0.7492
0298819c-c447-44f3-9067-433801c5838a	4	160963767	172068222	7016	0.0093
0298819c-c447-44f3-9067-433801c5838a	4	172068257	172068382	7	-1.4075
0298819c-c447-44f3-9067-433801c5838a	4	172074828	190106768	11965	0.0097
0298819c-c447-44f3-9067-433801c5838a	5	15532	742574	323	-0.0524
0298819c-c447-44f3-9067-433801c5838a	5	760901	825192	27	-0.942
0298819c-c447-44f3-9067-433801c5838a	5	825538	1890119	567	-0.1125
0298819c-c447-44f3-9067-433801c5838a	5	1891707	5902979	3680	-0.0122
0298819c-c447-44f3-9067-433801c5838a	5	5903291	5903420	2	-3.1632
0298819c-c447-44f3-9067-433801c5838a	5	5903520	10809062	4106	0.0052
0298819c-c447-44f3-9067-433801c5838a	5	10810477	10810492	2	-1.9053
0298819c-c447-44f3-9067-433801c5838a	5	10811362	12785150	1402	-0.0078
0298819c-c447-44f3-9067-433801c5838a	5	12790757	12815668	5	1.5451
0298819c-c447-44f3-9067-433801c5838a	5	12815753	12838421	13	-1.0347
0298819c-c447-44f3-9067-433801c5838a	5	12849089	17608147	3154	-0.0003
0298819c-c447-44f3-9067-433801c5838a	5	17625524	17642176	8	-1.1571
0298819c-c447-44f3-9067-433801c5838a	5	17642442	55648434	20534	0.0102
0298819c-c447-44f3-9067-433801c5838a	5	55648442	55653361	3	1.8318
0298819c-c447-44f3-9067-433801c5838a	5	55654016	76154195	12032	0.0103
0298819c-c447-44f3-9067-433801c5838a	5	76154242	76154319	3	1.968
0298819c-c447-44f3-9067-433801c5838a	5	76154351	176033084	63326	0.0099
0298819c-c447-44f3-9067-433801c5838a	5	176038686	176042504	2	-2.6568
0298819c-c447-44f3-9067-433801c5838a	5	176043321	177771448	719	-0.047
0298819c-c447-44f3-9067-433801c5838a	5	177800550	177805604	3	1.9771
0298819c-c447-44f3-9067-433801c5838a	5	177827964	181363319	1976	-0.0204
0298819c-c447-44f3-9067-433801c5838a	6	149661	29882603	21499	-0.0021
0298819c-c447-44f3-9067-433801c5838a	6	29903859	29933799	16	-0.9031
0298819c-c447-44f3-9067-433801c5838a	6	29940692	31318499	633	-0.0069
0298819c-c447-44f3-9067-433801c5838a	6	31318528	31319724	4	-2.4532
0298819c-c447-44f3-9067-433801c5838a	6	31327629	66301114	19454	0.0022
0298819c-c447-44f3-9067-433801c5838a	6	66301485	66321672	23	0.6522
0298819c-c447-44f3-9067-433801c5838a	6	66321687	73882142	4985	0.0088
0298819c-c447-44f3-9067-433801c5838a	6	73882509	73885038	7	0.984
0298819c-c447-44f3-9067-433801c5838a	6	73887573	78252909	2748	0.0067
0298819c-c447-44f3-9067-433801c5838a	6	78253157	78325223	109	-0.3534
0298819c-c447-44f3-9067-433801c5838a	6	78325310	170741917	59160	0.0045
0298819c-c447-44f3-9067-433801c5838a	7	43355	8786255	5025	-0.0057
0298819c-c447-44f3-9067-433801c5838a	7	8787540	8826227	48	-0.9235
0298819c-c447-44f3-9067-433801c5838a	7	8826367	19158902	8356	0.0317
0298819c-c447-44f3-9067-433801c5838a	7	19159031	19180879	51	0.5115
0298819c-c447-44f3-9067-433801c5838a	7	19181042	38263543	13681	-0.0003
0298819c-c447-44f3-9067-433801c5838a	7	38263833	38356875	118	0.2875
0298819c-c447-44f3-9067-433801c5838a	7	38361356	67164253	14622	0.005
0298819c-c447-44f3-9067-433801c5838a	7	67164342	67204078	15	-1.056
0298819c-c447-44f3-9067-433801c5838a	7	67207129	88892050	12284	0.003
0298819c-c447-44f3-9067-433801c5838a	7	88897077	89340899	310	0.1554
0298819c-c447-44f3-9067-433801c5838a	7	89341606	91578827	1502	0.0213
0298819c-c447-44f3-9067-433801c5838a	7	91589569	91589817	3	-1.97
0298819c-c447-44f3-9067-433801c5838a	7	91595717	91728539	94	0.0113
0298819c-c447-44f3-9067-433801c5838a	7	91728554	91729718	8	1.187
0298819c-c447-44f3-9067-433801c5838a	7	91730021	126406489	20286	0.0054
0298819c-c447-44f3-9067-433801c5838a	7	126406546	126406822	3	1.7673
0298819c-c447-44f3-9067-433801c5838a	7	126406823	142342176	10064	-0.0017
0298819c-c447-44f3-9067-433801c5838a	7	142344216	142747837	234	0.1699
0298819c-c447-44f3-9067-433801c5838a	7	142750453	144207186	782	-0.0002
0298819c-c447-44f3-9067-433801c5838a	7	144249785	144295437	8	1.0969
0298819c-c447-44f3-9067-433801c5838a	7	144306653	159334314	9581	-0.0059
0298819c-c447-44f3-9067-433801c5838a	8	81254	590949	279	-0.095
0298819c-c447-44f3-9067-433801c5838a	8	591776	2844412	1742	-0.0155
0298819c-c447-44f3-9067-433801c5838a	8	2846011	2846377	7	-1.3619
0298819c-c447-44f3-9067-433801c5838a	8	2849649	5741204	3919	0.0161
0298819c-c447-44f3-9067-433801c5838a	8	5741213	5746378	19	-0.8256
0298819c-c447-44f3-9067-433801c5838a	8	5746392	6206785	595	-0.0078
0298819c-c447-44f3-9067-433801c5838a	8	6207520	6207580	2	2.4168
0298819c-c447-44f3-9067-433801c5838a	8	6207619	7364659	1108	-0.0196
0298819c-c447-44f3-9067-433801c5838a	8	7367846	7886542	27	-0.7667
0298819c-c447-44f3-9067-433801c5838a	8	7888457	141019563	85251	0.0062
0298819c-c447-44f3-9067-433801c5838a	8	141023031	145072769	1755	-0.0835
0298819c-c447-44f3-9067-433801c5838a	9	46587	23809191	20596	0.0192
0298819c-c447-44f3-9067-433801c5838a	9	23810586	23810890	2	-2.9996
0298819c-c447-44f3-9067-433801c5838a	9	23812881	28309880	3364	0.0371
0298819c-c447-44f3-9067-433801c5838a	9	28310572	28311631	2	2.304
0298819c-c447-44f3-9067-433801c5838a	9	28312063	29088731	546	0.0886
0298819c-c447-44f3-9067-433801c5838a	9	29089612	29097682	6	1.3602
0298819c-c447-44f3-9067-433801c5838a	9	29101434	61369645	6551	0.0033
0298819c-c447-44f3-9067-433801c5838a	9	61371448	61668104	37	0.5979
0298819c-c447-44f3-9067-433801c5838a	9	61680289	63580418	36	-0.0634
0298819c-c447-44f3-9067-433801c5838a	9	63590317	63592813	7	1.2437
0298819c-c447-44f3-9067-433801c5838a	9	63614182	102079950	23543	0.0038
0298819c-c447-44f3-9067-433801c5838a	9	102085552	102176033	81	0.4212
0298819c-c447-44f3-9067-433801c5838a	9	102178547	138200944	24030	-0.0033
0298819c-c447-44f3-9067-433801c5838a	10	45792	12121858	10094	-0.0055
0298819c-c447-44f3-9067-433801c5838a	10	12123998	12127513	2	2.3902
0298819c-c447-44f3-9067-433801c5838a	10	12134998	46522514	21318	-0.0041
0298819c-c447-44f3-9067-433801c5838a	10	46522571	46526061	11	1.003
0298819c-c447-44f3-9067-433801c5838a	10	46526086	55682282	5805	0.0058
0298819c-c447-44f3-9067-433801c5838a	10	55682553	55838633	117	0.2334
0298819c-c447-44f3-9067-433801c5838a	10	55840284	55940457	65	0.0012
0298819c-c447-44f3-9067-433801c5838a	10	55943060	55945440	2	2.534
0298819c-c447-44f3-9067-433801c5838a	10	55950582	59605153	2619	0.0219
0298819c-c447-44f3-9067-433801c5838a	10	59605316	59605424	2	2.6057
0298819c-c447-44f3-9067-433801c5838a	10	59605506	66318454	4629	0.0097
0298819c-c447-44f3-9067-433801c5838a	10	66319415	66347738	28	-0.9966
0298819c-c447-44f3-9067-433801c5838a	10	66349315	68242351	1130	0.0212
0298819c-c447-44f3-9067-433801c5838a	10	68243178	68245197	2	-1.7636
0298819c-c447-44f3-9067-433801c5838a	10	68245233	76493093	4975	-0.014
0298819c-c447-44f3-9067-433801c5838a	10	76497303	76497852	2	2.6332
0298819c-c447-44f3-9067-433801c5838a	10	76501509	82646692	4402	-0.0033
0298819c-c447-44f3-9067-433801c5838a	10	82650973	82672084	38	1.1028
0298819c-c447-44f3-9067-433801c5838a	10	82672599	98062123	10074	-0.0019
0298819c-c447-44f3-9067-433801c5838a	10	98062830	98067969	2	-2.1206
0298819c-c447-44f3-9067-433801c5838a	10	98069873	122574497	16744	-0.0009
0298819c-c447-44f3-9067-433801c5838a	10	122584593	122587462	5	-1.4674
0298819c-c447-44f3-9067-433801c5838a	10	122597296	133654968	7845	-0.0147
0298819c-c447-44f3-9067-433801c5838a	11	198510	4933377	2373	-0.0068
0298819c-c447-44f3-9067-433801c5838a	11	4940288	4940599	4	1.1283
0298819c-c447-44f3-9067-433801c5838a	11	4940679	4946420	21	0.278
0298819c-c447-44f3-9067-433801c5838a	11	4947280	4952799	25	0.8443
0298819c-c447-44f3-9067-433801c5838a	11	4953934	5762165	774	0.0205
0298819c-c447-44f3-9067-433801c5838a	11	5762452	5781442	26	0.5929
0298819c-c447-44f3-9067-433801c5838a	11	5781506	13706464	6002	-0.0053
0298819c-c447-44f3-9067-433801c5838a	11	13708012	13709790	2	-1.8002
0298819c-c447-44f3-9067-433801c5838a	11	13710095	18072696	2788	0.0047
0298819c-c447-44f3-9067-433801c5838a	11	18077850	18078182	2	-2.3531
0298819c-c447-44f3-9067-433801c5838a	11	18079027	36942730	13762	0.0089
0298819c-c447-44f3-9067-433801c5838a	11	36945710	37662042	483	0.1573
0298819c-c447-44f3-9067-433801c5838a	11	37662182	55588246	7891	0.0068
0298819c-c447-44f3-9067-433801c5838a	11	55591984	55805069	153	0.2928
0298819c-c447-44f3-9067-433801c5838a	11	55808325	109124087	33077	0.0062
0298819c-c447-44f3-9067-433801c5838a	11	109126820	109127235	2	-2.3413
0298819c-c447-44f3-9067-433801c5838a	11	109127412	131809011	16185	-0.0053
0298819c-c447-44f3-9067-433801c5838a	11	131811155	131811337	2	2.1928
0298819c-c447-44f3-9067-433801c5838a	11	131812326	135074876	2500	0.0045
0298819c-c447-44f3-9067-433801c5838a	12	51460	133201603	84129	0.0042
0298819c-c447-44f3-9067-433801c5838a	13	18452809	37497899	13336	0.0002
0298819c-c447-44f3-9067-433801c5838a	13	37498087	37514193	16	0.8758
0298819c-c447-44f3-9067-433801c5838a	13	37514237	50970918	9035	0.0085
0298819c-c447-44f3-9067-433801c5838a	13	50972775	50975062	2	2.7287
0298819c-c447-44f3-9067-433801c5838a	13	50975421	91442720	24854	0.0174
0298819c-c447-44f3-9067-433801c5838a	13	91442770	91445570	2	2.276
0298819c-c447-44f3-9067-433801c5838a	13	91446823	93788655	1629	0.0071
0298819c-c447-44f3-9067-433801c5838a	13	93790739	93792924	2	-1.6635
0298819c-c447-44f3-9067-433801c5838a	13	93794627	99562536	3787	-0.0014
0298819c-c447-44f3-9067-433801c5838a	13	99566055	99566071	2	2.0652
0298819c-c447-44f3-9067-433801c5838a	13	99566277	105370372	4510	0.0023
0298819c-c447-44f3-9067-433801c5838a	13	105370636	105374205	2	2.3142
0298819c-c447-44f3-9067-433801c5838a	13	105374508	114342922	6344	0.0041
0298819c-c447-44f3-9067-433801c5838a	14	18239283	19957701	168	0.2713
0298819c-c447-44f3-9067-433801c5838a	14	19957752	21833069	1234	0.0054
0298819c-c447-44f3-9067-433801c5838a	14	21835401	22528875	621	0.2533
0298819c-c447-44f3-9067-433801c5838a	14	22530451	41141293	11590	0.004
0298819c-c447-44f3-9067-433801c5838a	14	41141487	41184774	12	-0.8331
0298819c-c447-44f3-9067-433801c5838a	14	41188046	46340079	2946	0.0349
0298819c-c447-44f3-9067-433801c5838a	14	46342732	46372623	26	0.4824
0298819c-c447-44f3-9067-433801c5838a	14	46372885	73534419	17314	-0.003
0298819c-c447-44f3-9067-433801c5838a	14	73540003	73554275	8	-1.5893
0298819c-c447-44f3-9067-433801c5838a	14	73563196	82021119	5521	0.0029
0298819c-c447-44f3-9067-433801c5838a	14	82024115	82026948	3	1.6844
0298819c-c447-44f3-9067-433801c5838a	14	82030853	98855137	11600	0.0055
0298819c-c447-44f3-9067-433801c5838a	14	98857675	98898762	31	-0.3938
0298819c-c447-44f3-9067-433801c5838a	14	98899674	105537192	3328	-0.0123
0298819c-c447-44f3-9067-433801c5838a	14	105541843	105728964	25	0.6518
0298819c-c447-44f3-9067-433801c5838a	14	105730778	106294689	190	0.1381
0298819c-c447-44f3-9067-433801c5838a	14	106297265	106297273	3	2.2229
0298819c-c447-44f3-9067-433801c5838a	14	106297409	106412640	50	0.0345
0298819c-c447-44f3-9067-433801c5838a	14	106416146	106475361	52	-0.5214
0298819c-c447-44f3-9067-433801c5838a	14	106487515	106877229	192	-0.0139
0298819c-c447-44f3-9067-433801c5838a	15	19811075	21997003	177	-0.1035
0298819c-c447-44f3-9067-433801c5838a	15	21999319	22269782	19	-0.9238
0298819c-c447-44f3-9067-433801c5838a	15	22270474	57349879	21168	0.003
0298819c-c447-44f3-9067-433801c5838a	15	57351455	57489379	145	0.6171
0298819c-c447-44f3-9067-433801c5838a	15	57491356	76598900	12110	-0.0055
0298819c-c447-44f3-9067-433801c5838a	15	76599170	76603434	21	0.9173
0298819c-c447-44f3-9067-433801c5838a	15	76609838	85536505	5115	0.0017
0298819c-c447-44f3-9067-433801c5838a	15	85536891	85542083	3	2.1025
0298819c-c447-44f3-9067-433801c5838a	15	85542545	92222525	4976	0.0011
0298819c-c447-44f3-9067-433801c5838a	15	92222644	92223064	3	2.0009
0298819c-c447-44f3-9067-433801c5838a	15	92223528	101928837	7365	0.0104
0298819c-c447-44f3-9067-433801c5838a	16	10777	1577467	520	-0.136
0298819c-c447-44f3-9067-433801c5838a	16	1581850	33045427	19340	-0.0088
0298819c-c447-44f3-9067-433801c5838a	16	33340712	33878634	19	0.7574
0298819c-c447-44f3-9067-433801c5838a	16	33914489	77471140	20111	-0.005
0298819c-c447-44f3-9067-433801c5838a	16	77471236	77471970	2	-2.4976
0298819c-c447-44f3-9067-433801c5838a	16	77472544	84390031	7566	-0.0086
0298819c-c447-44f3-9067-433801c5838a	16	84390707	84671063	270	-0.1954
0298819c-c447-44f3-9067-433801c5838a	16	84671639	88065651	2786	-0.0251
0298819c-c447-44f3-9067-433801c5838a	16	88065676	90096867	839	-0.102
0298819c-c447-44f3-9067-433801c5838a	17	150733	27036773	12834	-0.011
0298819c-c447-44f3-9067-433801c5838a	17	27049380	27099099	32	-1.026
0298819c-c447-44f3-9067-433801c5838a	17	27105277	36113461	5246	0.0012
0298819c-c447-44f3-9067-433801c5838a	17	36116407	36150221	30	0.5517
0298819c-c447-44f3-9067-433801c5838a	17	36157718	41265456	2512	0.0002
0298819c-c447-44f3-9067-433801c5838a	17	41266762	41274198	23	1.1774
0298819c-c447-44f3-9067-433801c5838a	17	41274279	46085732	2487	-0.0187
0298819c-c447-44f3-9067-433801c5838a	17	46088437	46186715	80	0.3031
0298819c-c447-44f3-9067-433801c5838a	17	46188656	51462832	2531	-0.0017
0298819c-c447-44f3-9067-433801c5838a	17	51464816	51464858	2	-2.2948
0298819c-c447-44f3-9067-433801c5838a	17	51465357	80655063	17989	-0.002
0298819c-c447-44f3-9067-433801c5838a	17	80655993	80660379	2	2.5583
0298819c-c447-44f3-9067-433801c5838a	17	80660500	83091923	943	-0.019
0298819c-c447-44f3-9067-433801c5838a	18	48133	2023812	1425	0.0019
0298819c-c447-44f3-9067-433801c5838a	18	2027952	2028333	2	2.5359
0298819c-c447-44f3-9067-433801c5838a	18	2029049	2048608	16	0.5718
0298819c-c447-44f3-9067-433801c5838a	18	2050683	6567539	3170	0.0092
0298819c-c447-44f3-9067-433801c5838a	18	6567653	6569496	4	1.6647
0298819c-c447-44f3-9067-433801c5838a	18	6570027	40678132	17976	0.0019
0298819c-c447-44f3-9067-433801c5838a	18	40678205	40678426	5	1.3093
0298819c-c447-44f3-9067-433801c5838a	18	40678439	42476720	1232	0.0047
0298819c-c447-44f3-9067-433801c5838a	18	42476918	42477490	17	0.5794
0298819c-c447-44f3-9067-433801c5838a	18	42477506	71638913	20087	0.0044
0298819c-c447-44f3-9067-433801c5838a	18	71639051	73866235	1782	0.0853
0298819c-c447-44f3-9067-433801c5838a	18	73868105	75517140	1257	-0.0091
0298819c-c447-44f3-9067-433801c5838a	18	75519322	75521962	2	2.1581
0298819c-c447-44f3-9067-433801c5838a	18	75523021	80257174	3306	-0.008
0298819c-c447-44f3-9067-433801c5838a	19	90910	58586487	28951	-0.0105
0298819c-c447-44f3-9067-433801c5838a	20	80664	64324800	42065	0.0026
0298819c-c447-44f3-9067-433801c5838a	21	10354168	22926677	6692	0.0172
0298819c-c447-44f3-9067-433801c5838a	21	22927385	23085532	152	0.2491
0298819c-c447-44f3-9067-433801c5838a	21	23085610	24213071	954	0.0208
0298819c-c447-44f3-9067-433801c5838a	21	24215936	24216026	3	-1.5434
0298819c-c447-44f3-9067-433801c5838a	21	24216643	36103191	8511	0.0089
0298819c-c447-44f3-9067-433801c5838a	21	36104061	36112582	3	1.5663
0298819c-c447-44f3-9067-433801c5838a	21	36112644	43307100	5642	-0.0015
0298819c-c447-44f3-9067-433801c5838a	21	43309453	43313191	3	1.6972
0298819c-c447-44f3-9067-433801c5838a	21	43313213	46677045	1712	-0.0261
0298819c-c447-44f3-9067-433801c5838a	22	15294547	15315221	2	2.0265
0298819c-c447-44f3-9067-433801c5838a	22	15324751	18822581	1130	0.0007
0298819c-c447-44f3-9067-433801c5838a	22	18822597	21988657	1789	-0.113
0298819c-c447-44f3-9067-433801c5838a	22	21988797	22395495	512	-0.0259
0298819c-c447-44f3-9067-433801c5838a	22	22395652	22396060	4	1.6519
0298819c-c447-44f3-9067-433801c5838a	22	22396078	23507615	667	-0.0689
0298819c-c447-44f3-9067-433801c5838a	22	23507992	49146410	18097	-0.0035
0298819c-c447-44f3-9067-433801c5838a	22	49146485	50796027	946	-0.097
0298819c-c447-44f3-9067-433801c5838a	X	251810	876695	79	-0.0053
0298819c-c447-44f3-9067-433801c5838a	X	1006176	1923307	6	-2.0884
0298819c-c447-44f3-9067-433801c5838a	X	2401914	16632368	9957	-0.071
0298819c-c447-44f3-9067-433801c5838a	X	16635011	16850653	98	-2.4448
0298819c-c447-44f3-9067-433801c5838a	X	16858229	16953237	61	-0.0622
0298819c-c447-44f3-9067-433801c5838a	X	16953668	17101386	71	-2.2591
0298819c-c447-44f3-9067-433801c5838a	X	17104358	18770449	874	-0.0586
0298819c-c447-44f3-9067-433801c5838a	X	18773904	18781387	8	-1.7753
0298819c-c447-44f3-9067-433801c5838a	X	18781767	19552298	439	-0.1125
0298819c-c447-44f3-9067-433801c5838a	X	19555438	19792485	140	-2.7712
0298819c-c447-44f3-9067-433801c5838a	X	19805752	25437340	3428	-0.056
0298819c-c447-44f3-9067-433801c5838a	X	25439857	26867296	898	-2.8392
0298819c-c447-44f3-9067-433801c5838a	X	26871701	32410696	3628	-0.0641
0298819c-c447-44f3-9067-433801c5838a	X	32412309	32412623	2	-4.2096
0298819c-c447-44f3-9067-433801c5838a	X	32412650	34491088	1522	-0.0189
0298819c-c447-44f3-9067-433801c5838a	X	34491428	35644676	637	-2.5786
0298819c-c447-44f3-9067-433801c5838a	X	35646001	41114224	3113	-0.0717
0298819c-c447-44f3-9067-433801c5838a	X	41119055	41170927	36	1.4776
0298819c-c447-44f3-9067-433801c5838a	X	41173251	41580800	188	-0.074
0298819c-c447-44f3-9067-433801c5838a	X	41594793	42434362	424	1.8824
0298819c-c447-44f3-9067-433801c5838a	X	42435329	43860486	782	1.4815
0298819c-c447-44f3-9067-433801c5838a	X	43861041	44210906	225	1.8903
0298819c-c447-44f3-9067-433801c5838a	X	44216421	44579028	221	2.8712
0298819c-c447-44f3-9067-433801c5838a	X	44582973	44664921	28	-1.8959
0298819c-c447-44f3-9067-433801c5838a	X	44665618	44668857	5	-6.7499
0298819c-c447-44f3-9067-433801c5838a	X	44669267	44795709	64	-2.452
0298819c-c447-44f3-9067-433801c5838a	X	44801079	44974596	75	2.7973
0298819c-c447-44f3-9067-433801c5838a	X	44975467	45093955	48	-2.2894
0298819c-c447-44f3-9067-433801c5838a	X	45096428	45251387	74	2.6305
0298819c-c447-44f3-9067-433801c5838a	X	45252679	46277397	527	-2.5398
0298819c-c447-44f3-9067-433801c5838a	X	46289093	46292802	4	3.1111
0298819c-c447-44f3-9067-433801c5838a	X	46292871	46426603	80	-2.7352
0298819c-c447-44f3-9067-433801c5838a	X	46431786	47059940	313	2.923
0298819c-c447-44f3-9067-433801c5838a	X	47061173	47106381	23	-3.0079
0298819c-c447-44f3-9067-433801c5838a	X	47117551	47674442	282	2.8497
0298819c-c447-44f3-9067-433801c5838a	X	47675555	48578119	434	2.3388
0298819c-c447-44f3-9067-433801c5838a	X	48583105	48834365	90	1.4624
0298819c-c447-44f3-9067-433801c5838a	X	48854195	49238942	149	2.3472
0298819c-c447-44f3-9067-433801c5838a	X	49239600	49912167	204	2.0699
0298819c-c447-44f3-9067-433801c5838a	X	49912300	50936187	532	2.3338
0298819c-c447-44f3-9067-433801c5838a	X	50940455	52657472	693	2.8395
0298819c-c447-44f3-9067-433801c5838a	X	52789762	53213447	165	-2.0695
0298819c-c447-44f3-9067-433801c5838a	X	53215358	53312360	46	2.7124
0298819c-c447-44f3-9067-433801c5838a	X	53317488	53436848	33	1.4916
0298819c-c447-44f3-9067-433801c5838a	X	53437772	54595045	438	-0.043
0298819c-c447-44f3-9067-433801c5838a	X	54600558	54619774	8	-1.1428
0298819c-c447-44f3-9067-433801c5838a	X	54621264	55208901	268	-2.5889
0298819c-c447-44f3-9067-433801c5838a	X	55209102	139877255	41392	-0.0295
0298819c-c447-44f3-9067-433801c5838a	X	139882112	139882238	2	-4.6396
0298819c-c447-44f3-9067-433801c5838a	X	139882953	147102794	4704	-0.0438
0298819c-c447-44f3-9067-433801c5838a	X	147102826	147105313	11	1.2201
0298819c-c447-44f3-9067-433801c5838a	X	147106160	155952689	4907	-0.0608
0298819c-c447-44f3-9067-433801c5838a	Y	2782397	7275103	1090	-2.5175
0298819c-c447-44f3-9067-433801c5838a	Y	7279659	9330531	1133	-2.8305
0298819c-c447-44f3-9067-433801c5838a	Y	9332936	9550385	21	-4.8621
0298819c-c447-44f3-9067-433801c5838a	Y	9550653	56872112	4386	-2.6679
