GDC_Aliquot	Chromosome	Start	End	Num_Probes	Segment_Mean
d9ea28a9-efc9-48de-828d-86e86dfc1095	1	62920	3337377	768	0.1084
d9ea28a9-efc9-48de-828d-86e86dfc1095	1	3337536	12779433	5720	0.0272
d9ea28a9-efc9-48de-828d-86e86dfc1095	1	12792599	12822696	23	-0.4795
d9ea28a9-efc9-48de-828d-86e86dfc1095	1	12823233	16470247	2114	0.0326
d9ea28a9-efc9-48de-828d-86e86dfc1095	1	16471261	16934716	123	0.308
d9ea28a9-efc9-48de-828d-86e86dfc1095	1	16934753	18819939	1415	0.024
d9ea28a9-efc9-48de-828d-86e86dfc1095	1	18827270	18827571	3	-1.0353
d9ea28a9-efc9-48de-828d-86e86dfc1095	1	18829475	34626073	8818	0.0299
d9ea28a9-efc9-48de-828d-86e86dfc1095	1	34637053	34638890	20	-0.5513
d9ea28a9-efc9-48de-828d-86e86dfc1095	1	34648667	40924285	3395	0.0274
d9ea28a9-efc9-48de-828d-86e86dfc1095	1	40925053	44816032	2349	0.0128
d9ea28a9-efc9-48de-828d-86e86dfc1095	1	44823546	44824215	5	-0.7769
d9ea28a9-efc9-48de-828d-86e86dfc1095	1	44826275	61647430	10699	0.0036
d9ea28a9-efc9-48de-828d-86e86dfc1095	1	61648334	61652515	4	-0.9424
d9ea28a9-efc9-48de-828d-86e86dfc1095	1	61654137	103613180	27340	0.0004
d9ea28a9-efc9-48de-828d-86e86dfc1095	1	103614539	103760781	13	-0.7261
d9ea28a9-efc9-48de-828d-86e86dfc1095	1	103760879	109690352	3566	0.0061
d9ea28a9-efc9-48de-828d-86e86dfc1095	1	109690415	109702376	13	-0.9086
d9ea28a9-efc9-48de-828d-86e86dfc1095	1	109703504	114289343	3293	-0.0015
d9ea28a9-efc9-48de-828d-86e86dfc1095	1	114291004	114291088	2	-1.6437
d9ea28a9-efc9-48de-828d-86e86dfc1095	1	114291180	119472206	3305	0.0052
d9ea28a9-efc9-48de-828d-86e86dfc1095	1	119472300	143748590	626	0.0578
d9ea28a9-efc9-48de-828d-86e86dfc1095	1	143748728	143762042	18	0.5497
d9ea28a9-efc9-48de-828d-86e86dfc1095	1	143796140	152583051	2320	0.0333
d9ea28a9-efc9-48de-828d-86e86dfc1095	1	152583230	152614064	33	-1.7766
d9ea28a9-efc9-48de-828d-86e86dfc1095	1	152614100	152789447	169	0.0481
d9ea28a9-efc9-48de-828d-86e86dfc1095	1	152789463	152796224	36	-0.4169
d9ea28a9-efc9-48de-828d-86e86dfc1095	1	152801429	158896783	3607	0.0051
d9ea28a9-efc9-48de-828d-86e86dfc1095	1	158898711	158899969	2	-1.6443
d9ea28a9-efc9-48de-828d-86e86dfc1095	1	158905028	199138574	27250	0
d9ea28a9-efc9-48de-828d-86e86dfc1095	1	199142235	199144712	9	-0.9052
d9ea28a9-efc9-48de-828d-86e86dfc1095	1	199145110	209897717	7389	-0.0062
d9ea28a9-efc9-48de-828d-86e86dfc1095	1	209908268	209908720	2	-1.9733
d9ea28a9-efc9-48de-828d-86e86dfc1095	1	209910639	238691981	19943	-0.0033
d9ea28a9-efc9-48de-828d-86e86dfc1095	1	238692338	238692794	3	-1.3696
d9ea28a9-efc9-48de-828d-86e86dfc1095	1	238699149	248930189	7047	0.0055
d9ea28a9-efc9-48de-828d-86e86dfc1095	2	12784	4158097	2987	0.0304
d9ea28a9-efc9-48de-828d-86e86dfc1095	2	4166274	4175577	36	-0.6223
d9ea28a9-efc9-48de-828d-86e86dfc1095	2	4175922	34427804	21037	0.0053
d9ea28a9-efc9-48de-828d-86e86dfc1095	2	34434869	34502784	54	-0.3536
d9ea28a9-efc9-48de-828d-86e86dfc1095	2	34502800	35750907	872	0.0252
d9ea28a9-efc9-48de-828d-86e86dfc1095	2	35752724	35762850	6	0.7386
d9ea28a9-efc9-48de-828d-86e86dfc1095	2	35762881	37195566	1163	0.0086
d9ea28a9-efc9-48de-828d-86e86dfc1095	2	37196314	37976642	581	0.0859
d9ea28a9-efc9-48de-828d-86e86dfc1095	2	37979762	50749033	9159	-0.0006
d9ea28a9-efc9-48de-828d-86e86dfc1095	2	50749321	50749714	5	-0.763
d9ea28a9-efc9-48de-828d-86e86dfc1095	2	50750841	52514599	1199	0.0275
d9ea28a9-efc9-48de-828d-86e86dfc1095	2	52516787	52554404	41	-0.5741
d9ea28a9-efc9-48de-828d-86e86dfc1095	2	52560811	80860056	18533	0.0061
d9ea28a9-efc9-48de-828d-86e86dfc1095	2	80863217	80929097	42	0.6198
d9ea28a9-efc9-48de-828d-86e86dfc1095	2	80935908	85105322	2355	0.0178
d9ea28a9-efc9-48de-828d-86e86dfc1095	2	85105337	85106283	2	-1.8618
d9ea28a9-efc9-48de-828d-86e86dfc1095	2	85106853	97537802	2900	0.015
d9ea28a9-efc9-48de-828d-86e86dfc1095	2	97540809	97545247	3	-1.9414
d9ea28a9-efc9-48de-828d-86e86dfc1095	2	97545726	106257435	5555	0.0078
d9ea28a9-efc9-48de-828d-86e86dfc1095	2	106257550	106270952	18	0.4796
d9ea28a9-efc9-48de-828d-86e86dfc1095	2	106271414	139603816	19785	0.0127
d9ea28a9-efc9-48de-828d-86e86dfc1095	2	139608522	139615765	2	-3.1534
d9ea28a9-efc9-48de-828d-86e86dfc1095	2	139620979	146104517	4006	0.0004
d9ea28a9-efc9-48de-828d-86e86dfc1095	2	146106836	146109366	24	-1.9474
d9ea28a9-efc9-48de-828d-86e86dfc1095	2	146120238	159102108	7773	0.0034
d9ea28a9-efc9-48de-828d-86e86dfc1095	2	159103831	159104461	2	-2.1903
d9ea28a9-efc9-48de-828d-86e86dfc1095	2	159106775	210495760	30942	0.0013
d9ea28a9-efc9-48de-828d-86e86dfc1095	2	210497798	210499457	3	-1.1372
d9ea28a9-efc9-48de-828d-86e86dfc1095	2	210511646	219184665	5661	-0.0018
d9ea28a9-efc9-48de-828d-86e86dfc1095	2	219185164	219189611	3	-1.3014
d9ea28a9-efc9-48de-828d-86e86dfc1095	2	219191993	221430300	1501	0.003
d9ea28a9-efc9-48de-828d-86e86dfc1095	2	221431600	221432387	3	-0.985
d9ea28a9-efc9-48de-828d-86e86dfc1095	2	221436637	228397576	4619	-0.0052
d9ea28a9-efc9-48de-828d-86e86dfc1095	2	228399698	228401658	2	-2.7519
d9ea28a9-efc9-48de-828d-86e86dfc1095	2	228404140	228892290	291	-0.0021
d9ea28a9-efc9-48de-828d-86e86dfc1095	2	228894763	228895120	7	-1.1236
d9ea28a9-efc9-48de-828d-86e86dfc1095	2	228895197	242147305	8190	0.0088
d9ea28a9-efc9-48de-828d-86e86dfc1095	3	20930	182919	154	0.0448
d9ea28a9-efc9-48de-828d-86e86dfc1095	3	188339	191117	4	-0.9506
d9ea28a9-efc9-48de-828d-86e86dfc1095	3	193194	502760	297	0.0305
d9ea28a9-efc9-48de-828d-86e86dfc1095	3	503330	2605487	1784	0.065
d9ea28a9-efc9-48de-828d-86e86dfc1095	3	2605519	6604856	3574	0.0142
d9ea28a9-efc9-48de-828d-86e86dfc1095	3	6609441	6611645	23	-0.4677
d9ea28a9-efc9-48de-828d-86e86dfc1095	3	6613391	99218940	57825	0.0037
d9ea28a9-efc9-48de-828d-86e86dfc1095	3	99225614	99230470	37	-0.5343
d9ea28a9-efc9-48de-828d-86e86dfc1095	3	99230577	100607461	745	-0.0076
d9ea28a9-efc9-48de-828d-86e86dfc1095	3	100621224	100723665	58	0.587
d9ea28a9-efc9-48de-828d-86e86dfc1095	3	100727772	130044016	17881	-0.0007
d9ea28a9-efc9-48de-828d-86e86dfc1095	3	130044855	130087393	38	0.6694
d9ea28a9-efc9-48de-828d-86e86dfc1095	3	130088081	162790480	20240	-0.001
d9ea28a9-efc9-48de-828d-86e86dfc1095	3	162794869	163001774	144	0.2695
d9ea28a9-efc9-48de-828d-86e86dfc1095	3	163008371	193162684	19077	0.0004
d9ea28a9-efc9-48de-828d-86e86dfc1095	3	193162798	193165114	12	1.7814
d9ea28a9-efc9-48de-828d-86e86dfc1095	3	193168646	195559056	1481	-0.011
d9ea28a9-efc9-48de-828d-86e86dfc1095	3	195656271	195728990	27	0.4791
d9ea28a9-efc9-48de-828d-86e86dfc1095	3	195729005	195934679	97	0.042
d9ea28a9-efc9-48de-828d-86e86dfc1095	3	195963975	195991894	7	1.0911
d9ea28a9-efc9-48de-828d-86e86dfc1095	3	195998433	198169247	1079	0.0374
d9ea28a9-efc9-48de-828d-86e86dfc1095	4	68929	121682	37	0.769
d9ea28a9-efc9-48de-828d-86e86dfc1095	4	141056	945136	296	0.1048
d9ea28a9-efc9-48de-828d-86e86dfc1095	4	945616	3965346	1249	0.0076
d9ea28a9-efc9-48de-828d-86e86dfc1095	4	3969292	3982817	2	-1.2232
d9ea28a9-efc9-48de-828d-86e86dfc1095	4	3983081	4081209	32	0.032
d9ea28a9-efc9-48de-828d-86e86dfc1095	4	4091837	4174902	25	0.3119
d9ea28a9-efc9-48de-828d-86e86dfc1095	4	4175446	8684447	3425	0.0086
d9ea28a9-efc9-48de-828d-86e86dfc1095	4	8685181	9455251	86	0.103
d9ea28a9-efc9-48de-828d-86e86dfc1095	4	9459504	9463248	3	1.3371
d9ea28a9-efc9-48de-828d-86e86dfc1095	4	9469529	10208489	536	0.0315
d9ea28a9-efc9-48de-828d-86e86dfc1095	4	10208518	10208766	4	0.4843
d9ea28a9-efc9-48de-828d-86e86dfc1095	4	10221792	10233644	35	-0.9066
d9ea28a9-efc9-48de-828d-86e86dfc1095	4	10234518	34785541	16967	-0.0007
d9ea28a9-efc9-48de-828d-86e86dfc1095	4	34786399	34837370	42	0.3778
d9ea28a9-efc9-48de-828d-86e86dfc1095	4	34839673	63828222	16536	0.0082
d9ea28a9-efc9-48de-828d-86e86dfc1095	4	63831751	63842540	28	-0.3345
d9ea28a9-efc9-48de-828d-86e86dfc1095	4	63850713	68354665	2848	-0.0011
d9ea28a9-efc9-48de-828d-86e86dfc1095	4	68361130	68395346	7	1.1446
d9ea28a9-efc9-48de-828d-86e86dfc1095	4	68416487	68501424	16	-0.2878
d9ea28a9-efc9-48de-828d-86e86dfc1095	4	68506285	68623617	66	0.5906
d9ea28a9-efc9-48de-828d-86e86dfc1095	4	68639397	68686026	7	-0.5511
d9ea28a9-efc9-48de-828d-86e86dfc1095	4	68725894	68880076	95	0.0612
d9ea28a9-efc9-48de-828d-86e86dfc1095	4	68884032	68884070	2	-1.4696
d9ea28a9-efc9-48de-828d-86e86dfc1095	4	68886430	69257792	209	0.0681
d9ea28a9-efc9-48de-828d-86e86dfc1095	4	69261926	69363716	53	-0.6539
d9ea28a9-efc9-48de-828d-86e86dfc1095	4	69366081	107130343	22848	0
d9ea28a9-efc9-48de-828d-86e86dfc1095	4	107144594	107155376	38	-0.7881
d9ea28a9-efc9-48de-828d-86e86dfc1095	4	107156277	137018143	17535	0.0046
d9ea28a9-efc9-48de-828d-86e86dfc1095	4	137018216	137025215	15	-0.7598
d9ea28a9-efc9-48de-828d-86e86dfc1095	4	137027745	151868634	8921	-0.0048
d9ea28a9-efc9-48de-828d-86e86dfc1095	4	151870381	151871415	12	-1.017
d9ea28a9-efc9-48de-828d-86e86dfc1095	4	151871739	160132499	5229	-0.0054
d9ea28a9-efc9-48de-828d-86e86dfc1095	4	160132562	160162718	37	0.2693
d9ea28a9-efc9-48de-828d-86e86dfc1095	4	160162917	160958972	593	0.0147
d9ea28a9-efc9-48de-828d-86e86dfc1095	4	160958989	160963432	17	0.42
d9ea28a9-efc9-48de-828d-86e86dfc1095	4	160963448	172066777	7069	0.0051
d9ea28a9-efc9-48de-828d-86e86dfc1095	4	172067997	172068382	12	0.6289
d9ea28a9-efc9-48de-828d-86e86dfc1095	4	172074828	180707058	5542	0.0036
d9ea28a9-efc9-48de-828d-86e86dfc1095	4	180709481	180709641	2	-1.562
d9ea28a9-efc9-48de-828d-86e86dfc1095	4	180711979	180885485	128	0.0924
d9ea28a9-efc9-48de-828d-86e86dfc1095	4	180885688	188337623	5301	0.0171
d9ea28a9-efc9-48de-828d-86e86dfc1095	4	188337776	190106768	1096	0.0686
d9ea28a9-efc9-48de-828d-86e86dfc1095	5	15532	685633	306	0.0951
d9ea28a9-efc9-48de-828d-86e86dfc1095	5	698256	779766	28	-1.1277
d9ea28a9-efc9-48de-828d-86e86dfc1095	5	800724	1094274	109	0.0047
d9ea28a9-efc9-48de-828d-86e86dfc1095	5	1097808	1927239	501	0.115
d9ea28a9-efc9-48de-828d-86e86dfc1095	5	1927298	8390255	5715	0.014
d9ea28a9-efc9-48de-828d-86e86dfc1095	5	8396348	8396772	3	-1.3132
d9ea28a9-efc9-48de-828d-86e86dfc1095	5	8398273	20737631	8669	0.014
d9ea28a9-efc9-48de-828d-86e86dfc1095	5	20739562	20753173	6	1.3618
d9ea28a9-efc9-48de-828d-86e86dfc1095	5	20753859	58025819	20367	0.0061
d9ea28a9-efc9-48de-828d-86e86dfc1095	5	58030200	58037706	32	1.5709
d9ea28a9-efc9-48de-828d-86e86dfc1095	5	58042530	63304263	3461	-0.0078
d9ea28a9-efc9-48de-828d-86e86dfc1095	5	63304699	63857796	320	0.0847
d9ea28a9-efc9-48de-828d-86e86dfc1095	5	63858997	97145771	18767	-0.0057
d9ea28a9-efc9-48de-828d-86e86dfc1095	5	97147776	106897163	5675	0.0239
d9ea28a9-efc9-48de-828d-86e86dfc1095	5	106897172	140839137	21768	0.0016
d9ea28a9-efc9-48de-828d-86e86dfc1095	5	140844251	140852254	9	-0.856
d9ea28a9-efc9-48de-828d-86e86dfc1095	5	140861442	156054939	10208	-0.0047
d9ea28a9-efc9-48de-828d-86e86dfc1095	5	156055000	156055719	8	-0.8214
d9ea28a9-efc9-48de-828d-86e86dfc1095	5	156068240	181363319	16770	0.0104
d9ea28a9-efc9-48de-828d-86e86dfc1095	6	149661	251566	93	0.047
d9ea28a9-efc9-48de-828d-86e86dfc1095	6	251648	294837	31	0.4919
d9ea28a9-efc9-48de-828d-86e86dfc1095	6	302306	402087	97	0.2101
d9ea28a9-efc9-48de-828d-86e86dfc1095	6	403799	19039888	14535	0
d9ea28a9-efc9-48de-828d-86e86dfc1095	6	19041950	19042587	3	-1.0627
d9ea28a9-efc9-48de-828d-86e86dfc1095	6	19044471	23060763	2931	0.0001
d9ea28a9-efc9-48de-828d-86e86dfc1095	6	23060767	23064026	3	-1.3361
d9ea28a9-efc9-48de-828d-86e86dfc1095	6	23067417	24827427	1252	0.0104
d9ea28a9-efc9-48de-828d-86e86dfc1095	6	24827463	24828331	3	-1.5129
d9ea28a9-efc9-48de-828d-86e86dfc1095	6	24832485	29869295	2680	-0.0004
d9ea28a9-efc9-48de-828d-86e86dfc1095	6	29869410	29969485	57	0.5255
d9ea28a9-efc9-48de-828d-86e86dfc1095	6	29969534	31313046	618	0.0416
d9ea28a9-efc9-48de-828d-86e86dfc1095	6	31318499	31328176	8	-1.9759
d9ea28a9-efc9-48de-828d-86e86dfc1095	6	31328210	32486498	503	0.0783
d9ea28a9-efc9-48de-828d-86e86dfc1095	6	32486746	32533522	14	1.1939
d9ea28a9-efc9-48de-828d-86e86dfc1095	6	32540699	32550992	5	-0.4508
d9ea28a9-efc9-48de-828d-86e86dfc1095	6	32559507	32658841	42	0.3961
d9ea28a9-efc9-48de-828d-86e86dfc1095	6	32682835	42114071	6163	0.007
d9ea28a9-efc9-48de-828d-86e86dfc1095	6	42116408	42117017	4	-1.17
d9ea28a9-efc9-48de-828d-86e86dfc1095	6	42130341	54066269	7510	-0.0023
d9ea28a9-efc9-48de-828d-86e86dfc1095	6	54066286	54067057	8	-1.2372
d9ea28a9-efc9-48de-828d-86e86dfc1095	6	54070550	58146441	2096	-0.0015
d9ea28a9-efc9-48de-828d-86e86dfc1095	6	58146456	61716610	594	0.0852
d9ea28a9-efc9-48de-828d-86e86dfc1095	6	61717377	64627049	1531	0.0034
d9ea28a9-efc9-48de-828d-86e86dfc1095	6	64637651	64639099	2	1.767
d9ea28a9-efc9-48de-828d-86e86dfc1095	6	64640883	67451592	2040	0.019
d9ea28a9-efc9-48de-828d-86e86dfc1095	6	67457081	67457396	4	-1.2092
d9ea28a9-efc9-48de-828d-86e86dfc1095	6	67457837	72508989	3260	0.0029
d9ea28a9-efc9-48de-828d-86e86dfc1095	6	72512139	72512361	2	-2.8077
d9ea28a9-efc9-48de-828d-86e86dfc1095	6	72518093	73882142	848	-0.0081
d9ea28a9-efc9-48de-828d-86e86dfc1095	6	73882509	73887625	9	-0.4665
d9ea28a9-efc9-48de-828d-86e86dfc1095	6	73891694	76726442	1769	0.008
d9ea28a9-efc9-48de-828d-86e86dfc1095	6	76726815	76742675	17	0.5177
d9ea28a9-efc9-48de-828d-86e86dfc1095	6	76742729	78253172	981	0.0243
d9ea28a9-efc9-48de-828d-86e86dfc1095	6	78259348	78325468	112	0.5583
d9ea28a9-efc9-48de-828d-86e86dfc1095	6	78329517	94576204	10425	0.0092
d9ea28a9-efc9-48de-828d-86e86dfc1095	6	94581306	94582674	2	-1.2562
d9ea28a9-efc9-48de-828d-86e86dfc1095	6	94585346	113900791	11742	-0.0044
d9ea28a9-efc9-48de-828d-86e86dfc1095	6	113903677	113903852	2	-3.2484
d9ea28a9-efc9-48de-828d-86e86dfc1095	6	113904647	129006757	8946	-0.0018
d9ea28a9-efc9-48de-828d-86e86dfc1095	6	129007861	129008008	3	-2.0245
d9ea28a9-efc9-48de-828d-86e86dfc1095	6	129008028	133945130	3434	-0.0041
d9ea28a9-efc9-48de-828d-86e86dfc1095	6	133947933	133948494	2	-1.7704
d9ea28a9-efc9-48de-828d-86e86dfc1095	6	133950934	165418739	21546	0
d9ea28a9-efc9-48de-828d-86e86dfc1095	6	165419193	165427123	3	-1.2454
d9ea28a9-efc9-48de-828d-86e86dfc1095	6	165427154	166774283	1089	-0.0075
d9ea28a9-efc9-48de-828d-86e86dfc1095	6	166774427	170741917	2422	0.0546
d9ea28a9-efc9-48de-828d-86e86dfc1095	7	43355	109793741	66870	0.0049
d9ea28a9-efc9-48de-828d-86e86dfc1095	7	109797035	109800866	23	0.4505
d9ea28a9-efc9-48de-828d-86e86dfc1095	7	109801155	109813853	12	1.0051
d9ea28a9-efc9-48de-828d-86e86dfc1095	7	109813925	142063324	19951	0.0024
d9ea28a9-efc9-48de-828d-86e86dfc1095	7	142069843	142092307	34	-0.4432
d9ea28a9-efc9-48de-828d-86e86dfc1095	7	142099190	144013073	1057	0.0229
d9ea28a9-efc9-48de-828d-86e86dfc1095	7	144013116	144014058	5	-0.9142
d9ea28a9-efc9-48de-828d-86e86dfc1095	7	144014076	144176859	137	-0.024
d9ea28a9-efc9-48de-828d-86e86dfc1095	7	144199159	144264193	9	0.6897
d9ea28a9-efc9-48de-828d-86e86dfc1095	7	144295437	153450553	5555	0.0136
d9ea28a9-efc9-48de-828d-86e86dfc1095	7	153450560	153450627	2	-2.3639
d9ea28a9-efc9-48de-828d-86e86dfc1095	7	153450630	154259569	546	0.083
d9ea28a9-efc9-48de-828d-86e86dfc1095	7	154260278	158512419	3015	0.0076
d9ea28a9-efc9-48de-828d-86e86dfc1095	7	158513809	159334314	527	0.077
d9ea28a9-efc9-48de-828d-86e86dfc1095	8	81254	25116961	21449	0.0186
d9ea28a9-efc9-48de-828d-86e86dfc1095	8	25117007	25126818	25	-2.5981
d9ea28a9-efc9-48de-828d-86e86dfc1095	8	25133589	36211336	7302	0.0061
d9ea28a9-efc9-48de-828d-86e86dfc1095	8	36215045	36219621	5	-0.8174
d9ea28a9-efc9-48de-828d-86e86dfc1095	8	36220823	62121701	14280	0.007
d9ea28a9-efc9-48de-828d-86e86dfc1095	8	62122706	62127192	3	-1.7603
d9ea28a9-efc9-48de-828d-86e86dfc1095	8	62127851	69872555	4547	0.003
d9ea28a9-efc9-48de-828d-86e86dfc1095	8	69873241	69874655	2	-1.3942
d9ea28a9-efc9-48de-828d-86e86dfc1095	8	69880467	94545324	14623	0.0037
d9ea28a9-efc9-48de-828d-86e86dfc1095	8	94545374	94545764	6	0.8829
d9ea28a9-efc9-48de-828d-86e86dfc1095	8	94545887	107751468	8258	-0.0033
d9ea28a9-efc9-48de-828d-86e86dfc1095	8	107751547	107755331	4	-1.1217
d9ea28a9-efc9-48de-828d-86e86dfc1095	8	107756119	111279265	1990	0.0034
d9ea28a9-efc9-48de-828d-86e86dfc1095	8	111282050	111283031	10	-0.9543
d9ea28a9-efc9-48de-828d-86e86dfc1095	8	111288052	128744020	11646	0.0018
d9ea28a9-efc9-48de-828d-86e86dfc1095	8	128750889	128751839	2	1.3912
d9ea28a9-efc9-48de-828d-86e86dfc1095	8	128765208	136733177	6120	-0.0053
d9ea28a9-efc9-48de-828d-86e86dfc1095	8	136733311	136894319	157	0.1254
d9ea28a9-efc9-48de-828d-86e86dfc1095	8	136894946	141013902	3195	0.0069
d9ea28a9-efc9-48de-828d-86e86dfc1095	8	141014137	142423309	826	0.1111
d9ea28a9-efc9-48de-828d-86e86dfc1095	8	142423653	143217495	301	0.0009
d9ea28a9-efc9-48de-828d-86e86dfc1095	8	143217531	143228267	10	-0.6846
d9ea28a9-efc9-48de-828d-86e86dfc1095	8	143228432	145072769	634	0.0568
d9ea28a9-efc9-48de-828d-86e86dfc1095	9	46587	510546	389	0.1116
d9ea28a9-efc9-48de-828d-86e86dfc1095	9	510700	5074594	4833	0.0174
d9ea28a9-efc9-48de-828d-86e86dfc1095	9	5074727	5079156	14	0.2236
d9ea28a9-efc9-48de-828d-86e86dfc1095	9	5081416	5081766	8	0.8166
d9ea28a9-efc9-48de-828d-86e86dfc1095	9	5081852	6695986	1120	0.0417
d9ea28a9-efc9-48de-828d-86e86dfc1095	9	6701145	6708357	7	-1.0694
d9ea28a9-efc9-48de-828d-86e86dfc1095	9	6712314	8001166	1341	0.0013
d9ea28a9-efc9-48de-828d-86e86dfc1095	9	8009205	8017065	11	-1.0804
d9ea28a9-efc9-48de-828d-86e86dfc1095	9	8020572	38771834	23360	0.0138
d9ea28a9-efc9-48de-828d-86e86dfc1095	9	38787496	42202227	197	0.1525
d9ea28a9-efc9-48de-828d-86e86dfc1095	9	42211663	42711956	24	-0.1096
d9ea28a9-efc9-48de-828d-86e86dfc1095	9	42715233	42715632	2	-1.4062
d9ea28a9-efc9-48de-828d-86e86dfc1095	9	42719891	61405110	45	0.0287
d9ea28a9-efc9-48de-828d-86e86dfc1095	9	61520021	61647899	30	-1.0769
d9ea28a9-efc9-48de-828d-86e86dfc1095	9	61665362	67073081	146	0.1342
d9ea28a9-efc9-48de-828d-86e86dfc1095	9	67073620	133345692	45634	0.0058
d9ea28a9-efc9-48de-828d-86e86dfc1095	9	133348813	138200944	2255	0.0404
d9ea28a9-efc9-48de-828d-86e86dfc1095	10	45792	26929446	21160	0.0025
d9ea28a9-efc9-48de-828d-86e86dfc1095	10	26932482	26941746	22	0.4232
d9ea28a9-efc9-48de-828d-86e86dfc1095	10	26941808	30957581	3006	0.0145
d9ea28a9-efc9-48de-828d-86e86dfc1095	10	30962405	30963480	14	-0.4555
d9ea28a9-efc9-48de-828d-86e86dfc1095	10	30964071	38770921	4812	0.0109
d9ea28a9-efc9-48de-828d-86e86dfc1095	10	38777539	42457632	129	0.1568
d9ea28a9-efc9-48de-828d-86e86dfc1095	10	42457683	45103791	1936	0.0085
d9ea28a9-efc9-48de-828d-86e86dfc1095	10	45104424	45145654	25	0.5811
d9ea28a9-efc9-48de-828d-86e86dfc1095	10	45146216	45798061	292	0.016
d9ea28a9-efc9-48de-828d-86e86dfc1095	10	45798171	45998155	4	-1.2767
d9ea28a9-efc9-48de-828d-86e86dfc1095	10	45999975	46146453	58	0.1224
d9ea28a9-efc9-48de-828d-86e86dfc1095	10	46154876	46618028	217	0.6436
d9ea28a9-efc9-48de-828d-86e86dfc1095	10	46631433	47460004	300	0.0022
d9ea28a9-efc9-48de-828d-86e86dfc1095	10	47559592	47627616	4	0.8802
d9ea28a9-efc9-48de-828d-86e86dfc1095	10	47680298	50081224	1389	0
d9ea28a9-efc9-48de-828d-86e86dfc1095	10	50097459	50132160	3	1.0284
d9ea28a9-efc9-48de-828d-86e86dfc1095	10	50144008	65539931	10985	0.0115
d9ea28a9-efc9-48de-828d-86e86dfc1095	10	65540090	65573114	48	-0.2287
d9ea28a9-efc9-48de-828d-86e86dfc1095	10	65575682	66707950	885	0.0387
d9ea28a9-efc9-48de-828d-86e86dfc1095	10	66709479	66709681	3	-2.1146
d9ea28a9-efc9-48de-828d-86e86dfc1095	10	66717912	66786490	55	0.0927
d9ea28a9-efc9-48de-828d-86e86dfc1095	10	66789964	130424187	43174	0.0054
d9ea28a9-efc9-48de-828d-86e86dfc1095	10	130424851	133420688	1891	0.0648
d9ea28a9-efc9-48de-828d-86e86dfc1095	10	133429369	133573736	110	0.701
d9ea28a9-efc9-48de-828d-86e86dfc1095	10	133574363	133654968	34	0.1485
d9ea28a9-efc9-48de-828d-86e86dfc1095	11	198510	4946166	2413	0.0248
d9ea28a9-efc9-48de-828d-86e86dfc1095	11	4946420	4954475	29	0.6294
d9ea28a9-efc9-48de-828d-86e86dfc1095	11	4955027	5188362	196	-0.0144
d9ea28a9-efc9-48de-828d-86e86dfc1095	11	5188762	5189020	2	-1.5119
d9ea28a9-efc9-48de-828d-86e86dfc1095	11	5189339	5762165	584	-0.0159
d9ea28a9-efc9-48de-828d-86e86dfc1095	11	5762452	5787110	32	-0.4546
d9ea28a9-efc9-48de-828d-86e86dfc1095	11	5787146	6086560	243	0.0141
d9ea28a9-efc9-48de-828d-86e86dfc1095	11	6087039	6100864	8	-1.0954
d9ea28a9-efc9-48de-828d-86e86dfc1095	11	6101273	31371747	18259	0.007
d9ea28a9-efc9-48de-828d-86e86dfc1095	11	31372721	31375533	2	-2.5022
d9ea28a9-efc9-48de-828d-86e86dfc1095	11	31376660	37110619	4341	0.0053
d9ea28a9-efc9-48de-828d-86e86dfc1095	11	37110704	37112608	10	-0.4739
d9ea28a9-efc9-48de-828d-86e86dfc1095	11	37112621	42791601	3732	0.0091
d9ea28a9-efc9-48de-828d-86e86dfc1095	11	42794936	42796489	2	-3.3625
d9ea28a9-efc9-48de-828d-86e86dfc1095	11	42799053	49737435	3853	0.0139
d9ea28a9-efc9-48de-828d-86e86dfc1095	11	49738003	49739136	6	-0.9061
d9ea28a9-efc9-48de-828d-86e86dfc1095	11	49744609	55609022	732	0.083
d9ea28a9-efc9-48de-828d-86e86dfc1095	11	55609035	55686100	51	0.582
d9ea28a9-efc9-48de-828d-86e86dfc1095	11	55693207	56083546	305	0.059
d9ea28a9-efc9-48de-828d-86e86dfc1095	11	56085685	56088590	4	-0.7551
d9ea28a9-efc9-48de-828d-86e86dfc1095	11	56091501	62273047	3636	0.0041
d9ea28a9-efc9-48de-828d-86e86dfc1095	11	62273321	62275702	2	-1.5026
d9ea28a9-efc9-48de-828d-86e86dfc1095	11	62280495	64772641	1153	0.0189
d9ea28a9-efc9-48de-828d-86e86dfc1095	11	64773022	65856615	405	0.1175
d9ea28a9-efc9-48de-828d-86e86dfc1095	11	65857019	67571111	651	0.0004
d9ea28a9-efc9-48de-828d-86e86dfc1095	11	67575950	67748383	71	0.1437
d9ea28a9-efc9-48de-828d-86e86dfc1095	11	67749366	67874356	32	-0.0418
d9ea28a9-efc9-48de-828d-86e86dfc1095	11	67879723	67979689	27	0.3286
d9ea28a9-efc9-48de-828d-86e86dfc1095	11	67981787	82532020	8790	0.0052
d9ea28a9-efc9-48de-828d-86e86dfc1095	11	82533262	82533458	2	-1.344
d9ea28a9-efc9-48de-828d-86e86dfc1095	11	82540008	92052595	6144	0.0044
d9ea28a9-efc9-48de-828d-86e86dfc1095	11	92052873	92091163	45	0.2719
d9ea28a9-efc9-48de-828d-86e86dfc1095	11	92091228	134405706	30421	0.0057
d9ea28a9-efc9-48de-828d-86e86dfc1095	11	134406781	135064169	537	0.0892
d9ea28a9-efc9-48de-828d-86e86dfc1095	11	135067837	135074876	4	-0.3411
d9ea28a9-efc9-48de-828d-86e86dfc1095	12	51460	175888	69	0.0528
d9ea28a9-efc9-48de-828d-86e86dfc1095	12	178770	181540	2	-1.4384
d9ea28a9-efc9-48de-828d-86e86dfc1095	12	186359	9481274	6097	0.0177
d9ea28a9-efc9-48de-828d-86e86dfc1095	12	9485313	9562969	22	-1.7608
d9ea28a9-efc9-48de-828d-86e86dfc1095	12	9575696	11351157	1176	-0.0105
d9ea28a9-efc9-48de-828d-86e86dfc1095	12	11358643	11390452	30	0.6083
d9ea28a9-efc9-48de-828d-86e86dfc1095	12	11390472	27941811	11537	0.0058
d9ea28a9-efc9-48de-828d-86e86dfc1095	12	27941830	27944711	13	-0.9149
d9ea28a9-efc9-48de-828d-86e86dfc1095	12	27950527	30082648	1540	-0.0033
d9ea28a9-efc9-48de-828d-86e86dfc1095	12	30086334	30090698	22	-0.8088
d9ea28a9-efc9-48de-828d-86e86dfc1095	12	30090732	33129292	2241	-0.0062
d9ea28a9-efc9-48de-828d-86e86dfc1095	12	33129371	38778613	1362	0.052
d9ea28a9-efc9-48de-828d-86e86dfc1095	12	38779583	45510655	4258	0.0022
d9ea28a9-efc9-48de-828d-86e86dfc1095	12	45512057	45515754	3	-2.6641
d9ea28a9-efc9-48de-828d-86e86dfc1095	12	45519509	128744341	53316	0.001
d9ea28a9-efc9-48de-828d-86e86dfc1095	12	128745968	128748000	7	-1.4594
d9ea28a9-efc9-48de-828d-86e86dfc1095	12	128749443	133201603	3058	0.0448
d9ea28a9-efc9-48de-828d-86e86dfc1095	13	18452809	30935928	8784	0.0127
d9ea28a9-efc9-48de-828d-86e86dfc1095	13	30937518	30938267	2	-2.1576
d9ea28a9-efc9-48de-828d-86e86dfc1095	13	30938349	37496998	4670	-0.0011
d9ea28a9-efc9-48de-828d-86e86dfc1095	13	37497899	37510620	16	-2.4665
d9ea28a9-efc9-48de-828d-86e86dfc1095	13	37514193	71902850	21525	0.0057
d9ea28a9-efc9-48de-828d-86e86dfc1095	13	71903417	71906311	3	-1.5155
d9ea28a9-efc9-48de-828d-86e86dfc1095	13	71906418	72230661	280	-0.0157
d9ea28a9-efc9-48de-828d-86e86dfc1095	13	72230762	72238924	5	-0.6654
d9ea28a9-efc9-48de-828d-86e86dfc1095	13	72239157	78125501	4138	-0.0143
d9ea28a9-efc9-48de-828d-86e86dfc1095	13	78126457	78127209	3	-0.9731
d9ea28a9-efc9-48de-828d-86e86dfc1095	13	78130387	78909591	576	-0.0047
d9ea28a9-efc9-48de-828d-86e86dfc1095	13	78915917	78921470	7	-1.157
d9ea28a9-efc9-48de-828d-86e86dfc1095	13	78925839	114342922	24032	0.0061
d9ea28a9-efc9-48de-828d-86e86dfc1095	14	18239283	18557235	9	0.0895
d9ea28a9-efc9-48de-828d-86e86dfc1095	14	18559274	19945699	150	-0.3063
d9ea28a9-efc9-48de-828d-86e86dfc1095	14	19949382	23957515	2709	0.0232
d9ea28a9-efc9-48de-828d-86e86dfc1095	14	23975620	24020067	33	0.291
d9ea28a9-efc9-48de-828d-86e86dfc1095	14	24024866	40558501	10417	0.0074
d9ea28a9-efc9-48de-828d-86e86dfc1095	14	40562701	40563488	2	-2.4821
d9ea28a9-efc9-48de-828d-86e86dfc1095	14	40563855	41141293	424	0.016
d9ea28a9-efc9-48de-828d-86e86dfc1095	14	41141487	41188146	14	0.5338
d9ea28a9-efc9-48de-828d-86e86dfc1095	14	41200899	69551330	17806	0.0102
d9ea28a9-efc9-48de-828d-86e86dfc1095	14	69551651	69555750	8	-0.7384
d9ea28a9-efc9-48de-828d-86e86dfc1095	14	69555996	106258891	23439	0.0032
d9ea28a9-efc9-48de-828d-86e86dfc1095	14	106260759	106297273	20	-0.525
d9ea28a9-efc9-48de-828d-86e86dfc1095	14	106297409	106340774	17	-0.0409
d9ea28a9-efc9-48de-828d-86e86dfc1095	14	106345431	106365807	8	0.6787
d9ea28a9-efc9-48de-828d-86e86dfc1095	14	106369985	106877229	270	0.0407
d9ea28a9-efc9-48de-828d-86e86dfc1095	15	19811075	20064520	54	0.1318
d9ea28a9-efc9-48de-828d-86e86dfc1095	15	20187568	20373168	34	-0.383
d9ea28a9-efc9-48de-828d-86e86dfc1095	15	20376198	20376311	7	0.712
d9ea28a9-efc9-48de-828d-86e86dfc1095	15	20380735	20384789	12	-1.8157
d9ea28a9-efc9-48de-828d-86e86dfc1095	15	20384907	21272760	67	-0.4246
d9ea28a9-efc9-48de-828d-86e86dfc1095	15	21417107	26336669	2401	0.0296
d9ea28a9-efc9-48de-828d-86e86dfc1095	15	26336736	26340898	3	1.3555
d9ea28a9-efc9-48de-828d-86e86dfc1095	15	26341734	30106026	2248	0.0417
d9ea28a9-efc9-48de-828d-86e86dfc1095	15	30152073	30500366	32	0.5967
d9ea28a9-efc9-48de-828d-86e86dfc1095	15	30503586	33462880	1820	0.015
d9ea28a9-efc9-48de-828d-86e86dfc1095	15	33465639	33467915	4	-0.8679
d9ea28a9-efc9-48de-828d-86e86dfc1095	15	33469585	33715178	254	0.0376
d9ea28a9-efc9-48de-828d-86e86dfc1095	15	33715209	33715226	2	-0.805
d9ea28a9-efc9-48de-828d-86e86dfc1095	15	33718214	33826195	99	0.0103
d9ea28a9-efc9-48de-828d-86e86dfc1095	15	33826937	33828316	4	-0.6179
d9ea28a9-efc9-48de-828d-86e86dfc1095	15	33830213	34421922	379	0.0188
d9ea28a9-efc9-48de-828d-86e86dfc1095	15	34430601	34517887	61	-0.799
d9ea28a9-efc9-48de-828d-86e86dfc1095	15	34520918	70227738	22982	0.0109
d9ea28a9-efc9-48de-828d-86e86dfc1095	15	70232168	70233040	3	-0.989
d9ea28a9-efc9-48de-828d-86e86dfc1095	15	70236858	70464618	151	0.0094
d9ea28a9-efc9-48de-828d-86e86dfc1095	15	70464906	70465635	2	-1.6103
d9ea28a9-efc9-48de-828d-86e86dfc1095	15	70466122	101928837	20884	0.0127
d9ea28a9-efc9-48de-828d-86e86dfc1095	16	10777	8392602	6016	0.0445
d9ea28a9-efc9-48de-828d-86e86dfc1095	16	8393086	14991827	5126	0.0102
d9ea28a9-efc9-48de-828d-86e86dfc1095	16	14993314	17957646	1498	0.0693
d9ea28a9-efc9-48de-828d-86e86dfc1095	16	17959553	17963365	3	-1.5621
d9ea28a9-efc9-48de-828d-86e86dfc1095	16	17963691	18051025	78	0.0303
d9ea28a9-efc9-48de-828d-86e86dfc1095	16	18051242	18820597	84	0.2422
d9ea28a9-efc9-48de-828d-86e86dfc1095	16	18820753	19934577	651	0.008
d9ea28a9-efc9-48de-828d-86e86dfc1095	16	19934811	19951801	21	0.3838
d9ea28a9-efc9-48de-828d-86e86dfc1095	16	19954016	21552783	907	0.004
d9ea28a9-efc9-48de-828d-86e86dfc1095	16	21552867	21582313	13	-0.4187
d9ea28a9-efc9-48de-828d-86e86dfc1095	16	21584992	22604483	374	0.0586
d9ea28a9-efc9-48de-828d-86e86dfc1095	16	22614263	22701658	60	-0.4296
d9ea28a9-efc9-48de-828d-86e86dfc1095	16	22706267	31715125	4989	0.0244
d9ea28a9-efc9-48de-828d-86e86dfc1095	16	31717723	32169655	131	0.116
d9ea28a9-efc9-48de-828d-86e86dfc1095	16	32197425	32458145	11	-0.4718
d9ea28a9-efc9-48de-828d-86e86dfc1095	16	32471634	46444015	487	0.1018
d9ea28a9-efc9-48de-828d-86e86dfc1095	16	46463450	55762682	6459	0.0072
d9ea28a9-efc9-48de-828d-86e86dfc1095	16	55764310	55764867	3	3.8319
d9ea28a9-efc9-48de-828d-86e86dfc1095	16	55770436	55775312	6	1.2555
d9ea28a9-efc9-48de-828d-86e86dfc1095	16	55775554	55788532	9	0.3897
d9ea28a9-efc9-48de-828d-86e86dfc1095	16	55808442	75500392	11685	0.005
d9ea28a9-efc9-48de-828d-86e86dfc1095	16	75501474	75542100	21	0.7787
d9ea28a9-efc9-48de-828d-86e86dfc1095	16	75546219	77312191	1447	0.0082
d9ea28a9-efc9-48de-828d-86e86dfc1095	16	77312537	77313645	3	-1.0821
d9ea28a9-efc9-48de-828d-86e86dfc1095	16	77315756	78337711	1106	0.0171
d9ea28a9-efc9-48de-828d-86e86dfc1095	16	78338543	78349243	14	0.6792
d9ea28a9-efc9-48de-828d-86e86dfc1095	16	78350841	84023966	6358	0.0245
d9ea28a9-efc9-48de-828d-86e86dfc1095	16	84024197	84903681	783	0.0927
d9ea28a9-efc9-48de-828d-86e86dfc1095	16	84906410	88598824	2821	0.0181
d9ea28a9-efc9-48de-828d-86e86dfc1095	16	88599287	90096867	639	0.1096
d9ea28a9-efc9-48de-828d-86e86dfc1095	17	150733	887830	399	0.1185
d9ea28a9-efc9-48de-828d-86e86dfc1095	17	887900	16798212	10067	0.0245
d9ea28a9-efc9-48de-828d-86e86dfc1095	17	16806233	16853833	10	0.7146
d9ea28a9-efc9-48de-828d-86e86dfc1095	17	16866487	18452078	905	0.0309
d9ea28a9-efc9-48de-828d-86e86dfc1095	17	18455632	18477080	11	-0.5055
d9ea28a9-efc9-48de-828d-86e86dfc1095	17	18478497	33633617	5002	0.0204
d9ea28a9-efc9-48de-828d-86e86dfc1095	17	33634172	34556237	877	0.0885
d9ea28a9-efc9-48de-828d-86e86dfc1095	17	34557676	41258395	3510	0.0252
d9ea28a9-efc9-48de-828d-86e86dfc1095	17	41262120	41274198	26	-1.244
d9ea28a9-efc9-48de-828d-86e86dfc1095	17	41274279	44999672	1941	0.0166
d9ea28a9-efc9-48de-828d-86e86dfc1095	17	45000579	45010734	2	-1.4652
d9ea28a9-efc9-48de-828d-86e86dfc1095	17	45011929	45508731	210	0.0442
d9ea28a9-efc9-48de-828d-86e86dfc1095	17	45509043	45571174	4	-0.9627
d9ea28a9-efc9-48de-828d-86e86dfc1095	17	45577724	46058461	321	0.0984
d9ea28a9-efc9-48de-828d-86e86dfc1095	17	46059210	46130967	55	-0.152
d9ea28a9-efc9-48de-828d-86e86dfc1095	17	46131308	46351954	94	0.224
d9ea28a9-efc9-48de-828d-86e86dfc1095	17	46446345	46446360	2	-1.1362
d9ea28a9-efc9-48de-828d-86e86dfc1095	17	46569894	73703110	16663	0.011
d9ea28a9-efc9-48de-828d-86e86dfc1095	17	73703164	83091923	4882	0.0405
d9ea28a9-efc9-48de-828d-86e86dfc1095	18	48133	66095064	40307	0.0077
d9ea28a9-efc9-48de-828d-86e86dfc1095	18	66099904	66100686	3	-3.1805
d9ea28a9-efc9-48de-828d-86e86dfc1095	18	66108359	80126942	10291	0.0194
d9ea28a9-efc9-48de-828d-86e86dfc1095	18	80127538	80132754	3	-1.043
d9ea28a9-efc9-48de-828d-86e86dfc1095	18	80133560	80257174	75	0.1152
d9ea28a9-efc9-48de-828d-86e86dfc1095	19	90910	4416414	1165	0.0206
d9ea28a9-efc9-48de-828d-86e86dfc1095	19	4417843	4541254	31	0.2847
d9ea28a9-efc9-48de-828d-86e86dfc1095	19	4551203	4653836	25	0.0424
d9ea28a9-efc9-48de-828d-86e86dfc1095	19	4655534	4657967	2	-1.2632
d9ea28a9-efc9-48de-828d-86e86dfc1095	19	4658242	5506648	367	0.0037
d9ea28a9-efc9-48de-828d-86e86dfc1095	19	5510228	5510642	3	-3.2665
d9ea28a9-efc9-48de-828d-86e86dfc1095	19	5510689	12581187	3446	0.0197
d9ea28a9-efc9-48de-828d-86e86dfc1095	19	12586552	12589709	3	1.3992
d9ea28a9-efc9-48de-828d-86e86dfc1095	19	12589872	52768529	20461	0.0204
d9ea28a9-efc9-48de-828d-86e86dfc1095	19	52770482	52774134	5	-0.8801
d9ea28a9-efc9-48de-828d-86e86dfc1095	19	52775684	53011074	181	0.0952
d9ea28a9-efc9-48de-828d-86e86dfc1095	19	53012070	53044108	23	0.5866
d9ea28a9-efc9-48de-828d-86e86dfc1095	19	53048976	54226360	775	0.0468
d9ea28a9-efc9-48de-828d-86e86dfc1095	19	54226378	54237443	14	0.8699
d9ea28a9-efc9-48de-828d-86e86dfc1095	19	54249482	58586487	2585	0.0342
d9ea28a9-efc9-48de-828d-86e86dfc1095	20	80664	1566116	1169	0.0366
d9ea28a9-efc9-48de-828d-86e86dfc1095	20	1566165	1579916	29	0.3572
d9ea28a9-efc9-48de-828d-86e86dfc1095	20	1580141	1586808	8	-0.0671
d9ea28a9-efc9-48de-828d-86e86dfc1095	20	1587007	1590457	11	-0.5231
d9ea28a9-efc9-48de-828d-86e86dfc1095	20	1590626	1590770	5	0.0645
d9ea28a9-efc9-48de-828d-86e86dfc1095	20	1591078	1613247	22	-0.8579
d9ea28a9-efc9-48de-828d-86e86dfc1095	20	1617300	10827183	7065	0.0087
d9ea28a9-efc9-48de-828d-86e86dfc1095	20	10827654	10834516	5	-1.3573
d9ea28a9-efc9-48de-828d-86e86dfc1095	20	10834630	23684142	10111	0.0135
d9ea28a9-efc9-48de-828d-86e86dfc1095	20	23684722	23692489	4	-1.0812
d9ea28a9-efc9-48de-828d-86e86dfc1095	20	23694740	64324800	23906	0.0151
d9ea28a9-efc9-48de-828d-86e86dfc1095	21	10354168	13224688	119	0.146
d9ea28a9-efc9-48de-828d-86e86dfc1095	21	13224711	13246960	5	-0.6329
d9ea28a9-efc9-48de-828d-86e86dfc1095	21	13249198	13612103	146	0.1307
d9ea28a9-efc9-48de-828d-86e86dfc1095	21	13634568	13677975	3	-0.7044
d9ea28a9-efc9-48de-828d-86e86dfc1095	21	13803967	14099039	88	0.1173
d9ea28a9-efc9-48de-828d-86e86dfc1095	21	14101499	46289900	23213	0.01
d9ea28a9-efc9-48de-828d-86e86dfc1095	21	46291368	46677045	260	0.0739
d9ea28a9-efc9-48de-828d-86e86dfc1095	22	15294547	15315221	2	1.6911
d9ea28a9-efc9-48de-828d-86e86dfc1095	22	15324751	15869820	34	-0.0669
d9ea28a9-efc9-48de-828d-86e86dfc1095	22	15925481	17019000	268	0.098
d9ea28a9-efc9-48de-828d-86e86dfc1095	22	17019146	18983064	854	-0.0084
d9ea28a9-efc9-48de-828d-86e86dfc1095	22	18983402	23431773	2911	0.1176
d9ea28a9-efc9-48de-828d-86e86dfc1095	22	23432438	42493667	13058	0.0272
d9ea28a9-efc9-48de-828d-86e86dfc1095	22	42494739	42546956	28	0.6711
d9ea28a9-efc9-48de-828d-86e86dfc1095	22	42547636	42559425	3	0.2293
d9ea28a9-efc9-48de-828d-86e86dfc1095	22	42559782	42584045	11	-0.9417
d9ea28a9-efc9-48de-828d-86e86dfc1095	22	42585161	48439062	4514	0.0225
d9ea28a9-efc9-48de-828d-86e86dfc1095	22	48440033	50796027	1567	0.0921
d9ea28a9-efc9-48de-828d-86e86dfc1095	X	251810	155952689	83386	0.0135
d9ea28a9-efc9-48de-828d-86e86dfc1095	Y	2782397	21924037	6340	-1.0154
d9ea28a9-efc9-48de-828d-86e86dfc1095	Y	21961640	22197200	6	-2.2035
d9ea28a9-efc9-48de-828d-86e86dfc1095	Y	22213784	56872112	294	-0.976
