GDC_Aliquot	Chromosome	Start	End	Num_Probes	Segment_Mean
332f5789-cd8e-4d2b-9ecb-88d783a11af6	1	62920	86341	11	0.5494
332f5789-cd8e-4d2b-9ecb-88d783a11af6	1	98588	2991824	586	-0.0876
332f5789-cd8e-4d2b-9ecb-88d783a11af6	1	2992012	12779433	5893	-0.0033
332f5789-cd8e-4d2b-9ecb-88d783a11af6	1	12792599	12867264	30	-2.2914
332f5789-cd8e-4d2b-9ecb-88d783a11af6	1	12868035	16785682	2178	0.0005
332f5789-cd8e-4d2b-9ecb-88d783a11af6	1	16787932	16935737	57	-0.5064
332f5789-cd8e-4d2b-9ecb-88d783a11af6	1	16935752	34626037	10229	0.0008
332f5789-cd8e-4d2b-9ecb-88d783a11af6	1	34626073	34638890	21	-0.5606
332f5789-cd8e-4d2b-9ecb-88d783a11af6	1	34648667	40555364	3181	0
332f5789-cd8e-4d2b-9ecb-88d783a11af6	1	40556404	40562256	3	-1.1563
332f5789-cd8e-4d2b-9ecb-88d783a11af6	1	40562538	54624527	7839	-0.0022
332f5789-cd8e-4d2b-9ecb-88d783a11af6	1	54627618	54628716	2	-2.923
332f5789-cd8e-4d2b-9ecb-88d783a11af6	1	54630777	72303233	12714	0.0049
332f5789-cd8e-4d2b-9ecb-88d783a11af6	1	72303253	72345465	45	-1.6841
332f5789-cd8e-4d2b-9ecb-88d783a11af6	1	72346221	75585159	1930	-0.0065
332f5789-cd8e-4d2b-9ecb-88d783a11af6	1	75589078	75589169	2	-1.8776
332f5789-cd8e-4d2b-9ecb-88d783a11af6	1	75593824	105470132	19006	0.0025
332f5789-cd8e-4d2b-9ecb-88d783a11af6	1	105470754	105479753	18	0.764
332f5789-cd8e-4d2b-9ecb-88d783a11af6	1	105481433	112147704	4593	-0.0157
332f5789-cd8e-4d2b-9ecb-88d783a11af6	1	112153343	112154768	25	0.4666
332f5789-cd8e-4d2b-9ecb-88d783a11af6	1	112163334	115711624	2230	-0.0081
332f5789-cd8e-4d2b-9ecb-88d783a11af6	1	115712120	115712222	2	-2.0966
332f5789-cd8e-4d2b-9ecb-88d783a11af6	1	115714784	121705338	2924	-0.01
332f5789-cd8e-4d2b-9ecb-88d783a11af6	1	143459641	143710845	90	0.166
332f5789-cd8e-4d2b-9ecb-88d783a11af6	1	143713743	144442098	42	-0.0678
332f5789-cd8e-4d2b-9ecb-88d783a11af6	1	144442342	144503864	11	-0.5292
332f5789-cd8e-4d2b-9ecb-88d783a11af6	1	144932423	152582700	2297	-0.017
332f5789-cd8e-4d2b-9ecb-88d783a11af6	1	152583051	152614118	36	1.1396
332f5789-cd8e-4d2b-9ecb-88d783a11af6	1	152618018	152787202	166	0.0002
332f5789-cd8e-4d2b-9ecb-88d783a11af6	1	152789447	152796224	37	-1.7352
332f5789-cd8e-4d2b-9ecb-88d783a11af6	1	152801429	167795598	10155	-0.0111
332f5789-cd8e-4d2b-9ecb-88d783a11af6	1	167796946	167797682	4	-1.1073
332f5789-cd8e-4d2b-9ecb-88d783a11af6	1	167799276	196762956	19278	0.003
332f5789-cd8e-4d2b-9ecb-88d783a11af6	1	196769493	196846661	57	-0.529
332f5789-cd8e-4d2b-9ecb-88d783a11af6	1	196847600	197623438	403	0.0221
332f5789-cd8e-4d2b-9ecb-88d783a11af6	1	197623769	197624081	2	-1.5654
332f5789-cd8e-4d2b-9ecb-88d783a11af6	1	197629900	238586809	28207	0.001
332f5789-cd8e-4d2b-9ecb-88d783a11af6	1	238588320	238588637	5	-1.7886
332f5789-cd8e-4d2b-9ecb-88d783a11af6	1	238589096	248930189	7157	0.0004
332f5789-cd8e-4d2b-9ecb-88d783a11af6	2	12784	4155990	2984	0.0041
332f5789-cd8e-4d2b-9ecb-88d783a11af6	2	4158097	4174894	33	0.3041
332f5789-cd8e-4d2b-9ecb-88d783a11af6	2	4174949	34486267	21067	0.0062
332f5789-cd8e-4d2b-9ecb-88d783a11af6	2	34486323	34511990	32	0.5484
332f5789-cd8e-4d2b-9ecb-88d783a11af6	2	34512096	35355519	537	0.008
332f5789-cd8e-4d2b-9ecb-88d783a11af6	2	35356085	35390609	53	-0.9256
332f5789-cd8e-4d2b-9ecb-88d783a11af6	2	35396850	52497164	12371	0.013
332f5789-cd8e-4d2b-9ecb-88d783a11af6	2	52501186	52560811	68	0.2484
332f5789-cd8e-4d2b-9ecb-88d783a11af6	2	52563002	57271922	3443	0.013
332f5789-cd8e-4d2b-9ecb-88d783a11af6	2	57275484	57280699	3	-1.096
332f5789-cd8e-4d2b-9ecb-88d783a11af6	2	57286723	59400017	1331	0.0082
332f5789-cd8e-4d2b-9ecb-88d783a11af6	2	59411121	59417321	3	1.5488
332f5789-cd8e-4d2b-9ecb-88d783a11af6	2	59417707	86710564	17112	0.007
332f5789-cd8e-4d2b-9ecb-88d783a11af6	2	86725947	86726731	2	1.5715
332f5789-cd8e-4d2b-9ecb-88d783a11af6	2	86743283	87211079	106	-0.0691
332f5789-cd8e-4d2b-9ecb-88d783a11af6	2	87218694	87218834	2	-1.8155
332f5789-cd8e-4d2b-9ecb-88d783a11af6	2	87221597	87286164	21	-0.0341
332f5789-cd8e-4d2b-9ecb-88d783a11af6	2	87287256	87295819	3	-1.2599
332f5789-cd8e-4d2b-9ecb-88d783a11af6	2	87299357	97359885	1798	-0.0021
332f5789-cd8e-4d2b-9ecb-88d783a11af6	2	97524284	97545726	9	-1.1608
332f5789-cd8e-4d2b-9ecb-88d783a11af6	2	97550415	128880504	18945	0
332f5789-cd8e-4d2b-9ecb-88d783a11af6	2	128880904	128882741	15	-0.5936
332f5789-cd8e-4d2b-9ecb-88d783a11af6	2	128882755	179546414	30905	0.0075
332f5789-cd8e-4d2b-9ecb-88d783a11af6	2	179546427	179557394	32	-0.7724
332f5789-cd8e-4d2b-9ecb-88d783a11af6	2	179557410	187365744	4687	0.0024
332f5789-cd8e-4d2b-9ecb-88d783a11af6	2	187367266	187373679	5	-1.0658
332f5789-cd8e-4d2b-9ecb-88d783a11af6	2	187377226	202428368	8567	0.0067
332f5789-cd8e-4d2b-9ecb-88d783a11af6	2	202431052	202447478	41	-0.7636
332f5789-cd8e-4d2b-9ecb-88d783a11af6	2	202448759	207486030	3127	0.0048
332f5789-cd8e-4d2b-9ecb-88d783a11af6	2	207490188	207494612	18	-0.8162
332f5789-cd8e-4d2b-9ecb-88d783a11af6	2	207494752	227406935	12923	0.0059
332f5789-cd8e-4d2b-9ecb-88d783a11af6	2	227411290	227419822	7	-0.8421
332f5789-cd8e-4d2b-9ecb-88d783a11af6	2	227423365	242147305	9133	0.0059
332f5789-cd8e-4d2b-9ecb-88d783a11af6	3	20930	6604856	5813	0.0087
332f5789-cd8e-4d2b-9ecb-88d783a11af6	3	6609441	6613684	26	-0.4596
332f5789-cd8e-4d2b-9ecb-88d783a11af6	3	6613728	11366589	3704	0.0057
332f5789-cd8e-4d2b-9ecb-88d783a11af6	3	11371130	11371885	3	-1.3322
332f5789-cd8e-4d2b-9ecb-88d783a11af6	3	11371926	68697013	38201	0.0036
332f5789-cd8e-4d2b-9ecb-88d783a11af6	3	68697108	68698262	14	-1.547
332f5789-cd8e-4d2b-9ecb-88d783a11af6	3	68699607	75519398	4927	0.0062
332f5789-cd8e-4d2b-9ecb-88d783a11af6	3	75523398	75537654	6	0.9365
332f5789-cd8e-4d2b-9ecb-88d783a11af6	3	75546030	89355952	7704	0.0033
332f5789-cd8e-4d2b-9ecb-88d783a11af6	3	89355954	89368137	38	-0.9126
332f5789-cd8e-4d2b-9ecb-88d783a11af6	3	89370214	99218940	3232	-0.0014
332f5789-cd8e-4d2b-9ecb-88d783a11af6	3	99225614	99230470	37	-0.5289
332f5789-cd8e-4d2b-9ecb-88d783a11af6	3	99230577	125993370	16332	0.0089
332f5789-cd8e-4d2b-9ecb-88d783a11af6	3	125993427	126003019	28	-0.9555
332f5789-cd8e-4d2b-9ecb-88d783a11af6	3	126003489	162822702	22626	0.0018
332f5789-cd8e-4d2b-9ecb-88d783a11af6	3	162827928	162906093	45	-0.5106
332f5789-cd8e-4d2b-9ecb-88d783a11af6	3	162906109	193161032	19150	0.0055
332f5789-cd8e-4d2b-9ecb-88d783a11af6	3	193161217	193165114	14	1.562
332f5789-cd8e-4d2b-9ecb-88d783a11af6	3	193168646	194988297	1223	-0.0005
332f5789-cd8e-4d2b-9ecb-88d783a11af6	3	194989534	194990751	5	-0.9031
332f5789-cd8e-4d2b-9ecb-88d783a11af6	3	194994702	195663809	256	-0.0277
332f5789-cd8e-4d2b-9ecb-88d783a11af6	3	195673928	195751990	44	0.3822
332f5789-cd8e-4d2b-9ecb-88d783a11af6	3	195752877	198169247	1164	-0.0184
332f5789-cd8e-4d2b-9ecb-88d783a11af6	4	68929	506746	185	0.0127
332f5789-cd8e-4d2b-9ecb-88d783a11af6	4	507647	1051535	166	-0.1328
332f5789-cd8e-4d2b-9ecb-88d783a11af6	4	1057724	10208766	5342	-0.0008
332f5789-cd8e-4d2b-9ecb-88d783a11af6	4	10221792	10229874	28	2.1704
332f5789-cd8e-4d2b-9ecb-88d783a11af6	4	10232590	10390730	178	0.0597
332f5789-cd8e-4d2b-9ecb-88d783a11af6	4	10391530	10399044	15	-0.6017
332f5789-cd8e-4d2b-9ecb-88d783a11af6	4	10401094	30218586	14078	0.0022
332f5789-cd8e-4d2b-9ecb-88d783a11af6	4	30220771	30220825	2	-2.2209
332f5789-cd8e-4d2b-9ecb-88d783a11af6	4	30220981	32398943	1351	0.0159
332f5789-cd8e-4d2b-9ecb-88d783a11af6	4	32398961	32399891	3	-1.0024
332f5789-cd8e-4d2b-9ecb-88d783a11af6	4	32403692	34777432	1341	0.0038
332f5789-cd8e-4d2b-9ecb-88d783a11af6	4	34784878	34819718	36	0.4028
332f5789-cd8e-4d2b-9ecb-88d783a11af6	4	34822561	68389352	19425	0.0026
332f5789-cd8e-4d2b-9ecb-88d783a11af6	4	68391041	68429081	10	-0.8432
332f5789-cd8e-4d2b-9ecb-88d783a11af6	4	68439221	68478894	8	0.0391
332f5789-cd8e-4d2b-9ecb-88d783a11af6	4	68494770	68623617	68	-1.7264
332f5789-cd8e-4d2b-9ecb-88d783a11af6	4	68639397	114252544	27663	0.0005
332f5789-cd8e-4d2b-9ecb-88d783a11af6	4	114254167	114261019	23	-1.6591
332f5789-cd8e-4d2b-9ecb-88d783a11af6	4	114263073	121360818	4333	0.0039
332f5789-cd8e-4d2b-9ecb-88d783a11af6	4	121361313	121361682	7	-1.1141
332f5789-cd8e-4d2b-9ecb-88d783a11af6	4	121361906	121362996	16	-0.5176
332f5789-cd8e-4d2b-9ecb-88d783a11af6	4	121363014	121363980	5	-1.1914
332f5789-cd8e-4d2b-9ecb-88d783a11af6	4	121369976	126108933	2714	0.0032
332f5789-cd8e-4d2b-9ecb-88d783a11af6	4	126109429	126109450	2	-1.5614
332f5789-cd8e-4d2b-9ecb-88d783a11af6	4	126110085	129254594	1695	-0.004
332f5789-cd8e-4d2b-9ecb-88d783a11af6	4	129255330	129257175	2	1.1904
332f5789-cd8e-4d2b-9ecb-88d783a11af6	4	129258419	133216305	2294	0.0062
332f5789-cd8e-4d2b-9ecb-88d783a11af6	4	133216358	133216501	2	-1.375
332f5789-cd8e-4d2b-9ecb-88d783a11af6	4	133219839	154881396	12937	0.0019
332f5789-cd8e-4d2b-9ecb-88d783a11af6	4	154881853	154881926	3	1.1648
332f5789-cd8e-4d2b-9ecb-88d783a11af6	4	154882047	160952848	3911	0.0053
332f5789-cd8e-4d2b-9ecb-88d783a11af6	4	160958866	160963756	21	-0.7276
332f5789-cd8e-4d2b-9ecb-88d783a11af6	4	160963767	170346793	5971	-0.0012
332f5789-cd8e-4d2b-9ecb-88d783a11af6	4	170346931	170352007	7	-0.834
332f5789-cd8e-4d2b-9ecb-88d783a11af6	4	170352863	171455823	686	-0.0119
332f5789-cd8e-4d2b-9ecb-88d783a11af6	4	171456106	171456625	8	1.4431
332f5789-cd8e-4d2b-9ecb-88d783a11af6	4	171459220	172066777	397	0.011
332f5789-cd8e-4d2b-9ecb-88d783a11af6	4	172067997	172068382	12	0.6498
332f5789-cd8e-4d2b-9ecb-88d783a11af6	4	172074828	184625571	8429	0.0074
332f5789-cd8e-4d2b-9ecb-88d783a11af6	4	184631944	184668612	17	-1.0497
332f5789-cd8e-4d2b-9ecb-88d783a11af6	4	184670290	188515761	2693	0.0088
332f5789-cd8e-4d2b-9ecb-88d783a11af6	4	188515932	188516256	8	-0.89
332f5789-cd8e-4d2b-9ecb-88d783a11af6	4	188518718	188580795	63	0.0493
332f5789-cd8e-4d2b-9ecb-88d783a11af6	4	188581014	188584766	6	-0.67
332f5789-cd8e-4d2b-9ecb-88d783a11af6	4	188585374	190106768	854	0.0299
332f5789-cd8e-4d2b-9ecb-88d783a11af6	5	15532	698390	309	-0.0397
332f5789-cd8e-4d2b-9ecb-88d783a11af6	5	717264	773453	24	0.5848
332f5789-cd8e-4d2b-9ecb-88d783a11af6	5	779766	1148935	127	-0.0164
332f5789-cd8e-4d2b-9ecb-88d783a11af6	5	1152755	1152864	2	-1.2615
332f5789-cd8e-4d2b-9ecb-88d783a11af6	5	1154237	12800777	9718	0.006
332f5789-cd8e-4d2b-9ecb-88d783a11af6	5	12815668	12826538	11	-1.3568
332f5789-cd8e-4d2b-9ecb-88d783a11af6	5	12833745	15718383	1969	0.0122
332f5789-cd8e-4d2b-9ecb-88d783a11af6	5	15719113	15720488	11	-0.9428
332f5789-cd8e-4d2b-9ecb-88d783a11af6	5	15723237	177771448	98582	0.0019
332f5789-cd8e-4d2b-9ecb-88d783a11af6	5	177800550	177805604	3	2.4553
332f5789-cd8e-4d2b-9ecb-88d783a11af6	5	177827964	180947523	1795	0.0011
332f5789-cd8e-4d2b-9ecb-88d783a11af6	5	180951710	181015400	22	0.4539
332f5789-cd8e-4d2b-9ecb-88d783a11af6	5	181015441	181363319	167	-0.0527
332f5789-cd8e-4d2b-9ecb-88d783a11af6	6	149661	29815442	21579	0.0052
332f5789-cd8e-4d2b-9ecb-88d783a11af6	6	29817903	29821394	2	-1.4342
332f5789-cd8e-4d2b-9ecb-88d783a11af6	6	29830682	31313046	730	0.0037
332f5789-cd8e-4d2b-9ecb-88d783a11af6	6	31318499	31328176	8	-2.0335
332f5789-cd8e-4d2b-9ecb-88d783a11af6	6	31328210	32486746	504	-0.0514
332f5789-cd8e-4d2b-9ecb-88d783a11af6	6	32488906	32606604	33	-0.6416
332f5789-cd8e-4d2b-9ecb-88d783a11af6	6	32610305	32722250	71	-0.0374
332f5789-cd8e-4d2b-9ecb-88d783a11af6	6	32723020	32723053	3	-1.3969
332f5789-cd8e-4d2b-9ecb-88d783a11af6	6	32732907	54066477	13631	0.0037
332f5789-cd8e-4d2b-9ecb-88d783a11af6	6	54066582	54067057	4	1.9933
332f5789-cd8e-4d2b-9ecb-88d783a11af6	6	54070550	58096364	2074	0.0095
332f5789-cd8e-4d2b-9ecb-88d783a11af6	6	58099774	58100791	4	-3.0179
332f5789-cd8e-4d2b-9ecb-88d783a11af6	6	58106296	76726815	10078	0.0027
332f5789-cd8e-4d2b-9ecb-88d783a11af6	6	76730151	76742665	15	-0.6625
332f5789-cd8e-4d2b-9ecb-88d783a11af6	6	76742675	78253172	982	-0.0134
332f5789-cd8e-4d2b-9ecb-88d783a11af6	6	78259348	78329517	112	-0.3884
332f5789-cd8e-4d2b-9ecb-88d783a11af6	6	78331916	125861617	29378	0.0045
332f5789-cd8e-4d2b-9ecb-88d783a11af6	6	125862546	125865048	2	-2.1021
332f5789-cd8e-4d2b-9ecb-88d783a11af6	6	125865630	167183757	28131	0.004
332f5789-cd8e-4d2b-9ecb-88d783a11af6	6	167185321	167187481	2	-1.3594
332f5789-cd8e-4d2b-9ecb-88d783a11af6	6	167187860	170741917	2104	0.0197
332f5789-cd8e-4d2b-9ecb-88d783a11af6	7	43355	22395161	16049	0.0058
332f5789-cd8e-4d2b-9ecb-88d783a11af6	7	22395853	22396868	2	-2.5445
332f5789-cd8e-4d2b-9ecb-88d783a11af6	7	22399135	29628975	5371	0.0038
332f5789-cd8e-4d2b-9ecb-88d783a11af6	7	29631102	29650443	10	-0.6832
332f5789-cd8e-4d2b-9ecb-88d783a11af6	7	29651467	53124145	16145	0.0015
332f5789-cd8e-4d2b-9ecb-88d783a11af6	7	53129242	53129510	3	-1.3168
332f5789-cd8e-4d2b-9ecb-88d783a11af6	7	53136163	54318812	874	-0.0184
332f5789-cd8e-4d2b-9ecb-88d783a11af6	7	54318816	54318824	5	-2.5719
332f5789-cd8e-4d2b-9ecb-88d783a11af6	7	54325795	134100424	43183	-0.0014
332f5789-cd8e-4d2b-9ecb-88d783a11af6	7	134100442	134105690	24	0.5636
332f5789-cd8e-4d2b-9ecb-88d783a11af6	7	134110881	142069880	5204	-0.0009
332f5789-cd8e-4d2b-9ecb-88d783a11af6	7	142069891	142092307	32	-0.6394
332f5789-cd8e-4d2b-9ecb-88d783a11af6	7	142099190	144264193	1209	0.0105
332f5789-cd8e-4d2b-9ecb-88d783a11af6	7	144295437	144312471	3	2.0954
332f5789-cd8e-4d2b-9ecb-88d783a11af6	7	144326306	145595078	786	-0.0055
332f5789-cd8e-4d2b-9ecb-88d783a11af6	7	145598991	145601056	4	-1.0679
332f5789-cd8e-4d2b-9ecb-88d783a11af6	7	145601253	159334314	8855	-0.001
332f5789-cd8e-4d2b-9ecb-88d783a11af6	8	81254	3356284	2557	-0.0039
332f5789-cd8e-4d2b-9ecb-88d783a11af6	8	3357351	3358110	5	-1.0637
332f5789-cd8e-4d2b-9ecb-88d783a11af6	8	3358401	3914800	784	0.014
332f5789-cd8e-4d2b-9ecb-88d783a11af6	8	3916413	3932515	26	-0.6393
332f5789-cd8e-4d2b-9ecb-88d783a11af6	8	3932584	8528287	4708	0.0105
332f5789-cd8e-4d2b-9ecb-88d783a11af6	8	8528640	8528847	3	-1.6301
332f5789-cd8e-4d2b-9ecb-88d783a11af6	8	8528932	12585546	2980	-0.0007
332f5789-cd8e-4d2b-9ecb-88d783a11af6	8	12616034	12672773	12	-0.6299
332f5789-cd8e-4d2b-9ecb-88d783a11af6	8	12673233	50119451	24048	0.0006
332f5789-cd8e-4d2b-9ecb-88d783a11af6	8	50119464	50119827	7	-1.9204
332f5789-cd8e-4d2b-9ecb-88d783a11af6	8	50126018	68684592	11685	0.0049
332f5789-cd8e-4d2b-9ecb-88d783a11af6	8	68685061	68685455	3	-1.113
332f5789-cd8e-4d2b-9ecb-88d783a11af6	8	68688787	111282065	25685	0.001
332f5789-cd8e-4d2b-9ecb-88d783a11af6	8	111282237	111283031	8	-1.0251
332f5789-cd8e-4d2b-9ecb-88d783a11af6	8	111288052	114619814	1816	-0.0081
332f5789-cd8e-4d2b-9ecb-88d783a11af6	8	114622258	114622678	6	-0.6376
332f5789-cd8e-4d2b-9ecb-88d783a11af6	8	114622851	114626238	10	-1.1486
332f5789-cd8e-4d2b-9ecb-88d783a11af6	8	114626472	114629502	19	-0.4381
332f5789-cd8e-4d2b-9ecb-88d783a11af6	8	114638468	134988235	14651	0.0012
332f5789-cd8e-4d2b-9ecb-88d783a11af6	8	134993363	134995341	4	-1.5526
332f5789-cd8e-4d2b-9ecb-88d783a11af6	8	134996210	145072769	6390	-0.0121
332f5789-cd8e-4d2b-9ecb-88d783a11af6	9	46587	512080	393	-0.026
332f5789-cd8e-4d2b-9ecb-88d783a11af6	9	517715	526993	14	-0.8798
332f5789-cd8e-4d2b-9ecb-88d783a11af6	9	531565	7222895	6489	0.0073
332f5789-cd8e-4d2b-9ecb-88d783a11af6	9	7226519	7231638	11	-1.0421
332f5789-cd8e-4d2b-9ecb-88d783a11af6	9	7232797	16219482	7755	0.011
332f5789-cd8e-4d2b-9ecb-88d783a11af6	9	16221744	16225126	6	-1.0662
332f5789-cd8e-4d2b-9ecb-88d783a11af6	9	16226020	24027844	6223	0.0002
332f5789-cd8e-4d2b-9ecb-88d783a11af6	9	24028599	24036392	2	-1.7731
332f5789-cd8e-4d2b-9ecb-88d783a11af6	9	24036562	24503818	315	0.0043
332f5789-cd8e-4d2b-9ecb-88d783a11af6	9	24504127	24517684	19	-0.818
332f5789-cd8e-4d2b-9ecb-88d783a11af6	9	24519686	39840169	9932	0.004
332f5789-cd8e-4d2b-9ecb-88d783a11af6	9	40018947	40099921	3	1.2077
332f5789-cd8e-4d2b-9ecb-88d783a11af6	9	40189830	41639988	84	-0.4478
332f5789-cd8e-4d2b-9ecb-88d783a11af6	9	41644133	42073850	18	0.1224
332f5789-cd8e-4d2b-9ecb-88d783a11af6	9	42080170	42574420	33	-0.4246
332f5789-cd8e-4d2b-9ecb-88d783a11af6	9	42585140	42726239	13	0.8251
332f5789-cd8e-4d2b-9ecb-88d783a11af6	9	42727685	61405110	42	0.1106
332f5789-cd8e-4d2b-9ecb-88d783a11af6	9	61520021	61665362	31	0.5571
332f5789-cd8e-4d2b-9ecb-88d783a11af6	9	61668104	69527784	1183	-0.0084
332f5789-cd8e-4d2b-9ecb-88d783a11af6	9	69532292	69534559	6	-0.8715
332f5789-cd8e-4d2b-9ecb-88d783a11af6	9	69541194	87907679	13177	-0.0024
332f5789-cd8e-4d2b-9ecb-88d783a11af6	9	87939236	87939304	2	-2.0426
332f5789-cd8e-4d2b-9ecb-88d783a11af6	9	87943042	131383392	30047	0.0017
332f5789-cd8e-4d2b-9ecb-88d783a11af6	9	131385539	131390317	5	-0.9698
332f5789-cd8e-4d2b-9ecb-88d783a11af6	9	131396628	138177075	3622	-0.0047
332f5789-cd8e-4d2b-9ecb-88d783a11af6	9	138177488	138200944	6	0.7684
332f5789-cd8e-4d2b-9ecb-88d783a11af6	10	45792	17885034	14840	0.0056
332f5789-cd8e-4d2b-9ecb-88d783a11af6	10	17896194	17910884	3	1.7496
332f5789-cd8e-4d2b-9ecb-88d783a11af6	10	17929793	20551945	2136	0.0152
332f5789-cd8e-4d2b-9ecb-88d783a11af6	10	20561183	20564574	5	-1.0948
332f5789-cd8e-4d2b-9ecb-88d783a11af6	10	20564605	65546518	27389	0.002
332f5789-cd8e-4d2b-9ecb-88d783a11af6	10	65548165	65554672	27	0.5144
332f5789-cd8e-4d2b-9ecb-88d783a11af6	10	65554688	108406264	28024	-0.0027
332f5789-cd8e-4d2b-9ecb-88d783a11af6	10	108406641	108407106	2	-2.0927
332f5789-cd8e-4d2b-9ecb-88d783a11af6	10	108408614	133654968	18147	0.0001
332f5789-cd8e-4d2b-9ecb-88d783a11af6	11	198510	4946166	2414	-0.0074
332f5789-cd8e-4d2b-9ecb-88d783a11af6	11	4946420	4954475	29	-0.3724
332f5789-cd8e-4d2b-9ecb-88d783a11af6	11	4955027	5762693	784	0.005
332f5789-cd8e-4d2b-9ecb-88d783a11af6	11	5766175	5788108	34	0.5008
332f5789-cd8e-4d2b-9ecb-88d783a11af6	11	5788231	55595864	31169	0.0024
332f5789-cd8e-4d2b-9ecb-88d783a11af6	11	55606556	55685533	59	0.5665
332f5789-cd8e-4d2b-9ecb-88d783a11af6	11	55686100	101723653	28535	-0.0024
332f5789-cd8e-4d2b-9ecb-88d783a11af6	11	101727129	101727233	4	1.0697
332f5789-cd8e-4d2b-9ecb-88d783a11af6	11	101727481	105077402	2347	0.0057
332f5789-cd8e-4d2b-9ecb-88d783a11af6	11	105079697	105105939	25	-0.9205
332f5789-cd8e-4d2b-9ecb-88d783a11af6	11	105107732	127065382	15161	-0.0062
332f5789-cd8e-4d2b-9ecb-88d783a11af6	11	127066539	127066661	3	-1.5798
332f5789-cd8e-4d2b-9ecb-88d783a11af6	11	127068441	133186412	4745	0.0042
332f5789-cd8e-4d2b-9ecb-88d783a11af6	11	133188071	133188446	2	-1.3028
332f5789-cd8e-4d2b-9ecb-88d783a11af6	11	133189124	135074876	1412	0.0103
332f5789-cd8e-4d2b-9ecb-88d783a11af6	12	51460	756804	415	-0.0299
332f5789-cd8e-4d2b-9ecb-88d783a11af6	12	759943	764863	18	-0.838
332f5789-cd8e-4d2b-9ecb-88d783a11af6	12	766188	133201603	84350	0.0019
332f5789-cd8e-4d2b-9ecb-88d783a11af6	13	18452809	31957984	9555	-0.0007
332f5789-cd8e-4d2b-9ecb-88d783a11af6	13	31958485	31964286	18	-0.9881
332f5789-cd8e-4d2b-9ecb-88d783a11af6	13	31965910	57176962	16419	0.0043
332f5789-cd8e-4d2b-9ecb-88d783a11af6	13	57184136	57215580	35	-0.5756
332f5789-cd8e-4d2b-9ecb-88d783a11af6	13	57215875	105664476	31885	0.0015
332f5789-cd8e-4d2b-9ecb-88d783a11af6	13	105664543	105664629	3	-2.386
332f5789-cd8e-4d2b-9ecb-88d783a11af6	13	105667023	114342922	6146	0.0061
332f5789-cd8e-4d2b-9ecb-88d783a11af6	14	18239283	73529070	34197	-0.0081
332f5789-cd8e-4d2b-9ecb-88d783a11af6	14	73534419	73554275	9	-1.2966
332f5789-cd8e-4d2b-9ecb-88d783a11af6	14	73563196	80423814	4563	-0.0156
332f5789-cd8e-4d2b-9ecb-88d783a11af6	14	80426269	80426539	2	-1.6989
332f5789-cd8e-4d2b-9ecb-88d783a11af6	14	80431565	105632424	16061	-0.0029
332f5789-cd8e-4d2b-9ecb-88d783a11af6	14	105632998	105733039	16	-0.9143
332f5789-cd8e-4d2b-9ecb-88d783a11af6	14	105752248	106877229	485	-0.0102
332f5789-cd8e-4d2b-9ecb-88d783a11af6	15	19811075	24429986	1200	-0.0529
332f5789-cd8e-4d2b-9ecb-88d783a11af6	15	24435245	24469643	26	-0.6845
332f5789-cd8e-4d2b-9ecb-88d783a11af6	15	24469692	24469711	2	-1.3973
332f5789-cd8e-4d2b-9ecb-88d783a11af6	15	24472373	30500366	3628	0.003
332f5789-cd8e-4d2b-9ecb-88d783a11af6	15	30503586	30595753	3	-1.4032
332f5789-cd8e-4d2b-9ecb-88d783a11af6	15	30608675	53492691	14228	0.0017
332f5789-cd8e-4d2b-9ecb-88d783a11af6	15	53492794	53493082	6	-1.6304
332f5789-cd8e-4d2b-9ecb-88d783a11af6	15	53498050	76599170	14791	0.0011
332f5789-cd8e-4d2b-9ecb-88d783a11af6	15	76599286	76603434	20	-1.9632
332f5789-cd8e-4d2b-9ecb-88d783a11af6	15	76609838	101928837	17602	0.0023
332f5789-cd8e-4d2b-9ecb-88d783a11af6	16	10777	41192	12	-0.4506
332f5789-cd8e-4d2b-9ecb-88d783a11af6	16	44808	7441237	4936	-0.0057
332f5789-cd8e-4d2b-9ecb-88d783a11af6	16	7441319	7441989	2	-2.2302
332f5789-cd8e-4d2b-9ecb-88d783a11af6	16	7442976	14845483	6145	0.0099
332f5789-cd8e-4d2b-9ecb-88d783a11af6	16	14857718	14991827	49	-0.3288
332f5789-cd8e-4d2b-9ecb-88d783a11af6	16	14993314	29294233	7908	-0.008
332f5789-cd8e-4d2b-9ecb-88d783a11af6	16	29296764	30536574	301	-0.1181
332f5789-cd8e-4d2b-9ecb-88d783a11af6	16	30540410	55774768	7567	-0.0038
332f5789-cd8e-4d2b-9ecb-88d783a11af6	16	55775312	55775554	2	-1.6726
332f5789-cd8e-4d2b-9ecb-88d783a11af6	16	55776109	78337711	14270	0.0023
332f5789-cd8e-4d2b-9ecb-88d783a11af6	16	78338543	78350868	16	0.8663
332f5789-cd8e-4d2b-9ecb-88d783a11af6	16	78351104	90096867	10602	0.001
332f5789-cd8e-4d2b-9ecb-88d783a11af6	17	150733	8339592	4530	-0.0122
332f5789-cd8e-4d2b-9ecb-88d783a11af6	17	8344229	8344415	2	-3.4991
332f5789-cd8e-4d2b-9ecb-88d783a11af6	17	8346140	18414080	6851	0.0017
332f5789-cd8e-4d2b-9ecb-88d783a11af6	17	18452078	18592992	30	0.3381
332f5789-cd8e-4d2b-9ecb-88d783a11af6	17	18593989	27417133	1706	-0.0004
332f5789-cd8e-4d2b-9ecb-88d783a11af6	17	27417471	27423063	5	-0.9963
332f5789-cd8e-4d2b-9ecb-88d783a11af6	17	27428167	36109315	5108	0.0093
332f5789-cd8e-4d2b-9ecb-88d783a11af6	17	36109735	36208249	37	0.9447
332f5789-cd8e-4d2b-9ecb-88d783a11af6	17	36460442	41266851	2526	0.004
332f5789-cd8e-4d2b-9ecb-88d783a11af6	17	41266901	41274279	18	0.4266
332f5789-cd8e-4d2b-9ecb-88d783a11af6	17	41276472	46099741	2510	-0.0097
332f5789-cd8e-4d2b-9ecb-88d783a11af6	17	46100092	46687628	122	-0.3909
332f5789-cd8e-4d2b-9ecb-88d783a11af6	17	46707286	83091923	21548	0.0041
332f5789-cd8e-4d2b-9ecb-88d783a11af6	18	48133	62480666	37732	0.0027
332f5789-cd8e-4d2b-9ecb-88d783a11af6	18	62480761	62480855	2	-2.2552
332f5789-cd8e-4d2b-9ecb-88d783a11af6	18	62481496	66054343	2528	-0.006
332f5789-cd8e-4d2b-9ecb-88d783a11af6	18	66060256	66061104	12	-1.8864
332f5789-cd8e-4d2b-9ecb-88d783a11af6	18	66065502	69540616	2612	0.0058
332f5789-cd8e-4d2b-9ecb-88d783a11af6	18	69541156	69550035	7	-0.9795
332f5789-cd8e-4d2b-9ecb-88d783a11af6	18	69550306	75380967	4372	0.012
332f5789-cd8e-4d2b-9ecb-88d783a11af6	18	75381532	75382006	2	-1.3263
332f5789-cd8e-4d2b-9ecb-88d783a11af6	18	75382132	80257174	3430	0.0055
332f5789-cd8e-4d2b-9ecb-88d783a11af6	19	90910	21207364	9355	-0.0023
332f5789-cd8e-4d2b-9ecb-88d783a11af6	19	21207850	21217340	12	-1.3052
332f5789-cd8e-4d2b-9ecb-88d783a11af6	19	21219960	24274155	1759	-0.0068
332f5789-cd8e-4d2b-9ecb-88d783a11af6	19	24278016	24282155	10	-0.776
332f5789-cd8e-4d2b-9ecb-88d783a11af6	19	24304880	58586487	17957	-0.0021
332f5789-cd8e-4d2b-9ecb-88d783a11af6	20	80664	1571811	1182	-0.0311
332f5789-cd8e-4d2b-9ecb-88d783a11af6	20	1576544	1601122	55	-0.6216
332f5789-cd8e-4d2b-9ecb-88d783a11af6	20	1601446	64284715	41101	0.0025
332f5789-cd8e-4d2b-9ecb-88d783a11af6	20	64323342	64324800	5	-2.1813
332f5789-cd8e-4d2b-9ecb-88d783a11af6	21	10354168	22803376	6669	0.0044
332f5789-cd8e-4d2b-9ecb-88d783a11af6	21	22804542	22838462	22	-0.859
332f5789-cd8e-4d2b-9ecb-88d783a11af6	21	22839335	46677045	17142	0.0015
332f5789-cd8e-4d2b-9ecb-88d783a11af6	22	15294547	19043209	1198	0.011
332f5789-cd8e-4d2b-9ecb-88d783a11af6	22	19046950	21755011	1613	-0.0696
332f5789-cd8e-4d2b-9ecb-88d783a11af6	22	21756996	33777419	8817	-0.0096
332f5789-cd8e-4d2b-9ecb-88d783a11af6	22	33778960	33778975	2	-2.5469
332f5789-cd8e-4d2b-9ecb-88d783a11af6	22	33778986	40397256	4307	-0.0154
332f5789-cd8e-4d2b-9ecb-88d783a11af6	22	40398586	40398816	2	-2.7486
332f5789-cd8e-4d2b-9ecb-88d783a11af6	22	40401668	40675655	113	0.0227
332f5789-cd8e-4d2b-9ecb-88d783a11af6	22	40676339	40678244	2	-1.1232
332f5789-cd8e-4d2b-9ecb-88d783a11af6	22	40681004	41457725	518	0.0055
332f5789-cd8e-4d2b-9ecb-88d783a11af6	22	41460044	41460532	2	-1.428
332f5789-cd8e-4d2b-9ecb-88d783a11af6	22	41464474	50796027	6667	-0.0216
332f5789-cd8e-4d2b-9ecb-88d783a11af6	X	251810	151124426	81186	0.0029
332f5789-cd8e-4d2b-9ecb-88d783a11af6	X	151125462	151126987	2	-2.4574
332f5789-cd8e-4d2b-9ecb-88d783a11af6	X	151128083	152320933	820	-0.0287
332f5789-cd8e-4d2b-9ecb-88d783a11af6	X	152321296	154329810	950	0.0519
332f5789-cd8e-4d2b-9ecb-88d783a11af6	X	154329969	155952689	590	-0.0144
332f5789-cd8e-4d2b-9ecb-88d783a11af6	Y	2782397	6233384	783	-2.7807
332f5789-cd8e-4d2b-9ecb-88d783a11af6	Y	6249869	9330531	1444	-3.1945
332f5789-cd8e-4d2b-9ecb-88d783a11af6	Y	9332936	9550385	21	-4.8906
332f5789-cd8e-4d2b-9ecb-88d783a11af6	Y	9550653	13478396	1016	-3.1073
332f5789-cd8e-4d2b-9ecb-88d783a11af6	Y	13478462	13482643	3	-7.6945
332f5789-cd8e-4d2b-9ecb-88d783a11af6	Y	13483009	23586854	3179	-3.1753
332f5789-cd8e-4d2b-9ecb-88d783a11af6	Y	23784615	56872112	192	-2.8585
