GDC_Aliquot	Chromosome	Start	End	Num_Probes	Segment_Mean
f2437da7-9419-483b-9357-1f1125b639c3	1	62920	259926	16	0.0368
f2437da7-9419-483b-9357-1f1125b639c3	1	266187	825988	19	-0.3112
f2437da7-9419-483b-9357-1f1125b639c3	1	826738	988299	35	-1.1507
f2437da7-9419-483b-9357-1f1125b639c3	1	991051	1014228	2	-5.1241
f2437da7-9419-483b-9357-1f1125b639c3	1	1027290	7471278	3521	-0.7334
f2437da7-9419-483b-9357-1f1125b639c3	1	7476127	11405422	2063	-1.7926
f2437da7-9419-483b-9357-1f1125b639c3	1	11407656	15940652	2627	-0.19
f2437da7-9419-483b-9357-1f1125b639c3	1	15947500	16433121	217	0.1532
f2437da7-9419-483b-9357-1f1125b639c3	1	16434707	16542868	40	0.7235
f2437da7-9419-483b-9357-1f1125b639c3	1	16544783	16935752	111	0.3522
f2437da7-9419-483b-9357-1f1125b639c3	1	16949746	19064614	1533	-0.1837
f2437da7-9419-483b-9357-1f1125b639c3	1	19064638	19720693	432	0.1784
f2437da7-9419-483b-9357-1f1125b639c3	1	19721939	19726879	6	-0.7665
f2437da7-9419-483b-9357-1f1125b639c3	1	19730085	21036234	842	0.1915
f2437da7-9419-483b-9357-1f1125b639c3	1	21039321	21163209	58	0.476
f2437da7-9419-483b-9357-1f1125b639c3	1	21164911	21501899	175	0.6768
f2437da7-9419-483b-9357-1f1125b639c3	1	21503843	21671913	106	0.4309
f2437da7-9419-483b-9357-1f1125b639c3	1	21672345	22022063	187	0.6974
f2437da7-9419-483b-9357-1f1125b639c3	1	22031369	22309739	209	0.1776
f2437da7-9419-483b-9357-1f1125b639c3	1	22310166	22372008	39	0.7659
f2437da7-9419-483b-9357-1f1125b639c3	1	22374633	22381072	7	0.3197
f2437da7-9419-483b-9357-1f1125b639c3	1	22382304	23313056	561	-0.2293
f2437da7-9419-483b-9357-1f1125b639c3	1	23318962	23512761	128	0.1219
f2437da7-9419-483b-9357-1f1125b639c3	1	23514187	23547245	15	0.7809
f2437da7-9419-483b-9357-1f1125b639c3	1	23555523	23654464	50	0.2454
f2437da7-9419-483b-9357-1f1125b639c3	1	23658819	23816406	64	-0.2358
f2437da7-9419-483b-9357-1f1125b639c3	1	23819382	23964300	42	0.1675
f2437da7-9419-483b-9357-1f1125b639c3	1	23969594	24048784	7	-0.3357
f2437da7-9419-483b-9357-1f1125b639c3	1	24051536	27061194	1529	-0.7684
f2437da7-9419-483b-9357-1f1125b639c3	1	27061893	27490870	154	-0.174
f2437da7-9419-483b-9357-1f1125b639c3	1	27492533	27890551	171	0.1882
f2437da7-9419-483b-9357-1f1125b639c3	1	27893907	28094393	105	-0.1988
f2437da7-9419-483b-9357-1f1125b639c3	1	28094642	29106297	383	-0.6955
f2437da7-9419-483b-9357-1f1125b639c3	1	29108119	29153908	20	-0.1229
f2437da7-9419-483b-9357-1f1125b639c3	1	29156969	30712010	1174	-0.7081
f2437da7-9419-483b-9357-1f1125b639c3	1	30712031	30738435	20	-0.1533
f2437da7-9419-483b-9357-1f1125b639c3	1	30739199	30744519	4	0.7622
f2437da7-9419-483b-9357-1f1125b639c3	1	30744738	30794488	27	0.1394
f2437da7-9419-483b-9357-1f1125b639c3	1	30796057	30938231	94	0.6372
f2437da7-9419-483b-9357-1f1125b639c3	1	30940072	31148580	84	-0.1512
f2437da7-9419-483b-9357-1f1125b639c3	1	31150820	31152499	2	-1.7789
f2437da7-9419-483b-9357-1f1125b639c3	1	31152542	33301689	959	-0.2307
f2437da7-9419-483b-9357-1f1125b639c3	1	33302224	38825472	3310	-0.1596
f2437da7-9419-483b-9357-1f1125b639c3	1	38825577	41185258	1208	-0.2224
f2437da7-9419-483b-9357-1f1125b639c3	1	41188667	41303760	57	0.177
f2437da7-9419-483b-9357-1f1125b639c3	1	41304640	41331426	15	0.5845
f2437da7-9419-483b-9357-1f1125b639c3	1	41331911	41429460	72	0.1861
f2437da7-9419-483b-9357-1f1125b639c3	1	41429826	41572255	98	0.5016
f2437da7-9419-483b-9357-1f1125b639c3	1	41572784	48932451	4358	-0.1999
f2437da7-9419-483b-9357-1f1125b639c3	1	48932528	50435893	671	-0.1184
f2437da7-9419-483b-9357-1f1125b639c3	1	50437696	51280383	357	-0.1814
f2437da7-9419-483b-9357-1f1125b639c3	1	51282289	51815812	213	0.134
f2437da7-9419-483b-9357-1f1125b639c3	1	51831387	64981376	9536	-0.1741
f2437da7-9419-483b-9357-1f1125b639c3	1	64986988	65446240	286	0.2075
f2437da7-9419-483b-9357-1f1125b639c3	1	65459076	66886381	1109	-0.1439
f2437da7-9419-483b-9357-1f1125b639c3	1	66887277	68517995	1146	-0.2061
f2437da7-9419-483b-9357-1f1125b639c3	1	68519327	75585159	4175	-0.1411
f2437da7-9419-483b-9357-1f1125b639c3	1	75589078	75589169	2	-2.1688
f2437da7-9419-483b-9357-1f1125b639c3	1	75593824	75655263	53	-0.2639
f2437da7-9419-483b-9357-1f1125b639c3	1	75655453	80344850	3046	-0.126
f2437da7-9419-483b-9357-1f1125b639c3	1	80345620	85302382	3380	-0.1911
f2437da7-9419-483b-9357-1f1125b639c3	1	85303177	89873488	3006	-0.7069
f2437da7-9419-483b-9357-1f1125b639c3	1	89873841	90085574	110	-0.2146
f2437da7-9419-483b-9357-1f1125b639c3	1	90086206	95133831	3196	-0.7268
f2437da7-9419-483b-9357-1f1125b639c3	1	95134430	108565809	8165	-0.6736
f2437da7-9419-483b-9357-1f1125b639c3	1	108566200	119115201	6868	-0.7414
f2437da7-9419-483b-9357-1f1125b639c3	1	119115315	119373360	157	-0.269
f2437da7-9419-483b-9357-1f1125b639c3	1	119376582	119390629	10	0.7926
f2437da7-9419-483b-9357-1f1125b639c3	1	119391420	119405091	8	0.3119
f2437da7-9419-483b-9357-1f1125b639c3	1	119411581	121705338	595	-0.184
f2437da7-9419-483b-9357-1f1125b639c3	1	143459641	143748590	101	0.3587
f2437da7-9419-483b-9357-1f1125b639c3	1	143748728	143748826	3	1.7495
f2437da7-9419-483b-9357-1f1125b639c3	1	143748872	144442342	29	0.4529
f2437da7-9419-483b-9357-1f1125b639c3	1	144445555	148319338	816	-0.1569
f2437da7-9419-483b-9357-1f1125b639c3	1	148322077	152175092	1207	-0.2425
f2437da7-9419-483b-9357-1f1125b639c3	1	152176337	152583051	270	-0.1478
f2437da7-9419-483b-9357-1f1125b639c3	1	152583230	152614100	34	-1.4791
f2437da7-9419-483b-9357-1f1125b639c3	1	152614118	152787202	167	-0.0759
f2437da7-9419-483b-9357-1f1125b639c3	1	152789447	152796224	37	-1.6414
f2437da7-9419-483b-9357-1f1125b639c3	1	152801429	155050389	1276	-0.1773
f2437da7-9419-483b-9357-1f1125b639c3	1	155051833	155360960	140	0.3654
f2437da7-9419-483b-9357-1f1125b639c3	1	155363602	157274299	909	0.0862
f2437da7-9419-483b-9357-1f1125b639c3	1	157276505	157508748	154	0.2095
f2437da7-9419-483b-9357-1f1125b639c3	1	157512664	157513157	2	-1.856
f2437da7-9419-483b-9357-1f1125b639c3	1	157513483	171712750	10409	0.1536
f2437da7-9419-483b-9357-1f1125b639c3	1	171713955	171883303	133	0.6117
f2437da7-9419-483b-9357-1f1125b639c3	1	171886179	174827267	1700	0.1298
f2437da7-9419-483b-9357-1f1125b639c3	1	174827418	174832716	17	-1.32
f2437da7-9419-483b-9357-1f1125b639c3	1	174832734	175520414	486	0.1645
f2437da7-9419-483b-9357-1f1125b639c3	1	175524360	175691905	159	0.3488
f2437da7-9419-483b-9357-1f1125b639c3	1	175692570	177094559	832	0.1719
f2437da7-9419-483b-9357-1f1125b639c3	1	177101899	177207424	85	0.436
f2437da7-9419-483b-9357-1f1125b639c3	1	177210822	177225484	11	0.8081
f2437da7-9419-483b-9357-1f1125b639c3	1	177225914	177234182	10	0.483
f2437da7-9419-483b-9357-1f1125b639c3	1	177234717	178646781	887	0.1579
f2437da7-9419-483b-9357-1f1125b639c3	1	178650048	178696995	58	0.0733
f2437da7-9419-483b-9357-1f1125b639c3	1	178697037	178702586	17	-0.3732
f2437da7-9419-483b-9357-1f1125b639c3	1	178702615	179490419	610	0.0789
f2437da7-9419-483b-9357-1f1125b639c3	1	179490541	182113837	1767	0.1592
f2437da7-9419-483b-9357-1f1125b639c3	1	182115841	182118201	6	-1.4858
f2437da7-9419-483b-9357-1f1125b639c3	1	182118842	189749745	4982	0.1514
f2437da7-9419-483b-9357-1f1125b639c3	1	189750106	191789400	1338	0.214
f2437da7-9419-483b-9357-1f1125b639c3	1	191789531	193186662	945	0.1366
f2437da7-9419-483b-9357-1f1125b639c3	1	193187149	193187218	4	-1.0279
f2437da7-9419-483b-9357-1f1125b639c3	1	193190593	194479104	940	0.1415
f2437da7-9419-483b-9357-1f1125b639c3	1	194482281	194485888	2	-1.5839
f2437da7-9419-483b-9357-1f1125b639c3	1	194487886	200351715	3742	0.1792
f2437da7-9419-483b-9357-1f1125b639c3	1	200352496	203515463	2057	0.113
f2437da7-9419-483b-9357-1f1125b639c3	1	203516014	203748252	136	0.4046
f2437da7-9419-483b-9357-1f1125b639c3	1	203750748	204461235	513	0.1279
f2437da7-9419-483b-9357-1f1125b639c3	1	204465343	204591549	118	0.5368
f2437da7-9419-483b-9357-1f1125b639c3	1	204591862	215680493	7558	0.1405
f2437da7-9419-483b-9357-1f1125b639c3	1	215680494	221635036	4249	0.1765
f2437da7-9419-483b-9357-1f1125b639c3	1	221635492	234948319	9045	0.1472
f2437da7-9419-483b-9357-1f1125b639c3	1	234951493	235303911	142	0.4093
f2437da7-9419-483b-9357-1f1125b639c3	1	235313077	241879466	5092	0.1731
f2437da7-9419-483b-9357-1f1125b639c3	1	241879584	243334403	906	0.0758
f2437da7-9419-483b-9357-1f1125b639c3	1	243335010	248348372	3368	0.1747
f2437da7-9419-483b-9357-1f1125b639c3	1	248348506	248694707	141	0.3943
f2437da7-9419-483b-9357-1f1125b639c3	1	248697340	248930189	116	0.1738
f2437da7-9419-483b-9357-1f1125b639c3	2	12784	129028	56	0.4247
f2437da7-9419-483b-9357-1f1125b639c3	2	130357	305730	132	0.1436
f2437da7-9419-483b-9357-1f1125b639c3	2	305803	1912858	1046	0.3216
f2437da7-9419-483b-9357-1f1125b639c3	2	1913832	3158335	957	0.2365
f2437da7-9419-483b-9357-1f1125b639c3	2	3159967	3239467	89	0.4692
f2437da7-9419-483b-9357-1f1125b639c3	2	3244734	4166274	701	0.2254
f2437da7-9419-483b-9357-1f1125b639c3	2	4166610	4175577	35	-0.5548
f2437da7-9419-483b-9357-1f1125b639c3	2	4175922	6254573	1796	0.2566
f2437da7-9419-483b-9357-1f1125b639c3	2	6257632	6264758	11	0.8352
f2437da7-9419-483b-9357-1f1125b639c3	2	6264929	7652580	1178	0.234
f2437da7-9419-483b-9357-1f1125b639c3	2	7652808	13062806	3975	0.1783
f2437da7-9419-483b-9357-1f1125b639c3	2	13064541	23877223	7651	0.2287
f2437da7-9419-483b-9357-1f1125b639c3	2	23879047	26440384	1247	0.1496
f2437da7-9419-483b-9357-1f1125b639c3	2	26440863	26563960	82	0.2127
f2437da7-9419-483b-9357-1f1125b639c3	2	26567108	26644161	47	0.4681
f2437da7-9419-483b-9357-1f1125b639c3	2	26647172	26858001	94	0.0682
f2437da7-9419-483b-9357-1f1125b639c3	2	26859691	27318048	218	0.4643
f2437da7-9419-483b-9357-1f1125b639c3	2	27320715	28361614	491	0.1328
f2437da7-9419-483b-9357-1f1125b639c3	2	28362289	28512850	87	0.4575
f2437da7-9419-483b-9357-1f1125b639c3	2	28514746	34295406	3996	0.2104
f2437da7-9419-483b-9357-1f1125b639c3	2	34298911	34300513	2	-2.2227
f2437da7-9419-483b-9357-1f1125b639c3	2	34300900	34460213	94	0.2465
f2437da7-9419-483b-9357-1f1125b639c3	2	34466002	34502784	44	-0.1733
f2437da7-9419-483b-9357-1f1125b639c3	2	34502800	34783418	196	0.2467
f2437da7-9419-483b-9357-1f1125b639c3	2	34783502	34783786	3	-0.7987
f2437da7-9419-483b-9357-1f1125b639c3	2	34783798	35356931	343	0.2246
f2437da7-9419-483b-9357-1f1125b639c3	2	35357007	36324980	803	0.299
f2437da7-9419-483b-9357-1f1125b639c3	2	36325132	36656563	324	0.1821
f2437da7-9419-483b-9357-1f1125b639c3	2	36656579	36794469	147	0.2999
f2437da7-9419-483b-9357-1f1125b639c3	2	36795826	37452413	383	0.1265
f2437da7-9419-483b-9357-1f1125b639c3	2	37452954	38313014	722	0.2622
f2437da7-9419-483b-9357-1f1125b639c3	2	38314836	39941327	972	0.1629
f2437da7-9419-483b-9357-1f1125b639c3	2	39941735	39949455	10	0.8903
f2437da7-9419-483b-9357-1f1125b639c3	2	39949996	43294028	2573	0.1956
f2437da7-9419-483b-9357-1f1125b639c3	2	43298700	43305385	9	-1.1842
f2437da7-9419-483b-9357-1f1125b639c3	2	43311568	50477500	5048	0.199
f2437da7-9419-483b-9357-1f1125b639c3	2	50477960	52531803	1437	0.2736
f2437da7-9419-483b-9357-1f1125b639c3	2	52531878	52563002	30	-0.0901
f2437da7-9419-483b-9357-1f1125b639c3	2	52563355	53442771	746	0.2606
f2437da7-9419-483b-9357-1f1125b639c3	2	53443285	60690233	4961	0.2164
f2437da7-9419-483b-9357-1f1125b639c3	2	60702964	73562405	7724	0.1825
f2437da7-9419-483b-9357-1f1125b639c3	2	73564681	85948635	7942	0.2263
f2437da7-9419-483b-9357-1f1125b639c3	2	85951845	86126279	102	0.5055
f2437da7-9419-483b-9357-1f1125b639c3	2	86127581	96278328	1891	0.2153
f2437da7-9419-483b-9357-1f1125b639c3	2	96287744	96779554	184	0.4697
f2437da7-9419-483b-9357-1f1125b639c3	2	96783545	117568893	11937	0.2074
f2437da7-9419-483b-9357-1f1125b639c3	2	117569759	117571885	2	-2.7059
f2437da7-9419-483b-9357-1f1125b639c3	2	117574253	125684646	5219	0.2171
f2437da7-9419-483b-9357-1f1125b639c3	2	125694074	125694336	2	-1.9958
f2437da7-9419-483b-9357-1f1125b639c3	2	125694355	128880504	1932	0.1966
f2437da7-9419-483b-9357-1f1125b639c3	2	128880904	128882741	15	0.9414
f2437da7-9419-483b-9357-1f1125b639c3	2	128882755	170726378	25282	0.2096
f2437da7-9419-483b-9357-1f1125b639c3	2	170730264	171119784	202	0.5311
f2437da7-9419-483b-9357-1f1125b639c3	2	171121257	178419285	4655	0.1777
f2437da7-9419-483b-9357-1f1125b639c3	2	178419344	181269554	1828	0.1999
f2437da7-9419-483b-9357-1f1125b639c3	2	181269567	186082748	2866	0.2474
f2437da7-9419-483b-9357-1f1125b639c3	2	186083167	200545354	8206	0.2024
f2437da7-9419-483b-9357-1f1125b639c3	2	200557698	201508729	485	0.1073
f2437da7-9419-483b-9357-1f1125b639c3	2	201511546	202187080	403	0.1865
f2437da7-9419-483b-9357-1f1125b639c3	2	202193510	202433243	121	0.4248
f2437da7-9419-483b-9357-1f1125b639c3	2	202433419	203207836	349	0.1377
f2437da7-9419-483b-9357-1f1125b639c3	2	203208705	203466356	110	0.4399
f2437da7-9419-483b-9357-1f1125b639c3	2	203468403	215677469	7909	0.2189
f2437da7-9419-483b-9357-1f1125b639c3	2	215677538	218437001	1874	0.1731
f2437da7-9419-483b-9357-1f1125b639c3	2	218448631	218592315	62	0.4126
f2437da7-9419-483b-9357-1f1125b639c3	2	218596627	218777878	94	0.6616
f2437da7-9419-483b-9357-1f1125b639c3	2	218782764	219084462	132	0.4701
f2437da7-9419-483b-9357-1f1125b639c3	2	219090189	231275648	7911	0.1737
f2437da7-9419-483b-9357-1f1125b639c3	2	231281139	231467023	93	0.5267
f2437da7-9419-483b-9357-1f1125b639c3	2	231478070	239341241	5127	0.1904
f2437da7-9419-483b-9357-1f1125b639c3	2	239345264	239490797	90	0.5578
f2437da7-9419-483b-9357-1f1125b639c3	2	239491519	241830518	1269	0.187
f2437da7-9419-483b-9357-1f1125b639c3	2	241831203	242084107	104	0.4006
f2437da7-9419-483b-9357-1f1125b639c3	2	242087337	242147305	30	0.1459
f2437da7-9419-483b-9357-1f1125b639c3	3	20930	4419885	3934	-0.1389
f2437da7-9419-483b-9357-1f1125b639c3	3	4420014	5168376	616	-0.2451
f2437da7-9419-483b-9357-1f1125b639c3	3	5170348	9393556	3664	-0.122
f2437da7-9419-483b-9357-1f1125b639c3	3	9402969	17772670	5569	-0.188
f2437da7-9419-483b-9357-1f1125b639c3	3	17773061	23937812	3988	-0.145
f2437da7-9419-483b-9357-1f1125b639c3	3	23939938	23940837	2	-3.9767
f2437da7-9419-483b-9357-1f1125b639c3	3	23940839	26392633	2010	-0.1316
f2437da7-9419-483b-9357-1f1125b639c3	3	26392804	26397852	4	-1.547
f2437da7-9419-483b-9357-1f1125b639c3	3	26404482	36935435	7088	-0.1387
f2437da7-9419-483b-9357-1f1125b639c3	3	36939872	37931303	602	-0.2219
f2437da7-9419-483b-9357-1f1125b639c3	3	37933329	37945316	21	-0.6243
f2437da7-9419-483b-9357-1f1125b639c3	3	37945392	41965847	2629	-0.1725
f2437da7-9419-483b-9357-1f1125b639c3	3	41967061	42115394	75	-0.4314
f2437da7-9419-483b-9357-1f1125b639c3	3	42115415	45568874	2003	-0.1794
f2437da7-9419-483b-9357-1f1125b639c3	3	45571887	45582507	16	0.3693
f2437da7-9419-483b-9357-1f1125b639c3	3	45582916	50426490	2202	-0.2041
f2437da7-9419-483b-9357-1f1125b639c3	3	50429251	51916095	650	-0.1452
f2437da7-9419-483b-9357-1f1125b639c3	3	51919692	51994334	25	0.1386
f2437da7-9419-483b-9357-1f1125b639c3	3	51998133	52015851	6	0.6375
f2437da7-9419-483b-9357-1f1125b639c3	3	52022322	52106751	30	0.1622
f2437da7-9419-483b-9357-1f1125b639c3	3	52110554	52275363	58	-0.2275
f2437da7-9419-483b-9357-1f1125b639c3	3	52286896	52697507	170	0.4861
f2437da7-9419-483b-9357-1f1125b639c3	3	52699214	52968134	138	-0.1586
f2437da7-9419-483b-9357-1f1125b639c3	3	52970604	53275657	235	0.2739
f2437da7-9419-483b-9357-1f1125b639c3	3	53279022	59330855	3978	-0.1999
f2437da7-9419-483b-9357-1f1125b639c3	3	59331665	65211691	5381	-0.1562
f2437da7-9419-483b-9357-1f1125b639c3	3	65211833	65230906	36	0.2285
f2437da7-9419-483b-9357-1f1125b639c3	3	65231068	66059007	670	-0.2202
f2437da7-9419-483b-9357-1f1125b639c3	3	66062744	104586645	20657	-0.1437
f2437da7-9419-483b-9357-1f1125b639c3	3	104586781	125122169	12779	-0.1856
f2437da7-9419-483b-9357-1f1125b639c3	3	125129058	125713562	331	0.1827
f2437da7-9419-483b-9357-1f1125b639c3	3	125716420	129082001	2051	-0.1796
f2437da7-9419-483b-9357-1f1125b639c3	3	129101652	129554438	184	0.1928
f2437da7-9419-483b-9357-1f1125b639c3	3	129554876	130044016	228	-0.2187
f2437da7-9419-483b-9357-1f1125b639c3	3	130044855	130087393	38	-0.5706
f2437da7-9419-483b-9357-1f1125b639c3	3	130088081	138822570	5252	-0.1559
f2437da7-9419-483b-9357-1f1125b639c3	3	138825636	139861889	632	0.2465
f2437da7-9419-483b-9357-1f1125b639c3	3	139862265	140999531	892	-0.1586
f2437da7-9419-483b-9357-1f1125b639c3	3	140999808	141387221	234	0.2395
f2437da7-9419-483b-9357-1f1125b639c3	3	141387323	143040871	882	-0.2095
f2437da7-9419-483b-9357-1f1125b639c3	3	143041593	148668960	3567	-0.1295
f2437da7-9419-483b-9357-1f1125b639c3	3	148669069	148815397	124	-0.2557
f2437da7-9419-483b-9357-1f1125b639c3	3	148815610	148837438	24	0.5435
f2437da7-9419-483b-9357-1f1125b639c3	3	148838940	149400704	378	-0.1724
f2437da7-9419-483b-9357-1f1125b639c3	3	149402658	151593022	1372	-0.2276
f2437da7-9419-483b-9357-1f1125b639c3	3	151596556	162790480	6821	-0.1447
f2437da7-9419-483b-9357-1f1125b639c3	3	162794869	162898127	64	-1.681
f2437da7-9419-483b-9357-1f1125b639c3	3	162906054	162908207	6	-0.7313
f2437da7-9419-483b-9357-1f1125b639c3	3	162908784	162996729	72	-0.1734
f2437da7-9419-483b-9357-1f1125b639c3	3	162999939	163001774	2	-2.6136
f2437da7-9419-483b-9357-1f1125b639c3	3	163008371	169535194	3748	-0.1414
f2437da7-9419-483b-9357-1f1125b639c3	3	169535208	172929032	2126	-0.1979
f2437da7-9419-483b-9357-1f1125b639c3	3	172931375	177129732	2800	-0.1432
f2437da7-9419-483b-9357-1f1125b639c3	3	177129800	178397999	720	-0.2471
f2437da7-9419-483b-9357-1f1125b639c3	3	178398064	183245893	2817	-0.1459
f2437da7-9419-483b-9357-1f1125b639c3	3	183246475	186351158	1812	-0.2244
f2437da7-9419-483b-9357-1f1125b639c3	3	186351726	191769615	4012	-0.18
f2437da7-9419-483b-9357-1f1125b639c3	3	191769827	192342878	383	0.16
f2437da7-9419-483b-9357-1f1125b639c3	3	192344905	193160113	577	-0.1995
f2437da7-9419-483b-9357-1f1125b639c3	3	193160173	193165114	19	-1.2924
f2437da7-9419-483b-9357-1f1125b639c3	3	193168646	195695420	1478	-0.1869
f2437da7-9419-483b-9357-1f1125b639c3	3	195695422	195737444	31	-0.7522
f2437da7-9419-483b-9357-1f1125b639c3	3	195737636	195799712	22	0.0313
f2437da7-9419-483b-9357-1f1125b639c3	3	195800600	198106887	1110	-0.2091
f2437da7-9419-483b-9357-1f1125b639c3	3	198106927	198169247	35	0.0997
f2437da7-9419-483b-9357-1f1125b639c3	4	68929	9846702	5256	-0.7636
f2437da7-9419-483b-9357-1f1125b639c3	4	9847904	9848596	4	-6.1556
f2437da7-9419-483b-9357-1f1125b639c3	4	9849010	10239089	422	-0.7472
f2437da7-9419-483b-9357-1f1125b639c3	4	10242989	10243331	2	-5.8586
f2437da7-9419-483b-9357-1f1125b639c3	4	10244274	27234354	12134	-0.7413
f2437da7-9419-483b-9357-1f1125b639c3	4	27234650	30639806	2233	-0.6671
f2437da7-9419-483b-9357-1f1125b639c3	4	30642356	31908148	785	-0.731
f2437da7-9419-483b-9357-1f1125b639c3	4	31908723	32398943	316	-0.1217
f2437da7-9419-483b-9357-1f1125b639c3	4	32398961	32398977	2	1.1651
f2437da7-9419-483b-9357-1f1125b639c3	4	32399891	33774120	780	-0.1099
f2437da7-9419-483b-9357-1f1125b639c3	4	33777048	34777432	558	-0.6523
f2437da7-9419-483b-9357-1f1125b639c3	4	34784878	34823103	38	-2.1679
f2437da7-9419-483b-9357-1f1125b639c3	4	34828250	37554090	1867	-0.6965
f2437da7-9419-483b-9357-1f1125b639c3	4	37554860	42624745	3221	-0.7763
f2437da7-9419-483b-9357-1f1125b639c3	4	42630469	47847449	3031	-0.6929
f2437da7-9419-483b-9357-1f1125b639c3	4	47850786	47852602	2	-3.9346
f2437da7-9419-483b-9357-1f1125b639c3	4	47853128	49146817	766	-0.6447
f2437da7-9419-483b-9357-1f1125b639c3	4	49146905	54631719	1837	-0.1802
f2437da7-9419-483b-9357-1f1125b639c3	4	54635559	54639766	5	-1.6009
f2437da7-9419-483b-9357-1f1125b639c3	4	54641439	57526302	2006	-0.1816
f2437da7-9419-483b-9357-1f1125b639c3	4	57527714	59113843	962	-0.119
f2437da7-9419-483b-9357-1f1125b639c3	4	59114364	59117968	4	0.6495
f2437da7-9419-483b-9357-1f1125b639c3	4	59122377	59454052	226	-0.1267
f2437da7-9419-483b-9357-1f1125b639c3	4	59454315	59464176	5	0.7913
f2437da7-9419-483b-9357-1f1125b639c3	4	59464727	61101128	1014	-0.1175
f2437da7-9419-483b-9357-1f1125b639c3	4	61101334	61784116	366	-0.2158
f2437da7-9419-483b-9357-1f1125b639c3	4	61784205	65735669	2361	-0.1041
f2437da7-9419-483b-9357-1f1125b639c3	4	65736606	65764047	33	0.279
f2437da7-9419-483b-9357-1f1125b639c3	4	65764267	65917565	117	-0.1178
f2437da7-9419-483b-9357-1f1125b639c3	4	65917736	68395346	1481	-0.1656
f2437da7-9419-483b-9357-1f1125b639c3	4	68416487	68422424	5	-1.5715
f2437da7-9419-483b-9357-1f1125b639c3	4	68429081	68478894	9	-0.2191
f2437da7-9419-483b-9357-1f1125b639c3	4	68494770	68623617	68	0.446
f2437da7-9419-483b-9357-1f1125b639c3	4	68639397	179853270	67290	-0.1448
f2437da7-9419-483b-9357-1f1125b639c3	4	179855509	182457305	2123	-0.2226
f2437da7-9419-483b-9357-1f1125b639c3	4	182457325	182528763	49	-0.6894
f2437da7-9419-483b-9357-1f1125b639c3	4	182531061	182647519	88	-0.1668
f2437da7-9419-483b-9357-1f1125b639c3	4	182650187	182652237	5	-1.4228
f2437da7-9419-483b-9357-1f1125b639c3	4	182652615	186094670	2312	-0.2218
f2437da7-9419-483b-9357-1f1125b639c3	4	186095456	188300104	1476	-0.1656
f2437da7-9419-483b-9357-1f1125b639c3	4	188300206	188300221	2	-2.6037
f2437da7-9419-483b-9357-1f1125b639c3	4	188300270	190106768	1139	-0.1123
f2437da7-9419-483b-9357-1f1125b639c3	5	15532	1189341	478	-0.0898
f2437da7-9419-483b-9357-1f1125b639c3	5	1189973	1376248	138	0.3521
f2437da7-9419-483b-9357-1f1125b639c3	5	1376565	1927179	322	-0.068
f2437da7-9419-483b-9357-1f1125b639c3	5	1927239	1927298	2	-2.475
f2437da7-9419-483b-9357-1f1125b639c3	5	1928775	12800777	9196	-0.1433
f2437da7-9419-483b-9357-1f1125b639c3	5	12815668	12826538	11	-1.53
f2437da7-9419-483b-9357-1f1125b639c3	5	12833745	34865497	13764	-0.1545
f2437da7-9419-483b-9357-1f1125b639c3	5	34871481	34886431	10	0.3714
f2437da7-9419-483b-9357-1f1125b639c3	5	34888779	34893082	6	1.033
f2437da7-9419-483b-9357-1f1125b639c3	5	34899928	46271006	6591	-0.1684
f2437da7-9419-483b-9357-1f1125b639c3	5	46271828	46273300	5	-2.1879
f2437da7-9419-483b-9357-1f1125b639c3	5	46273400	52596020	1282	-0.1392
f2437da7-9419-483b-9357-1f1125b639c3	5	52597196	58458471	4121	-0.199
f2437da7-9419-483b-9357-1f1125b639c3	5	58464035	67994653	6045	-0.1442
f2437da7-9419-483b-9357-1f1125b639c3	5	67995008	80350280	6748	-0.1991
f2437da7-9419-483b-9357-1f1125b639c3	5	80350567	124228600	26880	-0.1483
f2437da7-9419-483b-9357-1f1125b639c3	5	124229021	128003748	2477	-0.2002
f2437da7-9419-483b-9357-1f1125b639c3	5	128004613	131039456	1678	-0.1165
f2437da7-9419-483b-9357-1f1125b639c3	5	131041093	134498450	2062	-0.1834
f2437da7-9419-483b-9357-1f1125b639c3	5	134504618	134732464	106	0.476
f2437da7-9419-483b-9357-1f1125b639c3	5	134734552	138944727	2651	-0.1943
f2437da7-9419-483b-9357-1f1125b639c3	5	138949295	139338823	168	0.1749
f2437da7-9419-483b-9357-1f1125b639c3	5	139339325	143422369	2252	-0.2058
f2437da7-9419-483b-9357-1f1125b639c3	5	143424279	149314387	3969	-0.1544
f2437da7-9419-483b-9357-1f1125b639c3	5	149314854	150822643	962	-0.2392
f2437da7-9419-483b-9357-1f1125b639c3	5	150825938	150839042	8	-1.1714
f2437da7-9419-483b-9357-1f1125b639c3	5	150843825	151078585	166	-0.1305
f2437da7-9419-483b-9357-1f1125b639c3	5	151082906	151219101	99	0.1103
f2437da7-9419-483b-9357-1f1125b639c3	5	151221791	156049988	3350	-0.1756
f2437da7-9419-483b-9357-1f1125b639c3	5	156051752	156055719	11	-1.0725
f2437da7-9419-483b-9357-1f1125b639c3	5	156068240	159669088	2463	-0.1976
f2437da7-9419-483b-9357-1f1125b639c3	5	159676360	167428790	5058	-0.1211
f2437da7-9419-483b-9357-1f1125b639c3	5	167430010	167430337	2	-2.6213
f2437da7-9419-483b-9357-1f1125b639c3	5	167437318	168487809	863	-0.1329
f2437da7-9419-483b-9357-1f1125b639c3	5	168489623	169685390	952	-0.1678
f2437da7-9419-483b-9357-1f1125b639c3	5	169686071	169687001	2	-1.7648
f2437da7-9419-483b-9357-1f1125b639c3	5	169688349	170290735	559	-0.174
f2437da7-9419-483b-9357-1f1125b639c3	5	170292210	170309734	36	0.1226
f2437da7-9419-483b-9357-1f1125b639c3	5	170310061	170583783	227	-0.1622
f2437da7-9419-483b-9357-1f1125b639c3	5	170585822	170588200	3	-1.5892
f2437da7-9419-483b-9357-1f1125b639c3	5	170590660	173511004	1910	-0.1932
f2437da7-9419-483b-9357-1f1125b639c3	5	173513436	174011931	451	0.166
f2437da7-9419-483b-9357-1f1125b639c3	5	174020717	177771448	2203	-0.1545
f2437da7-9419-483b-9357-1f1125b639c3	5	177800550	177805604	3	2.2088
f2437da7-9419-483b-9357-1f1125b639c3	5	177827964	180947523	1787	-0.1688
f2437da7-9419-483b-9357-1f1125b639c3	5	180951710	180991103	19	0.4959
f2437da7-9419-483b-9357-1f1125b639c3	5	181006225	181363319	168	-0.1766
f2437da7-9419-483b-9357-1f1125b639c3	6	149661	294474	122	-0.045
f2437da7-9419-483b-9357-1f1125b639c3	6	294725	381149	80	0.2734
f2437da7-9419-483b-9357-1f1125b639c3	6	382559	2188609	1497	-0.1303
f2437da7-9419-483b-9357-1f1125b639c3	6	2192507	5487805	2680	-0.2083
f2437da7-9419-483b-9357-1f1125b639c3	6	5488480	5488747	2	2.0814
f2437da7-9419-483b-9357-1f1125b639c3	6	5488968	5708560	193	-0.1811
f2437da7-9419-483b-9357-1f1125b639c3	6	5709995	6367263	579	-0.1147
f2437da7-9419-483b-9357-1f1125b639c3	6	6375750	8031390	1366	-0.2184
f2437da7-9419-483b-9357-1f1125b639c3	6	8034648	9201267	825	-0.1378
f2437da7-9419-483b-9357-1f1125b639c3	6	9202384	9211994	3	0.886
f2437da7-9419-483b-9357-1f1125b639c3	6	9221510	10175020	677	-0.1219
f2437da7-9419-483b-9357-1f1125b639c3	6	10177065	18352925	6098	-0.1908
f2437da7-9419-483b-9357-1f1125b639c3	6	18360294	19039888	566	-0.1292
f2437da7-9419-483b-9357-1f1125b639c3	6	19041950	19042587	3	-1.3963
f2437da7-9419-483b-9357-1f1125b639c3	6	19044471	24300659	3821	-0.1396
f2437da7-9419-483b-9357-1f1125b639c3	6	24304925	29882589	3048	-0.2042
f2437da7-9419-483b-9357-1f1125b639c3	6	29882603	29933799	16	-1.2021
f2437da7-9419-483b-9357-1f1125b639c3	6	29940692	31286151	602	-0.2476
f2437da7-9419-483b-9357-1f1125b639c3	6	31287723	31313046	32	0.3755
f2437da7-9419-483b-9357-1f1125b639c3	6	31318499	31328674	10	1.5323
f2437da7-9419-483b-9357-1f1125b639c3	6	31342147	32089536	273	0.241
f2437da7-9419-483b-9357-1f1125b639c3	6	32089547	32089726	6	1.2987
f2437da7-9419-483b-9357-1f1125b639c3	6	32091414	32155862	42	0.139
f2437da7-9419-483b-9357-1f1125b639c3	6	32156647	32486498	177	-0.2442
f2437da7-9419-483b-9357-1f1125b639c3	6	32486746	32656527	56	0.5845
f2437da7-9419-483b-9357-1f1125b639c3	6	32656814	32718419	41	-0.1283
f2437da7-9419-483b-9357-1f1125b639c3	6	32720838	32723053	11	0.9902
f2437da7-9419-483b-9357-1f1125b639c3	6	32732907	36136514	1894	-0.2043
f2437da7-9419-483b-9357-1f1125b639c3	6	36142124	36228385	38	0.7509
f2437da7-9419-483b-9357-1f1125b639c3	6	36229505	36247511	17	1.7213
f2437da7-9419-483b-9357-1f1125b639c3	6	36247916	36282662	23	0.8474
f2437da7-9419-483b-9357-1f1125b639c3	6	36286122	36298302	15	0.4558
f2437da7-9419-483b-9357-1f1125b639c3	6	36299154	36394278	95	0.1274
f2437da7-9419-483b-9357-1f1125b639c3	6	36394415	43031803	4486	-0.1994
f2437da7-9419-483b-9357-1f1125b639c3	6	43034569	43121240	49	0.0658
f2437da7-9419-483b-9357-1f1125b639c3	6	43126406	43147482	10	0.5827
f2437da7-9419-483b-9357-1f1125b639c3	6	43147882	43200379	28	0.151
f2437da7-9419-483b-9357-1f1125b639c3	6	43200426	44844828	989	-0.2305
f2437da7-9419-483b-9357-1f1125b639c3	6	44846308	49683780	3044	-0.1566
f2437da7-9419-483b-9357-1f1125b639c3	6	49684037	49767508	51	0.2784
f2437da7-9419-483b-9357-1f1125b639c3	6	49769967	52636495	1779	-0.142
f2437da7-9419-483b-9357-1f1125b639c3	6	52637003	52788654	122	-0.2544
f2437da7-9419-483b-9357-1f1125b639c3	6	52788711	52792523	5	0.3556
f2437da7-9419-483b-9357-1f1125b639c3	6	52795611	53484200	481	-0.2536
f2437da7-9419-483b-9357-1f1125b639c3	6	53485171	53744588	212	-0.1584
f2437da7-9419-483b-9357-1f1125b639c3	6	53746954	54066286	254	0.2257
f2437da7-9419-483b-9357-1f1125b639c3	6	54066353	54066582	4	-1.3899
f2437da7-9419-483b-9357-1f1125b639c3	6	54066621	54174329	80	0.1554
f2437da7-9419-483b-9357-1f1125b639c3	6	54178561	54806142	409	-0.158
f2437da7-9419-483b-9357-1f1125b639c3	6	54807425	66295080	4824	0.2416
f2437da7-9419-483b-9357-1f1125b639c3	6	66298393	66339513	57	-0.6781
f2437da7-9419-483b-9357-1f1125b639c3	6	66339706	78253172	7752	0.2521
f2437da7-9419-483b-9357-1f1125b639c3	6	78259348	78317580	102	0.5135
f2437da7-9419-483b-9357-1f1125b639c3	6	78317642	86846648	5307	0.2507
f2437da7-9419-483b-9357-1f1125b639c3	6	86855734	89859915	1844	0.2014
f2437da7-9419-483b-9357-1f1125b639c3	6	89860146	91345137	1061	0.2439
f2437da7-9419-483b-9357-1f1125b639c3	6	91348181	101413167	6087	0.2752
f2437da7-9419-483b-9357-1f1125b639c3	6	101417703	103286954	1121	0.2222
f2437da7-9419-483b-9357-1f1125b639c3	6	103290101	103314174	44	-1.3899
f2437da7-9419-483b-9357-1f1125b639c3	6	103314186	105103454	1091	0.2801
f2437da7-9419-483b-9357-1f1125b639c3	6	105104595	108130689	1962	0.2108
f2437da7-9419-483b-9357-1f1125b639c3	6	108137793	108512348	167	0.5199
f2437da7-9419-483b-9357-1f1125b639c3	6	108520505	122173551	8179	0.2136
f2437da7-9419-483b-9357-1f1125b639c3	6	122177653	122248964	41	0.3031
f2437da7-9419-483b-9357-1f1125b639c3	6	122259299	122457673	123	0.5255
f2437da7-9419-483b-9357-1f1125b639c3	6	122461431	122470077	3	-0.1739
f2437da7-9419-483b-9357-1f1125b639c3	6	122470803	122481002	10	0.6324
f2437da7-9419-483b-9357-1f1125b639c3	6	122481213	129575356	4405	0.2664
f2437da7-9419-483b-9357-1f1125b639c3	6	129575703	132385122	1888	0.2044
f2437da7-9419-483b-9357-1f1125b639c3	6	132388218	132391287	3	-0.9736
f2437da7-9419-483b-9357-1f1125b639c3	6	132391786	133945130	1128	0.2588
f2437da7-9419-483b-9357-1f1125b639c3	6	133947933	133948494	2	-1.7429
f2437da7-9419-483b-9357-1f1125b639c3	6	133950934	135147492	803	0.2063
f2437da7-9419-483b-9357-1f1125b639c3	6	135149342	135362947	224	0.5526
f2437da7-9419-483b-9357-1f1125b639c3	6	135369598	152620724	11374	0.2121
f2437da7-9419-483b-9357-1f1125b639c3	6	152621686	154499991	1396	0.2892
f2437da7-9419-483b-9357-1f1125b639c3	6	154500052	165983119	8163	0.2261
f2437da7-9419-483b-9357-1f1125b639c3	6	165985722	169433410	2390	0.2962
f2437da7-9419-483b-9357-1f1125b639c3	6	169433412	169433413	2	-1.2274
f2437da7-9419-483b-9357-1f1125b639c3	6	169436587	170280272	431	0.3072
f2437da7-9419-483b-9357-1f1125b639c3	6	170280715	170741917	213	0.2264
f2437da7-9419-483b-9357-1f1125b639c3	7	43355	5418154	2823	-0.7134
f2437da7-9419-483b-9357-1f1125b639c3	7	5429171	11848051	4660	-0.1817
f2437da7-9419-483b-9357-1f1125b639c3	7	11848100	12289139	390	0.2209
f2437da7-9419-483b-9357-1f1125b639c3	7	12290180	25009127	10019	-0.1507
f2437da7-9419-483b-9357-1f1125b639c3	7	25011752	30270708	3858	-0.2063
f2437da7-9419-483b-9357-1f1125b639c3	7	30271152	38279875	5499	-0.1518
f2437da7-9419-483b-9357-1f1125b639c3	7	38280173	38361356	112	0.1158
f2437da7-9419-483b-9357-1f1125b639c3	7	38362895	56125950	12218	-0.1639
f2437da7-9419-483b-9357-1f1125b639c3	7	56126707	64190920	1256	-0.0818
f2437da7-9419-483b-9357-1f1125b639c3	7	64191467	72384692	4518	-0.195
f2437da7-9419-483b-9357-1f1125b639c3	7	72384760	72421049	36	0.2697
f2437da7-9419-483b-9357-1f1125b639c3	7	72421061	72544515	77	0.5288
f2437da7-9419-483b-9357-1f1125b639c3	7	72546247	72578477	13	1.3317
f2437da7-9419-483b-9357-1f1125b639c3	7	72583966	72754124	51	0.4882
f2437da7-9419-483b-9357-1f1125b639c3	7	72756183	73387888	86	-0.1981
f2437da7-9419-483b-9357-1f1125b639c3	7	73389687	73583460	67	0.0928
f2437da7-9419-483b-9357-1f1125b639c3	7	73586988	75554581	461	-0.2097
f2437da7-9419-483b-9357-1f1125b639c3	7	75555853	76514522	386	-0.312
f2437da7-9419-483b-9357-1f1125b639c3	7	76514576	80429824	2491	-0.1791
f2437da7-9419-483b-9357-1f1125b639c3	7	80430241	80660231	181	-0.3348
f2437da7-9419-483b-9357-1f1125b639c3	7	80661032	89890325	5772	-0.1445
f2437da7-9419-483b-9357-1f1125b639c3	7	89892494	89895535	3	-1.5134
f2437da7-9419-483b-9357-1f1125b639c3	7	89902765	91926064	1426	-0.1265
f2437da7-9419-483b-9357-1f1125b639c3	7	91927041	94504388	1612	-0.182
f2437da7-9419-483b-9357-1f1125b639c3	7	94504488	95672754	684	-0.2468
f2437da7-9419-483b-9357-1f1125b639c3	7	95672768	98232674	1559	-0.1446
f2437da7-9419-483b-9357-1f1125b639c3	7	98237215	108124785	5234	-0.2164
f2437da7-9419-483b-9357-1f1125b639c3	7	108127072	109801155	1131	-0.1787
f2437da7-9419-483b-9357-1f1125b639c3	7	109801187	109813853	10	-0.9973
f2437da7-9419-483b-9357-1f1125b639c3	7	109813925	126404920	9979	-0.1539
f2437da7-9419-483b-9357-1f1125b639c3	7	126405428	126406561	12	-1.0274
f2437da7-9419-483b-9357-1f1125b639c3	7	126406822	128621575	1413	-0.1345
f2437da7-9419-483b-9357-1f1125b639c3	7	128624772	131268993	1352	-0.2153
f2437da7-9419-483b-9357-1f1125b639c3	7	131269069	134093676	1909	-0.1678
f2437da7-9419-483b-9357-1f1125b639c3	7	134093715	134110881	30	0.4386
f2437da7-9419-483b-9357-1f1125b639c3	7	134110912	138131986	2779	-0.1706
f2437da7-9419-483b-9357-1f1125b639c3	7	138132663	138132879	2	-2.1368
f2437da7-9419-483b-9357-1f1125b639c3	7	138138924	138798006	388	-0.2136
f2437da7-9419-483b-9357-1f1125b639c3	7	138801791	139160384	228	0.2149
f2437da7-9419-483b-9357-1f1125b639c3	7	139181882	142062894	1784	-0.1749
f2437da7-9419-483b-9357-1f1125b639c3	7	142063324	142113214	43	0.2335
f2437da7-9419-483b-9357-1f1125b639c3	7	142114690	142505416	319	-0.1172
f2437da7-9419-483b-9357-1f1125b639c3	7	142505749	142804157	123	0.1159
f2437da7-9419-483b-9357-1f1125b639c3	7	142804972	153393961	6241	-0.1467
f2437da7-9419-483b-9357-1f1125b639c3	7	153394066	153534337	141	0.0373
f2437da7-9419-483b-9357-1f1125b639c3	7	153534402	155221746	1387	-0.1285
f2437da7-9419-483b-9357-1f1125b639c3	7	155222208	157471903	1443	-0.1901
f2437da7-9419-483b-9357-1f1125b639c3	7	157472423	159334314	1151	-0.0988
f2437da7-9419-483b-9357-1f1125b639c3	8	81254	2844412	2025	-0.1152
f2437da7-9419-483b-9357-1f1125b639c3	8	2846011	2846377	7	-1.3636
f2437da7-9419-483b-9357-1f1125b639c3	8	2849649	7397588	5678	-0.1178
f2437da7-9419-483b-9357-1f1125b639c3	8	7414835	7537162	14	0.7539
f2437da7-9419-483b-9357-1f1125b639c3	8	7598502	17007049	7309	-0.1485
f2437da7-9419-483b-9357-1f1125b639c3	8	17007162	18617617	1478	-0.2252
f2437da7-9419-483b-9357-1f1125b639c3	8	18617770	18618233	7	-1.1227
f2437da7-9419-483b-9357-1f1125b639c3	8	18621647	19521910	820	-0.2567
f2437da7-9419-483b-9357-1f1125b639c3	8	19522165	21961157	2017	-0.1608
f2437da7-9419-483b-9357-1f1125b639c3	8	21963302	25114672	2009	-0.2248
f2437da7-9419-483b-9357-1f1125b639c3	8	25116928	25126641	24	-0.7755
f2437da7-9419-483b-9357-1f1125b639c3	8	25126708	30774422	3928	-0.2123
f2437da7-9419-483b-9357-1f1125b639c3	8	30782578	37712117	4247	-0.144
f2437da7-9419-483b-9357-1f1125b639c3	8	37715828	38430693	283	0.1611
f2437da7-9419-483b-9357-1f1125b639c3	8	38430945	38432976	3	-0.7391
f2437da7-9419-483b-9357-1f1125b639c3	8	38432991	38501863	88	0.1706
f2437da7-9419-483b-9357-1f1125b639c3	8	38501950	39373140	420	-0.1762
f2437da7-9419-483b-9357-1f1125b639c3	8	39378084	39529446	59	-0.5184
f2437da7-9419-483b-9357-1f1125b639c3	8	39530780	40914477	1069	-0.1777
f2437da7-9419-483b-9357-1f1125b639c3	8	40920333	40920952	2	-1.9531
f2437da7-9419-483b-9357-1f1125b639c3	8	40926161	43170623	1301	-0.2072
f2437da7-9419-483b-9357-1f1125b639c3	8	43171659	70137339	14825	-0.1587
f2437da7-9419-483b-9357-1f1125b639c3	8	70137455	70138600	2	-1.8686
f2437da7-9419-483b-9357-1f1125b639c3	8	70141125	71300130	628	-0.1272
f2437da7-9419-483b-9357-1f1125b639c3	8	71303076	71304364	8	-1.1344
f2437da7-9419-483b-9357-1f1125b639c3	8	71307628	85326242	8430	-0.1614
f2437da7-9419-483b-9357-1f1125b639c3	8	85327956	85328081	2	-1.8993
f2437da7-9419-483b-9357-1f1125b639c3	8	85329008	96476940	6740	-0.1642
f2437da7-9419-483b-9357-1f1125b639c3	8	96477101	103992431	4422	-0.1971
f2437da7-9419-483b-9357-1f1125b639c3	8	103993288	104157176	86	0.2244
f2437da7-9419-483b-9357-1f1125b639c3	8	104157222	104520862	233	0.4665
f2437da7-9419-483b-9357-1f1125b639c3	8	104537110	104708910	106	0.238
f2437da7-9419-483b-9357-1f1125b639c3	8	104710732	106071589	805	-0.1093
f2437da7-9419-483b-9357-1f1125b639c3	8	106076708	106076751	2	-2.4614
f2437da7-9419-483b-9357-1f1125b639c3	8	106079983	106081693	3	-0.8419
f2437da7-9419-483b-9357-1f1125b639c3	8	106082415	111279265	3150	-0.1664
f2437da7-9419-483b-9357-1f1125b639c3	8	111282050	111282809	6	-1.0918
f2437da7-9419-483b-9357-1f1125b639c3	8	111282852	111283031	4	-2.9177
f2437da7-9419-483b-9357-1f1125b639c3	8	111288052	124427474	8423	-0.1556
f2437da7-9419-483b-9357-1f1125b639c3	8	124428652	124824144	281	0.1171
f2437da7-9419-483b-9357-1f1125b639c3	8	124826308	126839259	1434	-0.1811
f2437da7-9419-483b-9357-1f1125b639c3	8	126843691	126844908	2	-2.0666
f2437da7-9419-483b-9357-1f1125b639c3	8	126845104	127854222	765	-0.2224
f2437da7-9419-483b-9357-1f1125b639c3	8	127861303	128703972	675	0.1586
f2437da7-9419-483b-9357-1f1125b639c3	8	128705605	129592886	554	-0.1831
f2437da7-9419-483b-9357-1f1125b639c3	8	129595376	130453789	539	0.1931
f2437da7-9419-483b-9357-1f1125b639c3	8	130454984	141191293	8486	-0.1529
f2437da7-9419-483b-9357-1f1125b639c3	8	141191303	142423108	702	0.0039
f2437da7-9419-483b-9357-1f1125b639c3	8	142423309	143162239	286	-0.1628
f2437da7-9419-483b-9357-1f1125b639c3	8	143174371	143228447	26	0.2816
f2437da7-9419-483b-9357-1f1125b639c3	8	143232207	143611680	115	0.5618
f2437da7-9419-483b-9357-1f1125b639c3	8	143616499	143833001	76	0.3408
f2437da7-9419-483b-9357-1f1125b639c3	8	143838519	144008157	36	-0.1546
f2437da7-9419-483b-9357-1f1125b639c3	8	144008313	144121574	34	0.5558
f2437da7-9419-483b-9357-1f1125b639c3	8	144121643	144203787	26	0.2815
f2437da7-9419-483b-9357-1f1125b639c3	8	144205286	144211103	6	-0.3982
f2437da7-9419-483b-9357-1f1125b639c3	8	144214680	144224999	4	-1.2333
f2437da7-9419-483b-9357-1f1125b639c3	8	144225106	144232274	11	-0.2675
f2437da7-9419-483b-9357-1f1125b639c3	8	144284502	144660015	119	0.2401
f2437da7-9419-483b-9357-1f1125b639c3	8	144660408	145072769	202	-0.1426
f2437da7-9419-483b-9357-1f1125b639c3	9	46587	1075173	1035	0.1324
f2437da7-9419-483b-9357-1f1125b639c3	9	1077862	1549920	617	0.2434
f2437da7-9419-483b-9357-1f1125b639c3	9	1550403	1981505	480	0.1693
f2437da7-9419-483b-9357-1f1125b639c3	9	1981634	2798358	845	0.0813
f2437da7-9419-483b-9357-1f1125b639c3	9	2798523	4008586	1028	0.1594
f2437da7-9419-483b-9357-1f1125b639c3	9	4008653	4020536	44	0.4747
f2437da7-9419-483b-9357-1f1125b639c3	9	4020611	9322826	4808	0.1416
f2437da7-9419-483b-9357-1f1125b639c3	9	9323563	9551773	220	-0.1051
f2437da7-9419-483b-9357-1f1125b639c3	9	9555365	9599760	46	-0.6976
f2437da7-9419-483b-9357-1f1125b639c3	9	9601987	9807148	187	-0.1816
f2437da7-9419-483b-9357-1f1125b639c3	9	9807179	10403105	610	0.1999
f2437da7-9419-483b-9357-1f1125b639c3	9	10404138	10404986	2	2.3279
f2437da7-9419-483b-9357-1f1125b639c3	9	10407943	27943242	13819	0.1637
f2437da7-9419-483b-9357-1f1125b639c3	9	27943539	31728502	2729	0.2122
f2437da7-9419-483b-9357-1f1125b639c3	9	31732622	33186231	1100	0.1423
f2437da7-9419-483b-9357-1f1125b639c3	9	33186790	33346801	117	0.4001
f2437da7-9419-483b-9357-1f1125b639c3	9	33347196	33622774	118	0.1032
f2437da7-9419-483b-9357-1f1125b639c3	9	33622826	33855140	194	0.4765
f2437da7-9419-483b-9357-1f1125b639c3	9	33855467	33862510	3	-0.5792
f2437da7-9419-483b-9357-1f1125b639c3	9	33864519	34604533	364	0.4257
f2437da7-9419-483b-9357-1f1125b639c3	9	34605025	39807498	2674	0.1212
f2437da7-9419-483b-9357-1f1125b639c3	9	39827488	39833357	2	1.5938
f2437da7-9419-483b-9357-1f1125b639c3	9	39840169	41659472	94	0.0828
f2437da7-9419-483b-9357-1f1125b639c3	9	41666811	42585140	45	-0.3097
f2437da7-9419-483b-9357-1f1125b639c3	9	42697878	61378951	53	0.2575
f2437da7-9419-483b-9357-1f1125b639c3	9	61405110	61629689	29	0.917
f2437da7-9419-483b-9357-1f1125b639c3	9	61633080	80608516	9081	0.1473
f2437da7-9419-483b-9357-1f1125b639c3	9	80608774	80608813	2	-2.2561
f2437da7-9419-483b-9357-1f1125b639c3	9	80614045	84618480	2796	0.1484
f2437da7-9419-483b-9357-1f1125b639c3	9	84619398	85854161	889	0.2101
f2437da7-9419-483b-9357-1f1125b639c3	9	85856783	89589237	2584	0.1325
f2437da7-9419-483b-9357-1f1125b639c3	9	89589257	90188207	510	0.4382
f2437da7-9419-483b-9357-1f1125b639c3	9	90189021	98868614	5688	0.1429
f2437da7-9419-483b-9357-1f1125b639c3	9	98870800	98936756	63	0.4331
f2437da7-9419-483b-9357-1f1125b639c3	9	98936966	99033622	86	0.1545
f2437da7-9419-483b-9357-1f1125b639c3	9	99034834	99262380	138	0.4234
f2437da7-9419-483b-9357-1f1125b639c3	9	99262649	100689786	783	0.1202
f2437da7-9419-483b-9357-1f1125b639c3	9	100690045	104659640	2959	0.1918
f2437da7-9419-483b-9357-1f1125b639c3	9	104663113	108912480	3302	0.1388
f2437da7-9419-483b-9357-1f1125b639c3	9	108912612	109505698	407	0.0527
f2437da7-9419-483b-9357-1f1125b639c3	9	109507200	111398979	1600	0.1653
f2437da7-9419-483b-9357-1f1125b639c3	9	111400756	111800461	233	0.3506
f2437da7-9419-483b-9357-1f1125b639c3	9	111806336	111836680	24	1.027
f2437da7-9419-483b-9357-1f1125b639c3	9	111837062	111854916	23	1.605
f2437da7-9419-483b-9357-1f1125b639c3	9	111855741	111865190	5	1.0348
f2437da7-9419-483b-9357-1f1125b639c3	9	111865238	112165255	210	0.3728
f2437da7-9419-483b-9357-1f1125b639c3	9	112165376	112820083	396	0.0467
f2437da7-9419-483b-9357-1f1125b639c3	9	112820690	113477975	477	0.1736
f2437da7-9419-483b-9357-1f1125b639c3	9	113485390	113578105	47	0.4918
f2437da7-9419-483b-9357-1f1125b639c3	9	113578876	113904776	209	0.1158
f2437da7-9419-483b-9357-1f1125b639c3	9	113905634	113922765	14	-0.2566
f2437da7-9419-483b-9357-1f1125b639c3	9	113922923	114320531	324	0.0892
f2437da7-9419-483b-9357-1f1125b639c3	9	114325122	114326042	2	1.6547
f2437da7-9419-483b-9357-1f1125b639c3	9	114330749	120386659	4991	0.1674
f2437da7-9419-483b-9357-1f1125b639c3	9	120387173	121285591	554	0.4449
f2437da7-9419-483b-9357-1f1125b639c3	9	121292328	124416334	1975	0.1255
f2437da7-9419-483b-9357-1f1125b639c3	9	124417968	124472034	34	0.4615
f2437da7-9419-483b-9357-1f1125b639c3	9	124481221	127684214	1916	0.1205
f2437da7-9419-483b-9357-1f1125b639c3	9	127693412	128454234	345	0.3457
f2437da7-9419-483b-9357-1f1125b639c3	9	128459609	128834519	149	0.0461
f2437da7-9419-483b-9357-1f1125b639c3	9	128847695	129159086	115	0.3529
f2437da7-9419-483b-9357-1f1125b639c3	9	129161441	133854822	2990	0.1015
f2437da7-9419-483b-9357-1f1125b639c3	9	133855363	134138998	187	0.4204
f2437da7-9419-483b-9357-1f1125b639c3	9	134141968	135319522	685	0.1809
f2437da7-9419-483b-9357-1f1125b639c3	9	135322259	135324566	3	-0.8333
f2437da7-9419-483b-9357-1f1125b639c3	9	135325951	136501661	502	0.16
f2437da7-9419-483b-9357-1f1125b639c3	9	136507052	136871168	92	0.7115
f2437da7-9419-483b-9357-1f1125b639c3	9	136871774	136891204	8	0.0603
f2437da7-9419-483b-9357-1f1125b639c3	9	136893123	137030185	31	0.509
f2437da7-9419-483b-9357-1f1125b639c3	9	137044341	137388889	72	0.1742
f2437da7-9419-483b-9357-1f1125b639c3	9	137396337	138109474	342	-0.2775
f2437da7-9419-483b-9357-1f1125b639c3	9	138109494	138200944	57	0.0475
f2437da7-9419-483b-9357-1f1125b639c3	10	45792	1117359	609	0.2184
f2437da7-9419-483b-9357-1f1125b639c3	10	1120242	3041576	1863	0.3025
f2437da7-9419-483b-9357-1f1125b639c3	10	3041653	23838764	16453	0.233
f2437da7-9419-483b-9357-1f1125b639c3	10	23838958	24086334	187	-0.1167
f2437da7-9419-483b-9357-1f1125b639c3	10	24088745	24090022	13	0.3995
f2437da7-9419-483b-9357-1f1125b639c3	10	24090078	28530477	3065	-0.1608
f2437da7-9419-483b-9357-1f1125b639c3	10	28531380	35684585	4973	-0.2042
f2437da7-9419-483b-9357-1f1125b639c3	10	35684666	45817039	4145	-0.159
f2437da7-9419-483b-9357-1f1125b639c3	10	45936113	46631433	278	0.3068
f2437da7-9419-483b-9357-1f1125b639c3	10	46632302	47559596	301	-0.1478
f2437da7-9419-483b-9357-1f1125b639c3	10	47622159	47680348	4	1.6549
f2437da7-9419-483b-9357-1f1125b639c3	10	47684886	50062639	1380	-0.1783
f2437da7-9419-483b-9357-1f1125b639c3	10	50070600	50132160	5	-1.6863
f2437da7-9419-483b-9357-1f1125b639c3	10	50144008	51063142	566	-0.1326
f2437da7-9419-483b-9357-1f1125b639c3	10	51068355	56611058	4157	0.2324
f2437da7-9419-483b-9357-1f1125b639c3	10	56619787	56756615	98	-0.0392
f2437da7-9419-483b-9357-1f1125b639c3	10	56756643	56773005	42	-0.5027
f2437da7-9419-483b-9357-1f1125b639c3	10	56773229	57534309	602	-0.1583
f2437da7-9419-483b-9357-1f1125b639c3	10	57534618	63889076	4343	0.2265
f2437da7-9419-483b-9357-1f1125b639c3	10	63889646	64638921	485	-0.1569
f2437da7-9419-483b-9357-1f1125b639c3	10	64639652	64640112	2	-2.0354
f2437da7-9419-483b-9357-1f1125b639c3	10	64643074	65546400	650	-0.1342
f2437da7-9419-483b-9357-1f1125b639c3	10	65546518	65554688	29	0.747
f2437da7-9419-483b-9357-1f1125b639c3	10	65563037	67386967	1359	-0.1226
f2437da7-9419-483b-9357-1f1125b639c3	10	67393457	67697868	151	-0.6659
f2437da7-9419-483b-9357-1f1125b639c3	10	67705854	69014283	681	-0.2054
f2437da7-9419-483b-9357-1f1125b639c3	10	69014392	69512057	332	0.1825
f2437da7-9419-483b-9357-1f1125b639c3	10	69512378	69753891	221	0.5534
f2437da7-9419-483b-9357-1f1125b639c3	10	69754403	70223028	393	0.7536
f2437da7-9419-483b-9357-1f1125b639c3	10	70224677	70696806	333	0.5118
f2437da7-9419-483b-9357-1f1125b639c3	10	70697051	71101508	340	0.2467
f2437da7-9419-483b-9357-1f1125b639c3	10	71102715	72263962	817	-0.2138
f2437da7-9419-483b-9357-1f1125b639c3	10	72264768	77596694	3032	0.1833
f2437da7-9419-483b-9357-1f1125b639c3	10	77596963	78148715	360	0.4832
f2437da7-9419-483b-9357-1f1125b639c3	10	78148863	79060674	826	0.2163
f2437da7-9419-483b-9357-1f1125b639c3	10	79064932	79488828	332	0.4826
f2437da7-9419-483b-9357-1f1125b639c3	10	79491575	79689972	19	0.2058
f2437da7-9419-483b-9357-1f1125b639c3	10	79736999	79737848	3	-1.2449
f2437da7-9419-483b-9357-1f1125b639c3	10	79747269	82112944	1553	0.2317
f2437da7-9419-483b-9357-1f1125b639c3	10	82113375	82832036	586	0.1532
f2437da7-9419-483b-9357-1f1125b639c3	10	82832063	86360696	2654	0.2461
f2437da7-9419-483b-9357-1f1125b639c3	10	86361067	86714867	176	0.1879
f2437da7-9419-483b-9357-1f1125b639c3	10	86719022	87374179	226	0.1163
f2437da7-9419-483b-9357-1f1125b639c3	10	87382421	87393813	4	0.8135
f2437da7-9419-483b-9357-1f1125b639c3	10	87406076	87796051	235	0.1079
f2437da7-9419-483b-9357-1f1125b639c3	10	87796487	100968862	8505	0.2128
f2437da7-9419-483b-9357-1f1125b639c3	10	100975021	101126968	94	0.4881
f2437da7-9419-483b-9357-1f1125b639c3	10	101128718	104301509	1578	0.1738
f2437da7-9419-483b-9357-1f1125b639c3	10	104302435	109766281	4030	0.2562
f2437da7-9419-483b-9357-1f1125b639c3	10	109768426	122366989	9163	0.2183
f2437da7-9419-483b-9357-1f1125b639c3	10	122367245	124486981	1459	0.2467
f2437da7-9419-483b-9357-1f1125b639c3	10	124488235	124572044	67	0.4753
f2437da7-9419-483b-9357-1f1125b639c3	10	124572306	130343472	4391	0.2534
f2437da7-9419-483b-9357-1f1125b639c3	10	130348091	133282515	1890	0.3527
f2437da7-9419-483b-9357-1f1125b639c3	10	133285168	133654968	199	-0.017
f2437da7-9419-483b-9357-1f1125b639c3	11	198510	2069786	621	0.2009
f2437da7-9419-483b-9357-1f1125b639c3	11	2071753	2346227	112	0.5305
f2437da7-9419-483b-9357-1f1125b639c3	11	2346565	4213452	991	0.2018
f2437da7-9419-483b-9357-1f1125b639c3	11	4213497	4280126	21	0.5923
f2437da7-9419-483b-9357-1f1125b639c3	11	4280138	4337579	14	1.0594
f2437da7-9419-483b-9357-1f1125b639c3	11	4337826	4949137	658	0.2654
f2437da7-9419-483b-9357-1f1125b639c3	11	4950775	4952799	18	1.032
f2437da7-9419-483b-9357-1f1125b639c3	11	4953934	6569172	1350	0.2423
f2437da7-9419-483b-9357-1f1125b639c3	11	6569765	6651109	55	0.8009
f2437da7-9419-483b-9357-1f1125b639c3	11	6651782	6850660	154	0.519
f2437da7-9419-483b-9357-1f1125b639c3	11	6851635	8342460	1167	0.2449
f2437da7-9419-483b-9357-1f1125b639c3	11	8344601	9534570	691	0.1574
f2437da7-9419-483b-9357-1f1125b639c3	11	9535643	9658819	71	0.4525
f2437da7-9419-483b-9357-1f1125b639c3	11	9660312	20624546	8230	0.2006
f2437da7-9419-483b-9357-1f1125b639c3	11	20624693	22834307	1781	0.2427
f2437da7-9419-483b-9357-1f1125b639c3	11	22841980	31371747	5756	0.1877
f2437da7-9419-483b-9357-1f1125b639c3	11	31372721	31375533	2	-2.1783
f2437da7-9419-483b-9357-1f1125b639c3	11	31376660	33893454	1648	0.1866
f2437da7-9419-483b-9357-1f1125b639c3	11	33894204	33894344	2	-1.2359
f2437da7-9419-483b-9357-1f1125b639c3	11	33895470	47184531	9149	0.1782
f2437da7-9419-483b-9357-1f1125b639c3	11	47198243	47318716	57	0.6492
f2437da7-9419-483b-9357-1f1125b639c3	11	47326282	47368563	17	1.0168
f2437da7-9419-483b-9357-1f1125b639c3	11	47371752	47421342	21	0.733
f2437da7-9419-483b-9357-1f1125b639c3	11	47427521	47973747	236	0.1179
f2437da7-9419-483b-9357-1f1125b639c3	11	47974014	48576870	307	0.2779
f2437da7-9419-483b-9357-1f1125b639c3	11	48579882	48581124	2	-1.267
f2437da7-9419-483b-9357-1f1125b639c3	11	48584766	54743970	888	0.2524
f2437da7-9419-483b-9357-1f1125b639c3	11	54762035	54766290	3	-1.3715
f2437da7-9419-483b-9357-1f1125b639c3	11	54782119	55608804	292	0.2666
f2437da7-9419-483b-9357-1f1125b639c3	11	55609022	55672514	39	0.988
f2437da7-9419-483b-9357-1f1125b639c3	11	55674842	60699108	3069	0.2408
f2437da7-9419-483b-9357-1f1125b639c3	11	60699176	62444618	976	0.1632
f2437da7-9419-483b-9357-1f1125b639c3	11	62446703	62730029	115	0.7126
f2437da7-9419-483b-9357-1f1125b639c3	11	62730490	62847064	56	0.3465
f2437da7-9419-483b-9357-1f1125b639c3	11	62847365	62853259	9	0.8486
f2437da7-9419-483b-9357-1f1125b639c3	11	62856712	65020154	945	0.1952
f2437da7-9419-483b-9357-1f1125b639c3	11	65023875	65072447	15	1.0557
f2437da7-9419-483b-9357-1f1125b639c3	11	65074431	65453278	144	0.4741
f2437da7-9419-483b-9357-1f1125b639c3	11	65454483	65520786	27	1.4405
f2437da7-9419-483b-9357-1f1125b639c3	11	65523324	65569490	15	0.3252
f2437da7-9419-483b-9357-1f1125b639c3	11	65571188	71753030	2948	-0.1944
f2437da7-9419-483b-9357-1f1125b639c3	11	71766534	71771008	6	-1.1456
f2437da7-9419-483b-9357-1f1125b639c3	11	71802409	72162189	180	-0.256
f2437da7-9419-483b-9357-1f1125b639c3	11	72163995	72267350	32	0.2085
f2437da7-9419-483b-9357-1f1125b639c3	11	72270617	72610263	169	-0.2423
f2437da7-9419-483b-9357-1f1125b639c3	11	72611135	76302504	1932	0.1763
f2437da7-9419-483b-9357-1f1125b639c3	11	76303929	76362052	31	0.5598
f2437da7-9419-483b-9357-1f1125b639c3	11	76362958	77510228	634	0.1965
f2437da7-9419-483b-9357-1f1125b639c3	11	77510880	78355805	430	0.0994
f2437da7-9419-483b-9357-1f1125b639c3	11	78358683	88369784	7242	0.2054
f2437da7-9419-483b-9357-1f1125b639c3	11	88375365	93181746	3081	0.2503
f2437da7-9419-483b-9357-1f1125b639c3	11	93181851	107359993	10181	0.2028
f2437da7-9419-483b-9357-1f1125b639c3	11	107367930	107368205	6	1.1795
f2437da7-9419-483b-9357-1f1125b639c3	11	107368402	110049619	1615	0.1782
f2437da7-9419-483b-9357-1f1125b639c3	11	110053206	110599294	361	0.0842
f2437da7-9419-483b-9357-1f1125b639c3	11	110601306	118429525	5517	0.1968
f2437da7-9419-483b-9357-1f1125b639c3	11	118431070	119154319	477	0.0903
f2437da7-9419-483b-9357-1f1125b639c3	11	119156835	123400588	3022	0.2028
f2437da7-9419-483b-9357-1f1125b639c3	11	123401601	123603639	156	0.0072
f2437da7-9419-483b-9357-1f1125b639c3	11	123603823	123679509	82	0.2214
f2437da7-9419-483b-9357-1f1125b639c3	11	123685986	130122835	4773	-0.178
f2437da7-9419-483b-9357-1f1125b639c3	11	130124514	130186437	33	0.2354
f2437da7-9419-483b-9357-1f1125b639c3	11	130187521	133007775	2254	-0.175
f2437da7-9419-483b-9357-1f1125b639c3	11	133008024	133404017	331	-0.0597
f2437da7-9419-483b-9357-1f1125b639c3	11	133404134	134365971	652	-0.1727
f2437da7-9419-483b-9357-1f1125b639c3	11	134367219	134972636	509	-0.0504
f2437da7-9419-483b-9357-1f1125b639c3	11	134973916	135074876	69	0.0292
f2437da7-9419-483b-9357-1f1125b639c3	12	51460	1830086	1045	0.1736
f2437da7-9419-483b-9357-1f1125b639c3	12	1835331	2266652	350	0.5517
f2437da7-9419-483b-9357-1f1125b639c3	12	2272178	2467007	168	0.2535
f2437da7-9419-483b-9357-1f1125b639c3	12	2469101	6427959	3112	0.2225
f2437da7-9419-483b-9357-1f1125b639c3	12	6428331	8432076	916	0.1446
f2437da7-9419-483b-9357-1f1125b639c3	12	8442298	8548421	68	0.335
f2437da7-9419-483b-9357-1f1125b639c3	12	8552799	9233614	376	0.2001
f2437da7-9419-483b-9357-1f1125b639c3	12	9236884	9467109	106	0.3644
f2437da7-9419-483b-9357-1f1125b639c3	12	9467513	9584060	33	0.7444
f2437da7-9419-483b-9357-1f1125b639c3	12	9584317	11433434	1214	0.2259
f2437da7-9419-483b-9357-1f1125b639c3	12	11433576	12962767	1223	0.1367
f2437da7-9419-483b-9357-1f1125b639c3	12	12963446	19314078	4144	0.2327
f2437da7-9419-483b-9357-1f1125b639c3	12	19321836	19427570	52	1.1331
f2437da7-9419-483b-9357-1f1125b639c3	12	19428370	24969796	3810	0.2401
f2437da7-9419-483b-9357-1f1125b639c3	12	24969880	32768632	5814	0.1945
f2437da7-9419-483b-9357-1f1125b639c3	12	32769072	33148472	250	0.2662
f2437da7-9419-483b-9357-1f1125b639c3	12	33148492	33155426	27	-0.3856
f2437da7-9419-483b-9357-1f1125b639c3	12	33155453	33616968	321	0.2854
f2437da7-9419-483b-9357-1f1125b639c3	12	33618314	33621292	7	-0.6936
f2437da7-9419-483b-9357-1f1125b639c3	12	33627156	37568181	489	0.2402
f2437da7-9419-483b-9357-1f1125b639c3	12	37572505	38744625	492	0.3395
f2437da7-9419-483b-9357-1f1125b639c3	12	38744670	45510655	4260	0.2362
f2437da7-9419-483b-9357-1f1125b639c3	12	45512057	45515754	3	-2.4427
f2437da7-9419-483b-9357-1f1125b639c3	12	45519509	47611381	1262	0.2357
f2437da7-9419-483b-9357-1f1125b639c3	12	47611665	51512565	1974	0.1477
f2437da7-9419-483b-9357-1f1125b639c3	12	51515913	55677133	2620	0.2287
f2437da7-9419-483b-9357-1f1125b639c3	12	55677987	56769753	494	0.1141
f2437da7-9419-483b-9357-1f1125b639c3	12	56771406	57947542	561	0.2106
f2437da7-9419-483b-9357-1f1125b639c3	12	57948153	64516653	4154	0.2733
f2437da7-9419-483b-9357-1f1125b639c3	12	64517506	64695722	132	0.0746
f2437da7-9419-483b-9357-1f1125b639c3	12	64696671	66217731	866	0.2439
f2437da7-9419-483b-9357-1f1125b639c3	12	66222845	67100087	686	0.3141
f2437da7-9419-483b-9357-1f1125b639c3	12	67100110	70594939	2473	0.2307
f2437da7-9419-483b-9357-1f1125b639c3	12	70596097	74677510	2456	0.3017
f2437da7-9419-483b-9357-1f1125b639c3	12	74678313	76210010	1026	0.2327
f2437da7-9419-483b-9357-1f1125b639c3	12	76210692	88400682	7428	0.3026
f2437da7-9419-483b-9357-1f1125b639c3	12	88400810	91123287	1683	0.2678
f2437da7-9419-483b-9357-1f1125b639c3	12	91125910	95850205	3281	0.219
f2437da7-9419-483b-9357-1f1125b639c3	12	95856811	97481915	1162	0.2812
f2437da7-9419-483b-9357-1f1125b639c3	12	97481930	97483910	5	1.0039
f2437da7-9419-483b-9357-1f1125b639c3	12	97484633	98402179	715	0.3021
f2437da7-9419-483b-9357-1f1125b639c3	12	98402998	98702503	164	0.1548
f2437da7-9419-483b-9357-1f1125b639c3	12	98704023	98704609	3	0.7062
f2437da7-9419-483b-9357-1f1125b639c3	12	98705146	99388588	421	0.2899
f2437da7-9419-483b-9357-1f1125b639c3	12	99397365	99398036	6	0.869
f2437da7-9419-483b-9357-1f1125b639c3	12	99401515	99404412	26	-0.3323
f2437da7-9419-483b-9357-1f1125b639c3	12	99404577	111876910	7923	0.2579
f2437da7-9419-483b-9357-1f1125b639c3	12	111883947	112372047	206	0.5065
f2437da7-9419-483b-9357-1f1125b639c3	12	112373648	113852913	1064	0.2695
f2437da7-9419-483b-9357-1f1125b639c3	12	113853006	114124246	273	0.423
f2437da7-9419-483b-9357-1f1125b639c3	12	114124329	114642928	446	0.2994
f2437da7-9419-483b-9357-1f1125b639c3	12	114643600	114985324	231	0.1853
f2437da7-9419-483b-9357-1f1125b639c3	12	114985388	115212314	192	0.541
f2437da7-9419-483b-9357-1f1125b639c3	12	115212355	118130119	2276	0.2066
f2437da7-9419-483b-9357-1f1125b639c3	12	118135862	118271953	77	0.524
f2437da7-9419-483b-9357-1f1125b639c3	12	118277086	120015022	1182	0.2713
f2437da7-9419-483b-9357-1f1125b639c3	12	120021690	120695234	312	0.1445
f2437da7-9419-483b-9357-1f1125b639c3	12	120701182	120770029	42	0.5473
f2437da7-9419-483b-9357-1f1125b639c3	12	120770681	121947307	586	0.2165
f2437da7-9419-483b-9357-1f1125b639c3	12	121947784	121992218	28	0.5904
f2437da7-9419-483b-9357-1f1125b639c3	12	121992502	122131379	45	0.1896
f2437da7-9419-483b-9357-1f1125b639c3	12	122135016	122250022	50	0.6909
f2437da7-9419-483b-9357-1f1125b639c3	12	122251595	123090291	330	0.1983
f2437da7-9419-483b-9357-1f1125b639c3	12	123095376	123205898	43	0.5019
f2437da7-9419-483b-9357-1f1125b639c3	12	123223603	124158800	486	0.2237
f2437da7-9419-483b-9357-1f1125b639c3	12	124158845	124301945	108	0.6059
f2437da7-9419-483b-9357-1f1125b639c3	12	124305004	124624762	175	0.885
f2437da7-9419-483b-9357-1f1125b639c3	12	124627393	124822302	145	1.3794
f2437da7-9419-483b-9357-1f1125b639c3	12	124825746	124869557	46	0.8397
f2437da7-9419-483b-9357-1f1125b639c3	12	124873191	129318981	3822	0.311
f2437da7-9419-483b-9357-1f1125b639c3	12	129319609	130665484	1190	0.4122
f2437da7-9419-483b-9357-1f1125b639c3	12	130665614	131648039	764	0.3442
f2437da7-9419-483b-9357-1f1125b639c3	12	131648066	131648777	11	-0.1789
f2437da7-9419-483b-9357-1f1125b639c3	12	131648790	132127961	203	0.2859
f2437da7-9419-483b-9357-1f1125b639c3	12	132133262	132967855	236	0.5237
f2437da7-9419-483b-9357-1f1125b639c3	12	132974317	133201603	121	0.2982
f2437da7-9419-483b-9357-1f1125b639c3	13	18452809	19694487	601	-0.0991
f2437da7-9419-483b-9357-1f1125b639c3	13	19696785	23055048	2237	-0.2043
f2437da7-9419-483b-9357-1f1125b639c3	13	23055071	23064056	14	0.4373
f2437da7-9419-483b-9357-1f1125b639c3	13	23064071	45050488	15833	-0.1862
f2437da7-9419-483b-9357-1f1125b639c3	13	45050991	45213806	92	0.1553
f2437da7-9419-483b-9357-1f1125b639c3	13	45218733	52201827	4407	-0.1851
f2437da7-9419-483b-9357-1f1125b639c3	13	52204119	114342922	40621	-0.1456
f2437da7-9419-483b-9357-1f1125b639c3	14	18239283	19689684	64	-0.1087
f2437da7-9419-483b-9357-1f1125b639c3	14	19732024	19952080	101	0.5031
f2437da7-9419-483b-9357-1f1125b639c3	14	19954424	21659410	1128	0.2054
f2437da7-9419-483b-9357-1f1125b639c3	14	21660693	22530451	747	0.3935
f2437da7-9419-483b-9357-1f1125b639c3	14	22530591	22878419	229	0.1631
f2437da7-9419-483b-9357-1f1125b639c3	14	22879743	23982222	601	-0.2062
f2437da7-9419-483b-9357-1f1125b639c3	14	23983492	24030920	38	0.0992
f2437da7-9419-483b-9357-1f1125b639c3	14	24031046	24460665	216	-0.2985
f2437da7-9419-483b-9357-1f1125b639c3	14	24460857	34359095	6452	-0.1619
f2437da7-9419-483b-9357-1f1125b639c3	14	34359316	38890130	2715	-0.2286
f2437da7-9419-483b-9357-1f1125b639c3	14	38896532	39382691	255	0.1403
f2437da7-9419-483b-9357-1f1125b639c3	14	39384843	48071788	5233	0.1978
f2437da7-9419-483b-9357-1f1125b639c3	14	48073526	55750908	4846	0.141
f2437da7-9419-483b-9357-1f1125b639c3	14	55751291	55769698	20	0.4358
f2437da7-9419-483b-9357-1f1125b639c3	14	55771911	58075011	1771	0.186
f2437da7-9419-483b-9357-1f1125b639c3	14	58080495	58306145	104	0.3794
f2437da7-9419-483b-9357-1f1125b639c3	14	58306310	61880205	2139	0.1372
f2437da7-9419-483b-9357-1f1125b639c3	14	61880791	63364003	1033	0.2064
f2437da7-9419-483b-9357-1f1125b639c3	14	63365558	71892615	5138	0.1242
f2437da7-9419-483b-9357-1f1125b639c3	14	71892924	72759504	788	0.1994
f2437da7-9419-483b-9357-1f1125b639c3	14	72759678	73534419	429	0.0983
f2437da7-9419-483b-9357-1f1125b639c3	14	73540003	73554275	8	-1.1769
f2437da7-9419-483b-9357-1f1125b639c3	14	73563196	76060619	1460	0.0989
f2437da7-9419-483b-9357-1f1125b639c3	14	76065130	82004385	4080	0.1679
f2437da7-9419-483b-9357-1f1125b639c3	14	82004789	82008094	2	-1.5655
f2437da7-9419-483b-9357-1f1125b639c3	14	82008805	90505551	5596	0.1638
f2437da7-9419-483b-9357-1f1125b639c3	14	90505951	90577400	37	0.4633
f2437da7-9419-483b-9357-1f1125b639c3	14	90578106	99578498	6609	0.1665
f2437da7-9419-483b-9357-1f1125b639c3	14	99578769	99687170	66	0.4718
f2437da7-9419-483b-9357-1f1125b639c3	14	99687895	101544331	1105	0.1558
f2437da7-9419-483b-9357-1f1125b639c3	14	101549944	102118062	246	0.4287
f2437da7-9419-483b-9357-1f1125b639c3	14	102125847	105632424	1367	0.1299
f2437da7-9419-483b-9357-1f1125b639c3	14	105632998	106321086	220	0.2949
f2437da7-9419-483b-9357-1f1125b639c3	14	106340102	106346129	7	-0.4801
f2437da7-9419-483b-9357-1f1125b639c3	14	106360014	106877229	273	0.3199
f2437da7-9419-483b-9357-1f1125b639c3	15	19811075	20190276	56	0.1488
f2437da7-9419-483b-9357-1f1125b639c3	15	20206125	22413894	153	-0.5541
f2437da7-9419-483b-9357-1f1125b639c3	15	22455811	23892887	687	0.131
f2437da7-9419-483b-9357-1f1125b639c3	15	23893158	32584783	5031	0.1916
f2437da7-9419-483b-9357-1f1125b639c3	15	32610782	40088468	5492	0.1539
f2437da7-9419-483b-9357-1f1125b639c3	15	40090240	44849731	2209	0.0926
f2437da7-9419-483b-9357-1f1125b639c3	15	44850179	53976665	5787	0.1358
f2437da7-9419-483b-9357-1f1125b639c3	15	53977914	55157074	887	0.2018
f2437da7-9419-483b-9357-1f1125b639c3	15	55157286	58509227	2217	0.1389
f2437da7-9419-483b-9357-1f1125b639c3	15	58509342	58644629	115	0.3682
f2437da7-9419-483b-9357-1f1125b639c3	15	58645276	61392006	2048	0.0886
f2437da7-9419-483b-9357-1f1125b639c3	15	61395970	61405782	17	-0.8252
f2437da7-9419-483b-9357-1f1125b639c3	15	61408185	63060619	1332	0.1405
f2437da7-9419-483b-9357-1f1125b639c3	15	63067466	63086530	21	0.496
f2437da7-9419-483b-9357-1f1125b639c3	15	63086803	63667706	336	0.0968
f2437da7-9419-483b-9357-1f1125b639c3	15	63668321	63671909	2	-1.0796
f2437da7-9419-483b-9357-1f1125b639c3	15	63673613	63982925	179	0.1267
f2437da7-9419-483b-9357-1f1125b639c3	15	63982971	64017067	27	0.4664
f2437da7-9419-483b-9357-1f1125b639c3	15	64017971	64311585	139	0.6444
f2437da7-9419-483b-9357-1f1125b639c3	15	64313917	64781933	198	0.3543
f2437da7-9419-483b-9357-1f1125b639c3	15	64782629	71375388	4124	0.1182
f2437da7-9419-483b-9357-1f1125b639c3	15	71375801	71375895	2	-1.4317
f2437da7-9419-483b-9357-1f1125b639c3	15	71376173	75854430	2307	0.1179
f2437da7-9419-483b-9357-1f1125b639c3	15	75856302	76204636	197	0.4401
f2437da7-9419-483b-9357-1f1125b639c3	15	76210954	77113018	453	0.1737
f2437da7-9419-483b-9357-1f1125b639c3	15	77113041	79118368	1081	0.0698
f2437da7-9419-483b-9357-1f1125b639c3	15	79118926	83871965	3084	0.1502
f2437da7-9419-483b-9357-1f1125b639c3	15	83871986	83874673	5	1.0555
f2437da7-9419-483b-9357-1f1125b639c3	15	83874798	83886884	11	-0.2139
f2437da7-9419-483b-9357-1f1125b639c3	15	83887165	84581248	196	0.2248
f2437da7-9419-483b-9357-1f1125b639c3	15	84584141	84614489	10	0.7529
f2437da7-9419-483b-9357-1f1125b639c3	15	84614906	84680989	36	0.3021
f2437da7-9419-483b-9357-1f1125b639c3	15	84683534	85174313	293	0.0555
f2437da7-9419-483b-9357-1f1125b639c3	15	85175390	85183483	24	0.6342
f2437da7-9419-483b-9357-1f1125b639c3	15	85236347	85821495	424	0.0784
f2437da7-9419-483b-9357-1f1125b639c3	15	85821633	88597449	2239	0.1577
f2437da7-9419-483b-9357-1f1125b639c3	15	88597706	90875361	1378	0.0855
f2437da7-9419-483b-9357-1f1125b639c3	15	90878360	90953760	39	0.4078
f2437da7-9419-483b-9357-1f1125b639c3	15	90953847	91000531	40	-0.0037
f2437da7-9419-483b-9357-1f1125b639c3	15	91000676	91364152	308	0.4026
f2437da7-9419-483b-9357-1f1125b639c3	15	91364241	92566900	1117	0.1483
f2437da7-9419-483b-9357-1f1125b639c3	15	92567227	92603379	39	0.348
f2437da7-9419-483b-9357-1f1125b639c3	15	92605175	92607886	5	1.1721
f2437da7-9419-483b-9357-1f1125b639c3	15	92607912	93299316	528	0.4263
f2437da7-9419-483b-9357-1f1125b639c3	15	93300563	94156918	699	0.1727
f2437da7-9419-483b-9357-1f1125b639c3	15	94160857	94250392	65	0.4694
f2437da7-9419-483b-9357-1f1125b639c3	15	94250407	101928837	5685	0.1519
f2437da7-9419-483b-9357-1f1125b639c3	16	10777	749384	312	0.1188
f2437da7-9419-483b-9357-1f1125b639c3	16	781121	1270592	112	0.4815
f2437da7-9419-483b-9357-1f1125b639c3	16	1270725	1756446	191	0.1187
f2437da7-9419-483b-9357-1f1125b639c3	16	1757470	1904507	87	0.3925
f2437da7-9419-483b-9357-1f1125b639c3	16	1908883	2924415	303	0.1057
f2437da7-9419-483b-9357-1f1125b639c3	16	2924547	3083054	55	0.3772
f2437da7-9419-483b-9357-1f1125b639c3	16	3084264	4165594	623	0.0547
f2437da7-9419-483b-9357-1f1125b639c3	16	4165718	9873143	5617	0.4309
f2437da7-9419-483b-9357-1f1125b639c3	16	9873970	9881970	4	-1.0024
f2437da7-9419-483b-9357-1f1125b639c3	16	9886060	11587945	1389	0.3871
f2437da7-9419-483b-9357-1f1125b639c3	16	11595035	11795203	120	0.6121
f2437da7-9419-483b-9357-1f1125b639c3	16	11795742	12158601	196	0.3482
f2437da7-9419-483b-9357-1f1125b639c3	16	12158666	13892696	1599	0.4281
f2437da7-9419-483b-9357-1f1125b639c3	16	13892870	14969833	488	0.3362
f2437da7-9419-483b-9357-1f1125b639c3	16	14969860	15401601	80	0.6805
f2437da7-9419-483b-9357-1f1125b639c3	16	15402301	16797287	578	0.3306
f2437da7-9419-483b-9357-1f1125b639c3	16	16797785	16971538	134	0.5755
f2437da7-9419-483b-9357-1f1125b639c3	16	16971570	19933041	1524	0.3637
f2437da7-9419-483b-9357-1f1125b639c3	16	19934328	19954553	28	-0.9367
f2437da7-9419-483b-9357-1f1125b639c3	16	19956040	21368130	888	0.3995
f2437da7-9419-483b-9357-1f1125b639c3	16	21401082	21937449	140	0.6042
f2437da7-9419-483b-9357-1f1125b639c3	16	21937801	22010613	33	0.1208
f2437da7-9419-483b-9357-1f1125b639c3	16	22011708	28736213	4327	0.3994
f2437da7-9419-483b-9357-1f1125b639c3	16	28742130	29010632	68	0.2244
f2437da7-9419-483b-9357-1f1125b639c3	16	29013116	30295647	333	0.0273
f2437da7-9419-483b-9357-1f1125b639c3	16	30308694	30536574	66	0.5618
f2437da7-9419-483b-9357-1f1125b639c3	16	30540410	30635374	40	0.0934
f2437da7-9419-483b-9357-1f1125b639c3	16	30635952	30670566	6	0.667
f2437da7-9419-483b-9357-1f1125b639c3	16	30671055	31741451	435	0.0076
f2437da7-9419-483b-9357-1f1125b639c3	16	31742618	46581450	662	0.1658
f2437da7-9419-483b-9357-1f1125b639c3	16	46590879	56797051	7025	0.0781
f2437da7-9419-483b-9357-1f1125b639c3	16	56797924	57279672	284	0.3688
f2437da7-9419-483b-9357-1f1125b639c3	16	57280560	58736890	861	-0.304
f2437da7-9419-483b-9357-1f1125b639c3	16	58737287	64921033	4079	-0.2306
f2437da7-9419-483b-9357-1f1125b639c3	16	64921261	67068146	1522	-0.3107
f2437da7-9419-483b-9357-1f1125b639c3	16	67068560	67170195	38	0.2144
f2437da7-9419-483b-9357-1f1125b639c3	16	67171243	67205851	19	0.8448
f2437da7-9419-483b-9357-1f1125b639c3	16	67206762	67358124	65	0.0451
f2437da7-9419-483b-9357-1f1125b639c3	16	67358322	67484072	46	0.4098
f2437da7-9419-483b-9357-1f1125b639c3	16	67486220	67592762	42	-0.0851
f2437da7-9419-483b-9357-1f1125b639c3	16	67593166	67697498	27	0.5328
f2437da7-9419-483b-9357-1f1125b639c3	16	67702541	67875773	64	0.1115
f2437da7-9419-483b-9357-1f1125b639c3	16	67878026	69334972	695	-0.3124
f2437da7-9419-483b-9357-1f1125b639c3	16	69336146	69449337	50	0.7182
f2437da7-9419-483b-9357-1f1125b639c3	16	69456651	69572558	76	0.1085
f2437da7-9419-483b-9357-1f1125b639c3	16	69573509	75928024	3390	-0.3012
f2437da7-9419-483b-9357-1f1125b639c3	16	75928476	76784266	739	-0.1858
f2437da7-9419-483b-9357-1f1125b639c3	16	76784772	78347366	1614	-0.2814
f2437da7-9419-483b-9357-1f1125b639c3	16	78349243	78350841	2	-2.1303
f2437da7-9419-483b-9357-1f1125b639c3	16	78350868	84824073	7040	-0.2589
f2437da7-9419-483b-9357-1f1125b639c3	16	84831261	85208603	288	0.1114
f2437da7-9419-483b-9357-1f1125b639c3	16	85209201	87698662	2155	-0.2753
f2437da7-9419-483b-9357-1f1125b639c3	16	87698871	87893090	108	0.0289
f2437da7-9419-483b-9357-1f1125b639c3	16	87894798	89526214	676	-0.194
f2437da7-9419-483b-9357-1f1125b639c3	16	89529315	89671474	61	0.1772
f2437da7-9419-483b-9357-1f1125b639c3	16	89674188	89895562	86	-0.2654
f2437da7-9419-483b-9357-1f1125b639c3	16	89896521	90096867	115	0.1689
f2437da7-9419-483b-9357-1f1125b639c3	17	150733	1811099	799	-0.3218
f2437da7-9419-483b-9357-1f1125b639c3	17	1811524	2480840	396	0.0532
f2437da7-9419-483b-9357-1f1125b639c3	17	2485039	2550614	36	0.3764
f2437da7-9419-483b-9357-1f1125b639c3	17	2551528	2676032	57	0.0205
f2437da7-9419-483b-9357-1f1125b639c3	17	2679222	3782709	654	-0.3172
f2437da7-9419-483b-9357-1f1125b639c3	17	3787636	3825177	43	0.123
f2437da7-9419-483b-9357-1f1125b639c3	17	3829256	3948157	53	0.4569
f2437da7-9419-483b-9357-1f1125b639c3	17	3948361	3971280	4	-0.2254
f2437da7-9419-483b-9357-1f1125b639c3	17	3977059	4003232	14	0.3613
f2437da7-9419-483b-9357-1f1125b639c3	17	4012204	4084581	49	0.0253
f2437da7-9419-483b-9357-1f1125b639c3	17	4090931	8054487	2255	-0.3306
f2437da7-9419-483b-9357-1f1125b639c3	17	8058842	8276126	99	-0.0465
f2437da7-9419-483b-9357-1f1125b639c3	17	8277499	10453499	1560	-0.3566
f2437da7-9419-483b-9357-1f1125b639c3	17	10453867	10593023	84	0.0483
f2437da7-9419-483b-9357-1f1125b639c3	17	10594891	10858883	139	-0.3172
f2437da7-9419-483b-9357-1f1125b639c3	17	10859535	11121925	216	0.1716
f2437da7-9419-483b-9357-1f1125b639c3	17	11122351	11640983	474	-0.2522
f2437da7-9419-483b-9357-1f1125b639c3	17	11645604	12328682	456	0.155
f2437da7-9419-483b-9357-1f1125b639c3	17	12331490	15101970	2189	-0.2696
f2437da7-9419-483b-9357-1f1125b639c3	17	15105489	15368363	222	0.1833
f2437da7-9419-483b-9357-1f1125b639c3	17	15368447	15579201	125	0.4382
f2437da7-9419-483b-9357-1f1125b639c3	17	15580307	15581557	2	-1.4039
f2437da7-9419-483b-9357-1f1125b639c3	17	15586786	16946165	544	0.3843
f2437da7-9419-483b-9357-1f1125b639c3	17	16947824	17200989	151	0.0693
f2437da7-9419-483b-9357-1f1125b639c3	17	17202130	17875937	390	-0.3481
f2437da7-9419-483b-9357-1f1125b639c3	17	17879090	18723703	371	0.0666
f2437da7-9419-483b-9357-1f1125b639c3	17	18725135	18971407	104	0.2593
f2437da7-9419-483b-9357-1f1125b639c3	17	18973153	18990209	10	0.8261
f2437da7-9419-483b-9357-1f1125b639c3	17	18992984	19032210	18	0.3151
f2437da7-9419-483b-9357-1f1125b639c3	17	19100750	21288047	961	0.2017
f2437da7-9419-483b-9357-1f1125b639c3	17	21289118	27201129	451	0.3055
f2437da7-9419-483b-9357-1f1125b639c3	17	27208042	27864760	389	0.1503
f2437da7-9419-483b-9357-1f1125b639c3	17	27867697	27937997	43	0.4549
f2437da7-9419-483b-9357-1f1125b639c3	17	27938662	27994036	39	0.7043
f2437da7-9419-483b-9357-1f1125b639c3	17	28000866	28777142	316	0.1621
f2437da7-9419-483b-9357-1f1125b639c3	17	28777671	28890688	40	0.4492
f2437da7-9419-483b-9357-1f1125b639c3	17	28908259	29289644	202	0.1495
f2437da7-9419-483b-9357-1f1125b639c3	17	29297507	29445072	70	0.4699
f2437da7-9419-483b-9357-1f1125b639c3	17	29452420	33609452	2265	0.1928
f2437da7-9419-483b-9357-1f1125b639c3	17	33610000	34576507	933	0.3072
f2437da7-9419-483b-9357-1f1125b639c3	17	34576856	37126389	1475	0.2054
f2437da7-9419-483b-9357-1f1125b639c3	17	37128755	37572485	243	0.428
f2437da7-9419-483b-9357-1f1125b639c3	17	37572818	38991105	555	0.1666
f2437da7-9419-483b-9357-1f1125b639c3	17	38993320	39140069	82	0.5067
f2437da7-9419-483b-9357-1f1125b639c3	17	39142508	39933863	397	0.1883
f2437da7-9419-483b-9357-1f1125b639c3	17	39936031	40035671	47	0.701
f2437da7-9419-483b-9357-1f1125b639c3	17	40036380	41265456	668	0.219
f2437da7-9419-483b-9357-1f1125b639c3	17	41266762	41274279	24	-0.8739
f2437da7-9419-483b-9357-1f1125b639c3	17	41276472	41872315	413	0.2181
f2437da7-9419-483b-9357-1f1125b639c3	17	41884561	41929596	24	0.4082
f2437da7-9419-483b-9357-1f1125b639c3	17	41930069	42079096	76	0.6822
f2437da7-9419-483b-9357-1f1125b639c3	17	42079489	42243779	67	0.4192
f2437da7-9419-483b-9357-1f1125b639c3	17	42247931	42974051	317	0.1182
f2437da7-9419-483b-9357-1f1125b639c3	17	42978513	43050959	47	0.4336
f2437da7-9419-483b-9357-1f1125b639c3	17	43051016	43354897	159	0.1543
f2437da7-9419-483b-9357-1f1125b639c3	17	43361222	43397410	22	-0.3007
f2437da7-9419-483b-9357-1f1125b639c3	17	43404354	43550084	88	0.1009
f2437da7-9419-483b-9357-1f1125b639c3	17	43550924	43612595	34	0.3663
f2437da7-9419-483b-9357-1f1125b639c3	17	43612880	43808622	136	0.9322
f2437da7-9419-483b-9357-1f1125b639c3	17	43810528	44285139	223	0.7495
f2437da7-9419-483b-9357-1f1125b639c3	17	44289209	44883052	260	0.1613
f2437da7-9419-483b-9357-1f1125b639c3	17	44883641	44916487	27	0.7303
f2437da7-9419-483b-9357-1f1125b639c3	17	44917671	45656938	280	0.178
f2437da7-9419-483b-9357-1f1125b639c3	17	45657638	46894286	576	0.3334
f2437da7-9419-483b-9357-1f1125b639c3	17	46897053	49925580	1531	0.1766
f2437da7-9419-483b-9357-1f1125b639c3	17	49934462	50230336	168	0.4793
f2437da7-9419-483b-9357-1f1125b639c3	17	50233697	50615943	214	0.1413
f2437da7-9419-483b-9357-1f1125b639c3	17	50618396	50645762	14	0.6897
f2437da7-9419-483b-9357-1f1125b639c3	17	50651159	51289777	296	0.1699
f2437da7-9419-483b-9357-1f1125b639c3	17	51293134	56747711	3996	0.2548
f2437da7-9419-483b-9357-1f1125b639c3	17	56748328	62618634	3121	0.1778
f2437da7-9419-483b-9357-1f1125b639c3	17	62630037	62723683	42	0.5173
f2437da7-9419-483b-9357-1f1125b639c3	17	62724988	63735373	472	0.1994
f2437da7-9419-483b-9357-1f1125b639c3	17	63736686	63976305	105	0.4359
f2437da7-9419-483b-9357-1f1125b639c3	17	63977670	64070697	60	0.753
f2437da7-9419-483b-9357-1f1125b639c3	17	64071183	64333211	185	0.4186
f2437da7-9419-483b-9357-1f1125b639c3	17	64464879	65055775	229	0.1305
f2437da7-9419-483b-9357-1f1125b639c3	17	65060911	65073218	8	-0.2771
f2437da7-9419-483b-9357-1f1125b639c3	17	65073609	65290969	170	0.1485
f2437da7-9419-483b-9357-1f1125b639c3	17	65291615	67448377	1452	0.2212
f2437da7-9419-483b-9357-1f1125b639c3	17	67448766	69109031	991	0.1577
f2437da7-9419-483b-9357-1f1125b639c3	17	69112221	74179695	3821	0.24
f2437da7-9419-483b-9357-1f1125b639c3	17	74179810	74689025	308	0.4923
f2437da7-9419-483b-9357-1f1125b639c3	17	74694557	75419687	336	0.154
f2437da7-9419-483b-9357-1f1125b639c3	17	75420704	75995916	206	0.4988
f2437da7-9419-483b-9357-1f1125b639c3	17	75997043	76131329	52	0.8177
f2437da7-9419-483b-9357-1f1125b639c3	17	76142478	76362462	124	0.4772
f2437da7-9419-483b-9357-1f1125b639c3	17	76372007	76432849	45	0.1973
f2437da7-9419-483b-9357-1f1125b639c3	17	76433031	76781365	206	0.47
f2437da7-9419-483b-9357-1f1125b639c3	17	76782023	77113218	186	0.2426
f2437da7-9419-483b-9357-1f1125b639c3	17	77113419	77352089	163	0.4779
f2437da7-9419-483b-9357-1f1125b639c3	17	77354162	81207825	2167	0.2304
f2437da7-9419-483b-9357-1f1125b639c3	17	81211207	81274520	28	0.957
f2437da7-9419-483b-9357-1f1125b639c3	17	81279602	81377215	36	1.3085
f2437da7-9419-483b-9357-1f1125b639c3	17	81377990	81951455	130	0.21
f2437da7-9419-483b-9357-1f1125b639c3	17	81965842	82041935	8	0.6149
f2437da7-9419-483b-9357-1f1125b639c3	17	82046065	82100981	13	1.4123
f2437da7-9419-483b-9357-1f1125b639c3	17	82101456	82146336	29	0.6708
f2437da7-9419-483b-9357-1f1125b639c3	17	82153848	83091923	449	0.2103
f2437da7-9419-483b-9357-1f1125b639c3	18	48133	8978186	6548	0.2252
f2437da7-9419-483b-9357-1f1125b639c3	18	8978289	9830413	573	0.1291
f2437da7-9419-483b-9357-1f1125b639c3	18	9831051	9856398	37	0.2283
f2437da7-9419-483b-9357-1f1125b639c3	18	9860161	9976124	90	0.4423
f2437da7-9419-483b-9357-1f1125b639c3	18	9981281	12257231	1613	0.2447
f2437da7-9419-483b-9357-1f1125b639c3	18	12257243	26782987	4951	0.1906
f2437da7-9419-483b-9357-1f1125b639c3	18	26785688	40680516	8901	0.232
f2437da7-9419-483b-9357-1f1125b639c3	18	40680526	40685425	14	-2.2829
f2437da7-9419-483b-9357-1f1125b639c3	18	40689534	44394050	2355	0.2468
f2437da7-9419-483b-9357-1f1125b639c3	18	44394853	44402706	8	-0.5594
f2437da7-9419-483b-9357-1f1125b639c3	18	44403100	47829700	2242	0.2388
f2437da7-9419-483b-9357-1f1125b639c3	18	47832486	48906569	933	0.1672
f2437da7-9419-483b-9357-1f1125b639c3	18	48908311	48957384	26	0.4557
f2437da7-9419-483b-9357-1f1125b639c3	18	48962883	48982250	12	0.9292
f2437da7-9419-483b-9357-1f1125b639c3	18	48983076	49050848	41	0.4706
f2437da7-9419-483b-9357-1f1125b639c3	18	49054679	50309390	832	0.1958
f2437da7-9419-483b-9357-1f1125b639c3	18	50309414	50451124	98	0.4886
f2437da7-9419-483b-9357-1f1125b639c3	18	50455462	51077532	545	0.1519
f2437da7-9419-483b-9357-1f1125b639c3	18	51077549	57560426	4256	0.2432
f2437da7-9419-483b-9357-1f1125b639c3	18	57560470	60026319	1858	0.1895
f2437da7-9419-483b-9357-1f1125b639c3	18	60026738	61490531	1015	0.2537
f2437da7-9419-483b-9357-1f1125b639c3	18	61490925	61609883	84	0.4726
f2437da7-9419-483b-9357-1f1125b639c3	18	61613113	66240197	3266	0.2348
f2437da7-9419-483b-9357-1f1125b639c3	18	66240359	66244352	9	-0.7842
f2437da7-9419-483b-9357-1f1125b639c3	18	66244639	80257174	10228	0.2577
f2437da7-9419-483b-9357-1f1125b639c3	19	90910	390341	79	-0.0728
f2437da7-9419-483b-9357-1f1125b639c3	19	412730	675533	58	0.3443
f2437da7-9419-483b-9357-1f1125b639c3	19	678411	981661	52	-0.1877
f2437da7-9419-483b-9357-1f1125b639c3	19	987571	1077702	35	0.2653
f2437da7-9419-483b-9357-1f1125b639c3	19	1099702	1201085	34	-0.0671
f2437da7-9419-483b-9357-1f1125b639c3	19	1204475	1548817	92	0.2989
f2437da7-9419-483b-9357-1f1125b639c3	19	1563473	2171871	138	-0.1467
f2437da7-9419-483b-9357-1f1125b639c3	19	2182903	2209446	12	0.376
f2437da7-9419-483b-9357-1f1125b639c3	19	2213015	2350210	23	0.7107
f2437da7-9419-483b-9357-1f1125b639c3	19	2350865	2557612	84	0.2616
f2437da7-9419-483b-9357-1f1125b639c3	19	2557632	4306124	530	-0.1147
f2437da7-9419-483b-9357-1f1125b639c3	19	4306838	4823677	147	-0.6415
f2437da7-9419-483b-9357-1f1125b639c3	19	4825749	5016608	76	-0.1455
f2437da7-9419-483b-9357-1f1125b639c3	19	5025379	10628665	2673	-0.615
f2437da7-9419-483b-9357-1f1125b639c3	19	10632616	10708746	45	0.2037
f2437da7-9419-483b-9357-1f1125b639c3	19	10712568	11047358	147	-0.2991
f2437da7-9419-483b-9357-1f1125b639c3	19	11048420	11149384	44	-0.6557
f2437da7-9419-483b-9357-1f1125b639c3	19	11150835	11248808	42	-0.2451
f2437da7-9419-483b-9357-1f1125b639c3	19	11249046	12742851	751	-0.7011
f2437da7-9419-483b-9357-1f1125b639c3	19	12744285	12898242	54	-0.2216
f2437da7-9419-483b-9357-1f1125b639c3	19	12902400	12991306	27	-0.621
f2437da7-9419-483b-9357-1f1125b639c3	19	12992824	16180805	1752	-0.1722
f2437da7-9419-483b-9357-1f1125b639c3	19	16185369	16602236	216	0.1921
f2437da7-9419-483b-9357-1f1125b639c3	19	16602521	18625110	870	-0.24
f2437da7-9419-483b-9357-1f1125b639c3	19	18625692	18877409	92	0.1561
f2437da7-9419-483b-9357-1f1125b639c3	19	18877438	24274155	2996	-0.1598
f2437da7-9419-483b-9357-1f1125b639c3	19	24278016	24282155	10	-1.1808
f2437da7-9419-483b-9357-1f1125b639c3	19	24304880	24324370	13	-0.251
f2437da7-9419-483b-9357-1f1125b639c3	19	24399775	27466131	22	0.3175
f2437da7-9419-483b-9357-1f1125b639c3	19	27469081	29605801	1562	0.5423
f2437da7-9419-483b-9357-1f1125b639c3	19	29606642	29757158	90	0.7401
f2437da7-9419-483b-9357-1f1125b639c3	19	29757457	29809086	32	1.0362
f2437da7-9419-483b-9357-1f1125b639c3	19	29809568	29815560	16	1.5594
f2437da7-9419-483b-9357-1f1125b639c3	19	29815850	29815913	2	0.394
f2437da7-9419-483b-9357-1f1125b639c3	19	29816191	29891553	63	1.8667
f2437da7-9419-483b-9357-1f1125b639c3	19	29893649	29980182	59	1.0567
f2437da7-9419-483b-9357-1f1125b639c3	19	29983260	30037196	28	0.8554
f2437da7-9419-483b-9357-1f1125b639c3	19	30037623	38225070	5119	0.5109
f2437da7-9419-483b-9357-1f1125b639c3	19	38225938	40257944	1031	0.4425
f2437da7-9419-483b-9357-1f1125b639c3	19	40267017	40734407	230	0.6804
f2437da7-9419-483b-9357-1f1125b639c3	19	40739117	43026206	1080	0.4677
f2437da7-9419-483b-9357-1f1125b639c3	19	43029275	43414700	168	0.6681
f2437da7-9419-483b-9357-1f1125b639c3	19	43421150	45646360	1236	0.4641
f2437da7-9419-483b-9357-1f1125b639c3	19	45651005	45828258	52	0.947
f2437da7-9419-483b-9357-1f1125b639c3	19	45828613	45968049	72	0.6934
f2437da7-9419-483b-9357-1f1125b639c3	19	45968781	48562414	1267	0.4647
f2437da7-9419-483b-9357-1f1125b639c3	19	48563402	48608749	23	0.9132
f2437da7-9419-483b-9357-1f1125b639c3	19	48621546	48737879	42	0.4256
f2437da7-9419-483b-9357-1f1125b639c3	19	48746186	48892127	47	0.9376
f2437da7-9419-483b-9357-1f1125b639c3	19	48897518	49393060	183	0.1605
f2437da7-9419-483b-9357-1f1125b639c3	19	49393204	49453668	17	0.5634
f2437da7-9419-483b-9357-1f1125b639c3	19	49454349	49612646	49	0.3188
f2437da7-9419-483b-9357-1f1125b639c3	19	49613373	49685266	31	0.6474
f2437da7-9419-483b-9357-1f1125b639c3	19	49694149	49877601	79	0.1214
f2437da7-9419-483b-9357-1f1125b639c3	19	49886573	49915478	9	1.3205
f2437da7-9419-483b-9357-1f1125b639c3	19	49918774	50049216	93	0.6378
f2437da7-9419-483b-9357-1f1125b639c3	19	50049637	53040322	1827	0.1981
f2437da7-9419-483b-9357-1f1125b639c3	19	53041724	53048976	4	1.4963
f2437da7-9419-483b-9357-1f1125b639c3	19	53050987	58586487	3366	0.1968
f2437da7-9419-483b-9357-1f1125b639c3	20	80664	256351	141	0.4807
f2437da7-9419-483b-9357-1f1125b639c3	20	256637	304111	31	0.7859
f2437da7-9419-483b-9357-1f1125b639c3	20	304170	367264	41	0.5362
f2437da7-9419-483b-9357-1f1125b639c3	20	368662	1580353	986	0.2295
f2437da7-9419-483b-9357-1f1125b639c3	20	1580934	1601446	35	1.908
f2437da7-9419-483b-9357-1f1125b639c3	20	1601561	1730289	133	0.3368
f2437da7-9419-483b-9357-1f1125b639c3	20	1734441	3108623	1038	0.1741
f2437da7-9419-483b-9357-1f1125b639c3	20	3110624	4096572	561	0.4474
f2437da7-9419-483b-9357-1f1125b639c3	20	4105022	4883924	687	0.2294
f2437da7-9419-483b-9357-1f1125b639c3	20	4894061	5138097	154	0.0155
f2437da7-9419-483b-9357-1f1125b639c3	20	5144634	5605845	317	0.2242
f2437da7-9419-483b-9357-1f1125b639c3	20	5610010	6074391	333	0.6466
f2437da7-9419-483b-9357-1f1125b639c3	20	6075024	15981044	7772	0.2185
f2437da7-9419-483b-9357-1f1125b639c3	20	15985274	15988235	3	-1.2723
f2437da7-9419-483b-9357-1f1125b639c3	20	15988345	16215152	244	0.1814
f2437da7-9419-483b-9357-1f1125b639c3	20	16218023	16583528	329	0.116
f2437da7-9419-483b-9357-1f1125b639c3	20	16583565	23571179	5473	0.2134
f2437da7-9419-483b-9357-1f1125b639c3	20	23571661	23572036	2	-1.5544
f2437da7-9419-483b-9357-1f1125b639c3	20	23572703	25429892	1314	0.2472
f2437da7-9419-483b-9357-1f1125b639c3	20	25430398	25451466	7	-0.5007
f2437da7-9419-483b-9357-1f1125b639c3	20	25452991	31411182	462	0.2331
f2437da7-9419-483b-9357-1f1125b639c3	20	31413085	32640916	560	0.1404
f2437da7-9419-483b-9357-1f1125b639c3	20	32649984	32659276	11	0.6787
f2437da7-9419-483b-9357-1f1125b639c3	20	32669016	32874526	123	0.1184
f2437da7-9419-483b-9357-1f1125b639c3	20	32878686	33665679	468	0.2065
f2437da7-9419-483b-9357-1f1125b639c3	20	33675156	33936250	131	0.747
f2437da7-9419-483b-9357-1f1125b639c3	20	33938407	34064053	64	0.5123
f2437da7-9419-483b-9357-1f1125b639c3	20	34064843	35697960	719	0.1409
f2437da7-9419-483b-9357-1f1125b639c3	20	35704799	35840573	58	0.4204
f2437da7-9419-483b-9357-1f1125b639c3	20	35848114	36066890	121	0.1648
f2437da7-9419-483b-9357-1f1125b639c3	20	36067022	36373117	117	0.4953
f2437da7-9419-483b-9357-1f1125b639c3	20	36378520	40930941	3027	0.1604
f2437da7-9419-483b-9357-1f1125b639c3	20	40932900	41730880	428	0.7207
f2437da7-9419-483b-9357-1f1125b639c3	20	41731384	41731388	5	0.0381
f2437da7-9419-483b-9357-1f1125b639c3	20	41732145	41826204	67	0.7986
f2437da7-9419-483b-9357-1f1125b639c3	20	41830685	47292936	4085	0.4979
f2437da7-9419-483b-9357-1f1125b639c3	20	47293706	47442622	60	0.9495
f2437da7-9419-483b-9357-1f1125b639c3	20	47447652	47601460	88	0.6264
f2437da7-9419-483b-9357-1f1125b639c3	20	47608081	49020484	1076	0.4772
f2437da7-9419-483b-9357-1f1125b639c3	20	49023474	50069313	579	0.6154
f2437da7-9419-483b-9357-1f1125b639c3	20	50073505	50159915	44	0.37
f2437da7-9419-483b-9357-1f1125b639c3	20	50160504	50178380	7	-0.0262
f2437da7-9419-483b-9357-1f1125b639c3	20	50178634	50292156	66	0.4819
f2437da7-9419-483b-9357-1f1125b639c3	20	50298385	50302580	8	0.9802
f2437da7-9419-483b-9357-1f1125b639c3	20	50302907	50427668	78	0.4572
f2437da7-9419-483b-9357-1f1125b639c3	20	50428096	50891888	381	0.659
f2437da7-9419-483b-9357-1f1125b639c3	20	50892146	53666647	2032	0.5246
f2437da7-9419-483b-9357-1f1125b639c3	20	53669296	53669343	2	-1.2061
f2437da7-9419-483b-9357-1f1125b639c3	20	53680236	58704798	4126	0.5181
f2437da7-9419-483b-9357-1f1125b639c3	20	58704865	59009053	172	0.7507
f2437da7-9419-483b-9357-1f1125b639c3	20	59009835	61847174	2416	0.5404
f2437da7-9419-483b-9357-1f1125b639c3	20	61855871	62387981	276	0.7805
f2437da7-9419-483b-9357-1f1125b639c3	20	62389008	63285965	382	0.5428
f2437da7-9419-483b-9357-1f1125b639c3	20	63289779	63380538	22	0.7213
f2437da7-9419-483b-9357-1f1125b639c3	20	63384460	63495392	25	0.9712
f2437da7-9419-483b-9357-1f1125b639c3	20	63504849	63556719	25	0.5501
f2437da7-9419-483b-9357-1f1125b639c3	20	63567905	63817987	113	1.0578
f2437da7-9419-483b-9357-1f1125b639c3	20	63822592	64324800	210	0.6037
f2437da7-9419-483b-9357-1f1125b639c3	21	10354168	10552032	45	0.3117
f2437da7-9419-483b-9357-1f1125b639c3	21	10556305	10756733	41	0.6345
f2437da7-9419-483b-9357-1f1125b639c3	21	10775586	20968734	5168	0.2288
f2437da7-9419-483b-9357-1f1125b639c3	21	20968771	21264867	244	0.097
f2437da7-9419-483b-9357-1f1125b639c3	21	21267055	25482035	3211	0.2438
f2437da7-9419-483b-9357-1f1125b639c3	21	25482557	25957799	314	0.4415
f2437da7-9419-483b-9357-1f1125b639c3	21	25959655	26828196	727	0.1725
f2437da7-9419-483b-9357-1f1125b639c3	21	26828209	27953649	872	0.2488
f2437da7-9419-483b-9357-1f1125b639c3	21	27954460	28001430	25	0.0997
f2437da7-9419-483b-9357-1f1125b639c3	21	28004791	28005363	2	1.793
f2437da7-9419-483b-9357-1f1125b639c3	21	28008271	31864142	2718	0.2161
f2437da7-9419-483b-9357-1f1125b639c3	21	31865670	31867735	3	-1.149
f2437da7-9419-483b-9357-1f1125b639c3	21	31879236	43833057	8872	0.2046
f2437da7-9419-483b-9357-1f1125b639c3	21	43837231	44088591	142	0.4764
f2437da7-9419-483b-9357-1f1125b639c3	21	44088680	45237368	557	0.2456
f2437da7-9419-483b-9357-1f1125b639c3	21	45237653	45484166	126	0.6744
f2437da7-9419-483b-9357-1f1125b639c3	21	45485910	46130840	356	0.2602
f2437da7-9419-483b-9357-1f1125b639c3	21	46143797	46366609	111	0.072
f2437da7-9419-483b-9357-1f1125b639c3	21	46367201	46677045	230	0.2596
f2437da7-9419-483b-9357-1f1125b639c3	22	15294547	16538870	58	-0.7456
f2437da7-9419-483b-9357-1f1125b639c3	22	16538894	20706071	2134	-1.8083
f2437da7-9419-483b-9357-1f1125b639c3	22	20706933	21912468	628	-1.4309
f2437da7-9419-483b-9357-1f1125b639c3	22	21917856	21938623	12	-3.9041
f2437da7-9419-483b-9357-1f1125b639c3	22	21939017	22006666	60	-1.6542
f2437da7-9419-483b-9357-1f1125b639c3	22	22010807	22013299	3	-7.4227
f2437da7-9419-483b-9357-1f1125b639c3	22	22017240	23134299	898	-1.4017
f2437da7-9419-483b-9357-1f1125b639c3	22	23135783	25762317	1747	-1.6795
f2437da7-9419-483b-9357-1f1125b639c3	22	25762661	27733251	2010	-1.9336
f2437da7-9419-483b-9357-1f1125b639c3	22	27733271	28947614	639	-1.6172
f2437da7-9419-483b-9357-1f1125b639c3	22	28953318	29062857	90	-4.6315
f2437da7-9419-483b-9357-1f1125b639c3	22	29063646	29095718	25	-2.7089
f2437da7-9419-483b-9357-1f1125b639c3	22	29095792	29717971	347	-0.8025
f2437da7-9419-483b-9357-1f1125b639c3	22	29732405	29749408	9	-0.3836
f2437da7-9419-483b-9357-1f1125b639c3	22	29751049	29762491	9	0.4856
f2437da7-9419-483b-9357-1f1125b639c3	22	29767157	29824820	34	-0.3077
f2437da7-9419-483b-9357-1f1125b639c3	22	29824845	31504373	929	-0.7708
f2437da7-9419-483b-9357-1f1125b639c3	22	31517378	31803523	152	-0.2824
f2437da7-9419-483b-9357-1f1125b639c3	22	31804071	31918603	79	0.1631
f2437da7-9419-483b-9357-1f1125b639c3	22	31919025	32007331	59	-0.3084
f2437da7-9419-483b-9357-1f1125b639c3	22	32013510	35538543	3041	-0.7499
f2437da7-9419-483b-9357-1f1125b639c3	22	35543322	35546589	2	-4.0589
f2437da7-9419-483b-9357-1f1125b639c3	22	35546814	36879600	873	-0.819
f2437da7-9419-483b-9357-1f1125b639c3	22	36885383	38967967	1126	-0.2162
f2437da7-9419-483b-9357-1f1125b639c3	22	38967995	40024541	521	0.1613
f2437da7-9419-483b-9357-1f1125b639c3	22	40025117	40398586	189	-0.2542
f2437da7-9419-483b-9357-1f1125b639c3	22	40398816	40401668	2	0.9781
f2437da7-9419-483b-9357-1f1125b639c3	22	40404067	40712349	135	-0.2484
f2437da7-9419-483b-9357-1f1125b639c3	22	40716634	40729134	12	0.5435
f2437da7-9419-483b-9357-1f1125b639c3	22	40736198	40866848	64	-0.2762
f2437da7-9419-483b-9357-1f1125b639c3	22	40869623	41191027	310	0.1223
f2437da7-9419-483b-9357-1f1125b639c3	22	41191809	41208168	9	0.4839
f2437da7-9419-483b-9357-1f1125b639c3	22	41210026	41266580	22	0.8151
f2437da7-9419-483b-9357-1f1125b639c3	22	41267847	41366447	41	0.4514
f2437da7-9419-483b-9357-1f1125b639c3	22	41366866	41426789	27	0.1533
f2437da7-9419-483b-9357-1f1125b639c3	22	41426948	41596983	60	0.6243
f2437da7-9419-483b-9357-1f1125b639c3	22	41606890	41696982	50	-0.3012
f2437da7-9419-483b-9357-1f1125b639c3	22	41700690	41855723	115	0.1136
f2437da7-9419-483b-9357-1f1125b639c3	22	41856492	49057816	5385	-0.1862
f2437da7-9419-483b-9357-1f1125b639c3	22	49062538	50796027	1060	-0.0546
f2437da7-9419-483b-9357-1f1125b639c3	X	251810	509065	25	0.3247
f2437da7-9419-483b-9357-1f1125b639c3	X	519852	7641450	3703	-0.012
f2437da7-9419-483b-9357-1f1125b639c3	X	7641953	7643017	2	-5.3681
f2437da7-9419-483b-9357-1f1125b639c3	X	7643064	11225730	2581	-0.0021
f2437da7-9419-483b-9357-1f1125b639c3	X	11226663	20668503	5932	-0.0616
f2437da7-9419-483b-9357-1f1125b639c3	X	20669148	29947935	5915	0
f2437da7-9419-483b-9357-1f1125b639c3	X	29952156	30418844	317	0.5028
f2437da7-9419-483b-9357-1f1125b639c3	X	30423434	30462054	42	-0.0694
f2437da7-9419-483b-9357-1f1125b639c3	X	30462608	30485264	25	0.4167
f2437da7-9419-483b-9357-1f1125b639c3	X	30490684	31131058	372	-0.0345
f2437da7-9419-483b-9357-1f1125b639c3	X	31131158	31232467	86	0.5504
f2437da7-9419-483b-9357-1f1125b639c3	X	31236446	38125067	4313	-0.0105
f2437da7-9419-483b-9357-1f1125b639c3	X	38129826	42971881	2790	-0.0944
f2437da7-9419-483b-9357-1f1125b639c3	X	42972397	56806259	6307	-0.0162
f2437da7-9419-483b-9357-1f1125b639c3	X	56806274	68805945	3327	0.0484
f2437da7-9419-483b-9357-1f1125b639c3	X	68809024	72521905	1760	-0.0359
f2437da7-9419-483b-9357-1f1125b639c3	X	72525369	95754778	11422	0.0312
f2437da7-9419-483b-9357-1f1125b639c3	X	95755245	112474685	8837	-0.0115
f2437da7-9419-483b-9357-1f1125b639c3	X	112475224	112499268	13	-1.0566
f2437da7-9419-483b-9357-1f1125b639c3	X	112499549	116796759	2360	-0.0182
f2437da7-9419-483b-9357-1f1125b639c3	X	116805329	116831956	18	0.5999
f2437da7-9419-483b-9357-1f1125b639c3	X	116832125	116837714	4	-0.2887
f2437da7-9419-483b-9357-1f1125b639c3	X	116838347	116913995	48	0.6347
f2437da7-9419-483b-9357-1f1125b639c3	X	116915661	135440751	10398	-0.0139
f2437da7-9419-483b-9357-1f1125b639c3	X	135440971	135441083	2	-2.6427
f2437da7-9419-483b-9357-1f1125b639c3	X	135441410	147455554	7654	0.0019
f2437da7-9419-483b-9357-1f1125b639c3	X	147456177	147456239	4	-2.2542
f2437da7-9419-483b-9357-1f1125b639c3	X	147456701	153229907	3673	-0.0161
f2437da7-9419-483b-9357-1f1125b639c3	X	153294377	153328365	33	0.498
f2437da7-9419-483b-9357-1f1125b639c3	X	153330465	153343700	11	1.2032
f2437da7-9419-483b-9357-1f1125b639c3	X	153347585	153393000	24	1.7987
f2437da7-9419-483b-9357-1f1125b639c3	X	153404835	153828391	190	-0.0655
f2437da7-9419-483b-9357-1f1125b639c3	X	153831995	153974269	62	0.9193
f2437da7-9419-483b-9357-1f1125b639c3	X	153974859	155952689	682	0.4813
f2437da7-9419-483b-9357-1f1125b639c3	Y	2782397	6075631	717	-2.7071
f2437da7-9419-483b-9357-1f1125b639c3	Y	6076562	26077669	5734	-3.0167
f2437da7-9419-483b-9357-1f1125b639c3	Y	26312501	56872112	171	-2.7298
