GDC_Aliquot	Chromosome	Start	End	Num_Probes	Segment_Mean
499cad1d-5d42-4834-8b88-42aec6523e07	1	62920	462894	19	0.3338
499cad1d-5d42-4834-8b88-42aec6523e07	1	599171	3321181	742	-0.1268
499cad1d-5d42-4834-8b88-42aec6523e07	1	3324571	16504325	7825	0.0319
499cad1d-5d42-4834-8b88-42aec6523e07	1	16505368	16959715	121	-0.4155
499cad1d-5d42-4834-8b88-42aec6523e07	1	16959824	72303233	33713	0.0163
499cad1d-5d42-4834-8b88-42aec6523e07	1	72303253	72345450	44	-1.42
499cad1d-5d42-4834-8b88-42aec6523e07	1	72345465	152787202	33072	0.0103
499cad1d-5d42-4834-8b88-42aec6523e07	1	152789447	152796224	37	-1.649
499cad1d-5d42-4834-8b88-42aec6523e07	1	152801429	196772186	29172	0.0407
499cad1d-5d42-4834-8b88-42aec6523e07	1	196772237	196832312	41	0.5587
499cad1d-5d42-4834-8b88-42aec6523e07	1	196832525	209897717	8694	0.0454
499cad1d-5d42-4834-8b88-42aec6523e07	1	209908268	209910639	3	-2.4351
499cad1d-5d42-4834-8b88-42aec6523e07	1	209913207	222193326	8506	0.0423
499cad1d-5d42-4834-8b88-42aec6523e07	1	222201492	222203662	2	-3.0058
499cad1d-5d42-4834-8b88-42aec6523e07	1	222208792	228347149	3607	0.0325
499cad1d-5d42-4834-8b88-42aec6523e07	1	228347663	228356535	4	-1.3094
499cad1d-5d42-4834-8b88-42aec6523e07	1	228356973	229675422	782	0.0357
499cad1d-5d42-4834-8b88-42aec6523e07	1	229681109	229684383	2	-2.7394
499cad1d-5d42-4834-8b88-42aec6523e07	1	229684449	236095888	4719	0.0649
499cad1d-5d42-4834-8b88-42aec6523e07	1	236099667	248574146	8897	-0.4662
499cad1d-5d42-4834-8b88-42aec6523e07	1	248585893	248633912	32	-1.6109
499cad1d-5d42-4834-8b88-42aec6523e07	1	248645563	248930189	140	-0.4577
499cad1d-5d42-4834-8b88-42aec6523e07	2	12784	34295406	23753	0.0153
499cad1d-5d42-4834-8b88-42aec6523e07	2	34298911	34300513	2	-1.9989
499cad1d-5d42-4834-8b88-42aec6523e07	2	34300900	34466002	93	0.0183
499cad1d-5d42-4834-8b88-42aec6523e07	2	34474248	34512096	47	-0.4252
499cad1d-5d42-4834-8b88-42aec6523e07	2	34512489	35742970	855	0.0362
499cad1d-5d42-4834-8b88-42aec6523e07	2	35750907	35762850	7	1.1683
499cad1d-5d42-4834-8b88-42aec6523e07	2	35762881	52527330	11978	0.0122
499cad1d-5d42-4834-8b88-42aec6523e07	2	52527342	52560811	40	0.5991
499cad1d-5d42-4834-8b88-42aec6523e07	2	52563002	79056326	16983	0.0113
499cad1d-5d42-4834-8b88-42aec6523e07	2	79069893	79070348	2	-2.2324
499cad1d-5d42-4834-8b88-42aec6523e07	2	79070528	97359885	6644	0.0042
499cad1d-5d42-4834-8b88-42aec6523e07	2	97524284	97545726	9	-1.3833
499cad1d-5d42-4834-8b88-42aec6523e07	2	97550415	119416560	12993	0.0092
499cad1d-5d42-4834-8b88-42aec6523e07	2	119417480	119422789	4	-1.9584
499cad1d-5d42-4834-8b88-42aec6523e07	2	119422990	146107526	16139	0.008
499cad1d-5d42-4834-8b88-42aec6523e07	2	146107615	146120238	18	0.9268
499cad1d-5d42-4834-8b88-42aec6523e07	2	146120827	179196928	20071	-0.0019
499cad1d-5d42-4834-8b88-42aec6523e07	2	179202465	179214417	3	-2.1893
499cad1d-5d42-4834-8b88-42aec6523e07	2	179218864	242147305	38407	0.007
499cad1d-5d42-4834-8b88-42aec6523e07	3	20930	37935926	27313	0.0153
499cad1d-5d42-4834-8b88-42aec6523e07	3	37940617	37945392	17	-4.5342
499cad1d-5d42-4834-8b88-42aec6523e07	3	37945437	46750055	5476	0.0108
499cad1d-5d42-4834-8b88-42aec6523e07	3	46751887	46808099	41	-0.8064
499cad1d-5d42-4834-8b88-42aec6523e07	3	46817989	125950205	46416	0.0108
499cad1d-5d42-4834-8b88-42aec6523e07	3	125954540	125957120	3	-1.8183
499cad1d-5d42-4834-8b88-42aec6523e07	3	125961657	130035506	2354	0.0052
499cad1d-5d42-4834-8b88-42aec6523e07	3	130035762	130137637	63	0.325
499cad1d-5d42-4834-8b88-42aec6523e07	3	130137903	136300257	3961	0.0165
499cad1d-5d42-4834-8b88-42aec6523e07	3	136304109	136306584	2	-2.1401
499cad1d-5d42-4834-8b88-42aec6523e07	3	136319699	193160113	35140	0.0164
499cad1d-5d42-4834-8b88-42aec6523e07	3	193160173	193165114	19	-1.1274
499cad1d-5d42-4834-8b88-42aec6523e07	3	193168646	198169247	2673	0.0238
499cad1d-5d42-4834-8b88-42aec6523e07	4	68929	6399133	3452	0.0759
499cad1d-5d42-4834-8b88-42aec6523e07	4	6399471	6399824	2	-2.5758
499cad1d-5d42-4834-8b88-42aec6523e07	4	6401005	10208766	2190	0.0776
499cad1d-5d42-4834-8b88-42aec6523e07	4	10221792	10234518	36	1.2206
499cad1d-5d42-4834-8b88-42aec6523e07	4	10236812	10270469	40	0.015
499cad1d-5d42-4834-8b88-42aec6523e07	4	10271164	10272578	8	-0.9469
499cad1d-5d42-4834-8b88-42aec6523e07	4	10273002	10389091	119	0.0423
499cad1d-5d42-4834-8b88-42aec6523e07	4	10390730	10397651	9	-1.0694
499cad1d-5d42-4834-8b88-42aec6523e07	4	10397663	34777418	16634	0.0505
499cad1d-5d42-4834-8b88-42aec6523e07	4	34777432	34822561	38	1.106
499cad1d-5d42-4834-8b88-42aec6523e07	4	34823103	63828222	16398	0.0405
499cad1d-5d42-4834-8b88-42aec6523e07	4	63831751	63841863	20	-1.0095
499cad1d-5d42-4834-8b88-42aec6523e07	4	63841887	63842540	7	-2.958
499cad1d-5d42-4834-8b88-42aec6523e07	4	63850713	114252544	30326	0.016
499cad1d-5d42-4834-8b88-42aec6523e07	4	114254167	114261019	23	0.8678
499cad1d-5d42-4834-8b88-42aec6523e07	4	114263073	120348710	3625	0.0068
499cad1d-5d42-4834-8b88-42aec6523e07	4	120349784	120379729	34	-0.6318
499cad1d-5d42-4834-8b88-42aec6523e07	4	120380665	121360818	628	-0.0039
499cad1d-5d42-4834-8b88-42aec6523e07	4	121361313	121363980	28	-1.0945
499cad1d-5d42-4834-8b88-42aec6523e07	4	121369976	137170949	8773	0.0099
499cad1d-5d42-4834-8b88-42aec6523e07	4	137171041	137172260	15	-0.8501
499cad1d-5d42-4834-8b88-42aec6523e07	4	137173804	155935493	11400	0.0204
499cad1d-5d42-4834-8b88-42aec6523e07	4	155939239	155939953	3	-1.9292
499cad1d-5d42-4834-8b88-42aec6523e07	4	155941209	172066777	10185	0.0211
499cad1d-5d42-4834-8b88-42aec6523e07	4	172067997	172068354	10	-1.6157
499cad1d-5d42-4834-8b88-42aec6523e07	4	172068368	190106768	11943	0.0324
499cad1d-5d42-4834-8b88-42aec6523e07	5	15532	698357	306	-0.0092
499cad1d-5d42-4834-8b88-42aec6523e07	5	698390	852451	46	0.4921
499cad1d-5d42-4834-8b88-42aec6523e07	5	863682	5397664	3753	0.0296
499cad1d-5d42-4834-8b88-42aec6523e07	5	5398113	5511877	84	-0.6071
499cad1d-5d42-4834-8b88-42aec6523e07	5	5513512	5829718	335	0.0282
499cad1d-5d42-4834-8b88-42aec6523e07	5	5830456	5966212	113	-0.5461
499cad1d-5d42-4834-8b88-42aec6523e07	5	5966617	6048880	90	-0.0088
499cad1d-5d42-4834-8b88-42aec6523e07	5	6052420	6174623	97	-0.5561
499cad1d-5d42-4834-8b88-42aec6523e07	5	6177456	7933418	1408	0.0267
499cad1d-5d42-4834-8b88-42aec6523e07	5	7933858	8340197	347	-0.5629
499cad1d-5d42-4834-8b88-42aec6523e07	5	8346971	8396696	23	-0.0178
499cad1d-5d42-4834-8b88-42aec6523e07	5	8396772	8439243	31	-0.6533
499cad1d-5d42-4834-8b88-42aec6523e07	5	8439747	8643178	182	0.0407
499cad1d-5d42-4834-8b88-42aec6523e07	5	8645161	9096329	388	-0.5074
499cad1d-5d42-4834-8b88-42aec6523e07	5	9099551	9746187	591	0.0166
499cad1d-5d42-4834-8b88-42aec6523e07	5	9747311	9883040	121	-0.5435
499cad1d-5d42-4834-8b88-42aec6523e07	5	9883489	11648152	1498	0.039
499cad1d-5d42-4834-8b88-42aec6523e07	5	11650898	11855080	145	-0.585
499cad1d-5d42-4834-8b88-42aec6523e07	5	11857205	11883020	32	0.0954
499cad1d-5d42-4834-8b88-42aec6523e07	5	11891615	12050798	87	-0.5692
499cad1d-5d42-4834-8b88-42aec6523e07	5	12053579	12589832	290	0.029
499cad1d-5d42-4834-8b88-42aec6523e07	5	12592699	12624741	20	-0.5548
499cad1d-5d42-4834-8b88-42aec6523e07	5	12629839	17287669	3108	0.032
499cad1d-5d42-4834-8b88-42aec6523e07	5	17290650	17427728	83	-0.454
499cad1d-5d42-4834-8b88-42aec6523e07	5	17432602	18121494	369	0.0582
499cad1d-5d42-4834-8b88-42aec6523e07	5	18125209	18258594	101	-0.5177
499cad1d-5d42-4834-8b88-42aec6523e07	5	18259583	19486044	780	0.0325
499cad1d-5d42-4834-8b88-42aec6523e07	5	19486137	19527962	34	1.478
499cad1d-5d42-4834-8b88-42aec6523e07	5	19530899	19789730	130	-0.0263
499cad1d-5d42-4834-8b88-42aec6523e07	5	19790114	19878222	55	-0.5489
499cad1d-5d42-4834-8b88-42aec6523e07	5	19880078	21376735	846	0.0465
499cad1d-5d42-4834-8b88-42aec6523e07	5	21377730	21377744	2	2.456
499cad1d-5d42-4834-8b88-42aec6523e07	5	21385957	21449167	43	0.0154
499cad1d-5d42-4834-8b88-42aec6523e07	5	21451091	21452329	5	1.2155
499cad1d-5d42-4834-8b88-42aec6523e07	5	21452387	23922754	1369	0.0213
499cad1d-5d42-4834-8b88-42aec6523e07	5	23923518	24048364	53	-0.6278
499cad1d-5d42-4834-8b88-42aec6523e07	5	24058001	29020469	2918	0.0389
499cad1d-5d42-4834-8b88-42aec6523e07	5	29020510	29023197	2	-2.3416
499cad1d-5d42-4834-8b88-42aec6523e07	5	29023356	45478209	10214	0.0305
499cad1d-5d42-4834-8b88-42aec6523e07	5	45482545	45529749	21	-0.557
499cad1d-5d42-4834-8b88-42aec6523e07	5	45537382	45857435	142	0.0522
499cad1d-5d42-4834-8b88-42aec6523e07	5	45859920	45880280	12	-0.9821
499cad1d-5d42-4834-8b88-42aec6523e07	5	45888402	159399349	67032	0.0226
499cad1d-5d42-4834-8b88-42aec6523e07	5	159399485	159402519	2	-3.3865
499cad1d-5d42-4834-8b88-42aec6523e07	5	159403466	168114143	5788	0.0227
499cad1d-5d42-4834-8b88-42aec6523e07	5	168114145	168115583	2	-2.2877
499cad1d-5d42-4834-8b88-42aec6523e07	5	168115651	170296301	1803	0.0359
499cad1d-5d42-4834-8b88-42aec6523e07	5	170296735	170306944	17	-0.5614
499cad1d-5d42-4834-8b88-42aec6523e07	5	170307066	177771448	4777	0.0394
499cad1d-5d42-4834-8b88-42aec6523e07	5	177800550	177801578	2	2.5492
499cad1d-5d42-4834-8b88-42aec6523e07	5	177805604	178680689	445	0.0563
499cad1d-5d42-4834-8b88-42aec6523e07	5	178680821	178686162	4	-1.316
499cad1d-5d42-4834-8b88-42aec6523e07	5	178691854	180951888	1338	0.0346
499cad1d-5d42-4834-8b88-42aec6523e07	5	180953203	180987465	12	0.7311
499cad1d-5d42-4834-8b88-42aec6523e07	5	180990207	181363319	173	-0.0817
499cad1d-5d42-4834-8b88-42aec6523e07	6	149661	29913481	21358	-0.5718
499cad1d-5d42-4834-8b88-42aec6523e07	6	29913570	29931120	4	-6.9048
499cad1d-5d42-4834-8b88-42aec6523e07	6	29931900	40638777	6285	-0.5811
499cad1d-5d42-4834-8b88-42aec6523e07	6	40639469	40641321	3	-0.0586
499cad1d-5d42-4834-8b88-42aec6523e07	6	40642962	41033780	301	1.087
499cad1d-5d42-4834-8b88-42aec6523e07	6	41034456	41082156	35	0.3427
499cad1d-5d42-4834-8b88-42aec6523e07	6	41085953	41093854	6	1.1575
499cad1d-5d42-4834-8b88-42aec6523e07	6	41095101	41216121	59	0.4463
499cad1d-5d42-4834-8b88-42aec6523e07	6	41216773	43070353	1063	1.0692
499cad1d-5d42-4834-8b88-42aec6523e07	6	43070365	43071350	8	0.2943
499cad1d-5d42-4834-8b88-42aec6523e07	6	43071679	43188916	49	1.0682
499cad1d-5d42-4834-8b88-42aec6523e07	6	43190151	44667851	874	0.4618
499cad1d-5d42-4834-8b88-42aec6523e07	6	44669077	44729376	45	1.0221
499cad1d-5d42-4834-8b88-42aec6523e07	6	44730528	44763231	18	0.5686
499cad1d-5d42-4834-8b88-42aec6523e07	6	44768798	46046277	825	1.0599
499cad1d-5d42-4834-8b88-42aec6523e07	6	46048717	46063424	11	0.1717
499cad1d-5d42-4834-8b88-42aec6523e07	6	46063604	46089737	23	1.0979
499cad1d-5d42-4834-8b88-42aec6523e07	6	46090715	46958100	576	0.4375
499cad1d-5d42-4834-8b88-42aec6523e07	6	46960032	46960083	2	2.0214
499cad1d-5d42-4834-8b88-42aec6523e07	6	46963821	47341375	304	0.4681
499cad1d-5d42-4834-8b88-42aec6523e07	6	47346708	47596323	136	1.0613
499cad1d-5d42-4834-8b88-42aec6523e07	6	47596568	47597753	2	-0.8015
499cad1d-5d42-4834-8b88-42aec6523e07	6	47601821	48111282	350	1.0398
499cad1d-5d42-4834-8b88-42aec6523e07	6	48115272	50237502	1185	0.4372
499cad1d-5d42-4834-8b88-42aec6523e07	6	50241170	50391548	89	1.0905
499cad1d-5d42-4834-8b88-42aec6523e07	6	50397004	50483299	46	0.4871
499cad1d-5d42-4834-8b88-42aec6523e07	6	50483802	50524232	16	1.0529
499cad1d-5d42-4834-8b88-42aec6523e07	6	50524292	54060406	2421	0.436
499cad1d-5d42-4834-8b88-42aec6523e07	6	54066269	54067057	9	-0.9019
499cad1d-5d42-4834-8b88-42aec6523e07	6	54070550	58432750	2203	0.4354
499cad1d-5d42-4834-8b88-42aec6523e07	6	60351931	73882142	8087	0.0118
499cad1d-5d42-4834-8b88-42aec6523e07	6	73882509	73891694	10	1.1507
499cad1d-5d42-4834-8b88-42aec6523e07	6	73893839	78259348	2746	-0.0008
499cad1d-5d42-4834-8b88-42aec6523e07	6	78259388	78325468	109	0.5786
499cad1d-5d42-4834-8b88-42aec6523e07	6	78329517	170741917	59065	0.0027
499cad1d-5d42-4834-8b88-42aec6523e07	7	43355	3367660	1431	0.0042
499cad1d-5d42-4834-8b88-42aec6523e07	7	3367718	3393400	32	-0.8585
499cad1d-5d42-4834-8b88-42aec6523e07	7	3394866	6416236	1780	0.028
499cad1d-5d42-4834-8b88-42aec6523e07	7	6422572	6423015	3	-2.3272
499cad1d-5d42-4834-8b88-42aec6523e07	7	6423420	54318812	34876	0.0175
499cad1d-5d42-4834-8b88-42aec6523e07	7	54318816	54318824	5	-2.4926
499cad1d-5d42-4834-8b88-42aec6523e07	7	54325795	88035924	15422	0.0169
499cad1d-5d42-4834-8b88-42aec6523e07	7	88041426	88043077	16	-0.9092
499cad1d-5d42-4834-8b88-42aec6523e07	7	88043631	88455825	234	-0.0175
499cad1d-5d42-4834-8b88-42aec6523e07	7	88456052	90354338	1249	0.0889
499cad1d-5d42-4834-8b88-42aec6523e07	7	90356461	104599753	7890	-0.0043
499cad1d-5d42-4834-8b88-42aec6523e07	7	104599870	104601490	2	-2.0941
499cad1d-5d42-4834-8b88-42aec6523e07	7	104601966	109793720	3349	0.0126
499cad1d-5d42-4834-8b88-42aec6523e07	7	109793728	109818839	44	0.3711
499cad1d-5d42-4834-8b88-42aec6523e07	7	109818881	126405428	9936	-0.006
499cad1d-5d42-4834-8b88-42aec6523e07	7	126405502	126406561	11	-1.1453
499cad1d-5d42-4834-8b88-42aec6523e07	7	126406822	134100424	4656	0.0054
499cad1d-5d42-4834-8b88-42aec6523e07	7	134100442	134105690	24	0.8135
499cad1d-5d42-4834-8b88-42aec6523e07	7	134110881	135811922	1201	0.0102
499cad1d-5d42-4834-8b88-42aec6523e07	7	135812476	135812579	2	-2.0194
499cad1d-5d42-4834-8b88-42aec6523e07	7	135812653	142063324	3943	0.0142
499cad1d-5d42-4834-8b88-42aec6523e07	7	142069843	142090177	29	-0.559
499cad1d-5d42-4834-8b88-42aec6523e07	7	142090279	159334314	10772	0.0173
499cad1d-5d42-4834-8b88-42aec6523e07	8	81254	5335408	5366	-0.5877
499cad1d-5d42-4834-8b88-42aec6523e07	8	5335985	5336475	2	-6.6511
499cad1d-5d42-4834-8b88-42aec6523e07	8	5336676	12323772	5468	-0.5953
499cad1d-5d42-4834-8b88-42aec6523e07	8	12358500	12383996	15	-1.9263
499cad1d-5d42-4834-8b88-42aec6523e07	8	12385006	12385031	6	-0.3461
499cad1d-5d42-4834-8b88-42aec6523e07	8	12387683	12389977	7	-2.5088
499cad1d-5d42-4834-8b88-42aec6523e07	8	12418301	16078315	3209	-0.549
499cad1d-5d42-4834-8b88-42aec6523e07	8	16078419	22413139	5293	0.026
499cad1d-5d42-4834-8b88-42aec6523e07	8	22414482	22414654	2	-2.4059
499cad1d-5d42-4834-8b88-42aec6523e07	8	22426574	39373140	10728	0.0222
499cad1d-5d42-4834-8b88-42aec6523e07	8	39378084	39529446	59	-1.8271
499cad1d-5d42-4834-8b88-42aec6523e07	8	39530780	111282065	41588	0.0059
499cad1d-5d42-4834-8b88-42aec6523e07	8	111282237	111283016	7	1.3088
499cad1d-5d42-4834-8b88-42aec6523e07	8	111283031	140997627	20924	0.0085
499cad1d-5d42-4834-8b88-42aec6523e07	8	140999428	142467482	843	-0.1365
499cad1d-5d42-4834-8b88-42aec6523e07	8	142468457	145072769	921	-0.0067
499cad1d-5d42-4834-8b88-42aec6523e07	9	46587	602903	502	-0.0375
499cad1d-5d42-4834-8b88-42aec6523e07	9	606699	606961	4	-1.8971
499cad1d-5d42-4834-8b88-42aec6523e07	9	607307	33689730	27121	-0.0199
499cad1d-5d42-4834-8b88-42aec6523e07	9	33693890	42546668	3294	0.0136
499cad1d-5d42-4834-8b88-42aec6523e07	9	42566207	61581625	79	-0.1922
499cad1d-5d42-4834-8b88-42aec6523e07	9	61598577	61629689	6	0.7888
499cad1d-5d42-4834-8b88-42aec6523e07	9	61633080	66007200	133	-0.1945
499cad1d-5d42-4834-8b88-42aec6523e07	9	66015498	73398521	3696	0.0076
499cad1d-5d42-4834-8b88-42aec6523e07	9	73405942	73411750	4	-1.339
499cad1d-5d42-4834-8b88-42aec6523e07	9	73413807	82749856	6601	0.0009
499cad1d-5d42-4834-8b88-42aec6523e07	9	82761361	82769329	10	-1.1942
499cad1d-5d42-4834-8b88-42aec6523e07	9	82776771	87907679	3804	0.0171
499cad1d-5d42-4834-8b88-42aec6523e07	9	87939236	87939304	2	-2.3469
499cad1d-5d42-4834-8b88-42aec6523e07	9	87943042	104868614	11356	0.0142
499cad1d-5d42-4834-8b88-42aec6523e07	9	104868630	104899280	58	0.5586
499cad1d-5d42-4834-8b88-42aec6523e07	9	104899837	112962191	6066	0.0139
499cad1d-5d42-4834-8b88-42aec6523e07	9	112962210	112962269	2	-2.2237
499cad1d-5d42-4834-8b88-42aec6523e07	9	112966137	138037308	15751	0.0216
499cad1d-5d42-4834-8b88-42aec6523e07	9	138037754	138200944	124	-0.1066
499cad1d-5d42-4834-8b88-42aec6523e07	10	45792	24086334	18959	-0.0778
499cad1d-5d42-4834-8b88-42aec6523e07	10	24088745	24088753	7	-2.1112
499cad1d-5d42-4834-8b88-42aec6523e07	10	24088989	26398822	1613	-0.0763
499cad1d-5d42-4834-8b88-42aec6523e07	10	26398860	26400075	2	-1.8108
499cad1d-5d42-4834-8b88-42aec6523e07	10	26400319	29177447	1924	-0.0796
499cad1d-5d42-4834-8b88-42aec6523e07	10	29179279	29179300	2	-2.1182
499cad1d-5d42-4834-8b88-42aec6523e07	10	29179450	37380855	5610	-0.0469
499cad1d-5d42-4834-8b88-42aec6523e07	10	37381441	47379174	3525	-0.0066
499cad1d-5d42-4834-8b88-42aec6523e07	10	47379371	47418960	15	-0.7477
499cad1d-5d42-4834-8b88-42aec6523e07	10	47420743	65548193	12275	0.0044
499cad1d-5d42-4834-8b88-42aec6523e07	10	65548259	65565695	28	0.6634
499cad1d-5d42-4834-8b88-42aec6523e07	10	65566308	66448268	682	0.0099
499cad1d-5d42-4834-8b88-42aec6523e07	10	66449739	66636905	142	-0.9117
499cad1d-5d42-4834-8b88-42aec6523e07	10	66640406	130399271	42907	0.011
499cad1d-5d42-4834-8b88-42aec6523e07	10	130400999	133654968	2033	-0.0554
499cad1d-5d42-4834-8b88-42aec6523e07	11	198510	4234899	1717	-0.0025
499cad1d-5d42-4834-8b88-42aec6523e07	11	4235070	4314837	24	-0.7858
499cad1d-5d42-4834-8b88-42aec6523e07	11	4325579	4945831	646	0.0182
499cad1d-5d42-4834-8b88-42aec6523e07	11	4946000	4969872	40	0.6645
499cad1d-5d42-4834-8b88-42aec6523e07	11	4971052	5762693	763	0.0455
499cad1d-5d42-4834-8b88-42aec6523e07	11	5766175	5788231	35	-0.4647
499cad1d-5d42-4834-8b88-42aec6523e07	11	5791130	11282463	3888	0.0202
499cad1d-5d42-4834-8b88-42aec6523e07	11	11282704	11283235	3	-2.5153
499cad1d-5d42-4834-8b88-42aec6523e07	11	11283423	16545158	3848	0.0167
499cad1d-5d42-4834-8b88-42aec6523e07	11	16545376	16546870	3	-1.517
499cad1d-5d42-4834-8b88-42aec6523e07	11	16547484	18919323	1551	0.0171
499cad1d-5d42-4834-8b88-42aec6523e07	11	18927525	18940191	42	0.4733
499cad1d-5d42-4834-8b88-42aec6523e07	11	18940271	55608804	21551	0.013
499cad1d-5d42-4834-8b88-42aec6523e07	11	55609022	55674842	40	0.5624
499cad1d-5d42-4834-8b88-42aec6523e07	11	55676735	92090484	21081	0.0022
499cad1d-5d42-4834-8b88-42aec6523e07	11	92090485	92090831	6	-1.4906
499cad1d-5d42-4834-8b88-42aec6523e07	11	92090920	133838013	29778	-0.0051
499cad1d-5d42-4834-8b88-42aec6523e07	11	133838041	135074876	897	-0.1048
499cad1d-5d42-4834-8b88-42aec6523e07	12	51460	760112	416	-0.0234
499cad1d-5d42-4834-8b88-42aec6523e07	12	760150	766188	14	-1.0418
499cad1d-5d42-4834-8b88-42aec6523e07	12	767080	9046429	5478	0.018
499cad1d-5d42-4834-8b88-42aec6523e07	12	9052434	9282918	130	-0.5385
499cad1d-5d42-4834-8b88-42aec6523e07	12	9282978	11351157	1271	0.0161
499cad1d-5d42-4834-8b88-42aec6523e07	12	11358643	11399668	33	-0.7723
499cad1d-5d42-4834-8b88-42aec6523e07	12	11399818	30086381	12962	0.0002
499cad1d-5d42-4834-8b88-42aec6523e07	12	30086486	30091000	24	-0.8066
499cad1d-5d42-4834-8b88-42aec6523e07	12	30091017	34286943	2923	0.0195
499cad1d-5d42-4834-8b88-42aec6523e07	12	34291867	42948768	3362	-0.2429
499cad1d-5d42-4834-8b88-42aec6523e07	12	42949084	43055248	67	0.0424
499cad1d-5d42-4834-8b88-42aec6523e07	12	43056569	43153040	56	1.2018
499cad1d-5d42-4834-8b88-42aec6523e07	12	43163599	43494169	202	-0.2068
499cad1d-5d42-4834-8b88-42aec6523e07	12	43499197	43984978	297	1.1403
499cad1d-5d42-4834-8b88-42aec6523e07	12	43987486	44041395	34	-0.1755
499cad1d-5d42-4834-8b88-42aec6523e07	12	44045970	44051743	5	1.1903
499cad1d-5d42-4834-8b88-42aec6523e07	12	44054046	44078648	17	0.0825
499cad1d-5d42-4834-8b88-42aec6523e07	12	44082214	44094953	10	1.0927
499cad1d-5d42-4834-8b88-42aec6523e07	12	44095149	45179837	619	-0.2324
499cad1d-5d42-4834-8b88-42aec6523e07	12	45181461	45201205	11	1.1318
499cad1d-5d42-4834-8b88-42aec6523e07	12	45202527	45302730	56	0.5837
499cad1d-5d42-4834-8b88-42aec6523e07	12	45304792	45311350	7	0.9162
499cad1d-5d42-4834-8b88-42aec6523e07	12	45315836	46096305	441	-0.2618
499cad1d-5d42-4834-8b88-42aec6523e07	12	46101811	46655248	316	-0.0017
499cad1d-5d42-4834-8b88-42aec6523e07	12	46655379	46794256	92	-0.2295
499cad1d-5d42-4834-8b88-42aec6523e07	12	46795549	47096048	177	1.3212
499cad1d-5d42-4834-8b88-42aec6523e07	12	47098289	47131644	29	0.3454
499cad1d-5d42-4834-8b88-42aec6523e07	12	47132035	47135062	8	0.0227
499cad1d-5d42-4834-8b88-42aec6523e07	12	47138143	49517062	1295	1.112
499cad1d-5d42-4834-8b88-42aec6523e07	12	49518494	49794785	112	0.2727
499cad1d-5d42-4834-8b88-42aec6523e07	12	49804138	50314467	263	1.1366
499cad1d-5d42-4834-8b88-42aec6523e07	12	50325655	50431291	54	1.9841
499cad1d-5d42-4834-8b88-42aec6523e07	12	50442644	50541526	39	1.0324
499cad1d-5d42-4834-8b88-42aec6523e07	12	50546024	50556446	9	0.4824
499cad1d-5d42-4834-8b88-42aec6523e07	12	50560824	51284136	370	1.1662
499cad1d-5d42-4834-8b88-42aec6523e07	12	51284550	52246493	575	1.3271
499cad1d-5d42-4834-8b88-42aec6523e07	12	52250959	52508356	248	1.0846
499cad1d-5d42-4834-8b88-42aec6523e07	12	52508555	52886138	360	1.9732
499cad1d-5d42-4834-8b88-42aec6523e07	12	52886889	54147521	656	1.0905
499cad1d-5d42-4834-8b88-42aec6523e07	12	54157103	54249018	45	2.3811
499cad1d-5d42-4834-8b88-42aec6523e07	12	54249698	54475365	58	1.1907
499cad1d-5d42-4834-8b88-42aec6523e07	12	54479154	54874316	259	2.2184
499cad1d-5d42-4834-8b88-42aec6523e07	12	54878878	54981784	71	1.7837
499cad1d-5d42-4834-8b88-42aec6523e07	12	54982952	55237031	166	1.1528
499cad1d-5d42-4834-8b88-42aec6523e07	12	55238507	55323368	74	-0.5858
499cad1d-5d42-4834-8b88-42aec6523e07	12	55323579	55326765	8	0.9347
499cad1d-5d42-4834-8b88-42aec6523e07	12	55326837	55420658	67	1.652
499cad1d-5d42-4834-8b88-42aec6523e07	12	55421258	55763272	213	2.3569
499cad1d-5d42-4834-8b88-42aec6523e07	12	55764284	55794480	11	1.2205
499cad1d-5d42-4834-8b88-42aec6523e07	12	55798869	55901350	28	-0.5765
499cad1d-5d42-4834-8b88-42aec6523e07	12	55903841	55960356	21	1.5202
499cad1d-5d42-4834-8b88-42aec6523e07	12	55967587	56264010	172	-0.5134
499cad1d-5d42-4834-8b88-42aec6523e07	12	56268256	56686565	184	1.1303
499cad1d-5d42-4834-8b88-42aec6523e07	12	56706269	57392179	326	-0.5468
499cad1d-5d42-4834-8b88-42aec6523e07	12	57396073	57422139	15	1.7865
499cad1d-5d42-4834-8b88-42aec6523e07	12	57424202	57428693	3	0.4139
499cad1d-5d42-4834-8b88-42aec6523e07	12	57429409	57511904	37	1.645
499cad1d-5d42-4834-8b88-42aec6523e07	12	57514929	57689156	82	-0.6371
499cad1d-5d42-4834-8b88-42aec6523e07	12	57689893	58085808	236	1.0979
499cad1d-5d42-4834-8b88-42aec6523e07	12	58086899	58787286	549	-0.584
499cad1d-5d42-4834-8b88-42aec6523e07	12	58793061	58828192	20	0.979
499cad1d-5d42-4834-8b88-42aec6523e07	12	58828198	58828938	13	0.3467
499cad1d-5d42-4834-8b88-42aec6523e07	12	58828985	58971029	111	1.1198
499cad1d-5d42-4834-8b88-42aec6523e07	12	58971557	59114237	112	1.7032
499cad1d-5d42-4834-8b88-42aec6523e07	12	59117153	59143558	27	0.9081
499cad1d-5d42-4834-8b88-42aec6523e07	12	59143667	59476713	185	1.7749
499cad1d-5d42-4834-8b88-42aec6523e07	12	59479433	59624808	82	1.2109
499cad1d-5d42-4834-8b88-42aec6523e07	12	59624976	59632007	4	2.0635
499cad1d-5d42-4834-8b88-42aec6523e07	12	59635053	59644211	8	1.1114
499cad1d-5d42-4834-8b88-42aec6523e07	12	59645362	59774103	100	-0.5759
499cad1d-5d42-4834-8b88-42aec6523e07	12	59776118	60701485	526	1.6692
499cad1d-5d42-4834-8b88-42aec6523e07	12	60709781	61126396	214	-0.0116
499cad1d-5d42-4834-8b88-42aec6523e07	12	61131186	62172459	690	1.3335
499cad1d-5d42-4834-8b88-42aec6523e07	12	62173714	63025593	570	1.0999
499cad1d-5d42-4834-8b88-42aec6523e07	12	63027307	63412185	279	-0.5744
499cad1d-5d42-4834-8b88-42aec6523e07	12	63421854	63465101	26	1.1978
499cad1d-5d42-4834-8b88-42aec6523e07	12	63468268	65180248	895	-0.5607
499cad1d-5d42-4834-8b88-42aec6523e07	12	65182536	65942224	415	1.6998
499cad1d-5d42-4834-8b88-42aec6523e07	12	65947079	66115827	107	-0.5661
499cad1d-5d42-4834-8b88-42aec6523e07	12	66116539	66116869	2	2.1126
499cad1d-5d42-4834-8b88-42aec6523e07	12	66119331	66333846	150	-0.5818
499cad1d-5d42-4834-8b88-42aec6523e07	12	66338732	67007884	526	1.7188
499cad1d-5d42-4834-8b88-42aec6523e07	12	67008241	67065951	45	2.4529
499cad1d-5d42-4834-8b88-42aec6523e07	12	67073155	68489205	1102	1.8844
499cad1d-5d42-4834-8b88-42aec6523e07	12	68491938	69104680	377	2.2718
499cad1d-5d42-4834-8b88-42aec6523e07	12	69105080	69147489	38	1.7265
499cad1d-5d42-4834-8b88-42aec6523e07	12	69148512	69630400	310	2.2438
499cad1d-5d42-4834-8b88-42aec6523e07	12	69630474	71073616	1024	2.032
499cad1d-5d42-4834-8b88-42aec6523e07	12	71077190	71128239	27	2.2931
499cad1d-5d42-4834-8b88-42aec6523e07	12	71128555	72673792	927	1.7116
499cad1d-5d42-4834-8b88-42aec6523e07	12	72675783	72851625	94	-0.5611
499cad1d-5d42-4834-8b88-42aec6523e07	12	72859412	73167852	224	1.3585
499cad1d-5d42-4834-8b88-42aec6523e07	12	73169308	73533523	180	1.1367
499cad1d-5d42-4834-8b88-42aec6523e07	12	73534229	73604806	43	-0.5989
499cad1d-5d42-4834-8b88-42aec6523e07	12	73605005	74099313	243	0.0632
499cad1d-5d42-4834-8b88-42aec6523e07	12	74105392	74356868	122	-0.6082
499cad1d-5d42-4834-8b88-42aec6523e07	12	74357942	74399889	33	-0.0034
499cad1d-5d42-4834-8b88-42aec6523e07	12	74400564	74439342	40	-0.4862
499cad1d-5d42-4834-8b88-42aec6523e07	12	74441327	76406971	1293	0.0043
499cad1d-5d42-4834-8b88-42aec6523e07	12	76411123	76650222	99	1.0688
499cad1d-5d42-4834-8b88-42aec6523e07	12	76650433	82311150	3677	-0.0007
499cad1d-5d42-4834-8b88-42aec6523e07	12	82319298	82604974	144	1.0108
499cad1d-5d42-4834-8b88-42aec6523e07	12	82605072	84271283	1057	1.2179
499cad1d-5d42-4834-8b88-42aec6523e07	12	84273051	84308303	23	-0.4288
499cad1d-5d42-4834-8b88-42aec6523e07	12	84311824	84511519	130	1.1739
499cad1d-5d42-4834-8b88-42aec6523e07	12	84515973	84532679	11	-0.6142
499cad1d-5d42-4834-8b88-42aec6523e07	12	84545767	84598066	48	1.1591
499cad1d-5d42-4834-8b88-42aec6523e07	12	84598097	129635677	29735	-0.2342
499cad1d-5d42-4834-8b88-42aec6523e07	12	129635809	130680113	880	-0.3471
499cad1d-5d42-4834-8b88-42aec6523e07	12	130680352	131636170	740	-0.2216
499cad1d-5d42-4834-8b88-42aec6523e07	12	131648039	131648790	13	-2.1281
499cad1d-5d42-4834-8b88-42aec6523e07	12	131657925	133201603	552	-0.2461
499cad1d-5d42-4834-8b88-42aec6523e07	13	18452809	37495907	13311	0.0001
499cad1d-5d42-4834-8b88-42aec6523e07	13	37496233	37510620	18	0.6273
499cad1d-5d42-4834-8b88-42aec6523e07	13	37514193	57184136	12380	0.0008
499cad1d-5d42-4834-8b88-42aec6523e07	13	57184155	57215580	34	-0.6821
499cad1d-5d42-4834-8b88-42aec6523e07	13	57215875	114342922	37650	-0.0029
499cad1d-5d42-4834-8b88-42aec6523e07	14	18239283	21862882	1422	0.0301
499cad1d-5d42-4834-8b88-42aec6523e07	14	21862976	22484618	533	0.2068
499cad1d-5d42-4834-8b88-42aec6523e07	14	22490304	106877229	52850	0.016
499cad1d-5d42-4834-8b88-42aec6523e07	15	19811075	22590285	215	-0.3638
499cad1d-5d42-4834-8b88-42aec6523e07	15	22595648	43355774	12720	-0.01
499cad1d-5d42-4834-8b88-42aec6523e07	15	43356939	43604064	103	-0.1103
499cad1d-5d42-4834-8b88-42aec6523e07	15	43637153	43703690	17	-0.8946
499cad1d-5d42-4834-8b88-42aec6523e07	15	43721953	76586021	20495	-0.1025
499cad1d-5d42-4834-8b88-42aec6523e07	15	76598900	76603434	22	0.6571
499cad1d-5d42-4834-8b88-42aec6523e07	15	76609838	101928837	17402	-0.1245
499cad1d-5d42-4834-8b88-42aec6523e07	16	10777	15716252	11254	0.0175
499cad1d-5d42-4834-8b88-42aec6523e07	16	15716363	15717205	3	-2.3187
499cad1d-5d42-4834-8b88-42aec6523e07	16	15717805	19933041	2059	0.0012
499cad1d-5d42-4834-8b88-42aec6523e07	16	19934328	19956040	29	-0.7642
499cad1d-5d42-4834-8b88-42aec6523e07	16	19958932	23947650	2147	0.0157
499cad1d-5d42-4834-8b88-42aec6523e07	16	23948099	23952683	2	-2.2574
499cad1d-5d42-4834-8b88-42aec6523e07	16	23952771	29268429	3365	0.0227
499cad1d-5d42-4834-8b88-42aec6523e07	16	29269203	29269734	3	-2.1621
499cad1d-5d42-4834-8b88-42aec6523e07	16	29270444	35209952	1097	-0.0373
499cad1d-5d42-4834-8b88-42aec6523e07	16	35210009	35505200	174	0.4496
499cad1d-5d42-4834-8b88-42aec6523e07	16	35505641	55761136	6546	0.0154
499cad1d-5d42-4834-8b88-42aec6523e07	16	55762477	55788532	22	-1.0057
499cad1d-5d42-4834-8b88-42aec6523e07	16	55808442	70105639	8670	0.0195
499cad1d-5d42-4834-8b88-42aec6523e07	16	70117657	70179141	17	-0.9447
499cad1d-5d42-4834-8b88-42aec6523e07	16	70200633	84092024	11813	0.0247
499cad1d-5d42-4834-8b88-42aec6523e07	16	84092530	84869111	700	-0.0998
499cad1d-5d42-4834-8b88-42aec6523e07	16	84869400	88541978	2788	0.0382
499cad1d-5d42-4834-8b88-42aec6523e07	16	88542082	90096867	667	-0.1276
499cad1d-5d42-4834-8b88-42aec6523e07	17	150733	9767402	5393	-0.5712
499cad1d-5d42-4834-8b88-42aec6523e07	17	9767503	18414080	5840	0.0137
499cad1d-5d42-4834-8b88-42aec6523e07	17	18452078	18550123	25	-1.5985
499cad1d-5d42-4834-8b88-42aec6523e07	17	18561272	20079160	650	0.0015
499cad1d-5d42-4834-8b88-42aec6523e07	17	20079592	20091360	9	-1.3549
499cad1d-5d42-4834-8b88-42aec6523e07	17	20092827	21605628	580	0.0219
499cad1d-5d42-4834-8b88-42aec6523e07	17	21609755	22492164	129	-0.3953
499cad1d-5d42-4834-8b88-42aec6523e07	17	22492285	32939688	2909	0.0229
499cad1d-5d42-4834-8b88-42aec6523e07	17	32945352	33087910	140	-0.5665
499cad1d-5d42-4834-8b88-42aec6523e07	17	33091874	33527322	436	0.0174
499cad1d-5d42-4834-8b88-42aec6523e07	17	33530069	33733690	197	-0.647
499cad1d-5d42-4834-8b88-42aec6523e07	17	33737341	36109139	1716	-0.0082
499cad1d-5d42-4834-8b88-42aec6523e07	17	36109735	36150221	34	0.9358
499cad1d-5d42-4834-8b88-42aec6523e07	17	36157718	41265456	2512	0.0147
499cad1d-5d42-4834-8b88-42aec6523e07	17	41266762	41274279	24	-1.0786
499cad1d-5d42-4834-8b88-42aec6523e07	17	41276472	42962595	891	0.0021
499cad1d-5d42-4834-8b88-42aec6523e07	17	42971493	46085732	1580	-0.5298
499cad1d-5d42-4834-8b88-42aec6523e07	17	46088437	46284997	123	0.0743
499cad1d-5d42-4834-8b88-42aec6523e07	17	46286804	49607688	1507	-0.5546
499cad1d-5d42-4834-8b88-42aec6523e07	17	49607838	49780060	78	-0.0007
499cad1d-5d42-4834-8b88-42aec6523e07	17	49780341	54980841	3269	-0.5487
499cad1d-5d42-4834-8b88-42aec6523e07	17	54983812	55545649	414	0.0135
499cad1d-5d42-4834-8b88-42aec6523e07	17	55545755	55548781	2	-1.8337
499cad1d-5d42-4834-8b88-42aec6523e07	17	55548803	55974963	348	0.0221
499cad1d-5d42-4834-8b88-42aec6523e07	17	55976233	56115643	172	-0.4636
499cad1d-5d42-4834-8b88-42aec6523e07	17	56118992	57519674	1069	0.018
499cad1d-5d42-4834-8b88-42aec6523e07	17	57520293	59977596	1266	0.2249
499cad1d-5d42-4834-8b88-42aec6523e07	17	59998150	61377861	699	1.2314
499cad1d-5d42-4834-8b88-42aec6523e07	17	61379228	62716038	618	1.5728
499cad1d-5d42-4834-8b88-42aec6523e07	17	62718713	62943864	123	2.0741
499cad1d-5d42-4834-8b88-42aec6523e07	17	62943908	63760899	363	1.6877
499cad1d-5d42-4834-8b88-42aec6523e07	17	63761745	67367697	2143	1.2448
499cad1d-5d42-4834-8b88-42aec6523e07	17	67367727	68019847	350	1.7414
499cad1d-5d42-4834-8b88-42aec6523e07	17	68026544	69268198	764	1.2232
499cad1d-5d42-4834-8b88-42aec6523e07	17	69272213	69299918	15	-0.1311
499cad1d-5d42-4834-8b88-42aec6523e07	17	69312055	69438084	74	1.3774
499cad1d-5d42-4834-8b88-42aec6523e07	17	69438355	69485843	30	0.0085
499cad1d-5d42-4834-8b88-42aec6523e07	17	69486173	69494089	10	0.3712
499cad1d-5d42-4834-8b88-42aec6523e07	17	69505997	69509673	2	1.4989
499cad1d-5d42-4834-8b88-42aec6523e07	17	69514205	69734510	143	1.8408
499cad1d-5d42-4834-8b88-42aec6523e07	17	69743450	69786038	29	-0.5575
499cad1d-5d42-4834-8b88-42aec6523e07	17	69792376	70204308	311	1.0947
499cad1d-5d42-4834-8b88-42aec6523e07	17	70204912	70479705	229	-0.5659
499cad1d-5d42-4834-8b88-42aec6523e07	17	70484763	71095250	481	-0.0057
499cad1d-5d42-4834-8b88-42aec6523e07	17	71095671	71142262	49	-0.5584
499cad1d-5d42-4834-8b88-42aec6523e07	17	71142451	83091923	6798	0.0064
499cad1d-5d42-4834-8b88-42aec6523e07	18	48133	7936759	5613	-0.5642
499cad1d-5d42-4834-8b88-42aec6523e07	18	7936916	7940119	3	-3.9459
499cad1d-5d42-4834-8b88-42aec6523e07	18	7943221	15396946	4615	-0.5602
499cad1d-5d42-4834-8b88-42aec6523e07	18	15401764	42471713	13494	0.0156
499cad1d-5d42-4834-8b88-42aec6523e07	18	42476604	42477802	25	-0.8198
499cad1d-5d42-4834-8b88-42aec6523e07	18	42478430	80257174	26392	0.0172
499cad1d-5d42-4834-8b88-42aec6523e07	19	90910	12422445	4926	0.0213
499cad1d-5d42-4834-8b88-42aec6523e07	19	12427951	12428068	2	-2.2167
499cad1d-5d42-4834-8b88-42aec6523e07	19	12428785	27375513	6163	0.0267
499cad1d-5d42-4834-8b88-42aec6523e07	19	27390278	30404079	2083	-0.558
499cad1d-5d42-4834-8b88-42aec6523e07	19	30411012	31114622	509	0.001
499cad1d-5d42-4834-8b88-42aec6523e07	19	31116580	51534116	10736	-0.544
499cad1d-5d42-4834-8b88-42aec6523e07	19	51535881	54215136	1817	0.0064
499cad1d-5d42-4834-8b88-42aec6523e07	19	54226329	54237443	16	-0.7667
499cad1d-5d42-4834-8b88-42aec6523e07	19	54249482	54725849	263	0.0087
499cad1d-5d42-4834-8b88-42aec6523e07	19	54726927	54787128	11	-1.0244
499cad1d-5d42-4834-8b88-42aec6523e07	19	54788617	58586487	2295	0.006
499cad1d-5d42-4834-8b88-42aec6523e07	20	80664	1580353	1191	-0.0002
499cad1d-5d42-4834-8b88-42aec6523e07	20	1580934	1613247	41	1.435
499cad1d-5d42-4834-8b88-42aec6523e07	20	1617300	39939332	23342	0.0121
499cad1d-5d42-4834-8b88-42aec6523e07	20	39943446	59722413	14510	0.0595
499cad1d-5d42-4834-8b88-42aec6523e07	20	59725584	59740559	10	-1.1755
499cad1d-5d42-4834-8b88-42aec6523e07	20	59741123	60535987	704	0.0753
499cad1d-5d42-4834-8b88-42aec6523e07	20	60538651	60542464	5	-1.3049
499cad1d-5d42-4834-8b88-42aec6523e07	20	60543786	63077356	1688	0.0513
499cad1d-5d42-4834-8b88-42aec6523e07	20	63080185	64324800	482	-0.0357
499cad1d-5d42-4834-8b88-42aec6523e07	21	10354168	46677045	23635	0.0097
499cad1d-5d42-4834-8b88-42aec6523e07	22	15294547	18818348	1129	0.0142
499cad1d-5d42-4834-8b88-42aec6523e07	22	18822581	21074350	1483	-0.1284
499cad1d-5d42-4834-8b88-42aec6523e07	22	21074667	23490792	1473	-0.0491
499cad1d-5d42-4834-8b88-42aec6523e07	22	23492702	25340708	1141	0.0225
499cad1d-5d42-4834-8b88-42aec6523e07	22	25340709	25340710	2	-1.8829
499cad1d-5d42-4834-8b88-42aec6523e07	22	25340711	33777419	6326	0.0205
499cad1d-5d42-4834-8b88-42aec6523e07	22	33778960	33778986	3	-2.4897
499cad1d-5d42-4834-8b88-42aec6523e07	22	33778998	38952895	3562	-0.0008
499cad1d-5d42-4834-8b88-42aec6523e07	22	38954034	38993700	28	-0.7529
499cad1d-5d42-4834-8b88-42aec6523e07	22	38993715	48791005	6690	0.0041
499cad1d-5d42-4834-8b88-42aec6523e07	22	48792098	50796027	1262	-0.0892
499cad1d-5d42-4834-8b88-42aec6523e07	X	251810	721424	73	-0.0988
499cad1d-5d42-4834-8b88-42aec6523e07	X	721514	728811	4	-1.3039
499cad1d-5d42-4834-8b88-42aec6523e07	X	738433	7641450	3647	-0.0279
499cad1d-5d42-4834-8b88-42aec6523e07	X	7641953	7643017	2	-4.0067
499cad1d-5d42-4834-8b88-42aec6523e07	X	7643136	48001197	24955	0.0031
499cad1d-5d42-4834-8b88-42aec6523e07	X	48020763	48144628	80	0.5679
499cad1d-5d42-4834-8b88-42aec6523e07	X	48149065	155952689	54047	0.0047
499cad1d-5d42-4834-8b88-42aec6523e07	Y	2782397	3326047	191	-2.7961
499cad1d-5d42-4834-8b88-42aec6523e07	Y	3327226	6039347	520	-2.4475
499cad1d-5d42-4834-8b88-42aec6523e07	Y	6043823	8528189	1184	-2.9882
499cad1d-5d42-4834-8b88-42aec6523e07	Y	8528603	9330531	328	-3.3106
499cad1d-5d42-4834-8b88-42aec6523e07	Y	9332936	9554586	26	-4.5748
499cad1d-5d42-4834-8b88-42aec6523e07	Y	9555122	56872112	4384	-2.9383
