GDC_Aliquot	Chromosome	Start	End	Num_Probes	Segment_Mean
8aa24da8-071b-4cd2-a1d8-480ee049c863	1	62920	3207177	693	0.1073
8aa24da8-071b-4cd2-a1d8-480ee049c863	1	3207591	4134652	511	0.2666
8aa24da8-071b-4cd2-a1d8-480ee049c863	1	4137358	5929921	1528	-1.2065
8aa24da8-071b-4cd2-a1d8-480ee049c863	1	5930444	6408568	215	-0.2297
8aa24da8-071b-4cd2-a1d8-480ee049c863	1	6415626	12083236	3052	-1.092
8aa24da8-071b-4cd2-a1d8-480ee049c863	1	12084377	16433121	2504	-0.2068
8aa24da8-071b-4cd2-a1d8-480ee049c863	1	16434707	16569132	42	0.3152
8aa24da8-071b-4cd2-a1d8-480ee049c863	1	16570326	16689764	34	-0.2212
8aa24da8-071b-4cd2-a1d8-480ee049c863	1	16718963	16721984	6	-1.0814
8aa24da8-071b-4cd2-a1d8-480ee049c863	1	16766762	20504007	2570	-0.2092
8aa24da8-071b-4cd2-a1d8-480ee049c863	1	20509501	20539210	17	0.3281
8aa24da8-071b-4cd2-a1d8-480ee049c863	1	20539386	21199228	367	-0.2477
8aa24da8-071b-4cd2-a1d8-480ee049c863	1	21201666	21378885	100	0.2461
8aa24da8-071b-4cd2-a1d8-480ee049c863	1	21378959	21540071	88	0.6647
8aa24da8-071b-4cd2-a1d8-480ee049c863	1	21540132	21554105	11	0.2362
8aa24da8-071b-4cd2-a1d8-480ee049c863	1	21556327	21776342	140	-0.236
8aa24da8-071b-4cd2-a1d8-480ee049c863	1	21780507	21837671	25	0.2352
8aa24da8-071b-4cd2-a1d8-480ee049c863	1	21838233	21944210	62	-0.1699
8aa24da8-071b-4cd2-a1d8-480ee049c863	1	21944482	21967332	13	0.4205
8aa24da8-071b-4cd2-a1d8-480ee049c863	1	21969814	22464455	323	-0.218
8aa24da8-071b-4cd2-a1d8-480ee049c863	1	22466159	22651390	95	-1.0961
8aa24da8-071b-4cd2-a1d8-480ee049c863	1	22654121	22654193	2	-6.9381
8aa24da8-071b-4cd2-a1d8-480ee049c863	1	22654271	23151649	325	-1.0678
8aa24da8-071b-4cd2-a1d8-480ee049c863	1	23154091	25152361	1132	-0.2388
8aa24da8-071b-4cd2-a1d8-480ee049c863	1	25153245	25284961	58	-1.0803
8aa24da8-071b-4cd2-a1d8-480ee049c863	1	25289805	25568362	57	-0.2457
8aa24da8-071b-4cd2-a1d8-480ee049c863	1	25570265	26499091	494	-1.113
8aa24da8-071b-4cd2-a1d8-480ee049c863	1	26503236	39328434	6975	-0.23
8aa24da8-071b-4cd2-a1d8-480ee049c863	1	39339630	39687469	161	0.2747
8aa24da8-071b-4cd2-a1d8-480ee049c863	1	39688076	41412940	943	-0.2233
8aa24da8-071b-4cd2-a1d8-480ee049c863	1	41413008	41437636	12	0.4186
8aa24da8-071b-4cd2-a1d8-480ee049c863	1	41438350	42915394	945	-0.2254
8aa24da8-071b-4cd2-a1d8-480ee049c863	1	42921631	43008874	73	0.3432
8aa24da8-071b-4cd2-a1d8-480ee049c863	1	43011286	54017091	5973	-0.2218
8aa24da8-071b-4cd2-a1d8-480ee049c863	1	54019912	54311889	184	0.3277
8aa24da8-071b-4cd2-a1d8-480ee049c863	1	54318188	72303233	12876	-0.2392
8aa24da8-071b-4cd2-a1d8-480ee049c863	1	72303253	72345450	44	-1.5948
8aa24da8-071b-4cd2-a1d8-480ee049c863	1	72345465	73075772	451	-0.2741
8aa24da8-071b-4cd2-a1d8-480ee049c863	1	73079229	73250091	98	0.2488
8aa24da8-071b-4cd2-a1d8-480ee049c863	1	73250100	73382205	67	0.5565
8aa24da8-071b-4cd2-a1d8-480ee049c863	1	73382446	73449192	43	0.2613
8aa24da8-071b-4cd2-a1d8-480ee049c863	1	73453840	74642183	721	-0.3025
8aa24da8-071b-4cd2-a1d8-480ee049c863	1	74644454	75585159	550	0.213
8aa24da8-071b-4cd2-a1d8-480ee049c863	1	75589078	75589169	2	-1.8217
8aa24da8-071b-4cd2-a1d8-480ee049c863	1	75593824	77650269	1516	0.268
8aa24da8-071b-4cd2-a1d8-480ee049c863	1	77652851	83359907	3634	0.2224
8aa24da8-071b-4cd2-a1d8-480ee049c863	1	83362590	87980017	3189	0.2728
8aa24da8-071b-4cd2-a1d8-480ee049c863	1	87981643	94665962	4130	-0.2489
8aa24da8-071b-4cd2-a1d8-480ee049c863	1	94666052	94690675	63	-1.0522
8aa24da8-071b-4cd2-a1d8-480ee049c863	1	94690698	98077442	2080	-0.2777
8aa24da8-071b-4cd2-a1d8-480ee049c863	1	98078251	104170045	3693	0.2304
8aa24da8-071b-4cd2-a1d8-480ee049c863	1	104176222	104199028	19	-0.3029
8aa24da8-071b-4cd2-a1d8-480ee049c863	1	104204629	105470754	680	0.1957
8aa24da8-071b-4cd2-a1d8-480ee049c863	1	105476583	105479753	17	1.1407
8aa24da8-071b-4cd2-a1d8-480ee049c863	1	105481433	109679105	2634	0.2389
8aa24da8-071b-4cd2-a1d8-480ee049c863	1	109684695	109691788	10	-1.041
8aa24da8-071b-4cd2-a1d8-480ee049c863	1	109691933	112147704	1952	0.2766
8aa24da8-071b-4cd2-a1d8-480ee049c863	1	112153343	112163334	26	-0.3779
8aa24da8-071b-4cd2-a1d8-480ee049c863	1	112163438	150390785	6408	0.2662
8aa24da8-071b-4cd2-a1d8-480ee049c863	1	150393540	152580550	1185	-0.2332
8aa24da8-071b-4cd2-a1d8-480ee049c863	1	152582700	152618018	38	0.1506
8aa24da8-071b-4cd2-a1d8-480ee049c863	1	152618089	152789447	165	-0.1821
8aa24da8-071b-4cd2-a1d8-480ee049c863	1	152789463	152795487	30	0.4352
8aa24da8-071b-4cd2-a1d8-480ee049c863	1	152795783	169765336	11642	-0.241
8aa24da8-071b-4cd2-a1d8-480ee049c863	1	169769555	169775811	8	-1.4934
8aa24da8-071b-4cd2-a1d8-480ee049c863	1	169778242	169879189	95	-0.1974
8aa24da8-071b-4cd2-a1d8-480ee049c863	1	169886435	169991408	91	-1.1355
8aa24da8-071b-4cd2-a1d8-480ee049c863	1	169995965	177112185	4455	-0.2424
8aa24da8-071b-4cd2-a1d8-480ee049c863	1	177112540	177215587	78	0.2369
8aa24da8-071b-4cd2-a1d8-480ee049c863	1	177215954	184559915	5086	-0.2177
8aa24da8-071b-4cd2-a1d8-480ee049c863	1	184566146	193139074	5496	-0.278
8aa24da8-071b-4cd2-a1d8-480ee049c863	1	193144163	193187202	77	-0.9251
8aa24da8-071b-4cd2-a1d8-480ee049c863	1	193187218	194379763	871	-0.2536
8aa24da8-071b-4cd2-a1d8-480ee049c863	1	194384786	194471487	65	-1.1542
8aa24da8-071b-4cd2-a1d8-480ee049c863	1	194476242	194485888	7	-0.6803
8aa24da8-071b-4cd2-a1d8-480ee049c863	1	194487886	195547662	659	-0.2504
8aa24da8-071b-4cd2-a1d8-480ee049c863	1	195548377	196287368	516	-1.117
8aa24da8-071b-4cd2-a1d8-480ee049c863	1	196300118	196745743	271	-0.2968
8aa24da8-071b-4cd2-a1d8-480ee049c863	1	196758720	196832525	57	-2.0817
8aa24da8-071b-4cd2-a1d8-480ee049c863	1	196832720	199869919	1850	-0.2828
8aa24da8-071b-4cd2-a1d8-480ee049c863	1	199869936	206975033	4636	-0.2254
8aa24da8-071b-4cd2-a1d8-480ee049c863	1	206975114	213319964	4468	-0.2888
8aa24da8-071b-4cd2-a1d8-480ee049c863	1	213324124	213550902	176	-1.1268
8aa24da8-071b-4cd2-a1d8-480ee049c863	1	213550982	219777765	4562	-0.3047
8aa24da8-071b-4cd2-a1d8-480ee049c863	1	219778611	220344073	350	0.622
8aa24da8-071b-4cd2-a1d8-480ee049c863	1	220345101	220357837	11	0.1552
8aa24da8-071b-4cd2-a1d8-480ee049c863	1	220358450	220366094	6	0.5136
8aa24da8-071b-4cd2-a1d8-480ee049c863	1	220369631	222193326	1296	-0.2404
8aa24da8-071b-4cd2-a1d8-480ee049c863	1	222201492	222203662	2	-2.7856
8aa24da8-071b-4cd2-a1d8-480ee049c863	1	222208792	235178081	8676	-0.2438
8aa24da8-071b-4cd2-a1d8-480ee049c863	1	235184493	235272215	40	-1.0604
8aa24da8-071b-4cd2-a1d8-480ee049c863	1	235272638	241047009	4438	-0.2638
8aa24da8-071b-4cd2-a1d8-480ee049c863	1	241047168	241243135	160	-1.0689
8aa24da8-071b-4cd2-a1d8-480ee049c863	1	241246902	243697622	1701	-0.2396
8aa24da8-071b-4cd2-a1d8-480ee049c863	1	243697637	243697759	4	-1.4912
8aa24da8-071b-4cd2-a1d8-480ee049c863	1	243699806	243979136	200	-0.2463
8aa24da8-071b-4cd2-a1d8-480ee049c863	1	243983478	245705061	1139	0.6505
8aa24da8-071b-4cd2-a1d8-480ee049c863	1	245710534	245822626	96	0.3077
8aa24da8-071b-4cd2-a1d8-480ee049c863	1	245825093	246331074	399	0.6319
8aa24da8-071b-4cd2-a1d8-480ee049c863	1	246331243	246331256	2	-0.7834
8aa24da8-071b-4cd2-a1d8-480ee049c863	1	246334043	248585918	1352	0.6234
8aa24da8-071b-4cd2-a1d8-480ee049c863	1	248586259	248645808	32	0.1996
8aa24da8-071b-4cd2-a1d8-480ee049c863	1	248646068	248930189	139	0.5577
8aa24da8-071b-4cd2-a1d8-480ee049c863	2	12784	192773	107	-0.2313
8aa24da8-071b-4cd2-a1d8-480ee049c863	2	193991	1896432	1114	-0.3347
8aa24da8-071b-4cd2-a1d8-480ee049c863	2	1896481	3142265	953	-0.191
8aa24da8-071b-4cd2-a1d8-480ee049c863	2	3143365	3206425	82	-0.43
8aa24da8-071b-4cd2-a1d8-480ee049c863	2	3207834	3684956	309	-0.2036
8aa24da8-071b-4cd2-a1d8-480ee049c863	2	3684997	3685683	3	-1.3759
8aa24da8-071b-4cd2-a1d8-480ee049c863	2	3688948	4158097	413	-0.1939
8aa24da8-071b-4cd2-a1d8-480ee049c863	2	4166274	4176429	42	-0.7294
8aa24da8-071b-4cd2-a1d8-480ee049c863	2	4182472	15317411	8593	-0.2142
8aa24da8-071b-4cd2-a1d8-480ee049c863	2	15326987	15530249	117	-1.0566
8aa24da8-071b-4cd2-a1d8-480ee049c863	2	15535967	26736380	7362	-0.218
8aa24da8-071b-4cd2-a1d8-480ee049c863	2	26740379	26750135	13	0.4603
8aa24da8-071b-4cd2-a1d8-480ee049c863	2	26755939	33194902	3945	-0.2101
8aa24da8-071b-4cd2-a1d8-480ee049c863	2	33203167	33373150	117	-1.0544
8aa24da8-071b-4cd2-a1d8-480ee049c863	2	33373325	51110458	12943	-0.2372
8aa24da8-071b-4cd2-a1d8-480ee049c863	2	51110914	51136261	17	-0.9821
8aa24da8-071b-4cd2-a1d8-480ee049c863	2	51143323	52527330	940	-0.2998
8aa24da8-071b-4cd2-a1d8-480ee049c863	2	52527342	52537117	17	0.4687
8aa24da8-071b-4cd2-a1d8-480ee049c863	2	52537337	52554157	14	0.0084
8aa24da8-071b-4cd2-a1d8-480ee049c863	2	52554188	52554384	7	0.3823
8aa24da8-071b-4cd2-a1d8-480ee049c863	2	52554404	54567063	1554	-0.2451
8aa24da8-071b-4cd2-a1d8-480ee049c863	2	54570126	54984658	347	0.288
8aa24da8-071b-4cd2-a1d8-480ee049c863	2	54984748	59572502	3001	-0.2543
8aa24da8-071b-4cd2-a1d8-480ee049c863	2	59573143	68790692	5780	-0.2221
8aa24da8-071b-4cd2-a1d8-480ee049c863	2	68790772	68790888	2	-1.8949
8aa24da8-071b-4cd2-a1d8-480ee049c863	2	68791655	75621553	4155	-0.2285
8aa24da8-071b-4cd2-a1d8-480ee049c863	2	75622547	81883401	4281	-0.2668
8aa24da8-071b-4cd2-a1d8-480ee049c863	2	81883535	81884390	2	-2.0693
8aa24da8-071b-4cd2-a1d8-480ee049c863	2	81886769	83620444	951	-0.2879
8aa24da8-071b-4cd2-a1d8-480ee049c863	2	83622573	85721808	1193	0.2426
8aa24da8-071b-4cd2-a1d8-480ee049c863	2	85722273	85987977	190	0.465
8aa24da8-071b-4cd2-a1d8-480ee049c863	2	85988537	97537802	2366	0.2457
8aa24da8-071b-4cd2-a1d8-480ee049c863	2	97540809	97545247	3	-1.8897
8aa24da8-071b-4cd2-a1d8-480ee049c863	2	97545726	100195184	1448	0.2706
8aa24da8-071b-4cd2-a1d8-480ee049c863	2	100195441	100392923	156	0.9909
8aa24da8-071b-4cd2-a1d8-480ee049c863	2	100395836	118791994	11024	0.2685
8aa24da8-071b-4cd2-a1d8-480ee049c863	2	118792131	122110179	1981	0.3141
8aa24da8-071b-4cd2-a1d8-480ee049c863	2	122110477	126421023	2849	0.2383
8aa24da8-071b-4cd2-a1d8-480ee049c863	2	126424198	138314552	7127	0.2792
8aa24da8-071b-4cd2-a1d8-480ee049c863	2	138318272	140317995	1228	0.2194
8aa24da8-071b-4cd2-a1d8-480ee049c863	2	140322289	141171380	553	-0.2669
8aa24da8-071b-4cd2-a1d8-480ee049c863	2	141174229	141768436	447	0.1985
8aa24da8-071b-4cd2-a1d8-480ee049c863	2	141770367	141770579	3	-1.045
8aa24da8-071b-4cd2-a1d8-480ee049c863	2	141770681	146104517	2560	0.2437
8aa24da8-071b-4cd2-a1d8-480ee049c863	2	146106836	146109366	24	-1.7676
8aa24da8-071b-4cd2-a1d8-480ee049c863	2	146120238	153383285	4477	0.2542
8aa24da8-071b-4cd2-a1d8-480ee049c863	2	153383795	153471406	45	-0.3687
8aa24da8-071b-4cd2-a1d8-480ee049c863	2	153472158	157661726	2344	0.219
8aa24da8-071b-4cd2-a1d8-480ee049c863	2	157661972	160576433	1869	0.2941
8aa24da8-071b-4cd2-a1d8-480ee049c863	2	160580567	161623767	659	0.2396
8aa24da8-071b-4cd2-a1d8-480ee049c863	2	161625925	161844571	88	-0.0259
8aa24da8-071b-4cd2-a1d8-480ee049c863	2	161864698	167157193	3039	0.2486
8aa24da8-071b-4cd2-a1d8-480ee049c863	2	167159084	169558931	1654	0.2841
8aa24da8-071b-4cd2-a1d8-480ee049c863	2	169564805	169595584	17	-0.2049
8aa24da8-071b-4cd2-a1d8-480ee049c863	2	169599707	180099481	6716	0.2836
8aa24da8-071b-4cd2-a1d8-480ee049c863	2	180100312	183709219	2212	0.2361
8aa24da8-071b-4cd2-a1d8-480ee049c863	2	183712465	183712596	3	-0.9921
8aa24da8-071b-4cd2-a1d8-480ee049c863	2	183716167	195108825	6423	0.2557
8aa24da8-071b-4cd2-a1d8-480ee049c863	2	195109336	196519665	872	-0.2053
8aa24da8-071b-4cd2-a1d8-480ee049c863	2	196521248	200036971	1993	0.2552
8aa24da8-071b-4cd2-a1d8-480ee049c863	2	200040437	208382659	5089	-0.2074
8aa24da8-071b-4cd2-a1d8-480ee049c863	2	208383008	214764598	4070	-0.2661
8aa24da8-071b-4cd2-a1d8-480ee049c863	2	214764686	229465891	9672	-0.2126
8aa24da8-071b-4cd2-a1d8-480ee049c863	2	229471343	232139725	1416	-1.0791
8aa24da8-071b-4cd2-a1d8-480ee049c863	2	232141633	232141640	2	-6.5078
8aa24da8-071b-4cd2-a1d8-480ee049c863	2	232142392	237664712	3770	-1.0982
8aa24da8-071b-4cd2-a1d8-480ee049c863	2	237664758	237665428	2	-6.5123
8aa24da8-071b-4cd2-a1d8-480ee049c863	2	237665783	238562828	484	-1.0798
8aa24da8-071b-4cd2-a1d8-480ee049c863	2	238563458	238582762	18	-4.7003
8aa24da8-071b-4cd2-a1d8-480ee049c863	2	238584241	242106609	1911	-1.1661
8aa24da8-071b-4cd2-a1d8-480ee049c863	2	242106874	242147305	8	-0.1662
8aa24da8-071b-4cd2-a1d8-480ee049c863	3	20930	6604856	5807	-0.2368
8aa24da8-071b-4cd2-a1d8-480ee049c863	3	6609441	6611645	23	0.2715
8aa24da8-071b-4cd2-a1d8-480ee049c863	3	6613391	11371130	3700	-0.2368
8aa24da8-071b-4cd2-a1d8-480ee049c863	3	11371349	11371926	3	-4.3202
8aa24da8-071b-4cd2-a1d8-480ee049c863	3	11375791	11612533	134	-0.2568
8aa24da8-071b-4cd2-a1d8-480ee049c863	3	11612938	11614614	2	-2.2286
8aa24da8-071b-4cd2-a1d8-480ee049c863	3	11618938	13234107	1236	-0.2666
8aa24da8-071b-4cd2-a1d8-480ee049c863	3	13234548	13239950	4	-1.7485
8aa24da8-071b-4cd2-a1d8-480ee049c863	3	13240856	16049666	1822	-0.2296
8aa24da8-071b-4cd2-a1d8-480ee049c863	3	16051065	16123626	52	0.1859
8aa24da8-071b-4cd2-a1d8-480ee049c863	3	16123911	16199049	79	-0.2566
8aa24da8-071b-4cd2-a1d8-480ee049c863	3	16199122	16199672	5	-2.1514
8aa24da8-071b-4cd2-a1d8-480ee049c863	3	16199818	16827414	483	-0.2382
8aa24da8-071b-4cd2-a1d8-480ee049c863	3	16828652	16932270	60	0.2499
8aa24da8-071b-4cd2-a1d8-480ee049c863	3	16934154	17239872	179	-0.3186
8aa24da8-071b-4cd2-a1d8-480ee049c863	3	17244223	17377255	80	-1.1254
8aa24da8-071b-4cd2-a1d8-480ee049c863	3	17377499	20271633	1548	-0.2567
8aa24da8-071b-4cd2-a1d8-480ee049c863	3	20273630	20274591	2	-2.4201
8aa24da8-071b-4cd2-a1d8-480ee049c863	3	20286589	23937812	2604	-0.2741
8aa24da8-071b-4cd2-a1d8-480ee049c863	3	23939938	23940837	2	-2.9094
8aa24da8-071b-4cd2-a1d8-480ee049c863	3	23940839	25977603	1756	-0.2629
8aa24da8-071b-4cd2-a1d8-480ee049c863	3	25978288	26737517	525	-1.043
8aa24da8-071b-4cd2-a1d8-480ee049c863	3	26737846	31646029	3473	-0.2589
8aa24da8-071b-4cd2-a1d8-480ee049c863	3	31652418	31684568	20	-1.0008
8aa24da8-071b-4cd2-a1d8-480ee049c863	3	31685111	37474715	3633	-0.2604
8aa24da8-071b-4cd2-a1d8-480ee049c863	3	37475538	37518154	34	-0.9526
8aa24da8-071b-4cd2-a1d8-480ee049c863	3	37518252	37523352	10	-3.2693
8aa24da8-071b-4cd2-a1d8-480ee049c863	3	37528908	37620770	82	-1.1332
8aa24da8-071b-4cd2-a1d8-480ee049c863	3	37621347	52153466	7897	-0.2368
8aa24da8-071b-4cd2-a1d8-480ee049c863	3	52155842	52264970	40	0.2957
8aa24da8-071b-4cd2-a1d8-480ee049c863	3	52269846	52891989	280	-0.2587
8aa24da8-071b-4cd2-a1d8-480ee049c863	3	52892671	52977203	45	0.5491
8aa24da8-071b-4cd2-a1d8-480ee049c863	3	52977737	53179109	168	0.9229
8aa24da8-071b-4cd2-a1d8-480ee049c863	3	53179641	53298986	76	0.6259
8aa24da8-071b-4cd2-a1d8-480ee049c863	3	53301715	62165421	6763	-0.2365
8aa24da8-071b-4cd2-a1d8-480ee049c863	3	62166781	68675541	5061	0.2828
8aa24da8-071b-4cd2-a1d8-480ee049c863	3	68676600	68698262	17	-0.872
8aa24da8-071b-4cd2-a1d8-480ee049c863	3	68699607	73884346	3949	0.2756
8aa24da8-071b-4cd2-a1d8-480ee049c863	3	73885270	75939455	1089	0.215
8aa24da8-071b-4cd2-a1d8-480ee049c863	3	75942300	75957479	15	-0.238
8aa24da8-071b-4cd2-a1d8-480ee049c863	3	75957865	78712418	1702	0.2476
8aa24da8-071b-4cd2-a1d8-480ee049c863	3	78719225	78941385	135	-0.2935
8aa24da8-071b-4cd2-a1d8-480ee049c863	3	78945890	84053071	2719	0.2315
8aa24da8-071b-4cd2-a1d8-480ee049c863	3	84056282	84057015	2	-1.4481
8aa24da8-071b-4cd2-a1d8-480ee049c863	3	84061816	89337951	3014	0.209
8aa24da8-071b-4cd2-a1d8-480ee049c863	3	89345442	89370231	51	-0.7902
8aa24da8-071b-4cd2-a1d8-480ee049c863	3	89370771	94039597	476	0.1975
8aa24da8-071b-4cd2-a1d8-480ee049c863	3	94048644	94086485	13	-0.3015
8aa24da8-071b-4cd2-a1d8-480ee049c863	3	94089279	94638749	281	0.191
8aa24da8-071b-4cd2-a1d8-480ee049c863	3	94647157	94708195	25	-0.3918
8aa24da8-071b-4cd2-a1d8-480ee049c863	3	94715687	99203606	2426	0.2185
8aa24da8-071b-4cd2-a1d8-480ee049c863	3	99204123	99230434	41	0.5839
8aa24da8-071b-4cd2-a1d8-480ee049c863	3	99230443	102880752	2007	0.2441
8aa24da8-071b-4cd2-a1d8-480ee049c863	3	102882265	102911202	19	-0.3363
8aa24da8-071b-4cd2-a1d8-480ee049c863	3	102913823	105908525	1934	0.2119
8aa24da8-071b-4cd2-a1d8-480ee049c863	3	105909248	109417599	2191	0.2606
8aa24da8-071b-4cd2-a1d8-480ee049c863	3	109418858	114519822	3067	0.1938
8aa24da8-071b-4cd2-a1d8-480ee049c863	3	114521297	115267585	401	-0.2757
8aa24da8-071b-4cd2-a1d8-480ee049c863	3	115269533	122074995	4277	0.1689
8aa24da8-071b-4cd2-a1d8-480ee049c863	3	122075082	139293139	10339	0.2182
8aa24da8-071b-4cd2-a1d8-480ee049c863	3	139297068	139402879	82	0.5119
8aa24da8-071b-4cd2-a1d8-480ee049c863	3	139402917	140823697	1131	0.2177
8aa24da8-071b-4cd2-a1d8-480ee049c863	3	140826859	140828142	2	-2.8603
8aa24da8-071b-4cd2-a1d8-480ee049c863	3	140841776	147662209	4181	0.1955
8aa24da8-071b-4cd2-a1d8-480ee049c863	3	147665013	147706644	29	-0.3344
8aa24da8-071b-4cd2-a1d8-480ee049c863	3	147706798	150223183	1598	0.2078
8aa24da8-071b-4cd2-a1d8-480ee049c863	3	150229026	150333803	62	0.6362
8aa24da8-071b-4cd2-a1d8-480ee049c863	3	150334056	162815162	7667	0.1875
8aa24da8-071b-4cd2-a1d8-480ee049c863	3	162816942	162822702	6	-1.6979
8aa24da8-071b-4cd2-a1d8-480ee049c863	3	162827928	162906109	46	0.1079
8aa24da8-071b-4cd2-a1d8-480ee049c863	3	162908192	162910826	5	-0.5919
8aa24da8-071b-4cd2-a1d8-480ee049c863	3	162910855	162996729	69	0.2952
8aa24da8-071b-4cd2-a1d8-480ee049c863	3	162999939	163001774	2	-3.2958
8aa24da8-071b-4cd2-a1d8-480ee049c863	3	163008371	165323075	1241	0.1377
8aa24da8-071b-4cd2-a1d8-480ee049c863	3	165323760	165364151	65	-1.2462
8aa24da8-071b-4cd2-a1d8-480ee049c863	3	165367641	169012392	2056	0.1509
8aa24da8-071b-4cd2-a1d8-480ee049c863	3	169015614	169020840	2	-1.5978
8aa24da8-071b-4cd2-a1d8-480ee049c863	3	169022039	177104888	5333	0.1877
8aa24da8-071b-4cd2-a1d8-480ee049c863	3	177108886	177141262	17	-0.3122
8aa24da8-071b-4cd2-a1d8-480ee049c863	3	177142815	180963006	2290	0.1691
8aa24da8-071b-4cd2-a1d8-480ee049c863	3	180971435	181108003	70	-0.4658
8aa24da8-071b-4cd2-a1d8-480ee049c863	3	181121010	184179380	1696	0.1729
8aa24da8-071b-4cd2-a1d8-480ee049c863	3	184180057	184239929	29	0.5494
8aa24da8-071b-4cd2-a1d8-480ee049c863	3	184240129	188167648	2714	0.2039
8aa24da8-071b-4cd2-a1d8-480ee049c863	3	188168612	188610350	319	-0.3395
8aa24da8-071b-4cd2-a1d8-480ee049c863	3	188614715	193160173	3245	0.2036
8aa24da8-071b-4cd2-a1d8-480ee049c863	3	193160256	193165114	18	-0.47
8aa24da8-071b-4cd2-a1d8-480ee049c863	3	193168646	197823940	2519	0.2116
8aa24da8-071b-4cd2-a1d8-480ee049c863	3	197832034	197848575	13	-0.1877
8aa24da8-071b-4cd2-a1d8-480ee049c863	3	197848897	197861842	7	-0.589
8aa24da8-071b-4cd2-a1d8-480ee049c863	3	197862370	198169114	149	0.1848
8aa24da8-071b-4cd2-a1d8-480ee049c863	3	198169131	198169247	3	-0.367
8aa24da8-071b-4cd2-a1d8-480ee049c863	4	68929	172623	58	0.2399
8aa24da8-071b-4cd2-a1d8-480ee049c863	4	172899	1510104	474	0.1136
8aa24da8-071b-4cd2-a1d8-480ee049c863	4	1510216	3174783	703	0.2265
8aa24da8-071b-4cd2-a1d8-480ee049c863	4	3177808	3418113	139	-0.3053
8aa24da8-071b-4cd2-a1d8-480ee049c863	4	3427347	4496867	509	0.2227
8aa24da8-071b-4cd2-a1d8-480ee049c863	4	4497222	4670335	127	-0.1758
8aa24da8-071b-4cd2-a1d8-480ee049c863	4	4672114	10208766	3681	0.2475
8aa24da8-071b-4cd2-a1d8-480ee049c863	4	10221792	10229874	28	3.568
8aa24da8-071b-4cd2-a1d8-480ee049c863	4	10232590	10389091	178	0.2514
8aa24da8-071b-4cd2-a1d8-480ee049c863	4	10390730	10399044	16	-2.5185
8aa24da8-071b-4cd2-a1d8-480ee049c863	4	10401094	12937171	2032	0.2167
8aa24da8-071b-4cd2-a1d8-480ee049c863	4	12937467	15983430	2327	0.2582
8aa24da8-071b-4cd2-a1d8-480ee049c863	4	15983831	15985025	2	-1.2223
8aa24da8-071b-4cd2-a1d8-480ee049c863	4	15986874	18614554	1859	0.2762
8aa24da8-071b-4cd2-a1d8-480ee049c863	4	18615566	26650020	5526	0.2227
8aa24da8-071b-4cd2-a1d8-480ee049c863	4	26661444	26699747	14	-0.3363
8aa24da8-071b-4cd2-a1d8-480ee049c863	4	26709493	27635806	609	0.2217
8aa24da8-071b-4cd2-a1d8-480ee049c863	4	27639617	34663251	4335	0.1758
8aa24da8-071b-4cd2-a1d8-480ee049c863	4	34667813	34777432	71	0.2455
8aa24da8-071b-4cd2-a1d8-480ee049c863	4	34784878	34822561	37	0.6694
8aa24da8-071b-4cd2-a1d8-480ee049c863	4	34823103	38795256	2833	0.2314
8aa24da8-071b-4cd2-a1d8-480ee049c863	4	38796195	38922737	85	0.5892
8aa24da8-071b-4cd2-a1d8-480ee049c863	4	38923104	42621998	2215	0.2603
8aa24da8-071b-4cd2-a1d8-480ee049c863	4	42623082	42679282	36	-0.2992
8aa24da8-071b-4cd2-a1d8-480ee049c863	4	42680179	44697585	1252	0.2208
8aa24da8-071b-4cd2-a1d8-480ee049c863	4	44699949	44743327	21	-0.2582
8aa24da8-071b-4cd2-a1d8-480ee049c863	4	44743919	47254969	1383	0.1815
8aa24da8-071b-4cd2-a1d8-480ee049c863	4	47256006	58041883	5386	0.2549
8aa24da8-071b-4cd2-a1d8-480ee049c863	4	58042438	59413101	795	0.2
8aa24da8-071b-4cd2-a1d8-480ee049c863	4	59424971	59429225	3	-1.3171
8aa24da8-071b-4cd2-a1d8-480ee049c863	4	59433124	63828222	2536	0.2206
8aa24da8-071b-4cd2-a1d8-480ee049c863	4	63831751	63842540	28	-0.4255
8aa24da8-071b-4cd2-a1d8-480ee049c863	4	63850713	68478894	2868	0.2254
8aa24da8-071b-4cd2-a1d8-480ee049c863	4	68494770	68623617	68	-0.3429
8aa24da8-071b-4cd2-a1d8-480ee049c863	4	68639397	70134553	857	0.2679
8aa24da8-071b-4cd2-a1d8-480ee049c863	4	70136067	70158523	15	-0.3876
8aa24da8-071b-4cd2-a1d8-480ee049c863	4	70159831	85811504	9767	0.2462
8aa24da8-071b-4cd2-a1d8-480ee049c863	4	85814461	85959667	90	-0.2839
8aa24da8-071b-4cd2-a1d8-480ee049c863	4	85961583	90173780	2599	0.2585
8aa24da8-071b-4cd2-a1d8-480ee049c863	4	90174927	94208195	2252	0.2036
8aa24da8-071b-4cd2-a1d8-480ee049c863	4	94222515	94290459	38	-0.2502
8aa24da8-071b-4cd2-a1d8-480ee049c863	4	94291662	96166055	1321	0.2526
8aa24da8-071b-4cd2-a1d8-480ee049c863	4	96166454	98116508	1006	0.1816
8aa24da8-071b-4cd2-a1d8-480ee049c863	4	98116528	102706811	2782	0.2444
8aa24da8-071b-4cd2-a1d8-480ee049c863	4	102710722	102746198	20	-0.2213
8aa24da8-071b-4cd2-a1d8-480ee049c863	4	102747891	114252500	6915	0.2442
8aa24da8-071b-4cd2-a1d8-480ee049c863	4	114252544	114261019	24	1.0276
8aa24da8-071b-4cd2-a1d8-480ee049c863	4	114263073	120091591	3488	0.2353
8aa24da8-071b-4cd2-a1d8-480ee049c863	4	120096105	121360818	847	-0.2561
8aa24da8-071b-4cd2-a1d8-480ee049c863	4	121361313	121369976	29	-0.8445
8aa24da8-071b-4cd2-a1d8-480ee049c863	4	121370367	125881059	2568	-0.2618
8aa24da8-071b-4cd2-a1d8-480ee049c863	4	125883546	126046478	102	0.2319
8aa24da8-071b-4cd2-a1d8-480ee049c863	4	126047552	137171266	6187	-0.2781
8aa24da8-071b-4cd2-a1d8-480ee049c863	4	137171362	137173967	15	-0.8379
8aa24da8-071b-4cd2-a1d8-480ee049c863	4	137187209	150609611	8164	-0.249
8aa24da8-071b-4cd2-a1d8-480ee049c863	4	150614255	150735437	49	-0.954
8aa24da8-071b-4cd2-a1d8-480ee049c863	4	150743286	152068448	789	-0.2284
8aa24da8-071b-4cd2-a1d8-480ee049c863	4	152069134	152071589	5	-1.4679
8aa24da8-071b-4cd2-a1d8-480ee049c863	4	152072978	155964036	2534	-0.2457
8aa24da8-071b-4cd2-a1d8-480ee049c863	4	155966920	155967367	6	-1.1034
8aa24da8-071b-4cd2-a1d8-480ee049c863	4	155969109	156046936	54	-0.1853
8aa24da8-071b-4cd2-a1d8-480ee049c863	4	156047028	156053545	15	-1.056
8aa24da8-071b-4cd2-a1d8-480ee049c863	4	156056476	157862170	1137	-0.237
8aa24da8-071b-4cd2-a1d8-480ee049c863	4	157865831	158230304	209	0.2437
8aa24da8-071b-4cd2-a1d8-480ee049c863	4	158233483	159377392	636	-0.2715
8aa24da8-071b-4cd2-a1d8-480ee049c863	4	159391778	160611302	817	0.1826
8aa24da8-071b-4cd2-a1d8-480ee049c863	4	160613077	160716334	56	-0.3115
8aa24da8-071b-4cd2-a1d8-480ee049c863	4	160718798	160959045	203	0.2052
8aa24da8-071b-4cd2-a1d8-480ee049c863	4	160959151	160963971	24	0.7139
8aa24da8-071b-4cd2-a1d8-480ee049c863	4	160964013	162475306	1039	0.2077
8aa24da8-071b-4cd2-a1d8-480ee049c863	4	162487620	175110200	7756	-0.3187
8aa24da8-071b-4cd2-a1d8-480ee049c863	4	175114042	175152429	13	-1.3462
8aa24da8-071b-4cd2-a1d8-480ee049c863	4	175159831	181163736	4124	-0.3012
8aa24da8-071b-4cd2-a1d8-480ee049c863	4	181168526	181416643	219	-1.3032
8aa24da8-071b-4cd2-a1d8-480ee049c863	4	181421009	182010923	528	-0.2875
8aa24da8-071b-4cd2-a1d8-480ee049c863	4	182015282	182384133	313	-1.2232
8aa24da8-071b-4cd2-a1d8-480ee049c863	4	182392200	184881941	1669	-0.3069
8aa24da8-071b-4cd2-a1d8-480ee049c863	4	184882105	185032315	111	-0.5505
8aa24da8-071b-4cd2-a1d8-480ee049c863	4	185035885	190106768	3354	-0.2792
8aa24da8-071b-4cd2-a1d8-480ee049c863	5	15532	1880474	921	0.1546
8aa24da8-071b-4cd2-a1d8-480ee049c863	5	1890119	11992598	8823	0.2757
8aa24da8-071b-4cd2-a1d8-480ee049c863	5	11993489	12000270	4	-0.4818
8aa24da8-071b-4cd2-a1d8-480ee049c863	5	12003204	12785139	426	0.1865
8aa24da8-071b-4cd2-a1d8-480ee049c863	5	12785150	12791608	4	-0.3949
8aa24da8-071b-4cd2-a1d8-480ee049c863	5	12800777	12838421	15	1.0596
8aa24da8-071b-4cd2-a1d8-480ee049c863	5	12849089	15452709	1800	0.2724
8aa24da8-071b-4cd2-a1d8-480ee049c863	5	15453169	15576815	66	0.5183
8aa24da8-071b-4cd2-a1d8-480ee049c863	5	15579337	15857033	194	0.3161
8aa24da8-071b-4cd2-a1d8-480ee049c863	5	15857084	15902418	26	-0.2558
8aa24da8-071b-4cd2-a1d8-480ee049c863	5	15902494	17358160	983	0.275
8aa24da8-071b-4cd2-a1d8-480ee049c863	5	17359087	21449167	2434	0.2135
8aa24da8-071b-4cd2-a1d8-480ee049c863	5	21451091	21452329	5	1.2337
8aa24da8-071b-4cd2-a1d8-480ee049c863	5	21452387	23614217	1194	0.221
8aa24da8-071b-4cd2-a1d8-480ee049c863	5	23618658	25030857	863	0.5784
8aa24da8-071b-4cd2-a1d8-480ee049c863	5	25031664	25378353	182	0.7056
8aa24da8-071b-4cd2-a1d8-480ee049c863	5	25378853	26154935	498	0.5353
8aa24da8-071b-4cd2-a1d8-480ee049c863	5	26155189	31062939	2931	0.1843
8aa24da8-071b-4cd2-a1d8-480ee049c863	5	31064766	40302465	6340	0.27
8aa24da8-071b-4cd2-a1d8-480ee049c863	5	40303619	40682448	215	0.1784
8aa24da8-071b-4cd2-a1d8-480ee049c863	5	40685887	40842737	83	-0.2982
8aa24da8-071b-4cd2-a1d8-480ee049c863	5	40846564	46271006	2634	0.2344
8aa24da8-071b-4cd2-a1d8-480ee049c863	5	46271828	46273400	6	-2.5988
8aa24da8-071b-4cd2-a1d8-480ee049c863	5	46278110	52690841	1352	0.2159
8aa24da8-071b-4cd2-a1d8-480ee049c863	5	52691404	52712004	22	0.7689
8aa24da8-071b-4cd2-a1d8-480ee049c863	5	52712833	59748943	5072	0.2483
8aa24da8-071b-4cd2-a1d8-480ee049c863	5	59750343	59800436	30	-0.1763
8aa24da8-071b-4cd2-a1d8-480ee049c863	5	59800907	59864743	50	0.2744
8aa24da8-071b-4cd2-a1d8-480ee049c863	5	59868000	60064793	116	-0.3044
8aa24da8-071b-4cd2-a1d8-480ee049c863	5	60067421	60251134	74	0.2684
8aa24da8-071b-4cd2-a1d8-480ee049c863	5	60253509	60625127	202	-0.3093
8aa24da8-071b-4cd2-a1d8-480ee049c863	5	60625883	74843933	7810	0.2233
8aa24da8-071b-4cd2-a1d8-480ee049c863	5	74845204	74968059	64	0.8875
8aa24da8-071b-4cd2-a1d8-480ee049c863	5	74970895	75638167	340	0.2276
8aa24da8-071b-4cd2-a1d8-480ee049c863	5	75641899	75697685	42	0.5633
8aa24da8-071b-4cd2-a1d8-480ee049c863	5	75701911	82789103	4562	0.2255
8aa24da8-071b-4cd2-a1d8-480ee049c863	5	82791892	93521466	5840	0.1798
8aa24da8-071b-4cd2-a1d8-480ee049c863	5	93521822	94355235	363	-0.2777
8aa24da8-071b-4cd2-a1d8-480ee049c863	5	94355574	103573235	5395	0.2046
8aa24da8-071b-4cd2-a1d8-480ee049c863	5	103574172	103574235	2	-1.4464
8aa24da8-071b-4cd2-a1d8-480ee049c863	5	103578184	106724741	1871	0.1627
8aa24da8-071b-4cd2-a1d8-480ee049c863	5	106724977	115143180	5860	0.2138
8aa24da8-071b-4cd2-a1d8-480ee049c863	5	115144667	115194604	38	-0.3309
8aa24da8-071b-4cd2-a1d8-480ee049c863	5	115198135	128624049	9011	0.1994
8aa24da8-071b-4cd2-a1d8-480ee049c863	5	128625905	128632593	7	-1.0316
8aa24da8-071b-4cd2-a1d8-480ee049c863	5	128635874	129094138	298	0.2198
8aa24da8-071b-4cd2-a1d8-480ee049c863	5	129095064	132001657	1506	0.169
8aa24da8-071b-4cd2-a1d8-480ee049c863	5	132004538	140054053	4838	0.2397
8aa24da8-071b-4cd2-a1d8-480ee049c863	5	140054245	140570553	213	0.5864
8aa24da8-071b-4cd2-a1d8-480ee049c863	5	140590116	144335926	2400	0.2166
8aa24da8-071b-4cd2-a1d8-480ee049c863	5	144336577	145823202	899	0.1405
8aa24da8-071b-4cd2-a1d8-480ee049c863	5	145823835	152134610	4372	0.2271
8aa24da8-071b-4cd2-a1d8-480ee049c863	5	152135825	152138790	14	-0.9652
8aa24da8-071b-4cd2-a1d8-480ee049c863	5	152140710	161462104	6421	0.2188
8aa24da8-071b-4cd2-a1d8-480ee049c863	5	161462228	164291687	1729	0.1554
8aa24da8-071b-4cd2-a1d8-480ee049c863	5	164298409	164343110	25	-0.3531
8aa24da8-071b-4cd2-a1d8-480ee049c863	5	164343957	167842408	2390	0.1842
8aa24da8-071b-4cd2-a1d8-480ee049c863	5	167843004	172361187	3452	0.2289
8aa24da8-071b-4cd2-a1d8-480ee049c863	5	172361588	176154646	2741	0.2691
8aa24da8-071b-4cd2-a1d8-480ee049c863	5	176154845	177770954	696	0.1789
8aa24da8-071b-4cd2-a1d8-480ee049c863	5	177771448	177805604	4	2.1516
8aa24da8-071b-4cd2-a1d8-480ee049c863	5	177827964	181150235	1907	0.2196
8aa24da8-071b-4cd2-a1d8-480ee049c863	5	181150677	181363319	76	-0.4266
8aa24da8-071b-4cd2-a1d8-480ee049c863	6	149661	260376	104	0.3012
8aa24da8-071b-4cd2-a1d8-480ee049c863	6	264756	294443	17	-0.347
8aa24da8-071b-4cd2-a1d8-480ee049c863	6	294474	395810	96	0.1071
8aa24da8-071b-4cd2-a1d8-480ee049c863	6	397937	1018096	543	0.287
8aa24da8-071b-4cd2-a1d8-480ee049c863	6	1018160	8139618	5868	0.3626
8aa24da8-071b-4cd2-a1d8-480ee049c863	6	8140235	10014328	1311	0.3092
8aa24da8-071b-4cd2-a1d8-480ee049c863	6	10014562	11458635	1058	-0.0036
8aa24da8-071b-4cd2-a1d8-480ee049c863	6	11458964	11875554	376	0.3493
8aa24da8-071b-4cd2-a1d8-480ee049c863	6	11877132	29765446	12171	-0.0021
8aa24da8-071b-4cd2-a1d8-480ee049c863	6	29765965	29812555	27	-0.4208
8aa24da8-071b-4cd2-a1d8-480ee049c863	6	29812752	30095591	189	0.0516
8aa24da8-071b-4cd2-a1d8-480ee049c863	6	30096785	30097798	5	-1.1558
8aa24da8-071b-4cd2-a1d8-480ee049c863	6	30098254	30713139	209	-0.0114
8aa24da8-071b-4cd2-a1d8-480ee049c863	6	30716909	32486746	844	0.4674
8aa24da8-071b-4cd2-a1d8-480ee049c863	6	32488906	32602588	28	-0.3188
8aa24da8-071b-4cd2-a1d8-480ee049c863	6	32605994	32641650	26	0.5111
8aa24da8-071b-4cd2-a1d8-480ee049c863	6	32656527	32658841	6	-1.5718
8aa24da8-071b-4cd2-a1d8-480ee049c863	6	32682835	32722250	44	0.5583
8aa24da8-071b-4cd2-a1d8-480ee049c863	6	32723020	32723053	3	-1.5577
8aa24da8-071b-4cd2-a1d8-480ee049c863	6	32732907	35784491	1704	0.6202
8aa24da8-071b-4cd2-a1d8-480ee049c863	6	35785015	35848728	41	0.321
8aa24da8-071b-4cd2-a1d8-480ee049c863	6	35849039	37834942	1291	0.6399
8aa24da8-071b-4cd2-a1d8-480ee049c863	6	37837334	38283004	266	0.2499
8aa24da8-071b-4cd2-a1d8-480ee049c863	6	38283991	38711816	299	0.6043
8aa24da8-071b-4cd2-a1d8-480ee049c863	6	38711900	45997749	4798	0.6548
8aa24da8-071b-4cd2-a1d8-480ee049c863	6	45997780	56479873	6795	0.6115
8aa24da8-071b-4cd2-a1d8-480ee049c863	6	56482063	56737420	126	0.2914
8aa24da8-071b-4cd2-a1d8-480ee049c863	6	56738282	64627049	2542	0.6131
8aa24da8-071b-4cd2-a1d8-480ee049c863	6	64637651	64639099	2	-2.3131
8aa24da8-071b-4cd2-a1d8-480ee049c863	6	64640883	67918572	2330	0.5827
8aa24da8-071b-4cd2-a1d8-480ee049c863	6	67922156	73882142	3823	0.2337
8aa24da8-071b-4cd2-a1d8-480ee049c863	6	73882509	73887625	9	1.151
8aa24da8-071b-4cd2-a1d8-480ee049c863	6	73891694	75309853	925	0.2261
8aa24da8-071b-4cd2-a1d8-480ee049c863	6	75311835	76307209	550	0.6009
8aa24da8-071b-4cd2-a1d8-480ee049c863	6	76307276	76323236	32	0.1512
8aa24da8-071b-4cd2-a1d8-480ee049c863	6	76323472	76627766	188	0.5374
8aa24da8-071b-4cd2-a1d8-480ee049c863	6	76642347	76716152	69	1.1084
8aa24da8-071b-4cd2-a1d8-480ee049c863	6	76718872	76743040	28	1.5051
8aa24da8-071b-4cd2-a1d8-480ee049c863	6	76751356	78169795	914	0.5807
8aa24da8-071b-4cd2-a1d8-480ee049c863	6	78171734	78188798	7	-0.9338
8aa24da8-071b-4cd2-a1d8-480ee049c863	6	78190303	78240104	40	0.7086
8aa24da8-071b-4cd2-a1d8-480ee049c863	6	78240510	78329517	128	1.0716
8aa24da8-071b-4cd2-a1d8-480ee049c863	6	78331916	85585028	4633	0.6008
8aa24da8-071b-4cd2-a1d8-480ee049c863	6	85595729	85730046	58	-0.2868
8aa24da8-071b-4cd2-a1d8-480ee049c863	6	85737150	86696922	507	0.5841
8aa24da8-071b-4cd2-a1d8-480ee049c863	6	86696932	86699924	5	-0.775
8aa24da8-071b-4cd2-a1d8-480ee049c863	6	86700054	86700428	8	-1.7402
8aa24da8-071b-4cd2-a1d8-480ee049c863	6	86700467	86701394	7	-0.7748
8aa24da8-071b-4cd2-a1d8-480ee049c863	6	86701398	87714480	602	0.5985
8aa24da8-071b-4cd2-a1d8-480ee049c863	6	87714791	92577881	3220	1.1388
8aa24da8-071b-4cd2-a1d8-480ee049c863	6	92578145	92676891	54	0.4161
8aa24da8-071b-4cd2-a1d8-480ee049c863	6	92677637	92902167	197	1.0893
8aa24da8-071b-4cd2-a1d8-480ee049c863	6	92902624	92930901	14	0.512
8aa24da8-071b-4cd2-a1d8-480ee049c863	6	92931186	93261921	270	1.066
8aa24da8-071b-4cd2-a1d8-480ee049c863	6	93262641	93442168	126	0.5691
8aa24da8-071b-4cd2-a1d8-480ee049c863	6	93446953	100699219	4231	-0.2696
8aa24da8-071b-4cd2-a1d8-480ee049c863	6	100704755	100768699	38	-0.9694
8aa24da8-071b-4cd2-a1d8-480ee049c863	6	100771705	105082089	2611	-0.2953
8aa24da8-071b-4cd2-a1d8-480ee049c863	6	105084968	113004314	4949	-0.2466
8aa24da8-071b-4cd2-a1d8-480ee049c863	6	113004646	114874292	1211	-0.2933
8aa24da8-071b-4cd2-a1d8-480ee049c863	6	114881368	114881626	4	-1.6671
8aa24da8-071b-4cd2-a1d8-480ee049c863	6	114885112	118546901	2074	-0.2699
8aa24da8-071b-4cd2-a1d8-480ee049c863	6	118550152	118801385	167	-1.1397
8aa24da8-071b-4cd2-a1d8-480ee049c863	6	118805540	121025351	1331	-0.2722
8aa24da8-071b-4cd2-a1d8-480ee049c863	6	121029048	121037553	7	-1.5121
8aa24da8-071b-4cd2-a1d8-480ee049c863	6	121038767	125789243	2991	-0.2647
8aa24da8-071b-4cd2-a1d8-480ee049c863	6	125790283	125793422	5	0.2494
8aa24da8-071b-4cd2-a1d8-480ee049c863	6	125797530	126029596	136	0.6919
8aa24da8-071b-4cd2-a1d8-480ee049c863	6	126038086	126168829	74	0.2743
8aa24da8-071b-4cd2-a1d8-480ee049c863	6	126168959	132316588	3846	-0.2528
8aa24da8-071b-4cd2-a1d8-480ee049c863	6	132318891	132468776	95	-1.0885
8aa24da8-071b-4cd2-a1d8-480ee049c863	6	132472046	167102607	23955	-0.2434
8aa24da8-071b-4cd2-a1d8-480ee049c863	6	167102693	168658428	835	-0.3769
8aa24da8-071b-4cd2-a1d8-480ee049c863	6	168658617	169789830	925	-0.2568
8aa24da8-071b-4cd2-a1d8-480ee049c863	6	169789924	170313678	206	-0.4603
8aa24da8-071b-4cd2-a1d8-480ee049c863	6	170318921	170741917	195	-0.2349
8aa24da8-071b-4cd2-a1d8-480ee049c863	7	43355	4437393	2343	-0.2108
8aa24da8-071b-4cd2-a1d8-480ee049c863	7	4437956	4439758	3	-2.9466
8aa24da8-071b-4cd2-a1d8-480ee049c863	7	4442964	6797437	1062	-0.2075
8aa24da8-071b-4cd2-a1d8-480ee049c863	7	6799093	6827447	7	-2.1048
8aa24da8-071b-4cd2-a1d8-480ee049c863	7	6828011	11880724	4132	-0.1988
8aa24da8-071b-4cd2-a1d8-480ee049c863	7	11881247	11881793	5	-6.7935
8aa24da8-071b-4cd2-a1d8-480ee049c863	7	11884626	54318812	30848	-0.2643
8aa24da8-071b-4cd2-a1d8-480ee049c863	7	54318816	54318824	5	-2.3765
8aa24da8-071b-4cd2-a1d8-480ee049c863	7	54325795	78334244	9222	-0.2639
8aa24da8-071b-4cd2-a1d8-480ee049c863	7	78335157	78465205	160	-1.1465
8aa24da8-071b-4cd2-a1d8-480ee049c863	7	78465242	78466210	4	-2.8636
8aa24da8-071b-4cd2-a1d8-480ee049c863	7	78466265	78466555	2	-7.0883
8aa24da8-071b-4cd2-a1d8-480ee049c863	7	78467162	78978581	382	-1.1087
8aa24da8-071b-4cd2-a1d8-480ee049c863	7	78980614	93364628	9282	-0.2846
8aa24da8-071b-4cd2-a1d8-480ee049c863	7	93367645	93368341	2	-4.0799
8aa24da8-071b-4cd2-a1d8-480ee049c863	7	93371120	95519781	1299	-0.2766
8aa24da8-071b-4cd2-a1d8-480ee049c863	7	95522359	95640069	84	0.2125
8aa24da8-071b-4cd2-a1d8-480ee049c863	7	95640114	95726972	58	0.914
8aa24da8-071b-4cd2-a1d8-480ee049c863	7	95728756	95778975	28	0.229
8aa24da8-071b-4cd2-a1d8-480ee049c863	7	95779435	95792911	15	-0.2244
8aa24da8-071b-4cd2-a1d8-480ee049c863	7	95795029	98258697	1495	-1.08
8aa24da8-071b-4cd2-a1d8-480ee049c863	7	98258773	98293563	12	-3.3959
8aa24da8-071b-4cd2-a1d8-480ee049c863	7	98294667	109793728	6273	-1.0804
8aa24da8-071b-4cd2-a1d8-480ee049c863	7	109793741	109813853	36	0.146
8aa24da8-071b-4cd2-a1d8-480ee049c863	7	109813925	145537727	21719	-1.0907
8aa24da8-071b-4cd2-a1d8-480ee049c863	7	145539397	145555124	16	-4.194
8aa24da8-071b-4cd2-a1d8-480ee049c863	7	145555628	159334314	8731	-1.1378
8aa24da8-071b-4cd2-a1d8-480ee049c863	8	81254	2844412	2035	-0.303
8aa24da8-071b-4cd2-a1d8-480ee049c863	8	2846011	2846377	7	-1.7104
8aa24da8-071b-4cd2-a1d8-480ee049c863	8	2849649	3311866	471	-0.2788
8aa24da8-071b-4cd2-a1d8-480ee049c863	8	3312164	3312562	2	-2.1606
8aa24da8-071b-4cd2-a1d8-480ee049c863	8	3313072	7433619	5224	-0.2679
8aa24da8-071b-4cd2-a1d8-480ee049c863	8	7440674	11801118	3097	0.2615
8aa24da8-071b-4cd2-a1d8-480ee049c863	8	11809987	12025748	155	-0.3538
8aa24da8-071b-4cd2-a1d8-480ee049c863	8	12035719	13818916	1207	0.2854
8aa24da8-071b-4cd2-a1d8-480ee049c863	8	13819095	16567899	2521	0.2097
8aa24da8-071b-4cd2-a1d8-480ee049c863	8	16568226	20850824	3842	0.2766
8aa24da8-071b-4cd2-a1d8-480ee049c863	8	20851490	25117007	2881	0.6433
8aa24da8-071b-4cd2-a1d8-480ee049c863	8	25117062	25119126	6	-0.2203
8aa24da8-071b-4cd2-a1d8-480ee049c863	8	25119160	30708367	3934	0.6312
8aa24da8-071b-4cd2-a1d8-480ee049c863	8	30716682	36208478	3389	0.5894
8aa24da8-071b-4cd2-a1d8-480ee049c863	8	36209855	39373140	1706	0.6359
8aa24da8-071b-4cd2-a1d8-480ee049c863	8	39378084	39529446	59	1.5448
8aa24da8-071b-4cd2-a1d8-480ee049c863	8	39530780	47767137	3252	0.6129
8aa24da8-071b-4cd2-a1d8-480ee049c863	8	47772179	47884821	53	0.2174
8aa24da8-071b-4cd2-a1d8-480ee049c863	8	47887226	48190621	147	0.6
8aa24da8-071b-4cd2-a1d8-480ee049c863	8	48202394	48977573	437	0.7061
8aa24da8-071b-4cd2-a1d8-480ee049c863	8	48980929	54025271	3225	0.6128
8aa24da8-071b-4cd2-a1d8-480ee049c863	8	54026168	54143806	41	0.21
8aa24da8-071b-4cd2-a1d8-480ee049c863	8	54145931	54296370	97	0.6053
8aa24da8-071b-4cd2-a1d8-480ee049c863	8	54296488	54298558	7	-0.5156
8aa24da8-071b-4cd2-a1d8-480ee049c863	8	54298653	69659918	9672	0.5969
8aa24da8-071b-4cd2-a1d8-480ee049c863	8	69661081	71300130	951	0.8705
8aa24da8-071b-4cd2-a1d8-480ee049c863	8	71303076	71304364	8	0.1278
8aa24da8-071b-4cd2-a1d8-480ee049c863	8	71307628	81164146	6147	0.8799
8aa24da8-071b-4cd2-a1d8-480ee049c863	8	81171057	89321506	4620	0.5737
8aa24da8-071b-4cd2-a1d8-480ee049c863	8	89321628	89321705	2	-1.0629
8aa24da8-071b-4cd2-a1d8-480ee049c863	8	89321732	94905643	3243	0.5923
8aa24da8-071b-4cd2-a1d8-480ee049c863	8	94910482	107019349	7582	0.2527
8aa24da8-071b-4cd2-a1d8-480ee049c863	8	107021854	107029808	4	1.3039
8aa24da8-071b-4cd2-a1d8-480ee049c863	8	107034678	109998527	1793	0.2383
8aa24da8-071b-4cd2-a1d8-480ee049c863	8	109999057	111279265	687	0.1574
8aa24da8-071b-4cd2-a1d8-480ee049c863	8	111282050	111282441	5	-0.6624
8aa24da8-071b-4cd2-a1d8-480ee049c863	8	111282809	112221860	492	0.164
8aa24da8-071b-4cd2-a1d8-480ee049c863	8	112222327	112270608	30	-0.422
8aa24da8-071b-4cd2-a1d8-480ee049c863	8	112270985	114619207	1299	0.1704
8aa24da8-071b-4cd2-a1d8-480ee049c863	8	114619814	114629502	36	-0.6994
8aa24da8-071b-4cd2-a1d8-480ee049c863	8	114638468	115456588	536	0.2013
8aa24da8-071b-4cd2-a1d8-480ee049c863	8	115458243	115472967	10	-0.1266
8aa24da8-071b-4cd2-a1d8-480ee049c863	8	115473088	115508072	17	0.2443
8aa24da8-071b-4cd2-a1d8-480ee049c863	8	115517846	137857476	16255	-0.295
8aa24da8-071b-4cd2-a1d8-480ee049c863	8	137858162	140449762	2136	-0.2424
8aa24da8-071b-4cd2-a1d8-480ee049c863	8	140449870	141349163	502	-0.3279
8aa24da8-071b-4cd2-a1d8-480ee049c863	8	141349269	142262906	554	0.1107
8aa24da8-071b-4cd2-a1d8-480ee049c863	8	142264116	143404197	442	-0.3197
8aa24da8-071b-4cd2-a1d8-480ee049c863	8	143413727	143604922	51	0.227
8aa24da8-071b-4cd2-a1d8-480ee049c863	8	143610108	144084619	134	-0.3911
8aa24da8-071b-4cd2-a1d8-480ee049c863	8	144090023	144211103	48	0.4434
8aa24da8-071b-4cd2-a1d8-480ee049c863	8	144214680	145072769	336	0.1016
8aa24da8-071b-4cd2-a1d8-480ee049c863	9	46587	439622	317	0.0988
8aa24da8-071b-4cd2-a1d8-480ee049c863	9	440666	6256144	5731	0.2405
8aa24da8-071b-4cd2-a1d8-480ee049c863	9	6256586	6695986	321	0.1324
8aa24da8-071b-4cd2-a1d8-480ee049c863	9	6701145	6708357	7	-2.8095
8aa24da8-071b-4cd2-a1d8-480ee049c863	9	6712314	7818997	1197	0.1816
8aa24da8-071b-4cd2-a1d8-480ee049c863	9	7819715	10952730	2879	0.5845
8aa24da8-071b-4cd2-a1d8-480ee049c863	9	10953123	12526333	1217	0.6474
8aa24da8-071b-4cd2-a1d8-480ee049c863	9	12527414	15555460	2469	0.588
8aa24da8-071b-4cd2-a1d8-480ee049c863	9	15556115	15603515	26	0.1749
8aa24da8-071b-4cd2-a1d8-480ee049c863	9	15603889	20666640	4303	0.5943
8aa24da8-071b-4cd2-a1d8-480ee049c863	9	20666772	20760058	73	0.2742
8aa24da8-071b-4cd2-a1d8-480ee049c863	9	20760072	23361807	1870	0.5577
8aa24da8-071b-4cd2-a1d8-480ee049c863	9	23363117	23380447	11	1.2181
8aa24da8-071b-4cd2-a1d8-480ee049c863	9	23380836	35412754	8478	0.5636
8aa24da8-071b-4cd2-a1d8-480ee049c863	9	35413135	39455364	2239	0.6148
8aa24da8-071b-4cd2-a1d8-480ee049c863	9	39455596	39588611	25	1.004
8aa24da8-071b-4cd2-a1d8-480ee049c863	9	39747848	41644133	94	0.3271
8aa24da8-071b-4cd2-a1d8-480ee049c863	9	41644288	42524983	46	-0.0376
8aa24da8-071b-4cd2-a1d8-480ee049c863	9	42546668	42729302	18	0.2104
8aa24da8-071b-4cd2-a1d8-480ee049c863	9	42736668	61629689	68	0.5897
8aa24da8-071b-4cd2-a1d8-480ee049c863	9	61633080	68318441	169	0.3291
8aa24da8-071b-4cd2-a1d8-480ee049c863	9	68325679	68541718	117	0.9154
8aa24da8-071b-4cd2-a1d8-480ee049c863	9	68544586	68610288	62	0.5923
8aa24da8-071b-4cd2-a1d8-480ee049c863	9	68611081	72623666	3060	0.2493
8aa24da8-071b-4cd2-a1d8-480ee049c863	9	72628042	74531119	1162	0.1838
8aa24da8-071b-4cd2-a1d8-480ee049c863	9	74535353	75310443	520	0.2448
8aa24da8-071b-4cd2-a1d8-480ee049c863	9	75312020	75351158	15	-0.2673
8aa24da8-071b-4cd2-a1d8-480ee049c863	9	75352797	87907679	9267	0.2373
8aa24da8-071b-4cd2-a1d8-480ee049c863	9	87939236	87939304	2	-2.3835
8aa24da8-071b-4cd2-a1d8-480ee049c863	9	87943042	89095891	737	0.2787
8aa24da8-071b-4cd2-a1d8-480ee049c863	9	89099533	92337404	2385	0.93
8aa24da8-071b-4cd2-a1d8-480ee049c863	9	92339447	92613694	121	0.63
8aa24da8-071b-4cd2-a1d8-480ee049c863	9	92614823	94820623	1286	0.9076
8aa24da8-071b-4cd2-a1d8-480ee049c863	9	94821214	95533751	586	0.5878
8aa24da8-071b-4cd2-a1d8-480ee049c863	9	95534121	99527720	2614	0.6805
8aa24da8-071b-4cd2-a1d8-480ee049c863	9	99530238	100008211	226	0.5772
8aa24da8-071b-4cd2-a1d8-480ee049c863	9	100011933	100238729	117	0.2889
8aa24da8-071b-4cd2-a1d8-480ee049c863	9	100239320	103491176	2284	0.6367
8aa24da8-071b-4cd2-a1d8-480ee049c863	9	103493403	104074626	440	0.9019
8aa24da8-071b-4cd2-a1d8-480ee049c863	9	104078125	104090136	11	0.2411
8aa24da8-071b-4cd2-a1d8-480ee049c863	9	104092264	105231360	1002	0.9096
8aa24da8-071b-4cd2-a1d8-480ee049c863	9	105231513	105231705	5	-0.0179
8aa24da8-071b-4cd2-a1d8-480ee049c863	9	105231884	111610201	4918	0.9103
8aa24da8-071b-4cd2-a1d8-480ee049c863	9	111610370	112052619	308	1.2967
8aa24da8-071b-4cd2-a1d8-480ee049c863	9	112055545	113729016	1110	0.8889
8aa24da8-071b-4cd2-a1d8-480ee049c863	9	113730219	114291915	421	0.9883
8aa24da8-071b-4cd2-a1d8-480ee049c863	9	114292078	119696981	4476	0.8898
8aa24da8-071b-4cd2-a1d8-480ee049c863	9	119697940	119998633	251	0.6126
8aa24da8-071b-4cd2-a1d8-480ee049c863	9	119998944	120544651	425	0.4422
8aa24da8-071b-4cd2-a1d8-480ee049c863	9	120544677	121242409	414	0.6111
8aa24da8-071b-4cd2-a1d8-480ee049c863	9	121244506	121244734	2	-0.5961
8aa24da8-071b-4cd2-a1d8-480ee049c863	9	121249520	121821554	316	0.6238
8aa24da8-071b-4cd2-a1d8-480ee049c863	9	121828141	122054345	172	0.3027
8aa24da8-071b-4cd2-a1d8-480ee049c863	9	122054719	123430569	820	0.6138
8aa24da8-071b-4cd2-a1d8-480ee049c863	9	123431067	123913324	295	0.2725
8aa24da8-071b-4cd2-a1d8-480ee049c863	9	123916152	124384648	385	0.6355
8aa24da8-071b-4cd2-a1d8-480ee049c863	9	124390377	124472034	45	1.1476
8aa24da8-071b-4cd2-a1d8-480ee049c863	9	124481221	127973658	2051	0.6128
8aa24da8-071b-4cd2-a1d8-480ee049c863	9	127974598	128022291	31	1.1425
8aa24da8-071b-4cd2-a1d8-480ee049c863	9	128023222	128159167	80	0.9113
8aa24da8-071b-4cd2-a1d8-480ee049c863	9	128161960	128885613	266	0.5468
8aa24da8-071b-4cd2-a1d8-480ee049c863	9	128886835	129251692	153	0.8823
8aa24da8-071b-4cd2-a1d8-480ee049c863	9	129257126	132920063	2386	0.6701
8aa24da8-071b-4cd2-a1d8-480ee049c863	9	132920079	137275916	2112	0.9514
8aa24da8-071b-4cd2-a1d8-480ee049c863	9	137286284	137358495	23	0.5404
8aa24da8-071b-4cd2-a1d8-480ee049c863	9	137361190	138092141	336	0.8228
8aa24da8-071b-4cd2-a1d8-480ee049c863	9	138092300	138200944	73	0.6102
8aa24da8-071b-4cd2-a1d8-480ee049c863	10	45792	16641274	13679	-1.1285
8aa24da8-071b-4cd2-a1d8-480ee049c863	10	16641656	16644172	3	-6.1597
8aa24da8-071b-4cd2-a1d8-480ee049c863	10	16644200	29318045	8899	-1.1119
8aa24da8-071b-4cd2-a1d8-480ee049c863	10	29320342	37677063	5687	-0.2575
8aa24da8-071b-4cd2-a1d8-480ee049c863	10	37679350	44493543	2038	0.2475
8aa24da8-071b-4cd2-a1d8-480ee049c863	10	44496107	44737381	176	-0.2785
8aa24da8-071b-4cd2-a1d8-480ee049c863	10	44739758	45574604	531	0.2375
8aa24da8-071b-4cd2-a1d8-480ee049c863	10	45577424	45580787	5	-1.0368
8aa24da8-071b-4cd2-a1d8-480ee049c863	10	45584888	45798171	54	0.2258
8aa24da8-071b-4cd2-a1d8-480ee049c863	10	45817039	47297216	481	-0.2486
8aa24da8-071b-4cd2-a1d8-480ee049c863	10	47297284	47680348	103	0.2626
8aa24da8-071b-4cd2-a1d8-480ee049c863	10	47684886	50574828	1676	-0.2149
8aa24da8-071b-4cd2-a1d8-480ee049c863	10	50574863	55020704	3392	-0.2977
8aa24da8-071b-4cd2-a1d8-480ee049c863	10	55023595	55131758	73	0.2145
8aa24da8-071b-4cd2-a1d8-480ee049c863	10	55136883	56479903	904	-0.266
8aa24da8-071b-4cd2-a1d8-480ee049c863	10	56483324	56741258	155	0.1819
8aa24da8-071b-4cd2-a1d8-480ee049c863	10	56747640	57443289	615	-0.2789
8aa24da8-071b-4cd2-a1d8-480ee049c863	10	57450745	57451013	4	-2.8397
8aa24da8-071b-4cd2-a1d8-480ee049c863	10	57458735	59598509	1527	-0.2731
8aa24da8-071b-4cd2-a1d8-480ee049c863	10	59604357	59605506	8	-2.0899
8aa24da8-071b-4cd2-a1d8-480ee049c863	10	59605724	69435858	6532	-0.2671
8aa24da8-071b-4cd2-a1d8-480ee049c863	10	69437219	69439138	2	-2.3213
8aa24da8-071b-4cd2-a1d8-480ee049c863	10	69439238	77189006	4800	-0.246
8aa24da8-071b-4cd2-a1d8-480ee049c863	10	77196642	77588977	372	-1.1573
8aa24da8-071b-4cd2-a1d8-480ee049c863	10	77589474	77730512	101	-0.2415
8aa24da8-071b-4cd2-a1d8-480ee049c863	10	77733069	77865649	105	-1.1166
8aa24da8-071b-4cd2-a1d8-480ee049c863	10	77868893	96871959	12774	-0.2558
8aa24da8-071b-4cd2-a1d8-480ee049c863	10	96874556	97005579	55	-1.0179
8aa24da8-071b-4cd2-a1d8-480ee049c863	10	97006833	102539892	3168	-0.2455
8aa24da8-071b-4cd2-a1d8-480ee049c863	10	102541755	102786426	117	0.2538
8aa24da8-071b-4cd2-a1d8-480ee049c863	10	102786868	103805078	524	-0.2435
8aa24da8-071b-4cd2-a1d8-480ee049c863	10	103810464	104175677	242	0.2718
8aa24da8-071b-4cd2-a1d8-480ee049c863	10	104179912	105194236	798	-0.2685
8aa24da8-071b-4cd2-a1d8-480ee049c863	10	105196800	106182652	709	0.2132
8aa24da8-071b-4cd2-a1d8-480ee049c863	10	106184510	107240677	793	-0.2623
8aa24da8-071b-4cd2-a1d8-480ee049c863	10	107243636	107698840	396	0.2459
8aa24da8-071b-4cd2-a1d8-480ee049c863	10	107699288	107852340	157	-0.3265
8aa24da8-071b-4cd2-a1d8-480ee049c863	10	107855043	110397332	1658	0.2347
8aa24da8-071b-4cd2-a1d8-480ee049c863	10	110398236	113815279	2510	0.294
8aa24da8-071b-4cd2-a1d8-480ee049c863	10	113819921	114492896	440	-0.2507
8aa24da8-071b-4cd2-a1d8-480ee049c863	10	114494899	124334534	7263	0.2935
8aa24da8-071b-4cd2-a1d8-480ee049c863	10	124336581	124795551	291	0.6892
8aa24da8-071b-4cd2-a1d8-480ee049c863	10	124798490	130390609	4315	0.31
8aa24da8-071b-4cd2-a1d8-480ee049c863	10	130390968	130976039	567	0.1613
8aa24da8-071b-4cd2-a1d8-480ee049c863	10	130983995	132471899	980	-0.3017
8aa24da8-071b-4cd2-a1d8-480ee049c863	10	132473426	132473842	2	-3.0722
8aa24da8-071b-4cd2-a1d8-480ee049c863	10	132477040	133654968	512	-0.3094
8aa24da8-071b-4cd2-a1d8-480ee049c863	11	198510	2689592	896	-0.2997
8aa24da8-071b-4cd2-a1d8-480ee049c863	11	2694069	3118870	254	0.2777
8aa24da8-071b-4cd2-a1d8-480ee049c863	11	3118966	3929967	378	-0.2751
8aa24da8-071b-4cd2-a1d8-480ee049c863	11	3933881	4431219	302	-1.0568
8aa24da8-071b-4cd2-a1d8-480ee049c863	11	4431242	4434755	6	-4.2475
8aa24da8-071b-4cd2-a1d8-480ee049c863	11	4439031	4949137	578	-1.0494
8aa24da8-071b-4cd2-a1d8-480ee049c863	11	4950775	4952633	15	-2.1551
8aa24da8-071b-4cd2-a1d8-480ee049c863	11	4952648	5189339	203	-1.0619
8aa24da8-071b-4cd2-a1d8-480ee049c863	11	5192046	5193183	4	-6.7199
8aa24da8-071b-4cd2-a1d8-480ee049c863	11	5199513	10640761	3908	-1.0826
8aa24da8-071b-4cd2-a1d8-480ee049c863	11	10640802	10644014	4	-4.7116
8aa24da8-071b-4cd2-a1d8-480ee049c863	11	10644331	12007535	1249	-1.1317
8aa24da8-071b-4cd2-a1d8-480ee049c863	11	12007924	19919832	5704	-0.2398
8aa24da8-071b-4cd2-a1d8-480ee049c863	11	19925922	20800077	767	0.2888
8aa24da8-071b-4cd2-a1d8-480ee049c863	11	20810054	20862105	56	-0.2401
8aa24da8-071b-4cd2-a1d8-480ee049c863	11	20864353	23125710	1782	0.2188
8aa24da8-071b-4cd2-a1d8-480ee049c863	11	23127255	23402403	214	-0.302
8aa24da8-071b-4cd2-a1d8-480ee049c863	11	23407525	29996582	4467	0.2202
8aa24da8-071b-4cd2-a1d8-480ee049c863	11	30000061	34948948	3464	0.2669
8aa24da8-071b-4cd2-a1d8-480ee049c863	11	34953520	35215152	219	0.5861
8aa24da8-071b-4cd2-a1d8-480ee049c863	11	35215203	37646484	1898	0.6576
8aa24da8-071b-4cd2-a1d8-480ee049c863	11	37646530	40164575	1521	0.5789
8aa24da8-071b-4cd2-a1d8-480ee049c863	11	40165198	40263725	81	0.2167
8aa24da8-071b-4cd2-a1d8-480ee049c863	11	40272695	40687009	300	0.596
8aa24da8-071b-4cd2-a1d8-480ee049c863	11	40688713	40921402	149	0.2272
8aa24da8-071b-4cd2-a1d8-480ee049c863	11	40922527	41019307	79	0.6122
8aa24da8-071b-4cd2-a1d8-480ee049c863	11	41022275	41102762	69	0.1938
8aa24da8-071b-4cd2-a1d8-480ee049c863	11	41106735	41225494	87	-0.246
8aa24da8-071b-4cd2-a1d8-480ee049c863	11	41226592	41369838	111	0.1484
8aa24da8-071b-4cd2-a1d8-480ee049c863	11	41372168	43855263	1718	0.5926
8aa24da8-071b-4cd2-a1d8-480ee049c863	11	43857990	46374929	1739	0.6795
8aa24da8-071b-4cd2-a1d8-480ee049c863	11	46385307	46476901	40	0.2085
8aa24da8-071b-4cd2-a1d8-480ee049c863	11	46477644	46505731	11	0.4914
8aa24da8-071b-4cd2-a1d8-480ee049c863	11	46514251	46707279	79	0.9059
8aa24da8-071b-4cd2-a1d8-480ee049c863	11	46707515	47525030	303	0.643
8aa24da8-071b-4cd2-a1d8-480ee049c863	11	47526778	54743970	1403	0.5786
8aa24da8-071b-4cd2-a1d8-480ee049c863	11	54762035	54766290	3	-1.4567
8aa24da8-071b-4cd2-a1d8-480ee049c863	11	54782119	55606712	288	0.6215
8aa24da8-071b-4cd2-a1d8-480ee049c863	11	55606727	55686100	57	0.3027
8aa24da8-071b-4cd2-a1d8-480ee049c863	11	55693207	61254760	3400	0.6217
8aa24da8-071b-4cd2-a1d8-480ee049c863	11	61255033	62209149	483	0.8857
8aa24da8-071b-4cd2-a1d8-480ee049c863	11	62210120	62237473	21	1.3234
8aa24da8-071b-4cd2-a1d8-480ee049c863	11	62238650	62611641	214	0.9061
8aa24da8-071b-4cd2-a1d8-480ee049c863	11	62614179	64586891	922	0.5712
8aa24da8-071b-4cd2-a1d8-480ee049c863	11	64588300	65031323	139	0.7687
8aa24da8-071b-4cd2-a1d8-480ee049c863	11	65031576	65460667	162	0.4175
8aa24da8-071b-4cd2-a1d8-480ee049c863	11	65468416	65520786	22	0.7721
8aa24da8-071b-4cd2-a1d8-480ee049c863	11	65523324	65603806	30	0.3815
8aa24da8-071b-4cd2-a1d8-480ee049c863	11	65604133	77041201	5695	-0.2439
8aa24da8-071b-4cd2-a1d8-480ee049c863	11	77044079	77088638	24	0.3152
8aa24da8-071b-4cd2-a1d8-480ee049c863	11	77094731	77904567	405	-0.2401
8aa24da8-071b-4cd2-a1d8-480ee049c863	11	77908887	78145131	123	0.2701
8aa24da8-071b-4cd2-a1d8-480ee049c863	11	78152522	90504281	8467	-0.2457
8aa24da8-071b-4cd2-a1d8-480ee049c863	11	90504403	92067543	1115	-0.3236
8aa24da8-071b-4cd2-a1d8-480ee049c863	11	92067749	94092434	1504	-0.2409
8aa24da8-071b-4cd2-a1d8-480ee049c863	11	94093347	94093942	2	-2.1913
8aa24da8-071b-4cd2-a1d8-480ee049c863	11	94100280	100968800	5078	-0.2572
8aa24da8-071b-4cd2-a1d8-480ee049c863	11	100977744	101039961	72	-1.0836
8aa24da8-071b-4cd2-a1d8-480ee049c863	11	101041591	107243334	4320	-0.2584
8aa24da8-071b-4cd2-a1d8-480ee049c863	11	107243473	132930674	18379	-0.219
8aa24da8-071b-4cd2-a1d8-480ee049c863	11	132931295	135074876	1616	-0.2974
8aa24da8-071b-4cd2-a1d8-480ee049c863	12	51460	87409	13	-0.0139
8aa24da8-071b-4cd2-a1d8-480ee049c863	12	89761	1173267	661	0.5208
8aa24da8-071b-4cd2-a1d8-480ee049c863	12	1174716	1469649	159	0.1736
8aa24da8-071b-4cd2-a1d8-480ee049c863	12	1476910	1678867	124	0.5507
8aa24da8-071b-4cd2-a1d8-480ee049c863	12	1678928	6355643	3702	0.6292
8aa24da8-071b-4cd2-a1d8-480ee049c863	12	6356689	8210120	875	0.5554
8aa24da8-071b-4cd2-a1d8-480ee049c863	12	8212308	8296621	23	0.1587
8aa24da8-071b-4cd2-a1d8-480ee049c863	12	8300870	8404097	35	0.5892
8aa24da8-071b-4cd2-a1d8-480ee049c863	12	8405892	8406040	2	3.2764
8aa24da8-071b-4cd2-a1d8-480ee049c863	12	8406196	8432076	16	1.1043
8aa24da8-071b-4cd2-a1d8-480ee049c863	12	8442298	12675116	2845	0.5761
8aa24da8-071b-4cd2-a1d8-480ee049c863	12	12675372	14313892	1293	0.2414
8aa24da8-071b-4cd2-a1d8-480ee049c863	12	14318853	25229379	7203	0.2046
8aa24da8-071b-4cd2-a1d8-480ee049c863	12	25229415	32600285	5464	0.2527
8aa24da8-071b-4cd2-a1d8-480ee049c863	12	32611250	33141726	348	0.5756
8aa24da8-071b-4cd2-a1d8-480ee049c863	12	33148472	33155426	28	-2.9589
8aa24da8-071b-4cd2-a1d8-480ee049c863	12	33155453	45755194	5746	0.5928
8aa24da8-071b-4cd2-a1d8-480ee049c863	12	45755606	45862777	45	0.1656
8aa24da8-071b-4cd2-a1d8-480ee049c863	12	45864379	52512313	3733	0.5893
8aa24da8-071b-4cd2-a1d8-480ee049c863	12	52512802	52881483	348	0.6881
8aa24da8-071b-4cd2-a1d8-480ee049c863	12	52881550	53360937	248	0.5465
8aa24da8-071b-4cd2-a1d8-480ee049c863	12	53365012	62353465	5263	0.211
8aa24da8-071b-4cd2-a1d8-480ee049c863	12	62354330	64220394	1166	0.8691
8aa24da8-071b-4cd2-a1d8-480ee049c863	12	64224484	64936986	399	0.5723
8aa24da8-071b-4cd2-a1d8-480ee049c863	12	64937691	65273286	177	0.8493
8aa24da8-071b-4cd2-a1d8-480ee049c863	12	65275254	65353824	47	0.6186
8aa24da8-071b-4cd2-a1d8-480ee049c863	12	65355252	65476153	58	0.8896
8aa24da8-071b-4cd2-a1d8-480ee049c863	12	65476521	65762318	184	0.6115
8aa24da8-071b-4cd2-a1d8-480ee049c863	12	65762934	72135722	4439	0.8817
8aa24da8-071b-4cd2-a1d8-480ee049c863	12	72139503	72621137	296	1.0507
8aa24da8-071b-4cd2-a1d8-480ee049c863	12	72621882	73846048	718	0.8242
8aa24da8-071b-4cd2-a1d8-480ee049c863	12	73847973	74419257	273	1.115
8aa24da8-071b-4cd2-a1d8-480ee049c863	12	74419316	75853763	990	0.8437
8aa24da8-071b-4cd2-a1d8-480ee049c863	12	75854387	76546242	401	0.5902
8aa24da8-071b-4cd2-a1d8-480ee049c863	12	76554524	77224987	423	0.8675
8aa24da8-071b-4cd2-a1d8-480ee049c863	12	77225461	77937645	587	1.0883
8aa24da8-071b-4cd2-a1d8-480ee049c863	12	77939006	78410727	368	0.8257
8aa24da8-071b-4cd2-a1d8-480ee049c863	12	78410794	79448813	637	1.0788
8aa24da8-071b-4cd2-a1d8-480ee049c863	12	79451848	86017863	3976	0.834
8aa24da8-071b-4cd2-a1d8-480ee049c863	12	86018263	86832997	394	0.5615
8aa24da8-071b-4cd2-a1d8-480ee049c863	12	86833121	86987131	77	0.9593
8aa24da8-071b-4cd2-a1d8-480ee049c863	12	86989482	87819688	486	0.7983
8aa24da8-071b-4cd2-a1d8-480ee049c863	12	87822674	87921793	58	1.0466
8aa24da8-071b-4cd2-a1d8-480ee049c863	12	87923581	88510285	326	0.5771
8aa24da8-071b-4cd2-a1d8-480ee049c863	12	88510786	88753810	152	0.8753
8aa24da8-071b-4cd2-a1d8-480ee049c863	12	88753906	89369709	388	0.592
8aa24da8-071b-4cd2-a1d8-480ee049c863	12	89372423	90089573	409	0.8312
8aa24da8-071b-4cd2-a1d8-480ee049c863	12	90097892	90099780	8	1.4521
8aa24da8-071b-4cd2-a1d8-480ee049c863	12	90099836	90628422	349	0.8522
8aa24da8-071b-4cd2-a1d8-480ee049c863	12	90634384	97794169	5072	0.2353
8aa24da8-071b-4cd2-a1d8-480ee049c863	12	97794671	98372734	403	0.8667
8aa24da8-071b-4cd2-a1d8-480ee049c863	12	98374392	99398036	623	0.2504
8aa24da8-071b-4cd2-a1d8-480ee049c863	12	99401515	99409315	32	-0.4341
8aa24da8-071b-4cd2-a1d8-480ee049c863	12	99409340	99498032	63	0.3562
8aa24da8-071b-4cd2-a1d8-480ee049c863	12	99499908	99788154	175	0.5762
8aa24da8-071b-4cd2-a1d8-480ee049c863	12	99791447	113135432	8556	-0.247
8aa24da8-071b-4cd2-a1d8-480ee049c863	12	113140398	113301830	60	0.2942
8aa24da8-071b-4cd2-a1d8-480ee049c863	12	113302166	114746460	1138	-0.2444
8aa24da8-071b-4cd2-a1d8-480ee049c863	12	114747507	114805473	36	0.6461
8aa24da8-071b-4cd2-a1d8-480ee049c863	12	114805526	114889122	59	0.155
8aa24da8-071b-4cd2-a1d8-480ee049c863	12	114889167	122994180	5171	-0.246
8aa24da8-071b-4cd2-a1d8-480ee049c863	12	123007565	123445495	161	0.5863
8aa24da8-071b-4cd2-a1d8-480ee049c863	12	123445675	123456739	3	-0.0537
8aa24da8-071b-4cd2-a1d8-480ee049c863	12	123458038	123499479	14	0.544
8aa24da8-071b-4cd2-a1d8-480ee049c863	12	123500418	123565138	22	1.133
8aa24da8-071b-4cd2-a1d8-480ee049c863	12	123571569	124734394	728	-0.247
8aa24da8-071b-4cd2-a1d8-480ee049c863	12	124734575	125004847	181	-1.1279
8aa24da8-071b-4cd2-a1d8-480ee049c863	12	125007799	126887121	1559	-0.561
8aa24da8-071b-4cd2-a1d8-480ee049c863	12	126889117	126889193	2	-2.6735
8aa24da8-071b-4cd2-a1d8-480ee049c863	12	126890667	129663047	2522	-0.593
8aa24da8-071b-4cd2-a1d8-480ee049c863	12	129663122	130128045	375	-0.7445
8aa24da8-071b-4cd2-a1d8-480ee049c863	12	130129277	130129612	2	-3.2611
8aa24da8-071b-4cd2-a1d8-480ee049c863	12	130130240	130578355	384	-0.6938
8aa24da8-071b-4cd2-a1d8-480ee049c863	12	130578624	131636170	850	-0.5683
8aa24da8-071b-4cd2-a1d8-480ee049c863	12	131648039	131648765	11	0.2643
8aa24da8-071b-4cd2-a1d8-480ee049c863	12	131648777	132584760	288	-0.557
8aa24da8-071b-4cd2-a1d8-480ee049c863	12	132605822	132836964	96	-0.8413
8aa24da8-071b-4cd2-a1d8-480ee049c863	12	132841110	133201603	176	-0.5096
8aa24da8-071b-4cd2-a1d8-480ee049c863	13	18452809	37496998	13440	-0.2648
8aa24da8-071b-4cd2-a1d8-480ee049c863	13	37497899	37510620	16	-1.9943
8aa24da8-071b-4cd2-a1d8-480ee049c863	13	37514193	43573324	4322	-0.2624
8aa24da8-071b-4cd2-a1d8-480ee049c863	13	43576399	43630417	50	-1.0218
8aa24da8-071b-4cd2-a1d8-480ee049c863	13	43631484	47321130	2440	-0.2488
8aa24da8-071b-4cd2-a1d8-480ee049c863	13	47324058	47325901	2	-1.9982
8aa24da8-071b-4cd2-a1d8-480ee049c863	13	47325914	48004422	435	-0.2536
8aa24da8-071b-4cd2-a1d8-480ee049c863	13	48004601	48302456	163	-1.0908
8aa24da8-071b-4cd2-a1d8-480ee049c863	13	48305525	71903417	14097	-0.2794
8aa24da8-071b-4cd2-a1d8-480ee049c863	13	71906311	71906418	2	2.1355
8aa24da8-071b-4cd2-a1d8-480ee049c863	13	71906467	110401612	26739	-0.269
8aa24da8-071b-4cd2-a1d8-480ee049c863	13	110401667	110740033	283	0.3277
8aa24da8-071b-4cd2-a1d8-480ee049c863	13	110742782	114342922	1997	-0.2531
8aa24da8-071b-4cd2-a1d8-480ee049c863	14	18239283	19019303	30	0.1506
8aa24da8-071b-4cd2-a1d8-480ee049c863	14	19049265	19140829	6	0.7805
8aa24da8-071b-4cd2-a1d8-480ee049c863	14	19143599	19256296	7	-0.2137
8aa24da8-071b-4cd2-a1d8-480ee049c863	14	19280948	19380699	8	-1.2047
8aa24da8-071b-4cd2-a1d8-480ee049c863	14	19383592	19957350	118	-0.0918
8aa24da8-071b-4cd2-a1d8-480ee049c863	14	19957701	21789074	1206	0.2588
8aa24da8-071b-4cd2-a1d8-480ee049c863	14	21789578	22534369	672	0.4609
8aa24da8-071b-4cd2-a1d8-480ee049c863	14	22535762	22623202	76	0.1564
8aa24da8-071b-4cd2-a1d8-480ee049c863	14	22625942	22630304	7	-0.9356
8aa24da8-071b-4cd2-a1d8-480ee049c863	14	22630485	31908554	5493	0.2465
8aa24da8-071b-4cd2-a1d8-480ee049c863	14	31912768	32584595	488	0.6398
8aa24da8-071b-4cd2-a1d8-480ee049c863	14	32587495	37267150	3297	0.2594
8aa24da8-071b-4cd2-a1d8-480ee049c863	14	37267696	38836581	893	0.5641
8aa24da8-071b-4cd2-a1d8-480ee049c863	14	38838950	41138431	1441	0.2355
8aa24da8-071b-4cd2-a1d8-480ee049c863	14	41139155	41188146	16	-0.4629
8aa24da8-071b-4cd2-a1d8-480ee049c863	14	41200899	41792916	397	0.2033
8aa24da8-071b-4cd2-a1d8-480ee049c863	14	41793982	42472205	431	0.5609
8aa24da8-071b-4cd2-a1d8-480ee049c863	14	42475018	43679752	671	0.236
8aa24da8-071b-4cd2-a1d8-480ee049c863	14	43679837	43680258	2	-1.1826
8aa24da8-071b-4cd2-a1d8-480ee049c863	14	43682118	44833695	693	0.2649
8aa24da8-071b-4cd2-a1d8-480ee049c863	14	44833878	45074715	107	0.0543
8aa24da8-071b-4cd2-a1d8-480ee049c863	14	45078572	45164655	38	-0.6334
8aa24da8-071b-4cd2-a1d8-480ee049c863	14	45167304	45210942	15	-0.1261
8aa24da8-071b-4cd2-a1d8-480ee049c863	14	45214247	45430439	100	0.2447
8aa24da8-071b-4cd2-a1d8-480ee049c863	14	45434160	53576844	5095	-0.2611
8aa24da8-071b-4cd2-a1d8-480ee049c863	14	53577995	74986754	13683	0.2552
8aa24da8-071b-4cd2-a1d8-480ee049c863	14	74987264	75013518	15	0.928
8aa24da8-071b-4cd2-a1d8-480ee049c863	14	75017800	75054455	16	1.5298
8aa24da8-071b-4cd2-a1d8-480ee049c863	14	75060715	75094085	20	1.0329
8aa24da8-071b-4cd2-a1d8-480ee049c863	14	75103494	76631718	1027	0.2874
8aa24da8-071b-4cd2-a1d8-480ee049c863	14	76635013	76741812	84	0.964
8aa24da8-071b-4cd2-a1d8-480ee049c863	14	76742276	76859258	83	0.2162
8aa24da8-071b-4cd2-a1d8-480ee049c863	14	76862640	76890095	30	0.9262
8aa24da8-071b-4cd2-a1d8-480ee049c863	14	76893028	82004385	3492	0.2569
8aa24da8-071b-4cd2-a1d8-480ee049c863	14	82004789	82008094	2	-3.3916
8aa24da8-071b-4cd2-a1d8-480ee049c863	14	82008805	87519627	3697	0.2245
8aa24da8-071b-4cd2-a1d8-480ee049c863	14	87521725	92957086	3480	0.273
8aa24da8-071b-4cd2-a1d8-480ee049c863	14	92957884	92957886	2	-1.631
8aa24da8-071b-4cd2-a1d8-480ee049c863	14	92960466	103690631	7274	0.2858
8aa24da8-071b-4cd2-a1d8-480ee049c863	14	103690966	106877229	1126	0.2433
8aa24da8-071b-4cd2-a1d8-480ee049c863	15	19811075	20001686	45	-0.1581
8aa24da8-071b-4cd2-a1d8-480ee049c863	15	20011702	22003073	134	0.0217
8aa24da8-071b-4cd2-a1d8-480ee049c863	15	22005276	22584747	36	0.5527
8aa24da8-071b-4cd2-a1d8-480ee049c863	15	22590285	22624663	6	-0.0251
8aa24da8-071b-4cd2-a1d8-480ee049c863	15	22631647	36941978	8960	-0.2704
8aa24da8-071b-4cd2-a1d8-480ee049c863	15	36944141	37035948	64	-1.0943
8aa24da8-071b-4cd2-a1d8-480ee049c863	15	37036343	44931456	4446	-0.2612
8aa24da8-071b-4cd2-a1d8-480ee049c863	15	44933059	44942249	5	-1.8183
8aa24da8-071b-4cd2-a1d8-480ee049c863	15	44942884	58028210	8469	-0.2555
8aa24da8-071b-4cd2-a1d8-480ee049c863	15	58031774	58033305	2	-2.3389
8aa24da8-071b-4cd2-a1d8-480ee049c863	15	58034757	64016170	4496	-0.2469
8aa24da8-071b-4cd2-a1d8-480ee049c863	15	64016751	64071375	47	0.2931
8aa24da8-071b-4cd2-a1d8-480ee049c863	15	64074795	68169414	2312	-0.2508
8aa24da8-071b-4cd2-a1d8-480ee049c863	15	68169593	68172836	2	-2.9865
8aa24da8-071b-4cd2-a1d8-480ee049c863	15	68174818	71238030	2004	-0.25
8aa24da8-071b-4cd2-a1d8-480ee049c863	15	71238101	71374424	105	-1.2094
8aa24da8-071b-4cd2-a1d8-480ee049c863	15	71375388	74211231	1699	-0.2246
8aa24da8-071b-4cd2-a1d8-480ee049c863	15	74218677	74523574	150	0.2918
8aa24da8-071b-4cd2-a1d8-480ee049c863	15	74527523	76599286	867	-0.2443
8aa24da8-071b-4cd2-a1d8-480ee049c863	15	76599400	76603434	19	-1.4757
8aa24da8-071b-4cd2-a1d8-480ee049c863	15	76609838	86029497	5571	-0.2429
8aa24da8-071b-4cd2-a1d8-480ee049c863	15	86029733	86029944	2	-2.5221
8aa24da8-071b-4cd2-a1d8-480ee049c863	15	86032330	90507039	3256	-0.2552
8aa24da8-071b-4cd2-a1d8-480ee049c863	15	90509306	101342556	8330	-0.1946
8aa24da8-071b-4cd2-a1d8-480ee049c863	15	101343255	101928837	419	-0.2773
8aa24da8-071b-4cd2-a1d8-480ee049c863	16	10777	155679	97	-1.1865
8aa24da8-071b-4cd2-a1d8-480ee049c863	16	171058	1802206	532	-0.3413
8aa24da8-071b-4cd2-a1d8-480ee049c863	16	1802774	2206818	133	0.2509
8aa24da8-071b-4cd2-a1d8-480ee049c863	16	2213515	3666993	596	-0.288
8aa24da8-071b-4cd2-a1d8-480ee049c863	16	3669343	3676635	2	-2.4601
8aa24da8-071b-4cd2-a1d8-480ee049c863	16	3678109	5698933	1430	-0.2632
8aa24da8-071b-4cd2-a1d8-480ee049c863	16	5701126	5709268	24	-1.1836
8aa24da8-071b-4cd2-a1d8-480ee049c863	16	5709754	6400462	798	-0.2778
8aa24da8-071b-4cd2-a1d8-480ee049c863	16	6400748	11195078	4801	0.2418
8aa24da8-071b-4cd2-a1d8-480ee049c863	16	11199854	11437873	189	0.6422
8aa24da8-071b-4cd2-a1d8-480ee049c863	16	11439768	11595035	112	0.2212
8aa24da8-071b-4cd2-a1d8-480ee049c863	16	11595071	15444862	2509	-0.2325
8aa24da8-071b-4cd2-a1d8-480ee049c863	16	15446683	17628480	1188	-0.3276
8aa24da8-071b-4cd2-a1d8-480ee049c863	16	17633362	21401082	1946	-0.2447
8aa24da8-071b-4cd2-a1d8-480ee049c863	16	21503753	21575403	20	-1.242
8aa24da8-071b-4cd2-a1d8-480ee049c863	16	21577467	22430699	364	-0.2897
8aa24da8-071b-4cd2-a1d8-480ee049c863	16	22546611	22699421	71	-1.3397
8aa24da8-071b-4cd2-a1d8-480ee049c863	16	22701658	46441986	5613	-0.2659
8aa24da8-071b-4cd2-a1d8-480ee049c863	16	46444015	56456637	6897	0.2475
8aa24da8-071b-4cd2-a1d8-480ee049c863	16	56459024	56477506	11	-0.1377
8aa24da8-071b-4cd2-a1d8-480ee049c863	16	56477824	56496549	6	-0.5696
8aa24da8-071b-4cd2-a1d8-480ee049c863	16	56502794	58712625	1308	0.2537
8aa24da8-071b-4cd2-a1d8-480ee049c863	16	58713755	65006151	4191	0.2027
8aa24da8-071b-4cd2-a1d8-480ee049c863	16	65008503	66017015	818	0.2669
8aa24da8-071b-4cd2-a1d8-480ee049c863	16	66019327	66019498	2	-1.2181
8aa24da8-071b-4cd2-a1d8-480ee049c863	16	66020304	69212933	1588	0.2416
8aa24da8-071b-4cd2-a1d8-480ee049c863	16	69213066	69650500	204	1.0868
8aa24da8-071b-4cd2-a1d8-480ee049c863	16	69655331	70006481	168	0.2742
8aa24da8-071b-4cd2-a1d8-480ee049c863	16	70015893	70420340	128	0.5481
8aa24da8-071b-4cd2-a1d8-480ee049c863	16	70424297	73040113	1229	0.2597
8aa24da8-071b-4cd2-a1d8-480ee049c863	16	73043675	73043716	2	-2.258
8aa24da8-071b-4cd2-a1d8-480ee049c863	16	73045313	74373481	986	0.2871
8aa24da8-071b-4cd2-a1d8-480ee049c863	16	74418138	75191124	465	-0.2543
8aa24da8-071b-4cd2-a1d8-480ee049c863	16	75194071	75194085	2	1.5308
8aa24da8-071b-4cd2-a1d8-480ee049c863	16	75195731	78096009	2512	-0.2555
8aa24da8-071b-4cd2-a1d8-480ee049c863	16	78100558	78149716	31	0.218
8aa24da8-071b-4cd2-a1d8-480ee049c863	16	78149847	78338543	185	-0.2074
8aa24da8-071b-4cd2-a1d8-480ee049c863	16	78338714	78350868	15	0.4144
8aa24da8-071b-4cd2-a1d8-480ee049c863	16	78351104	78810087	602	-0.2822
8aa24da8-071b-4cd2-a1d8-480ee049c863	16	78813638	78926426	154	-1.3222
8aa24da8-071b-4cd2-a1d8-480ee049c863	16	78927209	84155721	5674	-0.252
8aa24da8-071b-4cd2-a1d8-480ee049c863	16	84156343	84885256	684	-0.362
8aa24da8-071b-4cd2-a1d8-480ee049c863	16	84885321	88066715	2621	-0.2518
8aa24da8-071b-4cd2-a1d8-480ee049c863	16	88070485	88094079	15	-1.0258
8aa24da8-071b-4cd2-a1d8-480ee049c863	16	88096795	90096867	824	-0.3343
8aa24da8-071b-4cd2-a1d8-480ee049c863	17	150733	379432	130	-4.2574
8aa24da8-071b-4cd2-a1d8-480ee049c863	17	384319	1011633	336	-1.1381
8aa24da8-071b-4cd2-a1d8-480ee049c863	17	1024236	1209310	67	0.5288
8aa24da8-071b-4cd2-a1d8-480ee049c863	17	1216532	9955419	5129	0.0064
8aa24da8-071b-4cd2-a1d8-480ee049c863	17	9955624	9986825	28	-1.1667
8aa24da8-071b-4cd2-a1d8-480ee049c863	17	9989686	15608819	4286	0.0142
8aa24da8-071b-4cd2-a1d8-480ee049c863	17	15609752	15643476	5	-2.2092
8aa24da8-071b-4cd2-a1d8-480ee049c863	17	15650964	17434025	838	0.0285
8aa24da8-071b-4cd2-a1d8-480ee049c863	17	17434047	17896089	249	0.442
8aa24da8-071b-4cd2-a1d8-480ee049c863	17	17899142	18062740	86	-0.2531
8aa24da8-071b-4cd2-a1d8-480ee049c863	17	18064676	18372533	181	0.2015
8aa24da8-071b-4cd2-a1d8-480ee049c863	17	18375175	18784994	104	-0.0636
8aa24da8-071b-4cd2-a1d8-480ee049c863	17	18785237	28219464	2112	-0.2547
8aa24da8-071b-4cd2-a1d8-480ee049c863	17	28222690	28263287	18	0.5627
8aa24da8-071b-4cd2-a1d8-480ee049c863	17	28277950	28764805	186	-0.2301
8aa24da8-071b-4cd2-a1d8-480ee049c863	17	28766524	28944821	72	0.194
8aa24da8-071b-4cd2-a1d8-480ee049c863	17	28954648	39236920	5840	-0.2534
8aa24da8-071b-4cd2-a1d8-480ee049c863	17	39240055	42105145	1620	-1.0355
8aa24da8-071b-4cd2-a1d8-480ee049c863	17	42110454	44191724	1038	-0.1837
8aa24da8-071b-4cd2-a1d8-480ee049c863	17	44192048	44342194	64	0.2736
8aa24da8-071b-4cd2-a1d8-480ee049c863	17	44346297	44906346	263	-0.2018
8aa24da8-071b-4cd2-a1d8-480ee049c863	17	44910114	44920429	11	0.9319
8aa24da8-071b-4cd2-a1d8-480ee049c863	17	44930583	50307153	2600	-0.2053
8aa24da8-071b-4cd2-a1d8-480ee049c863	17	50308951	50753188	237	0.3082
8aa24da8-071b-4cd2-a1d8-480ee049c863	17	50758710	68433370	10611	-0.1995
8aa24da8-071b-4cd2-a1d8-480ee049c863	17	68434748	68606158	95	-1.1154
8aa24da8-071b-4cd2-a1d8-480ee049c863	17	68606895	68678788	71	-0.2339
8aa24da8-071b-4cd2-a1d8-480ee049c863	17	68679528	68679579	2	-2.832
8aa24da8-071b-4cd2-a1d8-480ee049c863	17	68682159	68739086	42	-0.2077
8aa24da8-071b-4cd2-a1d8-480ee049c863	17	68739926	68740098	2	-1.7222
8aa24da8-071b-4cd2-a1d8-480ee049c863	17	68742764	69114709	274	-0.2122
8aa24da8-071b-4cd2-a1d8-480ee049c863	17	69122476	69123276	3	-1.6267
8aa24da8-071b-4cd2-a1d8-480ee049c863	17	69123452	73840135	3578	-0.2429
8aa24da8-071b-4cd2-a1d8-480ee049c863	17	73840460	74666932	542	-0.3777
8aa24da8-071b-4cd2-a1d8-480ee049c863	17	74667428	76786609	988	-0.2708
8aa24da8-071b-4cd2-a1d8-480ee049c863	17	76789516	76792055	2	-3.1746
8aa24da8-071b-4cd2-a1d8-480ee049c863	17	76792592	83091923	3204	-0.2871
8aa24da8-071b-4cd2-a1d8-480ee049c863	18	48133	1612130	1105	-0.2741
8aa24da8-071b-4cd2-a1d8-480ee049c863	18	1612988	27214100	13056	-0.2292
8aa24da8-071b-4cd2-a1d8-480ee049c863	18	27214182	42004467	9528	-0.2755
8aa24da8-071b-4cd2-a1d8-480ee049c863	18	42009158	42520400	340	-1.0262
8aa24da8-071b-4cd2-a1d8-480ee049c863	18	42520808	44183368	980	-0.2994
8aa24da8-071b-4cd2-a1d8-480ee049c863	18	44183427	66239629	15382	-0.245
8aa24da8-071b-4cd2-a1d8-480ee049c863	18	66240197	66244352	10	-0.9915
8aa24da8-071b-4cd2-a1d8-480ee049c863	18	66244639	79353956	9824	-0.2515
8aa24da8-071b-4cd2-a1d8-480ee049c863	18	79359344	80257174	429	-0.3628
8aa24da8-071b-4cd2-a1d8-480ee049c863	19	90910	4573626	1207	0.5585
8aa24da8-071b-4cd2-a1d8-480ee049c863	19	4591622	4662098	21	1.2231
8aa24da8-071b-4cd2-a1d8-480ee049c863	19	4666744	5260018	236	0.5596
8aa24da8-071b-4cd2-a1d8-480ee049c863	19	5263257	5921341	290	0.2156
8aa24da8-071b-4cd2-a1d8-480ee049c863	19	5923889	9952388	2047	0.5697
8aa24da8-071b-4cd2-a1d8-480ee049c863	19	9955329	10055699	50	1.178
8aa24da8-071b-4cd2-a1d8-480ee049c863	19	10064792	17298480	3654	0.5655
8aa24da8-071b-4cd2-a1d8-480ee049c863	19	17301590	20413400	1414	0.215
8aa24da8-071b-4cd2-a1d8-480ee049c863	19	20415637	20538428	69	-0.1787
8aa24da8-071b-4cd2-a1d8-480ee049c863	19	20538656	21632117	613	0.2181
8aa24da8-071b-4cd2-a1d8-480ee049c863	19	21632838	21637067	2	-2.0522
8aa24da8-071b-4cd2-a1d8-480ee049c863	19	21637309	27550922	1584	0.2154
8aa24da8-071b-4cd2-a1d8-480ee049c863	19	27578093	29581549	1523	0.6175
8aa24da8-071b-4cd2-a1d8-480ee049c863	19	29590781	29629282	33	1.085
8aa24da8-071b-4cd2-a1d8-480ee049c863	19	29634087	30057288	292	1.4943
8aa24da8-071b-4cd2-a1d8-480ee049c863	19	30059606	35370268	3674	0.6274
8aa24da8-071b-4cd2-a1d8-480ee049c863	19	35370747	47959877	6193	0.5602
8aa24da8-071b-4cd2-a1d8-480ee049c863	19	47960126	49411439	709	0.6005
8aa24da8-071b-4cd2-a1d8-480ee049c863	19	49411454	49838854	153	0.8395
8aa24da8-071b-4cd2-a1d8-480ee049c863	19	49841830	49899356	20	0.638
8aa24da8-071b-4cd2-a1d8-480ee049c863	19	49905908	49913000	3	-0.8022
8aa24da8-071b-4cd2-a1d8-480ee049c863	19	49914233	50862696	430	0.5848
8aa24da8-071b-4cd2-a1d8-480ee049c863	19	50862776	51107037	156	0.7433
8aa24da8-071b-4cd2-a1d8-480ee049c863	19	51107698	52813087	1173	0.5631
8aa24da8-071b-4cd2-a1d8-480ee049c863	19	52815851	52815906	2	-2.2767
8aa24da8-071b-4cd2-a1d8-480ee049c863	19	52824137	55771003	1706	0.5326
8aa24da8-071b-4cd2-a1d8-480ee049c863	19	55771169	55771701	3	-1.4119
8aa24da8-071b-4cd2-a1d8-480ee049c863	19	55774927	58586487	1839	0.5926
8aa24da8-071b-4cd2-a1d8-480ee049c863	20	80664	1579916	1198	0.2124
8aa24da8-071b-4cd2-a1d8-480ee049c863	20	1580141	1601561	41	-0.2066
8aa24da8-071b-4cd2-a1d8-480ee049c863	20	1609611	1613247	5	-1.7598
8aa24da8-071b-4cd2-a1d8-480ee049c863	20	1617300	11975784	7942	0.2367
8aa24da8-071b-4cd2-a1d8-480ee049c863	20	11978204	12145345	104	-0.2684
8aa24da8-071b-4cd2-a1d8-480ee049c863	20	12145424	15856701	2864	0.2378
8aa24da8-071b-4cd2-a1d8-480ee049c863	20	15857832	16014713	158	0.3954
8aa24da8-071b-4cd2-a1d8-480ee049c863	20	16019604	24433422	6698	0.247
8aa24da8-071b-4cd2-a1d8-480ee049c863	20	24434641	26324855	988	0.6195
8aa24da8-071b-4cd2-a1d8-480ee049c863	20	26324943	30293217	18	-0.2006
8aa24da8-071b-4cd2-a1d8-480ee049c863	20	30295149	36409462	2508	0.6172
8aa24da8-071b-4cd2-a1d8-480ee049c863	20	36415889	36916270	207	0.8603
8aa24da8-071b-4cd2-a1d8-480ee049c863	20	36921032	37078624	151	0.5784
8aa24da8-071b-4cd2-a1d8-480ee049c863	20	37083754	37170697	66	0.2498
8aa24da8-071b-4cd2-a1d8-480ee049c863	20	37171650	37531291	192	0.6085
8aa24da8-071b-4cd2-a1d8-480ee049c863	20	37537859	38161220	423	0.273
8aa24da8-071b-4cd2-a1d8-480ee049c863	20	38163094	38174624	8	1.2253
8aa24da8-071b-4cd2-a1d8-480ee049c863	20	38175290	39410348	796	0.2792
8aa24da8-071b-4cd2-a1d8-480ee049c863	20	39410926	40375244	736	0.6292
8aa24da8-071b-4cd2-a1d8-480ee049c863	20	40375903	41092190	532	0.9354
8aa24da8-071b-4cd2-a1d8-480ee049c863	20	41102743	42134917	694	0.6298
8aa24da8-071b-4cd2-a1d8-480ee049c863	20	42140033	42722388	570	0.9122
8aa24da8-071b-4cd2-a1d8-480ee049c863	20	42722494	44005722	934	0.6498
8aa24da8-071b-4cd2-a1d8-480ee049c863	20	44006202	44328282	236	0.9441
8aa24da8-071b-4cd2-a1d8-480ee049c863	20	44334051	48685602	3056	0.6728
8aa24da8-071b-4cd2-a1d8-480ee049c863	20	48687768	48769919	61	0.9325
8aa24da8-071b-4cd2-a1d8-480ee049c863	20	48769984	48798685	18	0.6515
8aa24da8-071b-4cd2-a1d8-480ee049c863	20	48804143	48882818	57	0.196
8aa24da8-071b-4cd2-a1d8-480ee049c863	20	48886292	49297921	241	0.6514
8aa24da8-071b-4cd2-a1d8-480ee049c863	20	49300443	49440385	86	0.2615
8aa24da8-071b-4cd2-a1d8-480ee049c863	20	49443609	49667713	142	0.6484
8aa24da8-071b-4cd2-a1d8-480ee049c863	20	49669338	49794892	74	0.9069
8aa24da8-071b-4cd2-a1d8-480ee049c863	20	49795277	49882722	59	0.7028
8aa24da8-071b-4cd2-a1d8-480ee049c863	20	49890897	50374923	258	0.32
8aa24da8-071b-4cd2-a1d8-480ee049c863	20	50375443	50404983	14	0.7948
8aa24da8-071b-4cd2-a1d8-480ee049c863	20	50408288	52565982	1570	0.2649
8aa24da8-071b-4cd2-a1d8-480ee049c863	20	52567706	53121481	463	0.489
8aa24da8-071b-4cd2-a1d8-480ee049c863	20	53121810	57032728	3207	0.4179
8aa24da8-071b-4cd2-a1d8-480ee049c863	20	57032779	58401711	1063	0.4793
8aa24da8-071b-4cd2-a1d8-480ee049c863	20	58402778	58429747	23	-0.2928
8aa24da8-071b-4cd2-a1d8-480ee049c863	20	58430347	63589896	3576	0.4565
8aa24da8-071b-4cd2-a1d8-480ee049c863	20	63591105	64324800	311	0.2905
8aa24da8-071b-4cd2-a1d8-480ee049c863	21	10354168	21264867	5519	-0.2563
8aa24da8-071b-4cd2-a1d8-480ee049c863	21	21267055	21402705	96	-1.1351
8aa24da8-071b-4cd2-a1d8-480ee049c863	21	21412418	29385174	6070	-0.2543
8aa24da8-071b-4cd2-a1d8-480ee049c863	21	29385465	29404247	11	-1.0147
8aa24da8-071b-4cd2-a1d8-480ee049c863	21	29415645	38536193	6558	-0.2473
8aa24da8-071b-4cd2-a1d8-480ee049c863	21	38536271	38536597	3	-1.623
8aa24da8-071b-4cd2-a1d8-480ee049c863	21	38538756	39977832	1225	-0.2423
8aa24da8-071b-4cd2-a1d8-480ee049c863	21	39979196	40000517	37	0.3742
8aa24da8-071b-4cd2-a1d8-480ee049c863	21	40002797	41727214	1545	-0.2258
8aa24da8-071b-4cd2-a1d8-480ee049c863	21	41729736	41730428	3	-2.2275
8aa24da8-071b-4cd2-a1d8-480ee049c863	21	41730694	44602612	1521	-0.2527
8aa24da8-071b-4cd2-a1d8-480ee049c863	21	44603656	44603796	4	-2.0793
8aa24da8-071b-4cd2-a1d8-480ee049c863	21	44603809	46116266	874	-0.3074
8aa24da8-071b-4cd2-a1d8-480ee049c863	21	46122306	46677045	342	-0.7755
8aa24da8-071b-4cd2-a1d8-480ee049c863	22	15294547	17963686	952	-0.2187
8aa24da8-071b-4cd2-a1d8-480ee049c863	22	17964914	18044091	61	0.3168
8aa24da8-071b-4cd2-a1d8-480ee049c863	22	18046695	18144230	100	-0.2044
8aa24da8-071b-4cd2-a1d8-480ee049c863	22	18146179	18146386	3	-2.8795
8aa24da8-071b-4cd2-a1d8-480ee049c863	22	18147293	18190590	13	-0.0634
8aa24da8-071b-4cd2-a1d8-480ee049c863	22	18392404	18918078	12	0.5376
8aa24da8-071b-4cd2-a1d8-480ee049c863	22	18918093	24048858	3293	-0.2812
8aa24da8-071b-4cd2-a1d8-480ee049c863	22	24049386	24054572	7	0.5744
8aa24da8-071b-4cd2-a1d8-480ee049c863	22	24063450	24173545	77	0.2323
8aa24da8-071b-4cd2-a1d8-480ee049c863	22	24173852	24198793	7	0.5424
8aa24da8-071b-4cd2-a1d8-480ee049c863	22	24204470	24222363	9	1.1421
8aa24da8-071b-4cd2-a1d8-480ee049c863	22	24225421	24262658	11	0.3907
8aa24da8-071b-4cd2-a1d8-480ee049c863	22	24265998	24538402	139	0.932
8aa24da8-071b-4cd2-a1d8-480ee049c863	22	24540567	24685371	61	0.604
8aa24da8-071b-4cd2-a1d8-480ee049c863	22	24686148	24686567	3	-0.9645
8aa24da8-071b-4cd2-a1d8-480ee049c863	22	24691707	24809984	93	0.6314
8aa24da8-071b-4cd2-a1d8-480ee049c863	22	24812389	30190861	4258	-0.2431
8aa24da8-071b-4cd2-a1d8-480ee049c863	22	30196080	30237208	46	0.2834
8aa24da8-071b-4cd2-a1d8-480ee049c863	22	30253202	34737001	3378	-0.2422
8aa24da8-071b-4cd2-a1d8-480ee049c863	22	34739960	37346951	1882	0.2473
8aa24da8-071b-4cd2-a1d8-480ee049c863	22	37352689	37353906	4	-1.4324
8aa24da8-071b-4cd2-a1d8-480ee049c863	22	37354627	42586566	2758	0.2058
8aa24da8-071b-4cd2-a1d8-480ee049c863	22	42586792	42734392	82	0.5366
8aa24da8-071b-4cd2-a1d8-480ee049c863	22	42736716	42889417	76	-0.287
8aa24da8-071b-4cd2-a1d8-480ee049c863	22	42889799	43181618	209	0.2712
8aa24da8-071b-4cd2-a1d8-480ee049c863	22	43188275	45893256	2063	-0.2478
8aa24da8-071b-4cd2-a1d8-480ee049c863	22	45898709	46048572	33	0.5633
8aa24da8-071b-4cd2-a1d8-480ee049c863	22	46051217	46075601	13	0.2464
8aa24da8-071b-4cd2-a1d8-480ee049c863	22	46076187	48956708	2415	-0.3156
8aa24da8-071b-4cd2-a1d8-480ee049c863	22	48957301	50724710	1149	-0.4821
8aa24da8-071b-4cd2-a1d8-480ee049c863	22	50727027	50796027	23	-0.1877
8aa24da8-071b-4cd2-a1d8-480ee049c863	X	251810	37309593	22999	0.2153
8aa24da8-071b-4cd2-a1d8-480ee049c863	X	37310030	38406524	681	0.2622
8aa24da8-071b-4cd2-a1d8-480ee049c863	X	38407934	38494149	57	0.6244
8aa24da8-071b-4cd2-a1d8-480ee049c863	X	38497325	42588210	2313	0.2811
8aa24da8-071b-4cd2-a1d8-480ee049c863	X	42595928	42597589	2	2.4883
8aa24da8-071b-4cd2-a1d8-480ee049c863	X	42601938	44913736	1304	0.2465
8aa24da8-071b-4cd2-a1d8-480ee049c863	X	44914027	44981270	40	-0.3095
8aa24da8-071b-4cd2-a1d8-480ee049c863	X	44990988	70734931	9632	0.2479
8aa24da8-071b-4cd2-a1d8-480ee049c863	X	70739384	76812987	2538	-0.2558
8aa24da8-071b-4cd2-a1d8-480ee049c863	X	76813240	79398947	995	0.1981
8aa24da8-071b-4cd2-a1d8-480ee049c863	X	79399113	79462184	56	-0.3391
8aa24da8-071b-4cd2-a1d8-480ee049c863	X	79462253	83549534	2150	0.2007
8aa24da8-071b-4cd2-a1d8-480ee049c863	X	83549568	83716939	98	-0.2566
8aa24da8-071b-4cd2-a1d8-480ee049c863	X	83719159	85142510	800	0.1995
8aa24da8-071b-4cd2-a1d8-480ee049c863	X	85142977	86563784	952	0.5755
8aa24da8-071b-4cd2-a1d8-480ee049c863	X	86565225	86586510	21	0.1145
8aa24da8-071b-4cd2-a1d8-480ee049c863	X	86589976	88492347	1256	-0.3164
8aa24da8-071b-4cd2-a1d8-480ee049c863	X	88492378	88493676	2	-2.4938
8aa24da8-071b-4cd2-a1d8-480ee049c863	X	88495434	106881569	9242	-0.257
8aa24da8-071b-4cd2-a1d8-480ee049c863	X	106882221	108828712	984	-0.1777
8aa24da8-071b-4cd2-a1d8-480ee049c863	X	108828773	109990400	671	-0.1208
8aa24da8-071b-4cd2-a1d8-480ee049c863	X	109991713	110029024	27	0.3525
8aa24da8-071b-4cd2-a1d8-480ee049c863	X	110029330	116970899	3840	-0.111
8aa24da8-071b-4cd2-a1d8-480ee049c863	X	116975018	121270925	2538	-0.1783
8aa24da8-071b-4cd2-a1d8-480ee049c863	X	121270926	128640349	4339	-0.2364
8aa24da8-071b-4cd2-a1d8-480ee049c863	X	128642048	128702618	31	-0.9439
8aa24da8-071b-4cd2-a1d8-480ee049c863	X	128705301	129275165	369	-0.2367
8aa24da8-071b-4cd2-a1d8-480ee049c863	X	129279768	137929460	4557	-0.1908
8aa24da8-071b-4cd2-a1d8-480ee049c863	X	137935408	151708283	9089	-0.267
8aa24da8-071b-4cd2-a1d8-480ee049c863	X	151709072	151710185	5	-1.8965
8aa24da8-071b-4cd2-a1d8-480ee049c863	X	151710911	155952689	1951	-0.2894
8aa24da8-071b-4cd2-a1d8-480ee049c863	Y	2782397	6080059	721	-2.6945
8aa24da8-071b-4cd2-a1d8-480ee049c863	Y	6081903	9330531	1507	-3.1438
8aa24da8-071b-4cd2-a1d8-480ee049c863	Y	9332936	9550385	21	-4.7812
8aa24da8-071b-4cd2-a1d8-480ee049c863	Y	9550653	13478396	1016	-2.9997
8aa24da8-071b-4cd2-a1d8-480ee049c863	Y	13478462	13482643	3	-7.6945
8aa24da8-071b-4cd2-a1d8-480ee049c863	Y	13483009	26077669	3200	-3.0774
8aa24da8-071b-4cd2-a1d8-480ee049c863	Y	26312501	56872112	171	-2.7881
