GDC_Aliquot	Chromosome	Start	End	Num_Probes	Segment_Mean
fe311303-e123-4ebb-a729-3a52fa9e7b1e	1	62920	462894	19	0.0425
fe311303-e123-4ebb-a729-3a52fa9e7b1e	1	599171	1100599	68	-1.6808
fe311303-e123-4ebb-a729-3a52fa9e7b1e	1	1103718	1518222	105	0.1105
fe311303-e123-4ebb-a729-3a52fa9e7b1e	1	1527386	1937525	124	-1.3273
fe311303-e123-4ebb-a729-3a52fa9e7b1e	1	1938876	2026474	25	0.1476
fe311303-e123-4ebb-a729-3a52fa9e7b1e	1	2038310	2096462	13	-0.5907
fe311303-e123-4ebb-a729-3a52fa9e7b1e	1	2097298	2342007	65	-0.032
fe311303-e123-4ebb-a729-3a52fa9e7b1e	1	2348984	2350915	3	-2.0057
fe311303-e123-4ebb-a729-3a52fa9e7b1e	1	2351678	3628929	462	0.034
fe311303-e123-4ebb-a729-3a52fa9e7b1e	1	3629048	4409205	560	0.3983
fe311303-e123-4ebb-a729-3a52fa9e7b1e	1	4410469	4559980	156	-0.7545
fe311303-e123-4ebb-a729-3a52fa9e7b1e	1	4560936	6300087	1283	-1.7447
fe311303-e123-4ebb-a729-3a52fa9e7b1e	1	6304311	6724532	190	-1.3172
fe311303-e123-4ebb-a729-3a52fa9e7b1e	1	6732836	8107234	888	-0.0387
fe311303-e123-4ebb-a729-3a52fa9e7b1e	1	8108574	8740741	320	0.4023
fe311303-e123-4ebb-a729-3a52fa9e7b1e	1	8741208	12779433	2084	-1.5687
fe311303-e123-4ebb-a729-3a52fa9e7b1e	1	12792599	15822848	1831	-0.196
fe311303-e123-4ebb-a729-3a52fa9e7b1e	1	15823420	15827430	7	-1.8601
fe311303-e123-4ebb-a729-3a52fa9e7b1e	1	15827706	15843965	9	-0.4892
fe311303-e123-4ebb-a729-3a52fa9e7b1e	1	15844541	16003845	68	-0.2006
fe311303-e123-4ebb-a729-3a52fa9e7b1e	1	16005414	16037445	12	0.6467
fe311303-e123-4ebb-a729-3a52fa9e7b1e	1	16041638	16086770	14	-0.0178
fe311303-e123-4ebb-a729-3a52fa9e7b1e	1	16090490	16123711	18	0.7546
fe311303-e123-4ebb-a729-3a52fa9e7b1e	1	16127885	16689764	216	-0.2222
fe311303-e123-4ebb-a729-3a52fa9e7b1e	1	16718963	16721984	6	-1.9228
fe311303-e123-4ebb-a729-3a52fa9e7b1e	1	16766762	23634378	4395	-0.1864
fe311303-e123-4ebb-a729-3a52fa9e7b1e	1	23642429	29149366	2472	-0.7156
fe311303-e123-4ebb-a729-3a52fa9e7b1e	1	29151802	30522581	995	-1.6596
fe311303-e123-4ebb-a729-3a52fa9e7b1e	1	30525079	30750810	195	0.0949
fe311303-e123-4ebb-a729-3a52fa9e7b1e	1	30756343	30778851	17	0.8739
fe311303-e123-4ebb-a729-3a52fa9e7b1e	1	30789158	30840905	37	-0.0157
fe311303-e123-4ebb-a729-3a52fa9e7b1e	1	30841858	31322019	234	-1.5975
fe311303-e123-4ebb-a729-3a52fa9e7b1e	1	31329941	31493478	91	0.0563
fe311303-e123-4ebb-a729-3a52fa9e7b1e	1	31495473	31514697	14	-2.5031
fe311303-e123-4ebb-a729-3a52fa9e7b1e	1	31515799	33329452	759	-1.4021
fe311303-e123-4ebb-a729-3a52fa9e7b1e	1	33329971	33330480	2	-7.4436
fe311303-e123-4ebb-a729-3a52fa9e7b1e	1	33330628	33669412	215	-1.5277
fe311303-e123-4ebb-a729-3a52fa9e7b1e	1	33670674	34402851	604	-0.7285
fe311303-e123-4ebb-a729-3a52fa9e7b1e	1	34404851	35180419	424	-1.4729
fe311303-e123-4ebb-a729-3a52fa9e7b1e	1	35182470	35277190	44	-0.0255
fe311303-e123-4ebb-a729-3a52fa9e7b1e	1	35288036	36624382	604	-1.5026
fe311303-e123-4ebb-a729-3a52fa9e7b1e	1	36641837	36972969	251	0.0947
fe311303-e123-4ebb-a729-3a52fa9e7b1e	1	36973818	37307449	222	-1.5415
fe311303-e123-4ebb-a729-3a52fa9e7b1e	1	37307985	37312158	6	-0.1045
fe311303-e123-4ebb-a729-3a52fa9e7b1e	1	37314365	37315453	5	-0.9687
fe311303-e123-4ebb-a729-3a52fa9e7b1e	1	37317154	37395703	46	0.1851
fe311303-e123-4ebb-a729-3a52fa9e7b1e	1	37399530	38835526	831	-1.5086
fe311303-e123-4ebb-a729-3a52fa9e7b1e	1	38836685	40856524	1024	0.0262
fe311303-e123-4ebb-a729-3a52fa9e7b1e	1	40860129	42027376	756	-1.6127
fe311303-e123-4ebb-a729-3a52fa9e7b1e	1	42030633	42835620	437	-0.048
fe311303-e123-4ebb-a729-3a52fa9e7b1e	1	42840457	43238352	277	0.4411
fe311303-e123-4ebb-a729-3a52fa9e7b1e	1	43238985	43247648	4	-0.2809
fe311303-e123-4ebb-a729-3a52fa9e7b1e	1	43249876	43715136	273	-1.4523
fe311303-e123-4ebb-a729-3a52fa9e7b1e	1	43715701	45250009	826	-0.0295
fe311303-e123-4ebb-a729-3a52fa9e7b1e	1	45252842	45502653	107	-0.7266
fe311303-e123-4ebb-a729-3a52fa9e7b1e	1	45508256	53319281	4045	-1.5047
fe311303-e123-4ebb-a729-3a52fa9e7b1e	1	53321038	53333626	11	-4.1423
fe311303-e123-4ebb-a729-3a52fa9e7b1e	1	53336243	54573315	765	-1.5548
fe311303-e123-4ebb-a729-3a52fa9e7b1e	1	54574132	54577860	7	-5.1486
fe311303-e123-4ebb-a729-3a52fa9e7b1e	1	54577896	55443632	651	-1.6501
fe311303-e123-4ebb-a729-3a52fa9e7b1e	1	55443844	55454617	4	-7.3196
fe311303-e123-4ebb-a729-3a52fa9e7b1e	1	55454817	71238847	11098	-1.5659
fe311303-e123-4ebb-a729-3a52fa9e7b1e	1	71239370	71918782	402	-0.0798
fe311303-e123-4ebb-a729-3a52fa9e7b1e	1	71919412	72297687	226	-1.4976
fe311303-e123-4ebb-a729-3a52fa9e7b1e	1	72302735	72332927	32	-0.5373
fe311303-e123-4ebb-a729-3a52fa9e7b1e	1	72336821	72339814	5	0.3802
fe311303-e123-4ebb-a729-3a52fa9e7b1e	1	72340125	72345465	11	-0.6477
fe311303-e123-4ebb-a729-3a52fa9e7b1e	1	72346221	72557372	126	-1.5551
fe311303-e123-4ebb-a729-3a52fa9e7b1e	1	72559396	72560293	2	-5.2761
fe311303-e123-4ebb-a729-3a52fa9e7b1e	1	72560537	73057247	304	-1.4407
fe311303-e123-4ebb-a729-3a52fa9e7b1e	1	73058931	73062425	2	-6.8884
fe311303-e123-4ebb-a729-3a52fa9e7b1e	1	73062569	73387811	169	-1.6142
fe311303-e123-4ebb-a729-3a52fa9e7b1e	1	73388143	73388601	3	-6.6029
fe311303-e123-4ebb-a729-3a52fa9e7b1e	1	73390283	73542450	80	-1.3598
fe311303-e123-4ebb-a729-3a52fa9e7b1e	1	73542515	76174198	1656	-0.7599
fe311303-e123-4ebb-a729-3a52fa9e7b1e	1	76175413	78158318	1236	-1.5369
fe311303-e123-4ebb-a729-3a52fa9e7b1e	1	78165165	78370628	141	-0.0705
fe311303-e123-4ebb-a729-3a52fa9e7b1e	1	78373665	79206437	500	-0.527
fe311303-e123-4ebb-a729-3a52fa9e7b1e	1	79206853	80167033	601	-1.554
fe311303-e123-4ebb-a729-3a52fa9e7b1e	1	80167541	81992486	1279	-0.5663
fe311303-e123-4ebb-a729-3a52fa9e7b1e	1	81992942	84892756	1886	-1.594
fe311303-e123-4ebb-a729-3a52fa9e7b1e	1	84896438	86352656	983	-0.5732
fe311303-e123-4ebb-a729-3a52fa9e7b1e	1	86361854	90310364	2490	-1.5456
fe311303-e123-4ebb-a729-3a52fa9e7b1e	1	90313360	90510126	169	-0.6548
fe311303-e123-4ebb-a729-3a52fa9e7b1e	1	90510953	90858432	240	-1.5079
fe311303-e123-4ebb-a729-3a52fa9e7b1e	1	90867031	91089812	110	-0.5233
fe311303-e123-4ebb-a729-3a52fa9e7b1e	1	91091100	92147366	719	-1.5394
fe311303-e123-4ebb-a729-3a52fa9e7b1e	1	92149876	92151153	2	-0.1423
fe311303-e123-4ebb-a729-3a52fa9e7b1e	1	92152029	92184413	14	-1.0583
fe311303-e123-4ebb-a729-3a52fa9e7b1e	1	92190635	92353396	54	-0.4636
fe311303-e123-4ebb-a729-3a52fa9e7b1e	1	92354825	92815231	213	-1.427
fe311303-e123-4ebb-a729-3a52fa9e7b1e	1	92819652	93748375	466	-0.5842
fe311303-e123-4ebb-a729-3a52fa9e7b1e	1	93751001	95078269	1024	-1.6418
fe311303-e123-4ebb-a729-3a52fa9e7b1e	1	95078300	95087065	12	-3.9725
fe311303-e123-4ebb-a729-3a52fa9e7b1e	1	95088574	95298825	127	-1.5888
fe311303-e123-4ebb-a729-3a52fa9e7b1e	1	95298898	95317481	26	-0.7899
fe311303-e123-4ebb-a729-3a52fa9e7b1e	1	95321823	95388186	63	-0.0237
fe311303-e123-4ebb-a729-3a52fa9e7b1e	1	95391806	95464562	55	-0.795
fe311303-e123-4ebb-a729-3a52fa9e7b1e	1	95474211	109886492	8456	-1.5162
fe311303-e123-4ebb-a729-3a52fa9e7b1e	1	109888398	109891299	4	-6.2254
fe311303-e123-4ebb-a729-3a52fa9e7b1e	1	109893187	110283073	243	-1.6487
fe311303-e123-4ebb-a729-3a52fa9e7b1e	1	110283910	110289471	3	-7.2769
fe311303-e123-4ebb-a729-3a52fa9e7b1e	1	110290205	114819322	3109	-1.5555
fe311303-e123-4ebb-a729-3a52fa9e7b1e	1	114822194	115480368	479	-0.7341
fe311303-e123-4ebb-a729-3a52fa9e7b1e	1	115480755	115495773	7	1.5993
fe311303-e123-4ebb-a729-3a52fa9e7b1e	1	115501733	120130581	2936	0.7806
fe311303-e123-4ebb-a729-3a52fa9e7b1e	1	120138527	143494500	108	0.9213
fe311303-e123-4ebb-a729-3a52fa9e7b1e	1	143541857	143748421	98	2.2923
fe311303-e123-4ebb-a729-3a52fa9e7b1e	1	143748590	143748793	3	4.6929
fe311303-e123-4ebb-a729-3a52fa9e7b1e	1	143748826	143942271	25	2.1448
fe311303-e123-4ebb-a729-3a52fa9e7b1e	1	144432083	144451316	8	0.7701
fe311303-e123-4ebb-a729-3a52fa9e7b1e	1	144458153	149041886	865	2.1736
fe311303-e123-4ebb-a729-3a52fa9e7b1e	1	149370761	152096107	1116	1.3803
fe311303-e123-4ebb-a729-3a52fa9e7b1e	1	152106505	152583051	302	2.0948
fe311303-e123-4ebb-a729-3a52fa9e7b1e	1	152583230	152614100	34	-1.6399
fe311303-e123-4ebb-a729-3a52fa9e7b1e	1	152614118	152789447	166	2.1015
fe311303-e123-4ebb-a729-3a52fa9e7b1e	1	152789463	152796224	36	2.5956
fe311303-e123-4ebb-a729-3a52fa9e7b1e	1	152801429	153232945	337	2.1159
fe311303-e123-4ebb-a729-3a52fa9e7b1e	1	153233575	153744582	293	-0.7004
fe311303-e123-4ebb-a729-3a52fa9e7b1e	1	153745744	154340756	240	2.135
fe311303-e123-4ebb-a729-3a52fa9e7b1e	1	154340921	154780293	253	2.8934
fe311303-e123-4ebb-a729-3a52fa9e7b1e	1	154780991	155109464	166	2.0912
fe311303-e123-4ebb-a729-3a52fa9e7b1e	1	155110980	158075959	1611	-0.7191
fe311303-e123-4ebb-a729-3a52fa9e7b1e	1	158081420	158293864	151	2.253
fe311303-e123-4ebb-a729-3a52fa9e7b1e	1	158293976	158544724	195	1.6609
fe311303-e123-4ebb-a729-3a52fa9e7b1e	1	158544739	158545233	8	0.7011
fe311303-e123-4ebb-a729-3a52fa9e7b1e	1	158545295	158896783	321	1.6802
fe311303-e123-4ebb-a729-3a52fa9e7b1e	1	158898711	158899969	2	-0.9322
fe311303-e123-4ebb-a729-3a52fa9e7b1e	1	158905028	158989785	61	1.6703
fe311303-e123-4ebb-a729-3a52fa9e7b1e	1	158992249	159137154	97	2.6627
fe311303-e123-4ebb-a729-3a52fa9e7b1e	1	159137792	160189366	690	2.3572
fe311303-e123-4ebb-a729-3a52fa9e7b1e	1	160191416	161539001	784	2.5497
fe311303-e123-4ebb-a729-3a52fa9e7b1e	1	161539085	162405063	648	2.0973
fe311303-e123-4ebb-a729-3a52fa9e7b1e	1	162407466	162506591	54	2.4231
fe311303-e123-4ebb-a729-3a52fa9e7b1e	1	162510778	162867668	262	-0.7401
fe311303-e123-4ebb-a729-3a52fa9e7b1e	1	162868003	167274330	3519	0.5865
fe311303-e123-4ebb-a729-3a52fa9e7b1e	1	167283414	169096491	1347	0.1728
fe311303-e123-4ebb-a729-3a52fa9e7b1e	1	169096975	169247699	134	0.1141
fe311303-e123-4ebb-a729-3a52fa9e7b1e	1	169264736	169272528	7	-2.1944
fe311303-e123-4ebb-a729-3a52fa9e7b1e	1	169273163	174827267	3486	0.1331
fe311303-e123-4ebb-a729-3a52fa9e7b1e	1	174827418	174832716	17	-0.6591
fe311303-e123-4ebb-a729-3a52fa9e7b1e	1	174832734	179459571	3128	0.1157
fe311303-e123-4ebb-a729-3a52fa9e7b1e	1	179460504	179490325	15	-0.4956
fe311303-e123-4ebb-a729-3a52fa9e7b1e	1	179490419	181878879	1612	0.13
fe311303-e123-4ebb-a729-3a52fa9e7b1e	1	181881014	182113837	153	0.0666
fe311303-e123-4ebb-a729-3a52fa9e7b1e	1	182115841	182118842	7	-1.0771
fe311303-e123-4ebb-a729-3a52fa9e7b1e	1	182120000	193186662	7223	0.0395
fe311303-e123-4ebb-a729-3a52fa9e7b1e	1	193187149	193187202	3	-1.6751
fe311303-e123-4ebb-a729-3a52fa9e7b1e	1	193187218	194479104	938	0.0272
fe311303-e123-4ebb-a729-3a52fa9e7b1e	1	194482281	194485888	2	-2.1118
fe311303-e123-4ebb-a729-3a52fa9e7b1e	1	194487886	195717802	750	0.0551
fe311303-e123-4ebb-a729-3a52fa9e7b1e	1	195717877	196322235	433	0.1038
fe311303-e123-4ebb-a729-3a52fa9e7b1e	1	196322614	196788990	289	0.2092
fe311303-e123-4ebb-a729-3a52fa9e7b1e	1	196789019	196790158	4	-1.4237
fe311303-e123-4ebb-a729-3a52fa9e7b1e	1	196792690	197368538	287	0.1765
fe311303-e123-4ebb-a729-3a52fa9e7b1e	1	197369095	199874613	1565	0.2549
fe311303-e123-4ebb-a729-3a52fa9e7b1e	1	199874929	200883935	689	0.1286
fe311303-e123-4ebb-a729-3a52fa9e7b1e	1	200883983	201872332	747	0.2569
fe311303-e123-4ebb-a729-3a52fa9e7b1e	1	201873984	204332694	1552	0.1418
fe311303-e123-4ebb-a729-3a52fa9e7b1e	1	204334410	205188563	689	0.3622
fe311303-e123-4ebb-a729-3a52fa9e7b1e	1	205188631	205575222	236	0.2455
fe311303-e123-4ebb-a729-3a52fa9e7b1e	1	205578197	206424776	294	-0.2407
fe311303-e123-4ebb-a729-3a52fa9e7b1e	1	206425198	206904638	349	-0.4528
fe311303-e123-4ebb-a729-3a52fa9e7b1e	1	206912315	207318144	273	-0.1046
fe311303-e123-4ebb-a729-3a52fa9e7b1e	1	207319993	207608650	171	-0.2877
fe311303-e123-4ebb-a729-3a52fa9e7b1e	1	207608733	207769292	106	0.0124
fe311303-e123-4ebb-a729-3a52fa9e7b1e	1	207774962	208402278	561	0.1314
fe311303-e123-4ebb-a729-3a52fa9e7b1e	1	208404369	208912649	398	-0.001
fe311303-e123-4ebb-a729-3a52fa9e7b1e	1	208913252	209070793	118	0.4155
fe311303-e123-4ebb-a729-3a52fa9e7b1e	1	209072514	209774509	583	0.0163
fe311303-e123-4ebb-a729-3a52fa9e7b1e	1	209774540	210738048	740	-0.5506
fe311303-e123-4ebb-a729-3a52fa9e7b1e	1	210739125	211341471	353	-0.0464
fe311303-e123-4ebb-a729-3a52fa9e7b1e	1	211342493	211558613	144	-0.5666
fe311303-e123-4ebb-a729-3a52fa9e7b1e	1	211563532	211945753	223	-0.0127
fe311303-e123-4ebb-a729-3a52fa9e7b1e	1	211946530	212336791	224	-0.5993
fe311303-e123-4ebb-a729-3a52fa9e7b1e	1	212339539	213382819	629	-0.386
fe311303-e123-4ebb-a729-3a52fa9e7b1e	1	213385594	213413331	19	0.3458
fe311303-e123-4ebb-a729-3a52fa9e7b1e	1	213414514	213729975	259	0.1743
fe311303-e123-4ebb-a729-3a52fa9e7b1e	1	213731821	214099943	265	0.4257
fe311303-e123-4ebb-a729-3a52fa9e7b1e	1	214103539	214740597	509	-0.7698
fe311303-e123-4ebb-a729-3a52fa9e7b1e	1	214743198	215200184	352	0.4077
fe311303-e123-4ebb-a729-3a52fa9e7b1e	1	215201840	215207922	6	-0.4152
fe311303-e123-4ebb-a729-3a52fa9e7b1e	1	215210896	221405132	4281	0.4248
fe311303-e123-4ebb-a729-3a52fa9e7b1e	1	221406716	221407063	2	-1.7355
fe311303-e123-4ebb-a729-3a52fa9e7b1e	1	221407528	240228440	13071	0.4243
fe311303-e123-4ebb-a729-3a52fa9e7b1e	1	240230715	240230824	5	-0.8586
fe311303-e123-4ebb-a729-3a52fa9e7b1e	1	240230839	248415350	5602	0.4122
fe311303-e123-4ebb-a729-3a52fa9e7b1e	1	248415915	248574146	37	0.7808
fe311303-e123-4ebb-a729-3a52fa9e7b1e	1	248585893	248633821	31	-0.3782
fe311303-e123-4ebb-a729-3a52fa9e7b1e	1	248633912	248930189	142	0.4788
fe311303-e123-4ebb-a729-3a52fa9e7b1e	2	12784	15566362	11602	-0.7127
fe311303-e123-4ebb-a729-3a52fa9e7b1e	2	15569934	15937643	306	1.9053
fe311303-e123-4ebb-a729-3a52fa9e7b1e	2	15949493	16002581	33	2.2265
fe311303-e123-4ebb-a729-3a52fa9e7b1e	2	16002674	16110149	59	2.7004
fe311303-e123-4ebb-a729-3a52fa9e7b1e	2	16177242	17425433	969	2.2252
fe311303-e123-4ebb-a729-3a52fa9e7b1e	2	17428987	17766474	205	2.8045
fe311303-e123-4ebb-a729-3a52fa9e7b1e	2	17766660	17933600	133	2.3734
fe311303-e123-4ebb-a729-3a52fa9e7b1e	2	17933974	18007999	89	-0.6998
fe311303-e123-4ebb-a729-3a52fa9e7b1e	2	18008154	18008797	2	-3.5602
fe311303-e123-4ebb-a729-3a52fa9e7b1e	2	18010136	34466002	10358	-0.6965
fe311303-e123-4ebb-a729-3a52fa9e7b1e	2	34474248	34515572	50	-0.0621
fe311303-e123-4ebb-a729-3a52fa9e7b1e	2	34515690	41011080	4723	-0.6956
fe311303-e123-4ebb-a729-3a52fa9e7b1e	2	41011095	41018747	23	-1.5635
fe311303-e123-4ebb-a729-3a52fa9e7b1e	2	41024093	52527330	8062	-0.689
fe311303-e123-4ebb-a729-3a52fa9e7b1e	2	52527342	52554404	39	-2.1296
fe311303-e123-4ebb-a729-3a52fa9e7b1e	2	52560811	79396616	17197	-0.6884
fe311303-e123-4ebb-a729-3a52fa9e7b1e	2	79399104	79858950	381	2.6225
fe311303-e123-4ebb-a729-3a52fa9e7b1e	2	79859308	80297159	381	2.4109
fe311303-e123-4ebb-a729-3a52fa9e7b1e	2	80297731	80418630	81	2.6654
fe311303-e123-4ebb-a729-3a52fa9e7b1e	2	80420972	80431441	7	2.1729
fe311303-e123-4ebb-a729-3a52fa9e7b1e	2	80432201	80511031	58	1.5979
fe311303-e123-4ebb-a729-3a52fa9e7b1e	2	80511173	80594378	76	2.3738
fe311303-e123-4ebb-a729-3a52fa9e7b1e	2	80595210	81425835	413	1.8169
fe311303-e123-4ebb-a729-3a52fa9e7b1e	2	81426101	81534272	74	2.3791
fe311303-e123-4ebb-a729-3a52fa9e7b1e	2	81534470	81690531	116	2.8994
fe311303-e123-4ebb-a729-3a52fa9e7b1e	2	81691468	82180692	317	2.3083
fe311303-e123-4ebb-a729-3a52fa9e7b1e	2	82183032	82328290	76	1.498
fe311303-e123-4ebb-a729-3a52fa9e7b1e	2	82340940	82545075	124	2.0846
fe311303-e123-4ebb-a729-3a52fa9e7b1e	2	82548177	82674154	55	1.5473
fe311303-e123-4ebb-a729-3a52fa9e7b1e	2	82674856	82835710	90	1.0062
fe311303-e123-4ebb-a729-3a52fa9e7b1e	2	82837047	82897636	36	1.6797
fe311303-e123-4ebb-a729-3a52fa9e7b1e	2	82902052	83200726	158	2.636
fe311303-e123-4ebb-a729-3a52fa9e7b1e	2	83201164	83809752	341	3.22
fe311303-e123-4ebb-a729-3a52fa9e7b1e	2	83816636	84067857	152	2.4976
fe311303-e123-4ebb-a729-3a52fa9e7b1e	2	84068587	84081985	3	5.0649
fe311303-e123-4ebb-a729-3a52fa9e7b1e	2	84082654	84192095	62	2.4466
fe311303-e123-4ebb-a729-3a52fa9e7b1e	2	84192608	84376858	123	2.1275
fe311303-e123-4ebb-a729-3a52fa9e7b1e	2	84377901	85442608	592	2.4895
fe311303-e123-4ebb-a729-3a52fa9e7b1e	2	85445207	85749272	168	1.683
fe311303-e123-4ebb-a729-3a52fa9e7b1e	2	85751282	86286770	361	1.4433
fe311303-e123-4ebb-a729-3a52fa9e7b1e	2	86286898	87051761	299	1.623
fe311303-e123-4ebb-a729-3a52fa9e7b1e	2	87060478	87074984	4	0.383
fe311303-e123-4ebb-a729-3a52fa9e7b1e	2	87079825	87189966	22	1.5994
fe311303-e123-4ebb-a729-3a52fa9e7b1e	2	87203368	88508490	407	0.4135
fe311303-e123-4ebb-a729-3a52fa9e7b1e	2	88510612	89248581	335	1.1189
fe311303-e123-4ebb-a729-3a52fa9e7b1e	2	89249362	89972503	23	0.6309
fe311303-e123-4ebb-a729-3a52fa9e7b1e	2	89981062	90121314	65	1.1615
fe311303-e123-4ebb-a729-3a52fa9e7b1e	2	90137693	90228255	52	1.6735
fe311303-e123-4ebb-a729-3a52fa9e7b1e	2	90230139	90282538	6	1.0792
fe311303-e123-4ebb-a729-3a52fa9e7b1e	2	90309328	97107704	875	0.1397
fe311303-e123-4ebb-a729-3a52fa9e7b1e	2	97110486	97658064	100	-0.1511
fe311303-e123-4ebb-a729-3a52fa9e7b1e	2	97660859	106258266	5493	0.1474
fe311303-e123-4ebb-a729-3a52fa9e7b1e	2	106263639	106270952	14	1.0526
fe311303-e123-4ebb-a729-3a52fa9e7b1e	2	106271414	127091296	12268	0.1469
fe311303-e123-4ebb-a729-3a52fa9e7b1e	2	127091487	127100187	4	-1.2927
fe311303-e123-4ebb-a729-3a52fa9e7b1e	2	127100370	146103818	11369	0.1419
fe311303-e123-4ebb-a729-3a52fa9e7b1e	2	146103836	146109366	27	0.8861
fe311303-e123-4ebb-a729-3a52fa9e7b1e	2	146120238	183929073	23064	0.1312
fe311303-e123-4ebb-a729-3a52fa9e7b1e	2	183929124	183937576	16	-0.5377
fe311303-e123-4ebb-a729-3a52fa9e7b1e	2	183937588	242147305	35473	0.1337
fe311303-e123-4ebb-a729-3a52fa9e7b1e	3	20930	60134672	40436	-0.2237
fe311303-e123-4ebb-a729-3a52fa9e7b1e	3	60135227	60135268	2	-2.5529
fe311303-e123-4ebb-a729-3a52fa9e7b1e	3	60135493	65202778	4437	-0.2199
fe311303-e123-4ebb-a729-3a52fa9e7b1e	3	65203560	65213575	27	-1.2853
fe311303-e123-4ebb-a729-3a52fa9e7b1e	3	65213590	65221671	18	-0.1751
fe311303-e123-4ebb-a729-3a52fa9e7b1e	3	65222038	65224302	3	-1.978
fe311303-e123-4ebb-a729-3a52fa9e7b1e	3	65224479	68675541	2394	-0.2178
fe311303-e123-4ebb-a729-3a52fa9e7b1e	3	68676600	68698262	17	0.555
fe311303-e123-4ebb-a729-3a52fa9e7b1e	3	68699607	89337951	12520	-0.23
fe311303-e123-4ebb-a729-3a52fa9e7b1e	3	89345442	89368021	47	-1.233
fe311303-e123-4ebb-a729-3a52fa9e7b1e	3	89368137	125950205	19426	-0.2311
fe311303-e123-4ebb-a729-3a52fa9e7b1e	3	125954540	125957120	3	-1.8886
fe311303-e123-4ebb-a729-3a52fa9e7b1e	3	125961657	130044016	2366	-0.2054
fe311303-e123-4ebb-a729-3a52fa9e7b1e	3	130044855	130087209	37	0.3151
fe311303-e123-4ebb-a729-3a52fa9e7b1e	3	130087393	162794869	20086	-0.221
fe311303-e123-4ebb-a729-3a52fa9e7b1e	3	162794951	162906093	66	0.2379
fe311303-e123-4ebb-a729-3a52fa9e7b1e	3	162906109	162996729	75	-0.2281
fe311303-e123-4ebb-a729-3a52fa9e7b1e	3	162999939	163001774	2	-2.8287
fe311303-e123-4ebb-a729-3a52fa9e7b1e	3	163008371	175711741	7772	-0.2447
fe311303-e123-4ebb-a729-3a52fa9e7b1e	3	175715918	175796978	36	-0.7756
fe311303-e123-4ebb-a729-3a52fa9e7b1e	3	175797104	193160256	11109	-0.2272
fe311303-e123-4ebb-a729-3a52fa9e7b1e	3	193160406	193165114	17	-1.0899
fe311303-e123-4ebb-a729-3a52fa9e7b1e	3	193168646	198169247	2676	-0.2289
fe311303-e123-4ebb-a729-3a52fa9e7b1e	4	68929	3877891	1558	0.2193
fe311303-e123-4ebb-a729-3a52fa9e7b1e	4	3884081	4182970	79	-0.1124
fe311303-e123-4ebb-a729-3a52fa9e7b1e	4	4183221	10208766	4026	0.2333
fe311303-e123-4ebb-a729-3a52fa9e7b1e	4	10221792	10233383	32	-2.0628
fe311303-e123-4ebb-a729-3a52fa9e7b1e	4	10233542	172066777	98444	0.1945
fe311303-e123-4ebb-a729-3a52fa9e7b1e	4	172067997	172068382	12	-1.55
fe311303-e123-4ebb-a729-3a52fa9e7b1e	4	172074828	182647519	7038	0.1911
fe311303-e123-4ebb-a729-3a52fa9e7b1e	4	182650187	182652237	5	-1.0566
fe311303-e123-4ebb-a729-3a52fa9e7b1e	4	182652615	190106768	4919	0.1927
fe311303-e123-4ebb-a729-3a52fa9e7b1e	5	15532	667394	298	-0.8575
fe311303-e123-4ebb-a729-3a52fa9e7b1e	5	670630	742574	25	-0.023
fe311303-e123-4ebb-a729-3a52fa9e7b1e	5	760901	1309352	258	1.3172
fe311303-e123-4ebb-a729-3a52fa9e7b1e	5	1313552	1325688	8	0.799
fe311303-e123-4ebb-a729-3a52fa9e7b1e	5	1340343	1739210	233	-0.2279
fe311303-e123-4ebb-a729-3a52fa9e7b1e	5	1739532	3097297	1184	-0.8732
fe311303-e123-4ebb-a729-3a52fa9e7b1e	5	3097354	3140891	60	-0.3713
fe311303-e123-4ebb-a729-3a52fa9e7b1e	5	3142047	15345729	9717	-0.8439
fe311303-e123-4ebb-a729-3a52fa9e7b1e	5	15353833	15976535	361	-0.1121
fe311303-e123-4ebb-a729-3a52fa9e7b1e	5	15978767	23724183	4575	-0.8255
fe311303-e123-4ebb-a729-3a52fa9e7b1e	5	23726697	24041201	162	-0.1004
fe311303-e123-4ebb-a729-3a52fa9e7b1e	5	24041743	25685871	992	-0.8441
fe311303-e123-4ebb-a729-3a52fa9e7b1e	5	25690284	25824379	88	-0.4524
fe311303-e123-4ebb-a729-3a52fa9e7b1e	5	25824613	25865621	23	-0.1312
fe311303-e123-4ebb-a729-3a52fa9e7b1e	5	25869012	28715147	1637	-0.8211
fe311303-e123-4ebb-a729-3a52fa9e7b1e	5	28715831	30550853	1101	-0.1314
fe311303-e123-4ebb-a729-3a52fa9e7b1e	5	30552306	31124541	419	0.252
fe311303-e123-4ebb-a729-3a52fa9e7b1e	5	31128845	33451730	1647	-0.8442
fe311303-e123-4ebb-a729-3a52fa9e7b1e	5	33454394	34364441	557	-0.2733
fe311303-e123-4ebb-a729-3a52fa9e7b1e	5	34364759	34391346	12	-1.31
fe311303-e123-4ebb-a729-3a52fa9e7b1e	5	34392344	34890950	348	0.3364
fe311303-e123-4ebb-a729-3a52fa9e7b1e	5	34893082	35742662	542	0.6398
fe311303-e123-4ebb-a729-3a52fa9e7b1e	5	35755332	37996750	1422	0.8888
fe311303-e123-4ebb-a729-3a52fa9e7b1e	5	37997359	38025670	32	0.2247
fe311303-e123-4ebb-a729-3a52fa9e7b1e	5	38026349	38795232	606	0.1724
fe311303-e123-4ebb-a729-3a52fa9e7b1e	5	38798187	39629976	555	-0.2566
fe311303-e123-4ebb-a729-3a52fa9e7b1e	5	39630467	40963768	893	0.1488
fe311303-e123-4ebb-a729-3a52fa9e7b1e	5	40964455	40964493	2	-1.8875
fe311303-e123-4ebb-a729-3a52fa9e7b1e	5	40964750	41224844	180	0.1615
fe311303-e123-4ebb-a729-3a52fa9e7b1e	5	41226663	41559902	228	-0.2557
fe311303-e123-4ebb-a729-3a52fa9e7b1e	5	41564024	41564460	3	-1.4199
fe311303-e123-4ebb-a729-3a52fa9e7b1e	5	41571207	42421277	451	-0.2579
fe311303-e123-4ebb-a729-3a52fa9e7b1e	5	42422971	43054919	340	0.1529
fe311303-e123-4ebb-a729-3a52fa9e7b1e	5	43060349	45600492	1112	-0.2611
fe311303-e123-4ebb-a729-3a52fa9e7b1e	5	45600573	45628045	11	0.1144
fe311303-e123-4ebb-a729-3a52fa9e7b1e	5	45630288	55648434	3587	0.5638
fe311303-e123-4ebb-a729-3a52fa9e7b1e	5	55648442	55666076	10	1.3289
fe311303-e123-4ebb-a729-3a52fa9e7b1e	5	55668755	58030453	1646	0.5516
fe311303-e123-4ebb-a729-3a52fa9e7b1e	5	58033288	58037706	29	-0.3704
fe311303-e123-4ebb-a729-3a52fa9e7b1e	5	58042530	76283937	10476	0.5559
fe311303-e123-4ebb-a729-3a52fa9e7b1e	5	76284127	76284871	3	-1.0384
fe311303-e123-4ebb-a729-3a52fa9e7b1e	5	76285772	77950074	1161	0.5562
fe311303-e123-4ebb-a729-3a52fa9e7b1e	5	77951731	80871448	1688	0.3566
fe311303-e123-4ebb-a729-3a52fa9e7b1e	5	80872076	81861873	602	0.5398
fe311303-e123-4ebb-a729-3a52fa9e7b1e	5	81865159	112703395	17931	0.3328
fe311303-e123-4ebb-a729-3a52fa9e7b1e	5	112703928	121313546	6111	1.009
fe311303-e123-4ebb-a729-3a52fa9e7b1e	5	121320963	121369685	34	1.7896
fe311303-e123-4ebb-a729-3a52fa9e7b1e	5	121370546	121400439	30	0.9936
fe311303-e123-4ebb-a729-3a52fa9e7b1e	5	121402795	127100170	3713	1.7084
fe311303-e123-4ebb-a729-3a52fa9e7b1e	5	127100616	127128231	21	0.9825
fe311303-e123-4ebb-a729-3a52fa9e7b1e	5	127131175	127133800	6	1.8908
fe311303-e123-4ebb-a729-3a52fa9e7b1e	5	127139866	127256409	58	1.0244
fe311303-e123-4ebb-a729-3a52fa9e7b1e	5	127257493	127287210	19	1.8101
fe311303-e123-4ebb-a729-3a52fa9e7b1e	5	127292183	127314889	22	1.1118
fe311303-e123-4ebb-a729-3a52fa9e7b1e	5	127316249	128023532	451	1.7297
fe311303-e123-4ebb-a729-3a52fa9e7b1e	5	128025108	128583005	306	1.0504
fe311303-e123-4ebb-a729-3a52fa9e7b1e	5	128583072	128787777	134	1.7961
fe311303-e123-4ebb-a729-3a52fa9e7b1e	5	128790691	130782432	1090	1.2569
fe311303-e123-4ebb-a729-3a52fa9e7b1e	5	130789406	130805470	17	0.1377
fe311303-e123-4ebb-a729-3a52fa9e7b1e	5	130809580	130830426	9	1.3452
fe311303-e123-4ebb-a729-3a52fa9e7b1e	5	130832075	132196941	681	0.0187
fe311303-e123-4ebb-a729-3a52fa9e7b1e	5	132200859	132580700	240	0.8422
fe311303-e123-4ebb-a729-3a52fa9e7b1e	5	132581917	133325256	404	1.6244
fe311303-e123-4ebb-a729-3a52fa9e7b1e	5	133325485	135228062	1218	0.8249
fe311303-e123-4ebb-a729-3a52fa9e7b1e	5	135228127	135424859	153	1.0434
fe311303-e123-4ebb-a729-3a52fa9e7b1e	5	135425097	135486593	55	0.828
fe311303-e123-4ebb-a729-3a52fa9e7b1e	5	135489795	135489993	2	-0.573
fe311303-e123-4ebb-a729-3a52fa9e7b1e	5	135492523	137269415	1256	0.8248
fe311303-e123-4ebb-a729-3a52fa9e7b1e	5	137269827	137771866	355	0.0449
fe311303-e123-4ebb-a729-3a52fa9e7b1e	5	137776226	137816116	14	0.3434
fe311303-e123-4ebb-a729-3a52fa9e7b1e	5	137819525	138455779	265	0.8209
fe311303-e123-4ebb-a729-3a52fa9e7b1e	5	138457050	138726946	160	0.0206
fe311303-e123-4ebb-a729-3a52fa9e7b1e	5	138727330	139159470	200	0.7824
fe311303-e123-4ebb-a729-3a52fa9e7b1e	5	139163039	139640337	155	0.0142
fe311303-e123-4ebb-a729-3a52fa9e7b1e	5	139642570	140839137	551	0.8177
fe311303-e123-4ebb-a729-3a52fa9e7b1e	5	140844251	140861442	11	0.427
fe311303-e123-4ebb-a729-3a52fa9e7b1e	5	140862894	142184250	695	0.0549
fe311303-e123-4ebb-a729-3a52fa9e7b1e	5	142187220	156218572	9519	-0.4305
fe311303-e123-4ebb-a729-3a52fa9e7b1e	5	156220785	171555327	10555	0.0316
fe311303-e123-4ebb-a729-3a52fa9e7b1e	5	171558149	171658278	83	-0.4324
fe311303-e123-4ebb-a729-3a52fa9e7b1e	5	171661410	180947523	5737	0.6423
fe311303-e123-4ebb-a729-3a52fa9e7b1e	5	180951710	180972373	7	1.8437
fe311303-e123-4ebb-a729-3a52fa9e7b1e	5	180975764	181363319	180	0.6443
fe311303-e123-4ebb-a729-3a52fa9e7b1e	6	149661	157474	10	-0.1611
fe311303-e123-4ebb-a729-3a52fa9e7b1e	6	163382	530765	310	0.2968
fe311303-e123-4ebb-a729-3a52fa9e7b1e	6	531112	1122309	539	0.1636
fe311303-e123-4ebb-a729-3a52fa9e7b1e	6	1122486	1867413	636	0.3341
fe311303-e123-4ebb-a729-3a52fa9e7b1e	6	1871667	16088499	10970	0.0106
fe311303-e123-4ebb-a729-3a52fa9e7b1e	6	16088500	16088820	2	-2.3025
fe311303-e123-4ebb-a729-3a52fa9e7b1e	6	16088854	29869295	9010	0.0025
fe311303-e123-4ebb-a729-3a52fa9e7b1e	6	29869410	29881490	16	0.8907
fe311303-e123-4ebb-a729-3a52fa9e7b1e	6	29882419	31328515	661	0.0267
fe311303-e123-4ebb-a729-3a52fa9e7b1e	6	31328674	31349920	4	-1.6344
fe311303-e123-4ebb-a729-3a52fa9e7b1e	6	31350387	55958495	15354	0.0089
fe311303-e123-4ebb-a729-3a52fa9e7b1e	6	55959654	60827619	1139	0.2795
fe311303-e123-4ebb-a729-3a52fa9e7b1e	6	60837956	66328153	2983	0.0592
fe311303-e123-4ebb-a729-3a52fa9e7b1e	6	66331020	66333004	6	-2.0675
fe311303-e123-4ebb-a729-3a52fa9e7b1e	6	66333299	71169884	3225	0.0668
fe311303-e123-4ebb-a729-3a52fa9e7b1e	6	71170934	73882085	1748	0.0009
fe311303-e123-4ebb-a729-3a52fa9e7b1e	6	73882142	73885038	8	0.9898
fe311303-e123-4ebb-a729-3a52fa9e7b1e	6	73887573	76706116	1746	-0.0183
fe311303-e123-4ebb-a729-3a52fa9e7b1e	6	76707753	76743040	40	0.5569
fe311303-e123-4ebb-a729-3a52fa9e7b1e	6	76751356	78253172	968	0.0077
fe311303-e123-4ebb-a729-3a52fa9e7b1e	6	78259348	78325468	110	0.4482
fe311303-e123-4ebb-a729-3a52fa9e7b1e	6	78329517	102309501	14771	-0.004
fe311303-e123-4ebb-a729-3a52fa9e7b1e	6	102312643	170741917	44373	0.061
fe311303-e123-4ebb-a729-3a52fa9e7b1e	7	43355	22395161	15923	0.1808
fe311303-e123-4ebb-a729-3a52fa9e7b1e	7	22395853	22396868	2	-3.0074
fe311303-e123-4ebb-a729-3a52fa9e7b1e	7	22399135	38271497	11242	0.1902
fe311303-e123-4ebb-a729-3a52fa9e7b1e	7	38271765	38368593	120	0.3869
fe311303-e123-4ebb-a729-3a52fa9e7b1e	7	38368878	54305455	10897	0.1902
fe311303-e123-4ebb-a729-3a52fa9e7b1e	7	54318812	54318824	6	-2.2346
fe311303-e123-4ebb-a729-3a52fa9e7b1e	7	54325795	56693807	1550	0.1877
fe311303-e123-4ebb-a729-3a52fa9e7b1e	7	56694420	56701121	3	-2.8359
fe311303-e123-4ebb-a729-3a52fa9e7b1e	7	56704473	67164253	2160	0.1494
fe311303-e123-4ebb-a729-3a52fa9e7b1e	7	67164342	67180245	8	-1.4466
fe311303-e123-4ebb-a729-3a52fa9e7b1e	7	67182652	67233947	15	-0.2991
fe311303-e123-4ebb-a729-3a52fa9e7b1e	7	67234797	101409205	19464	0.1703
fe311303-e123-4ebb-a729-3a52fa9e7b1e	7	101416451	101416668	2	-2.3386
fe311303-e123-4ebb-a729-3a52fa9e7b1e	7	101419630	101475536	31	0.2021
fe311303-e123-4ebb-a729-3a52fa9e7b1e	7	101477246	101479436	2	-1.8793
fe311303-e123-4ebb-a729-3a52fa9e7b1e	7	101480146	108161224	3907	0.1806
fe311303-e123-4ebb-a729-3a52fa9e7b1e	7	108161434	108165429	4	1.434
fe311303-e123-4ebb-a729-3a52fa9e7b1e	7	108166550	115942028	4723	0.1749
fe311303-e123-4ebb-a729-3a52fa9e7b1e	7	115943403	115947168	7	-1.0453
fe311303-e123-4ebb-a729-3a52fa9e7b1e	7	115961277	126404920	6323	0.1651
fe311303-e123-4ebb-a729-3a52fa9e7b1e	7	126405428	126406546	11	1.7708
fe311303-e123-4ebb-a729-3a52fa9e7b1e	7	126406561	159324640	20661	0.185
fe311303-e123-4ebb-a729-3a52fa9e7b1e	7	159324709	159334314	17	-0.6088
fe311303-e123-4ebb-a729-3a52fa9e7b1e	8	81254	4048687	3489	-0.7857
fe311303-e123-4ebb-a729-3a52fa9e7b1e	8	4050285	4050928	4	-3.7575
fe311303-e123-4ebb-a729-3a52fa9e7b1e	8	4052574	7155402	4092	-0.7763
fe311303-e123-4ebb-a729-3a52fa9e7b1e	8	7167045	8085660	66	-0.1398
fe311303-e123-4ebb-a729-3a52fa9e7b1e	8	8101440	12177488	3180	-0.7626
fe311303-e123-4ebb-a729-3a52fa9e7b1e	8	12323772	12581382	47	-0.1533
fe311303-e123-4ebb-a729-3a52fa9e7b1e	8	12585546	17129593	4023	-0.7831
fe311303-e123-4ebb-a729-3a52fa9e7b1e	8	17130918	17131498	5	-2.5613
fe311303-e123-4ebb-a729-3a52fa9e7b1e	8	17134132	23550227	5085	-0.7756
fe311303-e123-4ebb-a729-3a52fa9e7b1e	8	23550260	23550358	4	-3.5242
fe311303-e123-4ebb-a729-3a52fa9e7b1e	8	23550392	26060604	1862	-0.7724
fe311303-e123-4ebb-a729-3a52fa9e7b1e	8	26060637	26061168	2	-5.5722
fe311303-e123-4ebb-a729-3a52fa9e7b1e	8	26061504	39368422	8150	-0.7774
fe311303-e123-4ebb-a729-3a52fa9e7b1e	8	39368524	39529446	64	0.1018
fe311303-e123-4ebb-a729-3a52fa9e7b1e	8	39530780	40326280	582	-0.8113
fe311303-e123-4ebb-a729-3a52fa9e7b1e	8	40326286	40331963	30	-2.5456
fe311303-e123-4ebb-a729-3a52fa9e7b1e	8	40331978	40491583	148	-0.8286
fe311303-e123-4ebb-a729-3a52fa9e7b1e	8	40492684	40536721	38	-0.0334
fe311303-e123-4ebb-a729-3a52fa9e7b1e	8	40542202	40543166	2	-1.0234
fe311303-e123-4ebb-a729-3a52fa9e7b1e	8	40543346	40825819	197	0.1173
fe311303-e123-4ebb-a729-3a52fa9e7b1e	8	40825876	40909656	65	0.4248
fe311303-e123-4ebb-a729-3a52fa9e7b1e	8	40909965	40938810	17	0.1659
fe311303-e123-4ebb-a729-3a52fa9e7b1e	8	40941286	41075907	79	0.4628
fe311303-e123-4ebb-a729-3a52fa9e7b1e	8	41076467	41436888	218	1.0625
fe311303-e123-4ebb-a729-3a52fa9e7b1e	8	41436907	46000692	1202	0.8502
fe311303-e123-4ebb-a729-3a52fa9e7b1e	8	46007651	57205493	6542	-0.0418
fe311303-e123-4ebb-a729-3a52fa9e7b1e	8	57215241	57217466	2	-2.8378
fe311303-e123-4ebb-a729-3a52fa9e7b1e	8	57220239	63936340	4425	-0.035
fe311303-e123-4ebb-a729-3a52fa9e7b1e	8	63936355	63936451	3	1.4498
fe311303-e123-4ebb-a729-3a52fa9e7b1e	8	63936514	78454037	8699	-0.0345
fe311303-e123-4ebb-a729-3a52fa9e7b1e	8	78459703	78460192	2	1.9079
fe311303-e123-4ebb-a729-3a52fa9e7b1e	8	78460488	86301116	4429	-0.0211
fe311303-e123-4ebb-a729-3a52fa9e7b1e	8	86301309	86306413	6	0.7117
fe311303-e123-4ebb-a729-3a52fa9e7b1e	8	86307259	87036061	403	0.095
fe311303-e123-4ebb-a729-3a52fa9e7b1e	8	87036183	87918418	446	-0.0079
fe311303-e123-4ebb-a729-3a52fa9e7b1e	8	87918434	88939694	578	0.1297
fe311303-e123-4ebb-a729-3a52fa9e7b1e	8	88949554	89979360	689	-0.0002
fe311303-e123-4ebb-a729-3a52fa9e7b1e	8	89980922	120896187	18897	0.1303
fe311303-e123-4ebb-a729-3a52fa9e7b1e	8	120896498	144997768	16650	-0.0051
fe311303-e123-4ebb-a729-3a52fa9e7b1e	8	145005815	145062930	30	-0.4441
fe311303-e123-4ebb-a729-3a52fa9e7b1e	8	145063045	145072769	8	0.2479
fe311303-e123-4ebb-a729-3a52fa9e7b1e	9	46587	2659503	2843	0.1781
fe311303-e123-4ebb-a729-3a52fa9e7b1e	9	2661766	2661975	2	-2.2857
fe311303-e123-4ebb-a729-3a52fa9e7b1e	9	2661983	4008653	1139	0.1813
fe311303-e123-4ebb-a729-3a52fa9e7b1e	9	4008954	4009643	6	1.1766
fe311303-e123-4ebb-a729-3a52fa9e7b1e	9	4009807	5079156	1201	0.1963
fe311303-e123-4ebb-a729-3a52fa9e7b1e	9	5081416	5081766	8	-1.1692
fe311303-e123-4ebb-a729-3a52fa9e7b1e	9	5081852	41570345	25747	0.1778
fe311303-e123-4ebb-a729-3a52fa9e7b1e	9	41570676	42715632	68	-0.5087
fe311303-e123-4ebb-a729-3a52fa9e7b1e	9	42719891	61405110	45	0.1585
fe311303-e123-4ebb-a729-3a52fa9e7b1e	9	61520021	61572014	18	1.0079
fe311303-e123-4ebb-a729-3a52fa9e7b1e	9	61573452	138200944	47721	0.1864
fe311303-e123-4ebb-a729-3a52fa9e7b1e	10	45792	6775410	5764	0.1797
fe311303-e123-4ebb-a729-3a52fa9e7b1e	10	6775753	6784062	4	-1.1888
fe311303-e123-4ebb-a729-3a52fa9e7b1e	10	6785011	24083376	13238	0.1772
fe311303-e123-4ebb-a729-3a52fa9e7b1e	10	24083828	24089125	13	1.1471
fe311303-e123-4ebb-a729-3a52fa9e7b1e	10	24089979	46525728	12392	0.1765
fe311303-e123-4ebb-a729-3a52fa9e7b1e	10	46525759	46560525	36	0.6676
fe311303-e123-4ebb-a729-3a52fa9e7b1e	10	46606240	46810571	15	-0.8096
fe311303-e123-4ebb-a729-3a52fa9e7b1e	10	46836986	47024779	10	-0.1232
fe311303-e123-4ebb-a729-3a52fa9e7b1e	10	47040736	49743213	1564	0.273
fe311303-e123-4ebb-a729-3a52fa9e7b1e	10	49747447	50070600	96	0.1532
fe311303-e123-4ebb-a729-3a52fa9e7b1e	10	50081224	50097459	2	-2.3525
fe311303-e123-4ebb-a729-3a52fa9e7b1e	10	50107474	53904245	2837	0.17
fe311303-e123-4ebb-a729-3a52fa9e7b1e	10	53904266	53905230	2	-1.8819
fe311303-e123-4ebb-a729-3a52fa9e7b1e	10	53914357	56761942	1976	0.1579
fe311303-e123-4ebb-a729-3a52fa9e7b1e	10	56762039	56764353	11	0.8785
fe311303-e123-4ebb-a729-3a52fa9e7b1e	10	56765627	57154742	309	0.1318
fe311303-e123-4ebb-a729-3a52fa9e7b1e	10	57155081	57158352	4	1.2712
fe311303-e123-4ebb-a729-3a52fa9e7b1e	10	57158939	59604372	1755	0.1626
fe311303-e123-4ebb-a729-3a52fa9e7b1e	10	59604671	59605424	5	-1.3711
fe311303-e123-4ebb-a729-3a52fa9e7b1e	10	59605506	92387518	21797	0.1761
fe311303-e123-4ebb-a729-3a52fa9e7b1e	10	92387543	92453853	24	-0.2985
fe311303-e123-4ebb-a729-3a52fa9e7b1e	10	92453949	133654968	28059	0.182
fe311303-e123-4ebb-a729-3a52fa9e7b1e	11	198510	5772353	3209	0.1044
fe311303-e123-4ebb-a729-3a52fa9e7b1e	11	5773015	5787096	18	0.7023
fe311303-e123-4ebb-a729-3a52fa9e7b1e	11	5787110	21825263	11945	0.1196
fe311303-e123-4ebb-a729-3a52fa9e7b1e	11	21825348	21827134	5	-1.2915
fe311303-e123-4ebb-a729-3a52fa9e7b1e	11	21827206	31371747	6412	0.1022
fe311303-e123-4ebb-a729-3a52fa9e7b1e	11	31372721	31375533	2	-2.4354
fe311303-e123-4ebb-a729-3a52fa9e7b1e	11	31376660	55609022	12589	0.1101
fe311303-e123-4ebb-a729-3a52fa9e7b1e	11	55609035	55686100	51	0.5266
fe311303-e123-4ebb-a729-3a52fa9e7b1e	11	55693207	135074876	51842	0.1136
fe311303-e123-4ebb-a729-3a52fa9e7b1e	12	51460	9481274	6125	-0.1956
fe311303-e123-4ebb-a729-3a52fa9e7b1e	12	9485313	9562969	22	-1.6586
fe311303-e123-4ebb-a729-3a52fa9e7b1e	12	9575696	33141726	16433	-0.2111
fe311303-e123-4ebb-a729-3a52fa9e7b1e	12	33148472	33154440	26	-2.525
fe311303-e123-4ebb-a729-3a52fa9e7b1e	12	33155426	48625338	7411	-0.2175
fe311303-e123-4ebb-a729-3a52fa9e7b1e	12	48626346	48628619	3	-1.9166
fe311303-e123-4ebb-a729-3a52fa9e7b1e	12	48629193	56084552	4104	-0.2013
fe311303-e123-4ebb-a729-3a52fa9e7b1e	12	56084572	56084625	4	1.3427
fe311303-e123-4ebb-a729-3a52fa9e7b1e	12	56087291	63143632	4316	-0.2123
fe311303-e123-4ebb-a729-3a52fa9e7b1e	12	63144142	63188553	26	-0.8569
fe311303-e123-4ebb-a729-3a52fa9e7b1e	12	63195641	64492171	673	-0.2171
fe311303-e123-4ebb-a729-3a52fa9e7b1e	12	64494879	66073171	901	0.3
fe311303-e123-4ebb-a729-3a52fa9e7b1e	12	66076070	68192247	1592	0.6826
fe311303-e123-4ebb-a729-3a52fa9e7b1e	12	68192953	69440421	874	-0.239
fe311303-e123-4ebb-a729-3a52fa9e7b1e	12	69452537	69580023	80	0.6162
fe311303-e123-4ebb-a729-3a52fa9e7b1e	12	69582420	72845239	2101	-0.2112
fe311303-e123-4ebb-a729-3a52fa9e7b1e	12	72848336	72881620	18	-0.7841
fe311303-e123-4ebb-a729-3a52fa9e7b1e	12	72881690	78661603	3739	-0.22
fe311303-e123-4ebb-a729-3a52fa9e7b1e	12	78664799	78726166	26	0.716
fe311303-e123-4ebb-a729-3a52fa9e7b1e	12	78726288	78936460	132	0.3129
fe311303-e123-4ebb-a729-3a52fa9e7b1e	12	78938290	79287062	212	0.7125
fe311303-e123-4ebb-a729-3a52fa9e7b1e	12	79288874	80407318	624	0.2825
fe311303-e123-4ebb-a729-3a52fa9e7b1e	12	80410632	85489740	3092	-0.2252
fe311303-e123-4ebb-a729-3a52fa9e7b1e	12	85491080	86030957	335	1.4845
fe311303-e123-4ebb-a729-3a52fa9e7b1e	12	86035018	86038765	3	-1.6931
fe311303-e123-4ebb-a729-3a52fa9e7b1e	12	86044650	87558211	813	1.2214
fe311303-e123-4ebb-a729-3a52fa9e7b1e	12	87562873	103003940	10076	-0.2134
fe311303-e123-4ebb-a729-3a52fa9e7b1e	12	103004798	103057444	18	-0.716
fe311303-e123-4ebb-a729-3a52fa9e7b1e	12	103062007	107815797	3402	-0.2003
fe311303-e123-4ebb-a729-3a52fa9e7b1e	12	107819233	107819706	2	1.7205
fe311303-e123-4ebb-a729-3a52fa9e7b1e	12	107827137	114460326	4120	-0.2012
fe311303-e123-4ebb-a729-3a52fa9e7b1e	12	114463472	114905687	295	1.3489
fe311303-e123-4ebb-a729-3a52fa9e7b1e	12	114914861	128222342	8953	-0.2098
fe311303-e123-4ebb-a729-3a52fa9e7b1e	12	128223477	128225754	2	-2.0779
fe311303-e123-4ebb-a729-3a52fa9e7b1e	12	128226302	129023745	724	-0.1667
fe311303-e123-4ebb-a729-3a52fa9e7b1e	12	129024117	129024249	2	-4.2113
fe311303-e123-4ebb-a729-3a52fa9e7b1e	12	129025642	133201603	2796	-0.2057
fe311303-e123-4ebb-a729-3a52fa9e7b1e	13	18452809	111028439	61668	-0.2174
fe311303-e123-4ebb-a729-3a52fa9e7b1e	13	111029653	111047832	22	-3.1972
fe311303-e123-4ebb-a729-3a52fa9e7b1e	13	111048876	114342922	1754	-0.2091
fe311303-e123-4ebb-a729-3a52fa9e7b1e	14	18239283	18605867	12	0.2082
fe311303-e123-4ebb-a729-3a52fa9e7b1e	14	18625765	19955213	153	-0.3841
fe311303-e123-4ebb-a729-3a52fa9e7b1e	14	19956767	20681949	548	0.1889
fe311303-e123-4ebb-a729-3a52fa9e7b1e	14	20685140	20711122	21	-0.4197
fe311303-e123-4ebb-a729-3a52fa9e7b1e	14	20714641	21924972	768	0.1876
fe311303-e123-4ebb-a729-3a52fa9e7b1e	14	21925423	22474759	456	0.3759
fe311303-e123-4ebb-a729-3a52fa9e7b1e	14	22477230	86353555	40395	0.1883
fe311303-e123-4ebb-a729-3a52fa9e7b1e	14	86355116	86355347	3	-1.4445
fe311303-e123-4ebb-a729-3a52fa9e7b1e	14	86357231	106258891	12241	0.204
fe311303-e123-4ebb-a729-3a52fa9e7b1e	14	106260759	106300707	23	-0.4248
fe311303-e123-4ebb-a729-3a52fa9e7b1e	14	106301365	106877229	291	0.2102
fe311303-e123-4ebb-a729-3a52fa9e7b1e	15	19811075	20056983	50	0.0241
fe311303-e123-4ebb-a729-3a52fa9e7b1e	15	20059033	22582296	164	0.6718
fe311303-e123-4ebb-a729-3a52fa9e7b1e	15	22584747	24240681	908	0.1568
fe311303-e123-4ebb-a729-3a52fa9e7b1e	15	24247869	24258119	4	-2.0561
fe311303-e123-4ebb-a729-3a52fa9e7b1e	15	24258513	30231102	3682	0.2067
fe311303-e123-4ebb-a729-3a52fa9e7b1e	15	30252720	30269364	5	-1.1115
fe311303-e123-4ebb-a729-3a52fa9e7b1e	15	30281107	30488460	16	0.5438
fe311303-e123-4ebb-a729-3a52fa9e7b1e	15	30500366	30608675	5	-1.2513
fe311303-e123-4ebb-a729-3a52fa9e7b1e	15	30621384	30633402	3	-0.3538
fe311303-e123-4ebb-a729-3a52fa9e7b1e	15	30638297	101864933	46272	0.1977
fe311303-e123-4ebb-a729-3a52fa9e7b1e	15	101880399	101928837	12	-0.57
fe311303-e123-4ebb-a729-3a52fa9e7b1e	16	10777	18335528	12677	0.2011
fe311303-e123-4ebb-a729-3a52fa9e7b1e	16	18540265	18545889	3	2.0599
fe311303-e123-4ebb-a729-3a52fa9e7b1e	16	18583078	22604483	1995	0.1937
fe311303-e123-4ebb-a729-3a52fa9e7b1e	16	22614263	22693199	58	-0.2827
fe311303-e123-4ebb-a729-3a52fa9e7b1e	16	22699421	55761136	12014	0.1945
fe311303-e123-4ebb-a729-3a52fa9e7b1e	16	55762477	55782734	18	-2.4451
fe311303-e123-4ebb-a729-3a52fa9e7b1e	16	55782793	55808603	8	-0.0637
fe311303-e123-4ebb-a729-3a52fa9e7b1e	16	55809606	55814156	6	1.4411
fe311303-e123-4ebb-a729-3a52fa9e7b1e	16	55822442	70105639	8674	0.187
fe311303-e123-4ebb-a729-3a52fa9e7b1e	16	70117657	70212022	19	-0.7028
fe311303-e123-4ebb-a729-3a52fa9e7b1e	16	70212430	78674912	5921	0.1861
fe311303-e123-4ebb-a729-3a52fa9e7b1e	16	78677693	79095793	591	-0.1951
fe311303-e123-4ebb-a729-3a52fa9e7b1e	16	79096677	80218562	1254	0.193
fe311303-e123-4ebb-a729-3a52fa9e7b1e	16	80218606	80219179	5	-1.1219
fe311303-e123-4ebb-a729-3a52fa9e7b1e	16	80219577	90096867	8238	0.2061
fe311303-e123-4ebb-a729-3a52fa9e7b1e	17	150733	2048845	889	0.0751
fe311303-e123-4ebb-a729-3a52fa9e7b1e	17	2062248	8467902	3638	-0.7429
fe311303-e123-4ebb-a729-3a52fa9e7b1e	17	8470937	28452035	9017	0.0949
fe311303-e123-4ebb-a729-3a52fa9e7b1e	17	28454323	28455301	2	-2.601
fe311303-e123-4ebb-a729-3a52fa9e7b1e	17	28462253	41258395	7082	0.0964
fe311303-e123-4ebb-a729-3a52fa9e7b1e	17	41262120	41274198	26	0.5888
fe311303-e123-4ebb-a729-3a52fa9e7b1e	17	41274279	46127007	2518	0.0816
fe311303-e123-4ebb-a729-3a52fa9e7b1e	17	46130778	46286804	94	0.7701
fe311303-e123-4ebb-a729-3a52fa9e7b1e	17	46323701	59326591	7863	0.0801
fe311303-e123-4ebb-a729-3a52fa9e7b1e	17	59329658	59330834	2	-2.1207
fe311303-e123-4ebb-a729-3a52fa9e7b1e	17	59344800	80655063	12609	0.0804
fe311303-e123-4ebb-a729-3a52fa9e7b1e	17	80655993	80667490	5	-1.1449
fe311303-e123-4ebb-a729-3a52fa9e7b1e	17	80668820	83091923	940	0.0805
fe311303-e123-4ebb-a729-3a52fa9e7b1e	18	48133	479816	308	-0.0759
fe311303-e123-4ebb-a729-3a52fa9e7b1e	18	481341	483753	2	-2.3123
fe311303-e123-4ebb-a729-3a52fa9e7b1e	18	485410	15402409	10000	-0.0768
fe311303-e123-4ebb-a729-3a52fa9e7b1e	18	20949392	25414962	2559	0.5035
fe311303-e123-4ebb-a729-3a52fa9e7b1e	18	25416010	29020353	2314	0.2962
fe311303-e123-4ebb-a729-3a52fa9e7b1e	18	29023909	29918773	519	0.6727
fe311303-e123-4ebb-a729-3a52fa9e7b1e	18	29923235	31957770	1311	0.2717
fe311303-e123-4ebb-a729-3a52fa9e7b1e	18	31963241	32227449	198	-0.2113
fe311303-e123-4ebb-a729-3a52fa9e7b1e	18	32227685	33426533	788	0.2952
fe311303-e123-4ebb-a729-3a52fa9e7b1e	18	33435979	66240197	22080	-0.2116
fe311303-e123-4ebb-a729-3a52fa9e7b1e	18	66240359	66244352	9	-1.6504
fe311303-e123-4ebb-a729-3a52fa9e7b1e	18	66244639	80257174	10157	-0.2251
fe311303-e123-4ebb-a729-3a52fa9e7b1e	19	90910	27257085	11115	0.2901
fe311303-e123-4ebb-a729-3a52fa9e7b1e	19	27260767	28974413	1031	-0.2167
fe311303-e123-4ebb-a729-3a52fa9e7b1e	19	28979002	29399111	368	0.3289
fe311303-e123-4ebb-a729-3a52fa9e7b1e	19	29400007	29637890	191	-0.1847
fe311303-e123-4ebb-a729-3a52fa9e7b1e	19	29640547	30008500	254	0.2948
fe311303-e123-4ebb-a729-3a52fa9e7b1e	19	30011559	35364451	3665	-0.1836
fe311303-e123-4ebb-a729-3a52fa9e7b1e	19	35364547	35366205	10	-1.1114
fe311303-e123-4ebb-a729-3a52fa9e7b1e	19	35366234	52125358	8330	-0.2042
fe311303-e123-4ebb-a729-3a52fa9e7b1e	19	52127660	53719929	1136	0.2653
fe311303-e123-4ebb-a729-3a52fa9e7b1e	19	53722236	53736973	18	-0.344
fe311303-e123-4ebb-a729-3a52fa9e7b1e	19	53739027	54099351	183	0.2249
fe311303-e123-4ebb-a729-3a52fa9e7b1e	19	54100903	55771169	827	0.6754
fe311303-e123-4ebb-a729-3a52fa9e7b1e	19	55771663	55771701	2	-2.147
fe311303-e123-4ebb-a729-3a52fa9e7b1e	19	55774927	58016935	1518	0.6629
fe311303-e123-4ebb-a729-3a52fa9e7b1e	19	58017326	58586487	308	0.2734
fe311303-e123-4ebb-a729-3a52fa9e7b1e	20	80664	64324800	42069	0.1727
fe311303-e123-4ebb-a729-3a52fa9e7b1e	21	10354168	10568903	54	0.1089
fe311303-e123-4ebb-a729-3a52fa9e7b1e	21	10569525	10775586	33	-0.4617
fe311303-e123-4ebb-a729-3a52fa9e7b1e	21	12973348	46677045	23581	0.1751
fe311303-e123-4ebb-a729-3a52fa9e7b1e	22	15294547	17991962	969	-0.3352
fe311303-e123-4ebb-a729-3a52fa9e7b1e	22	17996616	18190590	150	-0.8018
fe311303-e123-4ebb-a729-3a52fa9e7b1e	22	18392404	26661131	5406	-0.182
fe311303-e123-4ebb-a729-3a52fa9e7b1e	22	26661475	26662561	2	-3.7282
fe311303-e123-4ebb-a729-3a52fa9e7b1e	22	26662688	38955461	8617	-0.202
fe311303-e123-4ebb-a729-3a52fa9e7b1e	22	38967614	38979302	24	-1.1899
fe311303-e123-4ebb-a729-3a52fa9e7b1e	22	38993700	50796027	7960	-0.1998
fe311303-e123-4ebb-a729-3a52fa9e7b1e	X	251810	41573938	25364	0.0103
fe311303-e123-4ebb-a729-3a52fa9e7b1e	X	41577398	41768377	95	-0.4064
fe311303-e123-4ebb-a729-3a52fa9e7b1e	X	41771219	104003417	27847	0.0019
fe311303-e123-4ebb-a729-3a52fa9e7b1e	X	104004609	104050792	57	0.6067
fe311303-e123-4ebb-a729-3a52fa9e7b1e	X	104083894	106281627	1101	0.0076
fe311303-e123-4ebb-a729-3a52fa9e7b1e	X	106281676	106303569	12	1.0895
fe311303-e123-4ebb-a729-3a52fa9e7b1e	X	106306178	155952689	28476	0.0095
fe311303-e123-4ebb-a729-3a52fa9e7b1e	Y	2782397	3326047	191	-2.8888
fe311303-e123-4ebb-a729-3a52fa9e7b1e	Y	3327226	6076562	527	-2.5729
fe311303-e123-4ebb-a729-3a52fa9e7b1e	Y	6080059	9330531	1505	-3.1235
fe311303-e123-4ebb-a729-3a52fa9e7b1e	Y	9332936	9554275	25	-4.9474
fe311303-e123-4ebb-a729-3a52fa9e7b1e	Y	9554586	56872112	4386	-3.011
