GDC_Aliquot	Chromosome	Start	End	Num_Probes	Segment_Mean
42277901-2f47-4d99-af55-0fa81bb5511d	1	62920	86341	11	-0.9426
42277901-2f47-4d99-af55-0fa81bb5511d	1	98588	1055459	70	0.0273
42277901-2f47-4d99-af55-0fa81bb5511d	1	1068249	1081836	2	-1.7274
42277901-2f47-4d99-af55-0fa81bb5511d	1	1083324	2832124	452	-0.0432
42277901-2f47-4d99-af55-0fa81bb5511d	1	2832416	2940874	41	-0.3783
42277901-2f47-4d99-af55-0fa81bb5511d	1	2941844	14004749	6393	-0.0038
42277901-2f47-4d99-af55-0fa81bb5511d	1	14004772	14011431	4	1.6244
42277901-2f47-4d99-af55-0fa81bb5511d	1	14011442	15823420	1363	0.0192
42277901-2f47-4d99-af55-0fa81bb5511d	1	15827002	15827430	6	-2.1215
42277901-2f47-4d99-af55-0fa81bb5511d	1	15827706	25256850	5670	-0.0065
42277901-2f47-4d99-af55-0fa81bb5511d	1	25266637	25318693	19	-2.1136
42277901-2f47-4d99-af55-0fa81bb5511d	1	25319167	25320455	5	-0.804
42277901-2f47-4d99-af55-0fa81bb5511d	1	25336819	30259533	2383	-0.0089
42277901-2f47-4d99-af55-0fa81bb5511d	1	30261189	30265687	6	-0.3945
42277901-2f47-4d99-af55-0fa81bb5511d	1	30266452	30266949	3	-1.1911
42277901-2f47-4d99-af55-0fa81bb5511d	1	30268649	34637909	2567	0.0089
42277901-2f47-4d99-af55-0fa81bb5511d	1	34638226	34648667	11	-0.7871
42277901-2f47-4d99-af55-0fa81bb5511d	1	34649941	72303233	23743	0.0036
42277901-2f47-4d99-af55-0fa81bb5511d	1	72303253	72345450	44	-1.5607
42277901-2f47-4d99-af55-0fa81bb5511d	1	72345465	75585159	1932	0.006
42277901-2f47-4d99-af55-0fa81bb5511d	1	75589078	75589169	2	-1.9234
42277901-2f47-4d99-af55-0fa81bb5511d	1	75593824	102221147	17348	0.0103
42277901-2f47-4d99-af55-0fa81bb5511d	1	102222016	102378414	131	0.1935
42277901-2f47-4d99-af55-0fa81bb5511d	1	102378611	109684893	4182	0.0061
42277901-2f47-4d99-af55-0fa81bb5511d	1	109690352	109702376	14	0.8958
42277901-2f47-4d99-af55-0fa81bb5511d	1	109703504	112147704	1945	0.017
42277901-2f47-4d99-af55-0fa81bb5511d	1	112153343	112163440	28	0.7
42277901-2f47-4d99-af55-0fa81bb5511d	1	112163460	114289343	1322	0.0166
42277901-2f47-4d99-af55-0fa81bb5511d	1	114291004	114291088	2	-1.5693
42277901-2f47-4d99-af55-0fa81bb5511d	1	114291180	143748012	3930	0.0046
42277901-2f47-4d99-af55-0fa81bb5511d	1	143748074	143811517	23	0.8434
42277901-2f47-4d99-af55-0fa81bb5511d	1	143890323	147305310	405	0.0308
42277901-2f47-4d99-af55-0fa81bb5511d	1	147307709	147308555	2	1.747
42277901-2f47-4d99-af55-0fa81bb5511d	1	147311853	152583230	1912	0.0284
42277901-2f47-4d99-af55-0fa81bb5511d	1	152583291	152614064	32	-1.6916
42277901-2f47-4d99-af55-0fa81bb5511d	1	152614100	158896783	3813	0.0101
42277901-2f47-4d99-af55-0fa81bb5511d	1	158898711	158899969	2	-1.4715
42277901-2f47-4d99-af55-0fa81bb5511d	1	158905028	161647641	1646	-0.0059
42277901-2f47-4d99-af55-0fa81bb5511d	1	161647657	161649222	7	1.0038
42277901-2f47-4d99-af55-0fa81bb5511d	1	161649268	169247699	6004	0.0052
42277901-2f47-4d99-af55-0fa81bb5511d	1	169264736	169273163	8	0.8207
42277901-2f47-4d99-af55-0fa81bb5511d	1	169285639	174827128	3511	0.0049
42277901-2f47-4d99-af55-0fa81bb5511d	1	174827267	174828177	7	-0.7829
42277901-2f47-4d99-af55-0fa81bb5511d	1	174828195	189115773	9530	-0.0013
42277901-2f47-4d99-af55-0fa81bb5511d	1	189116196	189116241	2	-1.5752
42277901-2f47-4d99-af55-0fa81bb5511d	1	189116278	189445107	209	-0.0204
42277901-2f47-4d99-af55-0fa81bb5511d	1	189446700	189528793	48	0.276
42277901-2f47-4d99-af55-0fa81bb5511d	1	189531542	194461702	3384	0.0023
42277901-2f47-4d99-af55-0fa81bb5511d	1	194465137	194479104	13	-0.9425
42277901-2f47-4d99-af55-0fa81bb5511d	1	194482281	196729112	1434	0.0148
42277901-2f47-4d99-af55-0fa81bb5511d	1	196729142	196843377	78	0.2554
42277901-2f47-4d99-af55-0fa81bb5511d	1	196843400	202073236	3410	0.0025
42277901-2f47-4d99-af55-0fa81bb5511d	1	202073744	202088056	10	-0.5361
42277901-2f47-4d99-af55-0fa81bb5511d	1	202088366	208272375	3977	0
42277901-2f47-4d99-af55-0fa81bb5511d	1	208272455	208283592	28	0.5244
42277901-2f47-4d99-af55-0fa81bb5511d	1	208284364	247528174	27568	0.0036
42277901-2f47-4d99-af55-0fa81bb5511d	1	247528981	248930189	785	0.0734
42277901-2f47-4d99-af55-0fa81bb5511d	2	12784	7499242	5924	0.0138
42277901-2f47-4d99-af55-0fa81bb5511d	2	7502934	7506841	2	1.5323
42277901-2f47-4d99-af55-0fa81bb5511d	2	7506876	22376054	10717	0.0102
42277901-2f47-4d99-af55-0fa81bb5511d	2	22378048	22378060	2	-1.4585
42277901-2f47-4d99-af55-0fa81bb5511d	2	22378280	34483583	7437	0.0086
42277901-2f47-4d99-af55-0fa81bb5511d	2	34485661	34511446	37	-0.4147
42277901-2f47-4d99-af55-0fa81bb5511d	2	34511990	35358251	545	-0.0101
42277901-2f47-4d99-af55-0fa81bb5511d	2	35358305	35379102	29	0.376
42277901-2f47-4d99-af55-0fa81bb5511d	2	35379492	35732462	288	0.0307
42277901-2f47-4d99-af55-0fa81bb5511d	2	35732556	35772438	19	0.5967
42277901-2f47-4d99-af55-0fa81bb5511d	2	35775353	36109476	273	0.0348
42277901-2f47-4d99-af55-0fa81bb5511d	2	36109597	36112411	12	-0.7684
42277901-2f47-4d99-af55-0fa81bb5511d	2	36123960	40169156	2936	0.0205
42277901-2f47-4d99-af55-0fa81bb5511d	2	40170111	40173172	4	-1.3294
42277901-2f47-4d99-af55-0fa81bb5511d	2	40179378	40763176	513	0.007
42277901-2f47-4d99-af55-0fa81bb5511d	2	40763522	40764298	3	1.409
42277901-2f47-4d99-af55-0fa81bb5511d	2	40764666	50914266	7272	0.0084
42277901-2f47-4d99-af55-0fa81bb5511d	2	50920373	51118336	146	0.1982
42277901-2f47-4d99-af55-0fa81bb5511d	2	51119811	52510045	947	0.0411
42277901-2f47-4d99-af55-0fa81bb5511d	2	52510874	52531878	21	0.685
42277901-2f47-4d99-af55-0fa81bb5511d	2	52531894	52537091	4	-0.3357
42277901-2f47-4d99-af55-0fa81bb5511d	2	52537117	52554404	23	0.7142
42277901-2f47-4d99-af55-0fa81bb5511d	2	52560811	128881337	42794	0.0111
42277901-2f47-4d99-af55-0fa81bb5511d	2	128881387	128888874	12	-0.9213
42277901-2f47-4d99-af55-0fa81bb5511d	2	128888929	130011055	864	0.0184
42277901-2f47-4d99-af55-0fa81bb5511d	2	130022403	130116915	22	-0.4483
42277901-2f47-4d99-af55-0fa81bb5511d	2	130117303	146106875	9522	0.0091
42277901-2f47-4d99-af55-0fa81bb5511d	2	146106889	146109366	21	1.0398
42277901-2f47-4d99-af55-0fa81bb5511d	2	146120238	154033296	4876	0.0108
42277901-2f47-4d99-af55-0fa81bb5511d	2	154039462	154039969	2	-2.2878
42277901-2f47-4d99-af55-0fa81bb5511d	2	154043710	242147305	54141	0.0081
42277901-2f47-4d99-af55-0fa81bb5511d	3	20930	4064798	3670	0.0329
42277901-2f47-4d99-af55-0fa81bb5511d	3	4064811	4064919	2	-1.8266
42277901-2f47-4d99-af55-0fa81bb5511d	3	4065150	6604856	2141	0.0404
42277901-2f47-4d99-af55-0fa81bb5511d	3	6609441	6611645	23	-0.5496
42277901-2f47-4d99-af55-0fa81bb5511d	3	6613391	32060063	18055	0.0075
42277901-2f47-4d99-af55-0fa81bb5511d	3	32060494	32064742	2	1.644
42277901-2f47-4d99-af55-0fa81bb5511d	3	32069801	33005364	567	-0.0055
42277901-2f47-4d99-af55-0fa81bb5511d	3	33005858	33007329	2	-1.445
42277901-2f47-4d99-af55-0fa81bb5511d	3	33009209	36633435	2312	0.0042
42277901-2f47-4d99-af55-0fa81bb5511d	3	36635655	36635994	2	-2.0917
42277901-2f47-4d99-af55-0fa81bb5511d	3	36638791	99218940	36898	0.0079
42277901-2f47-4d99-af55-0fa81bb5511d	3	99225614	99230577	38	-1.8503
42277901-2f47-4d99-af55-0fa81bb5511d	3	99232120	130035092	18678	0.0047
42277901-2f47-4d99-af55-0fa81bb5511d	3	130035506	130044016	6	-0.5887
42277901-2f47-4d99-af55-0fa81bb5511d	3	130044855	130087393	38	0.5557
42277901-2f47-4d99-af55-0fa81bb5511d	3	130088081	143566923	8358	0.005
42277901-2f47-4d99-af55-0fa81bb5511d	3	143566958	143567132	4	1.4404
42277901-2f47-4d99-af55-0fa81bb5511d	3	143567959	193160173	31103	0.0113
42277901-2f47-4d99-af55-0fa81bb5511d	3	193160256	193165114	18	1.7599
42277901-2f47-4d99-af55-0fa81bb5511d	3	193168646	195685341	1486	-0.01
42277901-2f47-4d99-af55-0fa81bb5511d	3	195691392	195728637	21	0.6275
42277901-2f47-4d99-af55-0fa81bb5511d	3	195728990	195730018	8	-0.0544
42277901-2f47-4d99-af55-0fa81bb5511d	3	195733825	195747892	10	0.7768
42277901-2f47-4d99-af55-0fa81bb5511d	3	195751823	195752877	3	-0.7569
42277901-2f47-4d99-af55-0fa81bb5511d	3	195754940	198111566	1146	0.0048
42277901-2f47-4d99-af55-0fa81bb5511d	3	198118345	198169247	17	-0.6799
42277901-2f47-4d99-af55-0fa81bb5511d	4	68929	9462813	5155	-0.0073
42277901-2f47-4d99-af55-0fa81bb5511d	4	9463248	9477560	3	2.1545
42277901-2f47-4d99-af55-0fa81bb5511d	4	9477699	9516340	9	-0.2631
42277901-2f47-4d99-af55-0fa81bb5511d	4	9516451	10208766	529	0.0039
42277901-2f47-4d99-af55-0fa81bb5511d	4	10221792	10229874	28	-0.5474
42277901-2f47-4d99-af55-0fa81bb5511d	4	10232590	34777432	16971	0.0034
42277901-2f47-4d99-af55-0fa81bb5511d	4	34784878	34828306	41	0.4091
42277901-2f47-4d99-af55-0fa81bb5511d	4	34828327	48074707	8308	0.0073
42277901-2f47-4d99-af55-0fa81bb5511d	4	48075312	49080266	639	0.1142
42277901-2f47-4d99-af55-0fa81bb5511d	4	49083136	68478894	10495	0.0029
42277901-2f47-4d99-af55-0fa81bb5511d	4	68494770	68655691	71	0.5723
42277901-2f47-4d99-af55-0fa81bb5511d	4	68663241	69252275	304	0.0363
42277901-2f47-4d99-af55-0fa81bb5511d	4	69254604	69374271	65	0.321
42277901-2f47-4d99-af55-0fa81bb5511d	4	69376311	114252544	27289	0.0063
42277901-2f47-4d99-af55-0fa81bb5511d	4	114254167	114261019	23	-1.6337
42277901-2f47-4d99-af55-0fa81bb5511d	4	114263073	154881396	24015	0.0089
42277901-2f47-4d99-af55-0fa81bb5511d	4	154881853	154881926	3	-3.2207
42277901-2f47-4d99-af55-0fa81bb5511d	4	154882047	160952773	3909	-0.0006
42277901-2f47-4d99-af55-0fa81bb5511d	4	160952788	160963432	21	0.5022
42277901-2f47-4d99-af55-0fa81bb5511d	4	160963448	161031076	60	0.0698
42277901-2f47-4d99-af55-0fa81bb5511d	4	161031261	161082114	42	0.5924
42277901-2f47-4d99-af55-0fa81bb5511d	4	161085672	171448195	6562	0.0106
42277901-2f47-4d99-af55-0fa81bb5511d	4	171453733	171456559	10	-1.4462
42277901-2f47-4d99-af55-0fa81bb5511d	4	171456573	179272277	4865	0.01
42277901-2f47-4d99-af55-0fa81bb5511d	4	179275408	179277506	3	1.2812
42277901-2f47-4d99-af55-0fa81bb5511d	4	179281228	190106768	7616	0.0118
42277901-2f47-4d99-af55-0fa81bb5511d	5	15532	685633	306	-0.0768
42277901-2f47-4d99-af55-0fa81bb5511d	5	698256	808932	32	0.76
42277901-2f47-4d99-af55-0fa81bb5511d	5	817735	12815668	9842	-0.0017
42277901-2f47-4d99-af55-0fa81bb5511d	5	12815753	12826538	10	-1.4784
42277901-2f47-4d99-af55-0fa81bb5511d	5	12833745	62277545	28388	0.0082
42277901-2f47-4d99-af55-0fa81bb5511d	5	62279164	62280446	3	-3.4468
42277901-2f47-4d99-af55-0fa81bb5511d	5	62286365	78247811	9052	0.005
42277901-2f47-4d99-af55-0fa81bb5511d	5	78248685	78258195	2	1.5076
42277901-2f47-4d99-af55-0fa81bb5511d	5	78260210	82122944	2294	0.0016
42277901-2f47-4d99-af55-0fa81bb5511d	5	82123459	82131663	3	-2.6643
42277901-2f47-4d99-af55-0fa81bb5511d	5	82132219	180947523	62631	0.0048
42277901-2f47-4d99-af55-0fa81bb5511d	5	180951710	180991103	19	0.6606
42277901-2f47-4d99-af55-0fa81bb5511d	5	181006225	181363319	170	-0.0034
42277901-2f47-4d99-af55-0fa81bb5511d	6	149661	254283	101	-0.0203
42277901-2f47-4d99-af55-0fa81bb5511d	6	257353	294837	23	-0.7976
42277901-2f47-4d99-af55-0fa81bb5511d	6	302306	24946443	18906	0.0043
42277901-2f47-4d99-af55-0fa81bb5511d	6	24947544	24947577	2	1.5216
42277901-2f47-4d99-af55-0fa81bb5511d	6	24950971	26749330	1185	0.0054
42277901-2f47-4d99-af55-0fa81bb5511d	6	26749405	26859166	10	0.7807
42277901-2f47-4d99-af55-0fa81bb5511d	6	26862132	29869411	1408	0.008
42277901-2f47-4d99-af55-0fa81bb5511d	6	29869537	29882419	15	-1.3184
42277901-2f47-4d99-af55-0fa81bb5511d	6	29882497	31309909	658	-0.0173
42277901-2f47-4d99-af55-0fa81bb5511d	6	31313046	31328674	12	-2.1032
42277901-2f47-4d99-af55-0fa81bb5511d	6	31342147	32481273	497	-0.0288
42277901-2f47-4d99-af55-0fa81bb5511d	6	32485024	32605994	33	-0.6523
42277901-2f47-4d99-af55-0fa81bb5511d	6	32606237	32641650	25	0.02
42277901-2f47-4d99-af55-0fa81bb5511d	6	32656527	32658841	6	-1.7707
42277901-2f47-4d99-af55-0fa81bb5511d	6	32682835	32892975	169	0.0125
42277901-2f47-4d99-af55-0fa81bb5511d	6	32898021	32898220	3	-1.777
42277901-2f47-4d99-af55-0fa81bb5511d	6	32898318	54066269	13506	0.0017
42277901-2f47-4d99-af55-0fa81bb5511d	6	54066286	54066621	6	1.071
42277901-2f47-4d99-af55-0fa81bb5511d	6	54067005	60616129	2255	0.0093
42277901-2f47-4d99-af55-0fa81bb5511d	6	60616422	60626586	3	1.1013
42277901-2f47-4d99-af55-0fa81bb5511d	6	60629632	64627049	1966	0.0195
42277901-2f47-4d99-af55-0fa81bb5511d	6	64637651	64639099	2	-2.6656
42277901-2f47-4d99-af55-0fa81bb5511d	6	64640883	73882142	6154	0.0104
42277901-2f47-4d99-af55-0fa81bb5511d	6	73882509	73885038	7	0.8389
42277901-2f47-4d99-af55-0fa81bb5511d	6	73887573	78261995	2771	0.0044
42277901-2f47-4d99-af55-0fa81bb5511d	6	78262064	78331916	110	-0.3391
42277901-2f47-4d99-af55-0fa81bb5511d	6	78332002	93787331	9911	0.0089
42277901-2f47-4d99-af55-0fa81bb5511d	6	93791490	94878334	723	0.0984
42277901-2f47-4d99-af55-0fa81bb5511d	6	94883310	120470284	15307	0.0027
42277901-2f47-4d99-af55-0fa81bb5511d	6	120471526	120472109	3	-1.2648
42277901-2f47-4d99-af55-0fa81bb5511d	6	120472858	133945130	8618	0.0028
42277901-2f47-4d99-af55-0fa81bb5511d	6	133947933	133948494	2	-1.5395
42277901-2f47-4d99-af55-0fa81bb5511d	6	133950934	166907284	22764	0.0035
42277901-2f47-4d99-af55-0fa81bb5511d	6	166908169	166908205	2	-1.8081
42277901-2f47-4d99-af55-0fa81bb5511d	6	166909175	168204444	628	0.0036
42277901-2f47-4d99-af55-0fa81bb5511d	6	168206528	168207029	3	-1.2665
42277901-2f47-4d99-af55-0fa81bb5511d	6	168209699	169841876	1294	0.0017
42277901-2f47-4d99-af55-0fa81bb5511d	6	169842735	170159988	104	-0.2011
42277901-2f47-4d99-af55-0fa81bb5511d	6	170166393	170741917	269	-0.0105
42277901-2f47-4d99-af55-0fa81bb5511d	7	43355	19164155	13542	0.0139
42277901-2f47-4d99-af55-0fa81bb5511d	7	19164177	19180847	36	0.3618
42277901-2f47-4d99-af55-0fa81bb5511d	7	19180879	33088634	10162	0.0099
42277901-2f47-4d99-af55-0fa81bb5511d	7	33091075	33145870	33	0.6179
42277901-2f47-4d99-af55-0fa81bb5511d	7	33150181	54305455	14676	0.0007
42277901-2f47-4d99-af55-0fa81bb5511d	7	54318812	54318824	6	-2.2361
42277901-2f47-4d99-af55-0fa81bb5511d	7	54325795	126405502	38480	0.008
42277901-2f47-4d99-af55-0fa81bb5511d	7	126405597	126406827	16	-0.8615
42277901-2f47-4d99-af55-0fa81bb5511d	7	126412712	134100424	4691	0.0005
42277901-2f47-4d99-af55-0fa81bb5511d	7	134100442	134110881	25	-2.3702
42277901-2f47-4d99-af55-0fa81bb5511d	7	134110912	135591973	1092	0.0031
42277901-2f47-4d99-af55-0fa81bb5511d	7	135599308	135614776	4	-0.9743
42277901-2f47-4d99-af55-0fa81bb5511d	7	135614988	142081975	4115	-0.0001
42277901-2f47-4d99-af55-0fa81bb5511d	7	142081994	142113214	30	0.3288
42277901-2f47-4d99-af55-0fa81bb5511d	7	142114690	142510322	322	-0.032
42277901-2f47-4d99-af55-0fa81bb5511d	7	142511792	142733311	79	0.2305
42277901-2f47-4d99-af55-0fa81bb5511d	7	142735911	159334314	10448	-0.0048
42277901-2f47-4d99-af55-0fa81bb5511d	8	81254	4128363	3675	0.0085
42277901-2f47-4d99-af55-0fa81bb5511d	8	4128645	4144794	22	0.5043
42277901-2f47-4d99-af55-0fa81bb5511d	8	4145131	4308756	371	0.0433
42277901-2f47-4d99-af55-0fa81bb5511d	8	4308904	4309665	6	-0.8196
42277901-2f47-4d99-af55-0fa81bb5511d	8	4309863	5047915	1053	0.0348
42277901-2f47-4d99-af55-0fa81bb5511d	8	5050163	5053774	10	-1.2184
42277901-2f47-4d99-af55-0fa81bb5511d	8	5053900	15435453	8562	0.0135
42277901-2f47-4d99-af55-0fa81bb5511d	8	15436422	15437936	2	-3.9205
42277901-2f47-4d99-af55-0fa81bb5511d	8	15439194	18939152	3134	0.0081
42277901-2f47-4d99-af55-0fa81bb5511d	8	18939412	18940077	3	-1.3519
42277901-2f47-4d99-af55-0fa81bb5511d	8	18940698	18991998	58	-0.0173
42277901-2f47-4d99-af55-0fa81bb5511d	8	18994029	18994043	2	-2.3422
42277901-2f47-4d99-af55-0fa81bb5511d	8	18994067	19000777	23	-4.8958
42277901-2f47-4d99-af55-0fa81bb5511d	8	19001036	19001311	3	-2.2316
42277901-2f47-4d99-af55-0fa81bb5511d	8	19008638	27539030	6411	-0.0014
42277901-2f47-4d99-af55-0fa81bb5511d	8	27539507	27539570	2	1.3393
42277901-2f47-4d99-af55-0fa81bb5511d	8	27542001	39372664	7141	0.0034
42277901-2f47-4d99-af55-0fa81bb5511d	8	39372806	39529446	61	0.8412
42277901-2f47-4d99-af55-0fa81bb5511d	8	39530780	40914477	1072	-0.0047
42277901-2f47-4d99-af55-0fa81bb5511d	8	40920333	40920952	2	-1.8227
42277901-2f47-4d99-af55-0fa81bb5511d	8	40926161	57442735	8277	-0.0024
42277901-2f47-4d99-af55-0fa81bb5511d	8	57442880	57454399	9	-0.6919
42277901-2f47-4d99-af55-0fa81bb5511d	8	57457382	81076786	14600	0.003
42277901-2f47-4d99-af55-0fa81bb5511d	8	81079463	81081544	5	-1.1391
42277901-2f47-4d99-af55-0fa81bb5511d	8	81083357	102040655	12467	0.0013
42277901-2f47-4d99-af55-0fa81bb5511d	8	102040695	102040911	3	1.3576
42277901-2f47-4d99-af55-0fa81bb5511d	8	102041063	111279265	5526	0.0067
42277901-2f47-4d99-af55-0fa81bb5511d	8	111282050	111283031	10	-0.8468
42277901-2f47-4d99-af55-0fa81bb5511d	8	111288052	114622258	1817	0.0058
42277901-2f47-4d99-af55-0fa81bb5511d	8	114622325	114638468	35	0.3642
42277901-2f47-4d99-af55-0fa81bb5511d	8	114638558	133160540	13035	0.0048
42277901-2f47-4d99-af55-0fa81bb5511d	8	133160552	133160686	3	-1.6537
42277901-2f47-4d99-af55-0fa81bb5511d	8	133160699	145072769	8003	-0.0136
42277901-2f47-4d99-af55-0fa81bb5511d	9	46587	3986297	3996	0.0253
42277901-2f47-4d99-af55-0fa81bb5511d	9	3989651	3995327	7	-1.276
42277901-2f47-4d99-af55-0fa81bb5511d	9	3996508	8683163	4342	0.0244
42277901-2f47-4d99-af55-0fa81bb5511d	9	8685047	12624029	3395	0.0553
42277901-2f47-4d99-af55-0fa81bb5511d	9	12624058	23361807	8668	0.0042
42277901-2f47-4d99-af55-0fa81bb5511d	9	23363117	23373486	8	0.9745
42277901-2f47-4d99-af55-0fa81bb5511d	9	23378490	29842596	4860	0.0129
42277901-2f47-4d99-af55-0fa81bb5511d	9	29846354	29959653	95	0.2132
42277901-2f47-4d99-af55-0fa81bb5511d	9	29959702	41388367	5854	0.0044
42277901-2f47-4d99-af55-0fa81bb5511d	9	41388379	41741113	38	-0.2711
42277901-2f47-4d99-af55-0fa81bb5511d	9	42014203	42546668	36	0.537
42277901-2f47-4d99-af55-0fa81bb5511d	9	42566207	61378951	56	-0.0222
42277901-2f47-4d99-af55-0fa81bb5511d	9	61405110	61647899	31	0.8043
42277901-2f47-4d99-af55-0fa81bb5511d	9	61665362	64480563	92	0.0242
42277901-2f47-4d99-af55-0fa81bb5511d	9	64480573	64480578	2	-1.374
42277901-2f47-4d99-af55-0fa81bb5511d	9	64493528	67832599	71	0.2213
42277901-2f47-4d99-af55-0fa81bb5511d	9	67915741	90837911	16225	0.0041
42277901-2f47-4d99-af55-0fa81bb5511d	9	90838016	90847386	11	0.1968
42277901-2f47-4d99-af55-0fa81bb5511d	9	90847491	90847850	2	1.6249
42277901-2f47-4d99-af55-0fa81bb5511d	9	90850677	138200944	31649	0.003
42277901-2f47-4d99-af55-0fa81bb5511d	10	45792	24090078	19191	0.008
42277901-2f47-4d99-af55-0fa81bb5511d	10	24090110	24092001	8	-0.9926
42277901-2f47-4d99-af55-0fa81bb5511d	10	24092095	26939492	1981	0.0206
42277901-2f47-4d99-af55-0fa81bb5511d	10	26939510	26939544	3	-1.3802
42277901-2f47-4d99-af55-0fa81bb5511d	10	26941064	27341799	209	0.0134
42277901-2f47-4d99-af55-0fa81bb5511d	10	27342469	27343199	4	-1.1948
42277901-2f47-4d99-af55-0fa81bb5511d	10	27344175	42706787	7913	0.0027
42277901-2f47-4d99-af55-0fa81bb5511d	10	42707086	42728485	15	0.4795
42277901-2f47-4d99-af55-0fa81bb5511d	10	42729236	46522571	2323	0.0094
42277901-2f47-4d99-af55-0fa81bb5511d	10	46525652	46553370	26	0.5777
42277901-2f47-4d99-af55-0fa81bb5511d	10	46553629	46792344	25	-0.1255
42277901-2f47-4d99-af55-0fa81bb5511d	10	46804606	46967412	6	-1.2514
42277901-2f47-4d99-af55-0fa81bb5511d	10	47002596	54918981	5313	0.0059
42277901-2f47-4d99-af55-0fa81bb5511d	10	54919294	54923330	3	-1.4884
42277901-2f47-4d99-af55-0fa81bb5511d	10	54924277	56751976	1204	0.0451
42277901-2f47-4d99-af55-0fa81bb5511d	10	56752060	56767077	47	0.3435
42277901-2f47-4d99-af55-0fa81bb5511d	10	56772992	57123494	285	-0.0031
42277901-2f47-4d99-af55-0fa81bb5511d	10	57130750	57130947	2	1.3559
42277901-2f47-4d99-af55-0fa81bb5511d	10	57131001	57154742	17	-0.1304
42277901-2f47-4d99-af55-0fa81bb5511d	10	57155081	57158352	4	0.8741
42277901-2f47-4d99-af55-0fa81bb5511d	10	57158939	65546518	5800	0.0031
42277901-2f47-4d99-af55-0fa81bb5511d	10	65548165	65551543	21	-0.4767
42277901-2f47-4d99-af55-0fa81bb5511d	10	65551602	66286025	601	-0.0018
42277901-2f47-4d99-af55-0fa81bb5511d	10	66287302	66786490	362	0.1049
42277901-2f47-4d99-af55-0fa81bb5511d	10	66789964	79624118	8269	0.0033
42277901-2f47-4d99-af55-0fa81bb5511d	10	79624128	79689251	9	-1.3167
42277901-2f47-4d99-af55-0fa81bb5511d	10	79689972	87278584	5199	0.0043
42277901-2f47-4d99-af55-0fa81bb5511d	10	87286741	87310039	2	1.9369
42277901-2f47-4d99-af55-0fa81bb5511d	10	87310988	98073947	6970	0.007
42277901-2f47-4d99-af55-0fa81bb5511d	10	98075083	98075437	5	0.8266
42277901-2f47-4d99-af55-0fa81bb5511d	10	98075538	105907819	4632	0.0012
42277901-2f47-4d99-af55-0fa81bb5511d	10	105907840	105920433	44	0.3201
42277901-2f47-4d99-af55-0fa81bb5511d	10	105921108	132901599	19766	0.0015
42277901-2f47-4d99-af55-0fa81bb5511d	10	132901631	133033212	64	-0.2218
42277901-2f47-4d99-af55-0fa81bb5511d	10	133034673	133654968	261	-0.0182
42277901-2f47-4d99-af55-0fa81bb5511d	11	198510	4949013	2416	-0.0033
42277901-2f47-4d99-af55-0fa81bb5511d	11	4949047	4955042	28	-1.8899
42277901-2f47-4d99-af55-0fa81bb5511d	11	4955781	5040676	75	0.0742
42277901-2f47-4d99-af55-0fa81bb5511d	11	5041606	5041712	2	-1.1849
42277901-2f47-4d99-af55-0fa81bb5511d	11	5046128	5500921	461	-0.0094
42277901-2f47-4d99-af55-0fa81bb5511d	11	5500945	5502363	6	-0.8167
42277901-2f47-4d99-af55-0fa81bb5511d	11	5503234	5766862	241	0.0049
42277901-2f47-4d99-af55-0fa81bb5511d	11	5768371	5809058	49	-0.3138
42277901-2f47-4d99-af55-0fa81bb5511d	11	5809710	6095784	226	0.0127
42277901-2f47-4d99-af55-0fa81bb5511d	11	6096746	6100864	3	-1.4077
42277901-2f47-4d99-af55-0fa81bb5511d	11	6101273	54782206	30645	0.0051
42277901-2f47-4d99-af55-0fa81bb5511d	11	54790483	54790492	5	-0.9579
42277901-2f47-4d99-af55-0fa81bb5511d	11	54790493	55609035	287	0.0559
42277901-2f47-4d99-af55-0fa81bb5511d	11	55609158	55685533	49	0.6936
42277901-2f47-4d99-af55-0fa81bb5511d	11	55686100	55741892	47	0.0677
42277901-2f47-4d99-af55-0fa81bb5511d	11	55753280	55753284	2	1.6882
42277901-2f47-4d99-af55-0fa81bb5511d	11	55756095	62273047	3898	0.0141
42277901-2f47-4d99-af55-0fa81bb5511d	11	62273321	62275702	2	-1.9115
42277901-2f47-4d99-af55-0fa81bb5511d	11	62280495	116810292	34819	0.006
42277901-2f47-4d99-af55-0fa81bb5511d	11	116812778	116814051	4	-1.1754
42277901-2f47-4d99-af55-0fa81bb5511d	11	116819862	135074876	13474	0.0052
42277901-2f47-4d99-af55-0fa81bb5511d	12	51460	756804	416	-0.0125
42277901-2f47-4d99-af55-0fa81bb5511d	12	759943	764863	18	-1.0185
42277901-2f47-4d99-af55-0fa81bb5511d	12	766188	9477960	5734	0.0063
42277901-2f47-4d99-af55-0fa81bb5511d	12	9481274	9575696	24	1.0154
42277901-2f47-4d99-af55-0fa81bb5511d	12	9582373	33137723	16564	0.0087
42277901-2f47-4d99-af55-0fa81bb5511d	12	33140973	33156051	44	0.3633
42277901-2f47-4d99-af55-0fa81bb5511d	12	33156137	37544473	799	0.0307
42277901-2f47-4d99-af55-0fa81bb5511d	12	37547019	38770600	512	0.1342
42277901-2f47-4d99-af55-0fa81bb5511d	12	38774758	39053905	140	0.0043
42277901-2f47-4d99-af55-0fa81bb5511d	12	39054866	39054870	2	-1.5793
42277901-2f47-4d99-af55-0fa81bb5511d	12	39056689	90089066	31348	0.0031
42277901-2f47-4d99-af55-0fa81bb5511d	12	90089570	90098282	8	0.9585
42277901-2f47-4d99-af55-0fa81bb5511d	12	90098297	133201603	29168	0.0062
42277901-2f47-4d99-af55-0fa81bb5511d	13	18452809	20392848	1003	0.0083
42277901-2f47-4d99-af55-0fa81bb5511d	13	20393742	20395848	3	1.6086
42277901-2f47-4d99-af55-0fa81bb5511d	13	20398583	25562468	3729	0.0087
42277901-2f47-4d99-af55-0fa81bb5511d	13	25563675	25563988	3	-1.278
42277901-2f47-4d99-af55-0fa81bb5511d	13	25567348	25635565	48	0.0229
42277901-2f47-4d99-af55-0fa81bb5511d	13	25636685	25653063	8	-0.8295
42277901-2f47-4d99-af55-0fa81bb5511d	13	25654176	48957415	16700	0.0045
42277901-2f47-4d99-af55-0fa81bb5511d	13	48959579	48962368	2	-2.6758
42277901-2f47-4d99-af55-0fa81bb5511d	13	48963569	57128885	4477	0.0093
42277901-2f47-4d99-af55-0fa81bb5511d	13	57128988	57346378	140	0.2408
42277901-2f47-4d99-af55-0fa81bb5511d	13	57346802	66453303	5409	0.005
42277901-2f47-4d99-af55-0fa81bb5511d	13	66457141	66519624	46	0.3033
42277901-2f47-4d99-af55-0fa81bb5511d	13	66519719	70131005	2309	0.0109
42277901-2f47-4d99-af55-0fa81bb5511d	13	70131385	70244381	102	0.2038
42277901-2f47-4d99-af55-0fa81bb5511d	13	70249977	71902850	1034	-0.0023
42277901-2f47-4d99-af55-0fa81bb5511d	13	71903417	71906418	4	1.8111
42277901-2f47-4d99-af55-0fa81bb5511d	13	71906467	73143008	874	0.0075
42277901-2f47-4d99-af55-0fa81bb5511d	13	73149376	73149893	2	-1.2608
42277901-2f47-4d99-af55-0fa81bb5511d	13	73150435	77899195	3398	0.0002
42277901-2f47-4d99-af55-0fa81bb5511d	13	77899959	77901346	3	1.1177
42277901-2f47-4d99-af55-0fa81bb5511d	13	77901426	105111767	18189	0.0075
42277901-2f47-4d99-af55-0fa81bb5511d	13	105112989	105759475	513	0.1012
42277901-2f47-4d99-af55-0fa81bb5511d	13	105763968	114342922	6070	0.0003
42277901-2f47-4d99-af55-0fa81bb5511d	14	18239283	19256296	43	0.3042
42277901-2f47-4d99-af55-0fa81bb5511d	14	19280948	19294475	4	-1.0021
42277901-2f47-4d99-af55-0fa81bb5511d	14	19298389	19957752	124	0.4114
42277901-2f47-4d99-af55-0fa81bb5511d	14	19958388	69551330	31396	0.008
42277901-2f47-4d99-af55-0fa81bb5511d	14	69551651	69556009	10	-0.7476
42277901-2f47-4d99-af55-0fa81bb5511d	14	69556227	90793069	13984	0.0049
42277901-2f47-4d99-af55-0fa81bb5511d	14	90796815	90799257	4	-1.4047
42277901-2f47-4d99-af55-0fa81bb5511d	14	90801631	92490090	1040	0.0131
42277901-2f47-4d99-af55-0fa81bb5511d	14	92490672	92491962	2	-2.4388
42277901-2f47-4d99-af55-0fa81bb5511d	14	92492054	106290506	8430	0.0002
42277901-2f47-4d99-af55-0fa81bb5511d	14	106294285	106297273	5	1.0413
42277901-2f47-4d99-af55-0fa81bb5511d	14	106297409	106321086	14	0.1213
42277901-2f47-4d99-af55-0fa81bb5511d	14	106340102	106370181	13	0.7693
42277901-2f47-4d99-af55-0fa81bb5511d	14	106370708	106877229	268	0.0572
42277901-2f47-4d99-af55-0fa81bb5511d	15	19811075	20026653	47	-0.082
42277901-2f47-4d99-af55-0fa81bb5511d	15	20041119	20056983	3	-1.9396
42277901-2f47-4d99-af55-0fa81bb5511d	15	20059033	21071626	114	0.2418
42277901-2f47-4d99-af55-0fa81bb5511d	15	21078947	30156392	4665	0.0077
42277901-2f47-4d99-af55-0fa81bb5511d	15	30157841	30515739	32	0.4312
42277901-2f47-4d99-af55-0fa81bb5511d	15	30595753	34431375	2566	0.0084
42277901-2f47-4d99-af55-0fa81bb5511d	15	34434971	34434988	2	-1.4788
42277901-2f47-4d99-af55-0fa81bb5511d	15	34435421	76586021	26460	0.0046
42277901-2f47-4d99-af55-0fa81bb5511d	15	76598900	76599884	11	1.4621
42277901-2f47-4d99-af55-0fa81bb5511d	15	76602723	76603434	11	0.7971
42277901-2f47-4d99-af55-0fa81bb5511d	15	76609838	101928837	17603	0.0046
42277901-2f47-4d99-af55-0fa81bb5511d	16	10777	19933041	13455	0.0106
42277901-2f47-4d99-af55-0fa81bb5511d	16	19934328	19950324	21	-0.9864
42277901-2f47-4d99-af55-0fa81bb5511d	16	19950635	19956040	8	-0.4405
42277901-2f47-4d99-af55-0fa81bb5511d	16	19958932	78339440	27716	0.0043
42277901-2f47-4d99-af55-0fa81bb5511d	16	78339867	78342480	3	-1.4589
42277901-2f47-4d99-af55-0fa81bb5511d	16	78342814	88341547	9879	-0.0002
42277901-2f47-4d99-af55-0fa81bb5511d	16	88342835	90096867	728	-0.0981
42277901-2f47-4d99-af55-0fa81bb5511d	17	150733	3232483	1607	-0.0096
42277901-2f47-4d99-af55-0fa81bb5511d	17	3232541	3232997	2	1.619
42277901-2f47-4d99-af55-0fa81bb5511d	17	3254610	16834846	8864	0.0101
42277901-2f47-4d99-af55-0fa81bb5511d	17	16838201	16838214	2	1.6471
42277901-2f47-4d99-af55-0fa81bb5511d	17	16838470	36119525	7760	0.0085
42277901-2f47-4d99-af55-0fa81bb5511d	17	36119737	36157718	29	0.6105
42277901-2f47-4d99-af55-0fa81bb5511d	17	36200725	41265433	2521	-0.0003
42277901-2f47-4d99-af55-0fa81bb5511d	17	41265456	41273905	21	0.4305
42277901-2f47-4d99-af55-0fa81bb5511d	17	41273921	46039584	2469	-0.0009
42277901-2f47-4d99-af55-0fa81bb5511d	17	46039717	46284997	158	0.3144
42277901-2f47-4d99-af55-0fa81bb5511d	17	46286804	46446360	5	-0.9027
42277901-2f47-4d99-af55-0fa81bb5511d	17	46569894	52971664	3628	-0.0053
42277901-2f47-4d99-af55-0fa81bb5511d	17	52974890	53269062	195	0.1395
42277901-2f47-4d99-af55-0fa81bb5511d	17	53269183	55544982	1509	-0.0034
42277901-2f47-4d99-af55-0fa81bb5511d	17	55545649	55545755	2	-1.4405
42277901-2f47-4d99-af55-0fa81bb5511d	17	55548781	72776704	10685	0.0021
42277901-2f47-4d99-af55-0fa81bb5511d	17	72776752	72781873	2	1.5309
42277901-2f47-4d99-af55-0fa81bb5511d	17	72783626	83091923	5530	-0.0156
42277901-2f47-4d99-af55-0fa81bb5511d	18	48133	5976904	4242	0.011
42277901-2f47-4d99-af55-0fa81bb5511d	18	5978259	6520593	378	0.1271
42277901-2f47-4d99-af55-0fa81bb5511d	18	6522757	12003321	4142	0.0034
42277901-2f47-4d99-af55-0fa81bb5511d	18	12004091	12006036	6	0.818
42277901-2f47-4d99-af55-0fa81bb5511d	18	12006060	40678132	13984	0.0055
42277901-2f47-4d99-af55-0fa81bb5511d	18	40678205	40690234	35	0.424
42277901-2f47-4d99-af55-0fa81bb5511d	18	40690250	41092357	247	-0.0031
42277901-2f47-4d99-af55-0fa81bb5511d	18	41092421	41093356	13	0.4551
42277901-2f47-4d99-af55-0fa81bb5511d	18	41093438	42476636	950	-0.0062
42277901-2f47-4d99-af55-0fa81bb5511d	18	42476672	42480972	25	0.3473
42277901-2f47-4d99-af55-0fa81bb5511d	18	42481030	64556688	15214	0.0049
42277901-2f47-4d99-af55-0fa81bb5511d	18	64559560	64574658	11	0.5798
42277901-2f47-4d99-af55-0fa81bb5511d	18	64575157	65850281	852	0.0231
42277901-2f47-4d99-af55-0fa81bb5511d	18	65850430	66024096	139	0.1787
42277901-2f47-4d99-af55-0fa81bb5511d	18	66024150	71280212	3798	0.0185
42277901-2f47-4d99-af55-0fa81bb5511d	18	71282852	72846884	1193	0.0838
42277901-2f47-4d99-af55-0fa81bb5511d	18	72847731	80257174	5467	0.004
42277901-2f47-4d99-af55-0fa81bb5511d	19	90910	36336781	17150	-0.0022
42277901-2f47-4d99-af55-0fa81bb5511d	19	36339409	36355726	5	-1.2605
42277901-2f47-4d99-af55-0fa81bb5511d	19	36355779	40556633	2184	0.0026
42277901-2f47-4d99-af55-0fa81bb5511d	19	40558912	40584476	13	-0.6055
42277901-2f47-4d99-af55-0fa81bb5511d	19	40585586	51628560	5394	0.0007
42277901-2f47-4d99-af55-0fa81bb5511d	19	51639099	51644944	11	1.036
42277901-2f47-4d99-af55-0fa81bb5511d	19	51651652	52634690	666	-0.0022
42277901-2f47-4d99-af55-0fa81bb5511d	19	52635191	52636034	2	1.614
42277901-2f47-4d99-af55-0fa81bb5511d	19	52640363	55770704	1826	-0.0167
42277901-2f47-4d99-af55-0fa81bb5511d	19	55771003	55771701	4	-1.6876
42277901-2f47-4d99-af55-0fa81bb5511d	19	55774927	58586487	1835	0.0035
42277901-2f47-4d99-af55-0fa81bb5511d	20	80664	1601561	1238	-0.0003
42277901-2f47-4d99-af55-0fa81bb5511d	20	1609611	1613247	5	-1.5068
42277901-2f47-4d99-af55-0fa81bb5511d	20	1617300	64324800	41090	0.0031
42277901-2f47-4d99-af55-0fa81bb5511d	21	10354168	42048495	21314	0.0091
42277901-2f47-4d99-af55-0fa81bb5511d	21	42049541	42053493	10	-1.2148
42277901-2f47-4d99-af55-0fa81bb5511d	21	42055567	46677045	2510	-0.0248
42277901-2f47-4d99-af55-0fa81bb5511d	22	15294547	22379789	3434	-0.0023
42277901-2f47-4d99-af55-0fa81bb5511d	22	22385945	22385950	2	-1.691
42277901-2f47-4d99-af55-0fa81bb5511d	22	22385952	25450251	1943	-0.0056
42277901-2f47-4d99-af55-0fa81bb5511d	22	25451031	25458821	5	-0.9628
42277901-2f47-4d99-af55-0fa81bb5511d	22	25458912	38121398	9382	0.0021
42277901-2f47-4d99-af55-0fa81bb5511d	22	38121480	38133355	8	-0.7683
42277901-2f47-4d99-af55-0fa81bb5511d	22	38135689	38894915	410	-0.0229
42277901-2f47-4d99-af55-0fa81bb5511d	22	38899250	38900899	3	-3.2272
42277901-2f47-4d99-af55-0fa81bb5511d	22	38903109	38955461	38	0.0031
42277901-2f47-4d99-af55-0fa81bb5511d	22	38967614	38979302	24	-0.7416
42277901-2f47-4d99-af55-0fa81bb5511d	22	38993700	49285329	7183	0.0022
42277901-2f47-4d99-af55-0fa81bb5511d	22	49287030	49419906	132	0.5706
42277901-2f47-4d99-af55-0fa81bb5511d	22	49420454	50796027	689	-0.0662
42277901-2f47-4d99-af55-0fa81bb5511d	X	251810	66482119	34840	0.0037
42277901-2f47-4d99-af55-0fa81bb5511d	X	66482455	66483143	2	-5.2545
42277901-2f47-4d99-af55-0fa81bb5511d	X	66484097	119221450	27160	0.0099
42277901-2f47-4d99-af55-0fa81bb5511d	X	119225972	119228443	2	-3.9229
42277901-2f47-4d99-af55-0fa81bb5511d	X	119228657	153564032	20546	0.0101
42277901-2f47-4d99-af55-0fa81bb5511d	X	153564864	153568278	5	-3.5865
42277901-2f47-4d99-af55-0fa81bb5511d	X	153568702	155952689	857	-0.026
42277901-2f47-4d99-af55-0fa81bb5511d	Y	2782397	56872112	6639	-1.017
