GDC_Aliquot	Chromosome	Start	End	Num_Probes	Segment_Mean
e4c8441d-f10c-4ccd-89a3-7899a255ed5c	1	62920	783283	24	-0.3012
e4c8441d-f10c-4ccd-89a3-7899a255ed5c	1	787937	1575421	186	0.1956
e4c8441d-f10c-4ccd-89a3-7899a255ed5c	1	1696479	1741164	16	-0.7377
e4c8441d-f10c-4ccd-89a3-7899a255ed5c	1	1756148	3301765	510	0.2201
e4c8441d-f10c-4ccd-89a3-7899a255ed5c	1	3302046	15158643	7148	0.0081
e4c8441d-f10c-4ccd-89a3-7899a255ed5c	1	15158818	15163548	13	0.5424
e4c8441d-f10c-4ccd-89a3-7899a255ed5c	1	15163694	15823420	419	0.0154
e4c8441d-f10c-4ccd-89a3-7899a255ed5c	1	15827002	15827430	6	-2.1936
e4c8441d-f10c-4ccd-89a3-7899a255ed5c	1	15827706	16721984	344	0.0516
e4c8441d-f10c-4ccd-89a3-7899a255ed5c	1	16766762	16785682	11	-0.6966
e4c8441d-f10c-4ccd-89a3-7899a255ed5c	1	16787932	25247980	5299	0.0074
e4c8441d-f10c-4ccd-89a3-7899a255ed5c	1	25248216	25320455	30	0.5588
e4c8441d-f10c-4ccd-89a3-7899a255ed5c	1	25336819	72305460	28626	0.0035
e4c8441d-f10c-4ccd-89a3-7899a255ed5c	1	72305684	72345465	43	1.2101
e4c8441d-f10c-4ccd-89a3-7899a255ed5c	1	72346221	103566732	19927	-0.0011
e4c8441d-f10c-4ccd-89a3-7899a255ed5c	1	103570265	103589737	16	0.5116
e4c8441d-f10c-4ccd-89a3-7899a255ed5c	1	103613021	109690431	3580	-0.0037
e4c8441d-f10c-4ccd-89a3-7899a255ed5c	1	109690640	109697556	10	-0.7328
e4c8441d-f10c-4ccd-89a3-7899a255ed5c	1	109702376	112147704	1938	-0.0023
e4c8441d-f10c-4ccd-89a3-7899a255ed5c	1	112153343	112154375	17	0.7507
e4c8441d-f10c-4ccd-89a3-7899a255ed5c	1	112154390	121430980	5073	-0.0037
e4c8441d-f10c-4ccd-89a3-7899a255ed5c	1	121431111	121601998	72	0.5158
e4c8441d-f10c-4ccd-89a3-7899a255ed5c	1	121705338	143927536	126	-0.7565
e4c8441d-f10c-4ccd-89a3-7899a255ed5c	1	143927887	152583051	2305	0.004
e4c8441d-f10c-4ccd-89a3-7899a255ed5c	1	152583230	152614118	35	-1.7649
e4c8441d-f10c-4ccd-89a3-7899a255ed5c	1	152618018	152785214	165	-0.002
e4c8441d-f10c-4ccd-89a3-7899a255ed5c	1	152787202	152796224	38	-0.454
e4c8441d-f10c-4ccd-89a3-7899a255ed5c	1	152801429	199142235	30749	-0.0019
e4c8441d-f10c-4ccd-89a3-7899a255ed5c	1	199142298	199143883	7	-1.0137
e4c8441d-f10c-4ccd-89a3-7899a255ed5c	1	199144712	248930189	34323	0.0014
e4c8441d-f10c-4ccd-89a3-7899a255ed5c	2	12784	4155990	2979	0.0367
e4c8441d-f10c-4ccd-89a3-7899a255ed5c	2	4158097	4175922	38	-0.8198
e4c8441d-f10c-4ccd-89a3-7899a255ed5c	2	4175977	34460213	20964	0.0018
e4c8441d-f10c-4ccd-89a3-7899a255ed5c	2	34466002	34526699	63	-0.4081
e4c8441d-f10c-4ccd-89a3-7899a255ed5c	2	34526736	49266198	10639	0.0055
e4c8441d-f10c-4ccd-89a3-7899a255ed5c	2	49267542	49267564	2	-1.6118
e4c8441d-f10c-4ccd-89a3-7899a255ed5c	2	49268739	52509476	2284	-0.0203
e4c8441d-f10c-4ccd-89a3-7899a255ed5c	2	52509498	52554384	51	-0.3859
e4c8441d-f10c-4ccd-89a3-7899a255ed5c	2	52554404	97359885	23757	0.0003
e4c8441d-f10c-4ccd-89a3-7899a255ed5c	2	97524284	97545247	8	-1.3164
e4c8441d-f10c-4ccd-89a3-7899a255ed5c	2	97545726	106258266	5544	0.0078
e4c8441d-f10c-4ccd-89a3-7899a255ed5c	2	106263639	106268901	12	0.7204
e4c8441d-f10c-4ccd-89a3-7899a255ed5c	2	106270799	159102108	31502	0.0007
e4c8441d-f10c-4ccd-89a3-7899a255ed5c	2	159103831	159104461	2	-2.3984
e4c8441d-f10c-4ccd-89a3-7899a255ed5c	2	159106775	163779119	2787	0.0055
e4c8441d-f10c-4ccd-89a3-7899a255ed5c	2	163780342	163792152	8	-0.8335
e4c8441d-f10c-4ccd-89a3-7899a255ed5c	2	163793447	207490188	26257	-0.0002
e4c8441d-f10c-4ccd-89a3-7899a255ed5c	2	207490231	207494612	17	-0.8529
e4c8441d-f10c-4ccd-89a3-7899a255ed5c	2	207494752	211902097	2737	0.0011
e4c8441d-f10c-4ccd-89a3-7899a255ed5c	2	211906109	211906945	3	-1.3285
e4c8441d-f10c-4ccd-89a3-7899a255ed5c	2	211910216	238842563	17496	0.0061
e4c8441d-f10c-4ccd-89a3-7899a255ed5c	2	238910991	239103970	120	0.218
e4c8441d-f10c-4ccd-89a3-7899a255ed5c	2	239104065	242147305	1644	0.0293
e4c8441d-f10c-4ccd-89a3-7899a255ed5c	3	20930	10155096	8568	-0.0146
e4c8441d-f10c-4ccd-89a3-7899a255ed5c	3	10158870	10202027	39	0.2015
e4c8441d-f10c-4ccd-89a3-7899a255ed5c	3	10202045	10213113	12	-0.184
e4c8441d-f10c-4ccd-89a3-7899a255ed5c	3	10215823	10267301	46	0.2779
e4c8441d-f10c-4ccd-89a3-7899a255ed5c	3	10267538	11881918	1185	0.0032
e4c8441d-f10c-4ccd-89a3-7899a255ed5c	3	11883204	11884136	3	-1.4713
e4c8441d-f10c-4ccd-89a3-7899a255ed5c	3	11892520	26570158	10076	-0.0081
e4c8441d-f10c-4ccd-89a3-7899a255ed5c	3	26570176	26570394	4	-2.1882
e4c8441d-f10c-4ccd-89a3-7899a255ed5c	3	26570407	68697013	27652	-0.0032
e4c8441d-f10c-4ccd-89a3-7899a255ed5c	3	68697108	68698262	14	-1.5316
e4c8441d-f10c-4ccd-89a3-7899a255ed5c	3	68699607	130044855	34522	-0.004
e4c8441d-f10c-4ccd-89a3-7899a255ed5c	3	130047743	130087393	37	0.6297
e4c8441d-f10c-4ccd-89a3-7899a255ed5c	3	130088081	151793297	13530	-0.0017
e4c8441d-f10c-4ccd-89a3-7899a255ed5c	3	151794814	151807265	9	-0.9682
e4c8441d-f10c-4ccd-89a3-7899a255ed5c	3	151807536	151812525	3	-2.2752
e4c8441d-f10c-4ccd-89a3-7899a255ed5c	3	151814106	151825513	15	-0.9977
e4c8441d-f10c-4ccd-89a3-7899a255ed5c	3	151828091	162405578	6368	-0.002
e4c8441d-f10c-4ccd-89a3-7899a255ed5c	3	162419812	162424917	14	-0.9075
e4c8441d-f10c-4ccd-89a3-7899a255ed5c	3	162426460	162794951	259	-0.0367
e4c8441d-f10c-4ccd-89a3-7899a255ed5c	3	162795304	162908207	68	0.5004
e4c8441d-f10c-4ccd-89a3-7899a255ed5c	3	162908784	169012392	3431	-0.0158
e4c8441d-f10c-4ccd-89a3-7899a255ed5c	3	169015614	169020840	2	-1.912
e4c8441d-f10c-4ccd-89a3-7899a255ed5c	3	169022039	175363536	4198	-0.0065
e4c8441d-f10c-4ccd-89a3-7899a255ed5c	3	175368999	175369016	2	-1.3798
e4c8441d-f10c-4ccd-89a3-7899a255ed5c	3	175369131	183287532	4691	-0.016
e4c8441d-f10c-4ccd-89a3-7899a255ed5c	3	183290310	184700009	747	0.0622
e4c8441d-f10c-4ccd-89a3-7899a255ed5c	3	184701182	193160113	6025	-0.0125
e4c8441d-f10c-4ccd-89a3-7899a255ed5c	3	193160173	193165114	19	-1.5289
e4c8441d-f10c-4ccd-89a3-7899a255ed5c	3	193168646	193412595	166	-0.0096
e4c8441d-f10c-4ccd-89a3-7899a255ed5c	3	193412722	193415960	2	-1.6222
e4c8441d-f10c-4ccd-89a3-7899a255ed5c	3	193415981	198111566	2499	0.0231
e4c8441d-f10c-4ccd-89a3-7899a255ed5c	3	198118345	198169247	17	-0.3866
e4c8441d-f10c-4ccd-89a3-7899a255ed5c	4	68929	592274	221	-0.0014
e4c8441d-f10c-4ccd-89a3-7899a255ed5c	4	603060	1051323	128	0.2357
e4c8441d-f10c-4ccd-89a3-7899a255ed5c	4	1051383	10208766	5333	0.0175
e4c8441d-f10c-4ccd-89a3-7899a255ed5c	4	10221792	10229874	28	2.4005
e4c8441d-f10c-4ccd-89a3-7899a255ed5c	4	10232590	10389091	176	0.0518
e4c8441d-f10c-4ccd-89a3-7899a255ed5c	4	10390730	10399044	16	-0.9041
e4c8441d-f10c-4ccd-89a3-7899a255ed5c	4	10401094	35144600	16969	-0.0044
e4c8441d-f10c-4ccd-89a3-7899a255ed5c	4	35145891	35148542	5	-1.5426
e4c8441d-f10c-4ccd-89a3-7899a255ed5c	4	35155099	68318073	19115	-0.0068
e4c8441d-f10c-4ccd-89a3-7899a255ed5c	4	68320462	68747216	135	-0.2528
e4c8441d-f10c-4ccd-89a3-7899a255ed5c	4	68749255	114252544	27547	-0.0064
e4c8441d-f10c-4ccd-89a3-7899a255ed5c	4	114254167	114263073	24	0.8252
e4c8441d-f10c-4ccd-89a3-7899a255ed5c	4	114263096	167893657	32212	-0.0059
e4c8441d-f10c-4ccd-89a3-7899a255ed5c	4	167894107	168089633	164	-0.1806
e4c8441d-f10c-4ccd-89a3-7899a255ed5c	4	168090482	171448195	2127	-0.0116
e4c8441d-f10c-4ccd-89a3-7899a255ed5c	4	171453733	171456625	12	-0.9366
e4c8441d-f10c-4ccd-89a3-7899a255ed5c	4	171459220	172066777	395	-0.0095
e4c8441d-f10c-4ccd-89a3-7899a255ed5c	4	172067997	172068382	12	-1.9537
e4c8441d-f10c-4ccd-89a3-7899a255ed5c	4	172074828	190106768	12038	-0.0004
e4c8441d-f10c-4ccd-89a3-7899a255ed5c	5	15532	35793	10	-0.288
e4c8441d-f10c-4ccd-89a3-7899a255ed5c	5	36346	1936428	941	0.1287
e4c8441d-f10c-4ccd-89a3-7899a255ed5c	5	1936939	18675651	13052	0.0004
e4c8441d-f10c-4ccd-89a3-7899a255ed5c	5	18676174	20765802	1290	-0.0621
e4c8441d-f10c-4ccd-89a3-7899a255ed5c	5	20770334	21376735	308	0.0062
e4c8441d-f10c-4ccd-89a3-7899a255ed5c	5	21377730	21377744	2	-3.2719
e4c8441d-f10c-4ccd-89a3-7899a255ed5c	5	21385957	21449167	44	-0.0363
e4c8441d-f10c-4ccd-89a3-7899a255ed5c	5	21451091	21452329	5	-2.4381
e4c8441d-f10c-4ccd-89a3-7899a255ed5c	5	21452387	25120653	2105	-0.0131
e4c8441d-f10c-4ccd-89a3-7899a255ed5c	5	25121989	25385351	129	-0.1771
e4c8441d-f10c-4ccd-89a3-7899a255ed5c	5	25386413	58033288	17716	-0.0033
e4c8441d-f10c-4ccd-89a3-7899a255ed5c	5	58033703	58037706	28	-0.5394
e4c8441d-f10c-4ccd-89a3-7899a255ed5c	5	58042530	99186837	23657	-0.0042
e4c8441d-f10c-4ccd-89a3-7899a255ed5c	5	99187675	101892421	1602	-0.0623
e4c8441d-f10c-4ccd-89a3-7899a255ed5c	5	101896267	104515520	1464	-0.0032
e4c8441d-f10c-4ccd-89a3-7899a255ed5c	5	104524672	104524903	4	-1.4485
e4c8441d-f10c-4ccd-89a3-7899a255ed5c	5	104525348	176623510	47565	0.0003
e4c8441d-f10c-4ccd-89a3-7899a255ed5c	5	176623714	176839038	122	0.26
e4c8441d-f10c-4ccd-89a3-7899a255ed5c	5	176841738	177724103	354	0.0014
e4c8441d-f10c-4ccd-89a3-7899a255ed5c	5	177730398	177833329	11	-0.7383
e4c8441d-f10c-4ccd-89a3-7899a255ed5c	5	177838979	180947523	1785	0.0236
e4c8441d-f10c-4ccd-89a3-7899a255ed5c	5	180951710	180991103	19	-0.4949
e4c8441d-f10c-4ccd-89a3-7899a255ed5c	5	181006225	181363319	168	0.1068
e4c8441d-f10c-4ccd-89a3-7899a255ed5c	6	149661	294837	124	-0.0174
e4c8441d-f10c-4ccd-89a3-7899a255ed5c	6	302306	460051	146	0.2592
e4c8441d-f10c-4ccd-89a3-7899a255ed5c	6	460187	6025978	4552	0.0065
e4c8441d-f10c-4ccd-89a3-7899a255ed5c	6	6033698	6034203	3	-3.645
e4c8441d-f10c-4ccd-89a3-7899a255ed5c	6	6036812	29869411	16743	0.002
e4c8441d-f10c-4ccd-89a3-7899a255ed5c	6	29869537	29881490	14	-1.1977
e4c8441d-f10c-4ccd-89a3-7899a255ed5c	6	29882419	31497326	818	0.0401
e4c8441d-f10c-4ccd-89a3-7899a255ed5c	6	31497713	32098988	142	0.2261
e4c8441d-f10c-4ccd-89a3-7899a255ed5c	6	32102029	32485152	204	0.0301
e4c8441d-f10c-4ccd-89a3-7899a255ed5c	6	32486498	32488906	3	-1.565
e4c8441d-f10c-4ccd-89a3-7899a255ed5c	6	32488965	32550992	17	0.1898
e4c8441d-f10c-4ccd-89a3-7899a255ed5c	6	32559507	32605994	11	-0.8388
e4c8441d-f10c-4ccd-89a3-7899a255ed5c	6	32606237	32641650	25	-0.1247
e4c8441d-f10c-4ccd-89a3-7899a255ed5c	6	32656527	32658841	6	-1.4783
e4c8441d-f10c-4ccd-89a3-7899a255ed5c	6	32682835	54066621	13662	0.005
e4c8441d-f10c-4ccd-89a3-7899a255ed5c	6	54067005	54067057	2	-2.4028
e4c8441d-f10c-4ccd-89a3-7899a255ed5c	6	54070550	68428164	6867	-0.0149
e4c8441d-f10c-4ccd-89a3-7899a255ed5c	6	68428437	68432116	2	-1.4491
e4c8441d-f10c-4ccd-89a3-7899a255ed5c	6	68436135	76726815	5256	-0.0125
e4c8441d-f10c-4ccd-89a3-7899a255ed5c	6	76730151	76742924	18	-0.6338
e4c8441d-f10c-4ccd-89a3-7899a255ed5c	6	76742956	85992372	5878	-0.0126
e4c8441d-f10c-4ccd-89a3-7899a255ed5c	6	85995537	85996204	3	-1.2052
e4c8441d-f10c-4ccd-89a3-7899a255ed5c	6	85998530	93483637	4907	0.0009
e4c8441d-f10c-4ccd-89a3-7899a255ed5c	6	93492888	95390273	949	-0.0726
e4c8441d-f10c-4ccd-89a3-7899a255ed5c	6	95393148	153636235	36942	-0.0024
e4c8441d-f10c-4ccd-89a3-7899a255ed5c	6	153639651	153644544	4	-1.9666
e4c8441d-f10c-4ccd-89a3-7899a255ed5c	6	153644624	167102970	9702	-0.0012
e4c8441d-f10c-4ccd-89a3-7899a255ed5c	6	167105957	170281387	1949	0.07
e4c8441d-f10c-4ccd-89a3-7899a255ed5c	6	170287611	170741917	208	-0.0159
e4c8441d-f10c-4ccd-89a3-7899a255ed5c	7	43355	1221000	365	0.1075
e4c8441d-f10c-4ccd-89a3-7899a255ed5c	7	1221518	1263425	4	-1.488
e4c8441d-f10c-4ccd-89a3-7899a255ed5c	7	1271601	12732238	7834	-0.0079
e4c8441d-f10c-4ccd-89a3-7899a255ed5c	7	12737580	13158797	321	0.5999
e4c8441d-f10c-4ccd-89a3-7899a255ed5c	7	13159582	19130924	4924	-0.0114
e4c8441d-f10c-4ccd-89a3-7899a255ed5c	7	19131145	19216616	128	-0.1908
e4c8441d-f10c-4ccd-89a3-7899a255ed5c	7	19216660	22395161	2422	-0.0062
e4c8441d-f10c-4ccd-89a3-7899a255ed5c	7	22395853	22396868	2	-2.9556
e4c8441d-f10c-4ccd-89a3-7899a255ed5c	7	22399135	54305455	22340	0.0032
e4c8441d-f10c-4ccd-89a3-7899a255ed5c	7	54318812	54318824	6	-2.5205
e4c8441d-f10c-4ccd-89a3-7899a255ed5c	7	54325795	76514308	8235	0.0093
e4c8441d-f10c-4ccd-89a3-7899a255ed5c	7	76514465	90508731	8882	-0.0216
e4c8441d-f10c-4ccd-89a3-7899a255ed5c	7	90509076	91578827	777	0.0062
e4c8441d-f10c-4ccd-89a3-7899a255ed5c	7	91589569	91589817	3	-1.5727
e4c8441d-f10c-4ccd-89a3-7899a255ed5c	7	91595717	126405597	20456	-0.0029
e4c8441d-f10c-4ccd-89a3-7899a255ed5c	7	126405632	126406822	10	-1.1173
e4c8441d-f10c-4ccd-89a3-7899a255ed5c	7	126406823	142069880	9903	0.0032
e4c8441d-f10c-4ccd-89a3-7899a255ed5c	7	142069891	142092307	32	-0.4917
e4c8441d-f10c-4ccd-89a3-7899a255ed5c	7	142099190	144255817	1209	-0.0024
e4c8441d-f10c-4ccd-89a3-7899a255ed5c	7	144264193	144336758	6	-1.1704
e4c8441d-f10c-4ccd-89a3-7899a255ed5c	7	144343967	158943077	9351	0.0122
e4c8441d-f10c-4ccd-89a3-7899a255ed5c	7	158943421	159165243	154	0.1942
e4c8441d-f10c-4ccd-89a3-7899a255ed5c	7	159166679	159334314	108	-0.0559
e4c8441d-f10c-4ccd-89a3-7899a255ed5c	8	81254	643041	320	0.061
e4c8441d-f10c-4ccd-89a3-7899a255ed5c	8	644944	645908	10	-0.7269
e4c8441d-f10c-4ccd-89a3-7899a255ed5c	8	656117	2844412	1698	0.0286
e4c8441d-f10c-4ccd-89a3-7899a255ed5c	8	2846011	2846295	6	-1.047
e4c8441d-f10c-4ccd-89a3-7899a255ed5c	8	2846377	3926665	1302	0.0068
e4c8441d-f10c-4ccd-89a3-7899a255ed5c	8	3929538	3932584	24	-0.8611
e4c8441d-f10c-4ccd-89a3-7899a255ed5c	8	3933696	8724734	4877	-0.0077
e4c8441d-f10c-4ccd-89a3-7899a255ed5c	8	8725599	8730079	10	-1.0154
e4c8441d-f10c-4ccd-89a3-7899a255ed5c	8	8731984	25114672	13144	0.0013
e4c8441d-f10c-4ccd-89a3-7899a255ed5c	8	25116928	25126708	25	-0.5602
e4c8441d-f10c-4ccd-89a3-7899a255ed5c	8	25126735	32166363	4848	0.0006
e4c8441d-f10c-4ccd-89a3-7899a255ed5c	8	32166694	32167003	2	-1.5833
e4c8441d-f10c-4ccd-89a3-7899a255ed5c	8	32168309	39389592	4136	0.004
e4c8441d-f10c-4ccd-89a3-7899a255ed5c	8	39391223	39526605	52	0.8203
e4c8441d-f10c-4ccd-89a3-7899a255ed5c	8	39527181	50119451	4575	0.0018
e4c8441d-f10c-4ccd-89a3-7899a255ed5c	8	50119464	50119827	7	-2.0715
e4c8441d-f10c-4ccd-89a3-7899a255ed5c	8	50120863	81076786	19322	0.0011
e4c8441d-f10c-4ccd-89a3-7899a255ed5c	8	81079463	81081544	5	-1.1986
e4c8441d-f10c-4ccd-89a3-7899a255ed5c	8	81083357	103678365	13395	-0.0003
e4c8441d-f10c-4ccd-89a3-7899a255ed5c	8	103678698	103678712	2	-2.242
e4c8441d-f10c-4ccd-89a3-7899a255ed5c	8	103681457	136665653	22224	-0.0025
e4c8441d-f10c-4ccd-89a3-7899a255ed5c	8	136669376	136850192	174	-1.0623
e4c8441d-f10c-4ccd-89a3-7899a255ed5c	8	136851164	140995610	3193	0.0018
e4c8441d-f10c-4ccd-89a3-7899a255ed5c	8	140996777	142423653	838	0.1714
e4c8441d-f10c-4ccd-89a3-7899a255ed5c	8	142423765	143601631	422	0.0211
e4c8441d-f10c-4ccd-89a3-7899a255ed5c	8	143601764	144925347	440	0.1662
e4c8441d-f10c-4ccd-89a3-7899a255ed5c	8	144925582	145072769	79	-0.0203
e4c8441d-f10c-4ccd-89a3-7899a255ed5c	9	46587	6990926	6585	0.0034
e4c8441d-f10c-4ccd-89a3-7899a255ed5c	9	6993701	6993827	3	-1.2855
e4c8441d-f10c-4ccd-89a3-7899a255ed5c	9	6993848	9225463	2194	-0.0033
e4c8441d-f10c-4ccd-89a3-7899a255ed5c	9	9225919	11695067	2204	-0.0508
e4c8441d-f10c-4ccd-89a3-7899a255ed5c	9	11695108	11695757	2	-1.9761
e4c8441d-f10c-4ccd-89a3-7899a255ed5c	9	11695785	12617397	710	-0.088
e4c8441d-f10c-4ccd-89a3-7899a255ed5c	9	12617803	22492890	8056	-0.003
e4c8441d-f10c-4ccd-89a3-7899a255ed5c	9	22501914	22502700	2	-3.4482
e4c8441d-f10c-4ccd-89a3-7899a255ed5c	9	22509341	39588611	11292	-0.0109
e4c8441d-f10c-4ccd-89a3-7899a255ed5c	9	39747848	41571860	89	-0.5204
e4c8441d-f10c-4ccd-89a3-7899a255ed5c	9	41635766	63580418	176	-0.0907
e4c8441d-f10c-4ccd-89a3-7899a255ed5c	9	63590317	63592813	7	1.6904
e4c8441d-f10c-4ccd-89a3-7899a255ed5c	9	63614182	63763088	44	-0.0741
e4c8441d-f10c-4ccd-89a3-7899a255ed5c	9	64462508	67149991	65	-0.4025
e4c8441d-f10c-4ccd-89a3-7899a255ed5c	9	67168711	138200944	47757	0.0003
e4c8441d-f10c-4ccd-89a3-7899a255ed5c	10	45792	17885034	14794	0.0058
e4c8441d-f10c-4ccd-89a3-7899a255ed5c	10	17896194	17910884	3	-2.367
e4c8441d-f10c-4ccd-89a3-7899a255ed5c	10	17929793	24086334	4319	-0.0014
e4c8441d-f10c-4ccd-89a3-7899a255ed5c	10	24088745	24089125	11	-2.3269
e4c8441d-f10c-4ccd-89a3-7899a255ed5c	10	24089979	26520471	1714	-0.0046
e4c8441d-f10c-4ccd-89a3-7899a255ed5c	10	26523382	26527122	6	-1.232
e4c8441d-f10c-4ccd-89a3-7899a255ed5c	10	26528020	46693694	10763	0.0018
e4c8441d-f10c-4ccd-89a3-7899a255ed5c	10	46708121	46967412	11	-0.9844
e4c8441d-f10c-4ccd-89a3-7899a255ed5c	10	47002596	54920517	5297	0.0019
e4c8441d-f10c-4ccd-89a3-7899a255ed5c	10	54923330	54932839	6	-1.1575
e4c8441d-f10c-4ccd-89a3-7899a255ed5c	10	54935658	65548165	7329	-0.0062
e4c8441d-f10c-4ccd-89a3-7899a255ed5c	10	65548178	65554688	27	-0.4666
e4c8441d-f10c-4ccd-89a3-7899a255ed5c	10	65563037	130168089	43789	0.0027
e4c8441d-f10c-4ccd-89a3-7899a255ed5c	10	130169088	133038543	1979	0.0789
e4c8441d-f10c-4ccd-89a3-7899a255ed5c	10	133054949	133420688	113	-0.0057
e4c8441d-f10c-4ccd-89a3-7899a255ed5c	10	133429369	133573736	110	0.6843
e4c8441d-f10c-4ccd-89a3-7899a255ed5c	10	133574363	133654968	34	0.102
e4c8441d-f10c-4ccd-89a3-7899a255ed5c	11	198510	313923	64	0.1162
e4c8441d-f10c-4ccd-89a3-7899a255ed5c	11	324880	456120	40	0.3656
e4c8441d-f10c-4ccd-89a3-7899a255ed5c	11	458784	4949013	2309	0.0031
e4c8441d-f10c-4ccd-89a3-7899a255ed5c	11	4949047	4952799	23	0.7089
e4c8441d-f10c-4ccd-89a3-7899a255ed5c	11	4953934	10201238	3831	-0.0068
e4c8441d-f10c-4ccd-89a3-7899a255ed5c	11	10203889	10207181	6	-1.1202
e4c8441d-f10c-4ccd-89a3-7899a255ed5c	11	10211166	18919323	6342	0.0005
e4c8441d-f10c-4ccd-89a3-7899a255ed5c	11	18927525	18940271	42	-0.9085
e4c8441d-f10c-4ccd-89a3-7899a255ed5c	11	18940375	55595864	21660	-0.0014
e4c8441d-f10c-4ccd-89a3-7899a255ed5c	11	55606556	55685533	59	-1.6865
e4c8441d-f10c-4ccd-89a3-7899a255ed5c	11	55686100	64700022	5058	-0.002
e4c8441d-f10c-4ccd-89a3-7899a255ed5c	11	64703073	65943236	470	0.1475
e4c8441d-f10c-4ccd-89a3-7899a255ed5c	11	65943281	86590915	12167	-0.0013
e4c8441d-f10c-4ccd-89a3-7899a255ed5c	11	86594619	86595012	6	-1.2757
e4c8441d-f10c-4ccd-89a3-7899a255ed5c	11	86604132	116661022	20860	-0.0043
e4c8441d-f10c-4ccd-89a3-7899a255ed5c	11	116661233	116661348	2	-3.0518
e4c8441d-f10c-4ccd-89a3-7899a255ed5c	11	116661349	128001511	8081	0.0059
e4c8441d-f10c-4ccd-89a3-7899a255ed5c	11	128011152	128011975	3	-1.5141
e4c8441d-f10c-4ccd-89a3-7899a255ed5c	11	128013591	134347316	4876	0.0082
e4c8441d-f10c-4ccd-89a3-7899a255ed5c	11	134348093	134739499	307	0.1181
e4c8441d-f10c-4ccd-89a3-7899a255ed5c	11	134739663	134739672	2	-2.3339
e4c8441d-f10c-4ccd-89a3-7899a255ed5c	11	134740048	135074876	276	0.0234
e4c8441d-f10c-4ccd-89a3-7899a255ed5c	12	51460	756804	415	0.096
e4c8441d-f10c-4ccd-89a3-7899a255ed5c	12	759943	764863	17	-0.932
e4c8441d-f10c-4ccd-89a3-7899a255ed5c	12	766188	9481274	5715	0.0137
e4c8441d-f10c-4ccd-89a3-7899a255ed5c	12	9485313	9575696	22	-1.7305
e4c8441d-f10c-4ccd-89a3-7899a255ed5c	12	9582373	11351157	1168	-0.0081
e4c8441d-f10c-4ccd-89a3-7899a255ed5c	12	11358643	11390472	31	-0.7656
e4c8441d-f10c-4ccd-89a3-7899a255ed5c	12	11399258	27490257	11136	0.0007
e4c8441d-f10c-4ccd-89a3-7899a255ed5c	12	27490280	27498429	35	-0.7673
e4c8441d-f10c-4ccd-89a3-7899a255ed5c	12	27504228	27941830	321	0
e4c8441d-f10c-4ccd-89a3-7899a255ed5c	12	27941988	27944711	12	-0.8872
e4c8441d-f10c-4ccd-89a3-7899a255ed5c	12	27950527	31753738	2795	0.0028
e4c8441d-f10c-4ccd-89a3-7899a255ed5c	12	31754340	31756974	4	-1.3848
e4c8441d-f10c-4ccd-89a3-7899a255ed5c	12	31764286	33141726	1011	0.0078
e4c8441d-f10c-4ccd-89a3-7899a255ed5c	12	33148472	33155453	29	-0.6517
e4c8441d-f10c-4ccd-89a3-7899a255ed5c	12	33155525	34093850	577	-0.0532
e4c8441d-f10c-4ccd-89a3-7899a255ed5c	12	34096879	34122471	13	-0.8763
e4c8441d-f10c-4ccd-89a3-7899a255ed5c	12	34122859	133201603	61193	0.005
e4c8441d-f10c-4ccd-89a3-7899a255ed5c	13	18452809	23058865	2849	0.0035
e4c8441d-f10c-4ccd-89a3-7899a255ed5c	13	23058992	23059376	6	-1.0661
e4c8441d-f10c-4ccd-89a3-7899a255ed5c	13	23064056	52520664	20446	-0.0001
e4c8441d-f10c-4ccd-89a3-7899a255ed5c	13	52523849	52531650	3	-2.2416
e4c8441d-f10c-4ccd-89a3-7899a255ed5c	13	52543744	57184255	2618	-0.0164
e4c8441d-f10c-4ccd-89a3-7899a255ed5c	13	57184492	57204246	30	-0.7741
e4c8441d-f10c-4ccd-89a3-7899a255ed5c	13	57215580	103742197	30271	-0.0046
e4c8441d-f10c-4ccd-89a3-7899a255ed5c	13	103742242	103753679	16	-0.8401
e4c8441d-f10c-4ccd-89a3-7899a255ed5c	13	103753697	112854472	6967	-0.006
e4c8441d-f10c-4ccd-89a3-7899a255ed5c	13	112855605	113062977	127	0.2024
e4c8441d-f10c-4ccd-89a3-7899a255ed5c	13	113070745	113786131	335	0.003
e4c8441d-f10c-4ccd-89a3-7899a255ed5c	13	113789240	113856549	17	0.4655
e4c8441d-f10c-4ccd-89a3-7899a255ed5c	13	113858134	113997996	37	-0.0329
e4c8441d-f10c-4ccd-89a3-7899a255ed5c	13	113998903	114072251	24	0.3457
e4c8441d-f10c-4ccd-89a3-7899a255ed5c	13	114072282	114342922	124	0.0055
e4c8441d-f10c-4ccd-89a3-7899a255ed5c	14	18239283	19732024	65	-0.3961
e4c8441d-f10c-4ccd-89a3-7899a255ed5c	14	19732222	21874234	1381	0.0002
e4c8441d-f10c-4ccd-89a3-7899a255ed5c	14	21874260	22500013	555	-0.105
e4c8441d-f10c-4ccd-89a3-7899a255ed5c	14	22500513	22625942	123	0.0434
e4c8441d-f10c-4ccd-89a3-7899a255ed5c	14	22626099	22630304	6	-0.8551
e4c8441d-f10c-4ccd-89a3-7899a255ed5c	14	22630485	41139155	11563	-0.0033
e4c8441d-f10c-4ccd-89a3-7899a255ed5c	14	41141293	41207137	17	-0.7949
e4c8441d-f10c-4ccd-89a3-7899a255ed5c	14	41207158	43145390	1240	-0.0104
e4c8441d-f10c-4ccd-89a3-7899a255ed5c	14	43149419	46426392	1778	-0.0475
e4c8441d-f10c-4ccd-89a3-7899a255ed5c	14	46426503	73534419	17339	0.0021
e4c8441d-f10c-4ccd-89a3-7899a255ed5c	14	73540003	73554275	8	-1.6183
e4c8441d-f10c-4ccd-89a3-7899a255ed5c	14	73563196	106321086	20801	0.0018
e4c8441d-f10c-4ccd-89a3-7899a255ed5c	14	106340102	106346129	7	-1.9955
e4c8441d-f10c-4ccd-89a3-7899a255ed5c	14	106360014	106418444	31	0.0663
e4c8441d-f10c-4ccd-89a3-7899a255ed5c	14	106423925	106487515	51	-0.654
e4c8441d-f10c-4ccd-89a3-7899a255ed5c	14	106487827	106877229	191	-0.0067
e4c8441d-f10c-4ccd-89a3-7899a255ed5c	15	19811075	20327364	74	-0.095
e4c8441d-f10c-4ccd-89a3-7899a255ed5c	15	20336727	22582296	140	-0.6344
e4c8441d-f10c-4ccd-89a3-7899a255ed5c	15	22584747	22899620	140	0.0045
e4c8441d-f10c-4ccd-89a3-7899a255ed5c	15	22900872	23010380	93	0.1647
e4c8441d-f10c-4ccd-89a3-7899a255ed5c	15	23010618	24429604	751	-0.0255
e4c8441d-f10c-4ccd-89a3-7899a255ed5c	15	24429740	24473449	33	-0.7469
e4c8441d-f10c-4ccd-89a3-7899a255ed5c	15	24480146	56497331	19818	-0.0001
e4c8441d-f10c-4ccd-89a3-7899a255ed5c	15	56497449	56508779	26	-0.65
e4c8441d-f10c-4ccd-89a3-7899a255ed5c	15	56509425	76598900	12700	0.0006
e4c8441d-f10c-4ccd-89a3-7899a255ed5c	15	76599170	76603433	20	0.8964
e4c8441d-f10c-4ccd-89a3-7899a255ed5c	15	76603434	93126609	10889	0.0047
e4c8441d-f10c-4ccd-89a3-7899a255ed5c	15	93128353	93456228	355	0.1065
e4c8441d-f10c-4ccd-89a3-7899a255ed5c	15	93456582	101083393	5699	-0.0043
e4c8441d-f10c-4ccd-89a3-7899a255ed5c	15	101085446	101646059	460	0.1083
e4c8441d-f10c-4ccd-89a3-7899a255ed5c	15	101647799	101928837	141	-0.0657
e4c8441d-f10c-4ccd-89a3-7899a255ed5c	16	10777	602298	276	0.2115
e4c8441d-f10c-4ccd-89a3-7899a255ed5c	16	602783	14881435	10783	0.0107
e4c8441d-f10c-4ccd-89a3-7899a255ed5c	16	14885112	16419781	644	0.1189
e4c8441d-f10c-4ccd-89a3-7899a255ed5c	16	16435734	28813550	7129	0.0132
e4c8441d-f10c-4ccd-89a3-7899a255ed5c	16	28814284	30180586	397	0.1418
e4c8441d-f10c-4ccd-89a3-7899a255ed5c	16	30295647	35203218	848	-0.0048
e4c8441d-f10c-4ccd-89a3-7899a255ed5c	16	35207424	35546893	195	-0.1471
e4c8441d-f10c-4ccd-89a3-7899a255ed5c	16	35549992	55762682	6561	-0.0031
e4c8441d-f10c-4ccd-89a3-7899a255ed5c	16	55764310	55764867	3	2.4916
e4c8441d-f10c-4ccd-89a3-7899a255ed5c	16	55770436	55788532	14	0.5388
e4c8441d-f10c-4ccd-89a3-7899a255ed5c	16	55808442	70085726	8710	-0.0009
e4c8441d-f10c-4ccd-89a3-7899a255ed5c	16	70085850	70105639	11	0.2777
e4c8441d-f10c-4ccd-89a3-7899a255ed5c	16	70117657	70164453	14	0.6701
e4c8441d-f10c-4ccd-89a3-7899a255ed5c	16	70164493	74346075	2291	0.003
e4c8441d-f10c-4ccd-89a3-7899a255ed5c	16	74350360	74422703	10	0.9936
e4c8441d-f10c-4ccd-89a3-7899a255ed5c	16	74431498	77471140	2258	-0.0013
e4c8441d-f10c-4ccd-89a3-7899a255ed5c	16	77471236	77471970	2	-2.3247
e4c8441d-f10c-4ccd-89a3-7899a255ed5c	16	77472544	79826460	2766	0.0019
e4c8441d-f10c-4ccd-89a3-7899a255ed5c	16	79826617	79827157	2	-2.054
e4c8441d-f10c-4ccd-89a3-7899a255ed5c	16	79833296	81120843	1357	-0.01
e4c8441d-f10c-4ccd-89a3-7899a255ed5c	16	81121501	81498891	361	0.1027
e4c8441d-f10c-4ccd-89a3-7899a255ed5c	16	81501437	83837167	2631	0.0057
e4c8441d-f10c-4ccd-89a3-7899a255ed5c	16	83839259	84355914	444	0.1338
e4c8441d-f10c-4ccd-89a3-7899a255ed5c	16	84357052	84357821	2	-0.9481
e4c8441d-f10c-4ccd-89a3-7899a255ed5c	16	84360565	84892194	484	0.1218
e4c8441d-f10c-4ccd-89a3-7899a255ed5c	16	84893373	88459366	2781	0.0318
e4c8441d-f10c-4ccd-89a3-7899a255ed5c	16	88469691	90096867	676	0.2026
e4c8441d-f10c-4ccd-89a3-7899a255ed5c	17	150733	1262192	555	0.1355
e4c8441d-f10c-4ccd-89a3-7899a255ed5c	17	1276729	18455632	10796	0.0089
e4c8441d-f10c-4ccd-89a3-7899a255ed5c	17	18455635	18561907	25	-0.7945
e4c8441d-f10c-4ccd-89a3-7899a255ed5c	17	18565883	19594577	360	0.0361
e4c8441d-f10c-4ccd-89a3-7899a255ed5c	17	19596423	19635134	30	-0.8458
e4c8441d-f10c-4ccd-89a3-7899a255ed5c	17	19635445	34465288	5360	0.0067
e4c8441d-f10c-4ccd-89a3-7899a255ed5c	17	34467795	34608937	151	0.212
e4c8441d-f10c-4ccd-89a3-7899a255ed5c	17	34608994	36109139	901	0.0032
e4c8441d-f10c-4ccd-89a3-7899a255ed5c	17	36109735	36208249	37	0.923
e4c8441d-f10c-4ccd-89a3-7899a255ed5c	17	36460442	41266838	2513	0.0112
e4c8441d-f10c-4ccd-89a3-7899a255ed5c	17	41266851	41274279	19	-1.2246
e4c8441d-f10c-4ccd-89a3-7899a255ed5c	17	41276472	45571138	2146	0.0169
e4c8441d-f10c-4ccd-89a3-7899a255ed5c	17	45571174	45582060	8	-0.676
e4c8441d-f10c-4ccd-89a3-7899a255ed5c	17	45587327	45858265	168	0.1863
e4c8441d-f10c-4ccd-89a3-7899a255ed5c	17	45859787	46085732	168	0.0757
e4c8441d-f10c-4ccd-89a3-7899a255ed5c	17	46088437	46286804	124	-0.2342
e4c8441d-f10c-4ccd-89a3-7899a255ed5c	17	46323701	46446360	4	1.227
e4c8441d-f10c-4ccd-89a3-7899a255ed5c	17	46569894	73780683	16724	0.0015
e4c8441d-f10c-4ccd-89a3-7899a255ed5c	17	73781434	74667628	581	0.1376
e4c8441d-f10c-4ccd-89a3-7899a255ed5c	17	74668676	83091923	4188	0.0352
e4c8441d-f10c-4ccd-89a3-7899a255ed5c	18	48133	42471713	23937	0
e4c8441d-f10c-4ccd-89a3-7899a255ed5c	18	42476604	42477506	24	-0.7623
e4c8441d-f10c-4ccd-89a3-7899a255ed5c	18	42477802	66054343	16180	-0.0068
e4c8441d-f10c-4ccd-89a3-7899a255ed5c	18	66060256	66061104	12	-0.7081
e4c8441d-f10c-4ccd-89a3-7899a255ed5c	18	66065502	71388510	3818	-0.0097
e4c8441d-f10c-4ccd-89a3-7899a255ed5c	18	71392537	73741021	1873	-0.0561
e4c8441d-f10c-4ccd-89a3-7899a255ed5c	18	73742617	79362597	4270	0.0083
e4c8441d-f10c-4ccd-89a3-7899a255ed5c	18	79362830	80004073	267	0.1866
e4c8441d-f10c-4ccd-89a3-7899a255ed5c	18	80005220	80257174	155	0.0287
e4c8441d-f10c-4ccd-89a3-7899a255ed5c	19	90910	12581187	5030	0.0125
e4c8441d-f10c-4ccd-89a3-7899a255ed5c	19	12586552	12587288	2	-1.7693
e4c8441d-f10c-4ccd-89a3-7899a255ed5c	19	12589709	35358285	11626	0.0014
e4c8441d-f10c-4ccd-89a3-7899a255ed5c	19	35358319	35379534	30	0.429
e4c8441d-f10c-4ccd-89a3-7899a255ed5c	19	35383481	43198881	3849	0.0035
e4c8441d-f10c-4ccd-89a3-7899a255ed5c	19	43199352	43262860	23	-0.7355
e4c8441d-f10c-4ccd-89a3-7899a255ed5c	19	43263109	51628560	4135	0.0207
e4c8441d-f10c-4ccd-89a3-7899a255ed5c	19	51639099	51651652	12	0.7731
e4c8441d-f10c-4ccd-89a3-7899a255ed5c	19	51652217	53010259	929	0.0283
e4c8441d-f10c-4ccd-89a3-7899a255ed5c	19	53011074	53048976	25	0.5289
e4c8441d-f10c-4ccd-89a3-7899a255ed5c	19	53050987	54725849	1048	0.0377
e4c8441d-f10c-4ccd-89a3-7899a255ed5c	19	54726927	54736528	4	-1.3061
e4c8441d-f10c-4ccd-89a3-7899a255ed5c	19	54736640	58586487	2316	0.0235
e4c8441d-f10c-4ccd-89a3-7899a255ed5c	20	80664	141154	45	-0.0012
e4c8441d-f10c-4ccd-89a3-7899a255ed5c	20	141335	149223	3	-1.1303
e4c8441d-f10c-4ccd-89a3-7899a255ed5c	20	152536	423763	195	0.0683
e4c8441d-f10c-4ccd-89a3-7899a255ed5c	20	423956	426399	2	-1.6006
e4c8441d-f10c-4ccd-89a3-7899a255ed5c	20	427609	1580305	953	0.026
e4c8441d-f10c-4ccd-89a3-7899a255ed5c	20	1580353	1601561	37	1.346
e4c8441d-f10c-4ccd-89a3-7899a255ed5c	20	1609611	15981044	10994	-0.0024
e4c8441d-f10c-4ccd-89a3-7899a255ed5c	20	15985274	15988235	3	-1.8174
e4c8441d-f10c-4ccd-89a3-7899a255ed5c	20	15988345	63595400	29695	0.0123
e4c8441d-f10c-4ccd-89a3-7899a255ed5c	20	63598636	64272376	291	0.2146
e4c8441d-f10c-4ccd-89a3-7899a255ed5c	20	64272957	64324800	15	-0.2544
e4c8441d-f10c-4ccd-89a3-7899a255ed5c	21	10354168	43313400	22047	-0.0074
e4c8441d-f10c-4ccd-89a3-7899a255ed5c	21	43319168	43586069	49	0.3127
e4c8441d-f10c-4ccd-89a3-7899a255ed5c	21	43588075	45235870	840	0.0133
e4c8441d-f10c-4ccd-89a3-7899a255ed5c	21	45236969	45588332	174	0.2433
e4c8441d-f10c-4ccd-89a3-7899a255ed5c	21	45591428	46677045	651	0.0437
e4c8441d-f10c-4ccd-89a3-7899a255ed5c	22	15294547	18620743	1131	0.0012
e4c8441d-f10c-4ccd-89a3-7899a255ed5c	22	18649244	18783014	4	-1.3791
e4c8441d-f10c-4ccd-89a3-7899a255ed5c	22	18818348	18980069	20	-0.0888
e4c8441d-f10c-4ccd-89a3-7899a255ed5c	22	18980164	21046455	1442	0.1655
e4c8441d-f10c-4ccd-89a3-7899a255ed5c	22	21049623	23072420	1230	0.0418
e4c8441d-f10c-4ccd-89a3-7899a255ed5c	22	23073669	23293912	150	0.2558
e4c8441d-f10c-4ccd-89a3-7899a255ed5c	22	23293931	23467878	101	0.093
e4c8441d-f10c-4ccd-89a3-7899a255ed5c	22	23472602	23987520	307	-0.0028
e4c8441d-f10c-4ccd-89a3-7899a255ed5c	22	23988078	23990739	4	-1.9618
e4c8441d-f10c-4ccd-89a3-7899a255ed5c	22	23995113	48872888	17587	0.0124
e4c8441d-f10c-4ccd-89a3-7899a255ed5c	22	48874111	48874730	2	-2.364
e4c8441d-f10c-4ccd-89a3-7899a255ed5c	22	48877479	48984458	85	0.0098
e4c8441d-f10c-4ccd-89a3-7899a255ed5c	22	48984516	50796027	1144	0.1654
e4c8441d-f10c-4ccd-89a3-7899a255ed5c	X	251810	3024884	250	0.116
e4c8441d-f10c-4ccd-89a3-7899a255ed5c	X	3024945	19450600	11430	0.011
e4c8441d-f10c-4ccd-89a3-7899a255ed5c	X	19454127	19529542	55	0.3015
e4c8441d-f10c-4ccd-89a3-7899a255ed5c	X	19532899	152647484	70192	-0.0014
e4c8441d-f10c-4ccd-89a3-7899a255ed5c	X	152647800	154348290	799	0.0672
e4c8441d-f10c-4ccd-89a3-7899a255ed5c	X	154348340	154360167	27	0.4894
e4c8441d-f10c-4ccd-89a3-7899a255ed5c	X	154360216	155952689	552	-0.0006
e4c8441d-f10c-4ccd-89a3-7899a255ed5c	Y	2782397	6076562	717	-2.7817
e4c8441d-f10c-4ccd-89a3-7899a255ed5c	Y	6080059	22804854	5703	-3.1831
e4c8441d-f10c-4ccd-89a3-7899a255ed5c	Y	22913244	56872112	202	-2.8875
