GDC_Aliquot	Chromosome	Start	End	Num_Probes	Segment_Mean
5e0a0dcb-b0e6-4eb1-9e15-cbe54bdd1864	1	62920	914637	58	0.1443
5e0a0dcb-b0e6-4eb1-9e15-cbe54bdd1864	1	915307	3164291	613	-0.1077
5e0a0dcb-b0e6-4eb1-9e15-cbe54bdd1864	1	3164376	15823420	7608	-0.0142
5e0a0dcb-b0e6-4eb1-9e15-cbe54bdd1864	1	15827002	15827430	6	-1.9289
5e0a0dcb-b0e6-4eb1-9e15-cbe54bdd1864	1	15827706	16863509	357	-0.0315
5e0a0dcb-b0e6-4eb1-9e15-cbe54bdd1864	1	16864367	16935737	53	0.5713
5e0a0dcb-b0e6-4eb1-9e15-cbe54bdd1864	1	16935752	34625857	10136	-0.0064
5e0a0dcb-b0e6-4eb1-9e15-cbe54bdd1864	1	34625993	34638890	23	-0.685
5e0a0dcb-b0e6-4eb1-9e15-cbe54bdd1864	1	34648667	37433067	1489	-0.0175
5e0a0dcb-b0e6-4eb1-9e15-cbe54bdd1864	1	37434572	37434814	2	-2.8742
5e0a0dcb-b0e6-4eb1-9e15-cbe54bdd1864	1	37436534	105470754	42824	0.0007
5e0a0dcb-b0e6-4eb1-9e15-cbe54bdd1864	1	105476583	105479753	17	1.3589
5e0a0dcb-b0e6-4eb1-9e15-cbe54bdd1864	1	105481433	109684893	2607	-0.0107
5e0a0dcb-b0e6-4eb1-9e15-cbe54bdd1864	1	109690352	109702376	13	1.9029
5e0a0dcb-b0e6-4eb1-9e15-cbe54bdd1864	1	109703504	111769532	1558	0.0058
5e0a0dcb-b0e6-4eb1-9e15-cbe54bdd1864	1	111769589	111769929	3	1.516
5e0a0dcb-b0e6-4eb1-9e15-cbe54bdd1864	1	111770456	112147704	360	-0.0081
5e0a0dcb-b0e6-4eb1-9e15-cbe54bdd1864	1	112153343	112154619	23	-0.6286
5e0a0dcb-b0e6-4eb1-9e15-cbe54bdd1864	1	112154754	147074795	5456	-0.0007
5e0a0dcb-b0e6-4eb1-9e15-cbe54bdd1864	1	147075155	147084859	11	-0.7642
5e0a0dcb-b0e6-4eb1-9e15-cbe54bdd1864	1	147087237	152583230	2054	0.0039
5e0a0dcb-b0e6-4eb1-9e15-cbe54bdd1864	1	152583291	152614118	34	1.5395
5e0a0dcb-b0e6-4eb1-9e15-cbe54bdd1864	1	152618018	152789447	164	0.0138
5e0a0dcb-b0e6-4eb1-9e15-cbe54bdd1864	1	152789463	152796224	36	0.6314
5e0a0dcb-b0e6-4eb1-9e15-cbe54bdd1864	1	152801429	158896783	3572	0.0008
5e0a0dcb-b0e6-4eb1-9e15-cbe54bdd1864	1	158898711	158899969	2	3.6253
5e0a0dcb-b0e6-4eb1-9e15-cbe54bdd1864	1	158905028	169247699	7565	-0.0059
5e0a0dcb-b0e6-4eb1-9e15-cbe54bdd1864	1	169264736	169272528	7	-2.0853
5e0a0dcb-b0e6-4eb1-9e15-cbe54bdd1864	1	169273163	192447070	15066	0.0022
5e0a0dcb-b0e6-4eb1-9e15-cbe54bdd1864	1	192449678	192451498	4	-1.9581
5e0a0dcb-b0e6-4eb1-9e15-cbe54bdd1864	1	192451767	248930189	38353	-0.0028
5e0a0dcb-b0e6-4eb1-9e15-cbe54bdd1864	2	12784	54090	24	-0.4906
5e0a0dcb-b0e6-4eb1-9e15-cbe54bdd1864	2	55692	4151151	2925	-0.0056
5e0a0dcb-b0e6-4eb1-9e15-cbe54bdd1864	2	4151431	4195147	63	0.3965
5e0a0dcb-b0e6-4eb1-9e15-cbe54bdd1864	2	4195161	117568893	68977	0.0032
5e0a0dcb-b0e6-4eb1-9e15-cbe54bdd1864	2	117569759	117571885	2	-2.8621
5e0a0dcb-b0e6-4eb1-9e15-cbe54bdd1864	2	117574253	119416560	1318	-0.0022
5e0a0dcb-b0e6-4eb1-9e15-cbe54bdd1864	2	119417480	119422789	4	-1.6301
5e0a0dcb-b0e6-4eb1-9e15-cbe54bdd1864	2	119422990	122719438	1932	-0.0006
5e0a0dcb-b0e6-4eb1-9e15-cbe54bdd1864	2	122722323	122724665	8	-1.0594
5e0a0dcb-b0e6-4eb1-9e15-cbe54bdd1864	2	122726077	241841244	72488	0.0039
5e0a0dcb-b0e6-4eb1-9e15-cbe54bdd1864	2	241973315	242095460	103	-1.0654
5e0a0dcb-b0e6-4eb1-9e15-cbe54bdd1864	2	242095518	242147305	23	0.0996
5e0a0dcb-b0e6-4eb1-9e15-cbe54bdd1864	3	20930	32050	11	-0.4486
5e0a0dcb-b0e6-4eb1-9e15-cbe54bdd1864	3	32077	99333	51	-0.0133
5e0a0dcb-b0e6-4eb1-9e15-cbe54bdd1864	3	99434	2713514	2241	0.0579
5e0a0dcb-b0e6-4eb1-9e15-cbe54bdd1864	3	2713743	37935926	24992	-0.0013
5e0a0dcb-b0e6-4eb1-9e15-cbe54bdd1864	3	37940617	37945437	18	-0.936
5e0a0dcb-b0e6-4eb1-9e15-cbe54bdd1864	3	37945615	68697013	19913	0.0035
5e0a0dcb-b0e6-4eb1-9e15-cbe54bdd1864	3	68697108	68698262	14	-1.5795
5e0a0dcb-b0e6-4eb1-9e15-cbe54bdd1864	3	68699607	75372019	4822	-0.0008
5e0a0dcb-b0e6-4eb1-9e15-cbe54bdd1864	3	75377956	75496021	50	-3.364
5e0a0dcb-b0e6-4eb1-9e15-cbe54bdd1864	3	75496671	75590356	24	-1.2436
5e0a0dcb-b0e6-4eb1-9e15-cbe54bdd1864	3	75596233	193155915	68554	0.0025
5e0a0dcb-b0e6-4eb1-9e15-cbe54bdd1864	3	193156958	193165114	21	-1.1753
5e0a0dcb-b0e6-4eb1-9e15-cbe54bdd1864	3	193168646	195559056	1469	0.0078
5e0a0dcb-b0e6-4eb1-9e15-cbe54bdd1864	3	195656271	195755499	49	-0.3893
5e0a0dcb-b0e6-4eb1-9e15-cbe54bdd1864	3	195768362	198169247	1152	0.0111
5e0a0dcb-b0e6-4eb1-9e15-cbe54bdd1864	4	68929	4117959	1613	-0.0091
5e0a0dcb-b0e6-4eb1-9e15-cbe54bdd1864	4	4121101	4173850	14	0.6596
5e0a0dcb-b0e6-4eb1-9e15-cbe54bdd1864	4	4174887	9455251	3474	-0.006
5e0a0dcb-b0e6-4eb1-9e15-cbe54bdd1864	4	9459504	9477699	6	1.155
5e0a0dcb-b0e6-4eb1-9e15-cbe54bdd1864	4	9484440	10389091	735	0.0148
5e0a0dcb-b0e6-4eb1-9e15-cbe54bdd1864	4	10390730	10401140	19	-0.5459
5e0a0dcb-b0e6-4eb1-9e15-cbe54bdd1864	4	10401374	25057292	10563	-0.0024
5e0a0dcb-b0e6-4eb1-9e15-cbe54bdd1864	4	25057368	25057412	2	-2.1939
5e0a0dcb-b0e6-4eb1-9e15-cbe54bdd1864	4	25057730	68354665	25306	0.0036
5e0a0dcb-b0e6-4eb1-9e15-cbe54bdd1864	4	68361130	68395346	6	1.4169
5e0a0dcb-b0e6-4eb1-9e15-cbe54bdd1864	4	68416487	68506285	17	-0.3734
5e0a0dcb-b0e6-4eb1-9e15-cbe54bdd1864	4	68509223	68663241	69	0.7045
5e0a0dcb-b0e6-4eb1-9e15-cbe54bdd1864	4	68671434	114252544	27409	0.0022
5e0a0dcb-b0e6-4eb1-9e15-cbe54bdd1864	4	114254167	114263073	24	0.7996
5e0a0dcb-b0e6-4eb1-9e15-cbe54bdd1864	4	114263096	137171041	13076	0.0019
5e0a0dcb-b0e6-4eb1-9e15-cbe54bdd1864	4	137171085	137173818	16	-0.792
5e0a0dcb-b0e6-4eb1-9e15-cbe54bdd1864	4	137173967	160120152	13919	-0.0034
5e0a0dcb-b0e6-4eb1-9e15-cbe54bdd1864	4	160131622	160149426	35	-1.0071
5e0a0dcb-b0e6-4eb1-9e15-cbe54bdd1864	4	160149572	160946263	572	-0.002
5e0a0dcb-b0e6-4eb1-9e15-cbe54bdd1864	4	160946924	160963825	43	-0.3662
5e0a0dcb-b0e6-4eb1-9e15-cbe54bdd1864	4	160963857	171448195	6593	0.0068
5e0a0dcb-b0e6-4eb1-9e15-cbe54bdd1864	4	171453733	171456573	11	-0.9193
5e0a0dcb-b0e6-4eb1-9e15-cbe54bdd1864	4	171456625	172067997	392	0.0194
5e0a0dcb-b0e6-4eb1-9e15-cbe54bdd1864	4	172068015	172068382	11	-1.8408
5e0a0dcb-b0e6-4eb1-9e15-cbe54bdd1864	4	172074828	190106768	11929	0.0106
5e0a0dcb-b0e6-4eb1-9e15-cbe54bdd1864	5	15532	773453	331	-0.0469
5e0a0dcb-b0e6-4eb1-9e15-cbe54bdd1864	5	779766	823484	14	-0.8906
5e0a0dcb-b0e6-4eb1-9e15-cbe54bdd1864	5	823655	12800777	9721	-0.0066
5e0a0dcb-b0e6-4eb1-9e15-cbe54bdd1864	5	12815668	12819964	9	-1.0847
5e0a0dcb-b0e6-4eb1-9e15-cbe54bdd1864	5	12824299	17828029	3289	0.0075
5e0a0dcb-b0e6-4eb1-9e15-cbe54bdd1864	5	17828744	17829678	3	-1.7735
5e0a0dcb-b0e6-4eb1-9e15-cbe54bdd1864	5	17833550	58025819	21987	0.0064
5e0a0dcb-b0e6-4eb1-9e15-cbe54bdd1864	5	58030200	58042530	33	-0.7028
5e0a0dcb-b0e6-4eb1-9e15-cbe54bdd1864	5	58044246	61866325	2551	0.0062
5e0a0dcb-b0e6-4eb1-9e15-cbe54bdd1864	5	61867992	61868038	2	-2.1845
5e0a0dcb-b0e6-4eb1-9e15-cbe54bdd1864	5	61869072	109417438	27017	0.0031
5e0a0dcb-b0e6-4eb1-9e15-cbe54bdd1864	5	109417583	109418910	2	-2.204
5e0a0dcb-b0e6-4eb1-9e15-cbe54bdd1864	5	109418963	168114143	38032	0.0016
5e0a0dcb-b0e6-4eb1-9e15-cbe54bdd1864	5	168114145	168115583	2	-2.0691
5e0a0dcb-b0e6-4eb1-9e15-cbe54bdd1864	5	168115651	176033084	5875	-0.0055
5e0a0dcb-b0e6-4eb1-9e15-cbe54bdd1864	5	176038686	176042504	2	-2.6371
5e0a0dcb-b0e6-4eb1-9e15-cbe54bdd1864	5	176043321	177771448	718	-0.0351
5e0a0dcb-b0e6-4eb1-9e15-cbe54bdd1864	5	177800550	177805604	3	2.266
5e0a0dcb-b0e6-4eb1-9e15-cbe54bdd1864	5	177827964	180951888	1781	-0.0033
5e0a0dcb-b0e6-4eb1-9e15-cbe54bdd1864	5	180953203	180964302	3	-1.3387
5e0a0dcb-b0e6-4eb1-9e15-cbe54bdd1864	5	180971271	181363319	182	-0.0534
5e0a0dcb-b0e6-4eb1-9e15-cbe54bdd1864	6	149661	29882419	21426	0.0002
5e0a0dcb-b0e6-4eb1-9e15-cbe54bdd1864	6	29882497	29983234	48	-0.4405
5e0a0dcb-b0e6-4eb1-9e15-cbe54bdd1864	6	29985665	31309909	597	-0.0299
5e0a0dcb-b0e6-4eb1-9e15-cbe54bdd1864	6	31318499	31328674	10	-1.8654
5e0a0dcb-b0e6-4eb1-9e15-cbe54bdd1864	6	31342147	64627049	18305	-0.0062
5e0a0dcb-b0e6-4eb1-9e15-cbe54bdd1864	6	64637651	64639099	2	-2.3232
5e0a0dcb-b0e6-4eb1-9e15-cbe54bdd1864	6	64640883	73882142	6095	0.0042
5e0a0dcb-b0e6-4eb1-9e15-cbe54bdd1864	6	73882509	73891694	10	0.944
5e0a0dcb-b0e6-4eb1-9e15-cbe54bdd1864	6	73893839	78253172	2745	0.0023
5e0a0dcb-b0e6-4eb1-9e15-cbe54bdd1864	6	78259348	78325468	110	-0.5207
5e0a0dcb-b0e6-4eb1-9e15-cbe54bdd1864	6	78329517	139099858	37764	0.0016
5e0a0dcb-b0e6-4eb1-9e15-cbe54bdd1864	6	139100600	139101546	2	-2.7154
5e0a0dcb-b0e6-4eb1-9e15-cbe54bdd1864	6	139103986	170741917	21250	0
5e0a0dcb-b0e6-4eb1-9e15-cbe54bdd1864	7	43355	6799093	3376	-0.0085
5e0a0dcb-b0e6-4eb1-9e15-cbe54bdd1864	7	6814479	6824452	4	-1.962
5e0a0dcb-b0e6-4eb1-9e15-cbe54bdd1864	7	6824616	8786255	1626	0.0096
5e0a0dcb-b0e6-4eb1-9e15-cbe54bdd1864	7	8787540	8826367	49	-1.0076
5e0a0dcb-b0e6-4eb1-9e15-cbe54bdd1864	7	8833366	67164253	36733	0.0035
5e0a0dcb-b0e6-4eb1-9e15-cbe54bdd1864	7	67164342	67204078	15	-1.0855
5e0a0dcb-b0e6-4eb1-9e15-cbe54bdd1864	7	67207129	144176859	45459	0.0008
5e0a0dcb-b0e6-4eb1-9e15-cbe54bdd1864	7	144199159	144312471	12	1.0595
5e0a0dcb-b0e6-4eb1-9e15-cbe54bdd1864	7	144326306	149882260	3459	0.0069
5e0a0dcb-b0e6-4eb1-9e15-cbe54bdd1864	7	149882490	149882525	2	-2.1123
5e0a0dcb-b0e6-4eb1-9e15-cbe54bdd1864	7	149882611	159334314	6099	-0.0019
5e0a0dcb-b0e6-4eb1-9e15-cbe54bdd1864	8	81254	2844412	2012	-0.0056
5e0a0dcb-b0e6-4eb1-9e15-cbe54bdd1864	8	2846011	2846377	7	-1.4454
5e0a0dcb-b0e6-4eb1-9e15-cbe54bdd1864	8	2849649	5721259	3887	0.0161
5e0a0dcb-b0e6-4eb1-9e15-cbe54bdd1864	8	5721284	5723427	3	1.4206
5e0a0dcb-b0e6-4eb1-9e15-cbe54bdd1864	8	5723451	5736745	18	-0.0113
5e0a0dcb-b0e6-4eb1-9e15-cbe54bdd1864	8	5741204	5749566	27	-0.8206
5e0a0dcb-b0e6-4eb1-9e15-cbe54bdd1864	8	5749634	145072769	88476	0.0004
5e0a0dcb-b0e6-4eb1-9e15-cbe54bdd1864	9	46587	602903	503	0.0223
5e0a0dcb-b0e6-4eb1-9e15-cbe54bdd1864	9	606699	606961	4	-2.0068
5e0a0dcb-b0e6-4eb1-9e15-cbe54bdd1864	9	607307	40887290	30300	0.0059
5e0a0dcb-b0e6-4eb1-9e15-cbe54bdd1864	9	40922005	61520021	178	0.2257
5e0a0dcb-b0e6-4eb1-9e15-cbe54bdd1864	9	61521913	61633080	28	0.7761
5e0a0dcb-b0e6-4eb1-9e15-cbe54bdd1864	9	61647899	63590317	40	0.0956
5e0a0dcb-b0e6-4eb1-9e15-cbe54bdd1864	9	63590319	63590323	3	2.7775
5e0a0dcb-b0e6-4eb1-9e15-cbe54bdd1864	9	63590325	63632478	11	0.6888
5e0a0dcb-b0e6-4eb1-9e15-cbe54bdd1864	9	63632493	107114629	27068	-0.0021
5e0a0dcb-b0e6-4eb1-9e15-cbe54bdd1864	9	107114859	107115309	2	-2.6434
5e0a0dcb-b0e6-4eb1-9e15-cbe54bdd1864	9	107120051	138200944	20438	-0.0055
5e0a0dcb-b0e6-4eb1-9e15-cbe54bdd1864	10	45792	16424371	13581	-0.0074
5e0a0dcb-b0e6-4eb1-9e15-cbe54bdd1864	10	16425243	16441792	11	-0.7901
5e0a0dcb-b0e6-4eb1-9e15-cbe54bdd1864	10	16442043	46525652	17701	-0.0026
5e0a0dcb-b0e6-4eb1-9e15-cbe54bdd1864	10	46525728	46526280	13	-0.6393
5e0a0dcb-b0e6-4eb1-9e15-cbe54bdd1864	10	46526920	62683379	10740	0.0067
5e0a0dcb-b0e6-4eb1-9e15-cbe54bdd1864	10	62683428	62683640	2	-2.5713
5e0a0dcb-b0e6-4eb1-9e15-cbe54bdd1864	10	62684801	66317834	2451	-0.0104
5e0a0dcb-b0e6-4eb1-9e15-cbe54bdd1864	10	66318006	66349580	32	-1.1933
5e0a0dcb-b0e6-4eb1-9e15-cbe54bdd1864	10	66362774	82646692	10484	-0.0044
5e0a0dcb-b0e6-4eb1-9e15-cbe54bdd1864	10	82650973	82671561	37	1.0798
5e0a0dcb-b0e6-4eb1-9e15-cbe54bdd1864	10	82672084	133654968	34562	-0.0049
5e0a0dcb-b0e6-4eb1-9e15-cbe54bdd1864	11	198510	4949013	2394	-0.0168
5e0a0dcb-b0e6-4eb1-9e15-cbe54bdd1864	11	4949047	4954475	26	0.7578
5e0a0dcb-b0e6-4eb1-9e15-cbe54bdd1864	11	4955027	5768371	774	0.008
5e0a0dcb-b0e6-4eb1-9e15-cbe54bdd1864	11	5768495	5791130	32	0.544
5e0a0dcb-b0e6-4eb1-9e15-cbe54bdd1864	11	5794956	55608760	30863	0.002
5e0a0dcb-b0e6-4eb1-9e15-cbe54bdd1864	11	55608785	55672514	41	0.533
5e0a0dcb-b0e6-4eb1-9e15-cbe54bdd1864	11	55674842	135074876	51725	-0.0049
5e0a0dcb-b0e6-4eb1-9e15-cbe54bdd1864	12	51460	1547195	866	-0.0343
5e0a0dcb-b0e6-4eb1-9e15-cbe54bdd1864	12	1551567	1551977	2	-2.4048
5e0a0dcb-b0e6-4eb1-9e15-cbe54bdd1864	12	1552787	33148472	21649	-0.0042
5e0a0dcb-b0e6-4eb1-9e15-cbe54bdd1864	12	33148492	33155426	27	-0.626
5e0a0dcb-b0e6-4eb1-9e15-cbe54bdd1864	12	33155453	77265796	24727	-0.0016
5e0a0dcb-b0e6-4eb1-9e15-cbe54bdd1864	12	77265974	77269058	5	-1.5449
5e0a0dcb-b0e6-4eb1-9e15-cbe54bdd1864	12	77276479	90089573	7738	-0.0031
5e0a0dcb-b0e6-4eb1-9e15-cbe54bdd1864	12	90097892	90098297	7	-1.7093
5e0a0dcb-b0e6-4eb1-9e15-cbe54bdd1864	12	90099780	133201603	28876	-0.0048
5e0a0dcb-b0e6-4eb1-9e15-cbe54bdd1864	13	18452809	37496998	13295	-0.0048
5e0a0dcb-b0e6-4eb1-9e15-cbe54bdd1864	13	37497899	37510620	16	0.8253
5e0a0dcb-b0e6-4eb1-9e15-cbe54bdd1864	13	37514193	114342922	49997	0.0013
5e0a0dcb-b0e6-4eb1-9e15-cbe54bdd1864	14	18239283	19952080	163	0.1906
5e0a0dcb-b0e6-4eb1-9e15-cbe54bdd1864	14	19954424	22011908	1408	0.0046
5e0a0dcb-b0e6-4eb1-9e15-cbe54bdd1864	14	22012085	22395207	327	0.148
5e0a0dcb-b0e6-4eb1-9e15-cbe54bdd1864	14	22395910	22400231	3	-1.9778
5e0a0dcb-b0e6-4eb1-9e15-cbe54bdd1864	14	22400424	41139155	11671	0.0027
5e0a0dcb-b0e6-4eb1-9e15-cbe54bdd1864	14	41141293	41188046	14	-0.7882
5e0a0dcb-b0e6-4eb1-9e15-cbe54bdd1864	14	41188146	73534419	20241	-0.0007
5e0a0dcb-b0e6-4eb1-9e15-cbe54bdd1864	14	73540003	73554275	8	-2.0043
5e0a0dcb-b0e6-4eb1-9e15-cbe54bdd1864	14	73563196	105588560	20422	-0.0042
5e0a0dcb-b0e6-4eb1-9e15-cbe54bdd1864	14	105612353	105701150	16	0.7992
5e0a0dcb-b0e6-4eb1-9e15-cbe54bdd1864	14	105728140	106258891	176	0.0056
5e0a0dcb-b0e6-4eb1-9e15-cbe54bdd1864	14	106260759	106284182	12	0.5873
5e0a0dcb-b0e6-4eb1-9e15-cbe54bdd1864	14	106290131	106416146	59	-0.0543
5e0a0dcb-b0e6-4eb1-9e15-cbe54bdd1864	14	106418444	106462183	49	-0.6482
5e0a0dcb-b0e6-4eb1-9e15-cbe54bdd1864	14	106462724	106877229	194	0.0471
5e0a0dcb-b0e6-4eb1-9e15-cbe54bdd1864	15	19811075	20263311	66	0.1461
5e0a0dcb-b0e6-4eb1-9e15-cbe54bdd1864	15	20267598	21997003	111	-0.1461
5e0a0dcb-b0e6-4eb1-9e15-cbe54bdd1864	15	21999319	22299523	29	-0.8802
5e0a0dcb-b0e6-4eb1-9e15-cbe54bdd1864	15	22385639	33998130	6918	0.0008
5e0a0dcb-b0e6-4eb1-9e15-cbe54bdd1864	15	33998885	33999323	2	-4.067
5e0a0dcb-b0e6-4eb1-9e15-cbe54bdd1864	15	33999459	57352335	14185	0.0014
5e0a0dcb-b0e6-4eb1-9e15-cbe54bdd1864	15	57352779	57486837	141	0.6337
5e0a0dcb-b0e6-4eb1-9e15-cbe54bdd1864	15	57489379	76598900	12072	-0.002
5e0a0dcb-b0e6-4eb1-9e15-cbe54bdd1864	15	76599170	76603434	21	0.9947
5e0a0dcb-b0e6-4eb1-9e15-cbe54bdd1864	15	76609838	92222525	10062	-0.0076
5e0a0dcb-b0e6-4eb1-9e15-cbe54bdd1864	15	92222644	92223064	3	2.1022
5e0a0dcb-b0e6-4eb1-9e15-cbe54bdd1864	15	92223528	101928837	7351	-0.0055
5e0a0dcb-b0e6-4eb1-9e15-cbe54bdd1864	16	10777	60809411	29767	-0.0093
5e0a0dcb-b0e6-4eb1-9e15-cbe54bdd1864	16	60810326	60810539	2	-2.3495
5e0a0dcb-b0e6-4eb1-9e15-cbe54bdd1864	16	60810804	90096867	21534	-0.0102
5e0a0dcb-b0e6-4eb1-9e15-cbe54bdd1864	17	150733	4207432	2198	-0.0194
5e0a0dcb-b0e6-4eb1-9e15-cbe54bdd1864	17	4209295	4209627	2	-2.1839
5e0a0dcb-b0e6-4eb1-9e15-cbe54bdd1864	17	4210392	27060786	10598	-0.0052
5e0a0dcb-b0e6-4eb1-9e15-cbe54bdd1864	17	27061250	27099099	27	-0.8701
5e0a0dcb-b0e6-4eb1-9e15-cbe54bdd1864	17	27105277	34125366	3829	-0.0135
5e0a0dcb-b0e6-4eb1-9e15-cbe54bdd1864	17	34125898	34126136	2	-2.762
5e0a0dcb-b0e6-4eb1-9e15-cbe54bdd1864	17	34126201	36109139	1395	-0.0048
5e0a0dcb-b0e6-4eb1-9e15-cbe54bdd1864	17	36109735	36157718	35	0.5361
5e0a0dcb-b0e6-4eb1-9e15-cbe54bdd1864	17	36200725	41265456	2507	-0.0069
5e0a0dcb-b0e6-4eb1-9e15-cbe54bdd1864	17	41266762	41274198	23	1.1836
5e0a0dcb-b0e6-4eb1-9e15-cbe54bdd1864	17	41274279	46085732	2480	-0.0003
5e0a0dcb-b0e6-4eb1-9e15-cbe54bdd1864	17	46088437	46206010	97	0.4353
5e0a0dcb-b0e6-4eb1-9e15-cbe54bdd1864	17	46208674	83091923	21381	-0.0123
5e0a0dcb-b0e6-4eb1-9e15-cbe54bdd1864	18	48133	36048764	19424	0.0005
5e0a0dcb-b0e6-4eb1-9e15-cbe54bdd1864	18	36049476	36053320	2	-2.3665
5e0a0dcb-b0e6-4eb1-9e15-cbe54bdd1864	18	36055605	40678763	3117	-0.0019
5e0a0dcb-b0e6-4eb1-9e15-cbe54bdd1864	18	40680456	40690234	23	-0.4895
5e0a0dcb-b0e6-4eb1-9e15-cbe54bdd1864	18	40690250	59503005	12664	0.0009
5e0a0dcb-b0e6-4eb1-9e15-cbe54bdd1864	18	59503774	59504564	2	-2.412
5e0a0dcb-b0e6-4eb1-9e15-cbe54bdd1864	18	59504880	68472886	6381	0.0052
5e0a0dcb-b0e6-4eb1-9e15-cbe54bdd1864	18	68473081	68479234	7	-1.715
5e0a0dcb-b0e6-4eb1-9e15-cbe54bdd1864	18	68479485	80257174	8534	-0.0009
5e0a0dcb-b0e6-4eb1-9e15-cbe54bdd1864	19	90910	55761691	27046	-0.0057
5e0a0dcb-b0e6-4eb1-9e15-cbe54bdd1864	19	55766684	55771701	6	1.2723
5e0a0dcb-b0e6-4eb1-9e15-cbe54bdd1864	19	55774927	58586487	1821	-0.0201
5e0a0dcb-b0e6-4eb1-9e15-cbe54bdd1864	20	80664	1580156	1187	-0.0124
5e0a0dcb-b0e6-4eb1-9e15-cbe54bdd1864	20	1580276	1617300	45	-0.5169
5e0a0dcb-b0e6-4eb1-9e15-cbe54bdd1864	20	1617460	64324800	40672	-0.0054
5e0a0dcb-b0e6-4eb1-9e15-cbe54bdd1864	21	10354168	46677045	23599	0.0009
5e0a0dcb-b0e6-4eb1-9e15-cbe54bdd1864	22	15294547	50796027	23083	-0.0127
5e0a0dcb-b0e6-4eb1-9e15-cbe54bdd1864	X	251810	33908677	20869	-0.0029
5e0a0dcb-b0e6-4eb1-9e15-cbe54bdd1864	X	33910988	33911075	2	-3.6307
5e0a0dcb-b0e6-4eb1-9e15-cbe54bdd1864	X	33911105	155952689	61901	0.0041
5e0a0dcb-b0e6-4eb1-9e15-cbe54bdd1864	Y	2782397	6075631	717	-2.5987
5e0a0dcb-b0e6-4eb1-9e15-cbe54bdd1864	Y	6076562	8484811	1135	-3.1196
5e0a0dcb-b0e6-4eb1-9e15-cbe54bdd1864	Y	8485666	9028389	278	-3.6097
5e0a0dcb-b0e6-4eb1-9e15-cbe54bdd1864	Y	9034672	9330531	93	-3.1195
5e0a0dcb-b0e6-4eb1-9e15-cbe54bdd1864	Y	9332936	9554275	25	-5.0744
5e0a0dcb-b0e6-4eb1-9e15-cbe54bdd1864	Y	9554586	25169825	4208	-3.0773
5e0a0dcb-b0e6-4eb1-9e15-cbe54bdd1864	Y	25472063	56872112	178	-2.7146
