GDC_Aliquot	Chromosome	Start	End	Num_Probes	Segment_Mean
962e027d-ca61-43b2-874d-ccfef48daf17	1	62920	98602	13	-0.0245
962e027d-ca61-43b2-874d-ccfef48daf17	1	259407	3301765	725	0.2266
962e027d-ca61-43b2-874d-ccfef48daf17	1	3302046	5963169	2049	0.006
962e027d-ca61-43b2-874d-ccfef48daf17	1	5964520	5996669	19	0.426
962e027d-ca61-43b2-874d-ccfef48daf17	1	5997665	9247978	1849	0.0067
962e027d-ca61-43b2-874d-ccfef48daf17	1	9255788	9344634	59	0.2465
962e027d-ca61-43b2-874d-ccfef48daf17	1	9344921	16470247	3909	0.0108
962e027d-ca61-43b2-874d-ccfef48daf17	1	16471261	16993283	151	0.2215
962e027d-ca61-43b2-874d-ccfef48daf17	1	16997950	21361361	2953	0.001
962e027d-ca61-43b2-874d-ccfef48daf17	1	21361441	21452015	46	0.339
962e027d-ca61-43b2-874d-ccfef48daf17	1	21453405	25256850	2234	0.0111
962e027d-ca61-43b2-874d-ccfef48daf17	1	25266637	25320455	24	0.7875
962e027d-ca61-43b2-874d-ccfef48daf17	1	25336819	26503236	549	0.0046
962e027d-ca61-43b2-874d-ccfef48daf17	1	26503767	26543119	17	0.3055
962e027d-ca61-43b2-874d-ccfef48daf17	1	26544846	27020298	153	-0.0284
962e027d-ca61-43b2-874d-ccfef48daf17	1	27022452	27072293	23	0.3494
962e027d-ca61-43b2-874d-ccfef48daf17	1	27074227	30670351	1987	0.0076
962e027d-ca61-43b2-874d-ccfef48daf17	1	30670681	30793010	84	0.1986
962e027d-ca61-43b2-874d-ccfef48daf17	1	30794326	34637053	2135	0.0039
962e027d-ca61-43b2-874d-ccfef48daf17	1	34637069	34638890	19	-0.5393
962e027d-ca61-43b2-874d-ccfef48daf17	1	34648667	37387369	1462	0.0077
962e027d-ca61-43b2-874d-ccfef48daf17	1	37387733	37437511	42	0.2562
962e027d-ca61-43b2-874d-ccfef48daf17	1	37455082	39648952	1193	-0.0089
962e027d-ca61-43b2-874d-ccfef48daf17	1	39650439	39688076	24	0.6213
962e027d-ca61-43b2-874d-ccfef48daf17	1	39688962	72284670	20998	0.0059
962e027d-ca61-43b2-874d-ccfef48daf17	1	72290430	72297687	9	-3.0275
962e027d-ca61-43b2-874d-ccfef48daf17	1	72302735	72303233	3	0.3064
962e027d-ca61-43b2-874d-ccfef48daf17	1	72303253	72345465	45	1.1388
962e027d-ca61-43b2-874d-ccfef48daf17	1	72346221	89009572	10922	-0.0047
962e027d-ca61-43b2-874d-ccfef48daf17	1	89012275	89012522	2	-2.6237
962e027d-ca61-43b2-874d-ccfef48daf17	1	89015841	103616762	9078	0.0012
962e027d-ca61-43b2-874d-ccfef48daf17	1	103620877	103760781	7	-0.7597
962e027d-ca61-43b2-874d-ccfef48daf17	1	103760879	105470754	916	-0.0079
962e027d-ca61-43b2-874d-ccfef48daf17	1	105476583	105479753	17	0.7392
962e027d-ca61-43b2-874d-ccfef48daf17	1	105481433	109684893	2630	0.0034
962e027d-ca61-43b2-874d-ccfef48daf17	1	109690352	109692006	10	-0.7842
962e027d-ca61-43b2-874d-ccfef48daf17	1	109696900	112147704	1948	-0.0042
962e027d-ca61-43b2-874d-ccfef48daf17	1	112153343	112154768	25	0.617
962e027d-ca61-43b2-874d-ccfef48daf17	1	112163334	121705338	5157	0.0129
962e027d-ca61-43b2-874d-ccfef48daf17	1	143459641	143734438	97	-0.6225
962e027d-ca61-43b2-874d-ccfef48daf17	1	143748012	143748793	6	0.5431
962e027d-ca61-43b2-874d-ccfef48daf17	1	143748826	146062439	204	0.0778
962e027d-ca61-43b2-874d-ccfef48daf17	1	146150530	146174153	3	1.0069
962e027d-ca61-43b2-874d-ccfef48daf17	1	146250588	152583051	2128	0.027
962e027d-ca61-43b2-874d-ccfef48daf17	1	152583230	152599241	14	0.5988
962e027d-ca61-43b2-874d-ccfef48daf17	1	152599461	152787202	187	0.0464
962e027d-ca61-43b2-874d-ccfef48daf17	1	152789447	152796224	37	-0.4075
962e027d-ca61-43b2-874d-ccfef48daf17	1	152801429	157939918	2821	0.0074
962e027d-ca61-43b2-874d-ccfef48daf17	1	157941489	158040754	69	0.5989
962e027d-ca61-43b2-874d-ccfef48daf17	1	158043258	161422030	2317	0.0041
962e027d-ca61-43b2-874d-ccfef48daf17	1	161425765	161702205	70	0.1908
962e027d-ca61-43b2-874d-ccfef48daf17	1	161703277	169247699	5986	0.001
962e027d-ca61-43b2-874d-ccfef48daf17	1	169264736	169269507	6	-4.2792
962e027d-ca61-43b2-874d-ccfef48daf17	1	169272528	175671520	4157	0.0079
962e027d-ca61-43b2-874d-ccfef48daf17	1	175673751	175813162	110	0.1645
962e027d-ca61-43b2-874d-ccfef48daf17	1	175813730	179354603	2336	0.0007
962e027d-ca61-43b2-874d-ccfef48daf17	1	179361393	179364180	4	-1.0011
962e027d-ca61-43b2-874d-ccfef48daf17	1	179370071	194479104	10095	-0.0002
962e027d-ca61-43b2-874d-ccfef48daf17	1	194482281	194485888	2	-2.0713
962e027d-ca61-43b2-874d-ccfef48daf17	1	194487886	195112079	390	-0.0346
962e027d-ca61-43b2-874d-ccfef48daf17	1	195116648	195116752	2	-1.4355
962e027d-ca61-43b2-874d-ccfef48daf17	1	195119741	196762956	1063	-0.0248
962e027d-ca61-43b2-874d-ccfef48daf17	1	196769493	196846661	57	-0.6235
962e027d-ca61-43b2-874d-ccfef48daf17	1	196847600	217499155	14121	0.0022
962e027d-ca61-43b2-874d-ccfef48daf17	1	217501347	217547385	27	0.6665
962e027d-ca61-43b2-874d-ccfef48daf17	1	217547993	217976124	266	-0.0002
962e027d-ca61-43b2-874d-ccfef48daf17	1	217976141	217976156	2	-0.9417
962e027d-ca61-43b2-874d-ccfef48daf17	1	217979009	220804800	1927	0.0017
962e027d-ca61-43b2-874d-ccfef48daf17	1	220805905	220806087	2	-0.9884
962e027d-ca61-43b2-874d-ccfef48daf17	1	220806595	222847162	1351	-0.0042
962e027d-ca61-43b2-874d-ccfef48daf17	1	222849581	222850427	3	-1.0174
962e027d-ca61-43b2-874d-ccfef48daf17	1	222853375	228355602	3304	0.0106
962e027d-ca61-43b2-874d-ccfef48daf17	1	228356535	228656037	81	0.1822
962e027d-ca61-43b2-874d-ccfef48daf17	1	228657499	231776978	2217	0.0033
962e027d-ca61-43b2-874d-ccfef48daf17	1	231777147	231812900	26	0.4074
962e027d-ca61-43b2-874d-ccfef48daf17	1	231816487	241923717	7929	0.0043
962e027d-ca61-43b2-874d-ccfef48daf17	1	241923874	241990131	31	0.281
962e027d-ca61-43b2-874d-ccfef48daf17	1	241995035	242586437	449	-0.0015
962e027d-ca61-43b2-874d-ccfef48daf17	1	242587496	242588627	2	-1.3502
962e027d-ca61-43b2-874d-ccfef48daf17	1	242593987	246657770	2694	0.0114
962e027d-ca61-43b2-874d-ccfef48daf17	1	246658141	246687054	22	0.3187
962e027d-ca61-43b2-874d-ccfef48daf17	1	246689840	246690388	4	0.8796
962e027d-ca61-43b2-874d-ccfef48daf17	1	246693573	246722279	13	0.3838
962e027d-ca61-43b2-874d-ccfef48daf17	1	246722899	248574146	1117	-0.0095
962e027d-ca61-43b2-874d-ccfef48daf17	1	248585893	248633821	31	-0.8185
962e027d-ca61-43b2-874d-ccfef48daf17	1	248633912	248930189	142	0.0506
962e027d-ca61-43b2-874d-ccfef48daf17	2	12784	192773	107	0.0501
962e027d-ca61-43b2-874d-ccfef48daf17	2	193991	216376	16	0.6402
962e027d-ca61-43b2-874d-ccfef48daf17	2	219558	1361022	763	0.0429
962e027d-ca61-43b2-874d-ccfef48daf17	2	1363263	1876748	326	0.1277
962e027d-ca61-43b2-874d-ccfef48daf17	2	1880129	2187790	204	-0.007
962e027d-ca61-43b2-874d-ccfef48daf17	2	2188544	2188898	2	-1.2519
962e027d-ca61-43b2-874d-ccfef48daf17	2	2191299	7989207	4878	0.0173
962e027d-ca61-43b2-874d-ccfef48daf17	2	7990754	7996487	8	-1.0723
962e027d-ca61-43b2-874d-ccfef48daf17	2	7999793	14563570	4727	-0.0053
962e027d-ca61-43b2-874d-ccfef48daf17	2	14564825	14569897	11	-0.9036
962e027d-ca61-43b2-874d-ccfef48daf17	2	14569968	30204444	10216	0.0099
962e027d-ca61-43b2-874d-ccfef48daf17	2	30209249	30216908	5	0.7826
962e027d-ca61-43b2-874d-ccfef48daf17	2	30222160	34466002	2797	0.0083
962e027d-ca61-43b2-874d-ccfef48daf17	2	34474248	34511990	46	0.4654
962e027d-ca61-43b2-874d-ccfef48daf17	2	34512096	34783418	193	-0.0393
962e027d-ca61-43b2-874d-ccfef48daf17	2	34783502	34783786	3	-1.1862
962e027d-ca61-43b2-874d-ccfef48daf17	2	34783798	35750907	673	-0.0492
962e027d-ca61-43b2-874d-ccfef48daf17	2	35752724	35762881	7	-1.6536
962e027d-ca61-43b2-874d-ccfef48daf17	2	35772407	128879447	54911	0.0067
962e027d-ca61-43b2-874d-ccfef48daf17	2	128880353	128882755	18	-0.6558
962e027d-ca61-43b2-874d-ccfef48daf17	2	128888874	130031201	870	0.0105
962e027d-ca61-43b2-874d-ccfef48daf17	2	130036283	130065662	9	-0.537
962e027d-ca61-43b2-874d-ccfef48daf17	2	130067885	134154672	2095	0.0224
962e027d-ca61-43b2-874d-ccfef48daf17	2	134154691	134154900	2	-1.4447
962e027d-ca61-43b2-874d-ccfef48daf17	2	134155369	146104517	7425	0.0033
962e027d-ca61-43b2-874d-ccfef48daf17	2	146106836	146109366	24	-1.7299
962e027d-ca61-43b2-874d-ccfef48daf17	2	146120238	152930971	4193	-0.0019
962e027d-ca61-43b2-874d-ccfef48daf17	2	152939554	152940270	3	-1.1341
962e027d-ca61-43b2-874d-ccfef48daf17	2	152944055	159102108	3581	0.0051
962e027d-ca61-43b2-874d-ccfef48daf17	2	159103831	159104461	2	-2.6101
962e027d-ca61-43b2-874d-ccfef48daf17	2	159106775	163780342	2795	0.0084
962e027d-ca61-43b2-874d-ccfef48daf17	2	163786978	163788616	5	-0.8714
962e027d-ca61-43b2-874d-ccfef48daf17	2	163790132	181646854	11318	0.0074
962e027d-ca61-43b2-874d-ccfef48daf17	2	181647129	181651068	4	-0.9291
962e027d-ca61-43b2-874d-ccfef48daf17	2	181651093	201865097	11534	-0.0005
962e027d-ca61-43b2-874d-ccfef48daf17	2	201869596	201874859	5	-0.846
962e027d-ca61-43b2-874d-ccfef48daf17	2	201875201	212316597	6528	0.0062
962e027d-ca61-43b2-874d-ccfef48daf17	2	212321824	212327101	25	-0.7853
962e027d-ca61-43b2-874d-ccfef48daf17	2	212327402	232347334	12770	0.0065
962e027d-ca61-43b2-874d-ccfef48daf17	2	232347427	232447215	79	0.2407
962e027d-ca61-43b2-874d-ccfef48daf17	2	232453368	233712312	753	0.0164
962e027d-ca61-43b2-874d-ccfef48daf17	2	233712440	233749337	31	0.3219
962e027d-ca61-43b2-874d-ccfef48daf17	2	233753288	241537572	5173	0.014
962e027d-ca61-43b2-874d-ccfef48daf17	2	241537962	241573649	21	0.3987
962e027d-ca61-43b2-874d-ccfef48daf17	2	241575466	242147305	168	0.0879
962e027d-ca61-43b2-874d-ccfef48daf17	3	20930	6604856	5808	0.0021
962e027d-ca61-43b2-874d-ccfef48daf17	3	6609441	6613684	26	-0.4757
962e027d-ca61-43b2-874d-ccfef48daf17	3	6613728	10145397	2756	0.0028
962e027d-ca61-43b2-874d-ccfef48daf17	3	10149361	10266508	103	0.2038
962e027d-ca61-43b2-874d-ccfef48daf17	3	10266642	11903222	1200	0.0034
962e027d-ca61-43b2-874d-ccfef48daf17	3	11904456	11909411	2	-1.3988
962e027d-ca61-43b2-874d-ccfef48daf17	3	11909447	12232724	222	-0.0055
962e027d-ca61-43b2-874d-ccfef48daf17	3	12235824	13727401	1133	0.048
962e027d-ca61-43b2-874d-ccfef48daf17	3	13729730	26559609	8723	-0.0036
962e027d-ca61-43b2-874d-ccfef48daf17	3	26560269	26570407	10	-1.0754
962e027d-ca61-43b2-874d-ccfef48daf17	3	26570470	45501733	12302	0.0016
962e027d-ca61-43b2-874d-ccfef48daf17	3	45504132	45508002	5	-0.9217
962e027d-ca61-43b2-874d-ccfef48daf17	3	45513873	46760327	849	0.0133
962e027d-ca61-43b2-874d-ccfef48daf17	3	46760374	46808099	39	-0.734
962e027d-ca61-43b2-874d-ccfef48daf17	3	46817989	68697013	14545	0.0048
962e027d-ca61-43b2-874d-ccfef48daf17	3	68697108	68698262	14	-1.1306
962e027d-ca61-43b2-874d-ccfef48daf17	3	68699607	75519398	4924	0.0035
962e027d-ca61-43b2-874d-ccfef48daf17	3	75523398	75537654	6	1.051
962e027d-ca61-43b2-874d-ccfef48daf17	3	75546030	95737262	9120	-0.0057
962e027d-ca61-43b2-874d-ccfef48daf17	3	95748036	95749266	2	-2.7535
962e027d-ca61-43b2-874d-ccfef48daf17	3	95749836	128553238	19875	0.004
962e027d-ca61-43b2-874d-ccfef48daf17	3	128553638	128680378	65	0.2897
962e027d-ca61-43b2-874d-ccfef48daf17	3	128686328	128702323	9	0.6547
962e027d-ca61-43b2-874d-ccfef48daf17	3	128702456	133306001	2774	0.0147
962e027d-ca61-43b2-874d-ccfef48daf17	3	133306023	133306053	3	-1.0581
962e027d-ca61-43b2-874d-ccfef48daf17	3	133306168	150797936	10704	0.0012
962e027d-ca61-43b2-874d-ccfef48daf17	3	150798197	150836452	26	0.5093
962e027d-ca61-43b2-874d-ccfef48daf17	3	150836991	151792254	711	0.013
962e027d-ca61-43b2-874d-ccfef48daf17	3	151793297	151825513	28	-1.0535
962e027d-ca61-43b2-874d-ccfef48daf17	3	151828091	162790480	6648	-0.0043
962e027d-ca61-43b2-874d-ccfef48daf17	3	162794869	162908207	70	-1.792
962e027d-ca61-43b2-874d-ccfef48daf17	3	162908784	162908815	2	1.0003
962e027d-ca61-43b2-874d-ccfef48daf17	3	162910826	175362822	7641	-0.0092
962e027d-ca61-43b2-874d-ccfef48daf17	3	175362958	175363536	5	-1.1441
962e027d-ca61-43b2-874d-ccfef48daf17	3	175368999	180758495	3342	-0.0071
962e027d-ca61-43b2-874d-ccfef48daf17	3	180759507	180759715	2	-1.9478
962e027d-ca61-43b2-874d-ccfef48daf17	3	180761369	183577506	1549	0.01
962e027d-ca61-43b2-874d-ccfef48daf17	3	183578755	184460486	425	0.1206
962e027d-ca61-43b2-874d-ccfef48daf17	3	184461455	193160256	6179	0.0028
962e027d-ca61-43b2-874d-ccfef48daf17	3	193160406	193165114	17	-0.5409
962e027d-ca61-43b2-874d-ccfef48daf17	3	193168646	195445144	1452	-0.0016
962e027d-ca61-43b2-874d-ccfef48daf17	3	195445720	196012418	164	0.204
962e027d-ca61-43b2-874d-ccfef48daf17	3	196012539	196640529	319	-0.0091
962e027d-ca61-43b2-874d-ccfef48daf17	3	196641630	196784158	66	0.1359
962e027d-ca61-43b2-874d-ccfef48daf17	3	196788297	196826996	18	0.6156
962e027d-ca61-43b2-874d-ccfef48daf17	3	196839185	197047485	107	0.192
962e027d-ca61-43b2-874d-ccfef48daf17	3	197048504	198125948	561	0.0611
962e027d-ca61-43b2-874d-ccfef48daf17	3	198142659	198169247	5	0.4505
962e027d-ca61-43b2-874d-ccfef48daf17	4	68929	480109	177	0.0599
962e027d-ca61-43b2-874d-ccfef48daf17	4	481679	1060371	181	0.1998
962e027d-ca61-43b2-874d-ccfef48daf17	4	1060521	1301173	129	0.0041
962e027d-ca61-43b2-874d-ccfef48daf17	4	1303781	1371835	32	0.3304
962e027d-ca61-43b2-874d-ccfef48daf17	4	1379763	9455251	4634	0.0118
962e027d-ca61-43b2-874d-ccfef48daf17	4	9459504	9463248	3	1.5656
962e027d-ca61-43b2-874d-ccfef48daf17	4	9469529	10222224	543	0.0095
962e027d-ca61-43b2-874d-ccfef48daf17	4	10227159	10232642	27	-0.7223
962e027d-ca61-43b2-874d-ccfef48daf17	4	10232984	34777238	16957	-0.0008
962e027d-ca61-43b2-874d-ccfef48daf17	4	34777340	34823103	44	0.3612
962e027d-ca61-43b2-874d-ccfef48daf17	4	34828250	49214614	8961	0.0031
962e027d-ca61-43b2-874d-ccfef48daf17	4	49289175	49289338	2	-1.4656
962e027d-ca61-43b2-874d-ccfef48daf17	4	49295203	63828222	7569	-0.0027
962e027d-ca61-43b2-874d-ccfef48daf17	4	63831751	63842540	28	-0.4272
962e027d-ca61-43b2-874d-ccfef48daf17	4	63850713	68509630	2875	0.0019
962e027d-ca61-43b2-874d-ccfef48daf17	4	68524574	68623617	61	0.556
962e027d-ca61-43b2-874d-ccfef48daf17	4	68639397	69072107	207	-0.0251
962e027d-ca61-43b2-874d-ccfef48daf17	4	69074404	69074528	3	-1.6415
962e027d-ca61-43b2-874d-ccfef48daf17	4	69075436	69261926	104	-0.1164
962e027d-ca61-43b2-874d-ccfef48daf17	4	69261934	69366406	55	-0.6385
962e027d-ca61-43b2-874d-ccfef48daf17	4	69370433	137171085	40522	-0.0011
962e027d-ca61-43b2-874d-ccfef48daf17	4	137171266	137173967	16	-0.8678
962e027d-ca61-43b2-874d-ccfef48daf17	4	137187209	156035480	11601	0.003
962e027d-ca61-43b2-874d-ccfef48daf17	4	156046823	156052053	16	-0.7776
962e027d-ca61-43b2-874d-ccfef48daf17	4	156053545	160265169	2555	0.0066
962e027d-ca61-43b2-874d-ccfef48daf17	4	160266186	160278076	4	-0.9758
962e027d-ca61-43b2-874d-ccfef48daf17	4	160284328	172501371	7826	-0.0023
962e027d-ca61-43b2-874d-ccfef48daf17	4	172503796	172507492	7	0.8629
962e027d-ca61-43b2-874d-ccfef48daf17	4	172519981	182553265	6811	-0.0072
962e027d-ca61-43b2-874d-ccfef48daf17	4	182554031	185378502	1858	0.0569
962e027d-ca61-43b2-874d-ccfef48daf17	4	185378604	187975494	1811	0.0089
962e027d-ca61-43b2-874d-ccfef48daf17	4	187977783	188418187	313	0.1074
962e027d-ca61-43b2-874d-ccfef48daf17	4	188418416	190030808	1028	0.0051
962e027d-ca61-43b2-874d-ccfef48daf17	4	190036331	190106768	7	-0.667
962e027d-ca61-43b2-874d-ccfef48daf17	5	15532	27082	6	-0.6268
962e027d-ca61-43b2-874d-ccfef48daf17	5	29341	81322	23	0.0513
962e027d-ca61-43b2-874d-ccfef48daf17	5	81382	733497	293	0.193
962e027d-ca61-43b2-874d-ccfef48daf17	5	741924	852451	32	0.6806
962e027d-ca61-43b2-874d-ccfef48daf17	5	863682	1935972	599	0.156
962e027d-ca61-43b2-874d-ccfef48daf17	5	1936002	9337430	6546	0.0047
962e027d-ca61-43b2-874d-ccfef48daf17	5	9339469	9362692	33	0.2768
962e027d-ca61-43b2-874d-ccfef48daf17	5	9362759	12800777	2646	0.0073
962e027d-ca61-43b2-874d-ccfef48daf17	5	12815668	12826538	11	-1.3094
962e027d-ca61-43b2-874d-ccfef48daf17	5	12833745	12998813	57	-0.0496
962e027d-ca61-43b2-874d-ccfef48daf17	5	13005102	13014395	3	-1.3734
962e027d-ca61-43b2-874d-ccfef48daf17	5	13014933	15718383	1909	-0.0011
962e027d-ca61-43b2-874d-ccfef48daf17	5	15719113	15720488	11	-0.9359
962e027d-ca61-43b2-874d-ccfef48daf17	5	15723237	21376735	3476	-0.0084
962e027d-ca61-43b2-874d-ccfef48daf17	5	21377730	21377744	2	1.4971
962e027d-ca61-43b2-874d-ccfef48daf17	5	21385957	46271006	14981	0.0026
962e027d-ca61-43b2-874d-ccfef48daf17	5	46271828	46273400	6	-2.5613
962e027d-ca61-43b2-874d-ccfef48daf17	5	46278110	172010029	76394	0.0026
962e027d-ca61-43b2-874d-ccfef48daf17	5	172014069	172194210	140	0.2079
962e027d-ca61-43b2-874d-ccfef48daf17	5	172196700	174709118	1922	0.0097
962e027d-ca61-43b2-874d-ccfef48daf17	5	174709426	174758907	23	0.4007
962e027d-ca61-43b2-874d-ccfef48daf17	5	174761029	176623510	1122	-0.0099
962e027d-ca61-43b2-874d-ccfef48daf17	5	176623714	176831400	122	0.207
962e027d-ca61-43b2-874d-ccfef48daf17	5	176838981	177805604	365	0.0137
962e027d-ca61-43b2-874d-ccfef48daf17	5	177827964	177833329	3	-0.9202
962e027d-ca61-43b2-874d-ccfef48daf17	5	177838979	179625587	1036	0.0206
962e027d-ca61-43b2-874d-ccfef48daf17	5	179627500	179678327	39	0.2893
962e027d-ca61-43b2-874d-ccfef48daf17	5	179681196	180766199	613	0.0269
962e027d-ca61-43b2-874d-ccfef48daf17	5	180766779	180768522	4	0.8209
962e027d-ca61-43b2-874d-ccfef48daf17	5	180769816	180947523	100	0.0208
962e027d-ca61-43b2-874d-ccfef48daf17	5	180951710	180990911	18	-2.2469
962e027d-ca61-43b2-874d-ccfef48daf17	5	180991103	181363319	171	0.1402
962e027d-ca61-43b2-874d-ccfef48daf17	6	149661	302306	125	0.1166
962e027d-ca61-43b2-874d-ccfef48daf17	6	303017	373453	70	-0.28
962e027d-ca61-43b2-874d-ccfef48daf17	6	375277	802938	361	0.0801
962e027d-ca61-43b2-874d-ccfef48daf17	6	806694	841076	29	0.3963
962e027d-ca61-43b2-874d-ccfef48daf17	6	842700	1046380	214	0.0335
962e027d-ca61-43b2-874d-ccfef48daf17	6	1048782	1050925	5	-1.4838
962e027d-ca61-43b2-874d-ccfef48daf17	6	1053753	29869411	20827	0.0087
962e027d-ca61-43b2-874d-ccfef48daf17	6	29869537	29906865	20	-1.072
962e027d-ca61-43b2-874d-ccfef48daf17	6	29906932	29997171	53	0.211
962e027d-ca61-43b2-874d-ccfef48daf17	6	29997724	31189816	514	0.0269
962e027d-ca61-43b2-874d-ccfef48daf17	6	31193433	32486746	597	0.1323
962e027d-ca61-43b2-874d-ccfef48daf17	6	32488906	32682835	61	-0.5561
962e027d-ca61-43b2-874d-ccfef48daf17	6	32686863	32718419	35	0.0397
962e027d-ca61-43b2-874d-ccfef48daf17	6	32720838	32721076	3	-1.4404
962e027d-ca61-43b2-874d-ccfef48daf17	6	32721547	56426017	15157	0.0058
962e027d-ca61-43b2-874d-ccfef48daf17	6	56426075	56426150	3	-1.579
962e027d-ca61-43b2-874d-ccfef48daf17	6	56427519	72629714	8057	-0.0052
962e027d-ca61-43b2-874d-ccfef48daf17	6	72635792	72639382	2	-2.3682
962e027d-ca61-43b2-874d-ccfef48daf17	6	72640066	76726442	2569	-0.0031
962e027d-ca61-43b2-874d-ccfef48daf17	6	76726815	76758906	27	0.3712
962e027d-ca61-43b2-874d-ccfef48daf17	6	76758921	78253172	971	-0.0237
962e027d-ca61-43b2-874d-ccfef48daf17	6	78259348	78325468	111	-2.3739
962e027d-ca61-43b2-874d-ccfef48daf17	6	78329517	94481005	10363	-0.0003
962e027d-ca61-43b2-874d-ccfef48daf17	6	94483388	94484007	2	-1.2506
962e027d-ca61-43b2-874d-ccfef48daf17	6	94486928	102616740	4682	-0.0015
962e027d-ca61-43b2-874d-ccfef48daf17	6	102616866	102617882	2	-1.2431
962e027d-ca61-43b2-874d-ccfef48daf17	6	102618841	103286954	408	-0.0102
962e027d-ca61-43b2-874d-ccfef48daf17	6	103290101	103314186	46	-1.395
962e027d-ca61-43b2-874d-ccfef48daf17	6	103317795	115047731	7298	0.0038
962e027d-ca61-43b2-874d-ccfef48daf17	6	115057911	115057996	2	-1.3218
962e027d-ca61-43b2-874d-ccfef48daf17	6	115078827	133945130	11743	0.0065
962e027d-ca61-43b2-874d-ccfef48daf17	6	133947933	133948494	2	-1.8877
962e027d-ca61-43b2-874d-ccfef48daf17	6	133950934	156168023	14963	0.0019
962e027d-ca61-43b2-874d-ccfef48daf17	6	156171540	156208328	37	0.4189
962e027d-ca61-43b2-874d-ccfef48daf17	6	156208628	167156031	7929	0.004
962e027d-ca61-43b2-874d-ccfef48daf17	6	167156069	168011003	321	0.0813
962e027d-ca61-43b2-874d-ccfef48daf17	6	168011070	168012777	5	0.7587
962e027d-ca61-43b2-874d-ccfef48daf17	6	168014193	169085544	817	0.0924
962e027d-ca61-43b2-874d-ccfef48daf17	6	169085951	169768395	559	-0.0128
962e027d-ca61-43b2-874d-ccfef48daf17	6	169769963	170238536	179	0.1972
962e027d-ca61-43b2-874d-ccfef48daf17	6	170238867	170741917	238	-0.0222
962e027d-ca61-43b2-874d-ccfef48daf17	7	43355	902112	223	0.0876
962e027d-ca61-43b2-874d-ccfef48daf17	7	927563	1102680	67	0.3544
962e027d-ca61-43b2-874d-ccfef48daf17	7	1102875	1168592	58	0.1624
962e027d-ca61-43b2-874d-ccfef48daf17	7	1168629	2230312	378	0.0037
962e027d-ca61-43b2-874d-ccfef48daf17	7	2233301	2412989	70	0.2438
962e027d-ca61-43b2-874d-ccfef48daf17	7	2413092	5729731	2179	0.026
962e027d-ca61-43b2-874d-ccfef48daf17	7	5731910	5900408	84	0.2237
962e027d-ca61-43b2-874d-ccfef48daf17	7	5909197	7387284	813	0.031
962e027d-ca61-43b2-874d-ccfef48daf17	7	7387813	41961436	25994	0.0013
962e027d-ca61-43b2-874d-ccfef48daf17	7	41961573	43580695	1144	0.0316
962e027d-ca61-43b2-874d-ccfef48daf17	7	43588569	43591769	4	-1.1625
962e027d-ca61-43b2-874d-ccfef48daf17	7	43596587	54318812	7428	-0.0003
962e027d-ca61-43b2-874d-ccfef48daf17	7	54318816	54318824	5	-2.4914
962e027d-ca61-43b2-874d-ccfef48daf17	7	54325795	56908389	1614	0.0049
962e027d-ca61-43b2-874d-ccfef48daf17	7	56997653	57016425	4	1.3214
962e027d-ca61-43b2-874d-ccfef48daf17	7	57048761	57088013	7	-0.2334
962e027d-ca61-43b2-874d-ccfef48daf17	7	57088031	63500432	714	0.057
962e027d-ca61-43b2-874d-ccfef48daf17	7	63510457	63579159	5	-0.6024
962e027d-ca61-43b2-874d-ccfef48daf17	7	63582683	65108474	673	0.0082
962e027d-ca61-43b2-874d-ccfef48daf17	7	65133963	65202860	8	-0.4543
962e027d-ca61-43b2-874d-ccfef48daf17	7	65209094	65233784	12	0.0318
962e027d-ca61-43b2-874d-ccfef48daf17	7	65233863	65272007	23	0.5301
962e027d-ca61-43b2-874d-ccfef48daf17	7	65272436	65328148	36	0.1492
962e027d-ca61-43b2-874d-ccfef48daf17	7	65328209	65380634	29	0.4574
962e027d-ca61-43b2-874d-ccfef48daf17	7	65383207	72104650	3777	0.0157
962e027d-ca61-43b2-874d-ccfef48daf17	7	72109143	72122279	13	0.673
962e027d-ca61-43b2-874d-ccfef48daf17	7	72128476	97756621	14886	0.0037
962e027d-ca61-43b2-874d-ccfef48daf17	7	97756658	97772620	10	-0.7612
962e027d-ca61-43b2-874d-ccfef48daf17	7	97772647	97773163	7	-2.6067
962e027d-ca61-43b2-874d-ccfef48daf17	7	97774928	98793156	495	0.0178
962e027d-ca61-43b2-874d-ccfef48daf17	7	98793727	99034810	131	0.1559
962e027d-ca61-43b2-874d-ccfef48daf17	7	99035807	101318147	884	0.0081
962e027d-ca61-43b2-874d-ccfef48daf17	7	101318921	101473876	69	0.2534
962e027d-ca61-43b2-874d-ccfef48daf17	7	101475536	126404920	15071	0.0034
962e027d-ca61-43b2-874d-ccfef48daf17	7	126405428	126406561	12	-1.1591
962e027d-ca61-43b2-874d-ccfef48daf17	7	126406822	126620696	144	-0.0333
962e027d-ca61-43b2-874d-ccfef48daf17	7	126621795	126636978	7	-1.2247
962e027d-ca61-43b2-874d-ccfef48daf17	7	126638307	132087280	3186	0.0083
962e027d-ca61-43b2-874d-ccfef48daf17	7	132093689	132095496	6	-0.9116
962e027d-ca61-43b2-874d-ccfef48daf17	7	132100075	132194422	77	0.1368
962e027d-ca61-43b2-874d-ccfef48daf17	7	132195099	133994391	1201	0.0081
962e027d-ca61-43b2-874d-ccfef48daf17	7	133994461	134100424	74	0.0939
962e027d-ca61-43b2-874d-ccfef48daf17	7	134100442	134105690	24	0.672
962e027d-ca61-43b2-874d-ccfef48daf17	7	134110881	142063324	5200	0.0029
962e027d-ca61-43b2-874d-ccfef48daf17	7	142069843	142070732	7	-0.438
962e027d-ca61-43b2-874d-ccfef48daf17	7	142070827	142081994	6	-0.9633
962e027d-ca61-43b2-874d-ccfef48daf17	7	142082310	142092307	21	-0.4124
962e027d-ca61-43b2-874d-ccfef48daf17	7	142099190	151806724	5811	0.0102
962e027d-ca61-43b2-874d-ccfef48daf17	7	151809069	151813485	6	-1.0708
962e027d-ca61-43b2-874d-ccfef48daf17	7	151813637	158324903	4393	0.0195
962e027d-ca61-43b2-874d-ccfef48daf17	7	158335896	158339473	2	2.4327
962e027d-ca61-43b2-874d-ccfef48daf17	7	158344294	159334314	633	0.0724
962e027d-ca61-43b2-874d-ccfef48daf17	8	81254	3302699	2505	0.0424
962e027d-ca61-43b2-874d-ccfef48daf17	8	3303176	3303375	5	-0.8172
962e027d-ca61-43b2-874d-ccfef48daf17	8	3303514	3926665	841	-0.004
962e027d-ca61-43b2-874d-ccfef48daf17	8	3929538	3932584	24	-0.8435
962e027d-ca61-43b2-874d-ccfef48daf17	8	3933696	4145783	333	-0.0183
962e027d-ca61-43b2-874d-ccfef48daf17	8	4145941	4145956	2	-2.5705
962e027d-ca61-43b2-874d-ccfef48daf17	8	4146039	6026867	2678	0.0031
962e027d-ca61-43b2-874d-ccfef48daf17	8	6029738	7167045	1327	0.062
962e027d-ca61-43b2-874d-ccfef48daf17	8	7172468	7397588	31	-0.4589
962e027d-ca61-43b2-874d-ccfef48daf17	8	7414835	7534105	13	0.0495
962e027d-ca61-43b2-874d-ccfef48daf17	8	7537162	7890177	11	0.624
962e027d-ca61-43b2-874d-ccfef48daf17	8	7919608	8102048	12	0.0357
962e027d-ca61-43b2-874d-ccfef48daf17	8	8104937	8110806	2	1.2526
962e027d-ca61-43b2-874d-ccfef48daf17	8	8120447	8392468	155	0.1226
962e027d-ca61-43b2-874d-ccfef48daf17	8	8397007	9072979	650	0.005
962e027d-ca61-43b2-874d-ccfef48daf17	8	9073230	9243947	171	0.0869
962e027d-ca61-43b2-874d-ccfef48daf17	8	9244281	9304538	58	0.2596
962e027d-ca61-43b2-874d-ccfef48daf17	8	9306024	11801118	2028	0.0242
962e027d-ca61-43b2-874d-ccfef48daf17	8	11809987	12177488	166	0.1627
962e027d-ca61-43b2-874d-ccfef48daf17	8	12323772	12376891	11	0.5216
962e027d-ca61-43b2-874d-ccfef48daf17	8	12382326	14652523	1982	0.007
962e027d-ca61-43b2-874d-ccfef48daf17	8	14652552	14652565	2	-1.4781
962e027d-ca61-43b2-874d-ccfef48daf17	8	14652887	15424900	686	-0.0163
962e027d-ca61-43b2-874d-ccfef48daf17	8	15425239	15428239	2	-1.1347
962e027d-ca61-43b2-874d-ccfef48daf17	8	15430857	15543669	85	-0.0403
962e027d-ca61-43b2-874d-ccfef48daf17	8	15545551	15555938	9	-1.1572
962e027d-ca61-43b2-874d-ccfef48daf17	8	15565761	28140728	10018	0.006
962e027d-ca61-43b2-874d-ccfef48daf17	8	28140858	28141382	2	-1.5538
962e027d-ca61-43b2-874d-ccfef48daf17	8	28146458	39372806	6662	0.0025
962e027d-ca61-43b2-874d-ccfef48daf17	8	39373140	39529446	60	0.8363
962e027d-ca61-43b2-874d-ccfef48daf17	8	39530780	71300130	17877	0.0038
962e027d-ca61-43b2-874d-ccfef48daf17	8	71303076	71304364	8	-0.6365
962e027d-ca61-43b2-874d-ccfef48daf17	8	71307628	94545324	13805	-0.0018
962e027d-ca61-43b2-874d-ccfef48daf17	8	94545374	94545764	6	0.7524
962e027d-ca61-43b2-874d-ccfef48daf17	8	94545887	111279265	10252	0.0051
962e027d-ca61-43b2-874d-ccfef48daf17	8	111282050	111283031	10	2.4518
962e027d-ca61-43b2-874d-ccfef48daf17	8	111288052	114619814	1816	-0.0099
962e027d-ca61-43b2-874d-ccfef48daf17	8	114622258	114629502	35	-0.7409
962e027d-ca61-43b2-874d-ccfef48daf17	8	114638468	139599511	18389	0.0045
962e027d-ca61-43b2-874d-ccfef48daf17	8	139600954	139601714	2	-1.6911
962e027d-ca61-43b2-874d-ccfef48daf17	8	139602209	140916798	788	0.0039
962e027d-ca61-43b2-874d-ccfef48daf17	8	140923630	142410112	904	0.1656
962e027d-ca61-43b2-874d-ccfef48daf17	8	142410372	143610163	431	0.0154
962e027d-ca61-43b2-874d-ccfef48daf17	8	143611680	143636819	15	0.4016
962e027d-ca61-43b2-874d-ccfef48daf17	8	143642893	144170750	144	0.0635
962e027d-ca61-43b2-874d-ccfef48daf17	8	144177490	144470123	100	0.342
962e027d-ca61-43b2-874d-ccfef48daf17	8	144470138	145072769	259	0.1716
962e027d-ca61-43b2-874d-ccfef48daf17	9	46587	41644133	31234	-0.0014
962e027d-ca61-43b2-874d-ccfef48daf17	9	41644288	42726239	62	0.5322
962e027d-ca61-43b2-874d-ccfef48daf17	9	42727685	61405110	42	0.0147
962e027d-ca61-43b2-874d-ccfef48daf17	9	61520021	61647899	30	-1.1915
962e027d-ca61-43b2-874d-ccfef48daf17	9	61665362	64493528	95	0.2941
962e027d-ca61-43b2-874d-ccfef48daf17	9	64495298	113105244	31989	0.002
962e027d-ca61-43b2-874d-ccfef48daf17	9	113119320	113129615	15	0.9953
962e027d-ca61-43b2-874d-ccfef48daf17	9	113131264	113137037	9	0.321
962e027d-ca61-43b2-874d-ccfef48daf17	9	113140484	126849813	9823	0.0034
962e027d-ca61-43b2-874d-ccfef48daf17	9	126851417	126907071	31	0.416
962e027d-ca61-43b2-874d-ccfef48daf17	9	126907277	134246154	4295	0.0119
962e027d-ca61-43b2-874d-ccfef48daf17	9	134246520	134333257	37	0.2579
962e027d-ca61-43b2-874d-ccfef48daf17	9	134336524	135247961	574	-0.0016
962e027d-ca61-43b2-874d-ccfef48daf17	9	135248141	135472087	150	0.17
962e027d-ca61-43b2-874d-ccfef48daf17	9	135472543	136159631	296	-0.0049
962e027d-ca61-43b2-874d-ccfef48daf17	9	136160026	136362835	32	0.3476
962e027d-ca61-43b2-874d-ccfef48daf17	9	136374683	137334669	257	0.0461
962e027d-ca61-43b2-874d-ccfef48daf17	9	137334684	137388889	19	0.5229
962e027d-ca61-43b2-874d-ccfef48daf17	9	137396337	137563956	55	0.1216
962e027d-ca61-43b2-874d-ccfef48daf17	9	137572364	137857410	140	-0.003
962e027d-ca61-43b2-874d-ccfef48daf17	9	137860503	137913947	22	0.2733
962e027d-ca61-43b2-874d-ccfef48daf17	9	137916490	138042440	64	-0.0152
962e027d-ca61-43b2-874d-ccfef48daf17	9	138043623	138177075	114	0.1597
962e027d-ca61-43b2-874d-ccfef48daf17	9	138177488	138200944	6	0.8383
962e027d-ca61-43b2-874d-ccfef48daf17	10	45792	453185	230	0.0027
962e027d-ca61-43b2-874d-ccfef48daf17	10	453248	526979	63	0.2769
962e027d-ca61-43b2-874d-ccfef48daf17	10	536000	2918909	2037	0.0155
962e027d-ca61-43b2-874d-ccfef48daf17	10	2920810	3095353	190	0.151
962e027d-ca61-43b2-874d-ccfef48daf17	10	3095817	17885034	12314	0.0045
962e027d-ca61-43b2-874d-ccfef48daf17	10	17896194	17907840	2	-1.8567
962e027d-ca61-43b2-874d-ccfef48daf17	10	17910884	24088745	4336	0.0015
962e027d-ca61-43b2-874d-ccfef48daf17	10	24088746	24089125	10	-1.8998
962e027d-ca61-43b2-874d-ccfef48daf17	10	24089979	25851193	1234	-0.0058
962e027d-ca61-43b2-874d-ccfef48daf17	10	25851484	25887122	35	0.3134
962e027d-ca61-43b2-874d-ccfef48daf17	10	25887404	30957581	3736	0.0101
962e027d-ca61-43b2-874d-ccfef48daf17	10	30962405	30962809	10	0.5292
962e027d-ca61-43b2-874d-ccfef48daf17	10	30962850	34788887	2580	-0.007
962e027d-ca61-43b2-874d-ccfef48daf17	10	34789359	35383090	291	0.1258
962e027d-ca61-43b2-874d-ccfef48daf17	10	35394090	46522571	4560	0.0081
962e027d-ca61-43b2-874d-ccfef48daf17	10	46525652	46898735	55	-0.349
962e027d-ca61-43b2-874d-ccfef48daf17	10	46901552	47559596	288	0.0382
962e027d-ca61-43b2-874d-ccfef48daf17	10	47622159	48154966	19	-0.5795
962e027d-ca61-43b2-874d-ccfef48daf17	10	48173568	56753095	6216	-0.0062
962e027d-ca61-43b2-874d-ccfef48daf17	10	56756615	56767077	41	-0.7992
962e027d-ca61-43b2-874d-ccfef48daf17	10	56772992	57120938	278	0.0176
962e027d-ca61-43b2-874d-ccfef48daf17	10	57122072	57176732	45	-0.2833
962e027d-ca61-43b2-874d-ccfef48daf17	10	57176793	57335807	136	-0.0028
962e027d-ca61-43b2-874d-ccfef48daf17	10	57335928	57336505	9	-0.8431
962e027d-ca61-43b2-874d-ccfef48daf17	10	57337873	57443289	80	-0.0378
962e027d-ca61-43b2-874d-ccfef48daf17	10	57450745	57484863	15	-0.8092
962e027d-ca61-43b2-874d-ccfef48daf17	10	57490663	65546518	5540	0.0011
962e027d-ca61-43b2-874d-ccfef48daf17	10	65548165	65554688	28	-0.3258
962e027d-ca61-43b2-874d-ccfef48daf17	10	65563037	70653619	3458	0.0054
962e027d-ca61-43b2-874d-ccfef48daf17	10	70653677	70778117	115	0.2474
962e027d-ca61-43b2-874d-ccfef48daf17	10	70781091	79854946	5682	0.0073
962e027d-ca61-43b2-874d-ccfef48daf17	10	79857864	80248392	215	0.1392
962e027d-ca61-43b2-874d-ccfef48daf17	10	80248789	105296521	16164	0.0029
962e027d-ca61-43b2-874d-ccfef48daf17	10	105297280	105299412	3	-3.3961
962e027d-ca61-43b2-874d-ccfef48daf17	10	105302718	130374769	18433	0.0026
962e027d-ca61-43b2-874d-ccfef48daf17	10	130375332	132747307	1689	0.0695
962e027d-ca61-43b2-874d-ccfef48daf17	10	132747703	133038543	131	0.2423
962e027d-ca61-43b2-874d-ccfef48daf17	10	133054949	133415637	107	0.0446
962e027d-ca61-43b2-874d-ccfef48daf17	10	133416215	133416364	2	-1.3257
962e027d-ca61-43b2-874d-ccfef48daf17	10	133419150	133654968	148	0.0915
962e027d-ca61-43b2-874d-ccfef48daf17	11	198510	254010	39	0.0944
962e027d-ca61-43b2-874d-ccfef48daf17	11	254064	456012	65	0.2688
962e027d-ca61-43b2-874d-ccfef48daf17	11	456120	2512061	699	0.0225
962e027d-ca61-43b2-874d-ccfef48daf17	11	2512204	2581566	27	0.3375
962e027d-ca61-43b2-874d-ccfef48daf17	11	2583924	4946420	1585	0.0103
962e027d-ca61-43b2-874d-ccfef48daf17	11	4947280	4955042	30	-1.5597
962e027d-ca61-43b2-874d-ccfef48daf17	11	4955781	5500921	537	-0.0052
962e027d-ca61-43b2-874d-ccfef48daf17	11	5500945	5501334	5	-0.8272
962e027d-ca61-43b2-874d-ccfef48daf17	11	5502363	5772353	250	0.0056
962e027d-ca61-43b2-874d-ccfef48daf17	11	5773015	5788108	23	0.7124
962e027d-ca61-43b2-874d-ccfef48daf17	11	5788231	9287431	2502	0.0078
962e027d-ca61-43b2-874d-ccfef48daf17	11	9290487	9440446	63	0.1939
962e027d-ca61-43b2-874d-ccfef48daf17	11	9440987	18919309	6825	0.0044
962e027d-ca61-43b2-874d-ccfef48daf17	11	18919323	18930384	16	0.3113
962e027d-ca61-43b2-874d-ccfef48daf17	11	18930645	18938568	18	0.6569
962e027d-ca61-43b2-874d-ccfef48daf17	11	18939550	18940191	9	0.2348
962e027d-ca61-43b2-874d-ccfef48daf17	11	18940271	44623345	18445	-0.0005
962e027d-ca61-43b2-874d-ccfef48daf17	11	44623376	44682725	49	0.2814
962e027d-ca61-43b2-874d-ccfef48daf17	11	44683448	48576870	2059	0.0074
962e027d-ca61-43b2-874d-ccfef48daf17	11	48579882	48581124	2	1.4346
962e027d-ca61-43b2-874d-ccfef48daf17	11	48584766	55606556	1178	-0.0095
962e027d-ca61-43b2-874d-ccfef48daf17	11	55606572	55708084	72	-0.2818
962e027d-ca61-43b2-874d-ccfef48daf17	11	55708163	64825436	5102	0.002
962e027d-ca61-43b2-874d-ccfef48daf17	11	64828200	65916447	413	0.2038
962e027d-ca61-43b2-874d-ccfef48daf17	11	65916513	67518604	607	-0.0047
962e027d-ca61-43b2-874d-ccfef48daf17	11	67521123	68003149	155	0.1587
962e027d-ca61-43b2-874d-ccfef48daf17	11	68007631	71766534	2044	0.0016
962e027d-ca61-43b2-874d-ccfef48daf17	11	71767912	71770617	4	-1.1605
962e027d-ca61-43b2-874d-ccfef48daf17	11	71771008	80256469	4898	0.0017
962e027d-ca61-43b2-874d-ccfef48daf17	11	80256504	80256520	2	-2.3187
962e027d-ca61-43b2-874d-ccfef48daf17	11	80256642	81792950	1303	-0.0104
962e027d-ca61-43b2-874d-ccfef48daf17	11	81794421	81806116	9	-0.8877
962e027d-ca61-43b2-874d-ccfef48daf17	11	81811590	89966336	5284	-0.0026
962e027d-ca61-43b2-874d-ccfef48daf17	11	90043678	90077170	4	-1.3948
962e027d-ca61-43b2-874d-ccfef48daf17	11	90085142	133915231	31508	0.0026
962e027d-ca61-43b2-874d-ccfef48daf17	11	133922841	134731118	575	0.0808
962e027d-ca61-43b2-874d-ccfef48daf17	11	134731897	134740846	11	-0.5238
962e027d-ca61-43b2-874d-ccfef48daf17	11	134744086	135074876	273	0.0682
962e027d-ca61-43b2-874d-ccfef48daf17	12	51460	767958	445	0.1102
962e027d-ca61-43b2-874d-ccfef48daf17	12	769835	1401459	352	0
962e027d-ca61-43b2-874d-ccfef48daf17	12	1403732	1862112	284	0.1116
962e027d-ca61-43b2-874d-ccfef48daf17	12	1867142	7654851	4194	0.0099
962e027d-ca61-43b2-874d-ccfef48daf17	12	7656026	7842191	79	0.082
962e027d-ca61-43b2-874d-ccfef48daf17	12	7851829	7971304	58	0.7126
962e027d-ca61-43b2-874d-ccfef48daf17	12	7978362	11061546	1809	0.0029
962e027d-ca61-43b2-874d-ccfef48daf17	12	11062773	11088933	13	-1.2349
962e027d-ca61-43b2-874d-ccfef48daf17	12	11099275	31104761	14136	0.0043
962e027d-ca61-43b2-874d-ccfef48daf17	12	31108764	31256945	91	0.5719
962e027d-ca61-43b2-874d-ccfef48daf17	12	31257350	60478823	15572	0.0039
962e027d-ca61-43b2-874d-ccfef48daf17	12	60480818	60483567	6	-0.8574
962e027d-ca61-43b2-874d-ccfef48daf17	12	60486777	65949088	3239	-0.0017
962e027d-ca61-43b2-874d-ccfef48daf17	12	65949919	65950030	2	-1.0825
962e027d-ca61-43b2-874d-ccfef48daf17	12	65952844	70478078	3236	0.0061
962e027d-ca61-43b2-874d-ccfef48daf17	12	70478895	70484247	9	-2.2541
962e027d-ca61-43b2-874d-ccfef48daf17	12	70485605	99398036	18495	0.0003
962e027d-ca61-43b2-874d-ccfef48daf17	12	99401515	99404956	31	-0.5644
962e027d-ca61-43b2-874d-ccfef48daf17	12	99409315	113819403	9193	0.0004
962e027d-ca61-43b2-874d-ccfef48daf17	12	113819629	113992509	168	0.149
962e027d-ca61-43b2-874d-ccfef48daf17	12	113992525	114825169	681	0.0031
962e027d-ca61-43b2-874d-ccfef48daf17	12	114827550	114859418	32	0.3053
962e027d-ca61-43b2-874d-ccfef48daf17	12	114859488	114895335	20	0.5433
962e027d-ca61-43b2-874d-ccfef48daf17	12	114895762	129814782	10532	0.0094
962e027d-ca61-43b2-874d-ccfef48daf17	12	129815137	129853129	25	0.4533
962e027d-ca61-43b2-874d-ccfef48daf17	12	129854498	131636170	1458	0.0465
962e027d-ca61-43b2-874d-ccfef48daf17	12	131648039	131648790	13	-1.6999
962e027d-ca61-43b2-874d-ccfef48daf17	12	131657925	132133262	203	0.0078
962e027d-ca61-43b2-874d-ccfef48daf17	12	132134062	132933498	230	0.1692
962e027d-ca61-43b2-874d-ccfef48daf17	12	132943785	133201603	125	0.0391
962e027d-ca61-43b2-874d-ccfef48daf17	13	18452809	23208203	3008	0.0195
962e027d-ca61-43b2-874d-ccfef48daf17	13	23216668	23218146	4	-1.1106
962e027d-ca61-43b2-874d-ccfef48daf17	13	23218638	38478674	11159	0.008
962e027d-ca61-43b2-874d-ccfef48daf17	13	38483435	38483919	2	-2.3723
962e027d-ca61-43b2-874d-ccfef48daf17	13	38490920	51326088	8633	0.0103
962e027d-ca61-43b2-874d-ccfef48daf17	13	51326306	95282451	27602	-0.0083
962e027d-ca61-43b2-874d-ccfef48daf17	13	95283515	95369781	67	0.2204
962e027d-ca61-43b2-874d-ccfef48daf17	13	95370320	100032178	2944	0.003
962e027d-ca61-43b2-874d-ccfef48daf17	13	100033332	100075975	18	0.4355
962e027d-ca61-43b2-874d-ccfef48daf17	13	100088583	109209431	7331	-0.0056
962e027d-ca61-43b2-874d-ccfef48daf17	13	109209554	112856936	2599	0.013
962e027d-ca61-43b2-874d-ccfef48daf17	13	112857183	113070745	126	0.1705
962e027d-ca61-43b2-874d-ccfef48daf17	13	113073227	114342922	537	0.0477
962e027d-ca61-43b2-874d-ccfef48daf17	14	18239283	19732250	67	-0.1087
962e027d-ca61-43b2-874d-ccfef48daf17	14	19732958	19954424	99	0.2317
962e027d-ca61-43b2-874d-ccfef48daf17	14	19955213	20001167	28	-0.0211
962e027d-ca61-43b2-874d-ccfef48daf17	14	20003815	20015714	12	0.3705
962e027d-ca61-43b2-874d-ccfef48daf17	14	20015932	20482510	341	0.0098
962e027d-ca61-43b2-874d-ccfef48daf17	14	20483583	20531526	46	0.2915
962e027d-ca61-43b2-874d-ccfef48daf17	14	20535878	22152030	1123	0.0165
962e027d-ca61-43b2-874d-ccfef48daf17	14	22155699	22796827	516	0.1431
962e027d-ca61-43b2-874d-ccfef48daf17	14	22798846	28584973	3579	-0.0057
962e027d-ca61-43b2-874d-ccfef48daf17	14	28587704	28589839	2	-1.9066
962e027d-ca61-43b2-874d-ccfef48daf17	14	28592054	41276583	7998	0.0048
962e027d-ca61-43b2-874d-ccfef48daf17	14	41278544	41286163	13	-0.9486
962e027d-ca61-43b2-874d-ccfef48daf17	14	41286210	42385962	690	0.0178
962e027d-ca61-43b2-874d-ccfef48daf17	14	42386263	42386514	3	-1.0827
962e027d-ca61-43b2-874d-ccfef48daf17	14	42387773	46121707	2098	-0.0203
962e027d-ca61-43b2-874d-ccfef48daf17	14	46122855	46122974	2	-1.3839
962e027d-ca61-43b2-874d-ccfef48daf17	14	46123697	77139222	19780	0.0015
962e027d-ca61-43b2-874d-ccfef48daf17	14	77145438	77147515	3	-1.1074
962e027d-ca61-43b2-874d-ccfef48daf17	14	77149054	83575497	4416	-0.003
962e027d-ca61-43b2-874d-ccfef48daf17	14	83578381	83583871	4	-1.097
962e027d-ca61-43b2-874d-ccfef48daf17	14	83585844	98857675	10616	0.0027
962e027d-ca61-43b2-874d-ccfef48daf17	14	98857846	98934064	74	0.1964
962e027d-ca61-43b2-874d-ccfef48daf17	14	98935046	106321086	3523	0.0007
962e027d-ca61-43b2-874d-ccfef48daf17	14	106340102	106346129	7	-1.4939
962e027d-ca61-43b2-874d-ccfef48daf17	14	106360014	106877229	274	0.0149
962e027d-ca61-43b2-874d-ccfef48daf17	15	19811075	20235285	63	-0.0654
962e027d-ca61-43b2-874d-ccfef48daf17	15	20240885	20373168	25	-0.5436
962e027d-ca61-43b2-874d-ccfef48daf17	15	20376198	20376202	5	-0.0604
962e027d-ca61-43b2-874d-ccfef48daf17	15	20376309	20404366	29	-0.6958
962e027d-ca61-43b2-874d-ccfef48daf17	15	20406116	21975606	54	-0.2225
962e027d-ca61-43b2-874d-ccfef48daf17	15	21997003	22299523	30	-0.8175
962e027d-ca61-43b2-874d-ccfef48daf17	15	22385639	22791451	55	0.0257
962e027d-ca61-43b2-874d-ccfef48daf17	15	22793761	23035611	198	0.1796
962e027d-ca61-43b2-874d-ccfef48daf17	15	23036171	24232659	665	0.0024
962e027d-ca61-43b2-874d-ccfef48daf17	15	24233617	24266888	12	-0.5157
962e027d-ca61-43b2-874d-ccfef48daf17	15	24269473	27918845	2629	0.0009
962e027d-ca61-43b2-874d-ccfef48daf17	15	27919202	29700266	830	0.0701
962e027d-ca61-43b2-874d-ccfef48daf17	15	29700992	30253522	245	0.0113
962e027d-ca61-43b2-874d-ccfef48daf17	15	30259942	30269364	2	-1.4626
962e027d-ca61-43b2-874d-ccfef48daf17	15	30281107	34434971	2586	0.0139
962e027d-ca61-43b2-874d-ccfef48daf17	15	34434988	34447720	10	0.5863
962e027d-ca61-43b2-874d-ccfef48daf17	15	34453518	34454261	3	-0.4382
962e027d-ca61-43b2-874d-ccfef48daf17	15	34455142	34576695	50	0.6742
962e027d-ca61-43b2-874d-ccfef48daf17	15	34576808	53902792	11914	0.0055
962e027d-ca61-43b2-874d-ccfef48daf17	15	53908153	53909163	2	-2.557
962e027d-ca61-43b2-874d-ccfef48daf17	15	53912031	56498682	1713	0.0022
962e027d-ca61-43b2-874d-ccfef48daf17	15	56498709	56508779	20	-0.6713
962e027d-ca61-43b2-874d-ccfef48daf17	15	56509425	99755693	28711	0.0068
962e027d-ca61-43b2-874d-ccfef48daf17	15	99757458	100204464	349	0.0961
962e027d-ca61-43b2-874d-ccfef48daf17	15	100204829	101344102	878	0.026
962e027d-ca61-43b2-874d-ccfef48daf17	15	101344124	101794654	360	0.116
962e027d-ca61-43b2-874d-ccfef48daf17	15	101797127	101928837	55	-0.0249
962e027d-ca61-43b2-874d-ccfef48daf17	16	10777	60704	22	-0.0872
962e027d-ca61-43b2-874d-ccfef48daf17	16	60719	603333	262	0.2586
962e027d-ca61-43b2-874d-ccfef48daf17	16	603459	8839164	6118	0.0238
962e027d-ca61-43b2-874d-ccfef48daf17	16	8845763	8902520	41	0.2154
962e027d-ca61-43b2-874d-ccfef48daf17	16	8903274	8932736	24	-0.0393
962e027d-ca61-43b2-874d-ccfef48daf17	16	8933494	9130419	115	0.1782
962e027d-ca61-43b2-874d-ccfef48daf17	16	9130499	15222869	4617	-0.0015
962e027d-ca61-43b2-874d-ccfef48daf17	16	15257825	17718904	1279	0.114
962e027d-ca61-43b2-874d-ccfef48daf17	16	17719769	18759524	308	0.0461
962e027d-ca61-43b2-874d-ccfef48daf17	16	18768456	18781388	6	-0.858
962e027d-ca61-43b2-874d-ccfef48daf17	16	18785267	21336878	1572	0.0062
962e027d-ca61-43b2-874d-ccfef48daf17	16	21338882	22719873	487	0.1346
962e027d-ca61-43b2-874d-ccfef48daf17	16	22720003	28813331	4033	0.0103
962e027d-ca61-43b2-874d-ccfef48daf17	16	28813550	29032129	72	0.2333
962e027d-ca61-43b2-874d-ccfef48daf17	16	29032554	29661261	151	0.061
962e027d-ca61-43b2-874d-ccfef48daf17	16	29661749	30178721	174	0.2286
962e027d-ca61-43b2-874d-ccfef48daf17	16	30180586	35215237	862	0.0118
962e027d-ca61-43b2-874d-ccfef48daf17	16	35224666	35526596	173	0.5243
962e027d-ca61-43b2-874d-ccfef48daf17	16	35530722	78337711	20868	0.0016
962e027d-ca61-43b2-874d-ccfef48daf17	16	78338543	78350841	15	-2.1514
962e027d-ca61-43b2-874d-ccfef48daf17	16	78350868	81123748	3190	0.0081
962e027d-ca61-43b2-874d-ccfef48daf17	16	81123780	81231246	123	0.2059
962e027d-ca61-43b2-874d-ccfef48daf17	16	81233162	84011914	3025	0.0071
962e027d-ca61-43b2-874d-ccfef48daf17	16	84012500	84068270	54	0.2346
962e027d-ca61-43b2-874d-ccfef48daf17	16	84074910	84147625	48	-0.0372
962e027d-ca61-43b2-874d-ccfef48daf17	16	84148194	84903681	697	0.1796
962e027d-ca61-43b2-874d-ccfef48daf17	16	84906410	86737318	1674	0.0148
962e027d-ca61-43b2-874d-ccfef48daf17	16	86737463	86738239	3	1.0985
962e027d-ca61-43b2-874d-ccfef48daf17	16	86740718	86967345	220	-0.0101
962e027d-ca61-43b2-874d-ccfef48daf17	16	86967457	87018158	39	0.1982
962e027d-ca61-43b2-874d-ccfef48daf17	16	87022578	87923852	595	0.0006
962e027d-ca61-43b2-874d-ccfef48daf17	16	87924956	87946454	13	0.3172
962e027d-ca61-43b2-874d-ccfef48daf17	16	87948178	88066715	75	-0.0623
962e027d-ca61-43b2-874d-ccfef48daf17	16	88070485	88199530	46	0.2615
962e027d-ca61-43b2-874d-ccfef48daf17	16	88201115	88599287	156	0.0505
962e027d-ca61-43b2-874d-ccfef48daf17	16	88601643	89234014	212	0.288
962e027d-ca61-43b2-874d-ccfef48daf17	16	89237903	89313528	44	0.0065
962e027d-ca61-43b2-874d-ccfef48daf17	16	89317317	90096867	382	0.2411
962e027d-ca61-43b2-874d-ccfef48daf17	17	150733	1250730	557	0.1984
962e027d-ca61-43b2-874d-ccfef48daf17	17	1262192	3567084	1272	0.0146
962e027d-ca61-43b2-874d-ccfef48daf17	17	3569577	3654159	57	0.258
962e027d-ca61-43b2-874d-ccfef48daf17	17	3665125	4396337	433	0.0304
962e027d-ca61-43b2-874d-ccfef48daf17	17	4396818	4482321	50	0.2424
962e027d-ca61-43b2-874d-ccfef48daf17	17	4485039	5697974	584	0.0207
962e027d-ca61-43b2-874d-ccfef48daf17	17	5698601	5731735	28	0.4791
962e027d-ca61-43b2-874d-ccfef48daf17	17	5734582	33672118	13445	0.013
962e027d-ca61-43b2-874d-ccfef48daf17	17	33672684	34605956	888	0.0916
962e027d-ca61-43b2-874d-ccfef48daf17	17	34606024	36109315	911	-0.0082
962e027d-ca61-43b2-874d-ccfef48daf17	17	36109735	36208249	37	0.8909
962e027d-ca61-43b2-874d-ccfef48daf17	17	36460442	41266851	2526	0.0191
962e027d-ca61-43b2-874d-ccfef48daf17	17	41266901	41274198	17	0.4448
962e027d-ca61-43b2-874d-ccfef48daf17	17	41274279	45665456	2189	0.0104
962e027d-ca61-43b2-874d-ccfef48daf17	17	45667385	46011571	253	0.1643
962e027d-ca61-43b2-874d-ccfef48daf17	17	46017091	46136800	94	0.0095
962e027d-ca61-43b2-874d-ccfef48daf17	17	46137998	46286804	87	-0.1992
962e027d-ca61-43b2-874d-ccfef48daf17	17	46323701	73840460	16803	0.004
962e027d-ca61-43b2-874d-ccfef48daf17	17	73840477	74675481	547	0.1626
962e027d-ca61-43b2-874d-ccfef48daf17	17	74680224	76913017	1051	0.0191
962e027d-ca61-43b2-874d-ccfef48daf17	17	76914310	76930523	18	0.4078
962e027d-ca61-43b2-874d-ccfef48daf17	17	76930670	77345098	250	0.02
962e027d-ca61-43b2-874d-ccfef48daf17	17	77345322	77375740	33	0.3992
962e027d-ca61-43b2-874d-ccfef48daf17	17	77375892	83091923	2844	0.0461
962e027d-ca61-43b2-874d-ccfef48daf17	18	48133	902282	650	0.0792
962e027d-ca61-43b2-874d-ccfef48daf17	18	902327	49552459	28005	0.0033
962e027d-ca61-43b2-874d-ccfef48daf17	18	49552992	49607032	45	0.3991
962e027d-ca61-43b2-874d-ccfef48daf17	18	49607458	57005536	5029	-0.003
962e027d-ca61-43b2-874d-ccfef48daf17	18	57006263	57006864	2	-1.2808
962e027d-ca61-43b2-874d-ccfef48daf17	18	57008715	64366270	5398	0.0006
962e027d-ca61-43b2-874d-ccfef48daf17	18	64371134	64392816	19	0.4144
962e027d-ca61-43b2-874d-ccfef48daf17	18	64396999	79053487	10953	-0.0038
962e027d-ca61-43b2-874d-ccfef48daf17	18	79053515	79055603	9	-0.6055
962e027d-ca61-43b2-874d-ccfef48daf17	18	79056908	79362597	162	-0.0803
962e027d-ca61-43b2-874d-ccfef48daf17	18	79362830	80257174	423	0.1416
962e027d-ca61-43b2-874d-ccfef48daf17	19	90910	826420	158	0.06
962e027d-ca61-43b2-874d-ccfef48daf17	19	827049	939673	21	0.3693
962e027d-ca61-43b2-874d-ccfef48daf17	19	939697	4417843	987	0.023
962e027d-ca61-43b2-874d-ccfef48daf17	19	4417848	4673369	63	0.2643
962e027d-ca61-43b2-874d-ccfef48daf17	19	4673502	5830291	497	0.0229
962e027d-ca61-43b2-874d-ccfef48daf17	19	5831096	5866062	19	0.4034
962e027d-ca61-43b2-874d-ccfef48daf17	19	5870270	19712387	6741	0.0126
962e027d-ca61-43b2-874d-ccfef48daf17	19	19717326	19764062	26	0.4265
962e027d-ca61-43b2-874d-ccfef48daf17	19	19765106	24274155	2613	0.0204
962e027d-ca61-43b2-874d-ccfef48daf17	19	24278016	24282155	10	-0.7737
962e027d-ca61-43b2-874d-ccfef48daf17	19	24304880	35364451	5557	0.0003
962e027d-ca61-43b2-874d-ccfef48daf17	19	35364547	35379534	26	0.3897
962e027d-ca61-43b2-874d-ccfef48daf17	19	35383481	48587552	6603	0.0073
962e027d-ca61-43b2-874d-ccfef48daf17	19	48593586	48594470	2	1.2828
962e027d-ca61-43b2-874d-ccfef48daf17	19	48594630	52696373	2135	0.033
962e027d-ca61-43b2-874d-ccfef48daf17	19	52696849	53013829	234	0.1342
962e027d-ca61-43b2-874d-ccfef48daf17	19	53015494	53048976	22	0.9743
962e027d-ca61-43b2-874d-ccfef48daf17	19	53050987	53439961	294	0.0278
962e027d-ca61-43b2-874d-ccfef48daf17	19	53444288	54390169	549	0.1061
962e027d-ca61-43b2-874d-ccfef48daf17	19	54390316	54434666	18	0.4467
962e027d-ca61-43b2-874d-ccfef48daf17	19	54437283	55771169	674	0.0203
962e027d-ca61-43b2-874d-ccfef48daf17	19	55771663	55771701	2	-2.3099
962e027d-ca61-43b2-874d-ccfef48daf17	19	55774927	57458825	1200	0.0106
962e027d-ca61-43b2-874d-ccfef48daf17	19	57459443	57510390	43	0.2186
962e027d-ca61-43b2-874d-ccfef48daf17	19	57510923	57778416	154	-0.0088
962e027d-ca61-43b2-874d-ccfef48daf17	19	57778641	57840921	27	0.2041
962e027d-ca61-43b2-874d-ccfef48daf17	19	57841154	58340170	300	-0.0038
962e027d-ca61-43b2-874d-ccfef48daf17	19	58341469	58586487	113	0.2089
962e027d-ca61-43b2-874d-ccfef48daf17	20	80664	308718	182	-0.0072
962e027d-ca61-43b2-874d-ccfef48daf17	20	311591	475808	101	0.1989
962e027d-ca61-43b2-874d-ccfef48daf17	20	476073	1580934	920	0.0363
962e027d-ca61-43b2-874d-ccfef48daf17	20	1581021	1613247	40	1.6226
962e027d-ca61-43b2-874d-ccfef48daf17	20	1617300	3933726	1620	0.0039
962e027d-ca61-43b2-874d-ccfef48daf17	20	3933979	4065541	79	0.3055
962e027d-ca61-43b2-874d-ccfef48daf17	20	4065661	5749928	1290	0.0236
962e027d-ca61-43b2-874d-ccfef48daf17	20	5750553	5756393	4	-1.8077
962e027d-ca61-43b2-874d-ccfef48daf17	20	5762636	60989035	36301	0.0039
962e027d-ca61-43b2-874d-ccfef48daf17	20	60989756	61009227	36	0.6403
962e027d-ca61-43b2-874d-ccfef48daf17	20	61009290	61011507	4	0.102
962e027d-ca61-43b2-874d-ccfef48daf17	20	61013529	61015001	10	0.6812
962e027d-ca61-43b2-874d-ccfef48daf17	20	61015027	63085149	1269	0.0047
962e027d-ca61-43b2-874d-ccfef48daf17	20	63085763	63118905	24	0.4124
962e027d-ca61-43b2-874d-ccfef48daf17	20	63121284	63588484	138	0.0478
962e027d-ca61-43b2-874d-ccfef48daf17	20	63588502	64281110	305	0.2424
962e027d-ca61-43b2-874d-ccfef48daf17	20	64282468	64324800	8	-0.203
962e027d-ca61-43b2-874d-ccfef48daf17	21	10354168	10427776	12	0.2343
962e027d-ca61-43b2-874d-ccfef48daf17	21	10448914	10559033	41	0.0044
962e027d-ca61-43b2-874d-ccfef48daf17	21	10568903	13008398	40	0.2905
962e027d-ca61-43b2-874d-ccfef48daf17	21	13013344	18902595	3620	-0.005
962e027d-ca61-43b2-874d-ccfef48daf17	21	18906245	18906502	2	-1.4159
962e027d-ca61-43b2-874d-ccfef48daf17	21	18906853	36112582	12703	-0.0033
962e027d-ca61-43b2-874d-ccfef48daf17	21	36112644	36208629	81	0.2453
962e027d-ca61-43b2-874d-ccfef48daf17	21	36212583	39554791	2580	0.0039
962e027d-ca61-43b2-874d-ccfef48daf17	21	39556006	39599578	53	0.3409
962e027d-ca61-43b2-874d-ccfef48daf17	21	39604204	42984785	2877	0.0033
962e027d-ca61-43b2-874d-ccfef48daf17	21	42990370	44389104	488	0.0495
962e027d-ca61-43b2-874d-ccfef48daf17	21	44390788	44447091	12	0.5648
962e027d-ca61-43b2-874d-ccfef48daf17	21	44447263	45244037	493	0.0317
962e027d-ca61-43b2-874d-ccfef48daf17	21	45244078	45624835	202	0.1984
962e027d-ca61-43b2-874d-ccfef48daf17	21	45626706	46258259	337	-0.0083
962e027d-ca61-43b2-874d-ccfef48daf17	21	46258381	46677045	282	0.1359
962e027d-ca61-43b2-874d-ccfef48daf17	22	15294547	18141598	1107	0.0328
962e027d-ca61-43b2-874d-ccfef48daf17	22	18142004	19691937	502	0.1759
962e027d-ca61-43b2-874d-ccfef48daf17	22	19694232	20443002	467	0.2654
962e027d-ca61-43b2-874d-ccfef48daf17	22	20443422	21715051	718	0.1694
962e027d-ca61-43b2-874d-ccfef48daf17	22	21715544	23462798	1289	0.0952
962e027d-ca61-43b2-874d-ccfef48daf17	22	23462962	25567021	1458	0.051
962e027d-ca61-43b2-874d-ccfef48daf17	22	25579033	35288540	7516	0.0054
962e027d-ca61-43b2-874d-ccfef48daf17	22	35288610	35501774	117	0.0604
962e027d-ca61-43b2-874d-ccfef48daf17	22	35501989	35502646	3	0.8664
962e027d-ca61-43b2-874d-ccfef48daf17	22	35505018	35577300	60	0.0307
962e027d-ca61-43b2-874d-ccfef48daf17	22	35579156	35657234	68	0.2169
962e027d-ca61-43b2-874d-ccfef48daf17	22	35658005	36262764	350	0.0439
962e027d-ca61-43b2-874d-ccfef48daf17	22	36267956	36314496	42	0.2797
962e027d-ca61-43b2-874d-ccfef48daf17	22	36315806	38098157	1061	0.0166
962e027d-ca61-43b2-874d-ccfef48daf17	22	38104375	38142815	22	0.4882
962e027d-ca61-43b2-874d-ccfef48daf17	22	38142905	38894915	401	0.0198
962e027d-ca61-43b2-874d-ccfef48daf17	22	38899250	38900899	3	1.0799
962e027d-ca61-43b2-874d-ccfef48daf17	22	38903109	38937335	21	0.0649
962e027d-ca61-43b2-874d-ccfef48daf17	22	38937495	38993746	44	0.2364
962e027d-ca61-43b2-874d-ccfef48daf17	22	38998389	40841430	890	0.0288
962e027d-ca61-43b2-874d-ccfef48daf17	22	40845287	40845941	2	-1.1804
962e027d-ca61-43b2-874d-ccfef48daf17	22	40847718	41901150	675	-0.0109
962e027d-ca61-43b2-874d-ccfef48daf17	22	41903281	41918409	4	0.4061
962e027d-ca61-43b2-874d-ccfef48daf17	22	41921107	41951056	16	0.7803
962e027d-ca61-43b2-874d-ccfef48daf17	22	41954783	41969069	11	0.3381
962e027d-ca61-43b2-874d-ccfef48daf17	22	41971180	42309365	184	0.0446
962e027d-ca61-43b2-874d-ccfef48daf17	22	42314046	42554485	128	0.1772
962e027d-ca61-43b2-874d-ccfef48daf17	22	42559425	48935200	4897	0.0108
962e027d-ca61-43b2-874d-ccfef48daf17	22	48940621	49617791	673	0.1223
962e027d-ca61-43b2-874d-ccfef48daf17	22	49618102	50665623	457	0.2406
962e027d-ca61-43b2-874d-ccfef48daf17	22	50665726	50796027	64	0.0902
962e027d-ca61-43b2-874d-ccfef48daf17	X	251810	35035773	21803	0.0129
962e027d-ca61-43b2-874d-ccfef48daf17	X	35036764	35037458	2	-3.544
962e027d-ca61-43b2-874d-ccfef48daf17	X	35042971	106261421	32962	0.0062
962e027d-ca61-43b2-874d-ccfef48daf17	X	106279016	106307571	16	1.1679
962e027d-ca61-43b2-874d-ccfef48daf17	X	106314563	140200262	19042	0.0038
962e027d-ca61-43b2-874d-ccfef48daf17	X	140200284	140202494	4	-2.3595
962e027d-ca61-43b2-874d-ccfef48daf17	X	140203496	147398994	4808	-0.0003
962e027d-ca61-43b2-874d-ccfef48daf17	X	147399089	147399210	2	-3.314
962e027d-ca61-43b2-874d-ccfef48daf17	X	147399515	155952689	4754	0.0293
962e027d-ca61-43b2-874d-ccfef48daf17	Y	2782397	56872112	6640	-0.9925
