GDC_Aliquot	Chromosome	Start	End	Num_Probes	Segment_Mean
beb34d1b-0b21-42c9-991e-f4ddb5786f50	1	62920	16643961	8627	-0.0033
beb34d1b-0b21-42c9-991e-f4ddb5786f50	1	16679239	16973488	94	-0.3408
beb34d1b-0b21-42c9-991e-f4ddb5786f50	1	16973678	72284670	33689	-0.0004
beb34d1b-0b21-42c9-991e-f4ddb5786f50	1	72290430	72297687	9	-2.9123
beb34d1b-0b21-42c9-991e-f4ddb5786f50	1	72302735	72303233	3	-0.0048
beb34d1b-0b21-42c9-991e-f4ddb5786f50	1	72303253	72345465	45	1.2331
beb34d1b-0b21-42c9-991e-f4ddb5786f50	1	72346221	73769746	844	0.0119
beb34d1b-0b21-42c9-991e-f4ddb5786f50	1	73770974	73772330	2	-2.4149
beb34d1b-0b21-42c9-991e-f4ddb5786f50	1	73773171	110834746	23354	-0.0034
beb34d1b-0b21-42c9-991e-f4ddb5786f50	1	110834943	110845604	38	-0.7407
beb34d1b-0b21-42c9-991e-f4ddb5786f50	1	110849445	121593055	6193	0.0097
beb34d1b-0b21-42c9-991e-f4ddb5786f50	1	121593930	143890323	127	-0.6966
beb34d1b-0b21-42c9-991e-f4ddb5786f50	1	143893019	152790414	2505	0.0013
beb34d1b-0b21-42c9-991e-f4ddb5786f50	1	152790427	152795783	17	0.964
beb34d1b-0b21-42c9-991e-f4ddb5786f50	1	152795805	248524514	64421	-0.0025
beb34d1b-0b21-42c9-991e-f4ddb5786f50	1	248524544	248646068	45	-0.8217
beb34d1b-0b21-42c9-991e-f4ddb5786f50	1	248661836	248930189	138	0.0075
beb34d1b-0b21-42c9-991e-f4ddb5786f50	2	12784	127099470	78134	0.0015
beb34d1b-0b21-42c9-991e-f4ddb5786f50	2	127100187	127101070	3	-2.0368
beb34d1b-0b21-42c9-991e-f4ddb5786f50	2	127103254	146104517	11347	0.0049
beb34d1b-0b21-42c9-991e-f4ddb5786f50	2	146106836	146120238	25	0.6935
beb34d1b-0b21-42c9-991e-f4ddb5786f50	2	146120827	151987560	3515	-0.0031
beb34d1b-0b21-42c9-991e-f4ddb5786f50	2	151988996	152014444	22	0.7599
beb34d1b-0b21-42c9-991e-f4ddb5786f50	2	152022058	179548644	16733	0.0084
beb34d1b-0b21-42c9-991e-f4ddb5786f50	2	179553484	179554927	11	-0.6977
beb34d1b-0b21-42c9-991e-f4ddb5786f50	2	179555026	179556770	11	-1.6785
beb34d1b-0b21-42c9-991e-f4ddb5786f50	2	179556785	179557410	8	-0.7137
beb34d1b-0b21-42c9-991e-f4ddb5786f50	2	179560916	211871865	18976	0.0071
beb34d1b-0b21-42c9-991e-f4ddb5786f50	2	211872380	211875136	2	-3.4023
beb34d1b-0b21-42c9-991e-f4ddb5786f50	2	211875681	242147305	19164	0.0016
beb34d1b-0b21-42c9-991e-f4ddb5786f50	3	20930	2144867	1854	0.0246
beb34d1b-0b21-42c9-991e-f4ddb5786f50	3	2153628	2156005	2	-2.5678
beb34d1b-0b21-42c9-991e-f4ddb5786f50	3	2156422	4315301	1945	0.0012
beb34d1b-0b21-42c9-991e-f4ddb5786f50	3	4317366	4322779	3	-1.7337
beb34d1b-0b21-42c9-991e-f4ddb5786f50	3	4323133	6603914	1910	-0.0024
beb34d1b-0b21-42c9-991e-f4ddb5786f50	3	6604856	6611557	23	-0.6581
beb34d1b-0b21-42c9-991e-f4ddb5786f50	3	6611645	13579820	5254	-0.0044
beb34d1b-0b21-42c9-991e-f4ddb5786f50	3	13580032	13580089	3	-3.321
beb34d1b-0b21-42c9-991e-f4ddb5786f50	3	13580411	68697013	36258	-0.0002
beb34d1b-0b21-42c9-991e-f4ddb5786f50	3	68697108	68698262	14	-1.2233
beb34d1b-0b21-42c9-991e-f4ddb5786f50	3	68699607	113107815	24099	0.002
beb34d1b-0b21-42c9-991e-f4ddb5786f50	3	113108666	113109431	3	-2.3143
beb34d1b-0b21-42c9-991e-f4ddb5786f50	3	113109655	125954540	7846	0.0017
beb34d1b-0b21-42c9-991e-f4ddb5786f50	3	125954552	125957120	2	-2.3488
beb34d1b-0b21-42c9-991e-f4ddb5786f50	3	125961657	130067896	2370	-0.0186
beb34d1b-0b21-42c9-991e-f4ddb5786f50	3	130067910	130080824	26	-0.5953
beb34d1b-0b21-42c9-991e-f4ddb5786f50	3	130087209	189642114	36629	-0.0002
beb34d1b-0b21-42c9-991e-f4ddb5786f50	3	189642489	189653199	14	-0.9333
beb34d1b-0b21-42c9-991e-f4ddb5786f50	3	189653225	193155915	2459	0.0054
beb34d1b-0b21-42c9-991e-f4ddb5786f50	3	193156958	193165114	21	-0.9676
beb34d1b-0b21-42c9-991e-f4ddb5786f50	3	193168646	198169247	2675	-0.0008
beb34d1b-0b21-42c9-991e-f4ddb5786f50	4	68929	4091837	1603	-0.0157
beb34d1b-0b21-42c9-991e-f4ddb5786f50	4	4093722	4133854	13	-0.6646
beb34d1b-0b21-42c9-991e-f4ddb5786f50	4	4151033	8720526	3423	-0.0088
beb34d1b-0b21-42c9-991e-f4ddb5786f50	4	8722817	9516340	74	0.6512
beb34d1b-0b21-42c9-991e-f4ddb5786f50	4	9516451	10208766	523	-0.0254
beb34d1b-0b21-42c9-991e-f4ddb5786f50	4	10221792	10232642	30	-1.9899
beb34d1b-0b21-42c9-991e-f4ddb5786f50	4	10232984	190106768	110178	-0.0021
beb34d1b-0b21-42c9-991e-f4ddb5786f50	5	15532	733497	321	-0.0127
beb34d1b-0b21-42c9-991e-f4ddb5786f50	5	741924	833513	31	-1.0031
beb34d1b-0b21-42c9-991e-f4ddb5786f50	5	852451	12800777	9723	-0.0011
beb34d1b-0b21-42c9-991e-f4ddb5786f50	5	12815668	12849089	15	-0.9236
beb34d1b-0b21-42c9-991e-f4ddb5786f50	5	12857021	58025819	25301	0.0011
beb34d1b-0b21-42c9-991e-f4ddb5786f50	5	58030200	58037706	32	1.3943
beb34d1b-0b21-42c9-991e-f4ddb5786f50	5	58042530	181363319	76229	-0.0007
beb34d1b-0b21-42c9-991e-f4ddb5786f50	6	149661	303017	126	0.0192
beb34d1b-0b21-42c9-991e-f4ddb5786f50	6	314962	381149	73	-0.6076
beb34d1b-0b21-42c9-991e-f4ddb5786f50	6	382559	29907031	21246	-0.0021
beb34d1b-0b21-42c9-991e-f4ddb5786f50	6	29909182	29931120	7	-4.5805
beb34d1b-0b21-42c9-991e-f4ddb5786f50	6	29931900	29940692	6	-1.4142
beb34d1b-0b21-42c9-991e-f4ddb5786f50	6	29946443	55960697	15968	-0.0037
beb34d1b-0b21-42c9-991e-f4ddb5786f50	6	55961357	55978862	10	-1.1356
beb34d1b-0b21-42c9-991e-f4ddb5786f50	6	55986080	57045536	608	-0.017
beb34d1b-0b21-42c9-991e-f4ddb5786f50	6	57048274	57094865	17	-1.043
beb34d1b-0b21-42c9-991e-f4ddb5786f50	6	57102300	76726815	10209	-0.0033
beb34d1b-0b21-42c9-991e-f4ddb5786f50	6	76730151	76742665	15	-3.4069
beb34d1b-0b21-42c9-991e-f4ddb5786f50	6	76742675	76743040	6	-1.0227
beb34d1b-0b21-42c9-991e-f4ddb5786f50	6	76751356	78263007	979	0.0026
beb34d1b-0b21-42c9-991e-f4ddb5786f50	6	78263059	78345088	111	0.4472
beb34d1b-0b21-42c9-991e-f4ddb5786f50	6	78345284	79556748	734	0.0227
beb34d1b-0b21-42c9-991e-f4ddb5786f50	6	79561186	79583951	11	-0.7929
beb34d1b-0b21-42c9-991e-f4ddb5786f50	6	79584301	80575042	666	-0.0032
beb34d1b-0b21-42c9-991e-f4ddb5786f50	6	80575241	80579817	27	-0.9181
beb34d1b-0b21-42c9-991e-f4ddb5786f50	6	80584624	110068723	18084	-0.0003
beb34d1b-0b21-42c9-991e-f4ddb5786f50	6	110073310	110073324	2	-2.3025
beb34d1b-0b21-42c9-991e-f4ddb5786f50	6	110073703	110151584	49	-0.0003
beb34d1b-0b21-42c9-991e-f4ddb5786f50	6	110151735	110155227	3	-1.6112
beb34d1b-0b21-42c9-991e-f4ddb5786f50	6	110164242	113900791	2354	-0.001
beb34d1b-0b21-42c9-991e-f4ddb5786f50	6	113903677	113903852	2	-2.7765
beb34d1b-0b21-42c9-991e-f4ddb5786f50	6	113904647	170741917	37060	-0.0101
beb34d1b-0b21-42c9-991e-f4ddb5786f50	7	43355	33785797	23949	0.0005
beb34d1b-0b21-42c9-991e-f4ddb5786f50	7	33786547	33786977	3	-2.2659
beb34d1b-0b21-42c9-991e-f4ddb5786f50	7	33787055	97756328	35744	0.0012
beb34d1b-0b21-42c9-991e-f4ddb5786f50	7	97756339	97773163	20	-0.6949
beb34d1b-0b21-42c9-991e-f4ddb5786f50	7	97774928	134100424	21182	0.0021
beb34d1b-0b21-42c9-991e-f4ddb5786f50	7	134100442	134110881	25	0.9161
beb34d1b-0b21-42c9-991e-f4ddb5786f50	7	134110912	142513915	5513	0.0028
beb34d1b-0b21-42c9-991e-f4ddb5786f50	7	142516594	142785320	108	-0.3118
beb34d1b-0b21-42c9-991e-f4ddb5786f50	7	142785841	159334314	10327	-0.0138
beb34d1b-0b21-42c9-991e-f4ddb5786f50	8	81254	208062	4	1.0101
beb34d1b-0b21-42c9-991e-f4ddb5786f50	8	212672	644973	314	0.0185
beb34d1b-0b21-42c9-991e-f4ddb5786f50	8	645220	645875	6	1.1535
beb34d1b-0b21-42c9-991e-f4ddb5786f50	8	645892	645908	2	4.0141
beb34d1b-0b21-42c9-991e-f4ddb5786f50	8	656117	2107304	1101	0.0074
beb34d1b-0b21-42c9-991e-f4ddb5786f50	8	2107592	2107647	2	-3.2521
beb34d1b-0b21-42c9-991e-f4ddb5786f50	8	2107998	3695689	1532	0.0038
beb34d1b-0b21-42c9-991e-f4ddb5786f50	8	3695738	3695813	2	-2.421
beb34d1b-0b21-42c9-991e-f4ddb5786f50	8	3695995	7886542	4710	0.0133
beb34d1b-0b21-42c9-991e-f4ddb5786f50	8	7888457	7890177	4	-1.762
beb34d1b-0b21-42c9-991e-f4ddb5786f50	8	7919608	39389156	22484	0.0012
beb34d1b-0b21-42c9-991e-f4ddb5786f50	8	39389592	39529446	57	1.1448
beb34d1b-0b21-42c9-991e-f4ddb5786f50	8	39530780	57205493	9105	0
beb34d1b-0b21-42c9-991e-f4ddb5786f50	8	57215241	57217466	2	-2.8202
beb34d1b-0b21-42c9-991e-f4ddb5786f50	8	57220239	117009432	35771	-0.0006
beb34d1b-0b21-42c9-991e-f4ddb5786f50	8	117016206	117140390	79	-1.0369
beb34d1b-0b21-42c9-991e-f4ddb5786f50	8	117145672	145072769	19304	-0.0077
beb34d1b-0b21-42c9-991e-f4ddb5786f50	9	46587	11631117	10836	0.0046
beb34d1b-0b21-42c9-991e-f4ddb5786f50	9	11633429	11680852	32	-0.9274
beb34d1b-0b21-42c9-991e-f4ddb5786f50	9	11681147	41741113	20019	0.0055
beb34d1b-0b21-42c9-991e-f4ddb5786f50	9	42014203	42727685	52	0.5549
beb34d1b-0b21-42c9-991e-f4ddb5786f50	9	42729302	63580418	109	-0.0309
beb34d1b-0b21-42c9-991e-f4ddb5786f50	9	63590317	63592813	7	1.9314
beb34d1b-0b21-42c9-991e-f4ddb5786f50	9	63614182	97325861	20315	-0.0038
beb34d1b-0b21-42c9-991e-f4ddb5786f50	9	97326237	97326689	2	-2.5248
beb34d1b-0b21-42c9-991e-f4ddb5786f50	9	97326768	138200944	27198	0.0009
beb34d1b-0b21-42c9-991e-f4ddb5786f50	10	45792	4248622	3517	-0.0087
beb34d1b-0b21-42c9-991e-f4ddb5786f50	10	4248646	4248824	3	1.8655
beb34d1b-0b21-42c9-991e-f4ddb5786f50	10	4251879	17885034	11151	-0.0017
beb34d1b-0b21-42c9-991e-f4ddb5786f50	10	17896194	17910884	3	1.8442
beb34d1b-0b21-42c9-991e-f4ddb5786f50	10	17929793	26934974	6263	-0.0092
beb34d1b-0b21-42c9-991e-f4ddb5786f50	10	26936975	26939544	13	1.2636
beb34d1b-0b21-42c9-991e-f4ddb5786f50	10	26941064	46543248	10395	-0.0103
beb34d1b-0b21-42c9-991e-f4ddb5786f50	10	46545913	46804606	32	0.7065
beb34d1b-0b21-42c9-991e-f4ddb5786f50	10	46810571	65546518	12541	0.0081
beb34d1b-0b21-42c9-991e-f4ddb5786f50	10	65548165	65575682	41	0.4558
beb34d1b-0b21-42c9-991e-f4ddb5786f50	10	65576624	75948314	6301	0.0027
beb34d1b-0b21-42c9-991e-f4ddb5786f50	10	75948526	75949220	2	-2.5088
beb34d1b-0b21-42c9-991e-f4ddb5786f50	10	75954198	133654968	39419	-0.0064
beb34d1b-0b21-42c9-991e-f4ddb5786f50	11	198510	5762693	3187	0.0002
beb34d1b-0b21-42c9-991e-f4ddb5786f50	11	5766175	5787909	33	-0.6526
beb34d1b-0b21-42c9-991e-f4ddb5786f50	11	5788108	6094875	240	0.0134
beb34d1b-0b21-42c9-991e-f4ddb5786f50	11	6095613	6100864	5	-1.4814
beb34d1b-0b21-42c9-991e-f4ddb5786f50	11	6101273	12308374	4641	-0.0188
beb34d1b-0b21-42c9-991e-f4ddb5786f50	11	12315765	12315776	2	-2.1155
beb34d1b-0b21-42c9-991e-f4ddb5786f50	11	12317262	18919323	4399	-0.0054
beb34d1b-0b21-42c9-991e-f4ddb5786f50	11	18927525	18940191	42	1.2273
beb34d1b-0b21-42c9-991e-f4ddb5786f50	11	18940271	55595864	21541	-0.007
beb34d1b-0b21-42c9-991e-f4ddb5786f50	11	55606556	55685533	59	-1.6536
beb34d1b-0b21-42c9-991e-f4ddb5786f50	11	55686100	135074876	51720	-0.0015
beb34d1b-0b21-42c9-991e-f4ddb5786f50	12	51460	10427861	6763	0.0005
beb34d1b-0b21-42c9-991e-f4ddb5786f50	12	10430768	10434721	3	-2.4135
beb34d1b-0b21-42c9-991e-f4ddb5786f50	12	10435926	133201603	77180	-0.0028
beb34d1b-0b21-42c9-991e-f4ddb5786f50	13	18452809	19547319	529	0.0338
beb34d1b-0b21-42c9-991e-f4ddb5786f50	13	19549755	19549770	2	4.8209
beb34d1b-0b21-42c9-991e-f4ddb5786f50	13	19550361	37496998	12777	-0.0054
beb34d1b-0b21-42c9-991e-f4ddb5786f50	13	37497899	37510620	16	-1.8871
beb34d1b-0b21-42c9-991e-f4ddb5786f50	13	37514193	57176962	12373	-0.0002
beb34d1b-0b21-42c9-991e-f4ddb5786f50	13	57184136	57204246	34	-0.8123
beb34d1b-0b21-42c9-991e-f4ddb5786f50	13	57215580	64777999	4426	-0.0008
beb34d1b-0b21-42c9-991e-f4ddb5786f50	13	64778119	64779363	2	-3.1934
beb34d1b-0b21-42c9-991e-f4ddb5786f50	13	64782151	71902850	4452	0.0065
beb34d1b-0b21-42c9-991e-f4ddb5786f50	13	71903417	71906467	5	-1.6008
beb34d1b-0b21-42c9-991e-f4ddb5786f50	13	71912345	97875020	16737	-0.0002
beb34d1b-0b21-42c9-991e-f4ddb5786f50	13	97877870	97886045	8	-1.1387
beb34d1b-0b21-42c9-991e-f4ddb5786f50	13	97888442	114342922	11995	-0.0091
beb34d1b-0b21-42c9-991e-f4ddb5786f50	14	18239283	19134873	34	0.2059
beb34d1b-0b21-42c9-991e-f4ddb5786f50	14	19138115	19955213	131	-0.4869
beb34d1b-0b21-42c9-991e-f4ddb5786f50	14	19956767	21881032	1278	0.0076
beb34d1b-0b21-42c9-991e-f4ddb5786f50	14	21881051	22519593	570	-0.2238
beb34d1b-0b21-42c9-991e-f4ddb5786f50	14	22524749	73534419	31810	0.0018
beb34d1b-0b21-42c9-991e-f4ddb5786f50	14	73540003	73554275	8	-1.7676
beb34d1b-0b21-42c9-991e-f4ddb5786f50	14	73563196	106877229	20944	-0.0061
beb34d1b-0b21-42c9-991e-f4ddb5786f50	15	19811075	20026653	47	0.0265
beb34d1b-0b21-42c9-991e-f4ddb5786f50	15	20041119	20056983	3	1.1984
beb34d1b-0b21-42c9-991e-f4ddb5786f50	15	20059033	20376202	43	-0.2641
beb34d1b-0b21-42c9-991e-f4ddb5786f50	15	20376309	20381704	12	-1.3717
beb34d1b-0b21-42c9-991e-f4ddb5786f50	15	20384774	58456707	22221	-0.0017
beb34d1b-0b21-42c9-991e-f4ddb5786f50	15	58457100	58542542	76	-1.2006
beb34d1b-0b21-42c9-991e-f4ddb5786f50	15	58543118	70524968	7959	0.001
beb34d1b-0b21-42c9-991e-f4ddb5786f50	15	70525889	70526034	2	-2.5121
beb34d1b-0b21-42c9-991e-f4ddb5786f50	15	70528766	76599170	3191	0.0001
beb34d1b-0b21-42c9-991e-f4ddb5786f50	15	76599286	76603434	20	0.8103
beb34d1b-0b21-42c9-991e-f4ddb5786f50	15	76609838	101928837	17413	-0.007
beb34d1b-0b21-42c9-991e-f4ddb5786f50	16	10777	14956028	10987	0.0038
beb34d1b-0b21-42c9-991e-f4ddb5786f50	16	14956124	14960024	12	-0.7311
beb34d1b-0b21-42c9-991e-f4ddb5786f50	16	14960331	14960501	4	0.6799
beb34d1b-0b21-42c9-991e-f4ddb5786f50	16	14964501	15034129	30	-0.596
beb34d1b-0b21-42c9-991e-f4ddb5786f50	16	15036048	19933041	2279	0.006
beb34d1b-0b21-42c9-991e-f4ddb5786f50	16	19934328	19954553	28	-0.9358
beb34d1b-0b21-42c9-991e-f4ddb5786f50	16	19956040	55762682	13322	-0.0035
beb34d1b-0b21-42c9-991e-f4ddb5786f50	16	55764310	55764867	3	2.635
beb34d1b-0b21-42c9-991e-f4ddb5786f50	16	55770436	78950659	14970	0.0039
beb34d1b-0b21-42c9-991e-f4ddb5786f50	16	78950853	78951143	3	-2.166
beb34d1b-0b21-42c9-991e-f4ddb5786f50	16	78951486	90096867	9690	-0.0091
beb34d1b-0b21-42c9-991e-f4ddb5786f50	17	150733	45497555	22776	-0.0009
beb34d1b-0b21-42c9-991e-f4ddb5786f50	17	45508731	45571174	5	-2.1661
beb34d1b-0b21-42c9-991e-f4ddb5786f50	17	45577724	46130967	374	-0.0476
beb34d1b-0b21-42c9-991e-f4ddb5786f50	17	46131308	46323701	93	0.4232
beb34d1b-0b21-42c9-991e-f4ddb5786f50	17	46351954	79246981	19642	0.0013
beb34d1b-0b21-42c9-991e-f4ddb5786f50	17	79249578	79250134	2	-2.2774
beb34d1b-0b21-42c9-991e-f4ddb5786f50	17	79250308	83091923	1720	-0.0142
beb34d1b-0b21-42c9-991e-f4ddb5786f50	18	48133	80257174	50169	-0.0009
beb34d1b-0b21-42c9-991e-f4ddb5786f50	19	90910	14740184	5899	0.0008
beb34d1b-0b21-42c9-991e-f4ddb5786f50	19	14744874	14745551	2	-2.0491
beb34d1b-0b21-42c9-991e-f4ddb5786f50	19	14745826	23876105	4938	0.005
beb34d1b-0b21-42c9-991e-f4ddb5786f50	19	23876348	23877761	2	-2.1738
beb34d1b-0b21-42c9-991e-f4ddb5786f50	19	23884154	35358407	5739	-0.0077
beb34d1b-0b21-42c9-991e-f4ddb5786f50	19	35358420	35370877	21	0.5685
beb34d1b-0b21-42c9-991e-f4ddb5786f50	19	35370946	43193181	3848	0.0108
beb34d1b-0b21-42c9-991e-f4ddb5786f50	19	43198881	43252085	22	-2.2946
beb34d1b-0b21-42c9-991e-f4ddb5786f50	19	43262507	43305795	23	-0.1703
beb34d1b-0b21-42c9-991e-f4ddb5786f50	19	43307659	43313722	5	-1.5122
beb34d1b-0b21-42c9-991e-f4ddb5786f50	19	43313843	58586487	8402	-0.0001
beb34d1b-0b21-42c9-991e-f4ddb5786f50	20	80664	56903164	36896	-0.0023
beb34d1b-0b21-42c9-991e-f4ddb5786f50	20	56903974	56906042	3	-2.0343
beb34d1b-0b21-42c9-991e-f4ddb5786f50	20	56906102	64324800	5057	-0.0075
beb34d1b-0b21-42c9-991e-f4ddb5786f50	21	10354168	46677045	23617	-0.0005
beb34d1b-0b21-42c9-991e-f4ddb5786f50	22	15294547	50796027	23093	-0.0071
beb34d1b-0b21-42c9-991e-f4ddb5786f50	X	251810	149793935	79619	0.0007
beb34d1b-0b21-42c9-991e-f4ddb5786f50	X	149802619	149935002	68	0.6144
beb34d1b-0b21-42c9-991e-f4ddb5786f50	X	149937561	155683544	3065	-0.009
beb34d1b-0b21-42c9-991e-f4ddb5786f50	X	155686314	155699837	15	-0.8602
beb34d1b-0b21-42c9-991e-f4ddb5786f50	X	155734393	155952689	18	-0.0089
beb34d1b-0b21-42c9-991e-f4ddb5786f50	Y	2782397	6075631	717	-2.5107
beb34d1b-0b21-42c9-991e-f4ddb5786f50	Y	6076562	9330531	1506	-3.0073
beb34d1b-0b21-42c9-991e-f4ddb5786f50	Y	9332936	9554275	25	-4.8518
beb34d1b-0b21-42c9-991e-f4ddb5786f50	Y	9554586	23586854	4195	-2.8722
beb34d1b-0b21-42c9-991e-f4ddb5786f50	Y	23784615	56872112	191	-2.6228
