GDC_Aliquot	Chromosome	Start	End	Num_Probes	Segment_Mean
863655ef-ab96-44e3-8e34-4dda588413b3	1	62920	462894	19	0.5153
863655ef-ab96-44e3-8e34-4dda588413b3	1	599171	16721984	8648	0.0002
863655ef-ab96-44e3-8e34-4dda588413b3	1	16766762	16968717	78	0.3283
863655ef-ab96-44e3-8e34-4dda588413b3	1	16971203	72302815	33893	0.0018
863655ef-ab96-44e3-8e34-4dda588413b3	1	72303233	72345465	46	-1.4764
863655ef-ab96-44e3-8e34-4dda588413b3	1	72346221	112147704	25476	0.0037
863655ef-ab96-44e3-8e34-4dda588413b3	1	112153343	112154591	22	-1.4594
863655ef-ab96-44e3-8e34-4dda588413b3	1	112154619	152582700	7571	0.0023
863655ef-ab96-44e3-8e34-4dda588413b3	1	152583051	152614064	34	0.5788
863655ef-ab96-44e3-8e34-4dda588413b3	1	152614100	196742057	29537	0.0015
863655ef-ab96-44e3-8e34-4dda588413b3	1	196745692	196832525	59	0.4019
863655ef-ab96-44e3-8e34-4dda588413b3	1	196832720	222193326	17344	0.0017
863655ef-ab96-44e3-8e34-4dda588413b3	1	222201492	222203662	2	-2.2508
863655ef-ab96-44e3-8e34-4dda588413b3	1	222208792	248930189	18363	0.0009
863655ef-ab96-44e3-8e34-4dda588413b3	2	12784	4610837	3380	0.013
863655ef-ab96-44e3-8e34-4dda588413b3	2	4612217	4612231	2	-1.7491
863655ef-ab96-44e3-8e34-4dda588413b3	2	4615066	34476327	20607	0.0061
863655ef-ab96-44e3-8e34-4dda588413b3	2	34476516	34511990	44	0.7019
863655ef-ab96-44e3-8e34-4dda588413b3	2	34512096	52516787	12959	0.0053
863655ef-ab96-44e3-8e34-4dda588413b3	2	52527330	52554404	40	0.8837
863655ef-ab96-44e3-8e34-4dda588413b3	2	52560811	67171188	9467	-0.0016
863655ef-ab96-44e3-8e34-4dda588413b3	2	67171408	67174460	3	-1.5236
863655ef-ab96-44e3-8e34-4dda588413b3	2	67177194	73123275	3788	0.0085
863655ef-ab96-44e3-8e34-4dda588413b3	2	73127802	73130399	2	-1.8712
863655ef-ab96-44e3-8e34-4dda588413b3	2	73130477	79102020	3861	0.0032
863655ef-ab96-44e3-8e34-4dda588413b3	2	79103652	79114973	7	0.9904
863655ef-ab96-44e3-8e34-4dda588413b3	2	79115685	97359885	6631	0.0122
863655ef-ab96-44e3-8e34-4dda588413b3	2	97524284	97545726	9	-0.8907
863655ef-ab96-44e3-8e34-4dda588413b3	2	97550415	105529850	4907	0.0071
863655ef-ab96-44e3-8e34-4dda588413b3	2	105529918	105535647	2	-1.776
863655ef-ab96-44e3-8e34-4dda588413b3	2	105535795	106264257	637	0.013
863655ef-ab96-44e3-8e34-4dda588413b3	2	106265083	106268901	10	0.7535
863655ef-ab96-44e3-8e34-4dda588413b3	2	106270799	146104517	23728	0.0053
863655ef-ab96-44e3-8e34-4dda588413b3	2	146106836	146108872	19	0.9334
863655ef-ab96-44e3-8e34-4dda588413b3	2	146109097	214076471	41002	0.0077
863655ef-ab96-44e3-8e34-4dda588413b3	2	214076993	214077175	2	-2.3263
863655ef-ab96-44e3-8e34-4dda588413b3	2	214077923	219185164	3272	0.0226
863655ef-ab96-44e3-8e34-4dda588413b3	2	219186791	219189611	2	-1.4928
863655ef-ab96-44e3-8e34-4dda588413b3	2	219191993	228892153	6393	0.0033
863655ef-ab96-44e3-8e34-4dda588413b3	2	228892168	228895197	11	-0.6495
863655ef-ab96-44e3-8e34-4dda588413b3	2	228895367	242147305	8175	0.0081
863655ef-ab96-44e3-8e34-4dda588413b3	3	20930	46760374	33053	-0.0034
863655ef-ab96-44e3-8e34-4dda588413b3	3	46760471	46818342	40	-0.751
863655ef-ab96-44e3-8e34-4dda588413b3	3	46827338	52989195	2484	-0.0015
863655ef-ab96-44e3-8e34-4dda588413b3	3	52994359	53005247	39	-1.7426
863655ef-ab96-44e3-8e34-4dda588413b3	3	53005263	53007503	8	-0.6584
863655ef-ab96-44e3-8e34-4dda588413b3	3	53007838	68697013	11971	-0.0012
863655ef-ab96-44e3-8e34-4dda588413b3	3	68697108	68699607	15	1.1241
863655ef-ab96-44e3-8e34-4dda588413b3	3	68699635	75519398	4909	0.002
863655ef-ab96-44e3-8e34-4dda588413b3	3	75523398	75537654	6	-2.047
863655ef-ab96-44e3-8e34-4dda588413b3	3	75546030	99218119	10931	-0.0011
863655ef-ab96-44e3-8e34-4dda588413b3	3	99218940	99232539	41	-0.6703
863655ef-ab96-44e3-8e34-4dda588413b3	3	99232990	162815162	38895	-0.0008
863655ef-ab96-44e3-8e34-4dda588413b3	3	162816942	162818795	2	-1.9258
863655ef-ab96-44e3-8e34-4dda588413b3	3	162819035	162996729	124	-0.0161
863655ef-ab96-44e3-8e34-4dda588413b3	3	162999939	163001774	2	1.6973
863655ef-ab96-44e3-8e34-4dda588413b3	3	163008371	169012392	3356	0.0108
863655ef-ab96-44e3-8e34-4dda588413b3	3	169015614	169020840	2	-2.1828
863655ef-ab96-44e3-8e34-4dda588413b3	3	169022039	186688349	10952	-0.0043
863655ef-ab96-44e3-8e34-4dda588413b3	3	186695072	186697745	8	-1.2334
863655ef-ab96-44e3-8e34-4dda588413b3	3	186698220	190538297	2877	0.0029
863655ef-ab96-44e3-8e34-4dda588413b3	3	190542248	190542906	3	-1.1887
863655ef-ab96-44e3-8e34-4dda588413b3	3	190543126	193156958	1825	-0.0008
863655ef-ab96-44e3-8e34-4dda588413b3	3	193160113	193165114	20	1.1533
863655ef-ab96-44e3-8e34-4dda588413b3	3	193168646	198169247	2683	0.0105
863655ef-ab96-44e3-8e34-4dda588413b3	4	68929	9572447	5170	-0.0008
863655ef-ab96-44e3-8e34-4dda588413b3	4	9575821	9577703	2	-1.7182
863655ef-ab96-44e3-8e34-4dda588413b3	4	9578388	10208766	513	0.0061
863655ef-ab96-44e3-8e34-4dda588413b3	4	10221792	10229874	28	2.4738
863655ef-ab96-44e3-8e34-4dda588413b3	4	10232590	34777382	16918	0.0018
863655ef-ab96-44e3-8e34-4dda588413b3	4	34777403	34822561	40	0.4746
863655ef-ab96-44e3-8e34-4dda588413b3	4	34823103	59107300	13752	-0.002
863655ef-ab96-44e3-8e34-4dda588413b3	4	59108353	59122391	9	0.8255
863655ef-ab96-44e3-8e34-4dda588413b3	4	59123359	63839445	2739	-0.0007
863655ef-ab96-44e3-8e34-4dda588413b3	4	63839469	63842036	14	-0.5965
863655ef-ab96-44e3-8e34-4dda588413b3	4	63842099	69278088	3259	0.0014
863655ef-ab96-44e3-8e34-4dda588413b3	4	69283159	69361181	35	0.366
863655ef-ab96-44e3-8e34-4dda588413b3	4	69362906	69523998	115	0.0573
863655ef-ab96-44e3-8e34-4dda588413b3	4	69524143	69525061	2	-2.5185
863655ef-ab96-44e3-8e34-4dda588413b3	4	69526170	76368633	4127	0.0052
863655ef-ab96-44e3-8e34-4dda588413b3	4	76370923	76371213	4	-1.2928
863655ef-ab96-44e3-8e34-4dda588413b3	4	76371648	91152891	9288	-0.0014
863655ef-ab96-44e3-8e34-4dda588413b3	4	91152897	91159021	5	-1.1176
863655ef-ab96-44e3-8e34-4dda588413b3	4	91159466	114254167	13674	-0.0011
863655ef-ab96-44e3-8e34-4dda588413b3	4	114254188	114263073	23	-1.4478
863655ef-ab96-44e3-8e34-4dda588413b3	4	114263096	160120152	27224	0.0018
863655ef-ab96-44e3-8e34-4dda588413b3	4	160131622	160162718	40	-0.847
863655ef-ab96-44e3-8e34-4dda588413b3	4	160162917	160958989	593	-0.0052
863655ef-ab96-44e3-8e34-4dda588413b3	4	160959045	160960056	10	-0.6921
863655ef-ab96-44e3-8e34-4dda588413b3	4	160960185	170254104	5891	-0.0035
863655ef-ab96-44e3-8e34-4dda588413b3	4	170254169	170254379	3	-1.5455
863655ef-ab96-44e3-8e34-4dda588413b3	4	170254466	170346793	64	-0.0088
863655ef-ab96-44e3-8e34-4dda588413b3	4	170346931	170347043	5	-2.0555
863655ef-ab96-44e3-8e34-4dda588413b3	4	170347051	171448195	682	-0.027
863655ef-ab96-44e3-8e34-4dda588413b3	4	171453733	171456559	10	2.2939
863655ef-ab96-44e3-8e34-4dda588413b3	4	171456573	172501371	638	0.0271
863655ef-ab96-44e3-8e34-4dda588413b3	4	172503796	172507492	7	1.0475
863655ef-ab96-44e3-8e34-4dda588413b3	4	172519981	190106768	11804	0.0016
863655ef-ab96-44e3-8e34-4dda588413b3	5	15532	2038028	1036	0.0047
863655ef-ab96-44e3-8e34-4dda588413b3	5	2044015	2059197	18	-1.2098
863655ef-ab96-44e3-8e34-4dda588413b3	5	2063565	12815668	9094	0.0043
863655ef-ab96-44e3-8e34-4dda588413b3	5	12815753	12857021	15	0.784
863655ef-ab96-44e3-8e34-4dda588413b3	5	12857227	27524345	9005	0.0006
863655ef-ab96-44e3-8e34-4dda588413b3	5	27525800	27525913	8	-1.6439
863655ef-ab96-44e3-8e34-4dda588413b3	5	27527372	46271006	11370	-0.0028
863655ef-ab96-44e3-8e34-4dda588413b3	5	46271828	46273400	6	-2.0621
863655ef-ab96-44e3-8e34-4dda588413b3	5	46278110	129307936	48361	0.0014
863655ef-ab96-44e3-8e34-4dda588413b3	5	129308105	129309377	3	-1.6729
863655ef-ab96-44e3-8e34-4dda588413b3	5	129309461	156048095	16745	0.0023
863655ef-ab96-44e3-8e34-4dda588413b3	5	156049762	156055719	14	-0.6898
863655ef-ab96-44e3-8e34-4dda588413b3	5	156068240	181363319	16730	-0.0012
863655ef-ab96-44e3-8e34-4dda588413b3	6	149661	31309909	22242	-0.0019
863655ef-ab96-44e3-8e34-4dda588413b3	6	31313046	31328674	11	-1.4388
863655ef-ab96-44e3-8e34-4dda588413b3	6	31342147	65689879	19133	-0.0013
863655ef-ab96-44e3-8e34-4dda588413b3	6	65690336	65697234	17	-0.7427
863655ef-ab96-44e3-8e34-4dda588413b3	6	65697317	67909836	1598	0.0037
863655ef-ab96-44e3-8e34-4dda588413b3	6	67910784	67910952	2	-1.6524
863655ef-ab96-44e3-8e34-4dda588413b3	6	67913200	73882142	3819	-0.0051
863655ef-ab96-44e3-8e34-4dda588413b3	6	73882509	73893889	12	0.6855
863655ef-ab96-44e3-8e34-4dda588413b3	6	73893903	76730377	1767	0.0043
863655ef-ab96-44e3-8e34-4dda588413b3	6	76731101	76758749	21	0.4688
863655ef-ab96-44e3-8e34-4dda588413b3	6	76758871	78261995	974	-0.0009
863655ef-ab96-44e3-8e34-4dda588413b3	6	78262064	78322600	102	-0.5718
863655ef-ab96-44e3-8e34-4dda588413b3	6	78322875	148180808	43662	0.0002
863655ef-ab96-44e3-8e34-4dda588413b3	6	148185476	148185808	2	-2.1702
863655ef-ab96-44e3-8e34-4dda588413b3	6	148186119	165310563	12226	0.0033
863655ef-ab96-44e3-8e34-4dda588413b3	6	165318037	165318439	2	2.9101
863655ef-ab96-44e3-8e34-4dda588413b3	6	165321163	170741917	3582	-0.0059
863655ef-ab96-44e3-8e34-4dda588413b3	7	43355	15187434	10191	-0.0017
863655ef-ab96-44e3-8e34-4dda588413b3	7	15190357	15191106	3	-1.6453
863655ef-ab96-44e3-8e34-4dda588413b3	7	15194883	26092670	8559	-0.0005
863655ef-ab96-44e3-8e34-4dda588413b3	7	26102772	26105793	4	-3.2251
863655ef-ab96-44e3-8e34-4dda588413b3	7	26107599	38251113	8517	0.0035
863655ef-ab96-44e3-8e34-4dda588413b3	7	38254500	38356875	125	-0.3014
863655ef-ab96-44e3-8e34-4dda588413b3	7	38361356	54318812	10947	0.0049
863655ef-ab96-44e3-8e34-4dda588413b3	7	54318816	54318824	5	-2.303
863655ef-ab96-44e3-8e34-4dda588413b3	7	54325795	56693807	1554	0.0008
863655ef-ab96-44e3-8e34-4dda588413b3	7	56694420	56701121	3	-2.7588
863655ef-ab96-44e3-8e34-4dda588413b3	7	56704473	109527186	26612	0.0002
863655ef-ab96-44e3-8e34-4dda588413b3	7	109529138	109529482	2	-1.8073
863655ef-ab96-44e3-8e34-4dda588413b3	7	109529623	109793728	159	-0.0157
863655ef-ab96-44e3-8e34-4dda588413b3	7	109793741	109801187	26	-0.4899
863655ef-ab96-44e3-8e34-4dda588413b3	7	109801572	109813853	9	-2.2067
863655ef-ab96-44e3-8e34-4dda588413b3	7	109813925	134093899	14700	-0.0017
863655ef-ab96-44e3-8e34-4dda588413b3	7	134100424	134110881	26	0.6089
863655ef-ab96-44e3-8e34-4dda588413b3	7	134110912	142069843	5189	0.0046
863655ef-ab96-44e3-8e34-4dda588413b3	7	142069880	142092108	32	-0.6046
863655ef-ab96-44e3-8e34-4dda588413b3	7	142092307	159334314	10833	0.0042
863655ef-ab96-44e3-8e34-4dda588413b3	8	81254	106378113	69366	-0.0006
863655ef-ab96-44e3-8e34-4dda588413b3	8	106378854	106378994	2	-2.5227
863655ef-ab96-44e3-8e34-4dda588413b3	8	106379114	111279265	2952	0.008
863655ef-ab96-44e3-8e34-4dda588413b3	8	111282050	111283031	10	1.1865
863655ef-ab96-44e3-8e34-4dda588413b3	8	111288052	117228629	3481	0.0073
863655ef-ab96-44e3-8e34-4dda588413b3	8	117230987	117231952	2	-1.8033
863655ef-ab96-44e3-8e34-4dda588413b3	8	117232130	145072769	19350	0.0049
863655ef-ab96-44e3-8e34-4dda588413b3	9	46587	42014203	31154	0
863655ef-ab96-44e3-8e34-4dda588413b3	9	42037471	42211663	22	0.9586
863655ef-ab96-44e3-8e34-4dda588413b3	9	42230926	61405110	70	0.001
863655ef-ab96-44e3-8e34-4dda588413b3	9	61520021	61647899	30	-1.5197
863655ef-ab96-44e3-8e34-4dda588413b3	9	61665362	137358304	47514	-0.0019
863655ef-ab96-44e3-8e34-4dda588413b3	9	137358336	137361381	5	1.1992
863655ef-ab96-44e3-8e34-4dda588413b3	9	137378551	138200944	405	0.031
863655ef-ab96-44e3-8e34-4dda588413b3	10	45792	13007600	10861	0.0004
863655ef-ab96-44e3-8e34-4dda588413b3	10	13007656	13008610	9	-0.7779
863655ef-ab96-44e3-8e34-4dda588413b3	10	13011686	24088745	8250	0.0019
863655ef-ab96-44e3-8e34-4dda588413b3	10	24088746	24088992	9	-2.0105
863655ef-ab96-44e3-8e34-4dda588413b3	10	24089125	133654968	71207	0.0014
863655ef-ab96-44e3-8e34-4dda588413b3	11	198510	3465494	1291	-0.0069
863655ef-ab96-44e3-8e34-4dda588413b3	11	3466435	3467311	3	-1.4976
863655ef-ab96-44e3-8e34-4dda588413b3	11	3485296	5499342	1678	0.0085
863655ef-ab96-44e3-8e34-4dda588413b3	11	5499745	5503922	10	-0.782
863655ef-ab96-44e3-8e34-4dda588413b3	11	5504125	5766175	236	0.0031
863655ef-ab96-44e3-8e34-4dda588413b3	11	5766850	5788108	33	-2.5907
863655ef-ab96-44e3-8e34-4dda588413b3	11	5788231	54742305	30785	-0.0041
863655ef-ab96-44e3-8e34-4dda588413b3	11	54743970	54766290	4	-1.3674
863655ef-ab96-44e3-8e34-4dda588413b3	11	54782119	55595864	285	-0.0255
863655ef-ab96-44e3-8e34-4dda588413b3	11	55606556	55685533	59	-1.5796
863655ef-ab96-44e3-8e34-4dda588413b3	11	55686100	135074876	52123	0.0024
863655ef-ab96-44e3-8e34-4dda588413b3	12	51460	9481274	6150	0.0047
863655ef-ab96-44e3-8e34-4dda588413b3	12	9485313	9575696	22	-1.541
863655ef-ab96-44e3-8e34-4dda588413b3	12	9582373	27941830	12693	-0.0005
863655ef-ab96-44e3-8e34-4dda588413b3	12	27941988	27950842	14	-0.6837
863655ef-ab96-44e3-8e34-4dda588413b3	12	27951446	33368216	3973	0.0059
863655ef-ab96-44e3-8e34-4dda588413b3	12	33373420	34650111	644	0.9436
863655ef-ab96-44e3-8e34-4dda588413b3	12	34682719	45506042	4785	0.0041
863655ef-ab96-44e3-8e34-4dda588413b3	12	45510655	45515754	4	-1.849
863655ef-ab96-44e3-8e34-4dda588413b3	12	45519509	99599411	33734	-0.0029
863655ef-ab96-44e3-8e34-4dda588413b3	12	99599628	99614121	13	-0.909
863655ef-ab96-44e3-8e34-4dda588413b3	12	99614543	127517349	18351	-0.0006
863655ef-ab96-44e3-8e34-4dda588413b3	12	127517835	127520006	2	-1.9198
863655ef-ab96-44e3-8e34-4dda588413b3	12	127520679	133201603	4129	0.0052
863655ef-ab96-44e3-8e34-4dda588413b3	13	18452809	37496998	13429	-0.0013
863655ef-ab96-44e3-8e34-4dda588413b3	13	37497899	37510620	16	-0.6607
863655ef-ab96-44e3-8e34-4dda588413b3	13	37514193	85394179	30560	0.0001
863655ef-ab96-44e3-8e34-4dda588413b3	13	85394247	85396917	2	-1.6567
863655ef-ab96-44e3-8e34-4dda588413b3	13	85398488	114342922	19893	0.0019
863655ef-ab96-44e3-8e34-4dda588413b3	14	18239283	19945512	158	0.2812
863655ef-ab96-44e3-8e34-4dda588413b3	14	19945699	21840190	1256	-0.008
863655ef-ab96-44e3-8e34-4dda588413b3	14	21840629	22499871	585	-0.1937
863655ef-ab96-44e3-8e34-4dda588413b3	14	22499949	73529070	32070	-0.0001
863655ef-ab96-44e3-8e34-4dda588413b3	14	73534419	73550817	7	0.9768
863655ef-ab96-44e3-8e34-4dda588413b3	14	73550834	106877229	21081	0.0028
863655ef-ab96-44e3-8e34-4dda588413b3	15	19811075	20001686	45	-0.0117
863655ef-ab96-44e3-8e34-4dda588413b3	15	20011702	22395047	163	-0.2524
863655ef-ab96-44e3-8e34-4dda588413b3	15	22413894	24429740	991	-0.0076
863655ef-ab96-44e3-8e34-4dda588413b3	15	24429986	24473026	31	-0.6854
863655ef-ab96-44e3-8e34-4dda588413b3	15	24473449	32567657	4696	0.0039
863655ef-ab96-44e3-8e34-4dda588413b3	15	32584630	32584783	2	1.7939
863655ef-ab96-44e3-8e34-4dda588413b3	15	32610782	76599286	27862	0.0004
863655ef-ab96-44e3-8e34-4dda588413b3	15	76599400	76603434	19	-1.9587
863655ef-ab96-44e3-8e34-4dda588413b3	15	76609838	97274628	14128	0.0013
863655ef-ab96-44e3-8e34-4dda588413b3	15	97274669	97288957	9	-0.7739
863655ef-ab96-44e3-8e34-4dda588413b3	15	97290419	101928837	3409	-0.0007
863655ef-ab96-44e3-8e34-4dda588413b3	16	10777	55764310	26837	0.005
863655ef-ab96-44e3-8e34-4dda588413b3	16	55764850	55764867	2	5.082
863655ef-ab96-44e3-8e34-4dda588413b3	16	55770436	60528968	2950	0.0042
863655ef-ab96-44e3-8e34-4dda588413b3	16	60531198	60537315	6	-1.1418
863655ef-ab96-44e3-8e34-4dda588413b3	16	60540490	78337711	11290	-0.0008
863655ef-ab96-44e3-8e34-4dda588413b3	16	78338543	78350841	16	-1.9957
863655ef-ab96-44e3-8e34-4dda588413b3	16	78350868	90096867	10562	0.0013
863655ef-ab96-44e3-8e34-4dda588413b3	17	150733	18452078	11347	-0.0045
863655ef-ab96-44e3-8e34-4dda588413b3	17	18455632	18561907	26	0.6331
863655ef-ab96-44e3-8e34-4dda588413b3	17	18565883	36113405	6807	0.005
863655ef-ab96-44e3-8e34-4dda588413b3	17	36113461	36208249	34	0.4523
863655ef-ab96-44e3-8e34-4dda588413b3	17	36460442	41251729	2504	0.0055
863655ef-ab96-44e3-8e34-4dda588413b3	17	41257158	41274198	28	0.6245
863655ef-ab96-44e3-8e34-4dda588413b3	17	41274279	46114412	2511	0.0073
863655ef-ab96-44e3-8e34-4dda588413b3	17	46117997	46284643	103	-0.3703
863655ef-ab96-44e3-8e34-4dda588413b3	17	46284997	56081683	5791	0.003
863655ef-ab96-44e3-8e34-4dda588413b3	17	56083553	56095230	24	-0.8504
863655ef-ab96-44e3-8e34-4dda588413b3	17	56095462	57610128	1169	-0.0197
863655ef-ab96-44e3-8e34-4dda588413b3	17	57610972	57611632	2	1.671
863655ef-ab96-44e3-8e34-4dda588413b3	17	57614632	83091923	14516	-0.0012
863655ef-ab96-44e3-8e34-4dda588413b3	18	48133	28613572	15016	0.0007
863655ef-ab96-44e3-8e34-4dda588413b3	18	28615803	28616166	3	-6.6373
863655ef-ab96-44e3-8e34-4dda588413b3	18	28616668	66239612	25287	0.0001
863655ef-ab96-44e3-8e34-4dda588413b3	18	66239629	66244352	11	-0.7546
863655ef-ab96-44e3-8e34-4dda588413b3	18	66244639	73460424	5295	0.0089
863655ef-ab96-44e3-8e34-4dda588413b3	18	73463268	73493610	30	-0.8835
863655ef-ab96-44e3-8e34-4dda588413b3	18	73502049	80257174	4903	0.0026
863655ef-ab96-44e3-8e34-4dda588413b3	19	90910	21528153	9519	-0.0049
863655ef-ab96-44e3-8e34-4dda588413b3	19	21534501	21538872	2	1.9326
863655ef-ab96-44e3-8e34-4dda588413b3	19	21539503	58586487	19510	0.0019
863655ef-ab96-44e3-8e34-4dda588413b3	20	80664	1571811	1178	-0.0036
863655ef-ab96-44e3-8e34-4dda588413b3	20	1576544	1579916	16	-0.9095
863655ef-ab96-44e3-8e34-4dda588413b3	20	1580141	1591597	32	-0.2873
863655ef-ab96-44e3-8e34-4dda588413b3	20	1591766	1599742	5	-0.9879
863655ef-ab96-44e3-8e34-4dda588413b3	20	1599891	26324943	18704	-0.0024
863655ef-ab96-44e3-8e34-4dda588413b3	20	30185676	30299006	20	-0.6573
863655ef-ab96-44e3-8e34-4dda588413b3	20	30299021	54028329	14812	-0.0008
863655ef-ab96-44e3-8e34-4dda588413b3	20	54031269	54042112	37	-0.6494
863655ef-ab96-44e3-8e34-4dda588413b3	20	54046035	64324800	7436	0.007
863655ef-ab96-44e3-8e34-4dda588413b3	21	10354168	13028693	97	-0.0935
863655ef-ab96-44e3-8e34-4dda588413b3	21	13080541	13197963	18	-0.6837
863655ef-ab96-44e3-8e34-4dda588413b3	21	13197978	24213071	7721	0.0039
863655ef-ab96-44e3-8e34-4dda588413b3	21	24215936	24216026	3	-1.6542
863655ef-ab96-44e3-8e34-4dda588413b3	21	24216643	26908194	1975	-0.0041
863655ef-ab96-44e3-8e34-4dda588413b3	21	26910341	26910533	3	-1.657
863655ef-ab96-44e3-8e34-4dda588413b3	21	26911285	46677045	13959	-0.0004
863655ef-ab96-44e3-8e34-4dda588413b3	22	15294547	18620743	1130	0.0042
863655ef-ab96-44e3-8e34-4dda588413b3	22	18649244	18760941	3	-1.5784
863655ef-ab96-44e3-8e34-4dda588413b3	22	18783014	21960995	1773	0.0041
863655ef-ab96-44e3-8e34-4dda588413b3	22	21967129	22076400	149	0.5728
863655ef-ab96-44e3-8e34-4dda588413b3	22	22077446	22078182	7	-0.1921
863655ef-ab96-44e3-8e34-4dda588413b3	22	22080743	22113033	46	0.4798
863655ef-ab96-44e3-8e34-4dda588413b3	22	22113053	22131724	26	0.9434
863655ef-ab96-44e3-8e34-4dda588413b3	22	22131754	22219051	193	0.5279
863655ef-ab96-44e3-8e34-4dda588413b3	22	22219595	25265731	1875	0.0138
863655ef-ab96-44e3-8e34-4dda588413b3	22	25268018	25522742	284	0.5541
863655ef-ab96-44e3-8e34-4dda588413b3	22	25526375	37346951	8897	0.0004
863655ef-ab96-44e3-8e34-4dda588413b3	22	37352689	37353906	4	-1.1086
863655ef-ab96-44e3-8e34-4dda588413b3	22	37354627	42501276	2716	-0.0059
863655ef-ab96-44e3-8e34-4dda588413b3	22	42503434	42546956	22	0.5707
863655ef-ab96-44e3-8e34-4dda588413b3	22	42547636	42559782	4	-0.0371
863655ef-ab96-44e3-8e34-4dda588413b3	22	42561282	42570693	4	-1.5022
863655ef-ab96-44e3-8e34-4dda588413b3	22	42577195	50796027	6075	-0.002
863655ef-ab96-44e3-8e34-4dda588413b3	X	251810	155952689	83318	0.0012
863655ef-ab96-44e3-8e34-4dda588413b3	Y	2782397	6071948	715	-2.5129
863655ef-ab96-44e3-8e34-4dda588413b3	Y	6075631	23586854	5716	-2.8687
863655ef-ab96-44e3-8e34-4dda588413b3	Y	23784615	56872112	192	-2.586
