GDC_Aliquot	Chromosome	Start	End	Num_Probes	Segment_Mean
dbd132c0-8dbc-41a1-9188-e1bc3621ce64	1	62920	805477	27	0.0665
dbd132c0-8dbc-41a1-9188-e1bc3621ce64	1	806913	3118555	632	-0.1036
dbd132c0-8dbc-41a1-9188-e1bc3621ce64	1	3127617	20556030	10634	-0.0035
dbd132c0-8dbc-41a1-9188-e1bc3621ce64	1	20556451	20557323	6	-0.8247
dbd132c0-8dbc-41a1-9188-e1bc3621ce64	1	20558448	25256850	2715	-0.0078
dbd132c0-8dbc-41a1-9188-e1bc3621ce64	1	25266637	25320198	22	0.7584
dbd132c0-8dbc-41a1-9188-e1bc3621ce64	1	25320253	34626073	4949	-0.0073
dbd132c0-8dbc-41a1-9188-e1bc3621ce64	1	34637053	34638890	20	-0.7015
dbd132c0-8dbc-41a1-9188-e1bc3621ce64	1	34648667	72303233	23740	-0.0002
dbd132c0-8dbc-41a1-9188-e1bc3621ce64	1	72303253	72345465	45	-1.6179
dbd132c0-8dbc-41a1-9188-e1bc3621ce64	1	72346221	105476583	20942	0.0019
dbd132c0-8dbc-41a1-9188-e1bc3621ce64	1	105476614	105479753	16	0.8656
dbd132c0-8dbc-41a1-9188-e1bc3621ce64	1	105481433	109684893	2636	-0.0027
dbd132c0-8dbc-41a1-9188-e1bc3621ce64	1	109690352	109692006	10	-0.9159
dbd132c0-8dbc-41a1-9188-e1bc3621ce64	1	109696900	112153343	1949	0.0003
dbd132c0-8dbc-41a1-9188-e1bc3621ce64	1	112153465	112153915	7	-0.6165
dbd132c0-8dbc-41a1-9188-e1bc3621ce64	1	112153931	117533917	3476	0.0031
dbd132c0-8dbc-41a1-9188-e1bc3621ce64	1	117540280	117541246	2	-1.4719
dbd132c0-8dbc-41a1-9188-e1bc3621ce64	1	117541321	121705338	1695	-0.0005
dbd132c0-8dbc-41a1-9188-e1bc3621ce64	1	143459641	143748012	98	-0.7333
dbd132c0-8dbc-41a1-9188-e1bc3621ce64	1	143748074	152583051	2341	0.0014
dbd132c0-8dbc-41a1-9188-e1bc3621ce64	1	152583230	152614118	35	1.2458
dbd132c0-8dbc-41a1-9188-e1bc3621ce64	1	152618018	152785214	165	-0.0189
dbd132c0-8dbc-41a1-9188-e1bc3621ce64	1	152787202	152796224	38	0.3248
dbd132c0-8dbc-41a1-9188-e1bc3621ce64	1	152801429	185921610	22286	-0.0005
dbd132c0-8dbc-41a1-9188-e1bc3621ce64	1	185921921	185922253	2	-1.404
dbd132c0-8dbc-41a1-9188-e1bc3621ce64	1	185923259	198335406	8017	0.0062
dbd132c0-8dbc-41a1-9188-e1bc3621ce64	1	198337730	198338649	3	-1.2639
dbd132c0-8dbc-41a1-9188-e1bc3621ce64	1	198342229	219226452	14451	0.0018
dbd132c0-8dbc-41a1-9188-e1bc3621ce64	1	219229085	219229423	3	-1.1415
dbd132c0-8dbc-41a1-9188-e1bc3621ce64	1	219231724	233408555	9395	0.0025
dbd132c0-8dbc-41a1-9188-e1bc3621ce64	1	233409697	233410103	2	-2.3929
dbd132c0-8dbc-41a1-9188-e1bc3621ce64	1	233410863	240228440	5235	0.003
dbd132c0-8dbc-41a1-9188-e1bc3621ce64	1	240230715	240230824	5	-2.1444
dbd132c0-8dbc-41a1-9188-e1bc3621ce64	1	240230839	248930189	5856	0.0016
dbd132c0-8dbc-41a1-9188-e1bc3621ce64	2	12784	4158097	2986	-0.0146
dbd132c0-8dbc-41a1-9188-e1bc3621ce64	2	4166274	4175577	36	-0.6415
dbd132c0-8dbc-41a1-9188-e1bc3621ce64	2	4175922	17036583	9813	0.0059
dbd132c0-8dbc-41a1-9188-e1bc3621ce64	2	17039825	17056694	47	-0.7439
dbd132c0-8dbc-41a1-9188-e1bc3621ce64	2	17061270	34466002	11183	0.0013
dbd132c0-8dbc-41a1-9188-e1bc3621ce64	2	34474248	34511990	46	-0.3217
dbd132c0-8dbc-41a1-9188-e1bc3621ce64	2	34512096	35750907	871	0.0176
dbd132c0-8dbc-41a1-9188-e1bc3621ce64	2	35752724	35762881	7	-1.9408
dbd132c0-8dbc-41a1-9188-e1bc3621ce64	2	35772407	52512079	12109	0.0063
dbd132c0-8dbc-41a1-9188-e1bc3621ce64	2	52514599	52563002	44	0.387
dbd132c0-8dbc-41a1-9188-e1bc3621ce64	2	52563355	54330344	1334	0.006
dbd132c0-8dbc-41a1-9188-e1bc3621ce64	2	54330439	54340453	2	-1.5412
dbd132c0-8dbc-41a1-9188-e1bc3621ce64	2	54342850	87134049	20647	0.0072
dbd132c0-8dbc-41a1-9188-e1bc3621ce64	2	87146770	87228594	27	-0.9888
dbd132c0-8dbc-41a1-9188-e1bc3621ce64	2	87229739	87578886	70	-0.5056
dbd132c0-8dbc-41a1-9188-e1bc3621ce64	2	87586208	87696853	17	-0.939
dbd132c0-8dbc-41a1-9188-e1bc3621ce64	2	87725148	122718842	16795	0.0096
dbd132c0-8dbc-41a1-9188-e1bc3621ce64	2	122719438	122724665	9	-0.8538
dbd132c0-8dbc-41a1-9188-e1bc3621ce64	2	122726077	128880904	3885	0.0027
dbd132c0-8dbc-41a1-9188-e1bc3621ce64	2	128880928	128882723	13	-0.7286
dbd132c0-8dbc-41a1-9188-e1bc3621ce64	2	128882741	154077477	15334	0.0112
dbd132c0-8dbc-41a1-9188-e1bc3621ce64	2	154079391	154081659	5	-1.3713
dbd132c0-8dbc-41a1-9188-e1bc3621ce64	2	154087320	188254196	20796	0.0092
dbd132c0-8dbc-41a1-9188-e1bc3621ce64	2	188255201	188262203	4	-2.6035
dbd132c0-8dbc-41a1-9188-e1bc3621ce64	2	188264331	207485467	11225	0.0061
dbd132c0-8dbc-41a1-9188-e1bc3621ce64	2	207485523	207485538	2	-1.7329
dbd132c0-8dbc-41a1-9188-e1bc3621ce64	2	207485595	242147305	22086	0.0072
dbd132c0-8dbc-41a1-9188-e1bc3621ce64	3	20930	6604856	5812	0.0114
dbd132c0-8dbc-41a1-9188-e1bc3621ce64	3	6609441	6611461	20	0.4586
dbd132c0-8dbc-41a1-9188-e1bc3621ce64	3	6611535	37935926	21776	0.0012
dbd132c0-8dbc-41a1-9188-e1bc3621ce64	3	37940617	37945437	18	-1.0006
dbd132c0-8dbc-41a1-9188-e1bc3621ce64	3	37945615	68697013	20127	0.0029
dbd132c0-8dbc-41a1-9188-e1bc3621ce64	3	68697108	68698262	14	-1.3138
dbd132c0-8dbc-41a1-9188-e1bc3621ce64	3	68699607	84650033	9911	0.0037
dbd132c0-8dbc-41a1-9188-e1bc3621ce64	3	84650533	84652985	14	-0.7056
dbd132c0-8dbc-41a1-9188-e1bc3621ce64	3	84653010	99218119	5978	0.003
dbd132c0-8dbc-41a1-9188-e1bc3621ce64	3	99218940	99230457	36	-0.5463
dbd132c0-8dbc-41a1-9188-e1bc3621ce64	3	99230464	130044016	18685	0.0041
dbd132c0-8dbc-41a1-9188-e1bc3621ce64	3	130044855	130087393	38	-1.5863
dbd132c0-8dbc-41a1-9188-e1bc3621ce64	3	130088081	132269794	1428	0.0064
dbd132c0-8dbc-41a1-9188-e1bc3621ce64	3	132270020	132276840	8	-0.7367
dbd132c0-8dbc-41a1-9188-e1bc3621ce64	3	132281633	140823697	5286	-0.0009
dbd132c0-8dbc-41a1-9188-e1bc3621ce64	3	140826859	140828142	2	-2.7376
dbd132c0-8dbc-41a1-9188-e1bc3621ce64	3	140841776	152675973	7436	0.0063
dbd132c0-8dbc-41a1-9188-e1bc3621ce64	3	152683166	152909592	129	0.5904
dbd132c0-8dbc-41a1-9188-e1bc3621ce64	3	152912657	162790480	5952	0.0012
dbd132c0-8dbc-41a1-9188-e1bc3621ce64	3	162794869	162908207	70	-0.6084
dbd132c0-8dbc-41a1-9188-e1bc3621ce64	3	162908784	169631156	3902	0.0049
dbd132c0-8dbc-41a1-9188-e1bc3621ce64	3	169632074	169632816	2	-1.3343
dbd132c0-8dbc-41a1-9188-e1bc3621ce64	3	169634670	175362822	3738	0.0124
dbd132c0-8dbc-41a1-9188-e1bc3621ce64	3	175362958	175363437	4	-0.8992
dbd132c0-8dbc-41a1-9188-e1bc3621ce64	3	175363536	183763458	4991	0.0007
dbd132c0-8dbc-41a1-9188-e1bc3621ce64	3	183763646	183763708	2	-1.2139
dbd132c0-8dbc-41a1-9188-e1bc3621ce64	3	183768329	189642965	4006	-0.0045
dbd132c0-8dbc-41a1-9188-e1bc3621ce64	3	189645889	189653225	13	-0.8174
dbd132c0-8dbc-41a1-9188-e1bc3621ce64	3	189654562	193160113	2489	-0.0031
dbd132c0-8dbc-41a1-9188-e1bc3621ce64	3	193160173	193165114	19	-0.4414
dbd132c0-8dbc-41a1-9188-e1bc3621ce64	3	193168646	195559056	1482	-0.0043
dbd132c0-8dbc-41a1-9188-e1bc3621ce64	3	195656271	195720051	25	-0.9932
dbd132c0-8dbc-41a1-9188-e1bc3621ce64	3	195728637	195737444	14	-0.296
dbd132c0-8dbc-41a1-9188-e1bc3621ce64	3	195737636	195747892	5	-0.9968
dbd132c0-8dbc-41a1-9188-e1bc3621ce64	3	195751823	198169247	1165	-0.0309
dbd132c0-8dbc-41a1-9188-e1bc3621ce64	4	68929	10208766	5697	-0.0097
dbd132c0-8dbc-41a1-9188-e1bc3621ce64	4	10221792	10229874	28	2.2258
dbd132c0-8dbc-41a1-9188-e1bc3621ce64	4	10232590	10233644	7	0.6299
dbd132c0-8dbc-41a1-9188-e1bc3621ce64	4	10234518	10390730	172	-0.0047
dbd132c0-8dbc-41a1-9188-e1bc3621ce64	4	10391530	10399044	15	-0.6332
dbd132c0-8dbc-41a1-9188-e1bc3621ce64	4	10401094	26287196	11533	0.0004
dbd132c0-8dbc-41a1-9188-e1bc3621ce64	4	26290363	26293154	3	-1.2209
dbd132c0-8dbc-41a1-9188-e1bc3621ce64	4	26293552	34784878	5240	0.0045
dbd132c0-8dbc-41a1-9188-e1bc3621ce64	4	34785333	34822561	36	-0.6382
dbd132c0-8dbc-41a1-9188-e1bc3621ce64	4	34823103	43143380	5524	0.0062
dbd132c0-8dbc-41a1-9188-e1bc3621ce64	4	43143414	43145497	6	-0.798
dbd132c0-8dbc-41a1-9188-e1bc3621ce64	4	43146144	63826341	11013	0.0008
dbd132c0-8dbc-41a1-9188-e1bc3621ce64	4	63827261	63842540	30	0.4704
dbd132c0-8dbc-41a1-9188-e1bc3621ce64	4	63850713	64242890	168	-0.0199
dbd132c0-8dbc-41a1-9188-e1bc3621ce64	4	64243501	64245923	3	0.8919
dbd132c0-8dbc-41a1-9188-e1bc3621ce64	4	64247390	68472846	2697	0.0035
dbd132c0-8dbc-41a1-9188-e1bc3621ce64	4	68478894	68671434	74	-0.234
dbd132c0-8dbc-41a1-9188-e1bc3621ce64	4	68674307	154881396	51687	0.0037
dbd132c0-8dbc-41a1-9188-e1bc3621ce64	4	154881853	154881926	3	-3.3716
dbd132c0-8dbc-41a1-9188-e1bc3621ce64	4	154882047	171448195	10593	0.004
dbd132c0-8dbc-41a1-9188-e1bc3621ce64	4	171453733	171456559	10	-1.333
dbd132c0-8dbc-41a1-9188-e1bc3621ce64	4	171456573	172066777	399	0.0005
dbd132c0-8dbc-41a1-9188-e1bc3621ce64	4	172067997	172068382	12	-1.6605
dbd132c0-8dbc-41a1-9188-e1bc3621ce64	4	172074828	184200401	8112	0.0086
dbd132c0-8dbc-41a1-9188-e1bc3621ce64	4	184200563	184200580	2	-1.493
dbd132c0-8dbc-41a1-9188-e1bc3621ce64	4	184202241	189267889	3605	0.001
dbd132c0-8dbc-41a1-9188-e1bc3621ce64	4	189273964	189274508	3	-2.3377
dbd132c0-8dbc-41a1-9188-e1bc3621ce64	4	189278110	190106768	351	-0.0123
dbd132c0-8dbc-41a1-9188-e1bc3621ce64	5	15532	647701	285	-0.0534
dbd132c0-8dbc-41a1-9188-e1bc3621ce64	5	653466	801456	51	-0.2931
dbd132c0-8dbc-41a1-9188-e1bc3621ce64	5	801650	7924929	5942	-0.0086
dbd132c0-8dbc-41a1-9188-e1bc3621ce64	5	7930588	7931168	4	-1.0649
dbd132c0-8dbc-41a1-9188-e1bc3621ce64	5	7932296	12128171	3543	0.0022
dbd132c0-8dbc-41a1-9188-e1bc3621ce64	5	12128860	12128874	2	-1.5165
dbd132c0-8dbc-41a1-9188-e1bc3621ce64	5	12131282	12791608	350	0.0065
dbd132c0-8dbc-41a1-9188-e1bc3621ce64	5	12800777	12838421	15	0.7408
dbd132c0-8dbc-41a1-9188-e1bc3621ce64	5	12849089	104515520	52364	0.0042
dbd132c0-8dbc-41a1-9188-e1bc3621ce64	5	104524672	104524903	4	-1.5914
dbd132c0-8dbc-41a1-9188-e1bc3621ce64	5	104525348	150822643	29760	0.0018
dbd132c0-8dbc-41a1-9188-e1bc3621ce64	5	150825938	150839042	8	-0.9622
dbd132c0-8dbc-41a1-9188-e1bc3621ce64	5	150843825	156048095	3632	-0.0087
dbd132c0-8dbc-41a1-9188-e1bc3621ce64	5	156049762	156068247	16	-0.6996
dbd132c0-8dbc-41a1-9188-e1bc3621ce64	5	156068249	156521682	334	0.0171
dbd132c0-8dbc-41a1-9188-e1bc3621ce64	5	156523279	156524553	3	-1.2374
dbd132c0-8dbc-41a1-9188-e1bc3621ce64	5	156524864	180947523	16244	-0.0041
dbd132c0-8dbc-41a1-9188-e1bc3621ce64	5	180951710	180979968	11	0.759
dbd132c0-8dbc-41a1-9188-e1bc3621ce64	5	180980230	181363319	178	-0.0347
dbd132c0-8dbc-41a1-9188-e1bc3621ce64	6	149661	302306	125	0.0261
dbd132c0-8dbc-41a1-9188-e1bc3621ce64	6	303017	381149	77	-0.4373
dbd132c0-8dbc-41a1-9188-e1bc3621ce64	6	382559	23742789	17984	0.0013
dbd132c0-8dbc-41a1-9188-e1bc3621ce64	6	23744444	23745202	2	-2.913
dbd132c0-8dbc-41a1-9188-e1bc3621ce64	6	23747504	29869411	3441	0.0006
dbd132c0-8dbc-41a1-9188-e1bc3621ce64	6	29869537	29875657	7	-0.5745
dbd132c0-8dbc-41a1-9188-e1bc3621ce64	6	29876257	29881490	7	-1.4804
dbd132c0-8dbc-41a1-9188-e1bc3621ce64	6	29882419	32614112	1209	-0.02
dbd132c0-8dbc-41a1-9188-e1bc3621ce64	6	32614426	32625244	4	-2.2711
dbd132c0-8dbc-41a1-9188-e1bc3621ce64	6	32626664	32637799	8	-0.697
dbd132c0-8dbc-41a1-9188-e1bc3621ce64	6	32638107	32722250	53	0.0279
dbd132c0-8dbc-41a1-9188-e1bc3621ce64	6	32723020	32723053	3	-1.3517
dbd132c0-8dbc-41a1-9188-e1bc3621ce64	6	32732907	54066269	13629	-0.001
dbd132c0-8dbc-41a1-9188-e1bc3621ce64	6	54066286	54067057	8	-1.341
dbd132c0-8dbc-41a1-9188-e1bc3621ce64	6	54070550	62213920	2969	0.005
dbd132c0-8dbc-41a1-9188-e1bc3621ce64	6	62215737	62218399	4	-1.1811
dbd132c0-8dbc-41a1-9188-e1bc3621ce64	6	62221798	64627049	1248	0.0088
dbd132c0-8dbc-41a1-9188-e1bc3621ce64	6	64637651	64639099	2	-2.6377
dbd132c0-8dbc-41a1-9188-e1bc3621ce64	6	64640883	65411803	512	0.0043
dbd132c0-8dbc-41a1-9188-e1bc3621ce64	6	65412156	65412175	2	-2.0712
dbd132c0-8dbc-41a1-9188-e1bc3621ce64	6	65412219	72153222	4550	0.0021
dbd132c0-8dbc-41a1-9188-e1bc3621ce64	6	72156821	72157169	2	-2.8689
dbd132c0-8dbc-41a1-9188-e1bc3621ce64	6	72158860	73882142	1087	0.0118
dbd132c0-8dbc-41a1-9188-e1bc3621ce64	6	73882509	73891694	10	0.6829
dbd132c0-8dbc-41a1-9188-e1bc3621ce64	6	73893839	76726815	1768	0.0033
dbd132c0-8dbc-41a1-9188-e1bc3621ce64	6	76730151	76742956	19	-0.6606
dbd132c0-8dbc-41a1-9188-e1bc3621ce64	6	76742972	78253172	978	-0.0071
dbd132c0-8dbc-41a1-9188-e1bc3621ce64	6	78259348	78325457	111	-0.3724
dbd132c0-8dbc-41a1-9188-e1bc3621ce64	6	78325468	103286954	15462	0.0014
dbd132c0-8dbc-41a1-9188-e1bc3621ce64	6	103290101	103314186	46	0.6006
dbd132c0-8dbc-41a1-9188-e1bc3621ce64	6	103317795	152875019	31687	0.0036
dbd132c0-8dbc-41a1-9188-e1bc3621ce64	6	152875080	152881929	3	1.0718
dbd132c0-8dbc-41a1-9188-e1bc3621ce64	6	152884175	170741917	12422	0.0062
dbd132c0-8dbc-41a1-9188-e1bc3621ce64	7	43355	54318812	38453	0.0003
dbd132c0-8dbc-41a1-9188-e1bc3621ce64	7	54318816	54318824	5	-2.4143
dbd132c0-8dbc-41a1-9188-e1bc3621ce64	7	54325795	70955452	6122	-0.0071
dbd132c0-8dbc-41a1-9188-e1bc3621ce64	7	70958264	70961155	2	-1.7784
dbd132c0-8dbc-41a1-9188-e1bc3621ce64	7	70963257	77093078	2311	-0.0047
dbd132c0-8dbc-41a1-9188-e1bc3621ce64	7	77105116	77106361	2	1.8663
dbd132c0-8dbc-41a1-9188-e1bc3621ce64	7	77109303	97980107	13494	0.0036
dbd132c0-8dbc-41a1-9188-e1bc3621ce64	7	97982029	97982712	2	-1.5949
dbd132c0-8dbc-41a1-9188-e1bc3621ce64	7	97982736	134100424	21252	0.0008
dbd132c0-8dbc-41a1-9188-e1bc3621ce64	7	134100442	134102334	15	-2.7441
dbd132c0-8dbc-41a1-9188-e1bc3621ce64	7	134104128	134105690	9	-1.991
dbd132c0-8dbc-41a1-9188-e1bc3621ce64	7	134110881	134114444	12	-0.4507
dbd132c0-8dbc-41a1-9188-e1bc3621ce64	7	134121491	142063324	5191	-0.0046
dbd132c0-8dbc-41a1-9188-e1bc3621ce64	7	142069843	142108086	38	0.2887
dbd132c0-8dbc-41a1-9188-e1bc3621ce64	7	142108773	153450553	6759	0.0035
dbd132c0-8dbc-41a1-9188-e1bc3621ce64	7	153450560	153450627	2	-2.6191
dbd132c0-8dbc-41a1-9188-e1bc3621ce64	7	153450630	154601461	852	-0.0149
dbd132c0-8dbc-41a1-9188-e1bc3621ce64	7	154604397	154607903	3	-2.2338
dbd132c0-8dbc-41a1-9188-e1bc3621ce64	7	154609120	159334314	3234	-0.0048
dbd132c0-8dbc-41a1-9188-e1bc3621ce64	8	81254	1224929	725	-0.0101
dbd132c0-8dbc-41a1-9188-e1bc3621ce64	8	1224950	1225141	2	-1.2927
dbd132c0-8dbc-41a1-9188-e1bc3621ce64	8	1225558	1418902	169	-0.0191
dbd132c0-8dbc-41a1-9188-e1bc3621ce64	8	1419196	1419436	2	-1.3795
dbd132c0-8dbc-41a1-9188-e1bc3621ce64	8	1419522	2844412	1139	-0.0193
dbd132c0-8dbc-41a1-9188-e1bc3621ce64	8	2846011	2846377	7	0.815
dbd132c0-8dbc-41a1-9188-e1bc3621ce64	8	2849649	7176273	5674	0.0086
dbd132c0-8dbc-41a1-9188-e1bc3621ce64	8	7179297	7414835	30	0.3408
dbd132c0-8dbc-41a1-9188-e1bc3621ce64	8	7422376	8120447	38	-0.4481
dbd132c0-8dbc-41a1-9188-e1bc3621ce64	8	8120649	8425966	186	0.0029
dbd132c0-8dbc-41a1-9188-e1bc3621ce64	8	8426157	8433847	7	-0.7608
dbd132c0-8dbc-41a1-9188-e1bc3621ce64	8	8434235	12025748	3024	0.0009
dbd132c0-8dbc-41a1-9188-e1bc3621ce64	8	12035719	12143614	9	-0.1329
dbd132c0-8dbc-41a1-9188-e1bc3621ce64	8	12176798	12389977	31	-0.6238
dbd132c0-8dbc-41a1-9188-e1bc3621ce64	8	12418301	13797247	1133	0.0098
dbd132c0-8dbc-41a1-9188-e1bc3621ce64	8	13797893	13799452	5	-0.838
dbd132c0-8dbc-41a1-9188-e1bc3621ce64	8	13801442	14652059	823	-0.003
dbd132c0-8dbc-41a1-9188-e1bc3621ce64	8	14652523	14652552	2	-1.5511
dbd132c0-8dbc-41a1-9188-e1bc3621ce64	8	14652565	145072769	82387	0.0012
dbd132c0-8dbc-41a1-9188-e1bc3621ce64	9	46587	1520634	1595	0.0085
dbd132c0-8dbc-41a1-9188-e1bc3621ce64	9	1521163	1521178	2	1.2655
dbd132c0-8dbc-41a1-9188-e1bc3621ce64	9	1521204	4487541	3025	0.0036
dbd132c0-8dbc-41a1-9188-e1bc3621ce64	9	4487575	4490134	2	-1.403
dbd132c0-8dbc-41a1-9188-e1bc3621ce64	9	4493526	6695986	1745	-0.0077
dbd132c0-8dbc-41a1-9188-e1bc3621ce64	9	6701145	6708357	7	-0.9136
dbd132c0-8dbc-41a1-9188-e1bc3621ce64	9	6712314	41635766	24864	0.0022
dbd132c0-8dbc-41a1-9188-e1bc3621ce64	9	41639988	42736668	68	0.3255
dbd132c0-8dbc-41a1-9188-e1bc3621ce64	9	42737525	138200944	48113	-0.0027
dbd132c0-8dbc-41a1-9188-e1bc3621ce64	10	45792	2926855	2347	0.0016
dbd132c0-8dbc-41a1-9188-e1bc3621ce64	10	2927420	2928113	3	-2.3875
dbd132c0-8dbc-41a1-9188-e1bc3621ce64	10	2928883	54685856	34504	0.0045
dbd132c0-8dbc-41a1-9188-e1bc3621ce64	10	54693189	54708677	13	1.3775
dbd132c0-8dbc-41a1-9188-e1bc3621ce64	10	54712504	54920517	151	-0.0336
dbd132c0-8dbc-41a1-9188-e1bc3621ce64	10	54923330	54932839	6	-0.7099
dbd132c0-8dbc-41a1-9188-e1bc3621ce64	10	54935658	57450745	1796	0.0174
dbd132c0-8dbc-41a1-9188-e1bc3621ce64	10	57450761	57451013	3	-1.7348
dbd132c0-8dbc-41a1-9188-e1bc3621ce64	10	57458735	59598098	1525	0.0022
dbd132c0-8dbc-41a1-9188-e1bc3621ce64	10	59598509	59605506	9	-0.6958
dbd132c0-8dbc-41a1-9188-e1bc3621ce64	10	59605724	65545353	4018	-0.0029
dbd132c0-8dbc-41a1-9188-e1bc3621ce64	10	65546321	65554688	31	0.3881
dbd132c0-8dbc-41a1-9188-e1bc3621ce64	10	65563037	133415637	46026	-0.0029
dbd132c0-8dbc-41a1-9188-e1bc3621ce64	10	133416215	133416364	2	1.5309
dbd132c0-8dbc-41a1-9188-e1bc3621ce64	10	133419150	133654968	148	-0.0643
dbd132c0-8dbc-41a1-9188-e1bc3621ce64	11	198510	1626349	485	-0.0198
dbd132c0-8dbc-41a1-9188-e1bc3621ce64	11	1627184	1627418	2	-1.3391
dbd132c0-8dbc-41a1-9188-e1bc3621ce64	11	1628657	4274526	1263	0.0005
dbd132c0-8dbc-41a1-9188-e1bc3621ce64	11	4280126	4337579	15	0.7658
dbd132c0-8dbc-41a1-9188-e1bc3621ce64	11	4337826	5762452	1462	0.0062
dbd132c0-8dbc-41a1-9188-e1bc3621ce64	11	5762693	5787909	34	-0.327
dbd132c0-8dbc-41a1-9188-e1bc3621ce64	11	5788108	7788131	1494	0.0035
dbd132c0-8dbc-41a1-9188-e1bc3621ce64	11	7791493	7820036	10	-0.6284
dbd132c0-8dbc-41a1-9188-e1bc3621ce64	11	7820250	18929959	7905	0.0004
dbd132c0-8dbc-41a1-9188-e1bc3621ce64	11	18930146	18937343	18	-0.4004
dbd132c0-8dbc-41a1-9188-e1bc3621ce64	11	18938477	44277911	18206	-0.002
dbd132c0-8dbc-41a1-9188-e1bc3621ce64	11	44278291	44284831	9	-1.1084
dbd132c0-8dbc-41a1-9188-e1bc3621ce64	11	44285357	55609022	3540	0.0013
dbd132c0-8dbc-41a1-9188-e1bc3621ce64	11	55609035	55685058	48	-0.27
dbd132c0-8dbc-41a1-9188-e1bc3621ce64	11	55685501	64884458	5135	0.0017
dbd132c0-8dbc-41a1-9188-e1bc3621ce64	11	64886292	65945545	419	-0.0863
dbd132c0-8dbc-41a1-9188-e1bc3621ce64	11	65951146	79305234	6943	-0.0015
dbd132c0-8dbc-41a1-9188-e1bc3621ce64	11	79305254	79305269	2	-1.4643
dbd132c0-8dbc-41a1-9188-e1bc3621ce64	11	79305315	86594619	5239	-0.0007
dbd132c0-8dbc-41a1-9188-e1bc3621ce64	11	86594771	86604132	6	-0.9556
dbd132c0-8dbc-41a1-9188-e1bc3621ce64	11	86605034	100912648	10008	-0.0001
dbd132c0-8dbc-41a1-9188-e1bc3621ce64	11	100914718	100916271	3	-1.0978
dbd132c0-8dbc-41a1-9188-e1bc3621ce64	11	100923145	101723653	779	0.0043
dbd132c0-8dbc-41a1-9188-e1bc3621ce64	11	101727129	101727233	4	1.0209
dbd132c0-8dbc-41a1-9188-e1bc3621ce64	11	101727481	108690592	4590	0.0077
dbd132c0-8dbc-41a1-9188-e1bc3621ce64	11	108693481	108799542	65	-1.1167
dbd132c0-8dbc-41a1-9188-e1bc3621ce64	11	108803385	135074876	19045	-0.0042
dbd132c0-8dbc-41a1-9188-e1bc3621ce64	12	51460	1614425	910	-0.0071
dbd132c0-8dbc-41a1-9188-e1bc3621ce64	12	1616587	1620182	2	-1.2194
dbd132c0-8dbc-41a1-9188-e1bc3621ce64	12	1620469	9481274	5254	-0.0027
dbd132c0-8dbc-41a1-9188-e1bc3621ce64	12	9485313	9575696	23	0.9811
dbd132c0-8dbc-41a1-9188-e1bc3621ce64	12	9582373	17480004	5475	-0.0061
dbd132c0-8dbc-41a1-9188-e1bc3621ce64	12	17481171	17481423	3	-1.1291
dbd132c0-8dbc-41a1-9188-e1bc3621ce64	12	17484137	25701397	5669	-0.001
dbd132c0-8dbc-41a1-9188-e1bc3621ce64	12	25702440	25707166	3	-1.0035
dbd132c0-8dbc-41a1-9188-e1bc3621ce64	12	25712323	29082036	2420	0.0101
dbd132c0-8dbc-41a1-9188-e1bc3621ce64	12	29084207	29084813	2	-1.2286
dbd132c0-8dbc-41a1-9188-e1bc3621ce64	12	29085283	30082648	720	0.0001
dbd132c0-8dbc-41a1-9188-e1bc3621ce64	12	30086334	30090756	24	-0.603
dbd132c0-8dbc-41a1-9188-e1bc3621ce64	12	30090789	41151053	5081	0.0032
dbd132c0-8dbc-41a1-9188-e1bc3621ce64	12	41151090	41151393	2	-1.2409
dbd132c0-8dbc-41a1-9188-e1bc3621ce64	12	41151426	45506042	2780	-0.0055
dbd132c0-8dbc-41a1-9188-e1bc3621ce64	12	45510655	45515754	4	-1.296
dbd132c0-8dbc-41a1-9188-e1bc3621ce64	12	45519509	52185510	3624	0.0001
dbd132c0-8dbc-41a1-9188-e1bc3621ce64	12	52185563	52186269	2	-1.2584
dbd132c0-8dbc-41a1-9188-e1bc3621ce64	12	52186286	60478823	5048	0.0002
dbd132c0-8dbc-41a1-9188-e1bc3621ce64	12	60480818	60482438	4	-1.0266
dbd132c0-8dbc-41a1-9188-e1bc3621ce64	12	60482511	70478078	6485	0.0037
dbd132c0-8dbc-41a1-9188-e1bc3621ce64	12	70478895	70485653	11	-0.5387
dbd132c0-8dbc-41a1-9188-e1bc3621ce64	12	70485879	71913836	942	0.0191
dbd132c0-8dbc-41a1-9188-e1bc3621ce64	12	71915290	71920626	5	0.7662
dbd132c0-8dbc-41a1-9188-e1bc3621ce64	12	71922386	75816294	2369	-0.0011
dbd132c0-8dbc-41a1-9188-e1bc3621ce64	12	75817732	75821974	7	-1.4281
dbd132c0-8dbc-41a1-9188-e1bc3621ce64	12	75823187	133201603	37896	-0.0012
dbd132c0-8dbc-41a1-9188-e1bc3621ce64	13	18452809	57097752	25953	0.0002
dbd132c0-8dbc-41a1-9188-e1bc3621ce64	13	57099677	57099696	2	-1.4882
dbd132c0-8dbc-41a1-9188-e1bc3621ce64	13	57102230	57176962	34	-0.0893
dbd132c0-8dbc-41a1-9188-e1bc3621ce64	13	57184136	57204246	34	-0.7875
dbd132c0-8dbc-41a1-9188-e1bc3621ce64	13	57215580	63771651	3861	0.0014
dbd132c0-8dbc-41a1-9188-e1bc3621ce64	13	63771686	63845058	40	0.4897
dbd132c0-8dbc-41a1-9188-e1bc3621ce64	13	63845422	114342922	34141	-0.0004
dbd132c0-8dbc-41a1-9188-e1bc3621ce64	14	18239283	18976793	27	0.0447
dbd132c0-8dbc-41a1-9188-e1bc3621ce64	14	19011729	19954424	139	-0.3799
dbd132c0-8dbc-41a1-9188-e1bc3621ce64	14	19955213	21668218	1135	-0.0119
dbd132c0-8dbc-41a1-9188-e1bc3621ce64	14	21668239	22623202	821	0.0732
dbd132c0-8dbc-41a1-9188-e1bc3621ce64	14	22625942	22630304	7	-1.0974
dbd132c0-8dbc-41a1-9188-e1bc3621ce64	14	22630485	41141293	11613	0
dbd132c0-8dbc-41a1-9188-e1bc3621ce64	14	41141487	41184774	12	-3.4913
dbd132c0-8dbc-41a1-9188-e1bc3621ce64	14	41188046	41188146	2	-1.3585
dbd132c0-8dbc-41a1-9188-e1bc3621ce64	14	41200899	106258891	41266	0.0002
dbd132c0-8dbc-41a1-9188-e1bc3621ce64	14	106260759	106266923	7	0.7295
dbd132c0-8dbc-41a1-9188-e1bc3621ce64	14	106271566	106719325	236	0.0393
dbd132c0-8dbc-41a1-9188-e1bc3621ce64	14	106769689	106770361	4	-0.7957
dbd132c0-8dbc-41a1-9188-e1bc3621ce64	14	106775945	106877229	68	-0.0209
dbd132c0-8dbc-41a1-9188-e1bc3621ce64	15	19811075	20001686	45	0.0404
dbd132c0-8dbc-41a1-9188-e1bc3621ce64	15	20011702	20373168	43	-0.7791
dbd132c0-8dbc-41a1-9188-e1bc3621ce64	15	20376198	20376311	7	0.1192
dbd132c0-8dbc-41a1-9188-e1bc3621ce64	15	20380735	21417107	80	-0.8908
dbd132c0-8dbc-41a1-9188-e1bc3621ce64	15	21975606	22003073	4	1.1379
dbd132c0-8dbc-41a1-9188-e1bc3621ce64	15	22005276	22413894	30	-0.8296
dbd132c0-8dbc-41a1-9188-e1bc3621ce64	15	22455811	32565281	5727	0
dbd132c0-8dbc-41a1-9188-e1bc3621ce64	15	32567657	32584783	3	-1.2688
dbd132c0-8dbc-41a1-9188-e1bc3621ce64	15	32610782	41877905	6347	0.0047
dbd132c0-8dbc-41a1-9188-e1bc3621ce64	15	41878144	41879264	2	-1.326
dbd132c0-8dbc-41a1-9188-e1bc3621ce64	15	41883659	83871965	26030	0.0009
dbd132c0-8dbc-41a1-9188-e1bc3621ce64	15	83871986	83878795	8	-2.4132
dbd132c0-8dbc-41a1-9188-e1bc3621ce64	15	83879115	101928837	13180	-0.0037
dbd132c0-8dbc-41a1-9188-e1bc3621ce64	16	10777	1581850	523	-0.0929
dbd132c0-8dbc-41a1-9188-e1bc3621ce64	16	1582559	6907886	3745	0.0007
dbd132c0-8dbc-41a1-9188-e1bc3621ce64	16	6907922	6908175	2	-1.3475
dbd132c0-8dbc-41a1-9188-e1bc3621ce64	16	6908453	18104860	8479	-0.0024
dbd132c0-8dbc-41a1-9188-e1bc3621ce64	16	18134261	18540265	14	-0.5136
dbd132c0-8dbc-41a1-9188-e1bc3621ce64	16	18545398	35583505	7585	-0.011
dbd132c0-8dbc-41a1-9188-e1bc3621ce64	16	35585454	35600724	3	-1.2674
dbd132c0-8dbc-41a1-9188-e1bc3621ce64	16	35601428	88457407	30775	-0.0016
dbd132c0-8dbc-41a1-9188-e1bc3621ce64	16	88459366	90096867	678	-0.0734
dbd132c0-8dbc-41a1-9188-e1bc3621ce64	17	150733	17557360	10923	-0.0038
dbd132c0-8dbc-41a1-9188-e1bc3621ce64	17	17560485	17560700	2	-1.4175
dbd132c0-8dbc-41a1-9188-e1bc3621ce64	17	17562900	18455632	458	-0.0107
dbd132c0-8dbc-41a1-9188-e1bc3621ce64	17	18455635	18561907	25	0.4414
dbd132c0-8dbc-41a1-9188-e1bc3621ce64	17	18565883	19594577	359	-0.0319
dbd132c0-8dbc-41a1-9188-e1bc3621ce64	17	19596423	19635134	30	-0.8741
dbd132c0-8dbc-41a1-9188-e1bc3621ce64	17	19635445	28452035	1861	0.0017
dbd132c0-8dbc-41a1-9188-e1bc3621ce64	17	28454323	28455301	2	-2.4491
dbd132c0-8dbc-41a1-9188-e1bc3621ce64	17	28462253	46136346	9687	-0.0082
dbd132c0-8dbc-41a1-9188-e1bc3621ce64	17	46136800	46687628	96	-0.4819
dbd132c0-8dbc-41a1-9188-e1bc3621ce64	17	46707286	49859954	1620	0.0025
dbd132c0-8dbc-41a1-9188-e1bc3621ce64	17	49861110	49864510	3	-1.5141
dbd132c0-8dbc-41a1-9188-e1bc3621ce64	17	49865012	83091923	19917	-0.0037
dbd132c0-8dbc-41a1-9188-e1bc3621ce64	18	48133	41551617	23370	0.0014
dbd132c0-8dbc-41a1-9188-e1bc3621ce64	18	41553782	41554878	4	-1.3686
dbd132c0-8dbc-41a1-9188-e1bc3621ce64	18	41555387	54722849	8955	0.0017
dbd132c0-8dbc-41a1-9188-e1bc3621ce64	18	54724343	54726513	2	-1.4506
dbd132c0-8dbc-41a1-9188-e1bc3621ce64	18	54726933	80257174	18359	0.002
dbd132c0-8dbc-41a1-9188-e1bc3621ce64	19	90910	19720735	8493	-0.01
dbd132c0-8dbc-41a1-9188-e1bc3621ce64	19	19724944	19725867	2	-1.6614
dbd132c0-8dbc-41a1-9188-e1bc3621ce64	19	19729959	35364547	8197	-0.0045
dbd132c0-8dbc-41a1-9188-e1bc3621ce64	19	35365141	35370946	19	-0.7103
dbd132c0-8dbc-41a1-9188-e1bc3621ce64	19	35375842	58586487	12382	-0.01
dbd132c0-8dbc-41a1-9188-e1bc3621ce64	20	80664	1580353	1203	-0.0075
dbd132c0-8dbc-41a1-9188-e1bc3621ce64	20	1580934	1601561	36	1.6055
dbd132c0-8dbc-41a1-9188-e1bc3621ce64	20	1609611	64324800	41105	-0.0019
dbd132c0-8dbc-41a1-9188-e1bc3621ce64	21	10354168	26908194	9848	0.0048
dbd132c0-8dbc-41a1-9188-e1bc3621ce64	21	26910341	26910533	3	-1.2916
dbd132c0-8dbc-41a1-9188-e1bc3621ce64	21	26911285	46677045	13985	0.0013
dbd132c0-8dbc-41a1-9188-e1bc3621ce64	22	15294547	23815063	4280	-0.0321
dbd132c0-8dbc-41a1-9188-e1bc3621ce64	22	23820816	23823674	4	-2.1338
dbd132c0-8dbc-41a1-9188-e1bc3621ce64	22	23827520	38894915	10897	-0.0062
dbd132c0-8dbc-41a1-9188-e1bc3621ce64	22	38899250	38900899	3	1.0566
dbd132c0-8dbc-41a1-9188-e1bc3621ce64	22	38903109	49814891	7657	-0.0047
dbd132c0-8dbc-41a1-9188-e1bc3621ce64	22	49817660	50796027	409	-0.087
dbd132c0-8dbc-41a1-9188-e1bc3621ce64	X	251810	10398342	5890	-0.0051
dbd132c0-8dbc-41a1-9188-e1bc3621ce64	X	10399913	10400565	2	-1.8224
dbd132c0-8dbc-41a1-9188-e1bc3621ce64	X	10400719	24091338	8726	0.0034
dbd132c0-8dbc-41a1-9188-e1bc3621ce64	X	24094307	24097881	4	-0.9831
dbd132c0-8dbc-41a1-9188-e1bc3621ce64	X	24098320	89719208	31871	0.0012
dbd132c0-8dbc-41a1-9188-e1bc3621ce64	X	89721825	89726410	2	-1.5449
dbd132c0-8dbc-41a1-9188-e1bc3621ce64	X	89728272	109000451	9737	0.0021
dbd132c0-8dbc-41a1-9188-e1bc3621ce64	X	109004403	109016578	2	-1.49
dbd132c0-8dbc-41a1-9188-e1bc3621ce64	X	109018365	155952689	27326	0.0013
dbd132c0-8dbc-41a1-9188-e1bc3621ce64	Y	2782397	6233384	783	-2.7003
dbd132c0-8dbc-41a1-9188-e1bc3621ce64	Y	6249869	25169825	5676	-3.1248
dbd132c0-8dbc-41a1-9188-e1bc3621ce64	Y	25472063	56872112	179	-2.7647
