GDC_Aliquot	Chromosome	Start	End	Num_Probes	Segment_Mean
33d5ecfd-6c11-4e35-98e0-4bf334bc3d09	1	62920	259926	16	-0.0611
33d5ecfd-6c11-4e35-98e0-4bf334bc3d09	1	266187	2012176	320	-0.5403
33d5ecfd-6c11-4e35-98e0-4bf334bc3d09	1	2013116	3305906	408	-0.6895
33d5ecfd-6c11-4e35-98e0-4bf334bc3d09	1	3306063	14908398	6915	-0.5088
33d5ecfd-6c11-4e35-98e0-4bf334bc3d09	1	14911366	14911559	2	-2.8522
33d5ecfd-6c11-4e35-98e0-4bf334bc3d09	1	14912258	16080825	731	-0.5045
33d5ecfd-6c11-4e35-98e0-4bf334bc3d09	1	16082309	16137101	25	0.5265
33d5ecfd-6c11-4e35-98e0-4bf334bc3d09	1	16148206	21996664	3596	-0.5106
33d5ecfd-6c11-4e35-98e0-4bf334bc3d09	1	22001786	22004046	3	-6.2871
33d5ecfd-6c11-4e35-98e0-4bf334bc3d09	1	22010750	22011632	2	-2.2362
33d5ecfd-6c11-4e35-98e0-4bf334bc3d09	1	22015896	54744794	17873	-0.5019
33d5ecfd-6c11-4e35-98e0-4bf334bc3d09	1	54745287	70833470	11628	-0.546
33d5ecfd-6c11-4e35-98e0-4bf334bc3d09	1	70833939	70844842	8	-2.1142
33d5ecfd-6c11-4e35-98e0-4bf334bc3d09	1	70845472	70848541	4	-6.2816
33d5ecfd-6c11-4e35-98e0-4bf334bc3d09	1	70848774	72303233	860	-0.5552
33d5ecfd-6c11-4e35-98e0-4bf334bc3d09	1	72303253	72345450	44	-1.4454
33d5ecfd-6c11-4e35-98e0-4bf334bc3d09	1	72345465	105470754	20747	-0.5483
33d5ecfd-6c11-4e35-98e0-4bf334bc3d09	1	105476583	105481468	20	0.3186
33d5ecfd-6c11-4e35-98e0-4bf334bc3d09	1	105481515	108223733	1933	-0.5294
33d5ecfd-6c11-4e35-98e0-4bf334bc3d09	1	108226680	108274557	2	-2.9615
33d5ecfd-6c11-4e35-98e0-4bf334bc3d09	1	108310648	112147704	2605	-0.5328
33d5ecfd-6c11-4e35-98e0-4bf334bc3d09	1	112153343	112154591	22	0.2004
33d5ecfd-6c11-4e35-98e0-4bf334bc3d09	1	112154619	143494500	5116	-0.5281
33d5ecfd-6c11-4e35-98e0-4bf334bc3d09	1	143541857	151143521	1589	0.2493
33d5ecfd-6c11-4e35-98e0-4bf334bc3d09	1	151143803	151185558	16	0.9671
33d5ecfd-6c11-4e35-98e0-4bf334bc3d09	1	151195484	152583230	813	0.2781
33d5ecfd-6c11-4e35-98e0-4bf334bc3d09	1	152583291	152613762	30	-1.6394
33d5ecfd-6c11-4e35-98e0-4bf334bc3d09	1	152613802	240228440	59168	0.2677
33d5ecfd-6c11-4e35-98e0-4bf334bc3d09	1	240230715	240230824	5	-1.897
33d5ecfd-6c11-4e35-98e0-4bf334bc3d09	1	240230839	248446755	5612	0.2524
33d5ecfd-6c11-4e35-98e0-4bf334bc3d09	1	248447206	248473963	10	-0.6369
33d5ecfd-6c11-4e35-98e0-4bf334bc3d09	1	248475325	248930189	190	0.2825
33d5ecfd-6c11-4e35-98e0-4bf334bc3d09	2	12784	33187980	22845	-0.5018
33d5ecfd-6c11-4e35-98e0-4bf334bc3d09	2	33188126	33193515	2	-3.2527
33d5ecfd-6c11-4e35-98e0-4bf334bc3d09	2	33194902	34476604	984	-0.5111
33d5ecfd-6c11-4e35-98e0-4bf334bc3d09	2	34476668	34502547	36	0.0169
33d5ecfd-6c11-4e35-98e0-4bf334bc3d09	2	34502718	52527330	12848	-0.4999
33d5ecfd-6c11-4e35-98e0-4bf334bc3d09	2	52527342	52554404	39	-1.7624
33d5ecfd-6c11-4e35-98e0-4bf334bc3d09	2	52560811	242147305	111197	-0.5043
33d5ecfd-6c11-4e35-98e0-4bf334bc3d09	3	20930	13021429	10608	0.2833
33d5ecfd-6c11-4e35-98e0-4bf334bc3d09	3	13024175	13052324	30	0.8735
33d5ecfd-6c11-4e35-98e0-4bf334bc3d09	3	13057079	47231395	22467	0.2592
33d5ecfd-6c11-4e35-98e0-4bf334bc3d09	3	47232646	47276640	23	0.9384
33d5ecfd-6c11-4e35-98e0-4bf334bc3d09	3	47280597	51859961	1794	0.2649
33d5ecfd-6c11-4e35-98e0-4bf334bc3d09	3	51863243	52223619	129	0.826
33d5ecfd-6c11-4e35-98e0-4bf334bc3d09	3	52230891	52774224	215	0.3054
33d5ecfd-6c11-4e35-98e0-4bf334bc3d09	3	52775509	52858487	61	0.855
33d5ecfd-6c11-4e35-98e0-4bf334bc3d09	3	52862961	58297995	3701	0.2603
33d5ecfd-6c11-4e35-98e0-4bf334bc3d09	3	58303045	58354197	32	0.844
33d5ecfd-6c11-4e35-98e0-4bf334bc3d09	3	58358429	65202778	5877	0.2724
33d5ecfd-6c11-4e35-98e0-4bf334bc3d09	3	65203560	65224777	52	-0.4267
33d5ecfd-6c11-4e35-98e0-4bf334bc3d09	3	65230674	129590420	36593	0.2524
33d5ecfd-6c11-4e35-98e0-4bf334bc3d09	3	129590612	129611757	16	0.9222
33d5ecfd-6c11-4e35-98e0-4bf334bc3d09	3	129616601	130041779	198	0.2346
33d5ecfd-6c11-4e35-98e0-4bf334bc3d09	3	130044016	130137637	59	-0.032
33d5ecfd-6c11-4e35-98e0-4bf334bc3d09	3	130137903	132270503	1403	0.2469
33d5ecfd-6c11-4e35-98e0-4bf334bc3d09	3	132273893	132276840	4	-1.7236
33d5ecfd-6c11-4e35-98e0-4bf334bc3d09	3	132281633	136300257	2561	0.2491
33d5ecfd-6c11-4e35-98e0-4bf334bc3d09	3	136304109	136306584	2	-1.5619
33d5ecfd-6c11-4e35-98e0-4bf334bc3d09	3	136319699	162788742	16112	0.2478
33d5ecfd-6c11-4e35-98e0-4bf334bc3d09	3	162790390	162898127	67	0.6553
33d5ecfd-6c11-4e35-98e0-4bf334bc3d09	3	162906054	183076795	12158	0.2494
33d5ecfd-6c11-4e35-98e0-4bf334bc3d09	3	183084216	183153511	44	0.773
33d5ecfd-6c11-4e35-98e0-4bf334bc3d09	3	183159454	195752877	8353	0.2533
33d5ecfd-6c11-4e35-98e0-4bf334bc3d09	3	195754940	195934679	77	0.7689
33d5ecfd-6c11-4e35-98e0-4bf334bc3d09	3	195963975	198169247	1082	0.2606
33d5ecfd-6c11-4e35-98e0-4bf334bc3d09	4	68929	4295514	1730	-0.0865
33d5ecfd-6c11-4e35-98e0-4bf334bc3d09	4	4295662	10203397	3915	-0.0517
33d5ecfd-6c11-4e35-98e0-4bf334bc3d09	4	10207101	22969672	9313	-0.1055
33d5ecfd-6c11-4e35-98e0-4bf334bc3d09	4	22976936	34777432	7562	0.2443
33d5ecfd-6c11-4e35-98e0-4bf334bc3d09	4	34784878	34828250	39	1.2899
33d5ecfd-6c11-4e35-98e0-4bf334bc3d09	4	34828291	49289338	8905	0.2566
33d5ecfd-6c11-4e35-98e0-4bf334bc3d09	4	49295203	49656595	19	-0.5924
33d5ecfd-6c11-4e35-98e0-4bf334bc3d09	4	51819533	52303498	286	0.2594
33d5ecfd-6c11-4e35-98e0-4bf334bc3d09	4	52310405	63840033	7238	-0.1029
33d5ecfd-6c11-4e35-98e0-4bf334bc3d09	4	63841863	63842036	3	1.5767
33d5ecfd-6c11-4e35-98e0-4bf334bc3d09	4	63842099	68354665	2824	-0.1191
33d5ecfd-6c11-4e35-98e0-4bf334bc3d09	4	68361130	68395346	6	1.8663
33d5ecfd-6c11-4e35-98e0-4bf334bc3d09	4	68416487	86054070	10791	-0.1023
33d5ecfd-6c11-4e35-98e0-4bf334bc3d09	4	86054941	86058791	20	-0.9548
33d5ecfd-6c11-4e35-98e0-4bf334bc3d09	4	86058936	91152891	3113	-0.1171
33d5ecfd-6c11-4e35-98e0-4bf334bc3d09	4	91152897	91159466	6	-1.692
33d5ecfd-6c11-4e35-98e0-4bf334bc3d09	4	91160414	114258196	13620	-0.1161
33d5ecfd-6c11-4e35-98e0-4bf334bc3d09	4	114258272	114261019	12	-1.6911
33d5ecfd-6c11-4e35-98e0-4bf334bc3d09	4	114263073	154881396	23818	-0.1163
33d5ecfd-6c11-4e35-98e0-4bf334bc3d09	4	154881853	154881926	3	-2.8967
33d5ecfd-6c11-4e35-98e0-4bf334bc3d09	4	154882047	160959045	3877	-0.1198
33d5ecfd-6c11-4e35-98e0-4bf334bc3d09	4	160959151	160963756	17	-0.9437
33d5ecfd-6c11-4e35-98e0-4bf334bc3d09	4	160963767	172066777	7007	-0.1068
33d5ecfd-6c11-4e35-98e0-4bf334bc3d09	4	172067997	172068382	12	-1.5144
33d5ecfd-6c11-4e35-98e0-4bf334bc3d09	4	172074828	189267889	11606	-0.099
33d5ecfd-6c11-4e35-98e0-4bf334bc3d09	4	189273964	189278617	5	-2.1336
33d5ecfd-6c11-4e35-98e0-4bf334bc3d09	4	189290117	190106768	347	-0.0899
33d5ecfd-6c11-4e35-98e0-4bf334bc3d09	5	15532	761010	328	0.2642
33d5ecfd-6c11-4e35-98e0-4bf334bc3d09	5	772967	825192	22	-0.6158
33d5ecfd-6c11-4e35-98e0-4bf334bc3d09	5	825538	12800777	9763	0.2725
33d5ecfd-6c11-4e35-98e0-4bf334bc3d09	5	12815668	12838421	14	-1.0027
33d5ecfd-6c11-4e35-98e0-4bf334bc3d09	5	12849089	21376735	5413	0.2687
33d5ecfd-6c11-4e35-98e0-4bf334bc3d09	5	21377730	21377744	2	-1.6306
33d5ecfd-6c11-4e35-98e0-4bf334bc3d09	5	21385957	21449167	44	0.3179
33d5ecfd-6c11-4e35-98e0-4bf334bc3d09	5	21451091	21451889	4	-1.8028
33d5ecfd-6c11-4e35-98e0-4bf334bc3d09	5	21452329	98143166	42870	0.2585
33d5ecfd-6c11-4e35-98e0-4bf334bc3d09	5	98143216	99286665	644	0.5226
33d5ecfd-6c11-4e35-98e0-4bf334bc3d09	5	99287123	100004133	443	0.6544
33d5ecfd-6c11-4e35-98e0-4bf334bc3d09	5	100006343	129307936	19027	0.5422
33d5ecfd-6c11-4e35-98e0-4bf334bc3d09	5	129308105	129309377	3	-1.5606
33d5ecfd-6c11-4e35-98e0-4bf334bc3d09	5	129309461	152134610	14013	0.5469
33d5ecfd-6c11-4e35-98e0-4bf334bc3d09	5	152135825	152140710	15	-0.4414
33d5ecfd-6c11-4e35-98e0-4bf334bc3d09	5	152140861	180947523	19145	0.5475
33d5ecfd-6c11-4e35-98e0-4bf334bc3d09	5	180951710	180991103	19	-0.2178
33d5ecfd-6c11-4e35-98e0-4bf334bc3d09	5	181006225	181363319	168	0.5452
33d5ecfd-6c11-4e35-98e0-4bf334bc3d09	6	149661	294837	124	0.269
33d5ecfd-6c11-4e35-98e0-4bf334bc3d09	6	302306	385687	85	-0.1756
33d5ecfd-6c11-4e35-98e0-4bf334bc3d09	6	385784	18788547	14239	0.2675
33d5ecfd-6c11-4e35-98e0-4bf334bc3d09	6	18789526	18789733	2	-2.0728
33d5ecfd-6c11-4e35-98e0-4bf334bc3d09	6	18791200	19039888	212	0.2291
33d5ecfd-6c11-4e35-98e0-4bf334bc3d09	6	19041950	19042587	3	-3.5095
33d5ecfd-6c11-4e35-98e0-4bf334bc3d09	6	19044471	29869295	6819	0.2566
33d5ecfd-6c11-4e35-98e0-4bf334bc3d09	6	29869410	29940692	37	0.966
33d5ecfd-6c11-4e35-98e0-4bf334bc3d09	6	29946443	32463515	1130	0.2857
33d5ecfd-6c11-4e35-98e0-4bf334bc3d09	6	32463775	32605994	35	1.3678
33d5ecfd-6c11-4e35-98e0-4bf334bc3d09	6	32606237	54066477	13641	0.273
33d5ecfd-6c11-4e35-98e0-4bf334bc3d09	6	54066582	54067057	4	2.3781
33d5ecfd-6c11-4e35-98e0-4bf334bc3d09	6	54070550	78261995	13073	0.2527
33d5ecfd-6c11-4e35-98e0-4bf334bc3d09	6	78262064	78325223	103	-0.267
33d5ecfd-6c11-4e35-98e0-4bf334bc3d09	6	78325310	93977259	9959	0.2466
33d5ecfd-6c11-4e35-98e0-4bf334bc3d09	6	93978787	94512809	352	0.3674
33d5ecfd-6c11-4e35-98e0-4bf334bc3d09	6	94514050	103299578	5049	0.6611
33d5ecfd-6c11-4e35-98e0-4bf334bc3d09	6	103299596	103314186	34	0.0492
33d5ecfd-6c11-4e35-98e0-4bf334bc3d09	6	103317795	115057911	7248	0.6603
33d5ecfd-6c11-4e35-98e0-4bf334bc3d09	6	115057996	115086809	3	-1.5032
33d5ecfd-6c11-4e35-98e0-4bf334bc3d09	6	115087407	135186379	12495	0.6604
33d5ecfd-6c11-4e35-98e0-4bf334bc3d09	6	135192358	135192433	2	-1.2894
33d5ecfd-6c11-4e35-98e0-4bf334bc3d09	6	135192512	170741917	24047	0.6662
33d5ecfd-6c11-4e35-98e0-4bf334bc3d09	7	43355	25505501	18237	0.2624
33d5ecfd-6c11-4e35-98e0-4bf334bc3d09	7	25509236	25515145	5	-1.0975
33d5ecfd-6c11-4e35-98e0-4bf334bc3d09	7	25516483	29338174	2764	0.2722
33d5ecfd-6c11-4e35-98e0-4bf334bc3d09	7	29341255	29346727	2	-2.3961
33d5ecfd-6c11-4e35-98e0-4bf334bc3d09	7	29346927	38271122	6163	0.2688
33d5ecfd-6c11-4e35-98e0-4bf334bc3d09	7	38271497	38347211	110	0.5188
33d5ecfd-6c11-4e35-98e0-4bf334bc3d09	7	38347842	54318812	10913	0.266
33d5ecfd-6c11-4e35-98e0-4bf334bc3d09	7	54318816	54318824	5	1.7127
33d5ecfd-6c11-4e35-98e0-4bf334bc3d09	7	54325795	97756658	21651	0.2509
33d5ecfd-6c11-4e35-98e0-4bf334bc3d09	7	97766148	97774928	17	-0.5015
33d5ecfd-6c11-4e35-98e0-4bf334bc3d09	7	97774965	98948047	559	0.2417
33d5ecfd-6c11-4e35-98e0-4bf334bc3d09	7	98950573	99357666	248	0.787
33d5ecfd-6c11-4e35-98e0-4bf334bc3d09	7	99359581	126404920	15743	0.2516
33d5ecfd-6c11-4e35-98e0-4bf334bc3d09	7	126405428	126406822	13	1.5484
33d5ecfd-6c11-4e35-98e0-4bf334bc3d09	7	126406823	144264193	11089	0.2569
33d5ecfd-6c11-4e35-98e0-4bf334bc3d09	7	144295437	144312471	3	-1.9865
33d5ecfd-6c11-4e35-98e0-4bf334bc3d09	7	144326306	150588016	3801	0.2483
33d5ecfd-6c11-4e35-98e0-4bf334bc3d09	7	150588713	150604481	8	-0.9666
33d5ecfd-6c11-4e35-98e0-4bf334bc3d09	7	150610834	158324903	5142	0.2736
33d5ecfd-6c11-4e35-98e0-4bf334bc3d09	7	158335896	158339473	2	2.8913
33d5ecfd-6c11-4e35-98e0-4bf334bc3d09	7	158344294	159324709	616	0.2789
33d5ecfd-6c11-4e35-98e0-4bf334bc3d09	7	159324804	159334314	16	-0.5733
33d5ecfd-6c11-4e35-98e0-4bf334bc3d09	8	81254	643041	319	0.2917
33d5ecfd-6c11-4e35-98e0-4bf334bc3d09	8	644944	645892	9	-0.5436
33d5ecfd-6c11-4e35-98e0-4bf334bc3d09	8	645908	4144670	3329	0.2865
33d5ecfd-6c11-4e35-98e0-4bf334bc3d09	8	4144685	4144794	3	-1.1642
33d5ecfd-6c11-4e35-98e0-4bf334bc3d09	8	4145131	4145783	10	0.3749
33d5ecfd-6c11-4e35-98e0-4bf334bc3d09	8	4145941	4145956	2	-2.9334
33d5ecfd-6c11-4e35-98e0-4bf334bc3d09	8	4146039	7982198	4039	0.2799
33d5ecfd-6c11-4e35-98e0-4bf334bc3d09	8	8007744	8120447	8	-0.8203
33d5ecfd-6c11-4e35-98e0-4bf334bc3d09	8	8120649	12092042	3200	0.2855
33d5ecfd-6c11-4e35-98e0-4bf334bc3d09	8	12130217	12143614	6	-0.8176
33d5ecfd-6c11-4e35-98e0-4bf334bc3d09	8	12176798	12385031	24	0.3945
33d5ecfd-6c11-4e35-98e0-4bf334bc3d09	8	12387683	12389977	7	1.247
33d5ecfd-6c11-4e35-98e0-4bf334bc3d09	8	12418301	14529292	1814	0.2824
33d5ecfd-6c11-4e35-98e0-4bf334bc3d09	8	14529351	14529353	2	-1.4364
33d5ecfd-6c11-4e35-98e0-4bf334bc3d09	8	14533629	14652059	126	0.2613
33d5ecfd-6c11-4e35-98e0-4bf334bc3d09	8	14652523	14652565	3	1.6045
33d5ecfd-6c11-4e35-98e0-4bf334bc3d09	8	14652887	25116928	8376	0.2763
33d5ecfd-6c11-4e35-98e0-4bf334bc3d09	8	25116961	25126818	26	-2.445
33d5ecfd-6c11-4e35-98e0-4bf334bc3d09	8	25133589	43388362	11456	0.2743
33d5ecfd-6c11-4e35-98e0-4bf334bc3d09	8	43391214	43442271	16	-0.6338
33d5ecfd-6c11-4e35-98e0-4bf334bc3d09	8	43445688	50118212	2092	0.2641
33d5ecfd-6c11-4e35-98e0-4bf334bc3d09	8	50119451	50119827	8	-1.5136
33d5ecfd-6c11-4e35-98e0-4bf334bc3d09	8	50126018	111282852	37106	0.2563
33d5ecfd-6c11-4e35-98e0-4bf334bc3d09	8	111282973	111283031	3	-2.7662
33d5ecfd-6c11-4e35-98e0-4bf334bc3d09	8	111288052	136881227	17807	0.2584
33d5ecfd-6c11-4e35-98e0-4bf334bc3d09	8	136882257	136882271	2	-1.7796
33d5ecfd-6c11-4e35-98e0-4bf334bc3d09	8	136888490	145072769	4946	0.2754
33d5ecfd-6c11-4e35-98e0-4bf334bc3d09	9	46587	23363117	20213	0.2729
33d5ecfd-6c11-4e35-98e0-4bf334bc3d09	9	23363935	23373486	7	-1.8737
33d5ecfd-6c11-4e35-98e0-4bf334bc3d09	9	23378490	33407122	7335	0.2686
33d5ecfd-6c11-4e35-98e0-4bf334bc3d09	9	33407898	33429324	16	0.8399
33d5ecfd-6c11-4e35-98e0-4bf334bc3d09	9	33431307	39456495	3277	0.2853
33d5ecfd-6c11-4e35-98e0-4bf334bc3d09	9	39459156	41050618	68	0.7635
33d5ecfd-6c11-4e35-98e0-4bf334bc3d09	9	41050990	42014203	59	0.344
33d5ecfd-6c11-4e35-98e0-4bf334bc3d09	9	42037471	42574420	37	-1.3482
33d5ecfd-6c11-4e35-98e0-4bf334bc3d09	9	42585140	42715632	10	1.1223
33d5ecfd-6c11-4e35-98e0-4bf334bc3d09	9	42719891	61405110	45	0.1582
33d5ecfd-6c11-4e35-98e0-4bf334bc3d09	9	61520021	61629689	28	0.7496
33d5ecfd-6c11-4e35-98e0-4bf334bc3d09	9	61633080	64493528	97	0.177
33d5ecfd-6c11-4e35-98e0-4bf334bc3d09	9	64495298	64510407	8	-1.8531
33d5ecfd-6c11-4e35-98e0-4bf334bc3d09	9	64520620	68328914	66	0.5412
33d5ecfd-6c11-4e35-98e0-4bf334bc3d09	9	68335112	119212929	36501	0.2657
33d5ecfd-6c11-4e35-98e0-4bf334bc3d09	9	119213231	125696148	4193	0.3048
33d5ecfd-6c11-4e35-98e0-4bf334bc3d09	9	125697629	125737451	19	0.787
33d5ecfd-6c11-4e35-98e0-4bf334bc3d09	9	125748758	130879296	2948	0.2972
33d5ecfd-6c11-4e35-98e0-4bf334bc3d09	9	130881323	130918474	40	0.7803
33d5ecfd-6c11-4e35-98e0-4bf334bc3d09	9	130925906	138200944	3844	0.3107
33d5ecfd-6c11-4e35-98e0-4bf334bc3d09	10	45792	46116171	31240	0.2655
33d5ecfd-6c11-4e35-98e0-4bf334bc3d09	10	46130381	46281263	108	-0.8841
33d5ecfd-6c11-4e35-98e0-4bf334bc3d09	10	46286440	65546400	12694	0.2639
33d5ecfd-6c11-4e35-98e0-4bf334bc3d09	10	65546518	65554688	29	1.0034
33d5ecfd-6c11-4e35-98e0-4bf334bc3d09	10	65563037	83928094	12180	0.2722
33d5ecfd-6c11-4e35-98e0-4bf334bc3d09	10	83928402	83952441	21	-0.2151
33d5ecfd-6c11-4e35-98e0-4bf334bc3d09	10	83953322	133654968	33673	0.2699
33d5ecfd-6c11-4e35-98e0-4bf334bc3d09	11	198510	4217824	1714	-0.5212
33d5ecfd-6c11-4e35-98e0-4bf334bc3d09	11	4228783	4298484	23	0.2959
33d5ecfd-6c11-4e35-98e0-4bf334bc3d09	11	4306942	4946420	654	-0.5153
33d5ecfd-6c11-4e35-98e0-4bf334bc3d09	11	4947280	4955042	30	0.299
33d5ecfd-6c11-4e35-98e0-4bf334bc3d09	11	4955781	18919309	10090	-0.5352
33d5ecfd-6c11-4e35-98e0-4bf334bc3d09	11	18919323	18940586	48	0.2164
33d5ecfd-6c11-4e35-98e0-4bf334bc3d09	11	18949158	24424822	4316	-0.5392
33d5ecfd-6c11-4e35-98e0-4bf334bc3d09	11	24426346	24426702	3	-6.1574
33d5ecfd-6c11-4e35-98e0-4bf334bc3d09	11	24428711	135074876	69000	-0.5347
33d5ecfd-6c11-4e35-98e0-4bf334bc3d09	12	51460	619544	341	0.2728
33d5ecfd-6c11-4e35-98e0-4bf334bc3d09	12	623433	626814	4	-0.7218
33d5ecfd-6c11-4e35-98e0-4bf334bc3d09	12	626936	784652	120	0.2751
33d5ecfd-6c11-4e35-98e0-4bf334bc3d09	12	784801	1197787	215	0.8236
33d5ecfd-6c11-4e35-98e0-4bf334bc3d09	12	1208486	2126723	573	0.2844
33d5ecfd-6c11-4e35-98e0-4bf334bc3d09	12	2136696	2149240	44	-0.5758
33d5ecfd-6c11-4e35-98e0-4bf334bc3d09	12	2150801	8406040	4268	0.2893
33d5ecfd-6c11-4e35-98e0-4bf334bc3d09	12	8406196	8432076	16	-0.3381
33d5ecfd-6c11-4e35-98e0-4bf334bc3d09	12	8442298	9481274	553	0.2686
33d5ecfd-6c11-4e35-98e0-4bf334bc3d09	12	9485313	9562969	22	-1.4879
33d5ecfd-6c11-4e35-98e0-4bf334bc3d09	12	9575696	11358643	1167	0.2772
33d5ecfd-6c11-4e35-98e0-4bf334bc3d09	12	11358644	11390472	30	-0.8034
33d5ecfd-6c11-4e35-98e0-4bf334bc3d09	12	11399258	57711324	27590	0.2621
33d5ecfd-6c11-4e35-98e0-4bf334bc3d09	12	57713053	58064569	179	0.8196
33d5ecfd-6c11-4e35-98e0-4bf334bc3d09	12	58067981	90089573	20064	0.2479
33d5ecfd-6c11-4e35-98e0-4bf334bc3d09	12	90097892	90098297	7	-1.4484
33d5ecfd-6c11-4e35-98e0-4bf334bc3d09	12	90099780	99480592	6484	0.2434
33d5ecfd-6c11-4e35-98e0-4bf334bc3d09	12	99486790	99488165	2	-1.5641
33d5ecfd-6c11-4e35-98e0-4bf334bc3d09	12	99488186	111375299	7629	0.2672
33d5ecfd-6c11-4e35-98e0-4bf334bc3d09	12	111380176	111410256	15	0.9046
33d5ecfd-6c11-4e35-98e0-4bf334bc3d09	12	111419683	123067678	7507	0.262
33d5ecfd-6c11-4e35-98e0-4bf334bc3d09	12	123071147	123379611	121	0.796
33d5ecfd-6c11-4e35-98e0-4bf334bc3d09	12	123380637	133201603	7209	0.274
33d5ecfd-6c11-4e35-98e0-4bf334bc3d09	13	18452809	31957984	9441	-0.532
33d5ecfd-6c11-4e35-98e0-4bf334bc3d09	13	31958485	31964286	18	-2.4149
33d5ecfd-6c11-4e35-98e0-4bf334bc3d09	13	31965910	37496998	3832	-0.5563
33d5ecfd-6c11-4e35-98e0-4bf334bc3d09	13	37497899	37514250	19	0.3009
33d5ecfd-6c11-4e35-98e0-4bf334bc3d09	13	37514472	97875020	38032	-0.5442
33d5ecfd-6c11-4e35-98e0-4bf334bc3d09	13	97877870	97878315	3	-2.8107
33d5ecfd-6c11-4e35-98e0-4bf334bc3d09	13	97878512	97878542	2	-7.7199
33d5ecfd-6c11-4e35-98e0-4bf334bc3d09	13	97879211	114342922	11984	-0.5628
33d5ecfd-6c11-4e35-98e0-4bf334bc3d09	14	18239283	19078442	32	-0.178
33d5ecfd-6c11-4e35-98e0-4bf334bc3d09	14	19110634	19689684	32	0.5019
33d5ecfd-6c11-4e35-98e0-4bf334bc3d09	14	19732024	19955213	101	1.3891
33d5ecfd-6c11-4e35-98e0-4bf334bc3d09	14	19956767	21905161	1295	0.1099
33d5ecfd-6c11-4e35-98e0-4bf334bc3d09	14	21906219	22490304	503	0.2943
33d5ecfd-6c11-4e35-98e0-4bf334bc3d09	14	22490342	46275002	14574	0.1059
33d5ecfd-6c11-4e35-98e0-4bf334bc3d09	14	46281206	46301210	11	-3.6755
33d5ecfd-6c11-4e35-98e0-4bf334bc3d09	14	46303072	73540147	17359	0.1033
33d5ecfd-6c11-4e35-98e0-4bf334bc3d09	14	73542710	73563196	7	1.2845
33d5ecfd-6c11-4e35-98e0-4bf334bc3d09	14	73563211	90328564	10976	0.0964
33d5ecfd-6c11-4e35-98e0-4bf334bc3d09	14	90329361	90329622	2	-2.063
33d5ecfd-6c11-4e35-98e0-4bf334bc3d09	14	90332551	90569615	137	0.093
33d5ecfd-6c11-4e35-98e0-4bf334bc3d09	14	90572208	90591960	13	0.7229
33d5ecfd-6c11-4e35-98e0-4bf334bc3d09	14	90593314	98024296	5226	0.1187
33d5ecfd-6c11-4e35-98e0-4bf334bc3d09	14	98026506	98027165	2	-1.8477
33d5ecfd-6c11-4e35-98e0-4bf334bc3d09	14	98027742	99601781	1376	0.1304
33d5ecfd-6c11-4e35-98e0-4bf334bc3d09	14	99606442	99637992	28	0.6845
33d5ecfd-6c11-4e35-98e0-4bf334bc3d09	14	99640025	106321086	2955	0.1269
33d5ecfd-6c11-4e35-98e0-4bf334bc3d09	14	106340102	106346129	7	-1.2521
33d5ecfd-6c11-4e35-98e0-4bf334bc3d09	14	106360014	106418444	31	0.1869
33d5ecfd-6c11-4e35-98e0-4bf334bc3d09	14	106423925	106487515	51	-0.4691
33d5ecfd-6c11-4e35-98e0-4bf334bc3d09	14	106487827	106877229	191	0.0979
33d5ecfd-6c11-4e35-98e0-4bf334bc3d09	15	19811075	22794452	264	-0.5372
33d5ecfd-6c11-4e35-98e0-4bf334bc3d09	15	22794544	22795211	2	-3.1381
33d5ecfd-6c11-4e35-98e0-4bf334bc3d09	15	22796883	27673477	3272	-0.5255
33d5ecfd-6c11-4e35-98e0-4bf334bc3d09	15	27674351	27678978	8	-1.9155
33d5ecfd-6c11-4e35-98e0-4bf334bc3d09	15	27680690	27681353	3	-7.6945
33d5ecfd-6c11-4e35-98e0-4bf334bc3d09	15	27682157	27683648	3	-2.4022
33d5ecfd-6c11-4e35-98e0-4bf334bc3d09	15	27684001	30094208	1228	-0.5547
33d5ecfd-6c11-4e35-98e0-4bf334bc3d09	15	30106026	30442554	28	-1.4054
33d5ecfd-6c11-4e35-98e0-4bf334bc3d09	15	30483791	32212063	1047	-0.5402
33d5ecfd-6c11-4e35-98e0-4bf334bc3d09	15	32217691	32339520	17	0.2109
33d5ecfd-6c11-4e35-98e0-4bf334bc3d09	15	32355957	43532017	7134	-0.5167
33d5ecfd-6c11-4e35-98e0-4bf334bc3d09	15	43534833	43886506	101	0.2598
33d5ecfd-6c11-4e35-98e0-4bf334bc3d09	15	43890520	44751714	367	-0.5374
33d5ecfd-6c11-4e35-98e0-4bf334bc3d09	15	44752903	44755741	2	-4.5341
33d5ecfd-6c11-4e35-98e0-4bf334bc3d09	15	44756219	57552686	8057	-0.5253
33d5ecfd-6c11-4e35-98e0-4bf334bc3d09	15	57553134	57586613	35	0.3358
33d5ecfd-6c11-4e35-98e0-4bf334bc3d09	15	57587112	57587525	3	-1.083
33d5ecfd-6c11-4e35-98e0-4bf334bc3d09	15	57587971	57624754	34	0.3267
33d5ecfd-6c11-4e35-98e0-4bf334bc3d09	15	57625623	76599286	11927	-0.5176
33d5ecfd-6c11-4e35-98e0-4bf334bc3d09	15	76599400	76603434	19	-1.3567
33d5ecfd-6c11-4e35-98e0-4bf334bc3d09	15	76609838	91368894	9335	-0.5244
33d5ecfd-6c11-4e35-98e0-4bf334bc3d09	15	91376308	91377862	6	-3.5909
33d5ecfd-6c11-4e35-98e0-4bf334bc3d09	15	91378004	101928837	8068	-0.5369
33d5ecfd-6c11-4e35-98e0-4bf334bc3d09	16	10777	357844	176	-0.6139
33d5ecfd-6c11-4e35-98e0-4bf334bc3d09	16	364608	522855	57	0.0893
33d5ecfd-6c11-4e35-98e0-4bf334bc3d09	16	539842	601788	41	0.6805
33d5ecfd-6c11-4e35-98e0-4bf334bc3d09	16	602298	2699084	630	0.2802
33d5ecfd-6c11-4e35-98e0-4bf334bc3d09	16	2699529	2733546	12	0.9494
33d5ecfd-6c11-4e35-98e0-4bf334bc3d09	16	2738447	5557889	1695	0.2897
33d5ecfd-6c11-4e35-98e0-4bf334bc3d09	16	5558088	5558150	2	-1.5736
33d5ecfd-6c11-4e35-98e0-4bf334bc3d09	16	5558336	16435734	9051	0.2929
33d5ecfd-6c11-4e35-98e0-4bf334bc3d09	16	16449962	16666829	31	-0.2296
33d5ecfd-6c11-4e35-98e0-4bf334bc3d09	16	16692214	21368130	2582	0.2779
33d5ecfd-6c11-4e35-98e0-4bf334bc3d09	16	21401082	21580019	23	1.0036
33d5ecfd-6c11-4e35-98e0-4bf334bc3d09	16	21582134	22546990	363	0.2705
33d5ecfd-6c11-4e35-98e0-4bf334bc3d09	16	22547676	22699421	71	1.0169
33d5ecfd-6c11-4e35-98e0-4bf334bc3d09	16	22701658	29982714	4364	0.2885
33d5ecfd-6c11-4e35-98e0-4bf334bc3d09	16	29983897	30178660	68	0.7085
33d5ecfd-6c11-4e35-98e0-4bf334bc3d09	16	30178721	56839754	8251	0.2806
33d5ecfd-6c11-4e35-98e0-4bf334bc3d09	16	56839928	57022456	105	0.8199
33d5ecfd-6c11-4e35-98e0-4bf334bc3d09	16	57027277	58402957	809	0.2785
33d5ecfd-6c11-4e35-98e0-4bf334bc3d09	16	58404778	58448134	41	0.865
33d5ecfd-6c11-4e35-98e0-4bf334bc3d09	16	58448579	69482265	6802	0.2705
33d5ecfd-6c11-4e35-98e0-4bf334bc3d09	16	69482529	69528282	29	0.7473
33d5ecfd-6c11-4e35-98e0-4bf334bc3d09	16	69528798	90096867	16291	0.2847
33d5ecfd-6c11-4e35-98e0-4bf334bc3d09	17	150733	17971514	11012	-0.5414
33d5ecfd-6c11-4e35-98e0-4bf334bc3d09	17	17974107	18414080	260	0.116
33d5ecfd-6c11-4e35-98e0-4bf334bc3d09	17	18452078	18561907	27	0.577
33d5ecfd-6c11-4e35-98e0-4bf334bc3d09	17	18565883	30111845	2943	0.1173
33d5ecfd-6c11-4e35-98e0-4bf334bc3d09	17	30117165	30950096	350	-0.0957
33d5ecfd-6c11-4e35-98e0-4bf334bc3d09	17	30950471	30953423	3	-1.7373
33d5ecfd-6c11-4e35-98e0-4bf334bc3d09	17	30956050	33812308	1833	-0.0758
33d5ecfd-6c11-4e35-98e0-4bf334bc3d09	17	33812789	68108598	19260	-0.5127
33d5ecfd-6c11-4e35-98e0-4bf334bc3d09	17	68112848	68178765	36	-4.3571
33d5ecfd-6c11-4e35-98e0-4bf334bc3d09	17	68183009	70108837	1259	-0.5167
33d5ecfd-6c11-4e35-98e0-4bf334bc3d09	17	70109486	72680271	2042	-0.0899
33d5ecfd-6c11-4e35-98e0-4bf334bc3d09	17	72680651	75411300	1773	0.1185
33d5ecfd-6c11-4e35-98e0-4bf334bc3d09	17	75412029	75432295	8	-0.253
33d5ecfd-6c11-4e35-98e0-4bf334bc3d09	17	75433634	82018602	3336	0.301
33d5ecfd-6c11-4e35-98e0-4bf334bc3d09	17	82021628	82159528	53	0.7548
33d5ecfd-6c11-4e35-98e0-4bf334bc3d09	17	82161769	82244836	25	1.1972
33d5ecfd-6c11-4e35-98e0-4bf334bc3d09	17	82245391	82291884	19	0.9273
33d5ecfd-6c11-4e35-98e0-4bf334bc3d09	17	82294743	83091923	400	0.2716
33d5ecfd-6c11-4e35-98e0-4bf334bc3d09	18	48133	40680516	22549	-0.5349
33d5ecfd-6c11-4e35-98e0-4bf334bc3d09	18	40680526	40685399	12	-1.7172
33d5ecfd-6c11-4e35-98e0-4bf334bc3d09	18	40685413	78900693	26891	-0.5349
33d5ecfd-6c11-4e35-98e0-4bf334bc3d09	18	78902714	78904863	4	-4.7605
33d5ecfd-6c11-4e35-98e0-4bf334bc3d09	18	78906449	80257174	699	-0.5685
33d5ecfd-6c11-4e35-98e0-4bf334bc3d09	19	90910	20411869	8887	0.2812
33d5ecfd-6c11-4e35-98e0-4bf334bc3d09	19	20413400	20538428	70	-0.567
33d5ecfd-6c11-4e35-98e0-4bf334bc3d09	19	20538656	35358420	7671	0.2886
33d5ecfd-6c11-4e35-98e0-4bf334bc3d09	19	35364451	35370946	21	-1.5411
33d5ecfd-6c11-4e35-98e0-4bf334bc3d09	19	35375842	40856268	2767	0.279
33d5ecfd-6c11-4e35-98e0-4bf334bc3d09	19	40859322	40886250	17	0.9458
33d5ecfd-6c11-4e35-98e0-4bf334bc3d09	19	40886749	42184857	646	0.2813
33d5ecfd-6c11-4e35-98e0-4bf334bc3d09	19	42191863	42192546	2	-3.8888
33d5ecfd-6c11-4e35-98e0-4bf334bc3d09	19	42196376	45702023	1769	0.278
33d5ecfd-6c11-4e35-98e0-4bf334bc3d09	19	45716026	45777370	18	0.8916
33d5ecfd-6c11-4e35-98e0-4bf334bc3d09	19	45785448	46268118	238	0.3161
33d5ecfd-6c11-4e35-98e0-4bf334bc3d09	19	46274250	46305354	18	0.8401
33d5ecfd-6c11-4e35-98e0-4bf334bc3d09	19	46306120	53719570	3991	0.2813
33d5ecfd-6c11-4e35-98e0-4bf334bc3d09	19	53719929	53748783	27	-0.2652
33d5ecfd-6c11-4e35-98e0-4bf334bc3d09	19	53750857	58586487	2829	0.2828
33d5ecfd-6c11-4e35-98e0-4bf334bc3d09	20	80664	64324800	42076	0.3039
33d5ecfd-6c11-4e35-98e0-4bf334bc3d09	21	10354168	22290648	6229	-0.5254
33d5ecfd-6c11-4e35-98e0-4bf334bc3d09	21	22290893	22292338	4	-3.2865
33d5ecfd-6c11-4e35-98e0-4bf334bc3d09	21	22294679	34952258	9123	-0.5275
33d5ecfd-6c11-4e35-98e0-4bf334bc3d09	21	34953566	34954393	2	-3.5116
33d5ecfd-6c11-4e35-98e0-4bf334bc3d09	21	34955199	45275026	7471	-0.5255
33d5ecfd-6c11-4e35-98e0-4bf334bc3d09	21	45279720	45624835	167	-0.739
33d5ecfd-6c11-4e35-98e0-4bf334bc3d09	21	45626706	46677045	617	-0.5355
33d5ecfd-6c11-4e35-98e0-4bf334bc3d09	22	15294547	28166477	7940	-0.5364
33d5ecfd-6c11-4e35-98e0-4bf334bc3d09	22	28170737	28527443	193	-1.1248
33d5ecfd-6c11-4e35-98e0-4bf334bc3d09	22	28528521	48407060	13356	-0.5141
33d5ecfd-6c11-4e35-98e0-4bf334bc3d09	22	48407507	48408665	5	-2.5155
33d5ecfd-6c11-4e35-98e0-4bf334bc3d09	22	48409291	50796027	1588	-0.5939
33d5ecfd-6c11-4e35-98e0-4bf334bc3d09	X	251810	33627573	20714	-0.2348
33d5ecfd-6c11-4e35-98e0-4bf334bc3d09	X	33627852	33631932	4	2.8555
33d5ecfd-6c11-4e35-98e0-4bf334bc3d09	X	33631952	36513564	1784	-0.2651
33d5ecfd-6c11-4e35-98e0-4bf334bc3d09	X	36513933	36514726	2	2.9691
33d5ecfd-6c11-4e35-98e0-4bf334bc3d09	X	36514826	64865087	11359	-0.2489
33d5ecfd-6c11-4e35-98e0-4bf334bc3d09	X	64867446	64877181	5	-2.2647
33d5ecfd-6c11-4e35-98e0-4bf334bc3d09	X	64877891	91765113	12945	-0.2581
33d5ecfd-6c11-4e35-98e0-4bf334bc3d09	X	91766052	138490511	25392	0.2881
33d5ecfd-6c11-4e35-98e0-4bf334bc3d09	X	138490569	138490686	2	5.8612
33d5ecfd-6c11-4e35-98e0-4bf334bc3d09	X	138490846	153229907	9573	0.3087
33d5ecfd-6c11-4e35-98e0-4bf334bc3d09	X	153294377	153385361	62	1.1912
33d5ecfd-6c11-4e35-98e0-4bf334bc3d09	X	153388992	153439980	22	0.5453
33d5ecfd-6c11-4e35-98e0-4bf334bc3d09	X	153440790	153442410	5	1.6033
33d5ecfd-6c11-4e35-98e0-4bf334bc3d09	X	153447695	155952689	910	0.2843
33d5ecfd-6c11-4e35-98e0-4bf334bc3d09	Y	2782397	23013519	6435	-0.7053
33d5ecfd-6c11-4e35-98e0-4bf334bc3d09	Y	23014812	24472988	16	-1.7195
33d5ecfd-6c11-4e35-98e0-4bf334bc3d09	Y	24856206	56872112	183	-0.7908
