GDC_Aliquot	Chromosome	Start	End	Num_Probes	Segment_Mean
6f31f549-75a3-4c9d-a677-e294e868e4c3	1	62920	3078140	644	-0.4917
6f31f549-75a3-4c9d-a677-e294e868e4c3	1	3078153	3079632	2	-2.9573
6f31f549-75a3-4c9d-a677-e294e868e4c3	1	3080038	16679239	7992	-0.4047
6f31f549-75a3-4c9d-a677-e294e868e4c3	1	16679281	16935752	80	0.1061
6f31f549-75a3-4c9d-a677-e294e868e4c3	1	16949746	17266911	236	-0.4142
6f31f549-75a3-4c9d-a677-e294e868e4c3	1	17268401	17293514	22	0.6174
6f31f549-75a3-4c9d-a677-e294e868e4c3	1	17296159	32830084	8709	-0.3979
6f31f549-75a3-4c9d-a677-e294e868e4c3	1	32830537	59677420	16187	-0.3094
6f31f549-75a3-4c9d-a677-e294e868e4c3	1	59677628	61384919	1166	-0.3558
6f31f549-75a3-4c9d-a677-e294e868e4c3	1	61387850	72302815	7437	-0.4156
6f31f549-75a3-4c9d-a677-e294e868e4c3	1	72303233	72345450	45	-1.4512
6f31f549-75a3-4c9d-a677-e294e868e4c3	1	72345465	98677961	16737	-0.4137
6f31f549-75a3-4c9d-a677-e294e868e4c3	1	98678930	103620877	3112	-0.3493
6f31f549-75a3-4c9d-a677-e294e868e4c3	1	103621165	103760781	6	1.0146
6f31f549-75a3-4c9d-a677-e294e868e4c3	1	103760879	103890074	58	-0.267
6f31f549-75a3-4c9d-a677-e294e868e4c3	1	103891362	105476583	850	-0.3876
6f31f549-75a3-4c9d-a677-e294e868e4c3	1	105476614	105479753	16	-1.6517
6f31f549-75a3-4c9d-a677-e294e868e4c3	1	105481433	112153343	4559	-0.3919
6f31f549-75a3-4c9d-a677-e294e868e4c3	1	112153465	112154591	21	0.1705
6f31f549-75a3-4c9d-a677-e294e868e4c3	1	112154619	119979137	4995	-0.4083
6f31f549-75a3-4c9d-a677-e294e868e4c3	1	119979978	152583230	2542	-0.2804
6f31f549-75a3-4c9d-a677-e294e868e4c3	1	152583291	152614100	33	-1.5198
6f31f549-75a3-4c9d-a677-e294e868e4c3	1	152614118	152789447	166	-0.236
6f31f549-75a3-4c9d-a677-e294e868e4c3	1	152789463	152796224	36	0.3708
6f31f549-75a3-4c9d-a677-e294e868e4c3	1	152801429	196745743	29205	-0.3132
6f31f549-75a3-4c9d-a677-e294e868e4c3	1	196758720	196832525	57	-1.7857
6f31f549-75a3-4c9d-a677-e294e868e4c3	1	196832720	248930189	35479	-0.3196
6f31f549-75a3-4c9d-a677-e294e868e4c3	2	12784	6259887	4794	0.0602
6f31f549-75a3-4c9d-a677-e294e868e4c3	2	6261777	6262028	2	-2.8169
6f31f549-75a3-4c9d-a677-e294e868e4c3	2	6262164	30031105	16230	0.0499
6f31f549-75a3-4c9d-a677-e294e868e4c3	2	30033471	30033485	2	-1.8771
6f31f549-75a3-4c9d-a677-e294e868e4c3	2	30033527	30595981	321	0.0446
6f31f549-75a3-4c9d-a677-e294e868e4c3	2	30599578	30604082	3	1.0205
6f31f549-75a3-4c9d-a677-e294e868e4c3	2	30608942	31020785	333	0.0301
6f31f549-75a3-4c9d-a677-e294e868e4c3	2	31021098	31022647	3	-1.8208
6f31f549-75a3-4c9d-a677-e294e868e4c3	2	31022784	34466002	2201	0.0573
6f31f549-75a3-4c9d-a677-e294e868e4c3	2	34474248	34511446	45	0.7151
6f31f549-75a3-4c9d-a677-e294e868e4c3	2	34511990	35750907	864	0.0801
6f31f549-75a3-4c9d-a677-e294e868e4c3	2	35752724	35762850	6	1.1611
6f31f549-75a3-4c9d-a677-e294e868e4c3	2	35762881	41901972	4670	0.063
6f31f549-75a3-4c9d-a677-e294e868e4c3	2	41902071	41902455	2	-1.7001
6f31f549-75a3-4c9d-a677-e294e868e4c3	2	41903600	52527330	7339	0.0444
6f31f549-75a3-4c9d-a677-e294e868e4c3	2	52527342	52554404	39	-1.9296
6f31f549-75a3-4c9d-a677-e294e868e4c3	2	52560811	97359885	23671	0.0506
6f31f549-75a3-4c9d-a677-e294e868e4c3	2	97524284	97562741	16	0.7852
6f31f549-75a3-4c9d-a677-e294e868e4c3	2	97563117	106265177	5521	0.0543
6f31f549-75a3-4c9d-a677-e294e868e4c3	2	106266773	106268523	6	-3.034
6f31f549-75a3-4c9d-a677-e294e868e4c3	2	106268557	107824280	987	0.0456
6f31f549-75a3-4c9d-a677-e294e868e4c3	2	107830513	107891596	7	1.1223
6f31f549-75a3-4c9d-a677-e294e868e4c3	2	107903920	129597933	12889	0.0603
6f31f549-75a3-4c9d-a677-e294e868e4c3	2	129598357	129598954	2	-2.6948
6f31f549-75a3-4c9d-a677-e294e868e4c3	2	129601358	146103818	9760	0.0525
6f31f549-75a3-4c9d-a677-e294e868e4c3	2	146103836	146109366	27	0.8114
6f31f549-75a3-4c9d-a677-e294e868e4c3	2	146120238	211828665	39325	0.0469
6f31f549-75a3-4c9d-a677-e294e868e4c3	2	211829052	211835355	3	-2.0201
6f31f549-75a3-4c9d-a677-e294e868e4c3	2	211835446	212504894	486	0.086
6f31f549-75a3-4c9d-a677-e294e868e4c3	2	212505638	212505978	2	-2.542
6f31f549-75a3-4c9d-a677-e294e868e4c3	2	212508264	242147305	18754	0.0446
6f31f549-75a3-4c9d-a677-e294e868e4c3	3	20930	1214696	979	-0.2365
6f31f549-75a3-4c9d-a677-e294e868e4c3	3	1215076	1215082	2	-2.6335
6f31f549-75a3-4c9d-a677-e294e868e4c3	3	1215168	15679467	11411	-0.2761
6f31f549-75a3-4c9d-a677-e294e868e4c3	3	15682344	15682510	2	-2.3258
6f31f549-75a3-4c9d-a677-e294e868e4c3	3	15682626	20271633	2695	-0.2788
6f31f549-75a3-4c9d-a677-e294e868e4c3	3	20273630	20274591	2	-2.4986
6f31f549-75a3-4c9d-a677-e294e868e4c3	3	20286589	23937812	2580	-0.2593
6f31f549-75a3-4c9d-a677-e294e868e4c3	3	23939938	23940837	2	-2.9297
6f31f549-75a3-4c9d-a677-e294e868e4c3	3	23940839	26560273	2121	-0.2728
6f31f549-75a3-4c9d-a677-e294e868e4c3	3	26570006	26570394	7	-1.6232
6f31f549-75a3-4c9d-a677-e294e868e4c3	3	26570407	60794907	21363	-0.2668
6f31f549-75a3-4c9d-a677-e294e868e4c3	3	60795013	60795294	2	-2.9248
6f31f549-75a3-4c9d-a677-e294e868e4c3	3	60798502	65203969	3742	-0.2839
6f31f549-75a3-4c9d-a677-e294e868e4c3	3	65204342	65224479	43	0.1296
6f31f549-75a3-4c9d-a677-e294e868e4c3	3	65224624	68676600	2398	-0.2821
6f31f549-75a3-4c9d-a677-e294e868e4c3	3	68682877	68698262	16	1.1119
6f31f549-75a3-4c9d-a677-e294e868e4c3	3	68699607	95737262	13949	-0.2652
6f31f549-75a3-4c9d-a677-e294e868e4c3	3	95748036	95749266	2	-3.0419
6f31f549-75a3-4c9d-a677-e294e868e4c3	3	95749836	116401587	12177	-0.2648
6f31f549-75a3-4c9d-a677-e294e868e4c3	3	116401601	116533773	101	-0.6832
6f31f549-75a3-4c9d-a677-e294e868e4c3	3	116535872	116735112	155	-0.2483
6f31f549-75a3-4c9d-a677-e294e868e4c3	3	116740404	116844487	128	-0.7291
6f31f549-75a3-4c9d-a677-e294e868e4c3	3	116845438	118013815	845	-0.2952
6f31f549-75a3-4c9d-a677-e294e868e4c3	3	118013834	118014172	2	-2.2097
6f31f549-75a3-4c9d-a677-e294e868e4c3	3	118014304	122790251	2674	-0.267
6f31f549-75a3-4c9d-a677-e294e868e4c3	3	122797577	130047743	4344	0.05
6f31f549-75a3-4c9d-a677-e294e868e4c3	3	130057015	130087393	36	0.543
6f31f549-75a3-4c9d-a677-e294e868e4c3	3	130088081	131273270	681	0.0466
6f31f549-75a3-4c9d-a677-e294e868e4c3	3	131273419	131276238	2	-2.5526
6f31f549-75a3-4c9d-a677-e294e868e4c3	3	131277839	131987852	470	0.0499
6f31f549-75a3-4c9d-a677-e294e868e4c3	3	131989313	131989627	2	-1.8923
6f31f549-75a3-4c9d-a677-e294e868e4c3	3	131996155	140823697	5517	0.0463
6f31f549-75a3-4c9d-a677-e294e868e4c3	3	140826859	140828142	2	-2.1905
6f31f549-75a3-4c9d-a677-e294e868e4c3	3	140841776	162794951	13435	0.0616
6f31f549-75a3-4c9d-a677-e294e868e4c3	3	162795304	162911011	74	0.5523
6f31f549-75a3-4c9d-a677-e294e868e4c3	3	162911124	193160173	19013	0.0615
6f31f549-75a3-4c9d-a677-e294e868e4c3	3	193160256	193165114	18	-1.0085
6f31f549-75a3-4c9d-a677-e294e868e4c3	3	193168646	195934679	1597	0.0468
6f31f549-75a3-4c9d-a677-e294e868e4c3	3	195963975	196012539	11	-0.7454
6f31f549-75a3-4c9d-a677-e294e868e4c3	3	196012569	198169247	1071	0.077
6f31f549-75a3-4c9d-a677-e294e868e4c3	4	68929	10208766	5657	0.0563
6f31f549-75a3-4c9d-a677-e294e868e4c3	4	10221792	10233644	35	-1.81
6f31f549-75a3-4c9d-a677-e294e868e4c3	4	10234518	10388498	168	0.042
6f31f549-75a3-4c9d-a677-e294e868e4c3	4	10389091	10399044	17	0.6682
6f31f549-75a3-4c9d-a677-e294e868e4c3	4	10401094	34784878	16646	0.0517
6f31f549-75a3-4c9d-a677-e294e868e4c3	4	34785333	34828250	38	1.0899
6f31f549-75a3-4c9d-a677-e294e868e4c3	4	34828291	45003738	6582	0.0554
6f31f549-75a3-4c9d-a677-e294e868e4c3	4	45003835	45004318	4	-3.3102
6f31f549-75a3-4c9d-a677-e294e868e4c3	4	45008952	49087357	2300	0.082
6f31f549-75a3-4c9d-a677-e294e868e4c3	4	49091769	49654578	31	-0.3763
6f31f549-75a3-4c9d-a677-e294e868e4c3	4	49656206	63827261	7502	0.0537
6f31f549-75a3-4c9d-a677-e294e868e4c3	4	63828222	63840033	20	-0.8022
6f31f549-75a3-4c9d-a677-e294e868e4c3	4	63841863	63842540	8	-3.0971
6f31f549-75a3-4c9d-a677-e294e868e4c3	4	63850713	68506285	2841	0.0577
6f31f549-75a3-4c9d-a677-e294e868e4c3	4	68509223	68639397	66	0.8557
6f31f549-75a3-4c9d-a677-e294e868e4c3	4	68640616	74833302	3617	0.0527
6f31f549-75a3-4c9d-a677-e294e868e4c3	4	74837590	74843911	8	-2.932
6f31f549-75a3-4c9d-a677-e294e868e4c3	4	74845701	97432453	13901	0.0455
6f31f549-75a3-4c9d-a677-e294e868e4c3	4	97436283	97437154	2	-2.8166
6f31f549-75a3-4c9d-a677-e294e868e4c3	4	97439635	111291050	8016	0.0456
6f31f549-75a3-4c9d-a677-e294e868e4c3	4	111291686	111295645	2	-1.701
6f31f549-75a3-4c9d-a677-e294e868e4c3	4	111296654	114252544	1912	0.0411
6f31f549-75a3-4c9d-a677-e294e868e4c3	4	114254167	114261019	23	-1.3155
6f31f549-75a3-4c9d-a677-e294e868e4c3	4	114263073	114494754	170	0.0222
6f31f549-75a3-4c9d-a677-e294e868e4c3	4	114495609	114496175	2	-2.7471
6f31f549-75a3-4c9d-a677-e294e868e4c3	4	114496846	137170949	12937	0.0572
6f31f549-75a3-4c9d-a677-e294e868e4c3	4	137171041	137172260	15	-2.4653
6f31f549-75a3-4c9d-a677-e294e868e4c3	4	137173804	154881396	10698	0.0451
6f31f549-75a3-4c9d-a677-e294e868e4c3	4	154881853	154881926	3	-3.1894
6f31f549-75a3-4c9d-a677-e294e868e4c3	4	154882047	159949254	3148	0.0379
6f31f549-75a3-4c9d-a677-e294e868e4c3	4	159949567	159959190	2	-1.8025
6f31f549-75a3-4c9d-a677-e294e868e4c3	4	159959436	171448195	7353	0.0617
6f31f549-75a3-4c9d-a677-e294e868e4c3	4	171453733	171456573	11	-0.7067
6f31f549-75a3-4c9d-a677-e294e868e4c3	4	171456625	172068015	394	0.0751
6f31f549-75a3-4c9d-a677-e294e868e4c3	4	172068073	172068382	10	-1.6579
6f31f549-75a3-4c9d-a677-e294e868e4c3	4	172074828	182433406	6891	0.0557
6f31f549-75a3-4c9d-a677-e294e868e4c3	4	182434316	182434849	2	-3.4728
6f31f549-75a3-4c9d-a677-e294e868e4c3	4	182439862	190106768	5076	0.0639
6f31f549-75a3-4c9d-a677-e294e868e4c3	5	15532	41871	15	0.3419
6f31f549-75a3-4c9d-a677-e294e868e4c3	5	46699	1665619	743	0.7769
6f31f549-75a3-4c9d-a677-e294e868e4c3	5	1666792	12791608	9357	0.359
6f31f549-75a3-4c9d-a677-e294e868e4c3	5	12800777	12838421	15	-0.8566
6f31f549-75a3-4c9d-a677-e294e868e4c3	5	12849089	14110939	814	0.3659
6f31f549-75a3-4c9d-a677-e294e868e4c3	5	14111152	14253078	156	0.7975
6f31f549-75a3-4c9d-a677-e294e868e4c3	5	14253154	18965837	3036	0.369
6f31f549-75a3-4c9d-a677-e294e868e4c3	5	18966843	18966849	2	-1.9142
6f31f549-75a3-4c9d-a677-e294e868e4c3	5	18969079	19219794	172	0.3545
6f31f549-75a3-4c9d-a677-e294e868e4c3	5	19228832	19268421	21	0.8006
6f31f549-75a3-4c9d-a677-e294e868e4c3	5	19274491	19844744	348	0.3681
6f31f549-75a3-4c9d-a677-e294e868e4c3	5	19846179	19977131	86	0.8898
6f31f549-75a3-4c9d-a677-e294e868e4c3	5	19984187	21376735	781	0.389
6f31f549-75a3-4c9d-a677-e294e868e4c3	5	21377730	21377744	2	-1.7629
6f31f549-75a3-4c9d-a677-e294e868e4c3	5	21385957	21449167	44	0.5149
6f31f549-75a3-4c9d-a677-e294e868e4c3	5	21451091	21451889	4	-1.9855
6f31f549-75a3-4c9d-a677-e294e868e4c3	5	21452329	28979556	4324	0.3593
6f31f549-75a3-4c9d-a677-e294e868e4c3	5	28985964	29794978	535	0.8569
6f31f549-75a3-4c9d-a677-e294e868e4c3	5	29797924	29901408	51	0.2778
6f31f549-75a3-4c9d-a677-e294e868e4c3	5	29902300	29940776	29	0.9177
6f31f549-75a3-4c9d-a677-e294e868e4c3	5	29944338	29971401	25	0.3406
6f31f549-75a3-4c9d-a677-e294e868e4c3	5	29971749	30055655	59	0.898
6f31f549-75a3-4c9d-a677-e294e868e4c3	5	30057388	31262954	785	0.359
6f31f549-75a3-4c9d-a677-e294e868e4c3	5	31268833	31286841	27	0.7754
6f31f549-75a3-4c9d-a677-e294e868e4c3	5	31287299	31786946	437	0.3524
6f31f549-75a3-4c9d-a677-e294e868e4c3	5	31787880	32924767	772	0.8223
6f31f549-75a3-4c9d-a677-e294e868e4c3	5	32926782	33273955	211	0.3642
6f31f549-75a3-4c9d-a677-e294e868e4c3	5	33277667	33486835	120	0.8107
6f31f549-75a3-4c9d-a677-e294e868e4c3	5	33487214	34170265	484	0.3535
6f31f549-75a3-4c9d-a677-e294e868e4c3	5	34177953	34321711	47	0.6412
6f31f549-75a3-4c9d-a677-e294e868e4c3	5	34327994	34393588	25	0.2711
6f31f549-75a3-4c9d-a677-e294e868e4c3	5	34400166	39286852	3273	0.8242
6f31f549-75a3-4c9d-a677-e294e868e4c3	5	39287921	39332368	27	0.3429
6f31f549-75a3-4c9d-a677-e294e868e4c3	5	39337419	39744750	298	0.848
6f31f549-75a3-4c9d-a677-e294e868e4c3	5	39750042	40627087	594	0.3956
6f31f549-75a3-4c9d-a677-e294e868e4c3	5	40627423	41689021	716	0.8036
6f31f549-75a3-4c9d-a677-e294e868e4c3	5	41690043	41735182	25	0.2677
6f31f549-75a3-4c9d-a677-e294e868e4c3	5	41735729	41838437	48	0.8953
6f31f549-75a3-4c9d-a677-e294e868e4c3	5	41838730	44121430	1091	0.3504
6f31f549-75a3-4c9d-a677-e294e868e4c3	5	44130513	44472173	183	0.8775
6f31f549-75a3-4c9d-a677-e294e868e4c3	5	44475535	46042617	628	0.3965
6f31f549-75a3-4c9d-a677-e294e868e4c3	5	46061883	46251204	44	0.954
6f31f549-75a3-4c9d-a677-e294e868e4c3	5	46270906	46271006	2	-0.728
6f31f549-75a3-4c9d-a677-e294e868e4c3	5	46271828	46273400	6	-2.1531
6f31f549-75a3-4c9d-a677-e294e868e4c3	5	46278110	58033703	5042	0.8383
6f31f549-75a3-4c9d-a677-e294e868e4c3	5	58033756	58037706	27	-0.1291
6f31f549-75a3-4c9d-a677-e294e868e4c3	5	58042530	150825938	56128	0.831
6f31f549-75a3-4c9d-a677-e294e868e4c3	5	150826533	150839042	7	-0.4122
6f31f549-75a3-4c9d-a677-e294e868e4c3	5	150843825	156055719	3620	0.8226
6f31f549-75a3-4c9d-a677-e294e868e4c3	5	156068240	156068249	3	-0.767
6f31f549-75a3-4c9d-a677-e294e868e4c3	5	156073982	177739139	14695	0.8229
6f31f549-75a3-4c9d-a677-e294e868e4c3	5	177740962	177771448	3	-0.7454
6f31f549-75a3-4c9d-a677-e294e868e4c3	5	177800550	177805604	3	3.3406
6f31f549-75a3-4c9d-a677-e294e868e4c3	5	177827964	180953203	1792	0.8474
6f31f549-75a3-4c9d-a677-e294e868e4c3	5	180960138	181006225	17	1.5266
6f31f549-75a3-4c9d-a677-e294e868e4c3	5	181015400	181363319	167	0.8342
6f31f549-75a3-4c9d-a677-e294e868e4c3	6	149661	254283	101	0.0417
6f31f549-75a3-4c9d-a677-e294e868e4c3	6	257353	381149	101	0.8792
6f31f549-75a3-4c9d-a677-e294e868e4c3	6	382559	10111467	7742	0.0495
6f31f549-75a3-4c9d-a677-e294e868e4c3	6	10112064	10112374	4	-1.4114
6f31f549-75a3-4c9d-a677-e294e868e4c3	6	10118398	25446717	11335	0.0487
6f31f549-75a3-4c9d-a677-e294e868e4c3	6	25448009	25449876	3	-2.445
6f31f549-75a3-4c9d-a677-e294e868e4c3	6	25449925	29869295	2198	0.0829
6f31f549-75a3-4c9d-a677-e294e868e4c3	6	29869410	29933799	36	0.879
6f31f549-75a3-4c9d-a677-e294e868e4c3	6	29940692	31313046	632	0.0761
6f31f549-75a3-4c9d-a677-e294e868e4c3	6	31318499	31327629	6	-1.8712
6f31f549-75a3-4c9d-a677-e294e868e4c3	6	31328176	31385103	61	0.0167
6f31f549-75a3-4c9d-a677-e294e868e4c3	6	31385552	31385640	2	-1.4761
6f31f549-75a3-4c9d-a677-e294e868e4c3	6	31385764	32533522	447	0.033
6f31f549-75a3-4c9d-a677-e294e868e4c3	6	32540699	32605994	16	1.0836
6f31f549-75a3-4c9d-a677-e294e868e4c3	6	32606237	76726815	25711	0.057
6f31f549-75a3-4c9d-a677-e294e868e4c3	6	76730151	76743040	21	1.0488
6f31f549-75a3-4c9d-a677-e294e868e4c3	6	76751356	78253172	969	0.0625
6f31f549-75a3-4c9d-a677-e294e868e4c3	6	78259348	78261995	4	-1.3012
6f31f549-75a3-4c9d-a677-e294e868e4c3	6	78262064	78263059	10	-3.3172
6f31f549-75a3-4c9d-a677-e294e868e4c3	6	78263079	78292957	26	-1.4203
6f31f549-75a3-4c9d-a677-e294e868e4c3	6	78292985	78293897	5	-3.4347
6f31f549-75a3-4c9d-a677-e294e868e4c3	6	78293962	78325457	63	-1.743
6f31f549-75a3-4c9d-a677-e294e868e4c3	6	78325468	94108633	10035	0.0572
6f31f549-75a3-4c9d-a677-e294e868e4c3	6	94109452	94970302	564	0.1493
6f31f549-75a3-4c9d-a677-e294e868e4c3	6	95386776	103286954	4746	0.055
6f31f549-75a3-4c9d-a677-e294e868e4c3	6	103290101	103314186	46	-1.1103
6f31f549-75a3-4c9d-a677-e294e868e4c3	6	103317795	114996934	7229	0.0509
6f31f549-75a3-4c9d-a677-e294e868e4c3	6	114997858	115004524	3	-2.0463
6f31f549-75a3-4c9d-a677-e294e868e4c3	6	115004900	115086809	15	-0.4175
6f31f549-75a3-4c9d-a677-e294e868e4c3	6	115087407	124110629	5329	0.0519
6f31f549-75a3-4c9d-a677-e294e868e4c3	6	124114796	124149220	20	1.3279
6f31f549-75a3-4c9d-a677-e294e868e4c3	6	124149616	170741917	31179	0.0541
6f31f549-75a3-4c9d-a677-e294e868e4c3	7	43355	4634827	2502	0.0506
6f31f549-75a3-4c9d-a677-e294e868e4c3	7	4644145	4644243	3	-2.5018
6f31f549-75a3-4c9d-a677-e294e868e4c3	7	4645497	21926501	13025	0.0608
6f31f549-75a3-4c9d-a677-e294e868e4c3	7	21933589	21939899	3	-1.7143
6f31f549-75a3-4c9d-a677-e294e868e4c3	7	21941155	53639082	22184	0.051
6f31f549-75a3-4c9d-a677-e294e868e4c3	7	53639327	53770530	82	-0.3219
6f31f549-75a3-4c9d-a677-e294e868e4c3	7	53771435	54305455	388	0.0807
6f31f549-75a3-4c9d-a677-e294e868e4c3	7	54318812	54318824	6	1.2665
6f31f549-75a3-4c9d-a677-e294e868e4c3	7	54325795	95411099	20150	0.0504
6f31f549-75a3-4c9d-a677-e294e868e4c3	7	95414002	95414211	2	-2.2609
6f31f549-75a3-4c9d-a677-e294e868e4c3	7	95414538	97756658	1494	0.0242
6f31f549-75a3-4c9d-a677-e294e868e4c3	7	97766148	97772915	14	0.8369
6f31f549-75a3-4c9d-a677-e294e868e4c3	7	97772976	97777635	18	0.1303
6f31f549-75a3-4c9d-a677-e294e868e4c3	7	97777651	97808316	13	0.44
6f31f549-75a3-4c9d-a677-e294e868e4c3	7	97808401	97980107	77	0.0413
6f31f549-75a3-4c9d-a677-e294e868e4c3	7	97982029	97982736	3	-1.6562
6f31f549-75a3-4c9d-a677-e294e868e4c3	7	97984459	109789520	6442	0.0335
6f31f549-75a3-4c9d-a677-e294e868e4c3	7	109789870	109837007	70	0.3469
6f31f549-75a3-4c9d-a677-e294e868e4c3	7	109837120	120662233	6406	0.0487
6f31f549-75a3-4c9d-a677-e294e868e4c3	7	120664313	120672705	7	-2.3775
6f31f549-75a3-4c9d-a677-e294e868e4c3	7	120675165	126405597	3519	0.0458
6f31f549-75a3-4c9d-a677-e294e868e4c3	7	126405632	126406561	9	-0.8361
6f31f549-75a3-4c9d-a677-e294e868e4c3	7	126406822	134100458	4670	0.0484
6f31f549-75a3-4c9d-a677-e294e868e4c3	7	134100556	134114401	33	0.6852
6f31f549-75a3-4c9d-a677-e294e868e4c3	7	134114444	142063324	5150	0.0488
6f31f549-75a3-4c9d-a677-e294e868e4c3	7	142069843	142092108	32	-2.726
6f31f549-75a3-4c9d-a677-e294e868e4c3	7	142092307	159334314	10792	0.0604
6f31f549-75a3-4c9d-a677-e294e868e4c3	8	81254	39368422	30234	0.0488
6f31f549-75a3-4c9d-a677-e294e868e4c3	8	39368524	39529446	64	0.6555
6f31f549-75a3-4c9d-a677-e294e868e4c3	8	39530780	85327956	26194	0.0421
6f31f549-75a3-4c9d-a677-e294e868e4c3	8	85328081	85329459	3	-1.7179
6f31f549-75a3-4c9d-a677-e294e868e4c3	8	85334686	111279265	15485	0.0432
6f31f549-75a3-4c9d-a677-e294e868e4c3	8	111282050	111283031	10	-0.9986
6f31f549-75a3-4c9d-a677-e294e868e4c3	8	111288052	128735944	11561	0.048
6f31f549-75a3-4c9d-a677-e294e868e4c3	8	128739928	128751839	6	-1.9365
6f31f549-75a3-4c9d-a677-e294e868e4c3	8	128765208	132190597	2408	0.043
6f31f549-75a3-4c9d-a677-e294e868e4c3	8	132190676	132195828	2	-1.6349
6f31f549-75a3-4c9d-a677-e294e868e4c3	8	132196131	139489310	5987	0.0421
6f31f549-75a3-4c9d-a677-e294e868e4c3	8	139491296	139492094	3	-1.5298
6f31f549-75a3-4c9d-a677-e294e868e4c3	8	139493260	145072769	2785	0.038
6f31f549-75a3-4c9d-a677-e294e868e4c3	9	46587	9857166	9312	0.0592
6f31f549-75a3-4c9d-a677-e294e868e4c3	9	9857419	12619365	2314	0.1091
6f31f549-75a3-4c9d-a677-e294e868e4c3	9	12624029	22492890	8006	0.0402
6f31f549-75a3-4c9d-a677-e294e868e4c3	9	22501914	22502700	2	-2.4691
6f31f549-75a3-4c9d-a677-e294e868e4c3	9	22509341	23361807	570	0.0678
6f31f549-75a3-4c9d-a677-e294e868e4c3	9	23363117	23372401	7	-1.6346
6f31f549-75a3-4c9d-a677-e294e868e4c3	9	23373486	61405110	10851	0.0627
6f31f549-75a3-4c9d-a677-e294e868e4c3	9	61520021	61647899	30	-1.1794
6f31f549-75a3-4c9d-a677-e294e868e4c3	9	61665362	77154478	6623	0.0574
6f31f549-75a3-4c9d-a677-e294e868e4c3	9	77155482	77162488	29	1.064
6f31f549-75a3-4c9d-a677-e294e868e4c3	9	77171212	92229683	10674	0.0525
6f31f549-75a3-4c9d-a677-e294e868e4c3	9	92230841	92232114	2	-2.3438
6f31f549-75a3-4c9d-a677-e294e868e4c3	9	92233912	103804216	7458	0.071
6f31f549-75a3-4c9d-a677-e294e868e4c3	9	103806415	103807009	2	-2.679
6f31f549-75a3-4c9d-a677-e294e868e4c3	9	103808421	115798230	9108	0.0528
6f31f549-75a3-4c9d-a677-e294e868e4c3	9	115798243	115798260	2	-2.5774
6f31f549-75a3-4c9d-a677-e294e868e4c3	9	115803243	116392337	401	0.089
6f31f549-75a3-4c9d-a677-e294e868e4c3	9	116394491	121934795	4322	0.0453
6f31f549-75a3-4c9d-a677-e294e868e4c3	9	121937944	138200944	9091	0.0835
6f31f549-75a3-4c9d-a677-e294e868e4c3	10	45792	24086334	19010	-0.019
6f31f549-75a3-4c9d-a677-e294e868e4c3	10	24088745	24089979	12	0.8971
6f31f549-75a3-4c9d-a677-e294e868e4c3	10	24090022	30357631	4518	-0.0219
6f31f549-75a3-4c9d-a677-e294e868e4c3	10	30363994	45817039	7626	-0.1553
6f31f549-75a3-4c9d-a677-e294e868e4c3	10	45936113	45998155	2	1.7352
6f31f549-75a3-4c9d-a677-e294e868e4c3	10	45999975	46525780	239	-0.1174
6f31f549-75a3-4c9d-a677-e294e868e4c3	10	46525795	46810571	49	0.2843
6f31f549-75a3-4c9d-a677-e294e868e4c3	10	46836986	55420393	5561	-0.1416
6f31f549-75a3-4c9d-a677-e294e868e4c3	10	55420481	55420557	3	-1.9757
6f31f549-75a3-4c9d-a677-e294e868e4c3	10	55420561	65546518	7003	-0.1587
6f31f549-75a3-4c9d-a677-e294e868e4c3	10	65548165	65554672	27	0.7117
6f31f549-75a3-4c9d-a677-e294e868e4c3	10	65554688	66270201	578	-0.1324
6f31f549-75a3-4c9d-a677-e294e868e4c3	10	66274800	66719650	316	-4.0768
6f31f549-75a3-4c9d-a677-e294e868e4c3	10	66719710	90702958	15893	-0.1715
6f31f549-75a3-4c9d-a677-e294e868e4c3	10	90703067	90703534	2	-3.8485
6f31f549-75a3-4c9d-a677-e294e868e4c3	10	90711823	133654968	29062	-0.175
6f31f549-75a3-4c9d-a677-e294e868e4c3	11	198510	4946166	2394	-0.1811
6f31f549-75a3-4c9d-a677-e294e868e4c3	11	4946420	4953934	27	0.57
6f31f549-75a3-4c9d-a677-e294e868e4c3	11	4954445	5500921	532	-0.223
6f31f549-75a3-4c9d-a677-e294e868e4c3	11	5500945	5501334	5	-1.7984
6f31f549-75a3-4c9d-a677-e294e868e4c3	11	5502363	5762693	237	-0.1442
6f31f549-75a3-4c9d-a677-e294e868e4c3	11	5766175	5787818	32	0.3107
6f31f549-75a3-4c9d-a677-e294e868e4c3	11	5787909	20843941	11041	-0.1985
6f31f549-75a3-4c9d-a677-e294e868e4c3	11	20844364	20844888	2	-3.7714
6f31f549-75a3-4c9d-a677-e294e868e4c3	11	20845012	43379135	15759	-0.1904
6f31f549-75a3-4c9d-a677-e294e868e4c3	11	43382568	48184536	2785	-0.0578
6f31f549-75a3-4c9d-a677-e294e868e4c3	11	48185956	55608760	1359	0.0277
6f31f549-75a3-4c9d-a677-e294e868e4c3	11	55608785	55685533	53	0.55
6f31f549-75a3-4c9d-a677-e294e868e4c3	11	55686100	56738501	694	0.013
6f31f549-75a3-4c9d-a677-e294e868e4c3	11	56739069	65943236	4822	-0.0309
6f31f549-75a3-4c9d-a677-e294e868e4c3	11	65943281	73890745	3751	0.0243
6f31f549-75a3-4c9d-a677-e294e868e4c3	11	73892406	80256469	3903	-0.0688
6f31f549-75a3-4c9d-a677-e294e868e4c3	11	80256504	80256520	2	-2.0202
6f31f549-75a3-4c9d-a677-e294e868e4c3	11	80256642	89814936	6539	-0.0711
6f31f549-75a3-4c9d-a677-e294e868e4c3	11	89815724	89817056	2	-3.3897
6f31f549-75a3-4c9d-a677-e294e868e4c3	11	89834373	101723653	8613	-0.0738
6f31f549-75a3-4c9d-a677-e294e868e4c3	11	101727129	101727233	4	2.6866
6f31f549-75a3-4c9d-a677-e294e868e4c3	11	101727481	135074876	23517	-0.083
6f31f549-75a3-4c9d-a677-e294e868e4c3	12	51460	71531	5	0.3095
6f31f549-75a3-4c9d-a677-e294e868e4c3	12	81888	8404097	5561	0.8251
6f31f549-75a3-4c9d-a677-e294e868e4c3	12	8405892	8442298	19	0.1863
6f31f549-75a3-4c9d-a677-e294e868e4c3	12	8442935	11359558	1742	0.8505
6f31f549-75a3-4c9d-a677-e294e868e4c3	12	11359597	11390472	28	1.4847
6f31f549-75a3-4c9d-a677-e294e868e4c3	12	11399258	21459724	6777	0.8234
6f31f549-75a3-4c9d-a677-e294e868e4c3	12	21463289	21463816	2	-1.3558
6f31f549-75a3-4c9d-a677-e294e868e4c3	12	21470996	27941830	4667	0.817
6f31f549-75a3-4c9d-a677-e294e868e4c3	12	27941988	27944711	12	-0.1206
6f31f549-75a3-4c9d-a677-e294e868e4c3	12	27950527	33155999	3825	0.8142
6f31f549-75a3-4c9d-a677-e294e868e4c3	12	33156051	39285471	1580	0.8873
6f31f549-75a3-4c9d-a677-e294e868e4c3	12	39291670	45506042	3955	0.8307
6f31f549-75a3-4c9d-a677-e294e868e4c3	12	45510655	45515754	4	-1.6885
6f31f549-75a3-4c9d-a677-e294e868e4c3	12	45519509	48972367	2044	0.8335
6f31f549-75a3-4c9d-a677-e294e868e4c3	12	48974850	74785641	15651	0.6244
6f31f549-75a3-4c9d-a677-e294e868e4c3	12	74792132	74792534	3	-0.9466
6f31f549-75a3-4c9d-a677-e294e868e4c3	12	74793920	110679296	23091	0.6214
6f31f549-75a3-4c9d-a677-e294e868e4c3	12	110680307	133201603	15221	0.5836
6f31f549-75a3-4c9d-a677-e294e868e4c3	13	18452809	18833025	86	-0.4847
6f31f549-75a3-4c9d-a677-e294e868e4c3	13	18833965	19794773	557	-0.8259
6f31f549-75a3-4c9d-a677-e294e868e4c3	13	19797535	19891340	39	-0.3572
6f31f549-75a3-4c9d-a677-e294e868e4c3	13	19891378	37496998	12609	-0.861
6f31f549-75a3-4c9d-a677-e294e868e4c3	13	37497899	37510406	14	-1.832
6f31f549-75a3-4c9d-a677-e294e868e4c3	13	37510595	40872432	2432	-0.8559
6f31f549-75a3-4c9d-a677-e294e868e4c3	13	40878125	70353909	17919	-0.8086
6f31f549-75a3-4c9d-a677-e294e868e4c3	13	70353943	80609597	6973	-0.8503
6f31f549-75a3-4c9d-a677-e294e868e4c3	13	80609697	93964734	8211	-0.8085
6f31f549-75a3-4c9d-a677-e294e868e4c3	13	93966428	112995438	13930	-0.8614
6f31f549-75a3-4c9d-a677-e294e868e4c3	13	112999532	113020262	5	-2.7825
6f31f549-75a3-4c9d-a677-e294e868e4c3	13	113020421	114342922	562	-0.9228
6f31f549-75a3-4c9d-a677-e294e868e4c3	14	18239283	18950560	26	-0.2033
6f31f549-75a3-4c9d-a677-e294e868e4c3	14	18976793	19957350	141	-0.5573
6f31f549-75a3-4c9d-a677-e294e868e4c3	14	19957701	21752248	1177	-0.1578
6f31f549-75a3-4c9d-a677-e294e868e4c3	14	21752794	22530968	684	0.0571
6f31f549-75a3-4c9d-a677-e294e868e4c3	14	22531112	106321086	52593	-0.165
6f31f549-75a3-4c9d-a677-e294e868e4c3	14	106340102	106346129	7	-2.0967
6f31f549-75a3-4c9d-a677-e294e868e4c3	14	106360014	106877229	273	-0.1415
6f31f549-75a3-4c9d-a677-e294e868e4c3	15	19811075	29190211	4181	-0.8414
6f31f549-75a3-4c9d-a677-e294e868e4c3	15	29193107	29193132	2	-3.6977
6f31f549-75a3-4c9d-a677-e294e868e4c3	15	29196104	76586021	29308	-0.823
6f31f549-75a3-4c9d-a677-e294e868e4c3	15	76598900	76603434	22	0.2543
6f31f549-75a3-4c9d-a677-e294e868e4c3	15	76609838	77015060	178	-0.7186
6f31f549-75a3-4c9d-a677-e294e868e4c3	15	77015387	77015411	2	-3.304
6f31f549-75a3-4c9d-a677-e294e868e4c3	15	77017609	98368247	14644	-0.8294
6f31f549-75a3-4c9d-a677-e294e868e4c3	15	98368760	101928837	2575	0.0594
6f31f549-75a3-4c9d-a677-e294e868e4c3	16	10777	18104860	12669	0.6472
6f31f549-75a3-4c9d-a677-e294e868e4c3	16	18134261	18148869	3	2.2007
6f31f549-75a3-4c9d-a677-e294e868e4c3	16	18149179	19933041	698	0.6565
6f31f549-75a3-4c9d-a677-e294e868e4c3	16	19934328	19954553	28	-0.1278
6f31f549-75a3-4c9d-a677-e294e868e4c3	16	19956040	46913266	7127	0.6499
6f31f549-75a3-4c9d-a677-e294e868e4c3	16	46915570	47213786	127	0.0412
6f31f549-75a3-4c9d-a677-e294e868e4c3	16	47216294	55764310	6114	0.6376
6f31f549-75a3-4c9d-a677-e294e868e4c3	16	55764850	55764867	2	4.3249
6f31f549-75a3-4c9d-a677-e294e868e4c3	16	55770436	55775554	7	1.6504
6f31f549-75a3-4c9d-a677-e294e868e4c3	16	55776109	69665102	8510	0.6574
6f31f549-75a3-4c9d-a677-e294e868e4c3	16	69667891	69668956	2	-1.4537
6f31f549-75a3-4c9d-a677-e294e868e4c3	16	69672391	70086227	178	0.6352
6f31f549-75a3-4c9d-a677-e294e868e4c3	16	70087520	70087581	2	2.6821
6f31f549-75a3-4c9d-a677-e294e868e4c3	16	70088946	78338949	5504	0.6378
6f31f549-75a3-4c9d-a677-e294e868e4c3	16	78339440	78742136	519	0.4178
6f31f549-75a3-4c9d-a677-e294e868e4c3	16	78744964	90096867	10022	0.6472
6f31f549-75a3-4c9d-a677-e294e868e4c3	17	150733	9100160	4984	-0.1142
6f31f549-75a3-4c9d-a677-e294e868e4c3	17	9102875	9107428	6	-1.7422
6f31f549-75a3-4c9d-a677-e294e868e4c3	17	9109384	15623842	4927	-0.1248
6f31f549-75a3-4c9d-a677-e294e868e4c3	17	15639847	15643476	3	-2.7668
6f31f549-75a3-4c9d-a677-e294e868e4c3	17	15650964	16672828	442	-0.1283
6f31f549-75a3-4c9d-a677-e294e868e4c3	17	16672925	16677653	3	1.1108
6f31f549-75a3-4c9d-a677-e294e868e4c3	17	16678064	17557360	474	-0.114
6f31f549-75a3-4c9d-a677-e294e868e4c3	17	17560485	17560700	2	-1.4108
6f31f549-75a3-4c9d-a677-e294e868e4c3	17	17562900	18452078	456	-0.1352
6f31f549-75a3-4c9d-a677-e294e868e4c3	17	18455632	18561907	26	-1.4316
6f31f549-75a3-4c9d-a677-e294e868e4c3	17	18565883	41265456	9331	-0.1143
6f31f549-75a3-4c9d-a677-e294e868e4c3	17	41266762	41274279	24	0.8999
6f31f549-75a3-4c9d-a677-e294e868e4c3	17	41276472	45497555	2139	-0.1109
6f31f549-75a3-4c9d-a677-e294e868e4c3	17	45508731	45571174	5	-1.7964
6f31f549-75a3-4c9d-a677-e294e868e4c3	17	45577724	46136800	379	-0.136
6f31f549-75a3-4c9d-a677-e294e868e4c3	17	46137998	46323701	88	0.3117
6f31f549-75a3-4c9d-a677-e294e868e4c3	17	46351954	78285287	19117	-0.1306
6f31f549-75a3-4c9d-a677-e294e868e4c3	17	78286051	78286887	2	-2.6989
6f31f549-75a3-4c9d-a677-e294e868e4c3	17	78290662	83091923	2304	-0.1459
6f31f549-75a3-4c9d-a677-e294e868e4c3	18	48133	566272	361	-0.2696
6f31f549-75a3-4c9d-a677-e294e868e4c3	18	566905	71050068	43126	-0.3218
6f31f549-75a3-4c9d-a677-e294e868e4c3	18	71050567	72990630	1489	-0.2555
6f31f549-75a3-4c9d-a677-e294e868e4c3	18	72990645	72990994	3	-2.0172
6f31f549-75a3-4c9d-a677-e294e868e4c3	18	72993988	80257174	5278	-0.3322
6f31f549-75a3-4c9d-a677-e294e868e4c3	19	90910	257392	6	0.1941
6f31f549-75a3-4c9d-a677-e294e868e4c3	19	258084	4675266	1221	-0.2163
6f31f549-75a3-4c9d-a677-e294e868e4c3	19	4677570	8324031	1689	-0.0235
6f31f549-75a3-4c9d-a677-e294e868e4c3	19	8324127	58216206	25866	0.0639
6f31f549-75a3-4c9d-a677-e294e868e4c3	19	58222013	58586487	183	-0.0167
6f31f549-75a3-4c9d-a677-e294e868e4c3	20	80664	1580353	1193	0.9101
6f31f549-75a3-4c9d-a677-e294e868e4c3	20	1580934	1613247	41	-0.0701
6f31f549-75a3-4c9d-a677-e294e868e4c3	20	1617300	8711794	5258	0.8938
6f31f549-75a3-4c9d-a677-e294e868e4c3	20	8714018	8735687	18	1.6497
6f31f549-75a3-4c9d-a677-e294e868e4c3	20	8737609	37056247	16172	0.8739
6f31f549-75a3-4c9d-a677-e294e868e4c3	20	37068156	37094427	91	0.5972
6f31f549-75a3-4c9d-a677-e294e868e4c3	20	37097999	50808921	9508	0.8704
6f31f549-75a3-4c9d-a677-e294e868e4c3	20	50817242	63555881	9491	0.9832
6f31f549-75a3-4c9d-a677-e294e868e4c3	20	63556063	64284215	321	0.8833
6f31f549-75a3-4c9d-a677-e294e868e4c3	20	64284715	64324800	6	0.0069
6f31f549-75a3-4c9d-a677-e294e868e4c3	21	10354168	10458564	14	0.0152
6f31f549-75a3-4c9d-a677-e294e868e4c3	21	10458811	12973348	74	-0.527
6f31f549-75a3-4c9d-a677-e294e868e4c3	21	12992210	46677045	23586	0.0529
6f31f549-75a3-4c9d-a677-e294e868e4c3	22	15294547	38967614	15097	-0.8294
6f31f549-75a3-4c9d-a677-e294e868e4c3	22	38967679	38979302	23	-2.0273
6f31f549-75a3-4c9d-a677-e294e868e4c3	22	38993700	38999502	11	0.2097
6f31f549-75a3-4c9d-a677-e294e868e4c3	22	39003307	42496590	1869	-0.7985
6f31f549-75a3-4c9d-a677-e294e868e4c3	22	42501276	42559425	26	-0.1387
6f31f549-75a3-4c9d-a677-e294e868e4c3	22	42559782	44980398	1774	-0.8607
6f31f549-75a3-4c9d-a677-e294e868e4c3	22	44980645	44998263	15	-4.299
6f31f549-75a3-4c9d-a677-e294e868e4c3	22	44998859	50796027	4223	-0.8782
6f31f549-75a3-4c9d-a677-e294e868e4c3	X	251810	1006176	80	0.2093
6f31f549-75a3-4c9d-a677-e294e868e4c3	X	1111367	2442775	7	1.0019
6f31f549-75a3-4c9d-a677-e294e868e4c3	X	2516146	2748312	7	1.6265
6f31f549-75a3-4c9d-a677-e294e868e4c3	X	2785350	53438349	30651	-0.0206
6f31f549-75a3-4c9d-a677-e294e868e4c3	X	53447826	96336390	18293	0.0325
6f31f549-75a3-4c9d-a677-e294e868e4c3	X	96336396	155952689	33492	-0.0112
6f31f549-75a3-4c9d-a677-e294e868e4c3	Y	2782397	3197637	162	0.0574
6f31f549-75a3-4c9d-a677-e294e868e4c3	Y	3201259	19290691	5267	-2.5229
6f31f549-75a3-4c9d-a677-e294e868e4c3	Y	19297615	19386413	44	-0.7662
6f31f549-75a3-4c9d-a677-e294e868e4c3	Y	19390436	20548524	338	-2.5826
6f31f549-75a3-4c9d-a677-e294e868e4c3	Y	20554173	20616145	21	-0.8648
6f31f549-75a3-4c9d-a677-e294e868e4c3	Y	20629400	20664476	20	-0.401
6f31f549-75a3-4c9d-a677-e294e868e4c3	Y	20666058	20719030	28	-1.0177
6f31f549-75a3-4c9d-a677-e294e868e4c3	Y	20722443	20752415	17	-2.6062
6f31f549-75a3-4c9d-a677-e294e868e4c3	Y	20752492	20756691	2	-7.6439
6f31f549-75a3-4c9d-a677-e294e868e4c3	Y	20757006	56872112	732	-2.5206
