GDC_Aliquot	Chromosome	Start	End	Num_Probes	Segment_Mean
de49c4ee-7d03-4ce8-898a-765337e3f707	1	62920	1696979	212	0.1707
de49c4ee-7d03-4ce8-898a-765337e3f707	1	1710664	1741164	14	1.0338
de49c4ee-7d03-4ce8-898a-765337e3f707	1	1756148	3302046	512	0.1209
de49c4ee-7d03-4ce8-898a-765337e3f707	1	3302359	15822848	7573	0.0088
de49c4ee-7d03-4ce8-898a-765337e3f707	1	15823420	15827338	5	1.2672
de49c4ee-7d03-4ce8-898a-765337e3f707	1	15827362	16689764	339	0.0296
de49c4ee-7d03-4ce8-898a-765337e3f707	1	16718963	16935393	73	-0.4246
de49c4ee-7d03-4ce8-898a-765337e3f707	1	16935737	72284670	33783	0.0032
de49c4ee-7d03-4ce8-898a-765337e3f707	1	72290430	72297687	9	-1.1202
de49c4ee-7d03-4ce8-898a-765337e3f707	1	72302735	109684695	23464	0.0009
de49c4ee-7d03-4ce8-898a-765337e3f707	1	109684893	109697556	13	1.1852
de49c4ee-7d03-4ce8-898a-765337e3f707	1	109702376	110834746	830	0.0023
de49c4ee-7d03-4ce8-898a-765337e3f707	1	110834943	110834953	4	-2.2746
de49c4ee-7d03-4ce8-898a-765337e3f707	1	110836273	110836709	8	-3.8385
de49c4ee-7d03-4ce8-898a-765337e3f707	1	110836717	110841332	23	-2.115
de49c4ee-7d03-4ce8-898a-765337e3f707	1	110841350	112153465	1070	-0.0088
de49c4ee-7d03-4ce8-898a-765337e3f707	1	112153571	112154619	21	0.5845
de49c4ee-7d03-4ce8-898a-765337e3f707	1	112154754	119758152	4858	0.0058
de49c4ee-7d03-4ce8-898a-765337e3f707	1	119762883	119762902	2	-1.4591
de49c4ee-7d03-4ce8-898a-765337e3f707	1	119763366	121413668	195	-0.0188
de49c4ee-7d03-4ce8-898a-765337e3f707	1	121426988	150510760	1374	0.0703
de49c4ee-7d03-4ce8-898a-765337e3f707	1	150511040	152583051	1120	0.0126
de49c4ee-7d03-4ce8-898a-765337e3f707	1	152583230	152614118	35	-1.3486
de49c4ee-7d03-4ce8-898a-765337e3f707	1	152618018	174828177	14879	0.0032
de49c4ee-7d03-4ce8-898a-765337e3f707	1	174828195	174832716	11	0.602
de49c4ee-7d03-4ce8-898a-765337e3f707	1	174832734	196762956	14532	0.0044
de49c4ee-7d03-4ce8-898a-765337e3f707	1	196769493	196847600	58	-0.3058
de49c4ee-7d03-4ce8-898a-765337e3f707	1	196854187	209908268	8712	0.0021
de49c4ee-7d03-4ce8-898a-765337e3f707	1	209908720	209910639	2	-2.2411
de49c4ee-7d03-4ce8-898a-765337e3f707	1	209913207	248930189	26795	0.007
de49c4ee-7d03-4ce8-898a-765337e3f707	2	12784	34466002	23910	0.0134
de49c4ee-7d03-4ce8-898a-765337e3f707	2	34474248	34512096	47	0.658
de49c4ee-7d03-4ce8-898a-765337e3f707	2	34512489	52527423	12892	0.0113
de49c4ee-7d03-4ce8-898a-765337e3f707	2	52527590	52527727	2	-2.4857
de49c4ee-7d03-4ce8-898a-765337e3f707	2	52527743	52531630	3	-0.1236
de49c4ee-7d03-4ce8-898a-765337e3f707	2	52531652	52554404	31	0.5787
de49c4ee-7d03-4ce8-898a-765337e3f707	2	52560811	106258266	29210	0.0126
de49c4ee-7d03-4ce8-898a-765337e3f707	2	106263639	106270952	14	0.8805
de49c4ee-7d03-4ce8-898a-765337e3f707	2	106271414	176394114	41945	0.0105
de49c4ee-7d03-4ce8-898a-765337e3f707	2	176402448	176407805	2	2.2294
de49c4ee-7d03-4ce8-898a-765337e3f707	2	176410410	179555026	2050	0.0053
de49c4ee-7d03-4ce8-898a-765337e3f707	2	179555716	179556785	11	-0.6502
de49c4ee-7d03-4ce8-898a-765337e3f707	2	179557019	207490231	16308	0.0087
de49c4ee-7d03-4ce8-898a-765337e3f707	2	207490454	207494612	15	-0.8815
de49c4ee-7d03-4ce8-898a-765337e3f707	2	207494752	221606293	9023	0.0017
de49c4ee-7d03-4ce8-898a-765337e3f707	2	221606740	221606796	2	1.7073
de49c4ee-7d03-4ce8-898a-765337e3f707	2	221607842	241840119	12763	0.0112
de49c4ee-7d03-4ce8-898a-765337e3f707	2	241841181	242101984	112	0.2114
de49c4ee-7d03-4ce8-898a-765337e3f707	2	242103315	242147305	18	-0.0296
de49c4ee-7d03-4ce8-898a-765337e3f707	3	20930	26003778	19451	0.0051
de49c4ee-7d03-4ce8-898a-765337e3f707	3	26004627	26124227	66	-1.0169
de49c4ee-7d03-4ce8-898a-765337e3f707	3	26129220	37935926	7860	0.0047
de49c4ee-7d03-4ce8-898a-765337e3f707	3	37940617	37945437	18	-0.8205
de49c4ee-7d03-4ce8-898a-765337e3f707	3	37945615	44021137	3826	0.0061
de49c4ee-7d03-4ce8-898a-765337e3f707	3	44022441	44024420	2	1.5231
de49c4ee-7d03-4ce8-898a-765337e3f707	3	44024530	52989195	4191	-0.0007
de49c4ee-7d03-4ce8-898a-765337e3f707	3	52994359	53005661	43	-0.6253
de49c4ee-7d03-4ce8-898a-765337e3f707	3	53007328	61141148	6078	0.0074
de49c4ee-7d03-4ce8-898a-765337e3f707	3	61141532	61142344	3	-1.2979
de49c4ee-7d03-4ce8-898a-765337e3f707	3	61145227	65202778	3402	-0.0007
de49c4ee-7d03-4ce8-898a-765337e3f707	3	65203560	65213893	30	-0.8169
de49c4ee-7d03-4ce8-898a-765337e3f707	3	65214027	65221269	13	-0.1208
de49c4ee-7d03-4ce8-898a-765337e3f707	3	65221656	65224777	9	-0.8597
de49c4ee-7d03-4ce8-898a-765337e3f707	3	65230674	84053071	11958	0.0014
de49c4ee-7d03-4ce8-898a-765337e3f707	3	84056282	84057015	2	-3.4545
de49c4ee-7d03-4ce8-898a-765337e3f707	3	84061816	99226455	6260	0.0016
de49c4ee-7d03-4ce8-898a-765337e3f707	3	99226551	99230212	13	-0.9401
de49c4ee-7d03-4ce8-898a-765337e3f707	3	99230225	150803676	31345	0.0043
de49c4ee-7d03-4ce8-898a-765337e3f707	3	150804913	150836991	23	0.5018
de49c4ee-7d03-4ce8-898a-765337e3f707	3	150841351	162812527	7356	0.0112
de49c4ee-7d03-4ce8-898a-765337e3f707	3	162813082	162828441	10	-0.7912
de49c4ee-7d03-4ce8-898a-765337e3f707	3	162829721	162898127	40	0.58
de49c4ee-7d03-4ce8-898a-765337e3f707	3	162906054	176165961	8106	0.003
de49c4ee-7d03-4ce8-898a-765337e3f707	3	176170271	176196691	34	-0.9934
de49c4ee-7d03-4ce8-898a-765337e3f707	3	176198433	193160256	10883	0.0101
de49c4ee-7d03-4ce8-898a-765337e3f707	3	193160406	193165114	17	-1.1354
de49c4ee-7d03-4ce8-898a-765337e3f707	3	193168646	195559056	1475	0.0083
de49c4ee-7d03-4ce8-898a-765337e3f707	3	195656271	195720051	25	-0.5559
de49c4ee-7d03-4ce8-898a-765337e3f707	3	195728637	198169247	1181	0.0422
de49c4ee-7d03-4ce8-898a-765337e3f707	4	68929	3461725	1383	0.0288
de49c4ee-7d03-4ce8-898a-765337e3f707	4	3462155	3481310	11	0.6927
de49c4ee-7d03-4ce8-898a-765337e3f707	4	3485595	10208766	4267	0.0012
de49c4ee-7d03-4ce8-898a-765337e3f707	4	10221792	10233542	33	1.2516
de49c4ee-7d03-4ce8-898a-765337e3f707	4	10233558	10390730	172	0.0196
de49c4ee-7d03-4ce8-898a-765337e3f707	4	10391530	10399044	15	-1.9448
de49c4ee-7d03-4ce8-898a-765337e3f707	4	10401094	34777418	16649	-0.001
de49c4ee-7d03-4ce8-898a-765337e3f707	4	34777432	34822561	38	0.8028
de49c4ee-7d03-4ce8-898a-765337e3f707	4	34823103	44962936	6546	0.0041
de49c4ee-7d03-4ce8-898a-765337e3f707	4	44963030	45004175	44	0.6445
de49c4ee-7d03-4ce8-898a-765337e3f707	4	45004295	68478894	12710	-0.001
de49c4ee-7d03-4ce8-898a-765337e3f707	4	68494770	68671434	73	0.7099
de49c4ee-7d03-4ce8-898a-765337e3f707	4	68674307	103824414	21198	0.0034
de49c4ee-7d03-4ce8-898a-765337e3f707	4	103830473	103830480	5	1.0735
de49c4ee-7d03-4ce8-898a-765337e3f707	4	103830487	137017547	19267	0.0007
de49c4ee-7d03-4ce8-898a-765337e3f707	4	137017561	137017653	2	1.8814
de49c4ee-7d03-4ce8-898a-765337e3f707	4	137017888	190106768	33720	0.0086
de49c4ee-7d03-4ce8-898a-765337e3f707	5	15532	15718383	12088	0.0073
de49c4ee-7d03-4ce8-898a-765337e3f707	5	15719113	15720227	8	-1.085
de49c4ee-7d03-4ce8-898a-765337e3f707	5	15720342	62277545	26234	0.0014
de49c4ee-7d03-4ce8-898a-765337e3f707	5	62279164	62280446	3	-1.644
de49c4ee-7d03-4ce8-898a-765337e3f707	5	62286365	104515520	23774	0.0022
de49c4ee-7d03-4ce8-898a-765337e3f707	5	104524672	104524903	4	1.4859
de49c4ee-7d03-4ce8-898a-765337e3f707	5	104525348	146544721	26588	0.0076
de49c4ee-7d03-4ce8-898a-765337e3f707	5	146547764	146548125	2	-2.0075
de49c4ee-7d03-4ce8-898a-765337e3f707	5	146548711	152134539	3880	-0.0073
de49c4ee-7d03-4ce8-898a-765337e3f707	5	152134610	152138790	15	-0.5167
de49c4ee-7d03-4ce8-898a-765337e3f707	5	152140710	152198646	49	0.0364
de49c4ee-7d03-4ce8-898a-765337e3f707	5	152199363	152203849	5	-1.1286
de49c4ee-7d03-4ce8-898a-765337e3f707	5	152205566	181363319	19273	0.0026
de49c4ee-7d03-4ce8-898a-765337e3f707	6	149661	258265	103	0.0452
de49c4ee-7d03-4ce8-898a-765337e3f707	6	260376	381149	96	-0.4542
de49c4ee-7d03-4ce8-898a-765337e3f707	6	382559	29869295	21284	0.0037
de49c4ee-7d03-4ce8-898a-765337e3f707	6	29869410	29881490	16	0.967
de49c4ee-7d03-4ce8-898a-765337e3f707	6	29882419	31318528	655	0.0077
de49c4ee-7d03-4ce8-898a-765337e3f707	6	31318754	31319724	3	-2.756
de49c4ee-7d03-4ce8-898a-765337e3f707	6	31327629	32810504	674	0.0745
de49c4ee-7d03-4ce8-898a-765337e3f707	6	32811611	32814372	6	-1.2844
de49c4ee-7d03-4ce8-898a-765337e3f707	6	32814610	76726815	25566	0.002
de49c4ee-7d03-4ce8-898a-765337e3f707	6	76730151	76742675	16	-3.11
de49c4ee-7d03-4ce8-898a-765337e3f707	6	76742729	76743040	5	-1.1587
de49c4ee-7d03-4ce8-898a-765337e3f707	6	76751356	78261995	973	0.0025
de49c4ee-7d03-4ce8-898a-765337e3f707	6	78262064	78329517	107	0.4716
de49c4ee-7d03-4ce8-898a-765337e3f707	6	78331916	170741917	59174	0.0036
de49c4ee-7d03-4ce8-898a-765337e3f707	7	43355	6790272	3392	0.0334
de49c4ee-7d03-4ce8-898a-765337e3f707	7	6791067	6799093	5	-1.2706
de49c4ee-7d03-4ce8-898a-765337e3f707	7	6814479	16556132	7842	0.002
de49c4ee-7d03-4ce8-898a-765337e3f707	7	16557026	16557233	3	-1.6847
de49c4ee-7d03-4ce8-898a-765337e3f707	7	16557815	91728554	44894	0.0062
de49c4ee-7d03-4ce8-898a-765337e3f707	7	91728979	91729456	4	1.4577
de49c4ee-7d03-4ce8-898a-765337e3f707	7	91729474	134100424	24966	0.0069
de49c4ee-7d03-4ce8-898a-765337e3f707	7	134100442	134105690	23	-2.0323
de49c4ee-7d03-4ce8-898a-765337e3f707	7	134110881	142365332	5397	0.0083
de49c4ee-7d03-4ce8-898a-765337e3f707	7	142365393	142804120	244	0.1573
de49c4ee-7d03-4ce8-898a-765337e3f707	7	142804157	144264193	760	0.0153
de49c4ee-7d03-4ce8-898a-765337e3f707	7	144295437	144336758	5	-1.3176
de49c4ee-7d03-4ce8-898a-765337e3f707	7	144343967	154598185	6361	0.0057
de49c4ee-7d03-4ce8-898a-765337e3f707	7	154601461	154607903	4	-1.852
de49c4ee-7d03-4ce8-898a-765337e3f707	7	154609120	159334314	3218	0.0135
de49c4ee-7d03-4ce8-898a-765337e3f707	8	81254	2844412	2021	0.0126
de49c4ee-7d03-4ce8-898a-765337e3f707	8	2846011	2846377	7	-1.6002
de49c4ee-7d03-4ce8-898a-765337e3f707	8	2849649	4062150	1503	0.0034
de49c4ee-7d03-4ce8-898a-765337e3f707	8	4062163	4062184	2	1.5543
de49c4ee-7d03-4ce8-898a-765337e3f707	8	4062220	4218559	296	0.012
de49c4ee-7d03-4ce8-898a-765337e3f707	8	4218866	4219236	3	1.499
de49c4ee-7d03-4ce8-898a-765337e3f707	8	4219668	6969479	3727	0.0001
de49c4ee-7d03-4ce8-898a-765337e3f707	8	6969512	6969677	5	-1.1799
de49c4ee-7d03-4ce8-898a-765337e3f707	8	6975846	7598502	131	0.0762
de49c4ee-7d03-4ce8-898a-765337e3f707	8	7775900	7941868	13	0.8333
de49c4ee-7d03-4ce8-898a-765337e3f707	8	7974123	12177488	3218	0.0227
de49c4ee-7d03-4ce8-898a-765337e3f707	8	12323772	12383996	16	-1.1922
de49c4ee-7d03-4ce8-898a-765337e3f707	8	12385006	12385031	6	-0.0413
de49c4ee-7d03-4ce8-898a-765337e3f707	8	12387683	12419769	9	-0.7261
de49c4ee-7d03-4ce8-898a-765337e3f707	8	12454103	15916847	3077	0.0077
de49c4ee-7d03-4ce8-898a-765337e3f707	8	15920406	15930760	6	-1.7927
de49c4ee-7d03-4ce8-898a-765337e3f707	8	15931492	25116961	7238	0.0061
de49c4ee-7d03-4ce8-898a-765337e3f707	8	25117007	25126735	24	-2.5152
de49c4ee-7d03-4ce8-898a-765337e3f707	8	25126818	39373140	8945	0.0044
de49c4ee-7d03-4ce8-898a-765337e3f707	8	39378084	39529446	59	0.9174
de49c4ee-7d03-4ce8-898a-765337e3f707	8	39530780	141412629	62883	0.0031
de49c4ee-7d03-4ce8-898a-765337e3f707	8	141412771	144925013	1454	0.0807
de49c4ee-7d03-4ce8-898a-765337e3f707	8	144925310	145072769	81	-0.0322
de49c4ee-7d03-4ce8-898a-765337e3f707	9	46587	11336040	10637	0.0155
de49c4ee-7d03-4ce8-898a-765337e3f707	9	11339109	11339618	2	-2.0769
de49c4ee-7d03-4ce8-898a-765337e3f707	9	11340085	11695067	284	0.0024
de49c4ee-7d03-4ce8-898a-765337e3f707	9	11695108	11695757	2	1.7168
de49c4ee-7d03-4ce8-898a-765337e3f707	9	11695785	39807498	19955	0.0029
de49c4ee-7d03-4ce8-898a-765337e3f707	9	39827488	39833357	2	-2.2335
de49c4ee-7d03-4ce8-898a-765337e3f707	9	39840169	61405110	193	0.055
de49c4ee-7d03-4ce8-898a-765337e3f707	9	61520021	61600648	24	-1.1277
de49c4ee-7d03-4ce8-898a-765337e3f707	9	61612703	138200944	47722	0.0027
de49c4ee-7d03-4ce8-898a-765337e3f707	10	45792	46522514	31431	0.0038
de49c4ee-7d03-4ce8-898a-765337e3f707	10	46522571	46526086	12	0.705
de49c4ee-7d03-4ce8-898a-765337e3f707	10	46526248	50404231	1853	0.0021
de49c4ee-7d03-4ce8-898a-765337e3f707	10	50404825	50407185	2	1.6254
de49c4ee-7d03-4ce8-898a-765337e3f707	10	50407682	59605153	6758	0.0074
de49c4ee-7d03-4ce8-898a-765337e3f707	10	59605316	59605424	2	1.9296
de49c4ee-7d03-4ce8-898a-765337e3f707	10	59605506	122574497	42049	0.0033
de49c4ee-7d03-4ce8-898a-765337e3f707	10	122584593	122591497	6	-1.2894
de49c4ee-7d03-4ce8-898a-765337e3f707	10	122597296	133654968	7852	0.016
de49c4ee-7d03-4ce8-898a-765337e3f707	11	198510	4949100	2405	0.0182
de49c4ee-7d03-4ce8-898a-765337e3f707	11	4949113	4955042	25	-1.626
de49c4ee-7d03-4ce8-898a-765337e3f707	11	4955781	5766862	774	0.0125
de49c4ee-7d03-4ce8-898a-765337e3f707	11	5768371	5787909	30	-0.7205
de49c4ee-7d03-4ce8-898a-765337e3f707	11	5788108	15278381	6934	0.0032
de49c4ee-7d03-4ce8-898a-765337e3f707	11	15278576	15280216	2	-2.774
de49c4ee-7d03-4ce8-898a-765337e3f707	11	15287250	18919323	2394	-0.0016
de49c4ee-7d03-4ce8-898a-765337e3f707	11	18927525	18949158	48	0.3429
de49c4ee-7d03-4ce8-898a-765337e3f707	11	18949201	22447934	2950	0.0033
de49c4ee-7d03-4ce8-898a-765337e3f707	11	22450055	22450789	3	-1.4031
de49c4ee-7d03-4ce8-898a-765337e3f707	11	22451596	55595864	18624	0.0049
de49c4ee-7d03-4ce8-898a-765337e3f707	11	55606556	55693207	61	0.4414
de49c4ee-7d03-4ce8-898a-765337e3f707	11	55693312	135074876	51869	0.009
de49c4ee-7d03-4ce8-898a-765337e3f707	12	51460	9481274	6131	0.015
de49c4ee-7d03-4ce8-898a-765337e3f707	12	9485313	9575696	23	1.2272
de49c4ee-7d03-4ce8-898a-765337e3f707	12	9582373	33148472	16444	0.0099
de49c4ee-7d03-4ce8-898a-765337e3f707	12	33148492	33155426	27	0.5975
de49c4ee-7d03-4ce8-898a-765337e3f707	12	33155453	42850119	3950	0.0012
de49c4ee-7d03-4ce8-898a-765337e3f707	12	42854100	42854314	2	1.7915
de49c4ee-7d03-4ce8-898a-765337e3f707	12	42855067	48331259	3298	0.002
de49c4ee-7d03-4ce8-898a-765337e3f707	12	48331456	48331632	3	-2.435
de49c4ee-7d03-4ce8-898a-765337e3f707	12	48336253	133201603	54288	0.0064
de49c4ee-7d03-4ce8-898a-765337e3f707	13	18452809	19547319	529	0.0192
de49c4ee-7d03-4ce8-898a-765337e3f707	13	19549755	19549770	2	3.856
de49c4ee-7d03-4ce8-898a-765337e3f707	13	19550361	27922634	5927	0.0069
de49c4ee-7d03-4ce8-898a-765337e3f707	13	27937945	27950037	15	0.6993
de49c4ee-7d03-4ce8-898a-765337e3f707	13	27955136	37493438	6869	-0.0006
de49c4ee-7d03-4ce8-898a-765337e3f707	13	37495907	37509968	15	-0.5961
de49c4ee-7d03-4ce8-898a-765337e3f707	13	37510184	95282451	36642	0.0064
de49c4ee-7d03-4ce8-898a-765337e3f707	13	95283515	95380575	75	0.6158
de49c4ee-7d03-4ce8-898a-765337e3f707	13	95383811	114342922	13461	0.0057
de49c4ee-7d03-4ce8-898a-765337e3f707	14	18239283	19735726	70	0.06
de49c4ee-7d03-4ce8-898a-765337e3f707	14	19735739	19952080	93	-0.4694
de49c4ee-7d03-4ce8-898a-765337e3f707	14	19954424	21817867	1229	0.0206
de49c4ee-7d03-4ce8-898a-765337e3f707	14	21820576	22664303	749	0.2175
de49c4ee-7d03-4ce8-898a-765337e3f707	14	22664866	23977422	713	0.0088
de49c4ee-7d03-4ce8-898a-765337e3f707	14	23977508	23992645	11	-1.0252
de49c4ee-7d03-4ce8-898a-765337e3f707	14	23995303	106294689	51765	0.0021
de49c4ee-7d03-4ce8-898a-765337e3f707	14	106297265	106297273	3	1.4746
de49c4ee-7d03-4ce8-898a-765337e3f707	14	106297409	106321086	14	0.1016
de49c4ee-7d03-4ce8-898a-765337e3f707	14	106340102	106365807	11	1.3809
de49c4ee-7d03-4ce8-898a-765337e3f707	14	106369985	106423925	28	-0.0651
de49c4ee-7d03-4ce8-898a-765337e3f707	14	106425447	106434898	4	1.1111
de49c4ee-7d03-4ce8-898a-765337e3f707	14	106437363	106877229	237	0.0489
de49c4ee-7d03-4ce8-898a-765337e3f707	15	19811075	20206395	58	-0.1426
de49c4ee-7d03-4ce8-898a-765337e3f707	15	20206773	22299523	148	0.5719
de49c4ee-7d03-4ce8-898a-765337e3f707	15	22385639	26315045	2340	0.0066
de49c4ee-7d03-4ce8-898a-765337e3f707	15	26317005	26318009	2	-3.2395
de49c4ee-7d03-4ce8-898a-765337e3f707	15	26318441	30500366	2282	0.0294
de49c4ee-7d03-4ce8-898a-765337e3f707	15	30503586	30633402	7	0.9236
de49c4ee-7d03-4ce8-898a-765337e3f707	15	30638297	43553305	8223	0.0052
de49c4ee-7d03-4ce8-898a-765337e3f707	15	43592920	43646608	22	-0.8766
de49c4ee-7d03-4ce8-898a-765337e3f707	15	43692744	101928837	38046	0.004
de49c4ee-7d03-4ce8-898a-765337e3f707	16	10777	14686797	11002	0.013
de49c4ee-7d03-4ce8-898a-765337e3f707	16	14794738	14991827	58	0.5588
de49c4ee-7d03-4ce8-898a-765337e3f707	16	14993314	19933041	2300	0.0357
de49c4ee-7d03-4ce8-898a-765337e3f707	16	19934328	19956040	29	-0.8645
de49c4ee-7d03-4ce8-898a-765337e3f707	16	19958932	21368130	884	0.0195
de49c4ee-7d03-4ce8-898a-765337e3f707	16	21401082	21580019	23	-0.4455
de49c4ee-7d03-4ce8-898a-765337e3f707	16	21582134	22430699	361	0.0369
de49c4ee-7d03-4ce8-898a-765337e3f707	16	22546611	22706983	76	-0.4688
de49c4ee-7d03-4ce8-898a-765337e3f707	16	22707065	23922526	785	0.0003
de49c4ee-7d03-4ce8-898a-765337e3f707	16	23923570	23932616	7	-1.1361
de49c4ee-7d03-4ce8-898a-765337e3f707	16	23933272	29651851	3465	0.0101
de49c4ee-7d03-4ce8-898a-765337e3f707	16	29652938	30178660	175	0.1681
de49c4ee-7d03-4ce8-898a-765337e3f707	16	30178721	55762682	7586	0.0022
de49c4ee-7d03-4ce8-898a-765337e3f707	16	55764310	55764867	3	3.0094
de49c4ee-7d03-4ce8-898a-765337e3f707	16	55770436	70085850	8687	0.0054
de49c4ee-7d03-4ce8-898a-765337e3f707	16	70086227	70179141	27	0.5809
de49c4ee-7d03-4ce8-898a-765337e3f707	16	70200633	74371293	2285	0.0053
de49c4ee-7d03-4ce8-898a-765337e3f707	16	74373114	74373481	3	1.3672
de49c4ee-7d03-4ce8-898a-765337e3f707	16	74418138	78342814	3193	-0.0003
de49c4ee-7d03-4ce8-898a-765337e3f707	16	78343037	78345778	5	1.2731
de49c4ee-7d03-4ce8-898a-765337e3f707	16	78347366	78415774	99	0.1006
de49c4ee-7d03-4ce8-898a-765337e3f707	16	78416213	87836773	9477	0.0078
de49c4ee-7d03-4ce8-898a-765337e3f707	16	87841250	90096867	954	0.0814
de49c4ee-7d03-4ce8-898a-765337e3f707	17	150733	18455632	11306	0.0177
de49c4ee-7d03-4ce8-898a-765337e3f707	17	18455635	18561907	25	-1.3296
de49c4ee-7d03-4ce8-898a-765337e3f707	17	18565883	80627616	32427	0.011
de49c4ee-7d03-4ce8-898a-765337e3f707	17	80630401	80684347	34	0.517
de49c4ee-7d03-4ce8-898a-765337e3f707	17	80685817	83091923	935	0.0268
de49c4ee-7d03-4ce8-898a-765337e3f707	18	48133	40678118	22603	0.0066
de49c4ee-7d03-4ce8-898a-765337e3f707	18	40678132	40689848	34	0.3763
de49c4ee-7d03-4ce8-898a-765337e3f707	18	40690108	42470463	1197	0.0058
de49c4ee-7d03-4ce8-898a-765337e3f707	18	42471713	42477506	25	-0.464
de49c4ee-7d03-4ce8-898a-765337e3f707	18	42477802	59981552	11848	0.0066
de49c4ee-7d03-4ce8-898a-765337e3f707	18	59982075	59982306	2	-1.556
de49c4ee-7d03-4ce8-898a-765337e3f707	18	59984989	65533230	3882	-0.0029
de49c4ee-7d03-4ce8-898a-765337e3f707	18	65533243	65537481	17	0.7518
de49c4ee-7d03-4ce8-898a-765337e3f707	18	65540037	69076108	2562	-0.0003
de49c4ee-7d03-4ce8-898a-765337e3f707	18	69078869	69079650	12	-0.4979
de49c4ee-7d03-4ce8-898a-765337e3f707	18	69083700	69083960	7	-1.5454
de49c4ee-7d03-4ce8-898a-765337e3f707	18	69084091	69091029	28	-0.6195
de49c4ee-7d03-4ce8-898a-765337e3f707	18	69091346	80257174	8085	0.0183
de49c4ee-7d03-4ce8-898a-765337e3f707	19	90910	24278016	11087	0.015
de49c4ee-7d03-4ce8-898a-765337e3f707	19	24278618	24282155	9	-1.005
de49c4ee-7d03-4ce8-898a-765337e3f707	19	24304880	51628560	13552	0.0104
de49c4ee-7d03-4ce8-898a-765337e3f707	19	51639099	51644683	10	0.9859
de49c4ee-7d03-4ce8-898a-765337e3f707	19	51644944	55771169	2486	0.0422
de49c4ee-7d03-4ce8-898a-765337e3f707	19	55771663	55771701	2	-2.5168
de49c4ee-7d03-4ce8-898a-765337e3f707	19	55774927	58586487	1824	0.0226
de49c4ee-7d03-4ce8-898a-765337e3f707	20	80664	376926	216	0.132
de49c4ee-7d03-4ce8-898a-765337e3f707	20	377567	1598316	1006	0.0084
de49c4ee-7d03-4ce8-898a-765337e3f707	20	1598475	1613247	11	-0.6508
de49c4ee-7d03-4ce8-898a-765337e3f707	20	1617300	3828119	1550	-0.003
de49c4ee-7d03-4ce8-898a-765337e3f707	20	3830556	4123429	188	0.1827
de49c4ee-7d03-4ce8-898a-765337e3f707	20	4123473	63556719	38781	0.0078
de49c4ee-7d03-4ce8-898a-765337e3f707	20	63567905	64324800	323	0.1182
de49c4ee-7d03-4ce8-898a-765337e3f707	21	10354168	10354468	2	-0.2903
de49c4ee-7d03-4ce8-898a-765337e3f707	21	10388367	12996806	88	0.5801
de49c4ee-7d03-4ce8-898a-765337e3f707	21	12996886	46677045	23588	0.0076
de49c4ee-7d03-4ce8-898a-765337e3f707	22	15294547	23987520	4376	0.0413
de49c4ee-7d03-4ce8-898a-765337e3f707	22	23988078	23989773	2	-2.8263
de49c4ee-7d03-4ce8-898a-765337e3f707	22	23990431	48370238	17123	0.0087
de49c4ee-7d03-4ce8-898a-765337e3f707	22	48370335	48371099	4	-1.4533
de49c4ee-7d03-4ce8-898a-765337e3f707	22	48372384	50796027	1651	0.0661
de49c4ee-7d03-4ce8-898a-765337e3f707	X	251810	7182164	3398	-0.0235
de49c4ee-7d03-4ce8-898a-765337e3f707	X	7185165	7185871	3	-3.6977
de49c4ee-7d03-4ce8-898a-765337e3f707	X	7188165	58535497	29622	0.0006
de49c4ee-7d03-4ce8-898a-765337e3f707	X	62509359	62937141	67	0.8774
de49c4ee-7d03-4ce8-898a-765337e3f707	X	62947312	155952689	49613	0.0054
de49c4ee-7d03-4ce8-898a-765337e3f707	Y	2782397	56872112	6634	-0.9667
