GDC_Aliquot	Chromosome	Start	End	Num_Probes	Segment_Mean
6f0290b0-4cb4-4f72-853e-9ac363bd2c3b	1	62920	1194033	105	-0.3099
6f0290b0-4cb4-4f72-853e-9ac363bd2c3b	1	1194292	2844810	431	-0.9207
6f0290b0-4cb4-4f72-853e-9ac363bd2c3b	1	2850406	4689016	1188	-0.2519
6f0290b0-4cb4-4f72-853e-9ac363bd2c3b	1	4690059	11287435	3926	-0.8446
6f0290b0-4cb4-4f72-853e-9ac363bd2c3b	1	11291667	12868035	843	0.1698
6f0290b0-4cb4-4f72-853e-9ac363bd2c3b	1	12922922	16864367	2180	-0.223
6f0290b0-4cb4-4f72-853e-9ac363bd2c3b	1	16868660	16934716	46	-0.6572
6f0290b0-4cb4-4f72-853e-9ac363bd2c3b	1	16934753	25256850	5260	-0.2283
6f0290b0-4cb4-4f72-853e-9ac363bd2c3b	1	25266637	25320198	22	0.3283
6f0290b0-4cb4-4f72-853e-9ac363bd2c3b	1	25320253	32435247	3582	-0.2319
6f0290b0-4cb4-4f72-853e-9ac363bd2c3b	1	32435639	32440206	3	-1.8585
6f0290b0-4cb4-4f72-853e-9ac363bd2c3b	1	32449043	35398970	1742	-0.2333
6f0290b0-4cb4-4f72-853e-9ac363bd2c3b	1	35402237	35517621	56	0.4777
6f0290b0-4cb4-4f72-853e-9ac363bd2c3b	1	35520437	40556404	2765	-0.2313
6f0290b0-4cb4-4f72-853e-9ac363bd2c3b	1	40562256	40562538	2	-2.8085
6f0290b0-4cb4-4f72-853e-9ac363bd2c3b	1	40563254	41849085	810	-0.2096
6f0290b0-4cb4-4f72-853e-9ac363bd2c3b	1	41849993	41980636	107	0.4908
6f0290b0-4cb4-4f72-853e-9ac363bd2c3b	1	41983315	44283748	1320	-0.2443
6f0290b0-4cb4-4f72-853e-9ac363bd2c3b	1	44285718	44332700	34	0.441
6f0290b0-4cb4-4f72-853e-9ac363bd2c3b	1	44334280	52792104	4404	-0.2365
6f0290b0-4cb4-4f72-853e-9ac363bd2c3b	1	52798260	52896665	41	0.1697
6f0290b0-4cb4-4f72-853e-9ac363bd2c3b	1	52904337	54624527	1114	-0.2241
6f0290b0-4cb4-4f72-853e-9ac363bd2c3b	1	54627618	54628716	2	-2.2336
6f0290b0-4cb4-4f72-853e-9ac363bd2c3b	1	54630777	54664069	33	-0.2396
6f0290b0-4cb4-4f72-853e-9ac363bd2c3b	1	54665273	63459148	6649	0.1831
6f0290b0-4cb4-4f72-853e-9ac363bd2c3b	1	63465485	69850005	4544	-0.8323
6f0290b0-4cb4-4f72-853e-9ac363bd2c3b	1	69853676	71074766	752	0.1907
6f0290b0-4cb4-4f72-853e-9ac363bd2c3b	1	71082050	71201606	50	-0.6989
6f0290b0-4cb4-4f72-853e-9ac363bd2c3b	1	71202198	71612901	257	0.1948
6f0290b0-4cb4-4f72-853e-9ac363bd2c3b	1	71615847	72303233	413	-0.8195
6f0290b0-4cb4-4f72-853e-9ac363bd2c3b	1	72303253	72345450	44	-1.4853
6f0290b0-4cb4-4f72-853e-9ac363bd2c3b	1	72345465	73177309	509	-0.8193
6f0290b0-4cb4-4f72-853e-9ac363bd2c3b	1	73178276	74711600	935	0.168
6f0290b0-4cb4-4f72-853e-9ac363bd2c3b	1	74718734	74814955	70	-0.1957
6f0290b0-4cb4-4f72-853e-9ac363bd2c3b	1	74820578	75235474	214	0.188
6f0290b0-4cb4-4f72-853e-9ac363bd2c3b	1	75235996	76165253	663	-0.844
6f0290b0-4cb4-4f72-853e-9ac363bd2c3b	1	76165597	78733674	1624	-0.2346
6f0290b0-4cb4-4f72-853e-9ac363bd2c3b	1	78736615	81571839	1915	-0.8398
6f0290b0-4cb4-4f72-853e-9ac363bd2c3b	1	81573796	81633212	56	-0.3086
6f0290b0-4cb4-4f72-853e-9ac363bd2c3b	1	81635821	82698494	672	-0.8566
6f0290b0-4cb4-4f72-853e-9ac363bd2c3b	1	82699340	83391570	424	0.1682
6f0290b0-4cb4-4f72-853e-9ac363bd2c3b	1	83391686	87787080	2977	-0.8456
6f0290b0-4cb4-4f72-853e-9ac363bd2c3b	1	87787866	87788197	2	-5.171
6f0290b0-4cb4-4f72-853e-9ac363bd2c3b	1	87789839	88160195	293	-0.8696
6f0290b0-4cb4-4f72-853e-9ac363bd2c3b	1	88164091	88164197	3	-4.5881
6f0290b0-4cb4-4f72-853e-9ac363bd2c3b	1	88164827	88702199	367	-0.856
6f0290b0-4cb4-4f72-853e-9ac363bd2c3b	1	88703552	89009572	187	-0.271
6f0290b0-4cb4-4f72-853e-9ac363bd2c3b	1	89012275	89012522	2	-3.4219
6f0290b0-4cb4-4f72-853e-9ac363bd2c3b	1	89015841	105470754	10001	-0.2512
6f0290b0-4cb4-4f72-853e-9ac363bd2c3b	1	105476583	105479753	17	0.5114
6f0290b0-4cb4-4f72-853e-9ac363bd2c3b	1	105481433	106398959	618	-0.2266
6f0290b0-4cb4-4f72-853e-9ac363bd2c3b	1	106402807	106448638	28	0.4842
6f0290b0-4cb4-4f72-853e-9ac363bd2c3b	1	106451602	108187137	1292	-0.2361
6f0290b0-4cb4-4f72-853e-9ac363bd2c3b	1	108191613	108194874	3	-2.0329
6f0290b0-4cb4-4f72-853e-9ac363bd2c3b	1	108196482	109684893	693	-0.2264
6f0290b0-4cb4-4f72-853e-9ac363bd2c3b	1	109690352	109697556	13	1.5926
6f0290b0-4cb4-4f72-853e-9ac363bd2c3b	1	109702376	111769532	1579	-0.2371
6f0290b0-4cb4-4f72-853e-9ac363bd2c3b	1	111769589	111769929	3	1.1824
6f0290b0-4cb4-4f72-853e-9ac363bd2c3b	1	111770456	112147589	361	-0.2555
6f0290b0-4cb4-4f72-853e-9ac363bd2c3b	1	112147626	112163440	30	0.3246
6f0290b0-4cb4-4f72-853e-9ac363bd2c3b	1	112163460	119519936	4682	-0.2329
6f0290b0-4cb4-4f72-853e-9ac363bd2c3b	1	119520310	119525474	2	-2.3291
6f0290b0-4cb4-4f72-853e-9ac363bd2c3b	1	119526175	121601998	469	-0.1927
6f0290b0-4cb4-4f72-853e-9ac363bd2c3b	1	121705338	143734438	98	0.5191
6f0290b0-4cb4-4f72-853e-9ac363bd2c3b	1	143748012	143754062	16	1.1011
6f0290b0-4cb4-4f72-853e-9ac363bd2c3b	1	143754077	152583051	2327	0.4798
6f0290b0-4cb4-4f72-853e-9ac363bd2c3b	1	152583230	152613762	31	-1.3109
6f0290b0-4cb4-4f72-853e-9ac363bd2c3b	1	152613802	152614118	4	-0.3004
6f0290b0-4cb4-4f72-853e-9ac363bd2c3b	1	152618018	152787202	166	0.485
6f0290b0-4cb4-4f72-853e-9ac363bd2c3b	1	152789447	152796224	37	-1.5242
6f0290b0-4cb4-4f72-853e-9ac363bd2c3b	1	152801429	196745743	29430	0.4749
6f0290b0-4cb4-4f72-853e-9ac363bd2c3b	1	196758720	196762956	4	-1.8331
6f0290b0-4cb4-4f72-853e-9ac363bd2c3b	1	196769493	213830375	11412	0.4732
6f0290b0-4cb4-4f72-853e-9ac363bd2c3b	1	213833847	213838562	3	-1.5758
6f0290b0-4cb4-4f72-853e-9ac363bd2c3b	1	213840793	215510224	1229	0.4881
6f0290b0-4cb4-4f72-853e-9ac363bd2c3b	1	215512487	215515342	2	-1.5018
6f0290b0-4cb4-4f72-853e-9ac363bd2c3b	1	215519280	220671901	3659	0.4908
6f0290b0-4cb4-4f72-853e-9ac363bd2c3b	1	220675963	220675988	2	-1.6072
6f0290b0-4cb4-4f72-853e-9ac363bd2c3b	1	220677344	221194836	367	0.4811
6f0290b0-4cb4-4f72-853e-9ac363bd2c3b	1	221195015	221199385	2	-1.3612
6f0290b0-4cb4-4f72-853e-9ac363bd2c3b	1	221199825	247740776	18502	0.4755
6f0290b0-4cb4-4f72-853e-9ac363bd2c3b	1	247744589	247944747	165	-2.4968
6f0290b0-4cb4-4f72-853e-9ac363bd2c3b	1	247953033	248930189	487	0.5019
6f0290b0-4cb4-4f72-853e-9ac363bd2c3b	2	12784	17035750	12823	-0.2679
6f0290b0-4cb4-4f72-853e-9ac363bd2c3b	2	17035808	17056638	48	-1.5862
6f0290b0-4cb4-4f72-853e-9ac363bd2c3b	2	17056694	25239416	5483	-0.2568
6f0290b0-4cb4-4f72-853e-9ac363bd2c3b	2	25241002	25798976	280	-2.3248
6f0290b0-4cb4-4f72-853e-9ac363bd2c3b	2	25813167	34476516	5420	-0.1663
6f0290b0-4cb4-4f72-853e-9ac363bd2c3b	2	34476558	34511446	42	0.3909
6f0290b0-4cb4-4f72-853e-9ac363bd2c3b	2	34511990	44286983	7153	-0.1547
6f0290b0-4cb4-4f72-853e-9ac363bd2c3b	2	44290051	44307913	11	-2.542
6f0290b0-4cb4-4f72-853e-9ac363bd2c3b	2	44309407	52516787	5817	-0.16
6f0290b0-4cb4-4f72-853e-9ac363bd2c3b	2	52527330	52554404	40	0.3495
6f0290b0-4cb4-4f72-853e-9ac363bd2c3b	2	52560811	127099470	41739	-0.1598
6f0290b0-4cb4-4f72-853e-9ac363bd2c3b	2	127100187	127100370	2	-2.7605
6f0290b0-4cb4-4f72-853e-9ac363bd2c3b	2	127101070	135873117	4988	-0.1778
6f0290b0-4cb4-4f72-853e-9ac363bd2c3b	2	135873975	135874881	2	-2.2014
6f0290b0-4cb4-4f72-853e-9ac363bd2c3b	2	135879780	146106861	6453	-0.1724
6f0290b0-4cb4-4f72-853e-9ac363bd2c3b	2	146106875	146109366	22	0.6395
6f0290b0-4cb4-4f72-853e-9ac363bd2c3b	2	146120238	150174288	2255	-0.1924
6f0290b0-4cb4-4f72-853e-9ac363bd2c3b	2	150174937	150179238	4	-2.2006
6f0290b0-4cb4-4f72-853e-9ac363bd2c3b	2	150182694	172119281	13397	-0.1682
6f0290b0-4cb4-4f72-853e-9ac363bd2c3b	2	172119631	172121848	2	-2.8172
6f0290b0-4cb4-4f72-853e-9ac363bd2c3b	2	172127288	179548644	4806	-0.1767
6f0290b0-4cb4-4f72-853e-9ac363bd2c3b	2	179553484	179557161	27	-1.9192
6f0290b0-4cb4-4f72-853e-9ac363bd2c3b	2	179557179	208105141	16768	-0.1634
6f0290b0-4cb4-4f72-853e-9ac363bd2c3b	2	208106283	208108163	4	-2.9294
6f0290b0-4cb4-4f72-853e-9ac363bd2c3b	2	208111892	212504894	2848	-0.1651
6f0290b0-4cb4-4f72-853e-9ac363bd2c3b	2	212505638	212505978	2	-2.3757
6f0290b0-4cb4-4f72-853e-9ac363bd2c3b	2	212508264	242147305	18861	-0.1639
6f0290b0-4cb4-4f72-853e-9ac363bd2c3b	3	20930	6551126	5787	0.5728
6f0290b0-4cb4-4f72-853e-9ac363bd2c3b	3	6552774	6604856	26	0.531
6f0290b0-4cb4-4f72-853e-9ac363bd2c3b	3	6609441	6613561	25	0.0165
6f0290b0-4cb4-4f72-853e-9ac363bd2c3b	3	6613684	11366589	3705	0.5441
6f0290b0-4cb4-4f72-853e-9ac363bd2c3b	3	11371130	11371926	4	-0.5134
6f0290b0-4cb4-4f72-853e-9ac363bd2c3b	3	11375791	16197556	3342	0.5351
6f0290b0-4cb4-4f72-853e-9ac363bd2c3b	3	16199049	16199672	6	-0.3479
6f0290b0-4cb4-4f72-853e-9ac363bd2c3b	3	16199818	52989195	22799	0.5327
6f0290b0-4cb4-4f72-853e-9ac363bd2c3b	3	52994359	53005473	42	-0.1075
6f0290b0-4cb4-4f72-853e-9ac363bd2c3b	3	53005661	59745785	4552	0.5426
6f0290b0-4cb4-4f72-853e-9ac363bd2c3b	3	59746033	61081314	1522	0.5945
6f0290b0-4cb4-4f72-853e-9ac363bd2c3b	3	61085325	95737262	20019	0.5383
6f0290b0-4cb4-4f72-853e-9ac363bd2c3b	3	95748036	95749266	2	-2.9131
6f0290b0-4cb4-4f72-853e-9ac363bd2c3b	3	95749836	99218940	1848	0.5047
6f0290b0-4cb4-4f72-853e-9ac363bd2c3b	3	99225614	99230470	37	-0.1421
6f0290b0-4cb4-4f72-853e-9ac363bd2c3b	3	99230577	104020778	2691	0.5205
6f0290b0-4cb4-4f72-853e-9ac363bd2c3b	3	104023996	104024882	2	-0.8783
6f0290b0-4cb4-4f72-853e-9ac363bd2c3b	3	104027020	119036472	9559	0.5212
6f0290b0-4cb4-4f72-853e-9ac363bd2c3b	3	119051205	119058050	4	-0.6719
6f0290b0-4cb4-4f72-853e-9ac363bd2c3b	3	119061516	136300257	10496	0.519
6f0290b0-4cb4-4f72-853e-9ac363bd2c3b	3	136304109	136306584	2	-2.0448
6f0290b0-4cb4-4f72-853e-9ac363bd2c3b	3	136319699	137309114	452	0.474
6f0290b0-4cb4-4f72-853e-9ac363bd2c3b	3	137309116	137309120	3	-1.1786
6f0290b0-4cb4-4f72-853e-9ac363bd2c3b	3	137309121	146628408	5863	0.5227
6f0290b0-4cb4-4f72-853e-9ac363bd2c3b	3	146628550	148105880	808	0.5831
6f0290b0-4cb4-4f72-853e-9ac363bd2c3b	3	148106114	162778121	9086	0.5145
6f0290b0-4cb4-4f72-853e-9ac363bd2c3b	3	162785334	162908207	78	0.8587
6f0290b0-4cb4-4f72-853e-9ac363bd2c3b	3	162908784	169631156	3904	0.5189
6f0290b0-4cb4-4f72-853e-9ac363bd2c3b	3	169632074	169632816	2	2.197
6f0290b0-4cb4-4f72-853e-9ac363bd2c3b	3	169634670	178842260	5897	0.5331
6f0290b0-4cb4-4f72-853e-9ac363bd2c3b	3	178842793	181774831	1671	0.4962
6f0290b0-4cb4-4f72-853e-9ac363bd2c3b	3	181777259	181780965	7	-0.2306
6f0290b0-4cb4-4f72-853e-9ac363bd2c3b	3	181781720	188190920	4128	0.5074
6f0290b0-4cb4-4f72-853e-9ac363bd2c3b	3	188191350	193160113	3544	0.5448
6f0290b0-4cb4-4f72-853e-9ac363bd2c3b	3	193160173	193165114	19	2.238
6f0290b0-4cb4-4f72-853e-9ac363bd2c3b	3	193168646	195559056	1481	0.5415
6f0290b0-4cb4-4f72-853e-9ac363bd2c3b	3	195656271	195752877	47	0.9677
6f0290b0-4cb4-4f72-853e-9ac363bd2c3b	3	195754940	198169247	1163	0.5238
6f0290b0-4cb4-4f72-853e-9ac363bd2c3b	4	68929	10227592	5699	-0.1853
6f0290b0-4cb4-4f72-853e-9ac363bd2c3b	4	10227652	10228006	4	1.506
6f0290b0-4cb4-4f72-853e-9ac363bd2c3b	4	10228296	29314452	13687	-0.1979
6f0290b0-4cb4-4f72-853e-9ac363bd2c3b	4	29316617	29316627	2	-2.1653
6f0290b0-4cb4-4f72-853e-9ac363bd2c3b	4	29316643	34777382	3283	-0.2118
6f0290b0-4cb4-4f72-853e-9ac363bd2c3b	4	34777403	34822561	40	0.1623
6f0290b0-4cb4-4f72-853e-9ac363bd2c3b	4	34823103	49214614	8959	-0.1865
6f0290b0-4cb4-4f72-853e-9ac363bd2c3b	4	49289175	49289338	2	-1.9501
6f0290b0-4cb4-4f72-853e-9ac363bd2c3b	4	49295203	60461594	5676	-0.1913
6f0290b0-4cb4-4f72-853e-9ac363bd2c3b	4	60464276	60465899	2	1.8647
6f0290b0-4cb4-4f72-853e-9ac363bd2c3b	4	60469846	63827261	1895	-0.19
6f0290b0-4cb4-4f72-853e-9ac363bd2c3b	4	63828222	63842540	29	0.3371
6f0290b0-4cb4-4f72-853e-9ac363bd2c3b	4	63850713	68354665	2845	-0.1909
6f0290b0-4cb4-4f72-853e-9ac363bd2c3b	4	68361130	68620261	88	0.3753
6f0290b0-4cb4-4f72-853e-9ac363bd2c3b	4	68623617	69523998	478	-0.1116
6f0290b0-4cb4-4f72-853e-9ac363bd2c3b	4	69524143	69525061	2	-1.9855
6f0290b0-4cb4-4f72-853e-9ac363bd2c3b	4	69526170	86054070	10315	-0.1985
6f0290b0-4cb4-4f72-853e-9ac363bd2c3b	4	86054941	86058611	19	-1.6815
6f0290b0-4cb4-4f72-853e-9ac363bd2c3b	4	86058791	114252500	16840	-0.1895
6f0290b0-4cb4-4f72-853e-9ac363bd2c3b	4	114252544	114261019	24	0.5772
6f0290b0-4cb4-4f72-853e-9ac363bd2c3b	4	114263073	154881396	23994	-0.1881
6f0290b0-4cb4-4f72-853e-9ac363bd2c3b	4	154881853	154881926	3	-2.075
6f0290b0-4cb4-4f72-853e-9ac363bd2c3b	4	154882047	160958989	3912	-0.1663
6f0290b0-4cb4-4f72-853e-9ac363bd2c3b	4	160959045	160963448	17	-1.7253
6f0290b0-4cb4-4f72-853e-9ac363bd2c3b	4	160963756	171448195	6655	-0.1851
6f0290b0-4cb4-4f72-853e-9ac363bd2c3b	4	171453733	171456573	11	1.2098
6f0290b0-4cb4-4f72-853e-9ac363bd2c3b	4	171456625	172068015	400	-0.1701
6f0290b0-4cb4-4f72-853e-9ac363bd2c3b	4	172068073	172068354	8	-1.651
6f0290b0-4cb4-4f72-853e-9ac363bd2c3b	4	172068368	180045420	4985	-0.1855
6f0290b0-4cb4-4f72-853e-9ac363bd2c3b	4	180047278	180132610	49	-0.7443
6f0290b0-4cb4-4f72-853e-9ac363bd2c3b	4	180134463	180175061	34	-1.0732
6f0290b0-4cb4-4f72-853e-9ac363bd2c3b	4	180175234	180217172	58	-0.713
6f0290b0-4cb4-4f72-853e-9ac363bd2c3b	4	180225002	180489116	219	-0.2443
6f0290b0-4cb4-4f72-853e-9ac363bd2c3b	4	180490265	180599029	119	-0.8645
6f0290b0-4cb4-4f72-853e-9ac363bd2c3b	4	180599549	190106768	6606	-0.1702
6f0290b0-4cb4-4f72-853e-9ac363bd2c3b	5	15532	685633	306	-0.2589
6f0290b0-4cb4-4f72-853e-9ac363bd2c3b	5	698256	817735	33	-0.7759
6f0290b0-4cb4-4f72-853e-9ac363bd2c3b	5	817877	21376735	15295	-0.2793
6f0290b0-4cb4-4f72-853e-9ac363bd2c3b	5	21377730	21377744	2	-2.8122
6f0290b0-4cb4-4f72-853e-9ac363bd2c3b	5	21385957	46271006	14973	-0.2819
6f0290b0-4cb4-4f72-853e-9ac363bd2c3b	5	46271828	46273400	6	-1.615
6f0290b0-4cb4-4f72-853e-9ac363bd2c3b	5	46278110	58030336	5064	-0.2889
6f0290b0-4cb4-4f72-853e-9ac363bd2c3b	5	58030453	58037466	28	0.3021
6f0290b0-4cb4-4f72-853e-9ac363bd2c3b	5	58037688	59007731	740	-0.2831
6f0290b0-4cb4-4f72-853e-9ac363bd2c3b	5	59007799	59008743	4	-1.5779
6f0290b0-4cb4-4f72-853e-9ac363bd2c3b	5	59008878	64071854	3140	-0.2808
6f0290b0-4cb4-4f72-853e-9ac363bd2c3b	5	64074822	64689420	314	-2.714
6f0290b0-4cb4-4f72-853e-9ac363bd2c3b	5	64691888	64693388	2	-1.3632
6f0290b0-4cb4-4f72-853e-9ac363bd2c3b	5	64696799	65468831	426	-0.1753
6f0290b0-4cb4-4f72-853e-9ac363bd2c3b	5	65474519	65496633	9	-3.1432
6f0290b0-4cb4-4f72-853e-9ac363bd2c3b	5	65501481	98485577	18670	-0.1764
6f0290b0-4cb4-4f72-853e-9ac363bd2c3b	5	98485748	98935021	262	-2.5545
6f0290b0-4cb4-4f72-853e-9ac363bd2c3b	5	98938860	104515520	3231	-0.1742
6f0290b0-4cb4-4f72-853e-9ac363bd2c3b	5	104524672	104524903	4	0.9486
6f0290b0-4cb4-4f72-853e-9ac363bd2c3b	5	104525348	107980050	2271	-0.1726
6f0290b0-4cb4-4f72-853e-9ac363bd2c3b	5	107981162	108351915	251	-0.8288
6f0290b0-4cb4-4f72-853e-9ac363bd2c3b	5	108353153	113279009	3361	-0.173
6f0290b0-4cb4-4f72-853e-9ac363bd2c3b	5	113279535	113320532	27	0.5815
6f0290b0-4cb4-4f72-853e-9ac363bd2c3b	5	113321707	163403665	32370	-0.1811
6f0290b0-4cb4-4f72-853e-9ac363bd2c3b	5	163404426	165361432	1222	-0.8916
6f0290b0-4cb4-4f72-853e-9ac363bd2c3b	5	165361704	180766779	10360	-0.1841
6f0290b0-4cb4-4f72-853e-9ac363bd2c3b	5	180767185	180769816	4	-1.4475
6f0290b0-4cb4-4f72-853e-9ac363bd2c3b	5	180772253	180947523	99	-0.1357
6f0290b0-4cb4-4f72-853e-9ac363bd2c3b	5	180951710	180987465	14	-1.6544
6f0290b0-4cb4-4f72-853e-9ac363bd2c3b	5	180990207	181363319	175	-0.2524
6f0290b0-4cb4-4f72-853e-9ac363bd2c3b	6	149661	254283	101	-0.2031
6f0290b0-4cb4-4f72-853e-9ac363bd2c3b	6	257353	294725	22	-0.7086
6f0290b0-4cb4-4f72-853e-9ac363bd2c3b	6	294837	29800928	21426	-0.1943
6f0290b0-4cb4-4f72-853e-9ac363bd2c3b	6	29802981	29810252	6	-1.2927
6f0290b0-4cb4-4f72-853e-9ac363bd2c3b	6	29810332	29869295	61	-0.1458
6f0290b0-4cb4-4f72-853e-9ac363bd2c3b	6	29869410	29907031	24	0.4725
6f0290b0-4cb4-4f72-853e-9ac363bd2c3b	6	29909182	31313046	650	-0.2056
6f0290b0-4cb4-4f72-853e-9ac363bd2c3b	6	31318499	31342147	12	0.7167
6f0290b0-4cb4-4f72-853e-9ac363bd2c3b	6	31349570	32529429	512	-0.1999
6f0290b0-4cb4-4f72-853e-9ac363bd2c3b	6	32533522	32605994	17	0.4382
6f0290b0-4cb4-4f72-853e-9ac363bd2c3b	6	32606237	32636595	21	-0.4425
6f0290b0-4cb4-4f72-853e-9ac363bd2c3b	6	32637799	32658841	10	0.5867
6f0290b0-4cb4-4f72-853e-9ac363bd2c3b	6	32682835	32718419	36	-0.1717
6f0290b0-4cb4-4f72-853e-9ac363bd2c3b	6	32720838	32721076	3	-2.1486
6f0290b0-4cb4-4f72-853e-9ac363bd2c3b	6	32721547	65000836	18099	-0.1862
6f0290b0-4cb4-4f72-853e-9ac363bd2c3b	6	65001506	65003844	2	-2.4216
6f0290b0-4cb4-4f72-853e-9ac363bd2c3b	6	65003899	78253172	8684	-0.185
6f0290b0-4cb4-4f72-853e-9ac363bd2c3b	6	78259348	78325457	111	0.3906
6f0290b0-4cb4-4f72-853e-9ac363bd2c3b	6	78325468	80566395	1426	-0.189
6f0290b0-4cb4-4f72-853e-9ac363bd2c3b	6	80568268	80574999	8	-0.92
6f0290b0-4cb4-4f72-853e-9ac363bd2c3b	6	80575042	80584624	29	-2.3812
6f0290b0-4cb4-4f72-853e-9ac363bd2c3b	6	80584682	103286954	13997	-0.1917
6f0290b0-4cb4-4f72-853e-9ac363bd2c3b	6	103290101	103314186	46	-0.9428
6f0290b0-4cb4-4f72-853e-9ac363bd2c3b	6	103317795	129006757	15599	-0.1932
6f0290b0-4cb4-4f72-853e-9ac363bd2c3b	6	129007861	129008008	3	-1.9005
6f0290b0-4cb4-4f72-853e-9ac363bd2c3b	6	129008028	170741917	28485	-0.1921
6f0290b0-4cb4-4f72-853e-9ac363bd2c3b	7	43355	1505238	432	0.3521
6f0290b0-4cb4-4f72-853e-9ac363bd2c3b	7	1512819	1909042	134	0.0468
6f0290b0-4cb4-4f72-853e-9ac363bd2c3b	7	1914665	1967863	19	0.5241
6f0290b0-4cb4-4f72-853e-9ac363bd2c3b	7	1970587	5181044	2171	0.0584
6f0290b0-4cb4-4f72-853e-9ac363bd2c3b	7	5183185	6224349	432	0.3496
6f0290b0-4cb4-4f72-853e-9ac363bd2c3b	7	6224726	38254500	24158	0.0524
6f0290b0-4cb4-4f72-853e-9ac363bd2c3b	7	38255395	38342370	116	0.3246
6f0290b0-4cb4-4f72-853e-9ac363bd2c3b	7	38345240	38655529	272	0.0567
6f0290b0-4cb4-4f72-853e-9ac363bd2c3b	7	38666321	39040000	268	0.6594
6f0290b0-4cb4-4f72-853e-9ac363bd2c3b	7	39041894	39374589	226	0.3797
6f0290b0-4cb4-4f72-853e-9ac363bd2c3b	7	39383706	40686502	737	0.6555
6f0290b0-4cb4-4f72-853e-9ac363bd2c3b	7	40686979	41177267	338	0.4013
6f0290b0-4cb4-4f72-853e-9ac363bd2c3b	7	41181629	43268714	1480	0.0699
6f0290b0-4cb4-4f72-853e-9ac363bd2c3b	7	43269204	43321409	40	0.4552
6f0290b0-4cb4-4f72-853e-9ac363bd2c3b	7	43324528	45848897	1353	0.6697
6f0290b0-4cb4-4f72-853e-9ac363bd2c3b	7	45849958	54305455	6273	0.402
6f0290b0-4cb4-4f72-853e-9ac363bd2c3b	7	54318812	54318824	6	1.5484
6f0290b0-4cb4-4f72-853e-9ac363bd2c3b	7	54325795	56717795	1570	0.3862
6f0290b0-4cb4-4f72-853e-9ac363bd2c3b	7	56717864	63598980	777	0.313
6f0290b0-4cb4-4f72-853e-9ac363bd2c3b	7	63622962	70955452	3774	0.3977
6f0290b0-4cb4-4f72-853e-9ac363bd2c3b	7	70958264	70961155	2	-2.6637
6f0290b0-4cb4-4f72-853e-9ac363bd2c3b	7	70963257	71492521	386	0.4287
6f0290b0-4cb4-4f72-853e-9ac363bd2c3b	7	71492765	71497732	7	-0.5126
6f0290b0-4cb4-4f72-853e-9ac363bd2c3b	7	71500889	77803092	2321	0.3809
6f0290b0-4cb4-4f72-853e-9ac363bd2c3b	7	77805818	90376432	8249	0.4394
6f0290b0-4cb4-4f72-853e-9ac363bd2c3b	7	90379760	126404920	21394	0.4088
6f0290b0-4cb4-4f72-853e-9ac363bd2c3b	7	126405428	126406822	13	1.6241
6f0290b0-4cb4-4f72-853e-9ac363bd2c3b	7	126406823	134093899	4695	0.4102
6f0290b0-4cb4-4f72-853e-9ac363bd2c3b	7	134100424	134114093	35	0.0922
6f0290b0-4cb4-4f72-853e-9ac363bd2c3b	7	134114401	142069843	5193	0.4061
6f0290b0-4cb4-4f72-853e-9ac363bd2c3b	7	142069880	142088203	27	-0.3521
6f0290b0-4cb4-4f72-853e-9ac363bd2c3b	7	142090177	159334314	10857	0.4083
6f0290b0-4cb4-4f72-853e-9ac363bd2c3b	8	81254	1036811	570	-0.209
6f0290b0-4cb4-4f72-853e-9ac363bd2c3b	8	1038476	1039022	2	-1.848
6f0290b0-4cb4-4f72-853e-9ac363bd2c3b	8	1042448	3926665	2776	-0.1999
6f0290b0-4cb4-4f72-853e-9ac363bd2c3b	8	3929538	3932584	24	-2.3613
6f0290b0-4cb4-4f72-853e-9ac363bd2c3b	8	3933696	3947051	23	-0.194
6f0290b0-4cb4-4f72-853e-9ac363bd2c3b	8	3951346	3953453	3	-2.4185
6f0290b0-4cb4-4f72-853e-9ac363bd2c3b	8	3953613	7329124	4315	-0.1897
6f0290b0-4cb4-4f72-853e-9ac363bd2c3b	8	7336299	8085660	56	0.2476
6f0290b0-4cb4-4f72-853e-9ac363bd2c3b	8	8101440	12025748	3218	-0.2112
6f0290b0-4cb4-4f72-853e-9ac363bd2c3b	8	12035719	12562158	52	0.3478
6f0290b0-4cb4-4f72-853e-9ac363bd2c3b	8	12562581	25114672	10387	-0.1918
6f0290b0-4cb4-4f72-853e-9ac363bd2c3b	8	25116928	25126818	27	0.6039
6f0290b0-4cb4-4f72-853e-9ac363bd2c3b	8	25133589	39373140	9004	-0.2044
6f0290b0-4cb4-4f72-853e-9ac363bd2c3b	8	39378084	39529446	59	-1.5275
6f0290b0-4cb4-4f72-853e-9ac363bd2c3b	8	39530780	50119451	4581	-0.1873
6f0290b0-4cb4-4f72-853e-9ac363bd2c3b	8	50119464	50120863	8	-1.3219
6f0290b0-4cb4-4f72-853e-9ac363bd2c3b	8	50126018	57205493	4585	-0.2109
6f0290b0-4cb4-4f72-853e-9ac363bd2c3b	8	57215241	57217466	2	-2.2373
6f0290b0-4cb4-4f72-853e-9ac363bd2c3b	8	57220239	114622424	34587	-0.2029
6f0290b0-4cb4-4f72-853e-9ac363bd2c3b	8	114622438	114623472	10	-1.9593
6f0290b0-4cb4-4f72-853e-9ac363bd2c3b	8	114626121	114629288	18	-0.9424
6f0290b0-4cb4-4f72-853e-9ac363bd2c3b	8	114629340	114629502	4	-2.2467
6f0290b0-4cb4-4f72-853e-9ac363bd2c3b	8	114638468	145072769	21018	-0.1998
6f0290b0-4cb4-4f72-853e-9ac363bd2c3b	9	46587	4237371	4375	-0.1666
6f0290b0-4cb4-4f72-853e-9ac363bd2c3b	9	4237546	4238685	3	-1.9951
6f0290b0-4cb4-4f72-853e-9ac363bd2c3b	9	4241205	4903308	630	-0.1728
6f0290b0-4cb4-4f72-853e-9ac363bd2c3b	9	4903709	4903818	2	1.2339
6f0290b0-4cb4-4f72-853e-9ac363bd2c3b	9	4904026	5078443	224	-0.1297
6f0290b0-4cb4-4f72-853e-9ac363bd2c3b	9	5079156	5081766	9	-1.1817
6f0290b0-4cb4-4f72-853e-9ac363bd2c3b	9	5081852	6982200	1352	-0.1623
6f0290b0-4cb4-4f72-853e-9ac363bd2c3b	9	6982667	6994684	14	-0.7694
6f0290b0-4cb4-4f72-853e-9ac363bd2c3b	9	6996235	23361807	13784	-0.1682
6f0290b0-4cb4-4f72-853e-9ac363bd2c3b	9	23363117	23373486	8	-1.8483
6f0290b0-4cb4-4f72-853e-9ac363bd2c3b	9	23378490	61405110	10933	-0.1683
6f0290b0-4cb4-4f72-853e-9ac363bd2c3b	9	61520021	61633080	29	0.5548
6f0290b0-4cb4-4f72-853e-9ac363bd2c3b	9	61647899	66170759	138	-0.172
6f0290b0-4cb4-4f72-853e-9ac363bd2c3b	9	66189025	68351648	34	0.3914
6f0290b0-4cb4-4f72-853e-9ac363bd2c3b	9	68367083	138200944	47846	-0.1753
6f0290b0-4cb4-4f72-853e-9ac363bd2c3b	10	45792	24086334	19180	0.581
6f0290b0-4cb4-4f72-853e-9ac363bd2c3b	10	24088745	24089125	11	1.7351
6f0290b0-4cb4-4f72-853e-9ac363bd2c3b	10	24089979	42186685	9879	0.5741
6f0290b0-4cb4-4f72-853e-9ac363bd2c3b	10	42189813	42287436	16	-0.0701
6f0290b0-4cb4-4f72-853e-9ac363bd2c3b	10	42288046	46525795	2568	0.5565
6f0290b0-4cb4-4f72-853e-9ac363bd2c3b	10	46525818	46967412	52	0.175
6f0290b0-4cb4-4f72-853e-9ac363bd2c3b	10	47002596	133654968	58893	0.5645
6f0290b0-4cb4-4f72-853e-9ac363bd2c3b	11	198510	4942963	2404	-0.1783
6f0290b0-4cb4-4f72-853e-9ac363bd2c3b	11	4943072	4954445	34	0.4514
6f0290b0-4cb4-4f72-853e-9ac363bd2c3b	11	4954475	5755762	769	-0.1575
6f0290b0-4cb4-4f72-853e-9ac363bd2c3b	11	5755823	5788108	48	0.3272
6f0290b0-4cb4-4f72-853e-9ac363bd2c3b	11	5788231	18919309	9388	-0.1773
6f0290b0-4cb4-4f72-853e-9ac363bd2c3b	11	18919323	18940375	45	0.4966
6f0290b0-4cb4-4f72-853e-9ac363bd2c3b	11	18940441	21825348	2594	-0.1631
6f0290b0-4cb4-4f72-853e-9ac363bd2c3b	11	21825960	21827134	4	-2.6929
6f0290b0-4cb4-4f72-853e-9ac363bd2c3b	11	21827206	42791601	14544	-0.1716
6f0290b0-4cb4-4f72-853e-9ac363bd2c3b	11	42794936	42796489	2	-2.889
6f0290b0-4cb4-4f72-853e-9ac363bd2c3b	11	42799053	49686823	3830	-0.1803
6f0290b0-4cb4-4f72-853e-9ac363bd2c3b	11	49689309	49736215	17	-1.9406
6f0290b0-4cb4-4f72-853e-9ac363bd2c3b	11	49736721	54639543	387	-0.1414
6f0290b0-4cb4-4f72-853e-9ac363bd2c3b	11	54644432	54644835	2	-2.0532
6f0290b0-4cb4-4f72-853e-9ac363bd2c3b	11	54649195	54914139	101	-0.1321
6f0290b0-4cb4-4f72-853e-9ac363bd2c3b	11	54924229	54934156	4	-2.6938
6f0290b0-4cb4-4f72-853e-9ac363bd2c3b	11	54940988	55606556	238	-0.2269
6f0290b0-4cb4-4f72-853e-9ac363bd2c3b	11	55606572	55686100	59	0.4473
6f0290b0-4cb4-4f72-853e-9ac363bd2c3b	11	55693207	81792426	14539	-0.1694
6f0290b0-4cb4-4f72-853e-9ac363bd2c3b	11	81792950	81806063	9	-2.3389
6f0290b0-4cb4-4f72-853e-9ac363bd2c3b	11	81806116	89741663	5263	-0.1614
6f0290b0-4cb4-4f72-853e-9ac363bd2c3b	11	89754781	89768798	4	-2.0197
6f0290b0-4cb4-4f72-853e-9ac363bd2c3b	11	89796439	99968957	7236	-0.1749
6f0290b0-4cb4-4f72-853e-9ac363bd2c3b	11	99972614	99975575	5	-1.3403
6f0290b0-4cb4-4f72-853e-9ac363bd2c3b	11	99977201	107910653	5628	-0.1786
6f0290b0-4cb4-4f72-853e-9ac363bd2c3b	11	107913781	107914372	2	-2.6416
6f0290b0-4cb4-4f72-853e-9ac363bd2c3b	11	107916987	113708876	3720	-0.1776
6f0290b0-4cb4-4f72-853e-9ac363bd2c3b	11	113709115	113709814	2	-2.0502
6f0290b0-4cb4-4f72-853e-9ac363bd2c3b	11	113710320	135074876	15774	-0.1844
6f0290b0-4cb4-4f72-853e-9ac363bd2c3b	12	51460	8404097	5592	0.567
6f0290b0-4cb4-4f72-853e-9ac363bd2c3b	12	8405892	8422427	13	-0.1824
6f0290b0-4cb4-4f72-853e-9ac363bd2c3b	12	8422738	9477960	563	0.567
6f0290b0-4cb4-4f72-853e-9ac363bd2c3b	12	9481274	9562969	23	1.5226
6f0290b0-4cb4-4f72-853e-9ac363bd2c3b	12	9575696	11062773	1033	0.5616
6f0290b0-4cb4-4f72-853e-9ac363bd2c3b	12	11064250	11088933	12	1.3068
6f0290b0-4cb4-4f72-853e-9ac363bd2c3b	12	11099275	11351157	131	0.5856
6f0290b0-4cb4-4f72-853e-9ac363bd2c3b	12	11358643	11390472	31	-0.4226
6f0290b0-4cb4-4f72-853e-9ac363bd2c3b	12	11399258	33141726	15366	0.556
6f0290b0-4cb4-4f72-853e-9ac363bd2c3b	12	33148472	33155426	28	-0.0287
6f0290b0-4cb4-4f72-853e-9ac363bd2c3b	12	33155453	43026154	4123	0.5658
6f0290b0-4cb4-4f72-853e-9ac363bd2c3b	12	43026726	43026950	2	-1.1137
6f0290b0-4cb4-4f72-853e-9ac363bd2c3b	12	43033505	45510655	1460	0.5692
6f0290b0-4cb4-4f72-853e-9ac363bd2c3b	12	45512057	45515754	3	-2.0018
6f0290b0-4cb4-4f72-853e-9ac363bd2c3b	12	45519509	90089573	27225	0.5518
6f0290b0-4cb4-4f72-853e-9ac363bd2c3b	12	90097892	90098297	7	-0.8901
6f0290b0-4cb4-4f72-853e-9ac363bd2c3b	12	90099780	133201603	29174	0.556
6f0290b0-4cb4-4f72-853e-9ac363bd2c3b	13	18452809	21508925	1691	0.0084
6f0290b0-4cb4-4f72-853e-9ac363bd2c3b	13	21508985	24999495	2658	0.0583
6f0290b0-4cb4-4f72-853e-9ac363bd2c3b	13	24999690	31957984	5202	0.0138
6f0290b0-4cb4-4f72-853e-9ac363bd2c3b	13	31958485	31964286	18	-1.1772
6f0290b0-4cb4-4f72-853e-9ac363bd2c3b	13	31965910	37496998	3892	0.0281
6f0290b0-4cb4-4f72-853e-9ac363bd2c3b	13	37497899	37510620	16	0.8674
6f0290b0-4cb4-4f72-853e-9ac363bd2c3b	13	37514193	38478674	699	0.01
6f0290b0-4cb4-4f72-853e-9ac363bd2c3b	13	38483435	38483919	2	1.6901
6f0290b0-4cb4-4f72-853e-9ac363bd2c3b	13	38490920	46225034	5324	0.0221
6f0290b0-4cb4-4f72-853e-9ac363bd2c3b	13	46227994	46228042	2	-2.3469
6f0290b0-4cb4-4f72-853e-9ac363bd2c3b	13	46228222	57175139	6474	0.0112
6f0290b0-4cb4-4f72-853e-9ac363bd2c3b	13	57175549	57204234	38	-0.3606
6f0290b0-4cb4-4f72-853e-9ac363bd2c3b	13	57204246	104201245	30719	0.0218
6f0290b0-4cb4-4f72-853e-9ac363bd2c3b	13	104204657	110283769	4913	0.1299
6f0290b0-4cb4-4f72-853e-9ac363bd2c3b	13	110284728	110286466	2	-2.1736
6f0290b0-4cb4-4f72-853e-9ac363bd2c3b	13	110289659	114258503	2363	0.1323
6f0290b0-4cb4-4f72-853e-9ac363bd2c3b	13	114258582	114342922	38	-0.0113
6f0290b0-4cb4-4f72-853e-9ac363bd2c3b	14	18239283	19955213	167	-0.487
6f0290b0-4cb4-4f72-853e-9ac363bd2c3b	14	19956767	21936128	1365	-0.1672
6f0290b0-4cb4-4f72-853e-9ac363bd2c3b	14	21936461	22509114	493	0.077
6f0290b0-4cb4-4f72-853e-9ac363bd2c3b	14	22509351	68738503	29020	-0.167
6f0290b0-4cb4-4f72-853e-9ac363bd2c3b	14	68738920	68738955	2	-2.5002
6f0290b0-4cb4-4f72-853e-9ac363bd2c3b	14	68739261	106321086	23974	-0.1728
6f0290b0-4cb4-4f72-853e-9ac363bd2c3b	14	106340102	106365807	11	-2.5224
6f0290b0-4cb4-4f72-853e-9ac363bd2c3b	14	106369985	106433474	31	-0.1681
6f0290b0-4cb4-4f72-853e-9ac363bd2c3b	14	106434898	106487827	48	0.1966
6f0290b0-4cb4-4f72-853e-9ac363bd2c3b	14	106492557	106877229	191	-0.1459
6f0290b0-4cb4-4f72-853e-9ac363bd2c3b	15	19811075	20001686	45	-0.2114
6f0290b0-4cb4-4f72-853e-9ac363bd2c3b	15	20011702	22413894	164	-1.4179
6f0290b0-4cb4-4f72-853e-9ac363bd2c3b	15	22455811	24240681	917	-0.1884
6f0290b0-4cb4-4f72-853e-9ac363bd2c3b	15	24247869	24258119	4	-1.7279
6f0290b0-4cb4-4f72-853e-9ac363bd2c3b	15	24258513	30199184	3697	-0.1889
6f0290b0-4cb4-4f72-853e-9ac363bd2c3b	15	30201158	30269364	10	-1.5914
6f0290b0-4cb4-4f72-853e-9ac363bd2c3b	15	30281107	42741831	7947	-0.1806
6f0290b0-4cb4-4f72-853e-9ac363bd2c3b	15	42742783	42746552	3	-2.0066
6f0290b0-4cb4-4f72-853e-9ac363bd2c3b	15	42746743	45087504	958	-0.1934
6f0290b0-4cb4-4f72-853e-9ac363bd2c3b	15	45089203	45091486	4	-2.7194
6f0290b0-4cb4-4f72-853e-9ac363bd2c3b	15	45091980	45444902	207	-0.1675
6f0290b0-4cb4-4f72-853e-9ac363bd2c3b	15	45445239	45456554	5	-1.2433
6f0290b0-4cb4-4f72-853e-9ac363bd2c3b	15	45464885	53902792	5429	-0.1678
6f0290b0-4cb4-4f72-853e-9ac363bd2c3b	15	53908153	53909163	2	-1.9993
6f0290b0-4cb4-4f72-853e-9ac363bd2c3b	15	53912031	62624473	6315	-0.1833
6f0290b0-4cb4-4f72-853e-9ac363bd2c3b	15	62624537	62625815	2	-1.9834
6f0290b0-4cb4-4f72-853e-9ac363bd2c3b	15	62626236	65521764	1616	-0.1932
6f0290b0-4cb4-4f72-853e-9ac363bd2c3b	15	65524604	65525186	2	-2.2344
6f0290b0-4cb4-4f72-853e-9ac363bd2c3b	15	65526049	76599170	6526	-0.1856
6f0290b0-4cb4-4f72-853e-9ac363bd2c3b	15	76599286	76603434	20	-1.3355
6f0290b0-4cb4-4f72-853e-9ac363bd2c3b	15	76609838	83871965	4407	-0.1808
6f0290b0-4cb4-4f72-853e-9ac363bd2c3b	15	83871986	83874673	5	-1.532
6f0290b0-4cb4-4f72-853e-9ac363bd2c3b	15	83874798	87645905	2572	-0.1791
6f0290b0-4cb4-4f72-853e-9ac363bd2c3b	15	87650495	87652408	2	-2.5169
6f0290b0-4cb4-4f72-853e-9ac363bd2c3b	15	87653519	101928837	10607	-0.1831
6f0290b0-4cb4-4f72-853e-9ac363bd2c3b	16	10777	21368130	14362	-0.1784
6f0290b0-4cb4-4f72-853e-9ac363bd2c3b	16	21401082	21580019	22	-1.0768
6f0290b0-4cb4-4f72-853e-9ac363bd2c3b	16	21582134	22579924	373	-0.2068
6f0290b0-4cb4-4f72-853e-9ac363bd2c3b	16	22591547	22693199	60	-1.2892
6f0290b0-4cb4-4f72-853e-9ac363bd2c3b	16	22699421	55761136	12068	-0.1782
6f0290b0-4cb4-4f72-853e-9ac363bd2c3b	16	55762477	55782734	18	-2.2094
6f0290b0-4cb4-4f72-853e-9ac363bd2c3b	16	55782793	55788485	3	-1.0114
6f0290b0-4cb4-4f72-853e-9ac363bd2c3b	16	55788532	55839497	17	0.3816
6f0290b0-4cb4-4f72-853e-9ac363bd2c3b	16	55840074	58356062	1524	-0.1851
6f0290b0-4cb4-4f72-853e-9ac363bd2c3b	16	58356718	58358536	2	-2.2148
6f0290b0-4cb4-4f72-853e-9ac363bd2c3b	16	58364191	64465338	3994	-0.1734
6f0290b0-4cb4-4f72-853e-9ac363bd2c3b	16	64474720	64474803	3	-1.8144
6f0290b0-4cb4-4f72-853e-9ac363bd2c3b	16	64475151	78337711	8718	-0.16
6f0290b0-4cb4-4f72-853e-9ac363bd2c3b	16	78338543	78350841	15	0.7047
6f0290b0-4cb4-4f72-853e-9ac363bd2c3b	16	78350868	78620922	372	-0.1963
6f0290b0-4cb4-4f72-853e-9ac363bd2c3b	16	78623840	78624007	3	-2.0479
6f0290b0-4cb4-4f72-853e-9ac363bd2c3b	16	78626948	90096867	10213	-0.1687
6f0290b0-4cb4-4f72-853e-9ac363bd2c3b	17	150733	18414080	11366	-0.1803
6f0290b0-4cb4-4f72-853e-9ac363bd2c3b	17	18452078	18550123	25	-1.2864
6f0290b0-4cb4-4f72-853e-9ac363bd2c3b	17	18561272	19594577	362	-0.1909
6f0290b0-4cb4-4f72-853e-9ac363bd2c3b	17	19596423	19635134	30	-2.2428
6f0290b0-4cb4-4f72-853e-9ac363bd2c3b	17	19635445	46136800	11537	-0.1804
6f0290b0-4cb4-4f72-853e-9ac363bd2c3b	17	46137998	46284997	86	-0.6614
6f0290b0-4cb4-4f72-853e-9ac363bd2c3b	17	46286804	56083690	5801	-0.1615
6f0290b0-4cb4-4f72-853e-9ac363bd2c3b	17	56083810	56095230	23	-2.7493
6f0290b0-4cb4-4f72-853e-9ac363bd2c3b	17	56095462	58134739	1523	-0.1734
6f0290b0-4cb4-4f72-853e-9ac363bd2c3b	17	58135153	58136733	4	-2.2252
6f0290b0-4cb4-4f72-853e-9ac363bd2c3b	17	58140037	73798372	9423	-0.1773
6f0290b0-4cb4-4f72-853e-9ac363bd2c3b	17	73798511	75134202	787	-0.2601
6f0290b0-4cb4-4f72-853e-9ac363bd2c3b	17	75141255	83091923	3972	-0.1823
6f0290b0-4cb4-4f72-853e-9ac363bd2c3b	18	48133	80257174	50671	-0.1868
6f0290b0-4cb4-4f72-853e-9ac363bd2c3b	19	90910	7178777	2410	-0.1257
6f0290b0-4cb4-4f72-853e-9ac363bd2c3b	19	7178867	7296441	80	0.9853
6f0290b0-4cb4-4f72-853e-9ac363bd2c3b	19	7300044	12241738	2355	-0.1258
6f0290b0-4cb4-4f72-853e-9ac363bd2c3b	19	12243015	14928127	1244	0.5651
6f0290b0-4cb4-4f72-853e-9ac363bd2c3b	19	14934380	14938487	3	-1.1834
6f0290b0-4cb4-4f72-853e-9ac363bd2c3b	19	14940475	15183066	194	0.5741
6f0290b0-4cb4-4f72-853e-9ac363bd2c3b	19	15183127	15185496	5	-0.0645
6f0290b0-4cb4-4f72-853e-9ac363bd2c3b	19	15185820	15218148	35	0.5365
6f0290b0-4cb4-4f72-853e-9ac363bd2c3b	19	15222499	36354973	10815	-0.1132
6f0290b0-4cb4-4f72-853e-9ac363bd2c3b	19	36355248	36356596	10	-1.3024
6f0290b0-4cb4-4f72-853e-9ac363bd2c3b	19	36356735	58586487	11919	-0.087
6f0290b0-4cb4-4f72-853e-9ac363bd2c3b	20	80664	80671	7	0.3577
6f0290b0-4cb4-4f72-853e-9ac363bd2c3b	20	80907	1571811	1172	-0.3609
6f0290b0-4cb4-4f72-853e-9ac363bd2c3b	20	1576544	1580353	21	-2.188
6f0290b0-4cb4-4f72-853e-9ac363bd2c3b	20	1580934	1617690	44	0.3847
6f0290b0-4cb4-4f72-853e-9ac363bd2c3b	20	1618356	6376801	3434	-0.3645
6f0290b0-4cb4-4f72-853e-9ac363bd2c3b	20	6376928	6380138	5	-2.4679
6f0290b0-4cb4-4f72-853e-9ac363bd2c3b	20	6380540	26324943	15283	-0.3557
6f0290b0-4cb4-4f72-853e-9ac363bd2c3b	20	30185676	54853117	15603	0.4444
6f0290b0-4cb4-4f72-853e-9ac363bd2c3b	20	54854044	55895368	838	0.1436
6f0290b0-4cb4-4f72-853e-9ac363bd2c3b	20	55895397	64324800	5908	0.4613
6f0290b0-4cb4-4f72-853e-9ac363bd2c3b	21	10354168	13081432	99	-0.1227
6f0290b0-4cb4-4f72-853e-9ac363bd2c3b	21	13084095	13197963	16	-1.3455
6f0290b0-4cb4-4f72-853e-9ac363bd2c3b	21	13197978	46677045	23701	-0.2003
6f0290b0-4cb4-4f72-853e-9ac363bd2c3b	22	15294547	18392404	1130	-0.2875
6f0290b0-4cb4-4f72-853e-9ac363bd2c3b	22	18547989	18818348	7	0.5886
6f0290b0-4cb4-4f72-853e-9ac363bd2c3b	22	18822581	19996490	689	-0.3435
6f0290b0-4cb4-4f72-853e-9ac363bd2c3b	22	19996677	19996688	2	-4.027
6f0290b0-4cb4-4f72-853e-9ac363bd2c3b	22	19996878	21960734	1077	-0.3554
6f0290b0-4cb4-4f72-853e-9ac363bd2c3b	22	21960940	22077745	153	-3.6146
6f0290b0-4cb4-4f72-853e-9ac363bd2c3b	22	22077848	22159127	151	-2.0576
6f0290b0-4cb4-4f72-853e-9ac363bd2c3b	22	22159186	22170813	12	-6.4513
6f0290b0-4cb4-4f72-853e-9ac363bd2c3b	22	22175473	22218591	103	-3.3098
6f0290b0-4cb4-4f72-853e-9ac363bd2c3b	22	22219051	29472866	5378	-0.3033
6f0290b0-4cb4-4f72-853e-9ac363bd2c3b	22	29473201	29485712	6	0.6489
6f0290b0-4cb4-4f72-853e-9ac363bd2c3b	22	29485728	33777419	2908	-0.3085
6f0290b0-4cb4-4f72-853e-9ac363bd2c3b	22	33778960	33778986	3	-2.4968
6f0290b0-4cb4-4f72-853e-9ac363bd2c3b	22	33778998	38894915	3544	-0.3157
6f0290b0-4cb4-4f72-853e-9ac363bd2c3b	22	38899250	38900899	3	-2.991
6f0290b0-4cb4-4f72-853e-9ac363bd2c3b	22	38903109	48805335	6797	-0.3499
6f0290b0-4cb4-4f72-853e-9ac363bd2c3b	22	48805479	50620690	1165	-0.46
6f0290b0-4cb4-4f72-853e-9ac363bd2c3b	22	50620797	50796027	92	-0.3437
6f0290b0-4cb4-4f72-853e-9ac363bd2c3b	X	251810	49066991	29322	-0.1118
6f0290b0-4cb4-4f72-853e-9ac363bd2c3b	X	49079190	55016964	2412	-0.0516
6f0290b0-4cb4-4f72-853e-9ac363bd2c3b	X	55017895	79167605	8648	0.0744
6f0290b0-4cb4-4f72-853e-9ac363bd2c3b	X	79171491	81589626	1380	-0.5458
6f0290b0-4cb4-4f72-853e-9ac363bd2c3b	X	81594692	82821905	610	0.1075
6f0290b0-4cb4-4f72-853e-9ac363bd2c3b	X	82826033	82879258	20	-0.5792
6f0290b0-4cb4-4f72-853e-9ac363bd2c3b	X	82885337	155952689	41111	0.0878
6f0290b0-4cb4-4f72-853e-9ac363bd2c3b	Y	2782397	6044040	714	-2.5601
6f0290b0-4cb4-4f72-853e-9ac363bd2c3b	Y	6058481	26459900	5813	-2.855
6f0290b0-4cb4-4f72-853e-9ac363bd2c3b	Y	26460066	56872112	111	-2.5156
