GDC_Aliquot	Chromosome	Start	End	Num_Probes	Segment_Mean
c056d6d9-d546-4158-bff2-aa4d615003b2	1	62920	883206	53	0.1342
c056d6d9-d546-4158-bff2-aa4d615003b2	1	888756	3305906	693	-0.0907
c056d6d9-d546-4158-bff2-aa4d615003b2	1	3306063	16504325	7870	0.007
c056d6d9-d546-4158-bff2-aa4d615003b2	1	16505368	16934716	108	0.3217
c056d6d9-d546-4158-bff2-aa4d615003b2	1	16934753	25256850	5235	-0.0003
c056d6d9-d546-4158-bff2-aa4d615003b2	1	25266637	25301974	18	-0.4674
c056d6d9-d546-4158-bff2-aa4d615003b2	1	25318693	50394249	13728	0.0005
c056d6d9-d546-4158-bff2-aa4d615003b2	1	50403012	50407667	7	-1.113
c056d6d9-d546-4158-bff2-aa4d615003b2	1	50410279	72284670	14806	0.0049
c056d6d9-d546-4158-bff2-aa4d615003b2	1	72290430	72297687	9	-1.021
c056d6d9-d546-4158-bff2-aa4d615003b2	1	72302735	72353207	55	0.2657
c056d6d9-d546-4158-bff2-aa4d615003b2	1	72354344	81081237	5457	0.0036
c056d6d9-d546-4158-bff2-aa4d615003b2	1	81082000	81239267	115	0.1743
c056d6d9-d546-4158-bff2-aa4d615003b2	1	81243054	96917082	10222	0.0049
c056d6d9-d546-4158-bff2-aa4d615003b2	1	96928326	96953566	16	-1.0956
c056d6d9-d546-4158-bff2-aa4d615003b2	1	96955683	103560608	4029	0.0058
c056d6d9-d546-4158-bff2-aa4d615003b2	1	103566616	103620877	28	0.6967
c056d6d9-d546-4158-bff2-aa4d615003b2	1	103621165	105476688	916	0.0021
c056d6d9-d546-4158-bff2-aa4d615003b2	1	105476748	105479753	14	1.5069
c056d6d9-d546-4158-bff2-aa4d615003b2	1	105481433	109684893	2617	0.0131
c056d6d9-d546-4158-bff2-aa4d615003b2	1	109690352	109692006	9	-0.8297
c056d6d9-d546-4158-bff2-aa4d615003b2	1	109696900	110834746	833	0.0093
c056d6d9-d546-4158-bff2-aa4d615003b2	1	110834943	110845604	38	-0.8203
c056d6d9-d546-4158-bff2-aa4d615003b2	1	110849445	112147704	1066	0.0117
c056d6d9-d546-4158-bff2-aa4d615003b2	1	112153343	112154591	22	-0.4233
c056d6d9-d546-4158-bff2-aa4d615003b2	1	112154619	152583051	7551	0.0063
c056d6d9-d546-4158-bff2-aa4d615003b2	1	152583230	152613242	29	0.4433
c056d6d9-d546-4158-bff2-aa4d615003b2	1	152613641	158896783	3792	0.0071
c056d6d9-d546-4158-bff2-aa4d615003b2	1	158898711	158899969	2	2.5611
c056d6d9-d546-4158-bff2-aa4d615003b2	1	158905028	169246873	7598	0.0076
c056d6d9-d546-4158-bff2-aa4d615003b2	1	169247699	169273163	9	0.7311
c056d6d9-d546-4158-bff2-aa4d615003b2	1	169285639	174827128	3482	0.0013
c056d6d9-d546-4158-bff2-aa4d615003b2	1	174827267	174832702	17	-0.9272
c056d6d9-d546-4158-bff2-aa4d615003b2	1	174832716	194479104	13094	0.0079
c056d6d9-d546-4158-bff2-aa4d615003b2	1	194482281	194485888	2	-1.6513
c056d6d9-d546-4158-bff2-aa4d615003b2	1	194487886	195250405	469	-0.0146
c056d6d9-d546-4158-bff2-aa4d615003b2	1	195250500	195417767	105	0.1727
c056d6d9-d546-4158-bff2-aa4d615003b2	1	195418457	196758720	865	0.0003
c056d6d9-d546-4158-bff2-aa4d615003b2	1	196761905	196832525	56	-0.588
c056d6d9-d546-4158-bff2-aa4d615003b2	1	196832720	209897717	8718	-0.0007
c056d6d9-d546-4158-bff2-aa4d615003b2	1	209908268	209910639	3	-2.0382
c056d6d9-d546-4158-bff2-aa4d615003b2	1	209913207	248930189	26798	0.0052
c056d6d9-d546-4158-bff2-aa4d615003b2	2	12784	4158097	2973	0.0161
c056d6d9-d546-4158-bff2-aa4d615003b2	2	4166274	4175577	36	-2.2394
c056d6d9-d546-4158-bff2-aa4d615003b2	2	4175922	4176429	6	-0.755
c056d6d9-d546-4158-bff2-aa4d615003b2	2	4182472	34476327	20899	0.0115
c056d6d9-d546-4158-bff2-aa4d615003b2	2	34476516	34511990	44	-0.3817
c056d6d9-d546-4158-bff2-aa4d615003b2	2	34512096	35750907	861	0.0363
c056d6d9-d546-4158-bff2-aa4d615003b2	2	35752724	35762850	6	-1.0786
c056d6d9-d546-4158-bff2-aa4d615003b2	2	35762881	50649546	10749	0.018
c056d6d9-d546-4158-bff2-aa4d615003b2	2	50650564	50971834	219	0.1778
c056d6d9-d546-4158-bff2-aa4d615003b2	2	50972715	52369839	929	0.0343
c056d6d9-d546-4158-bff2-aa4d615003b2	2	52372222	52372830	2	-1.1488
c056d6d9-d546-4158-bff2-aa4d615003b2	2	52373171	52527330	118	0.0452
c056d6d9-d546-4158-bff2-aa4d615003b2	2	52527342	52554366	37	0.563
c056d6d9-d546-4158-bff2-aa4d615003b2	2	52554384	78749884	16764	0.0103
c056d6d9-d546-4158-bff2-aa4d615003b2	2	78749921	79102020	295	0.093
c056d6d9-d546-4158-bff2-aa4d615003b2	2	79103652	79115685	8	0.652
c056d6d9-d546-4158-bff2-aa4d615003b2	2	79116692	79427292	249	0.067
c056d6d9-d546-4158-bff2-aa4d615003b2	2	79427309	88830496	5110	0.0079
c056d6d9-d546-4158-bff2-aa4d615003b2	2	88831240	89059140	131	-0.1863
c056d6d9-d546-4158-bff2-aa4d615003b2	2	89069263	97359885	1128	0.0315
c056d6d9-d546-4158-bff2-aa4d615003b2	2	97524284	97545726	9	-1.1804
c056d6d9-d546-4158-bff2-aa4d615003b2	2	97550415	106258266	5523	0.0112
c056d6d9-d546-4158-bff2-aa4d615003b2	2	106263639	106268557	11	0.8578
c056d6d9-d546-4158-bff2-aa4d615003b2	2	106268901	134836451	16774	0.0162
c056d6d9-d546-4158-bff2-aa4d615003b2	2	134838686	134838715	2	-1.9104
c056d6d9-d546-4158-bff2-aa4d615003b2	2	134839506	146106875	6878	0.0168
c056d6d9-d546-4158-bff2-aa4d615003b2	2	146106889	146109366	21	0.9632
c056d6d9-d546-4158-bff2-aa4d615003b2	2	146120238	242147305	58591	0.0115
c056d6d9-d546-4158-bff2-aa4d615003b2	3	20930	182919	151	0.1107
c056d6d9-d546-4158-bff2-aa4d615003b2	3	188339	191117	4	-1.1279
c056d6d9-d546-4158-bff2-aa4d615003b2	3	193194	2825746	2266	0.0885
c056d6d9-d546-4158-bff2-aa4d615003b2	3	2825818	4073038	1219	0.004
c056d6d9-d546-4158-bff2-aa4d615003b2	3	4073429	4279578	155	0.1555
c056d6d9-d546-4158-bff2-aa4d615003b2	3	4283039	11366589	5636	0.0142
c056d6d9-d546-4158-bff2-aa4d615003b2	3	11371130	11371926	4	-1.3341
c056d6d9-d546-4158-bff2-aa4d615003b2	3	11375791	12785433	1039	0.0014
c056d6d9-d546-4158-bff2-aa4d615003b2	3	12787816	12798344	2	-1.3229
c056d6d9-d546-4158-bff2-aa4d615003b2	3	12798416	21707297	5616	0.0085
c056d6d9-d546-4158-bff2-aa4d615003b2	3	21710504	22172202	474	0.1177
c056d6d9-d546-4158-bff2-aa4d615003b2	3	22176672	22237484	41	0.0127
c056d6d9-d546-4158-bff2-aa4d615003b2	3	22238833	22242339	2	-1.4799
c056d6d9-d546-4158-bff2-aa4d615003b2	3	22245048	59715704	23349	0.0066
c056d6d9-d546-4158-bff2-aa4d615003b2	3	59715720	59873139	154	0.105
c056d6d9-d546-4158-bff2-aa4d615003b2	3	59873870	59873883	2	-1.3019
c056d6d9-d546-4158-bff2-aa4d615003b2	3	59876789	61049540	1319	0.0804
c056d6d9-d546-4158-bff2-aa4d615003b2	3	61050620	65202778	3507	0.0036
c056d6d9-d546-4158-bff2-aa4d615003b2	3	65203560	65224777	52	-0.6576
c056d6d9-d546-4158-bff2-aa4d615003b2	3	65230674	68697013	2399	0.0103
c056d6d9-d546-4158-bff2-aa4d615003b2	3	68697108	68698262	14	-1.1919
c056d6d9-d546-4158-bff2-aa4d615003b2	3	68699607	130067097	34404	0.0024
c056d6d9-d546-4158-bff2-aa4d615003b2	3	130067366	130087393	32	-1.8446
c056d6d9-d546-4158-bff2-aa4d615003b2	3	130088081	146756356	10356	0.0062
c056d6d9-d546-4158-bff2-aa4d615003b2	3	146756536	148145385	747	0.0787
c056d6d9-d546-4158-bff2-aa4d615003b2	3	148145858	162788742	8999	0.0054
c056d6d9-d546-4158-bff2-aa4d615003b2	3	162790390	162908207	73	0.4277
c056d6d9-d546-4158-bff2-aa4d615003b2	3	162908784	173458868	6264	0.0085
c056d6d9-d546-4158-bff2-aa4d615003b2	3	173458963	173912890	318	0.1309
c056d6d9-d546-4158-bff2-aa4d615003b2	3	173914127	175488013	1137	0.01
c056d6d9-d546-4158-bff2-aa4d615003b2	3	175488308	176032059	307	0.1192
c056d6d9-d546-4158-bff2-aa4d615003b2	3	176038415	186688349	6311	0.0008
c056d6d9-d546-4158-bff2-aa4d615003b2	3	186695072	186699982	10	-0.8684
c056d6d9-d546-4158-bff2-aa4d615003b2	3	186704081	193161217	4681	0.0121
c056d6d9-d546-4158-bff2-aa4d615003b2	3	193162684	193165114	13	0.5273
c056d6d9-d546-4158-bff2-aa4d615003b2	3	193168646	198169247	2680	0.0024
c056d6d9-d546-4158-bff2-aa4d615003b2	4	68929	64958440	39691	0.0024
c056d6d9-d546-4158-bff2-aa4d615003b2	4	64958534	64958552	2	-1.9229
c056d6d9-d546-4158-bff2-aa4d615003b2	4	64958595	68478894	2176	0.0069
c056d6d9-d546-4158-bff2-aa4d615003b2	4	68494770	68639397	69	0.7696
c056d6d9-d546-4158-bff2-aa4d615003b2	4	68640616	69257792	312	0.101
c056d6d9-d546-4158-bff2-aa4d615003b2	4	69261926	69366081	54	-0.7928
c056d6d9-d546-4158-bff2-aa4d615003b2	4	69366304	114252544	27094	-0.0001
c056d6d9-d546-4158-bff2-aa4d615003b2	4	114254167	114261019	23	-1.1368
c056d6d9-d546-4158-bff2-aa4d615003b2	4	114263073	121360818	4299	0.0023
c056d6d9-d546-4158-bff2-aa4d615003b2	4	121361313	121363980	28	-0.8336
c056d6d9-d546-4158-bff2-aa4d615003b2	4	121369976	129141596	4321	0.0092
c056d6d9-d546-4158-bff2-aa4d615003b2	4	129146391	129147005	2	-3.3232
c056d6d9-d546-4158-bff2-aa4d615003b2	4	129151408	160950451	19044	0.0062
c056d6d9-d546-4158-bff2-aa4d615003b2	4	160950523	160963971	44	0.3399
c056d6d9-d546-4158-bff2-aa4d615003b2	4	160964013	171448195	6601	0.0111
c056d6d9-d546-4158-bff2-aa4d615003b2	4	171453733	171456625	12	-0.9641
c056d6d9-d546-4158-bff2-aa4d615003b2	4	171459220	180709481	5884	0.0203
c056d6d9-d546-4158-bff2-aa4d615003b2	4	180709641	180711979	2	-1.4935
c056d6d9-d546-4158-bff2-aa4d615003b2	4	180714376	182647519	1562	0.0229
c056d6d9-d546-4158-bff2-aa4d615003b2	4	182650187	182651199	3	-1.2157
c056d6d9-d546-4158-bff2-aa4d615003b2	4	182651237	188300104	3776	0.016
c056d6d9-d546-4158-bff2-aa4d615003b2	4	188300206	188300221	2	-1.7444
c056d6d9-d546-4158-bff2-aa4d615003b2	4	188300270	189267889	787	0.0362
c056d6d9-d546-4158-bff2-aa4d615003b2	4	189273964	189278110	4	0.9271
c056d6d9-d546-4158-bff2-aa4d615003b2	4	189278617	190106768	349	0.0494
c056d6d9-d546-4158-bff2-aa4d615003b2	5	15532	509576	216	-0.0145
c056d6d9-d546-4158-bff2-aa4d615003b2	5	516206	896700	153	-0.1226
c056d6d9-d546-4158-bff2-aa4d615003b2	5	905586	908425	3	-1.2982
c056d6d9-d546-4158-bff2-aa4d615003b2	5	913276	1818516	504	-0.0611
c056d6d9-d546-4158-bff2-aa4d615003b2	5	1818882	40963768	27045	0.0087
c056d6d9-d546-4158-bff2-aa4d615003b2	5	40964455	40964493	2	-1.6992
c056d6d9-d546-4158-bff2-aa4d615003b2	5	40964750	46271006	2528	0.0171
c056d6d9-d546-4158-bff2-aa4d615003b2	5	46271828	46273400	6	-2.327
c056d6d9-d546-4158-bff2-aa4d615003b2	5	46278110	58025819	5036	0.0138
c056d6d9-d546-4158-bff2-aa4d615003b2	5	58030200	58037706	32	1.4834
c056d6d9-d546-4158-bff2-aa4d615003b2	5	58042530	63355744	3454	0.0035
c056d6d9-d546-4158-bff2-aa4d615003b2	5	63358751	63884019	300	0.1283
c056d6d9-d546-4158-bff2-aa4d615003b2	5	63885700	99156020	19771	0.0041
c056d6d9-d546-4158-bff2-aa4d615003b2	5	99156198	100209278	612	0.1008
c056d6d9-d546-4158-bff2-aa4d615003b2	5	100209465	124653461	16014	0.0145
c056d6d9-d546-4158-bff2-aa4d615003b2	5	124657812	124658066	2	-1.4501
c056d6d9-d546-4158-bff2-aa4d615003b2	5	124660369	129543464	3057	0.0029
c056d6d9-d546-4158-bff2-aa4d615003b2	5	129545317	129545482	3	-1.3948
c056d6d9-d546-4158-bff2-aa4d615003b2	5	129546635	156049988	16517	0.0014
c056d6d9-d546-4158-bff2-aa4d615003b2	5	156051752	156055719	11	-0.7609
c056d6d9-d546-4158-bff2-aa4d615003b2	5	156068240	177959312	14721	-0.0013
c056d6d9-d546-4158-bff2-aa4d615003b2	5	177963074	177974381	9	-1.2937
c056d6d9-d546-4158-bff2-aa4d615003b2	5	177974394	180947523	1758	0.0016
c056d6d9-d546-4158-bff2-aa4d615003b2	5	180951710	180991103	19	0.5908
c056d6d9-d546-4158-bff2-aa4d615003b2	5	181006225	181363319	168	-0.0157
c056d6d9-d546-4158-bff2-aa4d615003b2	6	149661	254283	101	0.0083
c056d6d9-d546-4158-bff2-aa4d615003b2	6	257353	382559	102	-0.5392
c056d6d9-d546-4158-bff2-aa4d615003b2	6	382897	32656527	22522	0.0087
c056d6d9-d546-4158-bff2-aa4d615003b2	6	32656814	32658841	5	-1.7665
c056d6d9-d546-4158-bff2-aa4d615003b2	6	32682835	54066286	13607	0.0066
c056d6d9-d546-4158-bff2-aa4d615003b2	6	54066353	54067057	7	1.1084
c056d6d9-d546-4158-bff2-aa4d615003b2	6	54070550	64627049	4192	0.0226
c056d6d9-d546-4158-bff2-aa4d615003b2	6	64637651	64639099	2	-2.4047
c056d6d9-d546-4158-bff2-aa4d615003b2	6	64640883	73095151	5634	0.0162
c056d6d9-d546-4158-bff2-aa4d615003b2	6	73095368	73096377	2	-1.4544
c056d6d9-d546-4158-bff2-aa4d615003b2	6	73096686	73882509	475	-0.0069
c056d6d9-d546-4158-bff2-aa4d615003b2	6	73882741	73891694	9	-2.6982
c056d6d9-d546-4158-bff2-aa4d615003b2	6	73893839	76726815	1761	0.0109
c056d6d9-d546-4158-bff2-aa4d615003b2	6	76730151	76742956	19	0.8493
c056d6d9-d546-4158-bff2-aa4d615003b2	6	76742972	78259348	972	0.0119
c056d6d9-d546-4158-bff2-aa4d615003b2	6	78259388	78325457	108	-0.4656
c056d6d9-d546-4158-bff2-aa4d615003b2	6	78325468	93765426	9827	0.0086
c056d6d9-d546-4158-bff2-aa4d615003b2	6	93768888	95404776	796	0.0957
c056d6d9-d546-4158-bff2-aa4d615003b2	6	95406599	103286954	4721	0.0023
c056d6d9-d546-4158-bff2-aa4d615003b2	6	103290101	103314186	46	0.8723
c056d6d9-d546-4158-bff2-aa4d615003b2	6	103317795	114868811	7178	0.0013
c056d6d9-d546-4158-bff2-aa4d615003b2	6	114869304	114869897	2	-2.7696
c056d6d9-d546-4158-bff2-aa4d615003b2	6	114870280	148180808	20869	0.0054
c056d6d9-d546-4158-bff2-aa4d615003b2	6	148185476	148185808	2	-1.6607
c056d6d9-d546-4158-bff2-aa4d615003b2	6	148186119	150126724	1282	-0.0036
c056d6d9-d546-4158-bff2-aa4d615003b2	6	150128815	150129120	3	-1.6497
c056d6d9-d546-4158-bff2-aa4d615003b2	6	150129888	150470357	279	0.0087
c056d6d9-d546-4158-bff2-aa4d615003b2	6	150470529	150471495	2	-1.4063
c056d6d9-d546-4158-bff2-aa4d615003b2	6	150472804	154550946	3037	0.0045
c056d6d9-d546-4158-bff2-aa4d615003b2	6	154553352	154557264	4	-1.5624
c056d6d9-d546-4158-bff2-aa4d615003b2	6	154559219	154639748	48	-0.0286
c056d6d9-d546-4158-bff2-aa4d615003b2	6	154642532	154644703	3	-1.5212
c056d6d9-d546-4158-bff2-aa4d615003b2	6	154645133	170741917	11084	0.0107
c056d6d9-d546-4158-bff2-aa4d615003b2	7	43355	7799746	4152	0.0043
c056d6d9-d546-4158-bff2-aa4d615003b2	7	7799814	7801792	2	-1.6524
c056d6d9-d546-4158-bff2-aa4d615003b2	7	7801930	18866918	8870	0.0227
c056d6d9-d546-4158-bff2-aa4d615003b2	7	18867273	19675865	859	0.1118
c056d6d9-d546-4158-bff2-aa4d615003b2	7	19678814	22395161	2043	0.0053
c056d6d9-d546-4158-bff2-aa4d615003b2	7	22395853	22396868	2	-2.9543
c056d6d9-d546-4158-bff2-aa4d615003b2	7	22399135	38251113	11239	0.0043
c056d6d9-d546-4158-bff2-aa4d615003b2	7	38254500	38338955	113	-0.2352
c056d6d9-d546-4158-bff2-aa4d615003b2	7	38339129	88570013	26695	0.0052
c056d6d9-d546-4158-bff2-aa4d615003b2	7	88570233	90294790	1149	0.0967
c056d6d9-d546-4158-bff2-aa4d615003b2	7	90296003	91578827	909	0.0137
c056d6d9-d546-4158-bff2-aa4d615003b2	7	91589569	91589817	3	-1.3837
c056d6d9-d546-4158-bff2-aa4d615003b2	7	91595717	97766150	3818	0.0009
c056d6d9-d546-4158-bff2-aa4d615003b2	7	97766153	97772915	12	-0.6607
c056d6d9-d546-4158-bff2-aa4d615003b2	7	97772976	109801187	6586	-0.0102
c056d6d9-d546-4158-bff2-aa4d615003b2	7	109801572	109813853	10	-0.6762
c056d6d9-d546-4158-bff2-aa4d615003b2	7	109813925	126404920	9960	0.0088
c056d6d9-d546-4158-bff2-aa4d615003b2	7	126405428	126406561	12	-0.9029
c056d6d9-d546-4158-bff2-aa4d615003b2	7	126406822	134093899	4668	-0.0027
c056d6d9-d546-4158-bff2-aa4d615003b2	7	134100424	134105690	25	0.8668
c056d6d9-d546-4158-bff2-aa4d615003b2	7	134110881	142063324	5163	-0.0021
c056d6d9-d546-4158-bff2-aa4d615003b2	7	142069843	142092307	34	0.3984
c056d6d9-d546-4158-bff2-aa4d615003b2	7	142099190	159254777	10724	0.0069
c056d6d9-d546-4158-bff2-aa4d615003b2	7	159258044	159265373	10	-1.1735
c056d6d9-d546-4158-bff2-aa4d615003b2	7	159266713	159324709	45	0.0006
c056d6d9-d546-4158-bff2-aa4d615003b2	7	159324804	159334314	16	-0.8712
c056d6d9-d546-4158-bff2-aa4d615003b2	8	81254	4145783	3669	0.018
c056d6d9-d546-4158-bff2-aa4d615003b2	8	4145941	4145956	2	-3.2067
c056d6d9-d546-4158-bff2-aa4d615003b2	8	4146039	5736745	2271	0.0534
c056d6d9-d546-4158-bff2-aa4d615003b2	8	5741204	5746973	27	-0.9
c056d6d9-d546-4158-bff2-aa4d615003b2	8	5749566	6029835	364	0.1089
c056d6d9-d546-4158-bff2-aa4d615003b2	8	6034516	12092042	4583	0.0085
c056d6d9-d546-4158-bff2-aa4d615003b2	8	12130217	12143614	6	0.866
c056d6d9-d546-4158-bff2-aa4d615003b2	8	12176798	12389977	31	-1.2411
c056d6d9-d546-4158-bff2-aa4d615003b2	8	12418301	25116928	10323	0.0147
c056d6d9-d546-4158-bff2-aa4d615003b2	8	25116961	25126818	26	0.4577
c056d6d9-d546-4158-bff2-aa4d615003b2	8	25133589	38430945	8432	-0.0009
c056d6d9-d546-4158-bff2-aa4d615003b2	8	38432841	38432991	3	-1.2995
c056d6d9-d546-4158-bff2-aa4d615003b2	8	38433569	40324598	1147	0.0067
c056d6d9-d546-4158-bff2-aa4d615003b2	8	40326278	40335391	35	-0.9522
c056d6d9-d546-4158-bff2-aa4d615003b2	8	40336910	71300130	17166	-0.0001
c056d6d9-d546-4158-bff2-aa4d615003b2	8	71303076	71304364	8	-2.8065
c056d6d9-d546-4158-bff2-aa4d615003b2	8	71307628	111282417	23895	0.0054
c056d6d9-d546-4158-bff2-aa4d615003b2	8	111282441	111283031	6	-1.2895
c056d6d9-d546-4158-bff2-aa4d615003b2	8	111288052	114622325	1810	0.0022
c056d6d9-d546-4158-bff2-aa4d615003b2	8	114622424	114629502	33	-0.7263
c056d6d9-d546-4158-bff2-aa4d615003b2	8	114638468	131976820	11945	0.0044
c056d6d9-d546-4158-bff2-aa4d615003b2	8	131978838	131978878	2	-1.589
c056d6d9-d546-4158-bff2-aa4d615003b2	8	131982329	139591259	6321	-0.001
c056d6d9-d546-4158-bff2-aa4d615003b2	8	139592093	139592379	3	1.2358
c056d6d9-d546-4158-bff2-aa4d615003b2	8	139592400	141323933	1071	0.0058
c056d6d9-d546-4158-bff2-aa4d615003b2	8	141327343	142338169	591	-0.1007
c056d6d9-d546-4158-bff2-aa4d615003b2	8	142343190	145072769	979	-0.0272
c056d6d9-d546-4158-bff2-aa4d615003b2	9	46587	11100680	10466	0.0302
c056d6d9-d546-4158-bff2-aa4d615003b2	9	11101482	12626538	1173	0.1021
c056d6d9-d546-4158-bff2-aa4d615003b2	9	12627054	23361807	8577	0.0076
c056d6d9-d546-4158-bff2-aa4d615003b2	9	23363117	23372401	7	1.2107
c056d6d9-d546-4158-bff2-aa4d615003b2	9	23373486	24503818	793	0.0198
c056d6d9-d546-4158-bff2-aa4d615003b2	9	24504127	24517684	19	-0.8725
c056d6d9-d546-4158-bff2-aa4d615003b2	9	24519686	28534841	3071	0.0159
c056d6d9-d546-4158-bff2-aa4d615003b2	9	28535244	28887554	276	0.134
c056d6d9-d546-4158-bff2-aa4d615003b2	9	28889800	39807498	6495	0.0014
c056d6d9-d546-4158-bff2-aa4d615003b2	9	39827488	39833357	2	-2.7677
c056d6d9-d546-4158-bff2-aa4d615003b2	9	39840169	87907679	14497	-0.0001
c056d6d9-d546-4158-bff2-aa4d615003b2	9	87939236	87939304	2	-1.9366
c056d6d9-d546-4158-bff2-aa4d615003b2	9	87943042	102217289	9439	0.0076
c056d6d9-d546-4158-bff2-aa4d615003b2	9	102227112	102228112	4	-1.2664
c056d6d9-d546-4158-bff2-aa4d615003b2	9	102231233	106139798	2827	0.0185
c056d6d9-d546-4158-bff2-aa4d615003b2	9	106140405	106141213	2	-1.9827
c056d6d9-d546-4158-bff2-aa4d615003b2	9	106141824	111959966	4578	-0.0012
c056d6d9-d546-4158-bff2-aa4d615003b2	9	111962214	111964482	4	-1.4131
c056d6d9-d546-4158-bff2-aa4d615003b2	9	111965052	138200944	16588	0.0029
c056d6d9-d546-4158-bff2-aa4d615003b2	10	45792	7620951	6563	0.0102
c056d6d9-d546-4158-bff2-aa4d615003b2	10	7624946	7625423	2	-1.3833
c056d6d9-d546-4158-bff2-aa4d615003b2	10	7625831	17463468	7956	-0.0011
c056d6d9-d546-4158-bff2-aa4d615003b2	10	17465137	17465414	2	-2.0122
c056d6d9-d546-4158-bff2-aa4d615003b2	10	17468712	24088745	4501	0.0012
c056d6d9-d546-4158-bff2-aa4d615003b2	10	24088746	24089125	10	-2.0479
c056d6d9-d546-4158-bff2-aa4d615003b2	10	24089979	26934974	1968	0.0039
c056d6d9-d546-4158-bff2-aa4d615003b2	10	26936975	26939544	13	-1.1676
c056d6d9-d546-4158-bff2-aa4d615003b2	10	26941064	43029180	8276	0.003
c056d6d9-d546-4158-bff2-aa4d615003b2	10	43029253	43030294	2	-1.552
c056d6d9-d546-4158-bff2-aa4d615003b2	10	43030575	50070600	3856	0.0111
c056d6d9-d546-4158-bff2-aa4d615003b2	10	50081224	50132160	4	1.0518
c056d6d9-d546-4158-bff2-aa4d615003b2	10	50144008	65548193	10902	0.0096
c056d6d9-d546-4158-bff2-aa4d615003b2	10	65548259	65554672	24	0.8461
c056d6d9-d546-4158-bff2-aa4d615003b2	10	65554688	66304836	599	0.0097
c056d6d9-d546-4158-bff2-aa4d615003b2	10	66304964	66731037	306	0.1216
c056d6d9-d546-4158-bff2-aa4d615003b2	10	66731218	133654968	44976	0.0031
c056d6d9-d546-4158-bff2-aa4d615003b2	11	198510	4705210	2129	-0.0182
c056d6d9-d546-4158-bff2-aa4d615003b2	11	4705388	4705661	5	-0.935
c056d6d9-d546-4158-bff2-aa4d615003b2	11	4707904	5773478	1080	0.0175
c056d6d9-d546-4158-bff2-aa4d615003b2	11	5776383	5788108	20	-0.8185
c056d6d9-d546-4158-bff2-aa4d615003b2	11	5788231	6094875	239	0.032
c056d6d9-d546-4158-bff2-aa4d615003b2	11	6095613	6100864	5	-1.5499
c056d6d9-d546-4158-bff2-aa4d615003b2	11	6101273	12308374	4668	0.0042
c056d6d9-d546-4158-bff2-aa4d615003b2	11	12315765	12315776	2	-1.7876
c056d6d9-d546-4158-bff2-aa4d615003b2	11	12317262	20582027	5905	-0.0059
c056d6d9-d546-4158-bff2-aa4d615003b2	11	20583697	20584437	3	-1.3892
c056d6d9-d546-4158-bff2-aa4d615003b2	11	20584911	24420628	2873	0.0191
c056d6d9-d546-4158-bff2-aa4d615003b2	11	24422703	24428711	6	-1.0901
c056d6d9-d546-4158-bff2-aa4d615003b2	11	24433630	37277438	9132	0.0047
c056d6d9-d546-4158-bff2-aa4d615003b2	11	37278073	37828499	319	0.1238
c056d6d9-d546-4158-bff2-aa4d615003b2	11	37829591	42791601	3246	-0.0012
c056d6d9-d546-4158-bff2-aa4d615003b2	11	42794936	42796489	2	-3.2425
c056d6d9-d546-4158-bff2-aa4d615003b2	11	42799053	43146336	273	-0.0197
c056d6d9-d546-4158-bff2-aa4d615003b2	11	43146478	43146509	2	-2.263
c056d6d9-d546-4158-bff2-aa4d615003b2	11	43147103	48576870	3110	-0.0017
c056d6d9-d546-4158-bff2-aa4d615003b2	11	48579882	48581124	2	-1.4254
c056d6d9-d546-4158-bff2-aa4d615003b2	11	48584766	54743970	884	0.0332
c056d6d9-d546-4158-bff2-aa4d615003b2	11	54762035	54766290	3	-1.2097
c056d6d9-d546-4158-bff2-aa4d615003b2	11	54782119	55593955	282	0.0552
c056d6d9-d546-4158-bff2-aa4d615003b2	11	55595864	55685501	59	0.3682
c056d6d9-d546-4158-bff2-aa4d615003b2	11	55685533	102192486	28625	0.0065
c056d6d9-d546-4158-bff2-aa4d615003b2	11	102194103	102197016	2	-1.5553
c056d6d9-d546-4158-bff2-aa4d615003b2	11	102198873	135074876	23244	-0.0015
c056d6d9-d546-4158-bff2-aa4d615003b2	12	51460	246384	113	-0.1317
c056d6d9-d546-4158-bff2-aa4d615003b2	12	246676	1520054	744	0.0404
c056d6d9-d546-4158-bff2-aa4d615003b2	12	1528747	1551977	18	-0.4924
c056d6d9-d546-4158-bff2-aa4d615003b2	12	1552787	7679579	4386	0.008
c056d6d9-d546-4158-bff2-aa4d615003b2	12	7679831	9481274	871	-0.0553
c056d6d9-d546-4158-bff2-aa4d615003b2	12	9485313	9562969	22	-1.5375
c056d6d9-d546-4158-bff2-aa4d615003b2	12	9575696	9871866	224	-0.0156
c056d6d9-d546-4158-bff2-aa4d615003b2	12	9876915	9876928	2	-1.2062
c056d6d9-d546-4158-bff2-aa4d615003b2	12	9877613	11027669	774	-0.0165
c056d6d9-d546-4158-bff2-aa4d615003b2	12	11027741	11050973	15	0.3917
c056d6d9-d546-4158-bff2-aa4d615003b2	12	11051557	11358643	150	0.0341
c056d6d9-d546-4158-bff2-aa4d615003b2	12	11358644	11390472	30	-0.7867
c056d6d9-d546-4158-bff2-aa4d615003b2	12	11399258	11650264	172	0.017
c056d6d9-d546-4158-bff2-aa4d615003b2	12	11650322	11650686	2	-1.017
c056d6d9-d546-4158-bff2-aa4d615003b2	12	11650738	11746024	131	-0.0171
c056d6d9-d546-4158-bff2-aa4d615003b2	12	11746193	11746357	5	-0.835
c056d6d9-d546-4158-bff2-aa4d615003b2	12	11747039	22086364	6885	0.0039
c056d6d9-d546-4158-bff2-aa4d615003b2	12	22090581	22090627	2	-1.7006
c056d6d9-d546-4158-bff2-aa4d615003b2	12	22090727	22091576	8	-0.3756
c056d6d9-d546-4158-bff2-aa4d615003b2	12	22091665	33141726	8041	0.0004
c056d6d9-d546-4158-bff2-aa4d615003b2	12	33148472	33154440	27	-0.4723
c056d6d9-d546-4158-bff2-aa4d615003b2	12	33155426	33227031	43	0.0757
c056d6d9-d546-4158-bff2-aa4d615003b2	12	33232895	33242483	7	-0.8737
c056d6d9-d546-4158-bff2-aa4d615003b2	12	33246118	38165050	899	0.0201
c056d6d9-d546-4158-bff2-aa4d615003b2	12	38165625	38862483	401	0.107
c056d6d9-d546-4158-bff2-aa4d615003b2	12	38862496	45506042	4190	0.0112
c056d6d9-d546-4158-bff2-aa4d615003b2	12	45510655	45515754	4	0.9789
c056d6d9-d546-4158-bff2-aa4d615003b2	12	45519509	90089573	27013	0.0002
c056d6d9-d546-4158-bff2-aa4d615003b2	12	90097892	90098297	7	-1.3019
c056d6d9-d546-4158-bff2-aa4d615003b2	12	90099780	99398036	6401	0.0066
c056d6d9-d546-4158-bff2-aa4d615003b2	12	99401515	99404956	31	-0.6465
c056d6d9-d546-4158-bff2-aa4d615003b2	12	99409315	103825222	2781	0.0081
c056d6d9-d546-4158-bff2-aa4d615003b2	12	103826081	103826099	2	-2.0268
c056d6d9-d546-4158-bff2-aa4d615003b2	12	103827352	131636170	19197	0.0005
c056d6d9-d546-4158-bff2-aa4d615003b2	12	131648039	131659651	18	0.4534
c056d6d9-d546-4158-bff2-aa4d615003b2	12	131669648	133201603	550	-0.0061
c056d6d9-d546-4158-bff2-aa4d615003b2	13	18452809	23055071	2835	-0.0035
c056d6d9-d546-4158-bff2-aa4d615003b2	13	23058539	23064056	13	0.6168
c056d6d9-d546-4158-bff2-aa4d615003b2	13	23064071	37493438	10500	0.0072
c056d6d9-d546-4158-bff2-aa4d615003b2	13	37495907	37510620	19	-0.433
c056d6d9-d546-4158-bff2-aa4d615003b2	13	37514193	57061923	12363	0.0016
c056d6d9-d546-4158-bff2-aa4d615003b2	13	57062560	57472781	247	0.1385
c056d6d9-d546-4158-bff2-aa4d615003b2	13	57473842	62721284	3066	-0.0018
c056d6d9-d546-4158-bff2-aa4d615003b2	13	62721577	62722122	2	-1.4552
c056d6d9-d546-4158-bff2-aa4d615003b2	13	62722748	63566694	484	0.0027
c056d6d9-d546-4158-bff2-aa4d615003b2	13	63569398	64405900	483	0.1013
c056d6d9-d546-4158-bff2-aa4d615003b2	13	64406137	71902850	4708	0.0176
c056d6d9-d546-4158-bff2-aa4d615003b2	13	71903417	71906418	4	-1.8369
c056d6d9-d546-4158-bff2-aa4d615003b2	13	71906467	105129789	22303	0.0007
c056d6d9-d546-4158-bff2-aa4d615003b2	13	105129828	105755688	492	0.0978
c056d6d9-d546-4158-bff2-aa4d615003b2	13	105756209	106730287	801	0.0082
c056d6d9-d546-4158-bff2-aa4d615003b2	13	106731890	106732362	2	1.2753
c056d6d9-d546-4158-bff2-aa4d615003b2	13	106732887	111070847	3498	-0.0048
c056d6d9-d546-4158-bff2-aa4d615003b2	13	111071777	111072185	2	-1.5368
c056d6d9-d546-4158-bff2-aa4d615003b2	13	111072198	114342922	1736	-0.0015
c056d6d9-d546-4158-bff2-aa4d615003b2	14	18239283	19988163	185	0.2574
c056d6d9-d546-4158-bff2-aa4d615003b2	14	19992086	22082038	1438	0.0069
c056d6d9-d546-4158-bff2-aa4d615003b2	14	22084726	22508844	386	-0.1952
c056d6d9-d546-4158-bff2-aa4d615003b2	14	22509094	43435543	12991	0.0121
c056d6d9-d546-4158-bff2-aa4d615003b2	14	43436431	43754755	157	0.175
c056d6d9-d546-4158-bff2-aa4d615003b2	14	43754852	46121707	1314	0.0356
c056d6d9-d546-4158-bff2-aa4d615003b2	14	46122855	46122974	2	-1.6938
c056d6d9-d546-4158-bff2-aa4d615003b2	14	46123697	106257142	38159	0.0025
c056d6d9-d546-4158-bff2-aa4d615003b2	14	106258732	106290131	15	-0.5983
c056d6d9-d546-4158-bff2-aa4d615003b2	14	106290365	106321086	21	-0.0845
c056d6d9-d546-4158-bff2-aa4d615003b2	14	106340102	106364815	10	-0.745
c056d6d9-d546-4158-bff2-aa4d615003b2	14	106365807	106704852	196	0.064
c056d6d9-d546-4158-bff2-aa4d615003b2	14	106711719	106877229	72	-1.0952
c056d6d9-d546-4158-bff2-aa4d615003b2	15	19811075	19896400	15	-0.4249
c056d6d9-d546-4158-bff2-aa4d615003b2	15	19904997	21005443	142	0.1538
c056d6d9-d546-4158-bff2-aa4d615003b2	15	21018354	21999319	21	-0.173
c056d6d9-d546-4158-bff2-aa4d615003b2	15	22003073	22413894	31	0.4019
c056d6d9-d546-4158-bff2-aa4d615003b2	15	22455811	24424598	983	0.0056
c056d6d9-d546-4158-bff2-aa4d615003b2	15	24429604	24473026	33	0.3749
c056d6d9-d546-4158-bff2-aa4d615003b2	15	24473449	26315045	1321	0.0066
c056d6d9-d546-4158-bff2-aa4d615003b2	15	26317005	26318009	2	-3.3656
c056d6d9-d546-4158-bff2-aa4d615003b2	15	26318441	53902792	16714	0.0134
c056d6d9-d546-4158-bff2-aa4d615003b2	15	53908153	53909163	2	-2.9619
c056d6d9-d546-4158-bff2-aa4d615003b2	15	53912031	56497331	1693	0.0002
c056d6d9-d546-4158-bff2-aa4d615003b2	15	56497449	56508779	26	-0.6461
c056d6d9-d546-4158-bff2-aa4d615003b2	15	56509425	60467423	2758	0.0111
c056d6d9-d546-4158-bff2-aa4d615003b2	15	60468469	60468937	2	-1.424
c056d6d9-d546-4158-bff2-aa4d615003b2	15	60474489	83871986	14303	0.0026
c056d6d9-d546-4158-bff2-aa4d615003b2	15	83874133	83874798	5	-2.6768
c056d6d9-d546-4158-bff2-aa4d615003b2	15	83878525	101928837	13089	0.0119
c056d6d9-d546-4158-bff2-aa4d615003b2	16	10777	35225338	20033	-0.0002
c056d6d9-d546-4158-bff2-aa4d615003b2	16	35232200	35522700	168	0.6814
c056d6d9-d546-4158-bff2-aa4d615003b2	16	35526596	55762682	6547	0.0012
c056d6d9-d546-4158-bff2-aa4d615003b2	16	55764310	55764867	3	2.5896
c056d6d9-d546-4158-bff2-aa4d615003b2	16	55770436	78337711	14195	0.0049
c056d6d9-d546-4158-bff2-aa4d615003b2	16	78338543	78350841	16	1.2929
c056d6d9-d546-4158-bff2-aa4d615003b2	16	78350868	88583347	9874	-0.0026
c056d6d9-d546-4158-bff2-aa4d615003b2	16	88583497	89179547	189	-0.139
c056d6d9-d546-4158-bff2-aa4d615003b2	16	89188966	89553289	219	0.0174
c056d6d9-d546-4158-bff2-aa4d615003b2	16	89554405	89646844	35	-0.3997
c056d6d9-d546-4158-bff2-aa4d615003b2	16	89654423	90096867	205	-0.0473
c056d6d9-d546-4158-bff2-aa4d615003b2	17	150733	18414080	11305	0.0044
c056d6d9-d546-4158-bff2-aa4d615003b2	17	18452078	18509244	17	0.5889
c056d6d9-d546-4158-bff2-aa4d615003b2	17	18523147	19594577	369	0.0102
c056d6d9-d546-4158-bff2-aa4d615003b2	17	19596423	19635134	30	-0.8871
c056d6d9-d546-4158-bff2-aa4d615003b2	17	19635445	28930108	2034	0.0074
c056d6d9-d546-4158-bff2-aa4d615003b2	17	28932999	28933638	2	-1.5126
c056d6d9-d546-4158-bff2-aa4d615003b2	17	28933780	41053891	6781	0.0054
c056d6d9-d546-4158-bff2-aa4d615003b2	17	41055656	41065355	12	-1.3679
c056d6d9-d546-4158-bff2-aa4d615003b2	17	41066554	83091923	24187	0.0022
c056d6d9-d546-4158-bff2-aa4d615003b2	18	48133	14661644	10105	0.0151
c056d6d9-d546-4158-bff2-aa4d615003b2	18	14663972	14672480	2	2.0339
c056d6d9-d546-4158-bff2-aa4d615003b2	18	14691686	65532829	29493	0.0065
c056d6d9-d546-4158-bff2-aa4d615003b2	18	65532840	65540145	21	0.5143
c056d6d9-d546-4158-bff2-aa4d615003b2	18	65540175	66060256	354	0.0905
c056d6d9-d546-4158-bff2-aa4d615003b2	18	66060309	66061104	11	-0.4556
c056d6d9-d546-4158-bff2-aa4d615003b2	18	66065502	66065804	10	0.1601
c056d6d9-d546-4158-bff2-aa4d615003b2	18	66065842	66067210	7	-0.4513
c056d6d9-d546-4158-bff2-aa4d615003b2	18	66067961	66095064	30	0.162
c056d6d9-d546-4158-bff2-aa4d615003b2	18	66099904	66100686	3	1.3931
c056d6d9-d546-4158-bff2-aa4d615003b2	18	66108359	71366007	3714	0.0193
c056d6d9-d546-4158-bff2-aa4d615003b2	18	71366891	73834757	1968	0.0874
c056d6d9-d546-4158-bff2-aa4d615003b2	18	73835176	80257174	4593	0.0043
c056d6d9-d546-4158-bff2-aa4d615003b2	19	90910	6951984	2290	0
c056d6d9-d546-4158-bff2-aa4d615003b2	19	6957866	7013939	44	-1.2949
c056d6d9-d546-4158-bff2-aa4d615003b2	19	7071383	12581187	2687	0.005
c056d6d9-d546-4158-bff2-aa4d615003b2	19	12586552	12587288	2	1.9405
c056d6d9-d546-4158-bff2-aa4d615003b2	19	12589709	37143642	12516	0.0065
c056d6d9-d546-4158-bff2-aa4d615003b2	19	37161671	37182875	12	-1.2182
c056d6d9-d546-4158-bff2-aa4d615003b2	19	37194288	43139226	2923	0.0069
c056d6d9-d546-4158-bff2-aa4d615003b2	19	43142696	43236813	43	-0.9253
c056d6d9-d546-4158-bff2-aa4d615003b2	19	43249149	55771003	6626	0.0023
c056d6d9-d546-4158-bff2-aa4d615003b2	19	55771169	55771701	3	-2.2823
c056d6d9-d546-4158-bff2-aa4d615003b2	19	55774927	55795036	16	0.061
c056d6d9-d546-4158-bff2-aa4d615003b2	19	55796217	55796444	4	-0.8795
c056d6d9-d546-4158-bff2-aa4d615003b2	19	55796481	58586487	1806	0.017
c056d6d9-d546-4158-bff2-aa4d615003b2	20	80664	1580353	1192	0.0224
c056d6d9-d546-4158-bff2-aa4d615003b2	20	1580934	1617300	42	1.6031
c056d6d9-d546-4158-bff2-aa4d615003b2	20	1617460	64324800	40851	0.0036
c056d6d9-d546-4158-bff2-aa4d615003b2	21	10354168	21676927	5762	0.0141
c056d6d9-d546-4158-bff2-aa4d615003b2	21	21677539	21677661	2	-1.6591
c056d6d9-d546-4158-bff2-aa4d615003b2	21	21678383	45387584	17166	0.0045
c056d6d9-d546-4158-bff2-aa4d615003b2	21	45391960	45612418	114	-0.1841
c056d6d9-d546-4158-bff2-aa4d615003b2	21	45612481	46677045	631	-0.0002
c056d6d9-d546-4158-bff2-aa4d615003b2	22	15294547	23929505	4360	-0.0158
c056d6d9-d546-4158-bff2-aa4d615003b2	22	23929558	23942595	3	-1.3607
c056d6d9-d546-4158-bff2-aa4d615003b2	22	23943622	23987520	12	-0.2771
c056d6d9-d546-4158-bff2-aa4d615003b2	22	23988078	23989773	2	-2.9785
c056d6d9-d546-4158-bff2-aa4d615003b2	22	23990431	24475815	253	-0.0051
c056d6d9-d546-4158-bff2-aa4d615003b2	22	24480832	24481324	3	-1.2091
c056d6d9-d546-4158-bff2-aa4d615003b2	22	24481808	42420973	12395	0.0041
c056d6d9-d546-4158-bff2-aa4d615003b2	22	42421086	42421646	2	-1.463
c056d6d9-d546-4158-bff2-aa4d615003b2	22	42425409	44737460	1680	0.0072
c056d6d9-d546-4158-bff2-aa4d615003b2	22	44739926	44740755	3	-1.3322
c056d6d9-d546-4158-bff2-aa4d615003b2	22	44741026	49227255	3573	0.0061
c056d6d9-d546-4158-bff2-aa4d615003b2	22	49229360	49229548	2	-1.3696
c056d6d9-d546-4158-bff2-aa4d615003b2	22	49231343	49488570	242	0.0044
c056d6d9-d546-4158-bff2-aa4d615003b2	22	49492049	50589456	530	-0.086
c056d6d9-d546-4158-bff2-aa4d615003b2	22	50592320	50796027	102	0.0034
c056d6d9-d546-4158-bff2-aa4d615003b2	X	251810	2854543	144	-0.0329
c056d6d9-d546-4158-bff2-aa4d615003b2	X	2856437	2860281	10	-1.6921
c056d6d9-d546-4158-bff2-aa4d615003b2	X	2860304	137321454	71433	0.0074
c056d6d9-d546-4158-bff2-aa4d615003b2	X	137327506	137329202	5	-4.1802
c056d6d9-d546-4158-bff2-aa4d615003b2	X	137329375	151045694	8878	0.0173
c056d6d9-d546-4158-bff2-aa4d615003b2	X	151046198	151046276	2	-4.718
c056d6d9-d546-4158-bff2-aa4d615003b2	X	151046615	155952689	2415	-0.0096
c056d6d9-d546-4158-bff2-aa4d615003b2	Y	2782397	22427135	6426	-1.0208
c056d6d9-d546-4158-bff2-aa4d615003b2	Y	22731761	23014812	9	-3.2158
c056d6d9-d546-4158-bff2-aa4d615003b2	Y	23029591	25614692	23	-1.5874
c056d6d9-d546-4158-bff2-aa4d615003b2	Y	25692892	56872112	175	-0.9877
