GDC_Aliquot	Chromosome	Start	End	Num_Probes	Segment_Mean
f0b5b924-b61c-4e74-87e1-e9cd5eed63c3	1	62920	16477846	8601	-0.0022
f0b5b924-b61c-4e74-87e1-e9cd5eed63c3	1	16480031	16935737	126	-0.4083
f0b5b924-b61c-4e74-87e1-e9cd5eed63c3	1	16935752	25256850	5230	-0.0035
f0b5b924-b61c-4e74-87e1-e9cd5eed63c3	1	25266637	25320455	24	-1.8026
f0b5b924-b61c-4e74-87e1-e9cd5eed63c3	1	25336819	54624527	15916	-0.0002
f0b5b924-b61c-4e74-87e1-e9cd5eed63c3	1	54627618	54628716	2	-1.9641
f0b5b924-b61c-4e74-87e1-e9cd5eed63c3	1	54630777	72280864	12605	0.005
f0b5b924-b61c-4e74-87e1-e9cd5eed63c3	1	72280884	72353096	67	0.3673
f0b5b924-b61c-4e74-87e1-e9cd5eed63c3	1	72353207	78323769	3729	-0.0045
f0b5b924-b61c-4e74-87e1-e9cd5eed63c3	1	78323890	78324107	2	2.1219
f0b5b924-b61c-4e74-87e1-e9cd5eed63c3	1	78329348	89009572	7108	-0.005
f0b5b924-b61c-4e74-87e1-e9cd5eed63c3	1	89012275	89012522	2	-2.4432
f0b5b924-b61c-4e74-87e1-e9cd5eed63c3	1	89015841	105476688	9937	-0.0013
f0b5b924-b61c-4e74-87e1-e9cd5eed63c3	1	105476748	105479753	14	1.2885
f0b5b924-b61c-4e74-87e1-e9cd5eed63c3	1	105481433	112153651	4565	0.0038
f0b5b924-b61c-4e74-87e1-e9cd5eed63c3	1	112153686	112154754	20	0.6403
f0b5b924-b61c-4e74-87e1-e9cd5eed63c3	1	112154768	114289343	1320	-0.0023
f0b5b924-b61c-4e74-87e1-e9cd5eed63c3	1	114291004	114291210	4	-1.347
f0b5b924-b61c-4e74-87e1-e9cd5eed63c3	1	114291223	143754062	3918	0.0027
f0b5b924-b61c-4e74-87e1-e9cd5eed63c3	1	143754077	143754192	2	2.1713
f0b5b924-b61c-4e74-87e1-e9cd5eed63c3	1	143754798	152583319	2305	0.0156
f0b5b924-b61c-4e74-87e1-e9cd5eed63c3	1	152583408	152613762	28	-1.2328
f0b5b924-b61c-4e74-87e1-e9cd5eed63c3	1	152613802	174828195	14886	0.0038
f0b5b924-b61c-4e74-87e1-e9cd5eed63c3	1	174828247	174828310	2	2.0416
f0b5b924-b61c-4e74-87e1-e9cd5eed63c3	1	174828367	196740316	14528	0.0016
f0b5b924-b61c-4e74-87e1-e9cd5eed63c3	1	196740630	196854187	68	0.573
f0b5b924-b61c-4e74-87e1-e9cd5eed63c3	1	196854483	200129534	2018	-0.0068
f0b5b924-b61c-4e74-87e1-e9cd5eed63c3	1	200132670	200132792	2	-1.9709
f0b5b924-b61c-4e74-87e1-e9cd5eed63c3	1	200132895	247775109	32870	0.0001
f0b5b924-b61c-4e74-87e1-e9cd5eed63c3	1	247775446	247775555	2	2.5242
f0b5b924-b61c-4e74-87e1-e9cd5eed63c3	1	247775696	248525314	444	0.0395
f0b5b924-b61c-4e74-87e1-e9cd5eed63c3	1	248546369	248611798	23	-0.8888
f0b5b924-b61c-4e74-87e1-e9cd5eed63c3	1	248616453	248930189	154	-0.0174
f0b5b924-b61c-4e74-87e1-e9cd5eed63c3	2	12784	295136	179	-0.0891
f0b5b924-b61c-4e74-87e1-e9cd5eed63c3	2	295255	311644	13	0.691
f0b5b924-b61c-4e74-87e1-e9cd5eed63c3	2	312593	10802441	8037	0.0024
f0b5b924-b61c-4e74-87e1-e9cd5eed63c3	2	10802576	10803536	2	-2.0116
f0b5b924-b61c-4e74-87e1-e9cd5eed63c3	2	10803602	23289158	8929	0.006
f0b5b924-b61c-4e74-87e1-e9cd5eed63c3	2	23290086	23291543	2	-3.3971
f0b5b924-b61c-4e74-87e1-e9cd5eed63c3	2	23291743	34460213	6749	0.0114
f0b5b924-b61c-4e74-87e1-e9cd5eed63c3	2	34466002	34512096	48	0.7247
f0b5b924-b61c-4e74-87e1-e9cd5eed63c3	2	34512489	35742057	858	-0.0124
f0b5b924-b61c-4e74-87e1-e9cd5eed63c3	2	35742319	35762850	9	0.9791
f0b5b924-b61c-4e74-87e1-e9cd5eed63c3	2	35762881	41011095	3890	0.0016
f0b5b924-b61c-4e74-87e1-e9cd5eed63c3	2	41011303	41018747	22	-1.7356
f0b5b924-b61c-4e74-87e1-e9cd5eed63c3	2	41024093	52527330	8109	0.0085
f0b5b924-b61c-4e74-87e1-e9cd5eed63c3	2	52527342	52554404	39	-2.1692
f0b5b924-b61c-4e74-87e1-e9cd5eed63c3	2	52560811	97359885	23680	0.0057
f0b5b924-b61c-4e74-87e1-e9cd5eed63c3	2	97524284	97545247	8	-1.2233
f0b5b924-b61c-4e74-87e1-e9cd5eed63c3	2	97545726	146107511	29193	0.0057
f0b5b924-b61c-4e74-87e1-e9cd5eed63c3	2	146107526	146109341	17	0.9404
f0b5b924-b61c-4e74-87e1-e9cd5eed63c3	2	146109366	183219425	22645	0.0063
f0b5b924-b61c-4e74-87e1-e9cd5eed63c3	2	183220725	183224996	10	-0.8504
f0b5b924-b61c-4e74-87e1-e9cd5eed63c3	2	183229270	184451949	836	0.0183
f0b5b924-b61c-4e74-87e1-e9cd5eed63c3	2	184452153	184455332	4	1.6583
f0b5b924-b61c-4e74-87e1-e9cd5eed63c3	2	184460792	207490994	13152	0.0065
f0b5b924-b61c-4e74-87e1-e9cd5eed63c3	2	207491028	207494612	11	-0.9785
f0b5b924-b61c-4e74-87e1-e9cd5eed63c3	2	207494752	242147305	21917	0.0044
f0b5b924-b61c-4e74-87e1-e9cd5eed63c3	3	20930	8780118	7626	-0.0144
f0b5b924-b61c-4e74-87e1-e9cd5eed63c3	3	8783681	8816515	27	0.6692
f0b5b924-b61c-4e74-87e1-e9cd5eed63c3	3	8825123	29390802	14070	-0.0027
f0b5b924-b61c-4e74-87e1-e9cd5eed63c3	3	29391114	29397082	8	-1.1884
f0b5b924-b61c-4e74-87e1-e9cd5eed63c3	3	29397969	52989195	13682	-0.0003
f0b5b924-b61c-4e74-87e1-e9cd5eed63c3	3	52994359	53005439	41	-1.6685
f0b5b924-b61c-4e74-87e1-e9cd5eed63c3	3	53005473	65196604	9478	0.0035
f0b5b924-b61c-4e74-87e1-e9cd5eed63c3	3	65200174	65214192	34	-0.6906
f0b5b924-b61c-4e74-87e1-e9cd5eed63c3	3	65214194	65221269	11	0.1883
f0b5b924-b61c-4e74-87e1-e9cd5eed63c3	3	65221656	65224302	5	-1.3696
f0b5b924-b61c-4e74-87e1-e9cd5eed63c3	3	65224479	65231087	11	-0.3596
f0b5b924-b61c-4e74-87e1-e9cd5eed63c3	3	65231155	75372019	7247	0.0009
f0b5b924-b61c-4e74-87e1-e9cd5eed63c3	3	75377956	75590356	74	-0.655
f0b5b924-b61c-4e74-87e1-e9cd5eed63c3	3	75596233	143566923	37817	-0.0017
f0b5b924-b61c-4e74-87e1-e9cd5eed63c3	3	143566958	143567132	4	1.6394
f0b5b924-b61c-4e74-87e1-e9cd5eed63c3	3	143567959	162795671	11803	0.0047
f0b5b924-b61c-4e74-87e1-e9cd5eed63c3	3	162796839	162857273	33	-0.5551
f0b5b924-b61c-4e74-87e1-e9cd5eed63c3	3	162860892	162996729	104	-0.1129
f0b5b924-b61c-4e74-87e1-e9cd5eed63c3	3	162999939	163001774	2	-2.7149
f0b5b924-b61c-4e74-87e1-e9cd5eed63c3	3	163008371	187877506	15149	-0.0046
f0b5b924-b61c-4e74-87e1-e9cd5eed63c3	3	187877590	187877925	2	1.9308
f0b5b924-b61c-4e74-87e1-e9cd5eed63c3	3	187877952	189642489	1306	-0.0143
f0b5b924-b61c-4e74-87e1-e9cd5eed63c3	3	189642965	189646849	12	-0.9649
f0b5b924-b61c-4e74-87e1-e9cd5eed63c3	3	189653199	193160256	2470	-0.0022
f0b5b924-b61c-4e74-87e1-e9cd5eed63c3	3	193160406	193165114	17	-1.0227
f0b5b924-b61c-4e74-87e1-e9cd5eed63c3	3	193168646	198169247	2679	-0.0176
f0b5b924-b61c-4e74-87e1-e9cd5eed63c3	4	68929	4117959	1616	-0.0314
f0b5b924-b61c-4e74-87e1-e9cd5eed63c3	4	4121101	4165406	12	-0.7428
f0b5b924-b61c-4e74-87e1-e9cd5eed63c3	4	4169608	10208766	4036	-0.0044
f0b5b924-b61c-4e74-87e1-e9cd5eed63c3	4	10221792	10229874	28	-1.7826
f0b5b924-b61c-4e74-87e1-e9cd5eed63c3	4	10232590	10389091	175	-0.0084
f0b5b924-b61c-4e74-87e1-e9cd5eed63c3	4	10390730	10398532	14	0.6886
f0b5b924-b61c-4e74-87e1-e9cd5eed63c3	4	10398887	68378716	35970	-0.0008
f0b5b924-b61c-4e74-87e1-e9cd5eed63c3	4	68389352	68395346	4	1.451
f0b5b924-b61c-4e74-87e1-e9cd5eed63c3	4	68416487	68478894	14	0.1029
f0b5b924-b61c-4e74-87e1-e9cd5eed63c3	4	68494770	68639397	69	-1.2513
f0b5b924-b61c-4e74-87e1-e9cd5eed63c3	4	68640616	103823578	21200	-0.0052
f0b5b924-b61c-4e74-87e1-e9cd5eed63c3	4	103823914	103830480	8	1.2362
f0b5b924-b61c-4e74-87e1-e9cd5eed63c3	4	103830487	188300104	51850	-0.0033
f0b5b924-b61c-4e74-87e1-e9cd5eed63c3	4	188300206	188301659	5	-1.4034
f0b5b924-b61c-4e74-87e1-e9cd5eed63c3	4	188301899	189273964	785	-0.0113
f0b5b924-b61c-4e74-87e1-e9cd5eed63c3	4	189274468	189274508	2	-2.5168
f0b5b924-b61c-4e74-87e1-e9cd5eed63c3	4	189278110	190106768	350	-0.0368
f0b5b924-b61c-4e74-87e1-e9cd5eed63c3	5	15532	698390	308	-0.0504
f0b5b924-b61c-4e74-87e1-e9cd5eed63c3	5	717264	779766	25	1.2959
f0b5b924-b61c-4e74-87e1-e9cd5eed63c3	5	800724	12785150	9777	-0.0065
f0b5b924-b61c-4e74-87e1-e9cd5eed63c3	5	12790757	12838421	18	0.793
f0b5b924-b61c-4e74-87e1-e9cd5eed63c3	5	12849089	15716018	1960	-0.0033
f0b5b924-b61c-4e74-87e1-e9cd5eed63c3	5	15718383	15720488	12	-0.8886
f0b5b924-b61c-4e74-87e1-e9cd5eed63c3	5	15723237	21376735	3445	-0.0025
f0b5b924-b61c-4e74-87e1-e9cd5eed63c3	5	21377730	21377744	2	-2.0429
f0b5b924-b61c-4e74-87e1-e9cd5eed63c3	5	21385957	21449167	44	0.0177
f0b5b924-b61c-4e74-87e1-e9cd5eed63c3	5	21451091	21451889	4	1.7293
f0b5b924-b61c-4e74-87e1-e9cd5eed63c3	5	21452329	46271006	14850	-0.0045
f0b5b924-b61c-4e74-87e1-e9cd5eed63c3	5	46271828	46273400	6	-1.6883
f0b5b924-b61c-4e74-87e1-e9cd5eed63c3	5	46278110	76154195	15418	-0.0033
f0b5b924-b61c-4e74-87e1-e9cd5eed63c3	5	76154242	76154319	3	1.7838
f0b5b924-b61c-4e74-87e1-e9cd5eed63c3	5	76154351	104513752	16229	-0.005
f0b5b924-b61c-4e74-87e1-e9cd5eed63c3	5	104513999	104524903	6	1.1935
f0b5b924-b61c-4e74-87e1-e9cd5eed63c3	5	104525348	181363319	49813	-0.0016
f0b5b924-b61c-4e74-87e1-e9cd5eed63c3	6	149661	294837	124	-0.115
f0b5b924-b61c-4e74-87e1-e9cd5eed63c3	6	302306	381149	75	-0.6338
f0b5b924-b61c-4e74-87e1-e9cd5eed63c3	6	382559	29876595	21293	-0.0026
f0b5b924-b61c-4e74-87e1-e9cd5eed63c3	6	29881111	29906865	11	1.0303
f0b5b924-b61c-4e74-87e1-e9cd5eed63c3	6	29906932	32463515	1144	0.0038
f0b5b924-b61c-4e74-87e1-e9cd5eed63c3	6	32463775	32602588	33	0.9746
f0b5b924-b61c-4e74-87e1-e9cd5eed63c3	6	32605994	73882142	23938	-0.0015
f0b5b924-b61c-4e74-87e1-e9cd5eed63c3	6	73882509	73891694	10	0.9857
f0b5b924-b61c-4e74-87e1-e9cd5eed63c3	6	73893839	78253172	2749	-0.0071
f0b5b924-b61c-4e74-87e1-e9cd5eed63c3	6	78259348	78325468	110	-0.4881
f0b5b924-b61c-4e74-87e1-e9cd5eed63c3	6	78329517	128501846	30558	-0.004
f0b5b924-b61c-4e74-87e1-e9cd5eed63c3	6	128503648	128508254	8	-1.1526
f0b5b924-b61c-4e74-87e1-e9cd5eed63c3	6	128509158	156183888	18579	0.0001
f0b5b924-b61c-4e74-87e1-e9cd5eed63c3	6	156184463	156200684	23	-0.5036
f0b5b924-b61c-4e74-87e1-e9cd5eed63c3	6	156205844	170741917	9997	-0.0144
f0b5b924-b61c-4e74-87e1-e9cd5eed63c3	7	43355	22395161	15923	-0.0034
f0b5b924-b61c-4e74-87e1-e9cd5eed63c3	7	22395853	22396868	2	-2.1234
f0b5b924-b61c-4e74-87e1-e9cd5eed63c3	7	22399135	38263519	11245	0.0022
f0b5b924-b61c-4e74-87e1-e9cd5eed63c3	7	38263543	38317124	85	-0.5278
f0b5b924-b61c-4e74-87e1-e9cd5eed63c3	7	38317144	39037797	562	0
f0b5b924-b61c-4e74-87e1-e9cd5eed63c3	7	39037805	39039873	2	-2.5297
f0b5b924-b61c-4e74-87e1-e9cd5eed63c3	7	39040000	54305455	10376	-0.001
f0b5b924-b61c-4e74-87e1-e9cd5eed63c3	7	54318812	54318824	6	-2.1718
f0b5b924-b61c-4e74-87e1-e9cd5eed63c3	7	54325795	91728135	17926	-0.0033
f0b5b924-b61c-4e74-87e1-e9cd5eed63c3	7	91728539	91729225	5	1.6168
f0b5b924-b61c-4e74-87e1-e9cd5eed63c3	7	91729456	126405597	20285	-0.0046
f0b5b924-b61c-4e74-87e1-e9cd5eed63c3	7	126405632	126406546	8	-1.1364
f0b5b924-b61c-4e74-87e1-e9cd5eed63c3	7	126406561	142475569	10196	0.0001
f0b5b924-b61c-4e74-87e1-e9cd5eed63c3	7	142476060	142785841	137	-0.3027
f0b5b924-b61c-4e74-87e1-e9cd5eed63c3	7	142801993	144199159	753	-0.0226
f0b5b924-b61c-4e74-87e1-e9cd5eed63c3	7	144207186	144312471	11	1.1861
f0b5b924-b61c-4e74-87e1-e9cd5eed63c3	7	144326306	159334314	9583	-0.0085
f0b5b924-b61c-4e74-87e1-e9cd5eed63c3	8	81254	4145783	3669	-0.0119
f0b5b924-b61c-4e74-87e1-e9cd5eed63c3	8	4145941	4145956	2	-2.7254
f0b5b924-b61c-4e74-87e1-e9cd5eed63c3	8	4146039	5741716	2282	0.0076
f0b5b924-b61c-4e74-87e1-e9cd5eed63c3	8	5741828	5743796	3	1.7084
f0b5b924-b61c-4e74-87e1-e9cd5eed63c3	8	5743816	7534105	1737	-0.017
f0b5b924-b61c-4e74-87e1-e9cd5eed63c3	8	7537162	8104937	24	-0.5999
f0b5b924-b61c-4e74-87e1-e9cd5eed63c3	8	8110806	8214781	9	0.5955
f0b5b924-b61c-4e74-87e1-e9cd5eed63c3	8	8234503	8528681	287	-0.0564
f0b5b924-b61c-4e74-87e1-e9cd5eed63c3	8	8528847	8528932	2	-2.6209
f0b5b924-b61c-4e74-87e1-e9cd5eed63c3	8	8530797	12176798	2910	-0.0113
f0b5b924-b61c-4e74-87e1-e9cd5eed63c3	8	12177488	12383996	17	-1.4667
f0b5b924-b61c-4e74-87e1-e9cd5eed63c3	8	12385006	12385031	6	-0.0802
f0b5b924-b61c-4e74-87e1-e9cd5eed63c3	8	12387683	12418301	8	-2.3277
f0b5b924-b61c-4e74-87e1-e9cd5eed63c3	8	12419769	18407644	5279	-0.0057
f0b5b924-b61c-4e74-87e1-e9cd5eed63c3	8	18408647	18413675	4	-1.9565
f0b5b924-b61c-4e74-87e1-e9cd5eed63c3	8	18413877	25117062	5039	-0.0088
f0b5b924-b61c-4e74-87e1-e9cd5eed63c3	8	25117985	25133589	24	-0.6254
f0b5b924-b61c-4e74-87e1-e9cd5eed63c3	8	25133612	39389156	8944	-0.0039
f0b5b924-b61c-4e74-87e1-e9cd5eed63c3	8	39389592	39529446	56	-1.7767
f0b5b924-b61c-4e74-87e1-e9cd5eed63c3	8	39530780	111279265	41670	0.0009
f0b5b924-b61c-4e74-87e1-e9cd5eed63c3	8	111282050	111283031	10	1.6656
f0b5b924-b61c-4e74-87e1-e9cd5eed63c3	8	111288052	145072769	22742	-0.0047
f0b5b924-b61c-4e74-87e1-e9cd5eed63c3	9	46587	23361807	20217	0.0105
f0b5b924-b61c-4e74-87e1-e9cd5eed63c3	9	23363117	23373486	8	1.1591
f0b5b924-b61c-4e74-87e1-e9cd5eed63c3	9	23378490	24500842	791	0.0204
f0b5b924-b61c-4e74-87e1-e9cd5eed63c3	9	24503818	24517684	20	-0.9526
f0b5b924-b61c-4e74-87e1-e9cd5eed63c3	9	24519686	28309880	2927	0.0022
f0b5b924-b61c-4e74-87e1-e9cd5eed63c3	9	28310572	28312063	3	1.7541
f0b5b924-b61c-4e74-87e1-e9cd5eed63c3	9	28316541	42308537	7048	0.0014
f0b5b924-b61c-4e74-87e1-e9cd5eed63c3	9	42501791	42546668	3	-1.8849
f0b5b924-b61c-4e74-87e1-e9cd5eed63c3	9	42566207	61374282	55	0.1229
f0b5b924-b61c-4e74-87e1-e9cd5eed63c3	9	61378951	61668104	34	0.7516
f0b5b924-b61c-4e74-87e1-e9cd5eed63c3	9	61680289	138200944	47711	0.0026
f0b5b924-b61c-4e74-87e1-e9cd5eed63c3	10	45792	27298602	21206	-0.0069
f0b5b924-b61c-4e74-87e1-e9cd5eed63c3	10	27304498	27413580	86	-1.025
f0b5b924-b61c-4e74-87e1-e9cd5eed63c3	10	27417672	55430389	15767	-0.0039
f0b5b924-b61c-4e74-87e1-e9cd5eed63c3	10	55436844	55485675	35	-0.904
f0b5b924-b61c-4e74-87e1-e9cd5eed63c3	10	55490369	56970897	1045	0.0073
f0b5b924-b61c-4e74-87e1-e9cd5eed63c3	10	56972595	56994862	19	0.6404
f0b5b924-b61c-4e74-87e1-e9cd5eed63c3	10	56995189	81121574	15960	-0.0028
f0b5b924-b61c-4e74-87e1-e9cd5eed63c3	10	81122049	81130027	9	-1.3697
f0b5b924-b61c-4e74-87e1-e9cd5eed63c3	10	81134713	133654968	35814	0.0016
f0b5b924-b61c-4e74-87e1-e9cd5eed63c3	11	198510	4949013	2402	-0.0022
f0b5b924-b61c-4e74-87e1-e9cd5eed63c3	11	4949047	4955042	28	-1.4002
f0b5b924-b61c-4e74-87e1-e9cd5eed63c3	11	4955781	55619309	31770	0.002
f0b5b924-b61c-4e74-87e1-e9cd5eed63c3	11	55625832	55674842	26	-0.5472
f0b5b924-b61c-4e74-87e1-e9cd5eed63c3	11	55676735	107778084	32419	0.0022
f0b5b924-b61c-4e74-87e1-e9cd5eed63c3	11	107783017	107800875	16	1.0631
f0b5b924-b61c-4e74-87e1-e9cd5eed63c3	11	107801319	135074876	19441	0.0081
f0b5b924-b61c-4e74-87e1-e9cd5eed63c3	12	51460	760097	418	0.0349
f0b5b924-b61c-4e74-87e1-e9cd5eed63c3	12	760112	764863	14	-0.9846
f0b5b924-b61c-4e74-87e1-e9cd5eed63c3	12	766188	11358643	6889	-0.0042
f0b5b924-b61c-4e74-87e1-e9cd5eed63c3	12	11358644	11390472	30	-0.7613
f0b5b924-b61c-4e74-87e1-e9cd5eed63c3	12	11399258	30081111	12980	0.0042
f0b5b924-b61c-4e74-87e1-e9cd5eed63c3	12	30082346	30090756	27	-0.5419
f0b5b924-b61c-4e74-87e1-e9cd5eed63c3	12	30090789	33141688	2234	-0.018
f0b5b924-b61c-4e74-87e1-e9cd5eed63c3	12	33141710	33154440	29	-0.5307
f0b5b924-b61c-4e74-87e1-e9cd5eed63c3	12	33155426	133201603	61538	-0.0004
f0b5b924-b61c-4e74-87e1-e9cd5eed63c3	13	18452809	57176962	25779	-0.0017
f0b5b924-b61c-4e74-87e1-e9cd5eed63c3	13	57184136	57204246	34	-1.4521
f0b5b924-b61c-4e74-87e1-e9cd5eed63c3	13	57215580	114342922	37722	-0.0015
f0b5b924-b61c-4e74-87e1-e9cd5eed63c3	14	18239283	22059302	1607	-0.0159
f0b5b924-b61c-4e74-87e1-e9cd5eed63c3	14	22064087	22490482	360	-0.4101
f0b5b924-b61c-4e74-87e1-e9cd5eed63c3	14	22490565	41141293	11648	0.0089
f0b5b924-b61c-4e74-87e1-e9cd5eed63c3	14	41141487	41168226	9	-1.5595
f0b5b924-b61c-4e74-87e1-e9cd5eed63c3	14	41168612	41184774	2	-7.4436
f0b5b924-b61c-4e74-87e1-e9cd5eed63c3	14	41188046	73534419	20295	-0.0001
f0b5b924-b61c-4e74-87e1-e9cd5eed63c3	14	73540003	73554275	8	-2.1345
f0b5b924-b61c-4e74-87e1-e9cd5eed63c3	14	73563196	106290131	20703	-0.0004
f0b5b924-b61c-4e74-87e1-e9cd5eed63c3	14	106290365	106297273	7	1.148
f0b5b924-b61c-4e74-87e1-e9cd5eed63c3	14	106297409	106877229	294	-0.03
f0b5b924-b61c-4e74-87e1-e9cd5eed63c3	15	19811075	20001686	45	-0.0864
f0b5b924-b61c-4e74-87e1-e9cd5eed63c3	15	20011702	20056983	5	-1.4179
f0b5b924-b61c-4e74-87e1-e9cd5eed63c3	15	20059033	21417107	125	0.1078
f0b5b924-b61c-4e74-87e1-e9cd5eed63c3	15	21975606	22296480	29	0.9666
f0b5b924-b61c-4e74-87e1-e9cd5eed63c3	15	22299009	26693192	2623	0.0061
f0b5b924-b61c-4e74-87e1-e9cd5eed63c3	15	26693341	26693475	3	-1.7264
f0b5b924-b61c-4e74-87e1-e9cd5eed63c3	15	26695318	30300815	1990	0.0129
f0b5b924-b61c-4e74-87e1-e9cd5eed63c3	15	30304026	30656433	23	0.5199
f0b5b924-b61c-4e74-87e1-e9cd5eed63c3	15	30658326	76599170	28797	0.0071
f0b5b924-b61c-4e74-87e1-e9cd5eed63c3	15	76599286	76603434	20	-1.7693
f0b5b924-b61c-4e74-87e1-e9cd5eed63c3	15	76609838	101928837	17469	0.0019
f0b5b924-b61c-4e74-87e1-e9cd5eed63c3	16	10777	6057173	3174	-0.0096
f0b5b924-b61c-4e74-87e1-e9cd5eed63c3	16	6057420	6058982	3	1.9065
f0b5b924-b61c-4e74-87e1-e9cd5eed63c3	16	6059220	16491407	8486	0.0093
f0b5b924-b61c-4e74-87e1-e9cd5eed63c3	16	16498856	16653072	25	0.6544
f0b5b924-b61c-4e74-87e1-e9cd5eed63c3	16	16666829	18144432	971	-0.0197
f0b5b924-b61c-4e74-87e1-e9cd5eed63c3	16	18148869	18756796	34	0.4995
f0b5b924-b61c-4e74-87e1-e9cd5eed63c3	16	18759524	19933041	665	-0.025
f0b5b924-b61c-4e74-87e1-e9cd5eed63c3	16	19934328	19954553	28	-0.7378
f0b5b924-b61c-4e74-87e1-e9cd5eed63c3	16	19956040	25799578	3410	0.0007
f0b5b924-b61c-4e74-87e1-e9cd5eed63c3	16	25804344	25811342	4	-1.4011
f0b5b924-b61c-4e74-87e1-e9cd5eed63c3	16	25812060	74316871	20937	0.0082
f0b5b924-b61c-4e74-87e1-e9cd5eed63c3	16	74321215	74346075	10	-1.0559
f0b5b924-b61c-4e74-87e1-e9cd5eed63c3	16	74350360	90096867	13733	-0.0001
f0b5b924-b61c-4e74-87e1-e9cd5eed63c3	17	150733	46136800	23216	-0.0037
f0b5b924-b61c-4e74-87e1-e9cd5eed63c3	17	46137998	46664059	94	-0.5252
f0b5b924-b61c-4e74-87e1-e9cd5eed63c3	17	46687628	83091923	21425	0.0004
f0b5b924-b61c-4e74-87e1-e9cd5eed63c3	18	48133	53677765	31453	0.0059
f0b5b924-b61c-4e74-87e1-e9cd5eed63c3	18	53680839	53684270	5	-1.3901
f0b5b924-b61c-4e74-87e1-e9cd5eed63c3	18	53685778	80257174	18840	0.0041
f0b5b924-b61c-4e74-87e1-e9cd5eed63c3	19	90910	12581187	5021	0.0019
f0b5b924-b61c-4e74-87e1-e9cd5eed63c3	19	12586552	12587288	2	2.1566
f0b5b924-b61c-4e74-87e1-e9cd5eed63c3	19	12589709	40846832	14386	-0.0071
f0b5b924-b61c-4e74-87e1-e9cd5eed63c3	19	40854267	40870114	20	-0.758
f0b5b924-b61c-4e74-87e1-e9cd5eed63c3	19	40886250	51628560	5220	0.0064
f0b5b924-b61c-4e74-87e1-e9cd5eed63c3	19	51639099	51644944	11	-1.2092
f0b5b924-b61c-4e74-87e1-e9cd5eed63c3	19	51651652	53425511	1238	-0.0252
f0b5b924-b61c-4e74-87e1-e9cd5eed63c3	19	53427064	53511924	65	-1.0675
f0b5b924-b61c-4e74-87e1-e9cd5eed63c3	19	53513852	56195145	1496	-0.0194
f0b5b924-b61c-4e74-87e1-e9cd5eed63c3	19	56197896	56225003	19	0.561
f0b5b924-b61c-4e74-87e1-e9cd5eed63c3	19	56226034	58586487	1492	0.0011
f0b5b924-b61c-4e74-87e1-e9cd5eed63c3	20	80664	1580141	1188	0.0119
f0b5b924-b61c-4e74-87e1-e9cd5eed63c3	20	1580156	1617460	47	1.4239
f0b5b924-b61c-4e74-87e1-e9cd5eed63c3	20	1617690	60990189	39065	0.005
f0b5b924-b61c-4e74-87e1-e9cd5eed63c3	20	60993969	61009348	37	0.594
f0b5b924-b61c-4e74-87e1-e9cd5eed63c3	20	61011507	64324800	1751	-0.0118
f0b5b924-b61c-4e74-87e1-e9cd5eed63c3	21	10354168	18061176	3051	-0.0005
f0b5b924-b61c-4e74-87e1-e9cd5eed63c3	21	18061188	18065035	2	-2.1281
f0b5b924-b61c-4e74-87e1-e9cd5eed63c3	21	18065834	46677045	20623	-0.0046
f0b5b924-b61c-4e74-87e1-e9cd5eed63c3	22	15294547	23360685	4004	-0.0434
f0b5b924-b61c-4e74-87e1-e9cd5eed63c3	22	23362282	23929558	356	0.0114
f0b5b924-b61c-4e74-87e1-e9cd5eed63c3	22	23940911	23990739	18	0.602
f0b5b924-b61c-4e74-87e1-e9cd5eed63c3	22	23995113	40397256	11495	0.0039
f0b5b924-b61c-4e74-87e1-e9cd5eed63c3	22	40398586	40398816	2	-2.0366
f0b5b924-b61c-4e74-87e1-e9cd5eed63c3	22	40401668	49256216	6438	0.0019
f0b5b924-b61c-4e74-87e1-e9cd5eed63c3	22	49257566	50796027	849	-0.0613
f0b5b924-b61c-4e74-87e1-e9cd5eed63c3	X	251810	155952689	82964	0.0014
f0b5b924-b61c-4e74-87e1-e9cd5eed63c3	Y	2782397	6233384	782	-2.342
f0b5b924-b61c-4e74-87e1-e9cd5eed63c3	Y	6249869	9327138	1438	-2.7755
f0b5b924-b61c-4e74-87e1-e9cd5eed63c3	Y	9329696	9550385	23	-4.5706
f0b5b924-b61c-4e74-87e1-e9cd5eed63c3	Y	9550653	13478396	1016	-2.6696
f0b5b924-b61c-4e74-87e1-e9cd5eed63c3	Y	13478462	13482643	3	-7.4685
f0b5b924-b61c-4e74-87e1-e9cd5eed63c3	Y	13483009	25169825	3192	-2.6715
f0b5b924-b61c-4e74-87e1-e9cd5eed63c3	Y	25472063	56872112	178	-2.3812
