GDC_Aliquot	Chromosome	Start	End	Num_Probes	Segment_Mean
c45a32aa-07e5-43d9-84f0-4e0aac523f92	1	62920	85998	9	-0.1291
c45a32aa-07e5-43d9-84f0-4e0aac523f92	1	86324	1055137	69	-0.5218
c45a32aa-07e5-43d9-84f0-4e0aac523f92	1	1055459	16643961	8533	-0.6803
c45a32aa-07e5-43d9-84f0-4e0aac523f92	1	16679239	16949746	82	-0.2822
c45a32aa-07e5-43d9-84f0-4e0aac523f92	1	16951445	24204474	4528	-0.6651
c45a32aa-07e5-43d9-84f0-4e0aac523f92	1	24204664	24205144	2	-3.0729
c45a32aa-07e5-43d9-84f0-4e0aac523f92	1	24205654	25256850	675	-0.6887
c45a32aa-07e5-43d9-84f0-4e0aac523f92	1	25266637	25301974	18	0.2381
c45a32aa-07e5-43d9-84f0-4e0aac523f92	1	25318693	46686848	11559	-0.6515
c45a32aa-07e5-43d9-84f0-4e0aac523f92	1	46687875	72284670	16986	-0.6168
c45a32aa-07e5-43d9-84f0-4e0aac523f92	1	72290430	72297687	9	-2.8619
c45a32aa-07e5-43d9-84f0-4e0aac523f92	1	72302735	72345465	48	0.5943
c45a32aa-07e5-43d9-84f0-4e0aac523f92	1	72346221	103560608	19915	-0.6009
c45a32aa-07e5-43d9-84f0-4e0aac523f92	1	103566616	103616762	27	0.1881
c45a32aa-07e5-43d9-84f0-4e0aac523f92	1	103620877	105470754	920	-0.5807
c45a32aa-07e5-43d9-84f0-4e0aac523f92	1	105476583	105479753	17	-2.0848
c45a32aa-07e5-43d9-84f0-4e0aac523f92	1	105481433	112147704	4575	-0.6176
c45a32aa-07e5-43d9-84f0-4e0aac523f92	1	112153343	112154390	18	-1.4467
c45a32aa-07e5-43d9-84f0-4e0aac523f92	1	112154552	121558757	5125	-0.6287
c45a32aa-07e5-43d9-84f0-4e0aac523f92	1	121561051	121581632	8	0.3591
c45a32aa-07e5-43d9-84f0-4e0aac523f92	1	121593055	143754062	119	0.8363
c45a32aa-07e5-43d9-84f0-4e0aac523f92	1	143754077	152583230	2328	0.1983
c45a32aa-07e5-43d9-84f0-4e0aac523f92	1	152583291	152618018	35	0.5835
c45a32aa-07e5-43d9-84f0-4e0aac523f92	1	152618089	152789447	164	0.2591
c45a32aa-07e5-43d9-84f0-4e0aac523f92	1	152789463	152806082	41	-0.2174
c45a32aa-07e5-43d9-84f0-4e0aac523f92	1	152806100	186170819	22432	0.2339
c45a32aa-07e5-43d9-84f0-4e0aac523f92	1	186172704	189053842	1836	0.2759
c45a32aa-07e5-43d9-84f0-4e0aac523f92	1	189058092	189059858	3	-1.1199
c45a32aa-07e5-43d9-84f0-4e0aac523f92	1	189061197	196745743	5148	0.2694
c45a32aa-07e5-43d9-84f0-4e0aac523f92	1	196758720	196854187	63	0.5608
c45a32aa-07e5-43d9-84f0-4e0aac523f92	1	196854483	200367818	2260	0.2602
c45a32aa-07e5-43d9-84f0-4e0aac523f92	1	200372369	248930189	33505	0.2354
c45a32aa-07e5-43d9-84f0-4e0aac523f92	2	12784	206704	117	-0.1848
c45a32aa-07e5-43d9-84f0-4e0aac523f92	2	206851	210076	2	-1.9745
c45a32aa-07e5-43d9-84f0-4e0aac523f92	2	210225	4158097	2867	-0.1259
c45a32aa-07e5-43d9-84f0-4e0aac523f92	2	4166274	4175577	36	-0.7941
c45a32aa-07e5-43d9-84f0-4e0aac523f92	2	4175922	14563508	7997	-0.1047
c45a32aa-07e5-43d9-84f0-4e0aac523f92	2	14563570	14569897	12	-0.7222
c45a32aa-07e5-43d9-84f0-4e0aac523f92	2	14569968	17805901	2335	-0.1058
c45a32aa-07e5-43d9-84f0-4e0aac523f92	2	17807374	17808199	3	-1.8797
c45a32aa-07e5-43d9-84f0-4e0aac523f92	2	17808233	25026505	4877	-0.1074
c45a32aa-07e5-43d9-84f0-4e0aac523f92	2	25029373	25036651	11	-0.8209
c45a32aa-07e5-43d9-84f0-4e0aac523f92	2	25039691	34466002	5785	-0.1235
c45a32aa-07e5-43d9-84f0-4e0aac523f92	2	34474248	34511990	46	-0.7205
c45a32aa-07e5-43d9-84f0-4e0aac523f92	2	34512096	35608576	747	-0.0809
c45a32aa-07e5-43d9-84f0-4e0aac523f92	2	35608848	35611220	5	-1.0581
c45a32aa-07e5-43d9-84f0-4e0aac523f92	2	35611848	35750907	118	-0.0912
c45a32aa-07e5-43d9-84f0-4e0aac523f92	2	35752724	35762850	6	-1.7369
c45a32aa-07e5-43d9-84f0-4e0aac523f92	2	35762881	50862471	10984	-0.1125
c45a32aa-07e5-43d9-84f0-4e0aac523f92	2	50862514	50862577	2	-2.0171
c45a32aa-07e5-43d9-84f0-4e0aac523f92	2	50871793	52527330	1127	-0.1044
c45a32aa-07e5-43d9-84f0-4e0aac523f92	2	52527342	52554404	39	-2.2372
c45a32aa-07e5-43d9-84f0-4e0aac523f92	2	52560811	122714543	38871	-0.1113
c45a32aa-07e5-43d9-84f0-4e0aac523f92	2	122714603	122724665	12	-1.0392
c45a32aa-07e5-43d9-84f0-4e0aac523f92	2	122726077	146107526	14311	-0.1038
c45a32aa-07e5-43d9-84f0-4e0aac523f92	2	146107615	146120238	18	0.7654
c45a32aa-07e5-43d9-84f0-4e0aac523f92	2	146120827	159102108	7775	-0.0961
c45a32aa-07e5-43d9-84f0-4e0aac523f92	2	159103831	159104461	2	-2.1494
c45a32aa-07e5-43d9-84f0-4e0aac523f92	2	159106775	207090434	28857	-0.0958
c45a32aa-07e5-43d9-84f0-4e0aac523f92	2	207092513	207092627	2	-2.2242
c45a32aa-07e5-43d9-84f0-4e0aac523f92	2	207092671	229893761	14844	-0.1003
c45a32aa-07e5-43d9-84f0-4e0aac523f92	2	229894747	242147305	7490	-0.137
c45a32aa-07e5-43d9-84f0-4e0aac523f92	3	20930	9157929	8069	0.2016
c45a32aa-07e5-43d9-84f0-4e0aac523f92	3	9158074	17205471	5532	0.1553
c45a32aa-07e5-43d9-84f0-4e0aac523f92	3	17208111	46907939	19638	0.1857
c45a32aa-07e5-43d9-84f0-4e0aac523f92	3	46910770	53662677	2900	0.1311
c45a32aa-07e5-43d9-84f0-4e0aac523f92	3	53666523	68697013	11605	0.189
c45a32aa-07e5-43d9-84f0-4e0aac523f92	3	68697108	68698262	14	0.8406
c45a32aa-07e5-43d9-84f0-4e0aac523f92	3	68699607	75519398	4925	0.1828
c45a32aa-07e5-43d9-84f0-4e0aac523f92	3	75523398	75537654	6	1.0206
c45a32aa-07e5-43d9-84f0-4e0aac523f92	3	75546030	82059630	3674	0.2079
c45a32aa-07e5-43d9-84f0-4e0aac523f92	3	82062201	82064038	3	-1.8976
c45a32aa-07e5-43d9-84f0-4e0aac523f92	3	82064741	84650533	1303	0.2052
c45a32aa-07e5-43d9-84f0-4e0aac523f92	3	84650607	84653312	17	-0.4268
c45a32aa-07e5-43d9-84f0-4e0aac523f92	3	84653449	84972057	217	0.2143
c45a32aa-07e5-43d9-84f0-4e0aac523f92	3	84974434	84974500	2	-1.2754
c45a32aa-07e5-43d9-84f0-4e0aac523f92	3	84976839	98180575	5163	0.1984
c45a32aa-07e5-43d9-84f0-4e0aac523f92	3	98189826	98194581	3	-1.3792
c45a32aa-07e5-43d9-84f0-4e0aac523f92	3	98195973	98974094	433	0.1547
c45a32aa-07e5-43d9-84f0-4e0aac523f92	3	98980287	119391159	12645	0.1961
c45a32aa-07e5-43d9-84f0-4e0aac523f92	3	119391313	130062033	6240	0.16
c45a32aa-07e5-43d9-84f0-4e0aac523f92	3	130067097	130088155	35	-0.3642
c45a32aa-07e5-43d9-84f0-4e0aac523f92	3	130089433	132270503	1432	0.1967
c45a32aa-07e5-43d9-84f0-4e0aac523f92	3	132273893	132276840	4	-1.9174
c45a32aa-07e5-43d9-84f0-4e0aac523f92	3	132281633	162795304	18804	0.1823
c45a32aa-07e5-43d9-84f0-4e0aac523f92	3	162795361	162908815	69	0.5937
c45a32aa-07e5-43d9-84f0-4e0aac523f92	3	162910826	176905480	8619	0.1953
c45a32aa-07e5-43d9-84f0-4e0aac523f92	3	176908074	189360695	7799	0.1634
c45a32aa-07e5-43d9-84f0-4e0aac523f92	3	189366721	193155761	2723	0.1973
c45a32aa-07e5-43d9-84f0-4e0aac523f92	3	193155873	193168714	26	-0.348
c45a32aa-07e5-43d9-84f0-4e0aac523f92	3	193168734	195559056	1477	0.1763
c45a32aa-07e5-43d9-84f0-4e0aac523f92	3	195656271	195747892	44	-0.4054
c45a32aa-07e5-43d9-84f0-4e0aac523f92	3	195751823	198169247	1165	0.1277
c45a32aa-07e5-43d9-84f0-4e0aac523f92	4	68929	2946729	1100	-0.1788
c45a32aa-07e5-43d9-84f0-4e0aac523f92	4	2947312	2948990	3	0.3172
c45a32aa-07e5-43d9-84f0-4e0aac523f92	4	2949172	2970453	11	-0.0389
c45a32aa-07e5-43d9-84f0-4e0aac523f92	4	2978030	3017327	25	0.2989
c45a32aa-07e5-43d9-84f0-4e0aac523f92	4	3022996	3467927	253	-0.1952
c45a32aa-07e5-43d9-84f0-4e0aac523f92	4	3470435	3470595	2	-1.8437
c45a32aa-07e5-43d9-84f0-4e0aac523f92	4	3470639	4121101	231	-0.1289
c45a32aa-07e5-43d9-84f0-4e0aac523f92	4	4133219	4133273	2	1.4575
c45a32aa-07e5-43d9-84f0-4e0aac523f92	4	4133604	9447575	3517	-0.1432
c45a32aa-07e5-43d9-84f0-4e0aac523f92	4	9449621	9477699	9	0.909
c45a32aa-07e5-43d9-84f0-4e0aac523f92	4	9484440	63828222	34098	-0.1138
c45a32aa-07e5-43d9-84f0-4e0aac523f92	4	63831751	63842540	28	0.4859
c45a32aa-07e5-43d9-84f0-4e0aac523f92	4	63850713	64143961	135	-0.0969
c45a32aa-07e5-43d9-84f0-4e0aac523f92	4	64145426	64232493	31	-0.594
c45a32aa-07e5-43d9-84f0-4e0aac523f92	4	64241095	66370263	1470	-0.0796
c45a32aa-07e5-43d9-84f0-4e0aac523f92	4	66371123	66371413	2	-1.9804
c45a32aa-07e5-43d9-84f0-4e0aac523f92	4	66371451	68354665	1205	-0.1043
c45a32aa-07e5-43d9-84f0-4e0aac523f92	4	68361130	68391041	4	1.281
c45a32aa-07e5-43d9-84f0-4e0aac523f92	4	68394355	68478894	17	-0.092
c45a32aa-07e5-43d9-84f0-4e0aac523f92	4	68494770	68623617	68	-1.5052
c45a32aa-07e5-43d9-84f0-4e0aac523f92	4	68639397	105143554	22089	-0.1101
c45a32aa-07e5-43d9-84f0-4e0aac523f92	4	105143597	105609646	308	-0.0485
c45a32aa-07e5-43d9-84f0-4e0aac523f92	4	105610587	105610601	2	-1.7913
c45a32aa-07e5-43d9-84f0-4e0aac523f92	4	105610781	114252544	5256	-0.0411
c45a32aa-07e5-43d9-84f0-4e0aac523f92	4	114254167	114261019	23	-1.4375
c45a32aa-07e5-43d9-84f0-4e0aac523f92	4	114263073	154881396	24000	-0.035
c45a32aa-07e5-43d9-84f0-4e0aac523f92	4	154881853	154881926	3	-3.098
c45a32aa-07e5-43d9-84f0-4e0aac523f92	4	154882047	167944100	8355	-0.0249
c45a32aa-07e5-43d9-84f0-4e0aac523f92	4	167945031	170168144	1419	-0.0801
c45a32aa-07e5-43d9-84f0-4e0aac523f92	4	170168417	171448195	815	-0.016
c45a32aa-07e5-43d9-84f0-4e0aac523f92	4	171453733	171456625	12	0.8438
c45a32aa-07e5-43d9-84f0-4e0aac523f92	4	171459220	181795783	6856	-0.0274
c45a32aa-07e5-43d9-84f0-4e0aac523f92	4	181799138	185013866	2195	-1.5861
c45a32aa-07e5-43d9-84f0-4e0aac523f92	4	185014105	185036663	11	-4.4113
c45a32aa-07e5-43d9-84f0-4e0aac523f92	4	185037170	190010040	3279	-1.4502
c45a32aa-07e5-43d9-84f0-4e0aac523f92	4	190013781	190106768	9	-0.3947
c45a32aa-07e5-43d9-84f0-4e0aac523f92	5	15532	12800777	10176	0.1744
c45a32aa-07e5-43d9-84f0-4e0aac523f92	5	12815668	12826538	11	-1.2206
c45a32aa-07e5-43d9-84f0-4e0aac523f92	5	12833745	21449167	5504	0.1805
c45a32aa-07e5-43d9-84f0-4e0aac523f92	5	21451091	21451889	4	-2.6162
c45a32aa-07e5-43d9-84f0-4e0aac523f92	5	21452329	25880634	2550	0.2067
c45a32aa-07e5-43d9-84f0-4e0aac523f92	5	25881800	26234807	235	-0.0633
c45a32aa-07e5-43d9-84f0-4e0aac523f92	5	26238085	46246478	12142	0.1825
c45a32aa-07e5-43d9-84f0-4e0aac523f92	5	46246553	46273400	10	-2.2269
c45a32aa-07e5-43d9-84f0-4e0aac523f92	5	46278110	50151472	21	0.1947
c45a32aa-07e5-43d9-84f0-4e0aac523f92	5	50159802	58025819	5045	0.7241
c45a32aa-07e5-43d9-84f0-4e0aac523f92	5	58030200	58036817	27	-0.1886
c45a32aa-07e5-43d9-84f0-4e0aac523f92	5	58037089	64622606	4152	0.7261
c45a32aa-07e5-43d9-84f0-4e0aac523f92	5	64623309	64623798	4	-0.4223
c45a32aa-07e5-43d9-84f0-4e0aac523f92	5	64625687	69376088	3077	0.7189
c45a32aa-07e5-43d9-84f0-4e0aac523f92	5	69376746	69571467	64	0.116
c45a32aa-07e5-43d9-84f0-4e0aac523f92	5	69779150	69822308	4	1.8058
c45a32aa-07e5-43d9-84f0-4e0aac523f92	5	69937600	78479165	4720	0.2409
c45a32aa-07e5-43d9-84f0-4e0aac523f92	5	78484628	82445416	2372	-0.6384
c45a32aa-07e5-43d9-84f0-4e0aac523f92	5	82446008	90448064	4396	-0.7218
c45a32aa-07e5-43d9-84f0-4e0aac523f92	5	90455599	91036118	361	0.698
c45a32aa-07e5-43d9-84f0-4e0aac523f92	5	91041758	91912201	488	-0.7723
c45a32aa-07e5-43d9-84f0-4e0aac523f92	5	91935646	92327991	205	0.205
c45a32aa-07e5-43d9-84f0-4e0aac523f92	5	92331467	92536346	92	0.7441
c45a32aa-07e5-43d9-84f0-4e0aac523f92	5	92540286	92612699	45	0.266
c45a32aa-07e5-43d9-84f0-4e0aac523f92	5	92616674	92667254	30	-0.584
c45a32aa-07e5-43d9-84f0-4e0aac523f92	5	92673760	92754446	53	-3.2282
c45a32aa-07e5-43d9-84f0-4e0aac523f92	5	92763637	92842064	40	-0.5381
c45a32aa-07e5-43d9-84f0-4e0aac523f92	5	92844364	93614765	395	1.8573
c45a32aa-07e5-43d9-84f0-4e0aac523f92	5	93616258	96017297	1331	1.3632
c45a32aa-07e5-43d9-84f0-4e0aac523f92	5	96017480	96423719	215	1.0817
c45a32aa-07e5-43d9-84f0-4e0aac523f92	5	96423966	96688527	194	1.3153
c45a32aa-07e5-43d9-84f0-4e0aac523f92	5	96689545	97363470	414	1.0389
c45a32aa-07e5-43d9-84f0-4e0aac523f92	5	97366075	97366168	2	-1.3638
c45a32aa-07e5-43d9-84f0-4e0aac523f92	5	97367289	98595136	723	1.0369
c45a32aa-07e5-43d9-84f0-4e0aac523f92	5	98597967	98599430	3	-5.1829
c45a32aa-07e5-43d9-84f0-4e0aac523f92	5	98600066	98724124	78	0.1577
c45a32aa-07e5-43d9-84f0-4e0aac523f92	5	98724726	98930637	100	1.0214
c45a32aa-07e5-43d9-84f0-4e0aac523f92	5	98934560	99107396	101	1.4933
c45a32aa-07e5-43d9-84f0-4e0aac523f92	5	99108360	99265557	85	2.0552
c45a32aa-07e5-43d9-84f0-4e0aac523f92	5	99265683	99308739	30	2.6955
c45a32aa-07e5-43d9-84f0-4e0aac523f92	5	99309364	99765280	237	1.3236
c45a32aa-07e5-43d9-84f0-4e0aac523f92	5	99770538	99886533	88	0.7573
c45a32aa-07e5-43d9-84f0-4e0aac523f92	5	99890677	100793474	536	2.5386
c45a32aa-07e5-43d9-84f0-4e0aac523f92	5	100796434	100884961	46	0.7851
c45a32aa-07e5-43d9-84f0-4e0aac523f92	5	100885342	100953971	37	0.7351
c45a32aa-07e5-43d9-84f0-4e0aac523f92	5	100961663	101220739	119	0.1684
c45a32aa-07e5-43d9-84f0-4e0aac523f92	5	101223552	102373742	769	0.7055
c45a32aa-07e5-43d9-84f0-4e0aac523f92	5	102379567	102387731	4	-1.2288
c45a32aa-07e5-43d9-84f0-4e0aac523f92	5	102387840	103216312	424	-3.6898
c45a32aa-07e5-43d9-84f0-4e0aac523f92	5	103217519	103229770	4	-0.9569
c45a32aa-07e5-43d9-84f0-4e0aac523f92	5	103230711	103249607	9	-2.3213
c45a32aa-07e5-43d9-84f0-4e0aac523f92	5	103252666	105167266	1231	-0.6945
c45a32aa-07e5-43d9-84f0-4e0aac523f92	5	105168236	105522863	224	0.2402
c45a32aa-07e5-43d9-84f0-4e0aac523f92	5	105527593	106275780	364	-0.6042
c45a32aa-07e5-43d9-84f0-4e0aac523f92	5	106279320	106288942	9	1.467
c45a32aa-07e5-43d9-84f0-4e0aac523f92	5	106289272	106595017	145	1.6821
c45a32aa-07e5-43d9-84f0-4e0aac523f92	5	106595492	106663086	32	2.3311
c45a32aa-07e5-43d9-84f0-4e0aac523f92	5	106663616	107130571	304	1.9247
c45a32aa-07e5-43d9-84f0-4e0aac523f92	5	107135342	107377917	191	2.1892
c45a32aa-07e5-43d9-84f0-4e0aac523f92	5	107378789	108811460	1049	1.7145
c45a32aa-07e5-43d9-84f0-4e0aac523f92	5	108816271	109239550	182	2.5892
c45a32aa-07e5-43d9-84f0-4e0aac523f92	5	109239696	109449049	122	3.0192
c45a32aa-07e5-43d9-84f0-4e0aac523f92	5	109449098	109592186	87	2.6086
c45a32aa-07e5-43d9-84f0-4e0aac523f92	5	109593896	110767932	773	1.0674
c45a32aa-07e5-43d9-84f0-4e0aac523f92	5	110781364	111634686	564	1.3296
c45a32aa-07e5-43d9-84f0-4e0aac523f92	5	111638615	112413302	567	-0.6391
c45a32aa-07e5-43d9-84f0-4e0aac523f92	5	112423384	112777830	298	2.5426
c45a32aa-07e5-43d9-84f0-4e0aac523f92	5	112779323	112786777	17	3.267
c45a32aa-07e5-43d9-84f0-4e0aac523f92	5	112786793	113637061	679	2.476
c45a32aa-07e5-43d9-84f0-4e0aac523f92	5	113637291	132356209	12075	-0.6155
c45a32aa-07e5-43d9-84f0-4e0aac523f92	5	132358384	139736267	4424	-0.6616
c45a32aa-07e5-43d9-84f0-4e0aac523f92	5	139738444	140073940	188	1.5552
c45a32aa-07e5-43d9-84f0-4e0aac523f92	5	140077871	140562275	193	2.4641
c45a32aa-07e5-43d9-84f0-4e0aac523f92	5	140563363	152065518	7545	-0.6564
c45a32aa-07e5-43d9-84f0-4e0aac523f92	5	152066692	152109163	54	1.509
c45a32aa-07e5-43d9-84f0-4e0aac523f92	5	152109855	152983974	578	2.6478
c45a32aa-07e5-43d9-84f0-4e0aac523f92	5	152985823	156049910	2111	-0.6415
c45a32aa-07e5-43d9-84f0-4e0aac523f92	5	156049988	156055719	12	-2.298
c45a32aa-07e5-43d9-84f0-4e0aac523f92	5	156068240	157879238	1223	-0.6491
c45a32aa-07e5-43d9-84f0-4e0aac523f92	5	157888341	158220308	256	1.2556
c45a32aa-07e5-43d9-84f0-4e0aac523f92	5	158220444	158237907	10	1.5739
c45a32aa-07e5-43d9-84f0-4e0aac523f92	5	158239868	158244501	4	2.1037
c45a32aa-07e5-43d9-84f0-4e0aac523f92	5	158246611	158320350	55	1.4977
c45a32aa-07e5-43d9-84f0-4e0aac523f92	5	158321583	158352139	20	1.271
c45a32aa-07e5-43d9-84f0-4e0aac523f92	5	158355548	158589229	178	1.0231
c45a32aa-07e5-43d9-84f0-4e0aac523f92	5	158590341	158727679	111	1.605
c45a32aa-07e5-43d9-84f0-4e0aac523f92	5	158731161	158828517	78	1.8589
c45a32aa-07e5-43d9-84f0-4e0aac523f92	5	158831040	159104703	171	1.5069
c45a32aa-07e5-43d9-84f0-4e0aac523f92	5	159109504	159258674	88	0.1763
c45a32aa-07e5-43d9-84f0-4e0aac523f92	5	159260670	160182107	616	2.4218
c45a32aa-07e5-43d9-84f0-4e0aac523f92	5	160190096	161226456	774	0.1741
c45a32aa-07e5-43d9-84f0-4e0aac523f92	5	161228059	161806463	342	-0.6108
c45a32aa-07e5-43d9-84f0-4e0aac523f92	5	161807839	162420354	324	1.588
c45a32aa-07e5-43d9-84f0-4e0aac523f92	5	162421609	162816808	277	1.3229
c45a32aa-07e5-43d9-84f0-4e0aac523f92	5	162817463	163158915	183	1.1141
c45a32aa-07e5-43d9-84f0-4e0aac523f92	5	163159224	163451769	198	1.3121
c45a32aa-07e5-43d9-84f0-4e0aac523f92	5	163455116	165675031	1397	-0.6226
c45a32aa-07e5-43d9-84f0-4e0aac523f92	5	165680095	165879234	132	1.5436
c45a32aa-07e5-43d9-84f0-4e0aac523f92	5	165879298	166282917	299	1.9246
c45a32aa-07e5-43d9-84f0-4e0aac523f92	5	166284395	166392817	90	2.4732
c45a32aa-07e5-43d9-84f0-4e0aac523f92	5	166393024	166422950	55	2.8815
c45a32aa-07e5-43d9-84f0-4e0aac523f92	5	166423045	166455886	20	2.4481
c45a32aa-07e5-43d9-84f0-4e0aac523f92	5	166457067	166505493	36	1.9479
c45a32aa-07e5-43d9-84f0-4e0aac523f92	5	166505962	167338422	554	2.1211
c45a32aa-07e5-43d9-84f0-4e0aac523f92	5	167348009	167831877	384	1.9031
c45a32aa-07e5-43d9-84f0-4e0aac523f92	5	167832205	167896857	63	1.5371
c45a32aa-07e5-43d9-84f0-4e0aac523f92	5	167909822	168670131	579	-0.6741
c45a32aa-07e5-43d9-84f0-4e0aac523f92	5	168671963	168764807	77	1.6809
c45a32aa-07e5-43d9-84f0-4e0aac523f92	5	168770796	169436667	602	1.3392
c45a32aa-07e5-43d9-84f0-4e0aac523f92	5	169437006	169672394	151	1.569
c45a32aa-07e5-43d9-84f0-4e0aac523f92	5	169672664	169736782	55	1.7659
c45a32aa-07e5-43d9-84f0-4e0aac523f92	5	169736846	170128577	401	1.4936
c45a32aa-07e5-43d9-84f0-4e0aac523f92	5	170129317	170588200	384	1.9416
c45a32aa-07e5-43d9-84f0-4e0aac523f92	5	170590660	170785123	157	1.5633
c45a32aa-07e5-43d9-84f0-4e0aac523f92	5	170786006	172113326	804	0.7066
c45a32aa-07e5-43d9-84f0-4e0aac523f92	5	172116992	172196824	72	0.5061
c45a32aa-07e5-43d9-84f0-4e0aac523f92	5	172196884	172872176	516	0.692
c45a32aa-07e5-43d9-84f0-4e0aac523f92	5	172875406	173139695	118	1.646
c45a32aa-07e5-43d9-84f0-4e0aac523f92	5	173145951	173578361	321	1.9793
c45a32aa-07e5-43d9-84f0-4e0aac523f92	5	173578489	173864344	292	1.7799
c45a32aa-07e5-43d9-84f0-4e0aac523f92	5	173864925	175495073	1291	0.7056
c45a32aa-07e5-43d9-84f0-4e0aac523f92	5	175495157	175539812	30	0.4712
c45a32aa-07e5-43d9-84f0-4e0aac523f92	5	175540143	175875075	214	0.7647
c45a32aa-07e5-43d9-84f0-4e0aac523f92	5	175875653	175960856	33	1.4917
c45a32aa-07e5-43d9-84f0-4e0aac523f92	5	175966609	177246781	556	1.8197
c45a32aa-07e5-43d9-84f0-4e0aac523f92	5	177247287	177710487	173	1.5217
c45a32aa-07e5-43d9-84f0-4e0aac523f92	5	177711874	177800550	9	0.6118
c45a32aa-07e5-43d9-84f0-4e0aac523f92	5	177801578	177839225	7	2.0289
c45a32aa-07e5-43d9-84f0-4e0aac523f92	5	177876764	179620185	1025	0.6936
c45a32aa-07e5-43d9-84f0-4e0aac523f92	5	179624537	179681642	54	0.3902
c45a32aa-07e5-43d9-84f0-4e0aac523f92	5	179683849	180710932	566	0.701
c45a32aa-07e5-43d9-84f0-4e0aac523f92	5	180712985	180713619	4	-0.2519
c45a32aa-07e5-43d9-84f0-4e0aac523f92	5	180715797	180947523	142	0.7113
c45a32aa-07e5-43d9-84f0-4e0aac523f92	5	180951710	180991103	19	-2.018
c45a32aa-07e5-43d9-84f0-4e0aac523f92	5	181006225	181363319	170	0.6446
c45a32aa-07e5-43d9-84f0-4e0aac523f92	6	149661	198481	28	0.0237
c45a32aa-07e5-43d9-84f0-4e0aac523f92	6	201456	257353	74	0.2615
c45a32aa-07e5-43d9-84f0-4e0aac523f92	6	258265	294725	21	0.731
c45a32aa-07e5-43d9-84f0-4e0aac523f92	6	294837	29869295	21507	0.24
c45a32aa-07e5-43d9-84f0-4e0aac523f92	6	29869410	29906932	23	-0.6404
c45a32aa-07e5-43d9-84f0-4e0aac523f92	6	29907031	31313046	653	0.2511
c45a32aa-07e5-43d9-84f0-4e0aac523f92	6	31318499	31328176	8	-2.0205
c45a32aa-07e5-43d9-84f0-4e0aac523f92	6	31328210	32486746	504	0.2244
c45a32aa-07e5-43d9-84f0-4e0aac523f92	6	32488906	32637799	51	-0.2616
c45a32aa-07e5-43d9-84f0-4e0aac523f92	6	32638107	34157777	931	0.2406
c45a32aa-07e5-43d9-84f0-4e0aac523f92	6	34164601	34166743	3	-1.288
c45a32aa-07e5-43d9-84f0-4e0aac523f92	6	34167087	40396586	4021	0.2161
c45a32aa-07e5-43d9-84f0-4e0aac523f92	6	40397862	40401554	6	-0.8959
c45a32aa-07e5-43d9-84f0-4e0aac523f92	6	40402760	54066286	8720	0.2367
c45a32aa-07e5-43d9-84f0-4e0aac523f92	6	54066353	54067057	7	-1.4253
c45a32aa-07e5-43d9-84f0-4e0aac523f92	6	54070550	60368538	2225	0.2519
c45a32aa-07e5-43d9-84f0-4e0aac523f92	6	60372586	66298369	3100	0.0126
c45a32aa-07e5-43d9-84f0-4e0aac523f92	6	66299130	66339706	56	-0.9853
c45a32aa-07e5-43d9-84f0-4e0aac523f92	6	66341309	66572433	193	-0.0021
c45a32aa-07e5-43d9-84f0-4e0aac523f92	6	66575662	66677272	74	-1.2529
c45a32aa-07e5-43d9-84f0-4e0aac523f92	6	66681134	73882509	4725	0.0145
c45a32aa-07e5-43d9-84f0-4e0aac523f92	6	73882741	73887625	8	-2.8735
c45a32aa-07e5-43d9-84f0-4e0aac523f92	6	73891694	76726815	1768	0.0025
c45a32aa-07e5-43d9-84f0-4e0aac523f92	6	76730151	76743040	21	-1.017
c45a32aa-07e5-43d9-84f0-4e0aac523f92	6	76751356	78259348	976	0.003
c45a32aa-07e5-43d9-84f0-4e0aac523f92	6	78259388	78325457	110	0.5088
c45a32aa-07e5-43d9-84f0-4e0aac523f92	6	78325468	103286954	15459	0.0034
c45a32aa-07e5-43d9-84f0-4e0aac523f92	6	103290101	103314186	46	0.729
c45a32aa-07e5-43d9-84f0-4e0aac523f92	6	103317795	110557763	4554	-0.0163
c45a32aa-07e5-43d9-84f0-4e0aac523f92	6	110559104	111435270	445	0.3357
c45a32aa-07e5-43d9-84f0-4e0aac523f92	6	111436193	114257655	1888	-0.0084
c45a32aa-07e5-43d9-84f0-4e0aac523f92	6	114258132	131636585	10538	0.0103
c45a32aa-07e5-43d9-84f0-4e0aac523f92	6	131636942	170041559	26334	-0.0133
c45a32aa-07e5-43d9-84f0-4e0aac523f92	6	170041918	170094742	21	-0.4536
c45a32aa-07e5-43d9-84f0-4e0aac523f92	6	170097764	170741917	303	-0.054
c45a32aa-07e5-43d9-84f0-4e0aac523f92	7	43355	3570080	1619	0.1817
c45a32aa-07e5-43d9-84f0-4e0aac523f92	7	3570211	3575168	27	-0.7459
c45a32aa-07e5-43d9-84f0-4e0aac523f92	7	3578378	6860976	1784	0.1795
c45a32aa-07e5-43d9-84f0-4e0aac523f92	7	6862089	16391852	7749	0.262
c45a32aa-07e5-43d9-84f0-4e0aac523f92	7	16391969	38246926	16162	0.2373
c45a32aa-07e5-43d9-84f0-4e0aac523f92	7	38248326	38317144	95	0.4969
c45a32aa-07e5-43d9-84f0-4e0aac523f92	7	38317181	42227003	2659	0.2436
c45a32aa-07e5-43d9-84f0-4e0aac523f92	7	42227737	42227972	2	-1.6441
c45a32aa-07e5-43d9-84f0-4e0aac523f92	7	42230723	52006062	6626	0.23
c45a32aa-07e5-43d9-84f0-4e0aac523f92	7	52006354	54605879	1921	0.2786
c45a32aa-07e5-43d9-84f0-4e0aac523f92	7	54609672	55792397	958	0.2342
c45a32aa-07e5-43d9-84f0-4e0aac523f92	7	55792547	64765351	1710	0.2011
c45a32aa-07e5-43d9-84f0-4e0aac523f92	7	64766121	70955452	3256	0.1718
c45a32aa-07e5-43d9-84f0-4e0aac523f92	7	70958264	70961155	2	-1.9498
c45a32aa-07e5-43d9-84f0-4e0aac523f92	7	70963257	77920465	2766	0.1676
c45a32aa-07e5-43d9-84f0-4e0aac523f92	7	77920589	97777625	12951	0.2232
c45a32aa-07e5-43d9-84f0-4e0aac523f92	7	97777635	107983051	5354	0.1761
c45a32aa-07e5-43d9-84f0-4e0aac523f92	7	107983415	109793720	1225	0.2337
c45a32aa-07e5-43d9-84f0-4e0aac523f92	7	109793728	109797042	8	0.9926
c45a32aa-07e5-43d9-84f0-4e0aac523f92	7	109797043	109801155	18	0.3674
c45a32aa-07e5-43d9-84f0-4e0aac523f92	7	109801187	109813853	11	1.0838
c45a32aa-07e5-43d9-84f0-4e0aac523f92	7	109813925	126405502	10023	0.2227
c45a32aa-07e5-43d9-84f0-4e0aac523f92	7	126405597	126406822	11	-1.3008
c45a32aa-07e5-43d9-84f0-4e0aac523f92	7	126406823	127827906	983	0.2449
c45a32aa-07e5-43d9-84f0-4e0aac523f92	7	127831587	131583047	1961	0.1623
c45a32aa-07e5-43d9-84f0-4e0aac523f92	7	131583448	134093899	1751	0.2181
c45a32aa-07e5-43d9-84f0-4e0aac523f92	7	134100424	134110881	26	-0.3224
c45a32aa-07e5-43d9-84f0-4e0aac523f92	7	134110912	142083169	5216	0.1998
c45a32aa-07e5-43d9-84f0-4e0aac523f92	7	142084696	142120801	32	-0.1454
c45a32aa-07e5-43d9-84f0-4e0aac523f92	7	142122749	147546810	3258	0.2346
c45a32aa-07e5-43d9-84f0-4e0aac523f92	7	147547006	154221793	4009	0.1879
c45a32aa-07e5-43d9-84f0-4e0aac523f92	7	154223036	154223216	3	-1.079
c45a32aa-07e5-43d9-84f0-4e0aac523f92	7	154225769	154598185	333	0.233
c45a32aa-07e5-43d9-84f0-4e0aac523f92	7	154601461	154605369	3	1.4123
c45a32aa-07e5-43d9-84f0-4e0aac523f92	7	154607903	159334314	3234	0.1874
c45a32aa-07e5-43d9-84f0-4e0aac523f92	8	81254	6968934	7619	0.2453
c45a32aa-07e5-43d9-84f0-4e0aac523f92	8	6968962	6969677	8	-1.5688
c45a32aa-07e5-43d9-84f0-4e0aac523f92	8	6975846	7357288	97	0.2688
c45a32aa-07e5-43d9-84f0-4e0aac523f92	8	7357323	7919608	44	-0.4022
c45a32aa-07e5-43d9-84f0-4e0aac523f92	8	7930163	8528287	307	0.2337
c45a32aa-07e5-43d9-84f0-4e0aac523f92	8	8528640	8528932	4	-1.9388
c45a32aa-07e5-43d9-84f0-4e0aac523f92	8	8530797	12025748	2919	0.2116
c45a32aa-07e5-43d9-84f0-4e0aac523f92	8	12035719	12376742	20	-0.3641
c45a32aa-07e5-43d9-84f0-4e0aac523f92	8	12376789	13430471	756	0.2317
c45a32aa-07e5-43d9-84f0-4e0aac523f92	8	13430575	14617140	1178	0.2964
c45a32aa-07e5-43d9-84f0-4e0aac523f92	8	14617173	25114672	8489	0.2387
c45a32aa-07e5-43d9-84f0-4e0aac523f92	8	25116928	25126818	27	0.9197
c45a32aa-07e5-43d9-84f0-4e0aac523f92	8	25133589	26976729	1433	0.2305
c45a32aa-07e5-43d9-84f0-4e0aac523f92	8	26976780	26978450	2	1.6391
c45a32aa-07e5-43d9-84f0-4e0aac523f92	8	26979203	37669591	6768	0.2357
c45a32aa-07e5-43d9-84f0-4e0aac523f92	8	37672252	38948180	608	0.1585
c45a32aa-07e5-43d9-84f0-4e0aac523f92	8	38949877	39373140	198	0.2588
c45a32aa-07e5-43d9-84f0-4e0aac523f92	8	39378084	39529446	59	-2.1396
c45a32aa-07e5-43d9-84f0-4e0aac523f92	8	39530780	54797858	7587	0.2299
c45a32aa-07e5-43d9-84f0-4e0aac523f92	8	54797983	54799015	2	-1.5264
c45a32aa-07e5-43d9-84f0-4e0aac523f92	8	54803299	94450371	24051	0.2454
c45a32aa-07e5-43d9-84f0-4e0aac523f92	8	94459189	103281437	5558	0.2162
c45a32aa-07e5-43d9-84f0-4e0aac523f92	8	103283870	111282050	4758	0.2595
c45a32aa-07e5-43d9-84f0-4e0aac523f92	8	111282065	111283031	9	-0.71
c45a32aa-07e5-43d9-84f0-4e0aac523f92	8	111288052	136665653	17727	0.2376
c45a32aa-07e5-43d9-84f0-4e0aac523f92	8	136669376	136850192	176	-0.6638
c45a32aa-07e5-43d9-84f0-4e0aac523f92	8	136851164	140973828	3158	0.246
c45a32aa-07e5-43d9-84f0-4e0aac523f92	8	140974331	145072769	1832	0.1515
c45a32aa-07e5-43d9-84f0-4e0aac523f92	9	46587	3712852	3677	-0.6349
c45a32aa-07e5-43d9-84f0-4e0aac523f92	9	3714105	3831932	109	0.2538
c45a32aa-07e5-43d9-84f0-4e0aac523f92	9	3832611	10637778	6369	-0.6077
c45a32aa-07e5-43d9-84f0-4e0aac523f92	9	10639459	10639916	5	-2.4217
c45a32aa-07e5-43d9-84f0-4e0aac523f92	9	10640572	28044706	13677	-0.6034
c45a32aa-07e5-43d9-84f0-4e0aac523f92	9	28047590	28050693	4	-3.2915
c45a32aa-07e5-43d9-84f0-4e0aac523f92	9	28055605	32247352	3013	-0.5805
c45a32aa-07e5-43d9-84f0-4e0aac523f92	9	32255127	38488922	3832	-0.6419
c45a32aa-07e5-43d9-84f0-4e0aac523f92	9	38490044	39464757	300	-0.5487
c45a32aa-07e5-43d9-84f0-4e0aac523f92	9	39481818	39481878	4	0.4814
c45a32aa-07e5-43d9-84f0-4e0aac523f92	9	39483251	39547285	9	-0.9115
c45a32aa-07e5-43d9-84f0-4e0aac523f92	9	39547299	42037471	110	-0.0843
c45a32aa-07e5-43d9-84f0-4e0aac523f92	9	42042339	42524983	33	-1.1515
c45a32aa-07e5-43d9-84f0-4e0aac523f92	9	42546668	61378951	57	-0.3311
c45a32aa-07e5-43d9-84f0-4e0aac523f92	9	61405110	63763088	120	0.1942
c45a32aa-07e5-43d9-84f0-4e0aac523f92	9	64462508	67073081	57	-0.1785
c45a32aa-07e5-43d9-84f0-4e0aac523f92	9	67073620	68691485	268	0.1649
c45a32aa-07e5-43d9-84f0-4e0aac523f92	9	68691499	87689022	13771	0.2148
c45a32aa-07e5-43d9-84f0-4e0aac523f92	9	87691892	100999566	8718	0.1943
c45a32aa-07e5-43d9-84f0-4e0aac523f92	9	101000235	123796531	17139	0.2207
c45a32aa-07e5-43d9-84f0-4e0aac523f92	9	123796578	138200944	7991	0.1852
c45a32aa-07e5-43d9-84f0-4e0aac523f92	10	45792	24086334	19163	-0.1273
c45a32aa-07e5-43d9-84f0-4e0aac523f92	10	24088745	24088992	10	-2.0353
c45a32aa-07e5-43d9-84f0-4e0aac523f92	10	24089125	46560525	12483	-0.1296
c45a32aa-07e5-43d9-84f0-4e0aac523f92	10	46606240	65548193	12690	-0.0982
c45a32aa-07e5-43d9-84f0-4e0aac523f92	10	65548259	65563168	27	-0.5337
c45a32aa-07e5-43d9-84f0-4e0aac523f92	10	65565695	66950838	1080	-0.092
c45a32aa-07e5-43d9-84f0-4e0aac523f92	10	66951473	87959988	13814	-0.1265
c45a32aa-07e5-43d9-84f0-4e0aac523f92	10	87960095	87960109	2	2.199
c45a32aa-07e5-43d9-84f0-4e0aac523f92	10	87960170	89178916	900	-0.1084
c45a32aa-07e5-43d9-84f0-4e0aac523f92	10	89183339	89188152	8	-1.3165
c45a32aa-07e5-43d9-84f0-4e0aac523f92	10	89188211	96511540	4631	-0.1194
c45a32aa-07e5-43d9-84f0-4e0aac523f92	10	96512121	103522907	3919	-0.1596
c45a32aa-07e5-43d9-84f0-4e0aac523f92	10	103523317	109440720	4351	-0.1132
c45a32aa-07e5-43d9-84f0-4e0aac523f92	10	109445273	109574030	74	-0.6935
c45a32aa-07e5-43d9-84f0-4e0aac523f92	10	109576012	122584593	9456	-0.1218
c45a32aa-07e5-43d9-84f0-4e0aac523f92	10	122584707	122587398	3	-1.9416
c45a32aa-07e5-43d9-84f0-4e0aac523f92	10	122587462	130472507	5892	-0.1222
c45a32aa-07e5-43d9-84f0-4e0aac523f92	10	130472578	130472631	2	-3.3651
c45a32aa-07e5-43d9-84f0-4e0aac523f92	10	130472877	133654968	1991	-0.1838
c45a32aa-07e5-43d9-84f0-4e0aac523f92	11	198510	4945831	2409	0.2139
c45a32aa-07e5-43d9-84f0-4e0aac523f92	11	4946000	4952799	29	0.8626
c45a32aa-07e5-43d9-84f0-4e0aac523f92	11	4953934	5755393	772	0.2543
c45a32aa-07e5-43d9-84f0-4e0aac523f92	11	5755762	5787909	48	-0.0631
c45a32aa-07e5-43d9-84f0-4e0aac523f92	11	5788108	24420628	13808	0.2487
c45a32aa-07e5-43d9-84f0-4e0aac523f92	11	24422703	24428711	6	-0.8026
c45a32aa-07e5-43d9-84f0-4e0aac523f92	11	24433630	36758924	8785	0.2537
c45a32aa-07e5-43d9-84f0-4e0aac523f92	11	36759611	36760584	3	-1.0957
c45a32aa-07e5-43d9-84f0-4e0aac523f92	11	36762152	42791601	3992	0.2714
c45a32aa-07e5-43d9-84f0-4e0aac523f92	11	42794936	42796489	2	-3.105
c45a32aa-07e5-43d9-84f0-4e0aac523f92	11	42799053	48576870	3404	0.2234
c45a32aa-07e5-43d9-84f0-4e0aac523f92	11	48579882	48581124	2	-1.2292
c45a32aa-07e5-43d9-84f0-4e0aac523f92	11	48584766	54617741	825	0.2197
c45a32aa-07e5-43d9-84f0-4e0aac523f92	11	54619253	55608804	360	0.0029
c45a32aa-07e5-43d9-84f0-4e0aac523f92	11	55609022	55685533	51	-1.6716
c45a32aa-07e5-43d9-84f0-4e0aac523f92	11	55686100	60597257	3012	-0.0128
c45a32aa-07e5-43d9-84f0-4e0aac523f92	11	60599040	78672294	8926	-0.0483
c45a32aa-07e5-43d9-84f0-4e0aac523f92	11	78672987	79937458	1039	-0.0069
c45a32aa-07e5-43d9-84f0-4e0aac523f92	11	79937994	79938555	2	-1.8147
c45a32aa-07e5-43d9-84f0-4e0aac523f92	11	79939735	80256469	256	-0.0126
c45a32aa-07e5-43d9-84f0-4e0aac523f92	11	80256504	80256520	2	-1.817
c45a32aa-07e5-43d9-84f0-4e0aac523f92	11	80256642	86594619	4486	0.0066
c45a32aa-07e5-43d9-84f0-4e0aac523f92	11	86594771	86595012	5	-1.4742
c45a32aa-07e5-43d9-84f0-4e0aac523f92	11	86604132	89754781	2090	0.0095
c45a32aa-07e5-43d9-84f0-4e0aac523f92	11	89759710	89817056	11	-0.8968
c45a32aa-07e5-43d9-84f0-4e0aac523f92	11	89834373	107777591	12793	0.0024
c45a32aa-07e5-43d9-84f0-4e0aac523f92	11	107778084	107801319	18	0.6295
c45a32aa-07e5-43d9-84f0-4e0aac523f92	11	107808034	107910653	60	-0.0252
c45a32aa-07e5-43d9-84f0-4e0aac523f92	11	107913781	107914372	2	-3.5439
c45a32aa-07e5-43d9-84f0-4e0aac523f92	11	107916987	123456741	10680	-0.0176
c45a32aa-07e5-43d9-84f0-4e0aac523f92	11	123457608	123534444	73	-0.78
c45a32aa-07e5-43d9-84f0-4e0aac523f92	11	123537462	135074876	8755	-0.016
c45a32aa-07e5-43d9-84f0-4e0aac523f92	12	51460	16266471	10924	0.2242
c45a32aa-07e5-43d9-84f0-4e0aac523f92	12	16268053	16268391	2	-1.7028
c45a32aa-07e5-43d9-84f0-4e0aac523f92	12	16275623	32406244	11352	0.2429
c45a32aa-07e5-43d9-84f0-4e0aac523f92	12	32410998	32411326	2	-1.4677
c45a32aa-07e5-43d9-84f0-4e0aac523f92	12	32413873	33141577	479	0.2139
c45a32aa-07e5-43d9-84f0-4e0aac523f92	12	33141611	33154440	32	-0.2272
c45a32aa-07e5-43d9-84f0-4e0aac523f92	12	33155426	47917148	7045	0.2396
c45a32aa-07e5-43d9-84f0-4e0aac523f92	12	47918420	58064569	5531	0.197
c45a32aa-07e5-43d9-84f0-4e0aac523f92	12	58067981	80446147	14529	0.2415
c45a32aa-07e5-43d9-84f0-4e0aac523f92	12	80446276	80456533	2	-1.8285
c45a32aa-07e5-43d9-84f0-4e0aac523f92	12	80458189	108363083	18299	0.2326
c45a32aa-07e5-43d9-84f0-4e0aac523f92	12	108367809	112577848	2249	0.1783
c45a32aa-07e5-43d9-84f0-4e0aac523f92	12	112578749	119793601	5452	0.225
c45a32aa-07e5-43d9-84f0-4e0aac523f92	12	119793778	123548279	1650	0.1789
c45a32aa-07e5-43d9-84f0-4e0aac523f92	12	123551547	129390231	4743	0.238
c45a32aa-07e5-43d9-84f0-4e0aac523f92	12	129390525	129391468	2	-1.2525
c45a32aa-07e5-43d9-84f0-4e0aac523f92	12	129392461	132026455	2082	0.2244
c45a32aa-07e5-43d9-84f0-4e0aac523f92	12	132029006	133201603	396	0.1105
c45a32aa-07e5-43d9-84f0-4e0aac523f92	13	18452809	23055048	2834	-0.6305
c45a32aa-07e5-43d9-84f0-4e0aac523f92	13	23055071	23059376	13	-1.9138
c45a32aa-07e5-43d9-84f0-4e0aac523f92	13	23064056	24056776	756	-0.6488
c45a32aa-07e5-43d9-84f0-4e0aac523f92	13	24058001	24058911	2	-7.4436
c45a32aa-07e5-43d9-84f0-4e0aac523f92	13	24061115	27772827	2754	-0.6454
c45a32aa-07e5-43d9-84f0-4e0aac523f92	13	27774742	27775371	2	-4.5105
c45a32aa-07e5-43d9-84f0-4e0aac523f92	13	27780988	37496998	7010	-0.6326
c45a32aa-07e5-43d9-84f0-4e0aac523f92	13	37497899	37510620	16	-2.0504
c45a32aa-07e5-43d9-84f0-4e0aac523f92	13	37514193	40389098	2173	-0.6153
c45a32aa-07e5-43d9-84f0-4e0aac523f92	13	40390436	40391831	4	-3.1962
c45a32aa-07e5-43d9-84f0-4e0aac523f92	13	40392462	51955016	7475	-0.6233
c45a32aa-07e5-43d9-84f0-4e0aac523f92	13	51955036	51956386	2	-3.6491
c45a32aa-07e5-43d9-84f0-4e0aac523f92	13	51957824	70168581	10675	-0.5764
c45a32aa-07e5-43d9-84f0-4e0aac523f92	13	70170393	70198262	39	-3.8296
c45a32aa-07e5-43d9-84f0-4e0aac523f92	13	70198634	98720378	18571	-0.599
c45a32aa-07e5-43d9-84f0-4e0aac523f92	13	98722052	98723649	2	-3.3822
c45a32aa-07e5-43d9-84f0-4e0aac523f92	13	98723913	110106007	8863	-0.6146
c45a32aa-07e5-43d9-84f0-4e0aac523f92	13	110107364	112044928	1386	-0.6905
c45a32aa-07e5-43d9-84f0-4e0aac523f92	13	112044930	112199888	99	-0.5689
c45a32aa-07e5-43d9-84f0-4e0aac523f92	13	112200479	112200885	3	-3.8909
c45a32aa-07e5-43d9-84f0-4e0aac523f92	13	112203351	114342922	1047	-0.6835
c45a32aa-07e5-43d9-84f0-4e0aac523f92	14	18239283	18676849	22	0.1905
c45a32aa-07e5-43d9-84f0-4e0aac523f92	14	18686006	19215688	20	-0.0671
c45a32aa-07e5-43d9-84f0-4e0aac523f92	14	19256296	19732024	23	-0.6842
c45a32aa-07e5-43d9-84f0-4e0aac523f92	14	19732222	19954424	101	-0.0536
c45a32aa-07e5-43d9-84f0-4e0aac523f92	14	19955213	21817867	1234	0.2266
c45a32aa-07e5-43d9-84f0-4e0aac523f92	14	21820576	22102413	253	0.397
c45a32aa-07e5-43d9-84f0-4e0aac523f92	14	22102630	22484618	323	0.5279
c45a32aa-07e5-43d9-84f0-4e0aac523f92	14	22486728	24220111	1016	0.2128
c45a32aa-07e5-43d9-84f0-4e0aac523f92	14	24220138	34380841	6647	0.2626
c45a32aa-07e5-43d9-84f0-4e0aac523f92	14	34380917	35022137	316	0.1575
c45a32aa-07e5-43d9-84f0-4e0aac523f92	14	35023871	41139155	3788	0.265
c45a32aa-07e5-43d9-84f0-4e0aac523f92	14	41141293	41188146	15	-0.4133
c45a32aa-07e5-43d9-84f0-4e0aac523f92	14	41200899	48435852	4301	0.2699
c45a32aa-07e5-43d9-84f0-4e0aac523f92	14	48435928	73550834	16144	0.2364
c45a32aa-07e5-43d9-84f0-4e0aac523f92	14	73554275	73583560	11	-0.5374
c45a32aa-07e5-43d9-84f0-4e0aac523f92	14	73589619	75307170	943	0.1734
c45a32aa-07e5-43d9-84f0-4e0aac523f92	14	75313186	101464080	17997	0.2429
c45a32aa-07e5-43d9-84f0-4e0aac523f92	14	101464260	106423925	1935	0.2099
c45a32aa-07e5-43d9-84f0-4e0aac523f92	14	106425447	106487827	51	-0.5254
c45a32aa-07e5-43d9-84f0-4e0aac523f92	14	106492557	106877229	191	0.2834
c45a32aa-07e5-43d9-84f0-4e0aac523f92	15	19811075	21268107	172	0.3174
c45a32aa-07e5-43d9-84f0-4e0aac523f92	15	21271643	22395047	36	0.8693
c45a32aa-07e5-43d9-84f0-4e0aac523f92	15	22413894	22796883	60	0.0055
c45a32aa-07e5-43d9-84f0-4e0aac523f92	15	22799164	27886378	3475	0.2535
c45a32aa-07e5-43d9-84f0-4e0aac523f92	15	27886897	31924045	1971	0.2017
c45a32aa-07e5-43d9-84f0-4e0aac523f92	15	31925237	39911478	5641	0.2504
c45a32aa-07e5-43d9-84f0-4e0aac523f92	15	39912015	45661374	2703	0.201
c45a32aa-07e5-43d9-84f0-4e0aac523f92	15	45662034	47819263	1507	0.2529
c45a32aa-07e5-43d9-84f0-4e0aac523f92	15	47821105	47825521	5	-1.0015
c45a32aa-07e5-43d9-84f0-4e0aac523f92	15	47826764	76599170	18309	0.2339
c45a32aa-07e5-43d9-84f0-4e0aac523f92	15	76599286	76603434	20	-1.7836
c45a32aa-07e5-43d9-84f0-4e0aac523f92	15	76609838	98007488	14722	0.2368
c45a32aa-07e5-43d9-84f0-4e0aac523f92	15	98008295	101928837	2880	0.7728
c45a32aa-07e5-43d9-84f0-4e0aac523f92	16	10777	4565293	1905	0.164
c45a32aa-07e5-43d9-84f0-4e0aac523f92	16	4570296	14261410	8977	0.2343
c45a32aa-07e5-43d9-84f0-4e0aac523f92	16	14261908	19933041	2567	0.1825
c45a32aa-07e5-43d9-84f0-4e0aac523f92	16	19934328	19956040	29	-0.6179
c45a32aa-07e5-43d9-84f0-4e0aac523f92	16	19958932	22097357	1113	0.2132
c45a32aa-07e5-43d9-84f0-4e0aac523f92	16	22097910	22204784	61	-0.0154
c45a32aa-07e5-43d9-84f0-4e0aac523f92	16	22204855	28879550	4246	0.2238
c45a32aa-07e5-43d9-84f0-4e0aac523f92	16	28884591	31322915	745	0.1398
c45a32aa-07e5-43d9-84f0-4e0aac523f92	16	31325567	55761136	7253	0.2308
c45a32aa-07e5-43d9-84f0-4e0aac523f92	16	55762477	55771496	9	-1.4006
c45a32aa-07e5-43d9-84f0-4e0aac523f92	16	55771643	55782734	9	-3.0863
c45a32aa-07e5-43d9-84f0-4e0aac523f92	16	55782793	55788532	4	-0.4431
c45a32aa-07e5-43d9-84f0-4e0aac523f92	16	55808442	55824881	13	0.7875
c45a32aa-07e5-43d9-84f0-4e0aac523f92	16	55834527	56319264	339	0.2735
c45a32aa-07e5-43d9-84f0-4e0aac523f92	16	56320167	59019189	1615	0.2003
c45a32aa-07e5-43d9-84f0-4e0aac523f92	16	59019834	66558976	5196	0.2565
c45a32aa-07e5-43d9-84f0-4e0aac523f92	16	66559009	70536137	1727	0.185
c45a32aa-07e5-43d9-84f0-4e0aac523f92	16	70540076	78337711	5376	0.2445
c45a32aa-07e5-43d9-84f0-4e0aac523f92	16	78338543	78350841	15	-1.9129
c45a32aa-07e5-43d9-84f0-4e0aac523f92	16	78350868	83937235	6288	0.2428
c45a32aa-07e5-43d9-84f0-4e0aac523f92	16	83937290	85482310	1253	0.1684
c45a32aa-07e5-43d9-84f0-4e0aac523f92	16	85482638	88424562	2371	0.2418
c45a32aa-07e5-43d9-84f0-4e0aac523f92	16	88449763	90096867	688	0.0916
c45a32aa-07e5-43d9-84f0-4e0aac523f92	17	150733	1158019	522	-0.7429
c45a32aa-07e5-43d9-84f0-4e0aac523f92	17	1167328	1168330	2	-3.0551
c45a32aa-07e5-43d9-84f0-4e0aac523f92	17	1169403	5516429	2288	-0.6554
c45a32aa-07e5-43d9-84f0-4e0aac523f92	17	5520722	5912175	301	0.2355
c45a32aa-07e5-43d9-84f0-4e0aac523f92	17	5912463	6145494	186	-0.6749
c45a32aa-07e5-43d9-84f0-4e0aac523f92	17	6151022	6968174	612	0.2113
c45a32aa-07e5-43d9-84f0-4e0aac523f92	17	6969664	7082769	61	-0.7808
c45a32aa-07e5-43d9-84f0-4e0aac523f92	17	7084936	10796920	2253	0.2112
c45a32aa-07e5-43d9-84f0-4e0aac523f92	17	10798140	11403719	533	-0.624
c45a32aa-07e5-43d9-84f0-4e0aac523f92	17	11403776	11403878	2	-3.4943
c45a32aa-07e5-43d9-84f0-4e0aac523f92	17	11404637	11531447	110	-0.6634
c45a32aa-07e5-43d9-84f0-4e0aac523f92	17	11532143	12992498	1021	0.23
c45a32aa-07e5-43d9-84f0-4e0aac523f92	17	12992538	12992667	2	-1.4885
c45a32aa-07e5-43d9-84f0-4e0aac523f92	17	12996146	14369951	1076	0.2454
c45a32aa-07e5-43d9-84f0-4e0aac523f92	17	14370519	14911930	473	-0.6778
c45a32aa-07e5-43d9-84f0-4e0aac523f92	17	14912072	15538501	509	0.2228
c45a32aa-07e5-43d9-84f0-4e0aac523f92	17	15552351	15882834	89	-0.5291
c45a32aa-07e5-43d9-84f0-4e0aac523f92	17	15883259	16910680	440	0.1666
c45a32aa-07e5-43d9-84f0-4e0aac523f92	17	16913342	16990826	60	-0.6579
c45a32aa-07e5-43d9-84f0-4e0aac523f92	17	16999265	21017175	1840	0.2075
c45a32aa-07e5-43d9-84f0-4e0aac523f92	17	21019834	21020225	3	-1.5952
c45a32aa-07e5-43d9-84f0-4e0aac523f92	17	21020437	21163993	60	0.064
c45a32aa-07e5-43d9-84f0-4e0aac523f92	17	21168717	22503227	315	-0.5681
c45a32aa-07e5-43d9-84f0-4e0aac523f92	17	22504468	22702125	80	0.2456
c45a32aa-07e5-43d9-84f0-4e0aac523f92	17	22703570	37497091	6095	-0.6358
c45a32aa-07e5-43d9-84f0-4e0aac523f92	17	37506490	37884738	253	0.2408
c45a32aa-07e5-43d9-84f0-4e0aac523f92	17	38254377	40044698	862	-0.6687
c45a32aa-07e5-43d9-84f0-4e0aac523f92	17	40045777	40408095	137	0.1721
c45a32aa-07e5-43d9-84f0-4e0aac523f92	17	40409738	41266901	540	-0.6432
c45a32aa-07e5-43d9-84f0-4e0aac523f92	17	41266958	41267053	3	-2.292
c45a32aa-07e5-43d9-84f0-4e0aac523f92	17	41267068	41273905	10	-0.4801
c45a32aa-07e5-43d9-84f0-4e0aac523f92	17	41273921	41274198	3	-2.2003
c45a32aa-07e5-43d9-84f0-4e0aac523f92	17	41274279	42884218	852	-0.6158
c45a32aa-07e5-43d9-84f0-4e0aac523f92	17	42884262	43222561	240	0.1415
c45a32aa-07e5-43d9-84f0-4e0aac523f92	17	43322294	44782958	728	-0.6323
c45a32aa-07e5-43d9-84f0-4e0aac523f92	17	44790075	46943889	971	0.1791
c45a32aa-07e5-43d9-84f0-4e0aac523f92	17	46945941	47691928	323	-0.5681
c45a32aa-07e5-43d9-84f0-4e0aac523f92	17	47703898	48252698	315	0.1853
c45a32aa-07e5-43d9-84f0-4e0aac523f92	17	48257277	48680213	209	-0.6049
c45a32aa-07e5-43d9-84f0-4e0aac523f92	17	48683103	49404526	407	0.1972
c45a32aa-07e5-43d9-84f0-4e0aac523f92	17	49405568	61908513	7732	-0.6246
c45a32aa-07e5-43d9-84f0-4e0aac523f92	17	61909920	62618161	300	0.1964
c45a32aa-07e5-43d9-84f0-4e0aac523f92	17	62618634	63768392	531	-0.6357
c45a32aa-07e5-43d9-84f0-4e0aac523f92	17	63772941	64171026	215	-0.0185
c45a32aa-07e5-43d9-84f0-4e0aac523f92	17	64171139	64309731	95	0.2447
c45a32aa-07e5-43d9-84f0-4e0aac523f92	17	64309851	64464879	25	0.0764
c45a32aa-07e5-43d9-84f0-4e0aac523f92	17	64468704	64758554	136	0.7061
c45a32aa-07e5-43d9-84f0-4e0aac523f92	17	64759705	65746236	583	0.2375
c45a32aa-07e5-43d9-84f0-4e0aac523f92	17	65750671	76530556	7039	-0.646
c45a32aa-07e5-43d9-84f0-4e0aac523f92	17	76536012	76543010	6	-3.0518
c45a32aa-07e5-43d9-84f0-4e0aac523f92	17	76545801	80595422	2342	-0.7052
c45a32aa-07e5-43d9-84f0-4e0aac523f92	17	80597242	80600072	4	-5.7471
c45a32aa-07e5-43d9-84f0-4e0aac523f92	17	80607472	83091923	989	-0.7138
c45a32aa-07e5-43d9-84f0-4e0aac523f92	18	48133	15098542	10283	-0.6325
c45a32aa-07e5-43d9-84f0-4e0aac523f92	18	15099163	21060509	101	-0.1599
c45a32aa-07e5-43d9-84f0-4e0aac523f92	18	21061861	26785899	3402	-0.6366
c45a32aa-07e5-43d9-84f0-4e0aac523f92	18	26785951	26786181	3	-3.382
c45a32aa-07e5-43d9-84f0-4e0aac523f92	18	26786415	40680516	8878	-0.5964
c45a32aa-07e5-43d9-84f0-4e0aac523f92	18	40680526	40685425	14	-2.0842
c45a32aa-07e5-43d9-84f0-4e0aac523f92	18	40689534	59850736	13024	-0.626
c45a32aa-07e5-43d9-84f0-4e0aac523f92	18	59851744	59851878	2	-4.9024
c45a32aa-07e5-43d9-84f0-4e0aac523f92	18	59854230	66054343	4374	-0.6091
c45a32aa-07e5-43d9-84f0-4e0aac523f92	18	66060256	66061104	12	-1.6441
c45a32aa-07e5-43d9-84f0-4e0aac523f92	18	66065502	71757808	4121	-0.5929
c45a32aa-07e5-43d9-84f0-4e0aac523f92	18	71761703	71774108	15	-4.7906
c45a32aa-07e5-43d9-84f0-4e0aac523f92	18	71774377	80257174	6210	-0.6496
c45a32aa-07e5-43d9-84f0-4e0aac523f92	19	90910	415625	83	0.0942
c45a32aa-07e5-43d9-84f0-4e0aac523f92	19	416231	419498	4	-1.6071
c45a32aa-07e5-43d9-84f0-4e0aac523f92	19	420755	20286348	8730	0.1777
c45a32aa-07e5-43d9-84f0-4e0aac523f92	19	20286383	34023008	6991	0.2201
c45a32aa-07e5-43d9-84f0-4e0aac523f92	19	34023581	35294424	823	0.189
c45a32aa-07e5-43d9-84f0-4e0aac523f92	19	35297579	35307765	8	-0.467
c45a32aa-07e5-43d9-84f0-4e0aac523f92	19	35308603	35364547	48	0.2158
c45a32aa-07e5-43d9-84f0-4e0aac523f92	19	35365141	35375842	20	-0.455
c45a32aa-07e5-43d9-84f0-4e0aac523f92	19	35375884	52347035	8519	0.1923
c45a32aa-07e5-43d9-84f0-4e0aac523f92	19	52348218	52355645	7	-0.75
c45a32aa-07e5-43d9-84f0-4e0aac523f92	19	52356667	58586487	3851	0.1873
c45a32aa-07e5-43d9-84f0-4e0aac523f92	20	80664	92905	23	-0.0135
c45a32aa-07e5-43d9-84f0-4e0aac523f92	20	93706	26324943	19876	-0.6416
c45a32aa-07e5-43d9-84f0-4e0aac523f92	20	30185676	40123815	4949	0.1963
c45a32aa-07e5-43d9-84f0-4e0aac523f92	20	40131162	40301407	111	0.7807
c45a32aa-07e5-43d9-84f0-4e0aac523f92	20	40315781	40356618	23	0.2567
c45a32aa-07e5-43d9-84f0-4e0aac523f92	20	40357346	40408031	41	0.6898
c45a32aa-07e5-43d9-84f0-4e0aac523f92	20	40409725	43294115	2245	0.2315
c45a32aa-07e5-43d9-84f0-4e0aac523f92	20	43296454	45060994	1129	0.7291
c45a32aa-07e5-43d9-84f0-4e0aac523f92	20	45061188	45549540	330	0.2021
c45a32aa-07e5-43d9-84f0-4e0aac523f92	20	45550018	45901251	226	0.7084
c45a32aa-07e5-43d9-84f0-4e0aac523f92	20	45901995	49190678	2386	0.2093
c45a32aa-07e5-43d9-84f0-4e0aac523f92	20	49192595	49595568	242	0.7007
c45a32aa-07e5-43d9-84f0-4e0aac523f92	20	49595769	49618223	13	1.1358
c45a32aa-07e5-43d9-84f0-4e0aac523f92	20	49622075	50286979	351	0.6676
c45a32aa-07e5-43d9-84f0-4e0aac523f92	20	50287577	51057540	577	0.1661
c45a32aa-07e5-43d9-84f0-4e0aac523f92	20	51061576	62422274	8945	0.2275
c45a32aa-07e5-43d9-84f0-4e0aac523f92	20	62426487	64324800	768	0.1331
c45a32aa-07e5-43d9-84f0-4e0aac523f92	21	10354168	12996806	90	-0.65
c45a32aa-07e5-43d9-84f0-4e0aac523f92	21	12996886	15624562	1388	0.2608
c45a32aa-07e5-43d9-84f0-4e0aac523f92	21	15624877	15627809	2	-1.5072
c45a32aa-07e5-43d9-84f0-4e0aac523f92	21	15627868	17394221	1112	0.2603
c45a32aa-07e5-43d9-84f0-4e0aac523f92	21	17394548	17490397	73	0.0558
c45a32aa-07e5-43d9-84f0-4e0aac523f92	21	17491341	22278814	3624	0.2736
c45a32aa-07e5-43d9-84f0-4e0aac523f92	21	22283580	22292338	9	-4.6612
c45a32aa-07e5-43d9-84f0-4e0aac523f92	21	22294679	42780844	15611	0.2441
c45a32aa-07e5-43d9-84f0-4e0aac523f92	21	42781659	46677045	1917	0.1965
c45a32aa-07e5-43d9-84f0-4e0aac523f92	22	15294547	19089536	1232	0.2054
c45a32aa-07e5-43d9-84f0-4e0aac523f92	22	19090081	20583893	929	0.1212
c45a32aa-07e5-43d9-84f0-4e0aac523f92	22	20595545	20599032	7	-1.0724
c45a32aa-07e5-43d9-84f0-4e0aac523f92	22	20601876	20970019	397	0.1258
c45a32aa-07e5-43d9-84f0-4e0aac523f92	22	20970195	20975977	2	-1.4731
c45a32aa-07e5-43d9-84f0-4e0aac523f92	22	20977360	23929558	1811	0.1879
c45a32aa-07e5-43d9-84f0-4e0aac523f92	22	23940911	23946247	5	-0.9274
c45a32aa-07e5-43d9-84f0-4e0aac523f92	22	23950883	23987520	9	-0.0767
c45a32aa-07e5-43d9-84f0-4e0aac523f92	22	23988078	23990431	3	-2.2167
c45a32aa-07e5-43d9-84f0-4e0aac523f92	22	23990739	24685371	352	0.2022
c45a32aa-07e5-43d9-84f0-4e0aac523f92	22	24686148	24686548	2	-1.8224
c45a32aa-07e5-43d9-84f0-4e0aac523f92	22	24686567	24736531	46	0.071
c45a32aa-07e5-43d9-84f0-4e0aac523f92	22	24736591	29450334	3903	0.2369
c45a32aa-07e5-43d9-84f0-4e0aac523f92	22	29450350	31876535	1355	0.182
c45a32aa-07e5-43d9-84f0-4e0aac523f92	22	31879204	34977760	2724	0.2342
c45a32aa-07e5-43d9-84f0-4e0aac523f92	22	34978230	42581060	4392	0.192
c45a32aa-07e5-43d9-84f0-4e0aac523f92	22	42581184	49258594	5233	0.2322
c45a32aa-07e5-43d9-84f0-4e0aac523f92	22	49258649	50796027	850	0.1451
c45a32aa-07e5-43d9-84f0-4e0aac523f92	X	251810	155952689	83568	0.0027
c45a32aa-07e5-43d9-84f0-4e0aac523f92	Y	2782397	3024380	118	-2.9104
c45a32aa-07e5-43d9-84f0-4e0aac523f92	Y	3025189	6233355	665	-2.4757
c45a32aa-07e5-43d9-84f0-4e0aac523f92	Y	6233384	9330531	1445	-3.0287
c45a32aa-07e5-43d9-84f0-4e0aac523f92	Y	9332936	9550385	21	-4.7417
c45a32aa-07e5-43d9-84f0-4e0aac523f92	Y	9550653	13478396	1016	-2.9126
c45a32aa-07e5-43d9-84f0-4e0aac523f92	Y	13478462	13482643	3	-7.5522
c45a32aa-07e5-43d9-84f0-4e0aac523f92	Y	13483009	56872112	3372	-2.9742
