GDC_Aliquot	Chromosome	Start	End	Num_Probes	Segment_Mean
0ab89b5d-cef0-43bb-aa1f-2e3c87a46c6a	1	62920	3296382	735	0.3269
0ab89b5d-cef0-43bb-aa1f-2e3c87a46c6a	1	3298168	34637053	18179	0.0161
0ab89b5d-cef0-43bb-aa1f-2e3c87a46c6a	1	34637069	34638890	19	-0.5479
0ab89b5d-cef0-43bb-aa1f-2e3c87a46c6a	1	34648667	37383192	1455	0
0ab89b5d-cef0-43bb-aa1f-2e3c87a46c6a	1	37386112	37463098	49	0.377
0ab89b5d-cef0-43bb-aa1f-2e3c87a46c6a	1	37464644	39638912	1183	-0.0012
0ab89b5d-cef0-43bb-aa1f-2e3c87a46c6a	1	39648952	39688076	25	0.585
0ab89b5d-cef0-43bb-aa1f-2e3c87a46c6a	1	39688962	72303233	20888	-0.005
0ab89b5d-cef0-43bb-aa1f-2e3c87a46c6a	1	72303253	72345465	45	-1.4114
0ab89b5d-cef0-43bb-aa1f-2e3c87a46c6a	1	72346221	112147704	25364	-0.0062
0ab89b5d-cef0-43bb-aa1f-2e3c87a46c6a	1	112153343	112154768	25	0.6494
0ab89b5d-cef0-43bb-aa1f-2e3c87a46c6a	1	112163334	143494500	5131	-0.0068
0ab89b5d-cef0-43bb-aa1f-2e3c87a46c6a	1	143541857	143928045	125	-0.6316
0ab89b5d-cef0-43bb-aa1f-2e3c87a46c6a	1	143942271	152583291	2293	0.0148
0ab89b5d-cef0-43bb-aa1f-2e3c87a46c6a	1	152583319	152613762	29	-1.2462
0ab89b5d-cef0-43bb-aa1f-2e3c87a46c6a	1	152613802	152787202	168	-0.0118
0ab89b5d-cef0-43bb-aa1f-2e3c87a46c6a	1	152789447	152796224	37	-1.4267
0ab89b5d-cef0-43bb-aa1f-2e3c87a46c6a	1	152801429	189190130	24212	0.0005
0ab89b5d-cef0-43bb-aa1f-2e3c87a46c6a	1	189190239	189587827	240	-0.1615
0ab89b5d-cef0-43bb-aa1f-2e3c87a46c6a	1	189592718	194479104	3327	-0.0056
0ab89b5d-cef0-43bb-aa1f-2e3c87a46c6a	1	194482281	194485888	2	-2.1441
0ab89b5d-cef0-43bb-aa1f-2e3c87a46c6a	1	194487886	196745743	1438	-0.021
0ab89b5d-cef0-43bb-aa1f-2e3c87a46c6a	1	196758720	196846661	61	0.4018
0ab89b5d-cef0-43bb-aa1f-2e3c87a46c6a	1	196847600	231764695	23136	0.0038
0ab89b5d-cef0-43bb-aa1f-2e3c87a46c6a	1	231775548	231807819	31	0.5099
0ab89b5d-cef0-43bb-aa1f-2e3c87a46c6a	1	231812573	241666784	7660	0.0066
0ab89b5d-cef0-43bb-aa1f-2e3c87a46c6a	1	241667079	241684163	11	0.6951
0ab89b5d-cef0-43bb-aa1f-2e3c87a46c6a	1	241686128	241913398	195	0.0241
0ab89b5d-cef0-43bb-aa1f-2e3c87a46c6a	1	241914315	241989157	37	0.4115
0ab89b5d-cef0-43bb-aa1f-2e3c87a46c6a	1	241989530	246681868	3140	0.0097
0ab89b5d-cef0-43bb-aa1f-2e3c87a46c6a	1	246682563	246703903	16	0.5964
0ab89b5d-cef0-43bb-aa1f-2e3c87a46c6a	1	246706315	247775109	664	0.0021
0ab89b5d-cef0-43bb-aa1f-2e3c87a46c6a	1	247775446	247775555	2	1.9323
0ab89b5d-cef0-43bb-aa1f-2e3c87a46c6a	1	247775696	248446755	421	-0.0756
0ab89b5d-cef0-43bb-aa1f-2e3c87a46c6a	1	248447206	248477891	12	-0.4447
0ab89b5d-cef0-43bb-aa1f-2e3c87a46c6a	1	248520099	248930189	188	0.1262
0ab89b5d-cef0-43bb-aa1f-2e3c87a46c6a	2	12784	191931	106	0.0909
0ab89b5d-cef0-43bb-aa1f-2e3c87a46c6a	2	192773	219558	18	0.5685
0ab89b5d-cef0-43bb-aa1f-2e3c87a46c6a	2	224086	1880129	1087	0.0712
0ab89b5d-cef0-43bb-aa1f-2e3c87a46c6a	2	1880297	32849432	21448	0.0122
0ab89b5d-cef0-43bb-aa1f-2e3c87a46c6a	2	32853417	32904972	35	0.4035
0ab89b5d-cef0-43bb-aa1f-2e3c87a46c6a	2	32908249	34295406	1120	-0.0123
0ab89b5d-cef0-43bb-aa1f-2e3c87a46c6a	2	34298911	34300513	2	-1.5663
0ab89b5d-cef0-43bb-aa1f-2e3c87a46c6a	2	34300900	34437911	85	0.0269
0ab89b5d-cef0-43bb-aa1f-2e3c87a46c6a	2	34438291	34515690	59	-0.2988
0ab89b5d-cef0-43bb-aa1f-2e3c87a46c6a	2	34515732	50643235	11612	-0.0035
0ab89b5d-cef0-43bb-aa1f-2e3c87a46c6a	2	50643474	51211358	404	-0.1207
0ab89b5d-cef0-43bb-aa1f-2e3c87a46c6a	2	51211453	52527330	870	-0.0321
0ab89b5d-cef0-43bb-aa1f-2e3c87a46c6a	2	52527342	52554404	39	-2.4914
0ab89b5d-cef0-43bb-aa1f-2e3c87a46c6a	2	52560811	76617340	15424	0.0017
0ab89b5d-cef0-43bb-aa1f-2e3c87a46c6a	2	76618047	76620460	6	-1.0715
0ab89b5d-cef0-43bb-aa1f-2e3c87a46c6a	2	76620500	78618597	1279	0.0008
0ab89b5d-cef0-43bb-aa1f-2e3c87a46c6a	2	78619791	79757374	854	-0.0698
0ab89b5d-cef0-43bb-aa1f-2e3c87a46c6a	2	79758293	86710564	4195	0.0066
0ab89b5d-cef0-43bb-aa1f-2e3c87a46c6a	2	86725947	86726731	2	-1.5284
0ab89b5d-cef0-43bb-aa1f-2e3c87a46c6a	2	86743283	97192190	1896	0.0225
0ab89b5d-cef0-43bb-aa1f-2e3c87a46c6a	2	97199600	97211436	14	-0.7709
0ab89b5d-cef0-43bb-aa1f-2e3c87a46c6a	2	97310327	106263639	5549	0.0044
0ab89b5d-cef0-43bb-aa1f-2e3c87a46c6a	2	106264257	106268901	11	0.9394
0ab89b5d-cef0-43bb-aa1f-2e3c87a46c6a	2	106270799	128880504	13295	-0.0008
0ab89b5d-cef0-43bb-aa1f-2e3c87a46c6a	2	128880904	128882755	16	-0.6161
0ab89b5d-cef0-43bb-aa1f-2e3c87a46c6a	2	128888874	146104517	10340	0.0008
0ab89b5d-cef0-43bb-aa1f-2e3c87a46c6a	2	146106836	146109366	24	0.7966
0ab89b5d-cef0-43bb-aa1f-2e3c87a46c6a	2	146120238	159102108	7727	0.0093
0ab89b5d-cef0-43bb-aa1f-2e3c87a46c6a	2	159103831	159104461	2	-2.8003
0ab89b5d-cef0-43bb-aa1f-2e3c87a46c6a	2	159106775	185156205	16154	0.0031
0ab89b5d-cef0-43bb-aa1f-2e3c87a46c6a	2	185156597	186031936	428	-0.1281
0ab89b5d-cef0-43bb-aa1f-2e3c87a46c6a	2	186032030	188254196	1197	-0.0126
0ab89b5d-cef0-43bb-aa1f-2e3c87a46c6a	2	188255201	188262203	4	-2.6223
0ab89b5d-cef0-43bb-aa1f-2e3c87a46c6a	2	188264331	207485467	11135	-0.0013
0ab89b5d-cef0-43bb-aa1f-2e3c87a46c6a	2	207485523	207485538	2	-1.6447
0ab89b5d-cef0-43bb-aa1f-2e3c87a46c6a	2	207485595	212310354	3024	0.001
0ab89b5d-cef0-43bb-aa1f-2e3c87a46c6a	2	212310562	212327101	32	-0.7059
0ab89b5d-cef0-43bb-aa1f-2e3c87a46c6a	2	212327402	232315703	12680	0.0009
0ab89b5d-cef0-43bb-aa1f-2e3c87a46c6a	2	232319832	232444356	89	0.3132
0ab89b5d-cef0-43bb-aa1f-2e3c87a46c6a	2	232447215	236894723	3067	0.0158
0ab89b5d-cef0-43bb-aa1f-2e3c87a46c6a	2	236894890	236895339	5	-0.8938
0ab89b5d-cef0-43bb-aa1f-2e3c87a46c6a	2	236895449	241514649	2843	0.0343
0ab89b5d-cef0-43bb-aa1f-2e3c87a46c6a	2	241515154	242147305	205	0.2308
0ab89b5d-cef0-43bb-aa1f-2e3c87a46c6a	3	20930	175497	143	0.0554
0ab89b5d-cef0-43bb-aa1f-2e3c87a46c6a	3	175585	930467	582	-0.1226
0ab89b5d-cef0-43bb-aa1f-2e3c87a46c6a	3	933963	974313	35	0.4617
0ab89b5d-cef0-43bb-aa1f-2e3c87a46c6a	3	974474	2761418	1601	-0.1009
0ab89b5d-cef0-43bb-aa1f-2e3c87a46c6a	3	2761620	6604856	3375	-0.0225
0ab89b5d-cef0-43bb-aa1f-2e3c87a46c6a	3	6609441	6611645	23	-0.8223
0ab89b5d-cef0-43bb-aa1f-2e3c87a46c6a	3	6613391	10151264	2737	-0.0055
0ab89b5d-cef0-43bb-aa1f-2e3c87a46c6a	3	10151932	10254199	91	0.2889
0ab89b5d-cef0-43bb-aa1f-2e3c87a46c6a	3	10257779	21642638	7453	-0.002
0ab89b5d-cef0-43bb-aa1f-2e3c87a46c6a	3	21643597	22283706	601	-0.1198
0ab89b5d-cef0-43bb-aa1f-2e3c87a46c6a	3	22283721	37935926	10731	-0.0099
0ab89b5d-cef0-43bb-aa1f-2e3c87a46c6a	3	37940617	37945437	18	-0.9094
0ab89b5d-cef0-43bb-aa1f-2e3c87a46c6a	3	37945615	59949517	12822	0.0001
0ab89b5d-cef0-43bb-aa1f-2e3c87a46c6a	3	59950078	60531830	712	-0.0949
0ab89b5d-cef0-43bb-aa1f-2e3c87a46c6a	3	60531963	60579412	45	0.4025
0ab89b5d-cef0-43bb-aa1f-2e3c87a46c6a	3	60579493	75519398	11336	-0.002
0ab89b5d-cef0-43bb-aa1f-2e3c87a46c6a	3	75523398	75537654	6	-2.1578
0ab89b5d-cef0-43bb-aa1f-2e3c87a46c6a	3	75546030	99217783	10888	-0.0132
0ab89b5d-cef0-43bb-aa1f-2e3c87a46c6a	3	99218119	99226551	17	-0.4962
0ab89b5d-cef0-43bb-aa1f-2e3c87a46c6a	3	99226566	99230212	12	-1.1189
0ab89b5d-cef0-43bb-aa1f-2e3c87a46c6a	3	99230225	99230577	11	-0.4046
0ab89b5d-cef0-43bb-aa1f-2e3c87a46c6a	3	99232120	128564019	17882	-0.0042
0ab89b5d-cef0-43bb-aa1f-2e3c87a46c6a	3	128567525	128598630	16	0.659
0ab89b5d-cef0-43bb-aa1f-2e3c87a46c6a	3	128606159	136300257	4689	-0.0018
0ab89b5d-cef0-43bb-aa1f-2e3c87a46c6a	3	136304109	136306584	2	1.4938
0ab89b5d-cef0-43bb-aa1f-2e3c87a46c6a	3	136319699	140544380	2491	0.009
0ab89b5d-cef0-43bb-aa1f-2e3c87a46c6a	3	140551728	140560160	6	-0.8181
0ab89b5d-cef0-43bb-aa1f-2e3c87a46c6a	3	140563242	146588683	3749	-0.0076
0ab89b5d-cef0-43bb-aa1f-2e3c87a46c6a	3	146591685	147633197	569	-0.0992
0ab89b5d-cef0-43bb-aa1f-2e3c87a46c6a	3	147633656	149245176	1004	0.0018
0ab89b5d-cef0-43bb-aa1f-2e3c87a46c6a	3	149245189	149250334	26	-0.6969
0ab89b5d-cef0-43bb-aa1f-2e3c87a46c6a	3	149253293	150791817	897	-0.0021
0ab89b5d-cef0-43bb-aa1f-2e3c87a46c6a	3	150792296	150841351	33	0.3707
0ab89b5d-cef0-43bb-aa1f-2e3c87a46c6a	3	150844331	162819035	7361	-0.0087
0ab89b5d-cef0-43bb-aa1f-2e3c87a46c6a	3	162822221	162908784	52	0.4115
0ab89b5d-cef0-43bb-aa1f-2e3c87a46c6a	3	162908815	175346444	7561	-0.0163
0ab89b5d-cef0-43bb-aa1f-2e3c87a46c6a	3	175346694	176084277	483	-0.1266
0ab89b5d-cef0-43bb-aa1f-2e3c87a46c6a	3	176086906	180753918	2883	-0.0024
0ab89b5d-cef0-43bb-aa1f-2e3c87a46c6a	3	180755037	180759715	4	-1.2312
0ab89b5d-cef0-43bb-aa1f-2e3c87a46c6a	3	180761369	193160256	8090	0.0065
0ab89b5d-cef0-43bb-aa1f-2e3c87a46c6a	3	193160406	193165114	17	-1.1607
0ab89b5d-cef0-43bb-aa1f-2e3c87a46c6a	3	193168646	195728990	1501	0.0206
0ab89b5d-cef0-43bb-aa1f-2e3c87a46c6a	3	195729005	195991894	104	0.2335
0ab89b5d-cef0-43bb-aa1f-2e3c87a46c6a	3	195998433	196748900	366	0.0166
0ab89b5d-cef0-43bb-aa1f-2e3c87a46c6a	3	196749172	197025047	135	0.2321
0ab89b5d-cef0-43bb-aa1f-2e3c87a46c6a	3	197025852	198169247	574	0.0356
0ab89b5d-cef0-43bb-aa1f-2e3c87a46c6a	4	68929	604299	221	0.0126
0ab89b5d-cef0-43bb-aa1f-2e3c87a46c6a	4	605741	1041640	124	0.2709
0ab89b5d-cef0-43bb-aa1f-2e3c87a46c6a	4	1051323	7418848	3839	0.0118
0ab89b5d-cef0-43bb-aa1f-2e3c87a46c6a	4	7419058	7465589	47	0.4129
0ab89b5d-cef0-43bb-aa1f-2e3c87a46c6a	4	7468311	9455251	892	0.0254
0ab89b5d-cef0-43bb-aa1f-2e3c87a46c6a	4	9459504	9477699	6	0.9355
0ab89b5d-cef0-43bb-aa1f-2e3c87a46c6a	4	9484440	10208766	535	0.0281
0ab89b5d-cef0-43bb-aa1f-2e3c87a46c6a	4	10221792	10229874	28	-1.9334
0ab89b5d-cef0-43bb-aa1f-2e3c87a46c6a	4	10232590	10389091	176	0.0039
0ab89b5d-cef0-43bb-aa1f-2e3c87a46c6a	4	10390730	10401094	17	0.6678
0ab89b5d-cef0-43bb-aa1f-2e3c87a46c6a	4	10401122	42905004	22013	-0.0057
0ab89b5d-cef0-43bb-aa1f-2e3c87a46c6a	4	42905180	43311097	296	-0.1665
0ab89b5d-cef0-43bb-aa1f-2e3c87a46c6a	4	43311230	49508382	3292	-0.0148
0ab89b5d-cef0-43bb-aa1f-2e3c87a46c6a	4	49509185	49654496	12	-0.7108
0ab89b5d-cef0-43bb-aa1f-2e3c87a46c6a	4	49654578	63171771	7161	-0.0089
0ab89b5d-cef0-43bb-aa1f-2e3c87a46c6a	4	63174709	63289120	46	-0.444
0ab89b5d-cef0-43bb-aa1f-2e3c87a46c6a	4	63292771	68509630	3177	-0.0056
0ab89b5d-cef0-43bb-aa1f-2e3c87a46c6a	4	68524574	69255175	371	-0.1434
0ab89b5d-cef0-43bb-aa1f-2e3c87a46c6a	4	69255532	69523998	167	0.0426
0ab89b5d-cef0-43bb-aa1f-2e3c87a46c6a	4	69524143	69525061	2	-1.9163
0ab89b5d-cef0-43bb-aa1f-2e3c87a46c6a	4	69526170	115244712	27610	-0.0067
0ab89b5d-cef0-43bb-aa1f-2e3c87a46c6a	4	115244948	115259214	27	-0.742
0ab89b5d-cef0-43bb-aa1f-2e3c87a46c6a	4	115259399	148565477	19508	-0.0056
0ab89b5d-cef0-43bb-aa1f-2e3c87a46c6a	4	148572041	148572350	3	-1.4968
0ab89b5d-cef0-43bb-aa1f-2e3c87a46c6a	4	148573002	155963816	4461	0.0052
0ab89b5d-cef0-43bb-aa1f-2e3c87a46c6a	4	155964001	155967367	8	-0.7918
0ab89b5d-cef0-43bb-aa1f-2e3c87a46c6a	4	155969109	156035480	52	0.1449
0ab89b5d-cef0-43bb-aa1f-2e3c87a46c6a	4	156046823	156053545	17	-0.7134
0ab89b5d-cef0-43bb-aa1f-2e3c87a46c6a	4	156060895	160963825	3045	-0.0077
0ab89b5d-cef0-43bb-aa1f-2e3c87a46c6a	4	160963857	161124201	127	-0.2302
0ab89b5d-cef0-43bb-aa1f-2e3c87a46c6a	4	161125190	170346931	5793	-0.0079
0ab89b5d-cef0-43bb-aa1f-2e3c87a46c6a	4	170346943	170352007	6	-0.8838
0ab89b5d-cef0-43bb-aa1f-2e3c87a46c6a	4	170352863	171448195	677	-0.0337
0ab89b5d-cef0-43bb-aa1f-2e3c87a46c6a	4	171453733	171456106	5	1.203
0ab89b5d-cef0-43bb-aa1f-2e3c87a46c6a	4	171456122	172067997	399	0.0035
0ab89b5d-cef0-43bb-aa1f-2e3c87a46c6a	4	172068015	172068382	11	0.8139
0ab89b5d-cef0-43bb-aa1f-2e3c87a46c6a	4	172074828	178423755	3815	-0.0165
0ab89b5d-cef0-43bb-aa1f-2e3c87a46c6a	4	178424745	178756044	248	-0.1948
0ab89b5d-cef0-43bb-aa1f-2e3c87a46c6a	4	178758654	182766636	3079	-0.0297
0ab89b5d-cef0-43bb-aa1f-2e3c87a46c6a	4	182767086	182933850	119	0.1835
0ab89b5d-cef0-43bb-aa1f-2e3c87a46c6a	4	182936904	188041415	3403	0.0071
0ab89b5d-cef0-43bb-aa1f-2e3c87a46c6a	4	188042043	188463625	308	0.0989
0ab89b5d-cef0-43bb-aa1f-2e3c87a46c6a	4	188468920	190106768	996	-0.0542
0ab89b5d-cef0-43bb-aa1f-2e3c87a46c6a	5	15532	1933841	943	0.1453
0ab89b5d-cef0-43bb-aa1f-2e3c87a46c6a	5	1934376	9343801	6522	-0.0091
0ab89b5d-cef0-43bb-aa1f-2e3c87a46c6a	5	9343940	9364792	34	0.6246
0ab89b5d-cef0-43bb-aa1f-2e3c87a46c6a	5	9367554	11161513	1538	0.0006
0ab89b5d-cef0-43bb-aa1f-2e3c87a46c6a	5	11162524	11162659	3	-2.5253
0ab89b5d-cef0-43bb-aa1f-2e3c87a46c6a	5	11167165	21376735	6504	-0.0102
0ab89b5d-cef0-43bb-aa1f-2e3c87a46c6a	5	21377730	21377744	2	2.7869
0ab89b5d-cef0-43bb-aa1f-2e3c87a46c6a	5	21385957	21451168	46	-0.1644
0ab89b5d-cef0-43bb-aa1f-2e3c87a46c6a	5	21451855	21452329	3	1.2538
0ab89b5d-cef0-43bb-aa1f-2e3c87a46c6a	5	21452387	28647487	4131	-0.0069
0ab89b5d-cef0-43bb-aa1f-2e3c87a46c6a	5	28650212	28707450	44	-0.3312
0ab89b5d-cef0-43bb-aa1f-2e3c87a46c6a	5	28710776	45364957	10398	-0.0017
0ab89b5d-cef0-43bb-aa1f-2e3c87a46c6a	5	45377176	45962254	227	-0.1593
0ab89b5d-cef0-43bb-aa1f-2e3c87a46c6a	5	45973346	63295956	8556	-0.0083
0ab89b5d-cef0-43bb-aa1f-2e3c87a46c6a	5	63296119	63675365	214	-0.1974
0ab89b5d-cef0-43bb-aa1f-2e3c87a46c6a	5	63677362	79173181	8740	0.0048
0ab89b5d-cef0-43bb-aa1f-2e3c87a46c6a	5	79174765	79196134	10	0.74
0ab89b5d-cef0-43bb-aa1f-2e3c87a46c6a	5	79196213	82906741	2226	-0.0034
0ab89b5d-cef0-43bb-aa1f-2e3c87a46c6a	5	82906919	82906934	2	-1.9997
0ab89b5d-cef0-43bb-aa1f-2e3c87a46c6a	5	82907079	97709417	8093	-0.007
0ab89b5d-cef0-43bb-aa1f-2e3c87a46c6a	5	97712762	97763616	43	-1.0821
0ab89b5d-cef0-43bb-aa1f-2e3c87a46c6a	5	97763980	97780983	7	-0.1363
0ab89b5d-cef0-43bb-aa1f-2e3c87a46c6a	5	97781157	97784803	4	-1.1967
0ab89b5d-cef0-43bb-aa1f-2e3c87a46c6a	5	97789963	99137191	754	-0.0194
0ab89b5d-cef0-43bb-aa1f-2e3c87a46c6a	5	99139536	102048019	1721	-0.091
0ab89b5d-cef0-43bb-aa1f-2e3c87a46c6a	5	102048099	140838745	24350	-0.0059
0ab89b5d-cef0-43bb-aa1f-2e3c87a46c6a	5	140839137	140874401	16	-0.7715
0ab89b5d-cef0-43bb-aa1f-2e3c87a46c6a	5	140874533	171974677	21144	-0.0031
0ab89b5d-cef0-43bb-aa1f-2e3c87a46c6a	5	171974775	172229097	182	0.2027
0ab89b5d-cef0-43bb-aa1f-2e3c87a46c6a	5	172229144	174727340	1901	0.0213
0ab89b5d-cef0-43bb-aa1f-2e3c87a46c6a	5	174743736	174761029	15	0.6635
0ab89b5d-cef0-43bb-aa1f-2e3c87a46c6a	5	174761886	176710877	1166	0.0239
0ab89b5d-cef0-43bb-aa1f-2e3c87a46c6a	5	176711246	176882170	76	0.3053
0ab89b5d-cef0-43bb-aa1f-2e3c87a46c6a	5	176882853	180947523	2144	0.0223
0ab89b5d-cef0-43bb-aa1f-2e3c87a46c6a	5	180951710	181015400	21	0.5983
0ab89b5d-cef0-43bb-aa1f-2e3c87a46c6a	5	181015441	181363319	166	0.111
0ab89b5d-cef0-43bb-aa1f-2e3c87a46c6a	6	149661	820158	562	0.0518
0ab89b5d-cef0-43bb-aa1f-2e3c87a46c6a	6	821138	847346	22	0.7084
0ab89b5d-cef0-43bb-aa1f-2e3c87a46c6a	6	847668	29869411	20910	0.0017
0ab89b5d-cef0-43bb-aa1f-2e3c87a46c6a	6	29869537	29882419	15	-0.886
0ab89b5d-cef0-43bb-aa1f-2e3c87a46c6a	6	29882497	31313046	651	0.0314
0ab89b5d-cef0-43bb-aa1f-2e3c87a46c6a	6	31318499	31328176	7	-1.9192
0ab89b5d-cef0-43bb-aa1f-2e3c87a46c6a	6	31328210	31516906	162	0.0264
0ab89b5d-cef0-43bb-aa1f-2e3c87a46c6a	6	31526111	32220006	179	0.2251
0ab89b5d-cef0-43bb-aa1f-2e3c87a46c6a	6	32221255	32641650	211	-0.0201
0ab89b5d-cef0-43bb-aa1f-2e3c87a46c6a	6	32656527	32682835	7	-0.9022
0ab89b5d-cef0-43bb-aa1f-2e3c87a46c6a	6	32686863	33969714	785	-0.0021
0ab89b5d-cef0-43bb-aa1f-2e3c87a46c6a	6	33969768	33976995	17	0.5541
0ab89b5d-cef0-43bb-aa1f-2e3c87a46c6a	6	33977053	52759800	11831	0.0075
0ab89b5d-cef0-43bb-aa1f-2e3c87a46c6a	6	52760252	52760977	2	1.7356
0ab89b5d-cef0-43bb-aa1f-2e3c87a46c6a	6	52761471	54066353	972	-0.0043
0ab89b5d-cef0-43bb-aa1f-2e3c87a46c6a	6	54066432	54067057	6	-1.0143
0ab89b5d-cef0-43bb-aa1f-2e3c87a46c6a	6	54070550	57874363	1993	-0.0037
0ab89b5d-cef0-43bb-aa1f-2e3c87a46c6a	6	57887150	61785958	718	-0.1156
0ab89b5d-cef0-43bb-aa1f-2e3c87a46c6a	6	61786761	66497046	2762	-0.017
0ab89b5d-cef0-43bb-aa1f-2e3c87a46c6a	6	66497665	66503019	4	-1.1694
0ab89b5d-cef0-43bb-aa1f-2e3c87a46c6a	6	66503105	73882142	4826	-0.0191
0ab89b5d-cef0-43bb-aa1f-2e3c87a46c6a	6	73882509	73891694	10	0.823
0ab89b5d-cef0-43bb-aa1f-2e3c87a46c6a	6	73893839	76726815	1759	-0.0183
0ab89b5d-cef0-43bb-aa1f-2e3c87a46c6a	6	76730151	76732919	9	-3.706
0ab89b5d-cef0-43bb-aa1f-2e3c87a46c6a	6	76733502	76743040	11	-1.2204
0ab89b5d-cef0-43bb-aa1f-2e3c87a46c6a	6	76751356	78252909	967	-0.0077
0ab89b5d-cef0-43bb-aa1f-2e3c87a46c6a	6	78253157	78325468	112	0.4164
0ab89b5d-cef0-43bb-aa1f-2e3c87a46c6a	6	78329517	93765426	9825	-0.0078
0ab89b5d-cef0-43bb-aa1f-2e3c87a46c6a	6	93768888	95393356	783	-0.1743
0ab89b5d-cef0-43bb-aa1f-2e3c87a46c6a	6	95393618	167038038	46380	-0.002
0ab89b5d-cef0-43bb-aa1f-2e3c87a46c6a	6	167038108	168899243	1036	0.0992
0ab89b5d-cef0-43bb-aa1f-2e3c87a46c6a	6	168899279	169760931	727	0.0139
0ab89b5d-cef0-43bb-aa1f-2e3c87a46c6a	6	169761194	170320977	230	0.1472
0ab89b5d-cef0-43bb-aa1f-2e3c87a46c6a	6	170325384	170741917	193	-0.0075
0ab89b5d-cef0-43bb-aa1f-2e3c87a46c6a	7	43355	1312909	383	0.1827
0ab89b5d-cef0-43bb-aa1f-2e3c87a46c6a	7	1315896	5767502	2597	0.0325
0ab89b5d-cef0-43bb-aa1f-2e3c87a46c6a	7	5767510	5916628	64	0.2165
0ab89b5d-cef0-43bb-aa1f-2e3c87a46c6a	7	5925822	5964274	7	0.754
0ab89b5d-cef0-43bb-aa1f-2e3c87a46c6a	7	5986976	6394456	188	0.061
0ab89b5d-cef0-43bb-aa1f-2e3c87a46c6a	7	6395273	8681890	1706	-0.0181
0ab89b5d-cef0-43bb-aa1f-2e3c87a46c6a	7	8686209	10571348	1493	-0.079
0ab89b5d-cef0-43bb-aa1f-2e3c87a46c6a	7	10571946	17067443	5230	-0.0077
0ab89b5d-cef0-43bb-aa1f-2e3c87a46c6a	7	17068420	17756384	558	-0.1433
0ab89b5d-cef0-43bb-aa1f-2e3c87a46c6a	7	17759717	19281867	1337	-0.0183
0ab89b5d-cef0-43bb-aa1f-2e3c87a46c6a	7	19282058	19751382	371	-0.1422
0ab89b5d-cef0-43bb-aa1f-2e3c87a46c6a	7	19751548	38254500	13234	0.0013
0ab89b5d-cef0-43bb-aa1f-2e3c87a46c6a	7	38255395	38312374	82	-0.3295
0ab89b5d-cef0-43bb-aa1f-2e3c87a46c6a	7	38312418	70837653	16981	-0.0017
0ab89b5d-cef0-43bb-aa1f-2e3c87a46c6a	7	70843986	70885096	28	0.4466
0ab89b5d-cef0-43bb-aa1f-2e3c87a46c6a	7	70892038	88533963	9705	0.0013
0ab89b5d-cef0-43bb-aa1f-2e3c87a46c6a	7	88534253	90216589	1117	-0.1273
0ab89b5d-cef0-43bb-aa1f-2e3c87a46c6a	7	90217022	101409205	6334	0.0047
0ab89b5d-cef0-43bb-aa1f-2e3c87a46c6a	7	101416451	101416668	2	-2.3356
0ab89b5d-cef0-43bb-aa1f-2e3c87a46c6a	7	101419630	101491943	38	0.3293
0ab89b5d-cef0-43bb-aa1f-2e3c87a46c6a	7	101494033	105284186	2079	-0.002
0ab89b5d-cef0-43bb-aa1f-2e3c87a46c6a	7	105287900	105517609	102	0.155
0ab89b5d-cef0-43bb-aa1f-2e3c87a46c6a	7	105519977	105526073	3	-1.7538
0ab89b5d-cef0-43bb-aa1f-2e3c87a46c6a	7	105526329	109801155	2818	-0.0129
0ab89b5d-cef0-43bb-aa1f-2e3c87a46c6a	7	109801187	109814214	14	-0.5959
0ab89b5d-cef0-43bb-aa1f-2e3c87a46c6a	7	109818333	126405502	9958	-0.0115
0ab89b5d-cef0-43bb-aa1f-2e3c87a46c6a	7	126405597	126406561	10	-1.0868
0ab89b5d-cef0-43bb-aa1f-2e3c87a46c6a	7	126406822	132000131	3257	-0.0022
0ab89b5d-cef0-43bb-aa1f-2e3c87a46c6a	7	132000775	132202335	149	0.2355
0ab89b5d-cef0-43bb-aa1f-2e3c87a46c6a	7	132203505	134100442	1263	-0.0139
0ab89b5d-cef0-43bb-aa1f-2e3c87a46c6a	7	134100458	134100587	3	-1.8408
0ab89b5d-cef0-43bb-aa1f-2e3c87a46c6a	7	134100624	142063324	5182	0.0011
0ab89b5d-cef0-43bb-aa1f-2e3c87a46c6a	7	142069843	142083169	16	-0.9642
0ab89b5d-cef0-43bb-aa1f-2e3c87a46c6a	7	142084696	142087828	8	-0.5234
0ab89b5d-cef0-43bb-aa1f-2e3c87a46c6a	7	142087846	142623838	356	-0.0188
0ab89b5d-cef0-43bb-aa1f-2e3c87a46c6a	7	142629786	142741721	67	-0.2886
0ab89b5d-cef0-43bb-aa1f-2e3c87a46c6a	7	142746647	157367892	9160	0.0022
0ab89b5d-cef0-43bb-aa1f-2e3c87a46c6a	7	157368403	158963649	981	0.0518
0ab89b5d-cef0-43bb-aa1f-2e3c87a46c6a	7	158964182	158965920	2	-2.3508
0ab89b5d-cef0-43bb-aa1f-2e3c87a46c6a	7	158966372	159334314	242	0.1251
0ab89b5d-cef0-43bb-aa1f-2e3c87a46c6a	8	81254	2613070	1777	0.0473
0ab89b5d-cef0-43bb-aa1f-2e3c87a46c6a	8	2613271	6019548	4551	-0.0502
0ab89b5d-cef0-43bb-aa1f-2e3c87a46c6a	8	6019655	7414835	1355	0.014
0ab89b5d-cef0-43bb-aa1f-2e3c87a46c6a	8	7422376	7537162	13	0.5691
0ab89b5d-cef0-43bb-aa1f-2e3c87a46c6a	8	7598502	7888846	8	-0.1392
0ab89b5d-cef0-43bb-aa1f-2e3c87a46c6a	8	7889612	7890177	2	-1.6861
0ab89b5d-cef0-43bb-aa1f-2e3c87a46c6a	8	7919608	11792966	3052	0.0119
0ab89b5d-cef0-43bb-aa1f-2e3c87a46c6a	8	11794028	12385006	188	0.1752
0ab89b5d-cef0-43bb-aa1f-2e3c87a46c6a	8	12385014	13257581	564	0.0034
0ab89b5d-cef0-43bb-aa1f-2e3c87a46c6a	8	13257865	17130918	3520	-0.0405
0ab89b5d-cef0-43bb-aa1f-2e3c87a46c6a	8	17131055	23544795	5120	0.0088
0ab89b5d-cef0-43bb-aa1f-2e3c87a46c6a	8	23550227	23550358	5	-1.0506
0ab89b5d-cef0-43bb-aa1f-2e3c87a46c6a	8	23550392	39372664	10093	0.0016
0ab89b5d-cef0-43bb-aa1f-2e3c87a46c6a	8	39372806	39527450	59	0.938
0ab89b5d-cef0-43bb-aa1f-2e3c87a46c6a	8	39527675	46089809	2612	-0.0023
0ab89b5d-cef0-43bb-aa1f-2e3c87a46c6a	8	46090027	46230876	40	0.348
0ab89b5d-cef0-43bb-aa1f-2e3c87a46c6a	8	46235537	57005385	6358	-0.0067
0ab89b5d-cef0-43bb-aa1f-2e3c87a46c6a	8	57006920	57016644	7	-0.9564
0ab89b5d-cef0-43bb-aa1f-2e3c87a46c6a	8	57025292	61403148	2972	0.0097
0ab89b5d-cef0-43bb-aa1f-2e3c87a46c6a	8	61404102	61407565	2	-1.6921
0ab89b5d-cef0-43bb-aa1f-2e3c87a46c6a	8	61412545	111282417	29684	-0.0008
0ab89b5d-cef0-43bb-aa1f-2e3c87a46c6a	8	111282441	111282973	4	1.3497
0ab89b5d-cef0-43bb-aa1f-2e3c87a46c6a	8	111283016	114619065	1803	0.0107
0ab89b5d-cef0-43bb-aa1f-2e3c87a46c6a	8	114619207	114629340	34	-0.5514
0ab89b5d-cef0-43bb-aa1f-2e3c87a46c6a	8	114629356	140990632	19107	-0.001
0ab89b5d-cef0-43bb-aa1f-2e3c87a46c6a	8	140990666	142423108	863	0.1991
0ab89b5d-cef0-43bb-aa1f-2e3c87a46c6a	8	142423309	144177507	587	0.056
0ab89b5d-cef0-43bb-aa1f-2e3c87a46c6a	8	144177593	144704158	170	0.376
0ab89b5d-cef0-43bb-aa1f-2e3c87a46c6a	8	144706529	145044132	169	0.1169
0ab89b5d-cef0-43bb-aa1f-2e3c87a46c6a	8	145045275	145072769	16	0.4138
0ab89b5d-cef0-43bb-aa1f-2e3c87a46c6a	9	46587	6553298	6191	-0.0113
0ab89b5d-cef0-43bb-aa1f-2e3c87a46c6a	9	6555079	6797634	182	0.1997
0ab89b5d-cef0-43bb-aa1f-2e3c87a46c6a	9	6798091	9234411	2365	-0.0136
0ab89b5d-cef0-43bb-aa1f-2e3c87a46c6a	9	9237662	9404039	159	-0.2123
0ab89b5d-cef0-43bb-aa1f-2e3c87a46c6a	9	9404090	10284056	879	-0.0447
0ab89b5d-cef0-43bb-aa1f-2e3c87a46c6a	9	10284969	10504460	162	-0.2333
0ab89b5d-cef0-43bb-aa1f-2e3c87a46c6a	9	10505619	11271267	652	-0.0148
0ab89b5d-cef0-43bb-aa1f-2e3c87a46c6a	9	11274289	12637203	1058	-0.1344
0ab89b5d-cef0-43bb-aa1f-2e3c87a46c6a	9	12637450	28309880	12318	-0.0122
0ab89b5d-cef0-43bb-aa1f-2e3c87a46c6a	9	28310572	28311631	2	1.7402
0ab89b5d-cef0-43bb-aa1f-2e3c87a46c6a	9	28312063	28570654	164	0.0248
0ab89b5d-cef0-43bb-aa1f-2e3c87a46c6a	9	28571237	28887554	254	-0.1928
0ab89b5d-cef0-43bb-aa1f-2e3c87a46c6a	9	28889800	42585140	6637	-0.01
0ab89b5d-cef0-43bb-aa1f-2e3c87a46c6a	9	42697878	42726239	12	0.8754
0ab89b5d-cef0-43bb-aa1f-2e3c87a46c6a	9	42727685	61405110	42	0.0862
0ab89b5d-cef0-43bb-aa1f-2e3c87a46c6a	9	61520021	61573452	19	-1.16
0ab89b5d-cef0-43bb-aa1f-2e3c87a46c6a	9	61574022	137335994	47321	0.0008
0ab89b5d-cef0-43bb-aa1f-2e3c87a46c6a	9	137339754	137361381	12	0.8964
0ab89b5d-cef0-43bb-aa1f-2e3c87a46c6a	9	137378551	138200944	407	0.0961
0ab89b5d-cef0-43bb-aa1f-2e3c87a46c6a	10	45792	453633	231	0.0857
0ab89b5d-cef0-43bb-aa1f-2e3c87a46c6a	10	454846	506468	44	0.5272
0ab89b5d-cef0-43bb-aa1f-2e3c87a46c6a	10	510189	46606240	31199	0.0018
0ab89b5d-cef0-43bb-aa1f-2e3c87a46c6a	10	46617422	46632302	4	-3.5794
0ab89b5d-cef0-43bb-aa1f-2e3c87a46c6a	10	46657149	46810571	10	-0.7478
0ab89b5d-cef0-43bb-aa1f-2e3c87a46c6a	10	46836986	55148022	5404	-0.0042
0ab89b5d-cef0-43bb-aa1f-2e3c87a46c6a	10	55148139	55727624	401	-0.1135
0ab89b5d-cef0-43bb-aa1f-2e3c87a46c6a	10	55728051	55731575	6	-0.9569
0ab89b5d-cef0-43bb-aa1f-2e3c87a46c6a	10	55740103	56047727	198	-0.1588
0ab89b5d-cef0-43bb-aa1f-2e3c87a46c6a	10	56048304	76493093	13329	-0.0029
0ab89b5d-cef0-43bb-aa1f-2e3c87a46c6a	10	76497303	76497852	2	2.2704
0ab89b5d-cef0-43bb-aa1f-2e3c87a46c6a	10	76501509	130399271	37100	-0.0019
0ab89b5d-cef0-43bb-aa1f-2e3c87a46c6a	10	130400999	133654968	2039	0.07
0ab89b5d-cef0-43bb-aa1f-2e3c87a46c6a	11	198510	252318	33	0.0645
0ab89b5d-cef0-43bb-aa1f-2e3c87a46c6a	11	252649	461793	73	0.3659
0ab89b5d-cef0-43bb-aa1f-2e3c87a46c6a	11	465073	1659997	409	0.0292
0ab89b5d-cef0-43bb-aa1f-2e3c87a46c6a	11	1660062	1883471	70	0.2448
0ab89b5d-cef0-43bb-aa1f-2e3c87a46c6a	11	1883627	6086560	2887	-0.0083
0ab89b5d-cef0-43bb-aa1f-2e3c87a46c6a	11	6087039	6100864	8	-1.1766
0ab89b5d-cef0-43bb-aa1f-2e3c87a46c6a	11	6101273	37106861	22436	-0.0036
0ab89b5d-cef0-43bb-aa1f-2e3c87a46c6a	11	37110407	37653842	363	-0.1436
0ab89b5d-cef0-43bb-aa1f-2e3c87a46c6a	11	37654443	38214376	316	-0.0082
0ab89b5d-cef0-43bb-aa1f-2e3c87a46c6a	11	38216934	38219210	3	-1.601
0ab89b5d-cef0-43bb-aa1f-2e3c87a46c6a	11	38220585	44649239	4340	-0.0065
0ab89b5d-cef0-43bb-aa1f-2e3c87a46c6a	11	44650344	44680468	26	0.5372
0ab89b5d-cef0-43bb-aa1f-2e3c87a46c6a	11	44680546	55701048	3286	-0.0148
0ab89b5d-cef0-43bb-aa1f-2e3c87a46c6a	11	55701077	56249180	390	-0.1223
0ab89b5d-cef0-43bb-aa1f-2e3c87a46c6a	11	56249220	64817515	4691	0.0038
0ab89b5d-cef0-43bb-aa1f-2e3c87a46c6a	11	64817543	65894490	404	0.2988
0ab89b5d-cef0-43bb-aa1f-2e3c87a46c6a	11	65894607	66100180	100	0.0369
0ab89b5d-cef0-43bb-aa1f-2e3c87a46c6a	11	66107290	66109435	2	-1.3112
0ab89b5d-cef0-43bb-aa1f-2e3c87a46c6a	11	66110470	67582428	532	0.0124
0ab89b5d-cef0-43bb-aa1f-2e3c87a46c6a	11	67582583	67675190	40	0.3407
0ab89b5d-cef0-43bb-aa1f-2e3c87a46c6a	11	67687503	107777591	26247	-0.007
0ab89b5d-cef0-43bb-aa1f-2e3c87a46c6a	11	107778084	107808194	20	0.5729
0ab89b5d-cef0-43bb-aa1f-2e3c87a46c6a	11	107809102	133940062	18604	-0.0005
0ab89b5d-cef0-43bb-aa1f-2e3c87a46c6a	11	133943731	134056436	81	0.2652
0ab89b5d-cef0-43bb-aa1f-2e3c87a46c6a	11	134059661	135033379	734	0.0753
0ab89b5d-cef0-43bb-aa1f-2e3c87a46c6a	11	135035621	135074876	26	0.3875
0ab89b5d-cef0-43bb-aa1f-2e3c87a46c6a	12	51460	769835	443	0.1554
0ab89b5d-cef0-43bb-aa1f-2e3c87a46c6a	12	770280	1333026	299	-0.0205
0ab89b5d-cef0-43bb-aa1f-2e3c87a46c6a	12	1333877	2215241	608	0.086
0ab89b5d-cef0-43bb-aa1f-2e3c87a46c6a	12	2215743	9481274	4783	-0.0009
0ab89b5d-cef0-43bb-aa1f-2e3c87a46c6a	12	9485313	9575696	23	1.1029
0ab89b5d-cef0-43bb-aa1f-2e3c87a46c6a	12	9582373	10430768	625	0.0163
0ab89b5d-cef0-43bb-aa1f-2e3c87a46c6a	12	10434196	10443207	4	-1.4633
0ab89b5d-cef0-43bb-aa1f-2e3c87a46c6a	12	10446203	18773098	5596	0.005
0ab89b5d-cef0-43bb-aa1f-2e3c87a46c6a	12	18782255	18806409	9	-0.7466
0ab89b5d-cef0-43bb-aa1f-2e3c87a46c6a	12	18806749	33141726	10208	-0.0079
0ab89b5d-cef0-43bb-aa1f-2e3c87a46c6a	12	33148472	33155426	28	0.4562
0ab89b5d-cef0-43bb-aa1f-2e3c87a46c6a	12	33155453	33785004	421	-0.066
0ab89b5d-cef0-43bb-aa1f-2e3c87a46c6a	12	33785125	33785652	3	1.4088
0ab89b5d-cef0-43bb-aa1f-2e3c87a46c6a	12	33787888	52271938	8800	-0.006
0ab89b5d-cef0-43bb-aa1f-2e3c87a46c6a	12	52272901	52431120	159	0.2366
0ab89b5d-cef0-43bb-aa1f-2e3c87a46c6a	12	52432055	70478078	11221	0.004
0ab89b5d-cef0-43bb-aa1f-2e3c87a46c6a	12	70478895	70484247	9	-2.5485
0ab89b5d-cef0-43bb-aa1f-2e3c87a46c6a	12	70485605	83769346	8349	-0.0063
0ab89b5d-cef0-43bb-aa1f-2e3c87a46c6a	12	83769408	83771789	10	-0.9796
0ab89b5d-cef0-43bb-aa1f-2e3c87a46c6a	12	83771808	95895082	7575	-0.0061
0ab89b5d-cef0-43bb-aa1f-2e3c87a46c6a	12	95895366	95929642	12	0.6434
0ab89b5d-cef0-43bb-aa1f-2e3c87a46c6a	12	95929868	121616833	17088	0.0047
0ab89b5d-cef0-43bb-aa1f-2e3c87a46c6a	12	121619745	121643810	9	-1.1009
0ab89b5d-cef0-43bb-aa1f-2e3c87a46c6a	12	121645266	121710821	15	-0.4638
0ab89b5d-cef0-43bb-aa1f-2e3c87a46c6a	12	121710992	121731510	17	-1.1701
0ab89b5d-cef0-43bb-aa1f-2e3c87a46c6a	12	121736965	132133262	7505	0.018
0ab89b5d-cef0-43bb-aa1f-2e3c87a46c6a	12	132134062	133008012	254	0.2328
0ab89b5d-cef0-43bb-aa1f-2e3c87a46c6a	12	133008073	133201603	100	0.0059
0ab89b5d-cef0-43bb-aa1f-2e3c87a46c6a	13	18452809	23055048	2833	0.0093
0ab89b5d-cef0-43bb-aa1f-2e3c87a46c6a	13	23055071	23058992	8	-1.2629
0ab89b5d-cef0-43bb-aa1f-2e3c87a46c6a	13	23059009	23059376	5	-3.3105
0ab89b5d-cef0-43bb-aa1f-2e3c87a46c6a	13	23064056	31957984	6636	0.0078
0ab89b5d-cef0-43bb-aa1f-2e3c87a46c6a	13	31958485	31964286	18	-0.8189
0ab89b5d-cef0-43bb-aa1f-2e3c87a46c6a	13	31965910	38478674	4556	-0.0004
0ab89b5d-cef0-43bb-aa1f-2e3c87a46c6a	13	38483435	38483919	2	-2.2396
0ab89b5d-cef0-43bb-aa1f-2e3c87a46c6a	13	38490920	57176962	11723	-0.0104
0ab89b5d-cef0-43bb-aa1f-2e3c87a46c6a	13	57184136	57200966	30	-0.5152
0ab89b5d-cef0-43bb-aa1f-2e3c87a46c6a	13	57201082	57204234	3	-1.6976
0ab89b5d-cef0-43bb-aa1f-2e3c87a46c6a	13	57204246	57242582	19	-0.304
0ab89b5d-cef0-43bb-aa1f-2e3c87a46c6a	13	57242772	58009216	398	-0.0201
0ab89b5d-cef0-43bb-aa1f-2e3c87a46c6a	13	58010656	58019212	6	-1.1478
0ab89b5d-cef0-43bb-aa1f-2e3c87a46c6a	13	58022896	63650072	3338	-0.0013
0ab89b5d-cef0-43bb-aa1f-2e3c87a46c6a	13	63650659	63662559	9	-1.1827
0ab89b5d-cef0-43bb-aa1f-2e3c87a46c6a	13	63665430	105129375	27430	-0.0103
0ab89b5d-cef0-43bb-aa1f-2e3c87a46c6a	13	105129789	105750471	486	-0.1275
0ab89b5d-cef0-43bb-aa1f-2e3c87a46c6a	13	105750698	112806360	5359	0
0ab89b5d-cef0-43bb-aa1f-2e3c87a46c6a	13	112807019	114342922	685	0.1113
0ab89b5d-cef0-43bb-aa1f-2e3c87a46c6a	14	18239283	19256296	43	0.0035
0ab89b5d-cef0-43bb-aa1f-2e3c87a46c6a	14	19280948	19669187	19	0.7592
0ab89b5d-cef0-43bb-aa1f-2e3c87a46c6a	14	19675350	20482510	483	-0.0058
0ab89b5d-cef0-43bb-aa1f-2e3c87a46c6a	14	20483583	20536419	48	0.4064
0ab89b5d-cef0-43bb-aa1f-2e3c87a46c6a	14	20536809	20685140	121	0.0272
0ab89b5d-cef0-43bb-aa1f-2e3c87a46c6a	14	20685629	20721513	25	0.3798
0ab89b5d-cef0-43bb-aa1f-2e3c87a46c6a	14	20733007	21859138	677	-0.0183
0ab89b5d-cef0-43bb-aa1f-2e3c87a46c6a	14	21859825	22490304	546	-0.2698
0ab89b5d-cef0-43bb-aa1f-2e3c87a46c6a	14	22490342	39877723	10795	-0.003
0ab89b5d-cef0-43bb-aa1f-2e3c87a46c6a	14	39877985	40139724	140	-0.135
0ab89b5d-cef0-43bb-aa1f-2e3c87a46c6a	14	40144718	40147715	2	-1.6523
0ab89b5d-cef0-43bb-aa1f-2e3c87a46c6a	14	40148961	48418430	4993	-0.0349
0ab89b5d-cef0-43bb-aa1f-2e3c87a46c6a	14	48420493	73534419	16030	0.0013
0ab89b5d-cef0-43bb-aa1f-2e3c87a46c6a	14	73540003	73563196	9	1.2108
0ab89b5d-cef0-43bb-aa1f-2e3c87a46c6a	14	73563211	105521701	20495	0.0051
0ab89b5d-cef0-43bb-aa1f-2e3c87a46c6a	14	105533894	105994511	119	0.1924
0ab89b5d-cef0-43bb-aa1f-2e3c87a46c6a	14	105994805	106294689	98	-0.0535
0ab89b5d-cef0-43bb-aa1f-2e3c87a46c6a	14	106297265	106297273	3	1.5415
0ab89b5d-cef0-43bb-aa1f-2e3c87a46c6a	14	106297409	106433474	56	-0.0149
0ab89b5d-cef0-43bb-aa1f-2e3c87a46c6a	14	106434898	106456712	34	-0.4648
0ab89b5d-cef0-43bb-aa1f-2e3c87a46c6a	14	106456727	106462169	9	-1.1526
0ab89b5d-cef0-43bb-aa1f-2e3c87a46c6a	14	106462183	106877229	195	-0.0048
0ab89b5d-cef0-43bb-aa1f-2e3c87a46c6a	15	19811075	19890268	14	0.1017
0ab89b5d-cef0-43bb-aa1f-2e3c87a46c6a	15	19896400	20001686	31	-0.2178
0ab89b5d-cef0-43bb-aa1f-2e3c87a46c6a	15	20011702	20056983	5	-1.6523
0ab89b5d-cef0-43bb-aa1f-2e3c87a46c6a	15	20059033	22003073	129	-0.3475
0ab89b5d-cef0-43bb-aa1f-2e3c87a46c6a	15	22005276	23088732	308	0.1333
0ab89b5d-cef0-43bb-aa1f-2e3c87a46c6a	15	23088950	101094159	50060	0.0022
0ab89b5d-cef0-43bb-aa1f-2e3c87a46c6a	15	101097601	101168135	58	0.3227
0ab89b5d-cef0-43bb-aa1f-2e3c87a46c6a	15	101168634	101928837	536	0.0784
0ab89b5d-cef0-43bb-aa1f-2e3c87a46c6a	16	10777	603503	285	0.3146
0ab89b5d-cef0-43bb-aa1f-2e3c87a46c6a	16	603675	6065354	2904	0.0357
0ab89b5d-cef0-43bb-aa1f-2e3c87a46c6a	16	6065381	8819257	3168	-0.0228
0ab89b5d-cef0-43bb-aa1f-2e3c87a46c6a	16	8819465	9185091	217	0.1845
0ab89b5d-cef0-43bb-aa1f-2e3c87a46c6a	16	9185633	12555002	2761	-0.0056
0ab89b5d-cef0-43bb-aa1f-2e3c87a46c6a	16	12555121	12555138	2	1.7333
0ab89b5d-cef0-43bb-aa1f-2e3c87a46c6a	16	12556390	15410924	1801	0.0215
0ab89b5d-cef0-43bb-aa1f-2e3c87a46c6a	16	15414055	16761504	561	0.2038
0ab89b5d-cef0-43bb-aa1f-2e3c87a46c6a	16	16764451	21325480	2560	0.0361
0ab89b5d-cef0-43bb-aa1f-2e3c87a46c6a	16	21328723	22692430	470	0.1822
0ab89b5d-cef0-43bb-aa1f-2e3c87a46c6a	16	22692541	22804672	97	0.0082
0ab89b5d-cef0-43bb-aa1f-2e3c87a46c6a	16	22810600	22828672	15	0.6045
0ab89b5d-cef0-43bb-aa1f-2e3c87a46c6a	16	22829534	29300932	4100	0.0173
0ab89b5d-cef0-43bb-aa1f-2e3c87a46c6a	16	29314300	30165932	224	0.3109
0ab89b5d-cef0-43bb-aa1f-2e3c87a46c6a	16	30166486	78337711	21792	-0.0027
0ab89b5d-cef0-43bb-aa1f-2e3c87a46c6a	16	78338543	78345778	13	1.3621
0ab89b5d-cef0-43bb-aa1f-2e3c87a46c6a	16	78347366	81126035	3176	-0.0011
0ab89b5d-cef0-43bb-aa1f-2e3c87a46c6a	16	81126176	81237459	122	0.1919
0ab89b5d-cef0-43bb-aa1f-2e3c87a46c6a	16	81237517	83247763	2092	-0.0027
0ab89b5d-cef0-43bb-aa1f-2e3c87a46c6a	16	83247965	83248102	2	-1.5319
0ab89b5d-cef0-43bb-aa1f-2e3c87a46c6a	16	83249012	83908114	835	-0.0082
0ab89b5d-cef0-43bb-aa1f-2e3c87a46c6a	16	83909389	84892194	857	0.1552
0ab89b5d-cef0-43bb-aa1f-2e3c87a46c6a	16	84893373	86980226	1904	0.0217
0ab89b5d-cef0-43bb-aa1f-2e3c87a46c6a	16	86982302	86987568	3	1.2745
0ab89b5d-cef0-43bb-aa1f-2e3c87a46c6a	16	86987921	88504267	871	0.026
0ab89b5d-cef0-43bb-aa1f-2e3c87a46c6a	16	88541905	89271105	261	0.3495
0ab89b5d-cef0-43bb-aa1f-2e3c87a46c6a	16	89271536	89388700	74	0.0334
0ab89b5d-cef0-43bb-aa1f-2e3c87a46c6a	16	89388898	90096867	335	0.2999
0ab89b5d-cef0-43bb-aa1f-2e3c87a46c6a	17	150733	1277363	556	0.1938
0ab89b5d-cef0-43bb-aa1f-2e3c87a46c6a	17	1278022	18414080	10754	0.0147
0ab89b5d-cef0-43bb-aa1f-2e3c87a46c6a	17	18452078	18561907	27	-1.3989
0ab89b5d-cef0-43bb-aa1f-2e3c87a46c6a	17	18565883	18678032	26	0.1645
0ab89b5d-cef0-43bb-aa1f-2e3c87a46c6a	17	18695470	18934851	89	-0.0818
0ab89b5d-cef0-43bb-aa1f-2e3c87a46c6a	17	18935950	19322111	101	0.1854
0ab89b5d-cef0-43bb-aa1f-2e3c87a46c6a	17	19324022	41265456	9119	0.0123
0ab89b5d-cef0-43bb-aa1f-2e3c87a46c6a	17	41266762	41273934	22	-0.9146
0ab89b5d-cef0-43bb-aa1f-2e3c87a46c6a	17	41274198	45582060	2155	0.0279
0ab89b5d-cef0-43bb-aa1f-2e3c87a46c6a	17	45587327	46080231	330	0.1661
0ab89b5d-cef0-43bb-aa1f-2e3c87a46c6a	17	46084501	46569894	134	-0.2879
0ab89b5d-cef0-43bb-aa1f-2e3c87a46c6a	17	46571001	51402945	2439	0.0032
0ab89b5d-cef0-43bb-aa1f-2e3c87a46c6a	17	51403889	51403897	2	1.7233
0ab89b5d-cef0-43bb-aa1f-2e3c87a46c6a	17	51404749	73707534	14147	-0.003
0ab89b5d-cef0-43bb-aa1f-2e3c87a46c6a	17	73707586	73920576	180	0.0836
0ab89b5d-cef0-43bb-aa1f-2e3c87a46c6a	17	73921361	74680224	491	0.1972
0ab89b5d-cef0-43bb-aa1f-2e3c87a46c6a	17	74681173	76908567	1038	0.0389
0ab89b5d-cef0-43bb-aa1f-2e3c87a46c6a	17	76909513	76934284	26	0.6299
0ab89b5d-cef0-43bb-aa1f-2e3c87a46c6a	17	76938036	77342328	244	0.0364
0ab89b5d-cef0-43bb-aa1f-2e3c87a46c6a	17	77342421	77375740	35	0.5963
0ab89b5d-cef0-43bb-aa1f-2e3c87a46c6a	17	77375892	78412288	588	0.0409
0ab89b5d-cef0-43bb-aa1f-2e3c87a46c6a	17	78412343	78454069	24	0.6609
0ab89b5d-cef0-43bb-aa1f-2e3c87a46c6a	17	78456702	83091923	2220	0.0649
0ab89b5d-cef0-43bb-aa1f-2e3c87a46c6a	18	48133	1650621	1120	0.013
0ab89b5d-cef0-43bb-aa1f-2e3c87a46c6a	18	1652979	1909834	189	-0.1984
0ab89b5d-cef0-43bb-aa1f-2e3c87a46c6a	18	1913300	40680516	21313	-0.0009
0ab89b5d-cef0-43bb-aa1f-2e3c87a46c6a	18	40680526	40689848	16	-0.6091
0ab89b5d-cef0-43bb-aa1f-2e3c87a46c6a	18	40690108	65993010	17283	-0.0057
0ab89b5d-cef0-43bb-aa1f-2e3c87a46c6a	18	65993636	66001840	11	-0.6871
0ab89b5d-cef0-43bb-aa1f-2e3c87a46c6a	18	66007711	69540616	2637	-0.032
0ab89b5d-cef0-43bb-aa1f-2e3c87a46c6a	18	69541156	69550591	9	-0.9204
0ab89b5d-cef0-43bb-aa1f-2e3c87a46c6a	18	69552795	69619541	58	-0.0028
0ab89b5d-cef0-43bb-aa1f-2e3c87a46c6a	18	69619667	69619793	3	-1.0896
0ab89b5d-cef0-43bb-aa1f-2e3c87a46c6a	18	69621410	71380423	1124	0.0024
0ab89b5d-cef0-43bb-aa1f-2e3c87a46c6a	18	71381576	73840023	1955	-0.1248
0ab89b5d-cef0-43bb-aa1f-2e3c87a46c6a	18	73840164	73865075	21	0.189
0ab89b5d-cef0-43bb-aa1f-2e3c87a46c6a	18	73865933	79379929	4163	0.0174
0ab89b5d-cef0-43bb-aa1f-2e3c87a46c6a	18	79379940	80257174	410	0.1567
0ab89b5d-cef0-43bb-aa1f-2e3c87a46c6a	19	90910	968486	183	0.169
0ab89b5d-cef0-43bb-aa1f-2e3c87a46c6a	19	968499	1228302	82	0.0285
0ab89b5d-cef0-43bb-aa1f-2e3c87a46c6a	19	1228397	1271275	4	1.106
0ab89b5d-cef0-43bb-aa1f-2e3c87a46c6a	19	1271530	4403020	889	0.0505
0ab89b5d-cef0-43bb-aa1f-2e3c87a46c6a	19	4406163	4908081	152	0.2042
0ab89b5d-cef0-43bb-aa1f-2e3c87a46c6a	19	4908377	35358319	15317	0.0136
0ab89b5d-cef0-43bb-aa1f-2e3c87a46c6a	19	35358407	35375842	24	0.5431
0ab89b5d-cef0-43bb-aa1f-2e3c87a46c6a	19	35375884	39214100	1908	0.0225
0ab89b5d-cef0-43bb-aa1f-2e3c87a46c6a	19	39216505	39252525	19	0.5143
0ab89b5d-cef0-43bb-aa1f-2e3c87a46c6a	19	39254056	43421587	2020	0.0269
0ab89b5d-cef0-43bb-aa1f-2e3c87a46c6a	19	43424767	43459491	27	0.4001
0ab89b5d-cef0-43bb-aa1f-2e3c87a46c6a	19	43459713	49871239	3063	0.0139
0ab89b5d-cef0-43bb-aa1f-2e3c87a46c6a	19	49874886	50090736	131	0.2314
0ab89b5d-cef0-43bb-aa1f-2e3c87a46c6a	19	50135241	52622219	1500	0.01
0ab89b5d-cef0-43bb-aa1f-2e3c87a46c6a	19	52624218	54390727	1141	0.0842
0ab89b5d-cef0-43bb-aa1f-2e3c87a46c6a	19	54390781	54426120	12	0.7428
0ab89b5d-cef0-43bb-aa1f-2e3c87a46c6a	19	54426209	55687738	617	0.0186
0ab89b5d-cef0-43bb-aa1f-2e3c87a46c6a	19	55698231	55726810	28	0.5596
0ab89b5d-cef0-43bb-aa1f-2e3c87a46c6a	19	55729797	58366859	1758	0.0265
0ab89b5d-cef0-43bb-aa1f-2e3c87a46c6a	19	58370362	58586487	101	0.4869
0ab89b5d-cef0-43bb-aa1f-2e3c87a46c6a	20	80664	1571811	1172	0.0584
0ab89b5d-cef0-43bb-aa1f-2e3c87a46c6a	20	1576544	1580156	18	-0.7043
0ab89b5d-cef0-43bb-aa1f-2e3c87a46c6a	20	1580276	1601561	39	-0.0061
0ab89b5d-cef0-43bb-aa1f-2e3c87a46c6a	20	1609611	1613247	5	1.4429
0ab89b5d-cef0-43bb-aa1f-2e3c87a46c6a	20	1617300	3822799	1549	0.0103
0ab89b5d-cef0-43bb-aa1f-2e3c87a46c6a	20	3823017	4121153	190	0.2391
0ab89b5d-cef0-43bb-aa1f-2e3c87a46c6a	20	4123429	4841394	635	-0.0308
0ab89b5d-cef0-43bb-aa1f-2e3c87a46c6a	20	4842086	4846901	8	0.8564
0ab89b5d-cef0-43bb-aa1f-2e3c87a46c6a	20	4849766	63075398	37995	0.0013
0ab89b5d-cef0-43bb-aa1f-2e3c87a46c6a	20	63077356	63144417	41	0.4088
0ab89b5d-cef0-43bb-aa1f-2e3c87a46c6a	20	63144753	63588484	130	0.0252
0ab89b5d-cef0-43bb-aa1f-2e3c87a46c6a	20	63588502	64260467	287	0.2882
0ab89b5d-cef0-43bb-aa1f-2e3c87a46c6a	20	64261403	64324800	26	0.0897
0ab89b5d-cef0-43bb-aa1f-2e3c87a46c6a	21	10354168	19675487	4292	-0.0074
0ab89b5d-cef0-43bb-aa1f-2e3c87a46c6a	21	19675727	19676054	2	1.6926
0ab89b5d-cef0-43bb-aa1f-2e3c87a46c6a	21	19677059	22166129	1875	-0.0245
0ab89b5d-cef0-43bb-aa1f-2e3c87a46c6a	21	22169683	23458678	983	-0.1061
0ab89b5d-cef0-43bb-aa1f-2e3c87a46c6a	21	23458714	39566104	11831	-0.0005
0ab89b5d-cef0-43bb-aa1f-2e3c87a46c6a	21	39566388	39626196	54	0.4093
0ab89b5d-cef0-43bb-aa1f-2e3c87a46c6a	21	39628426	44358312	3317	0.0171
0ab89b5d-cef0-43bb-aa1f-2e3c87a46c6a	21	44361073	44447588	26	0.5382
0ab89b5d-cef0-43bb-aa1f-2e3c87a46c6a	21	44448356	45260287	512	0.046
0ab89b5d-cef0-43bb-aa1f-2e3c87a46c6a	21	45260466	45670561	195	0.2983
0ab89b5d-cef0-43bb-aa1f-2e3c87a46c6a	21	45671324	46269820	322	-0.0331
0ab89b5d-cef0-43bb-aa1f-2e3c87a46c6a	21	46270890	46677045	276	0.1657
0ab89b5d-cef0-43bb-aa1f-2e3c87a46c6a	22	15294547	18620743	1126	-0.0021
0ab89b5d-cef0-43bb-aa1f-2e3c87a46c6a	22	18649244	18917479	8	0.4306
0ab89b5d-cef0-43bb-aa1f-2e3c87a46c6a	22	18918078	19019471	52	0.8229
0ab89b5d-cef0-43bb-aa1f-2e3c87a46c6a	22	19037293	19703133	422	0.1519
0ab89b5d-cef0-43bb-aa1f-2e3c87a46c6a	22	19708302	20317011	391	0.3029
0ab89b5d-cef0-43bb-aa1f-2e3c87a46c6a	22	20317120	21726043	788	0.1968
0ab89b5d-cef0-43bb-aa1f-2e3c87a46c6a	22	21726576	22114208	316	0.0783
0ab89b5d-cef0-43bb-aa1f-2e3c87a46c6a	22	22119549	22120255	6	-2.3784
0ab89b5d-cef0-43bb-aa1f-2e3c87a46c6a	22	22127104	23037185	691	0.0511
0ab89b5d-cef0-43bb-aa1f-2e3c87a46c6a	22	23037808	23347796	185	0.2755
0ab89b5d-cef0-43bb-aa1f-2e3c87a46c6a	22	23348125	23987520	390	0.0499
0ab89b5d-cef0-43bb-aa1f-2e3c87a46c6a	22	23988078	23989773	2	-2.5071
0ab89b5d-cef0-43bb-aa1f-2e3c87a46c6a	22	23990431	25296774	826	0.0173
0ab89b5d-cef0-43bb-aa1f-2e3c87a46c6a	22	25304367	25340378	36	0.2713
0ab89b5d-cef0-43bb-aa1f-2e3c87a46c6a	22	25340705	25349934	7	1.0085
0ab89b5d-cef0-43bb-aa1f-2e3c87a46c6a	22	25349949	25377429	52	0.3114
0ab89b5d-cef0-43bb-aa1f-2e3c87a46c6a	22	25377451	27708909	2391	0.016
0ab89b5d-cef0-43bb-aa1f-2e3c87a46c6a	22	27708979	27747434	33	0.3831
0ab89b5d-cef0-43bb-aa1f-2e3c87a46c6a	22	27748193	36064150	5733	0.0035
0ab89b5d-cef0-43bb-aa1f-2e3c87a46c6a	22	36064165	36082719	9	0.6878
0ab89b5d-cef0-43bb-aa1f-2e3c87a46c6a	22	36083429	36213886	108	-0.0438
0ab89b5d-cef0-43bb-aa1f-2e3c87a46c6a	22	36214150	36381694	124	0.1519
0ab89b5d-cef0-43bb-aa1f-2e3c87a46c6a	22	36385635	38091764	998	0.0115
0ab89b5d-cef0-43bb-aa1f-2e3c87a46c6a	22	38092174	38148126	35	0.4071
0ab89b5d-cef0-43bb-aa1f-2e3c87a46c6a	22	38148291	38894915	394	-0.0142
0ab89b5d-cef0-43bb-aa1f-2e3c87a46c6a	22	38899250	38900899	3	-3.4472
0ab89b5d-cef0-43bb-aa1f-2e3c87a46c6a	22	38903109	38999487	72	0.1673
0ab89b5d-cef0-43bb-aa1f-2e3c87a46c6a	22	38999502	41901150	1556	0.0037
0ab89b5d-cef0-43bb-aa1f-2e3c87a46c6a	22	41903281	41979300	37	0.4959
0ab89b5d-cef0-43bb-aa1f-2e3c87a46c6a	22	41982569	42308534	175	-0.0167
0ab89b5d-cef0-43bb-aa1f-2e3c87a46c6a	22	42308629	42588088	149	0.2093
0ab89b5d-cef0-43bb-aa1f-2e3c87a46c6a	22	42588147	47963966	3948	0.0161
0ab89b5d-cef0-43bb-aa1f-2e3c87a46c6a	22	47964775	47965304	4	-1.0952
0ab89b5d-cef0-43bb-aa1f-2e3c87a46c6a	22	47966541	48992901	967	0.0186
0ab89b5d-cef0-43bb-aa1f-2e3c87a46c6a	22	48993751	49193178	224	0.2268
0ab89b5d-cef0-43bb-aa1f-2e3c87a46c6a	22	49193188	49685786	419	0.1086
0ab89b5d-cef0-43bb-aa1f-2e3c87a46c6a	22	49687870	50796027	491	0.2594
0ab89b5d-cef0-43bb-aa1f-2e3c87a46c6a	X	251810	605231	49	0.2266
0ab89b5d-cef0-43bb-aa1f-2e3c87a46c6a	X	605460	621339	7	0.8805
0ab89b5d-cef0-43bb-aa1f-2e3c87a46c6a	X	641823	4234953	977	0.0578
0ab89b5d-cef0-43bb-aa1f-2e3c87a46c6a	X	4235001	8531626	3406	-0.0241
0ab89b5d-cef0-43bb-aa1f-2e3c87a46c6a	X	8531864	9988995	1108	0.0081
0ab89b5d-cef0-43bb-aa1f-2e3c87a46c6a	X	9991955	10262879	217	0.1616
0ab89b5d-cef0-43bb-aa1f-2e3c87a46c6a	X	10263046	19411501	5856	0.0184
0ab89b5d-cef0-43bb-aa1f-2e3c87a46c6a	X	19413410	19523999	69	0.5283
0ab89b5d-cef0-43bb-aa1f-2e3c87a46c6a	X	19524720	32973650	8624	-0.0038
0ab89b5d-cef0-43bb-aa1f-2e3c87a46c6a	X	32975029	34534284	1086	-0.0851
0ab89b5d-cef0-43bb-aa1f-2e3c87a46c6a	X	34537867	95102974	27189	0.0003
0ab89b5d-cef0-43bb-aa1f-2e3c87a46c6a	X	95103813	96362391	707	-0.0865
0ab89b5d-cef0-43bb-aa1f-2e3c87a46c6a	X	96362477	126201901	16398	0.0017
0ab89b5d-cef0-43bb-aa1f-2e3c87a46c6a	X	126202380	126237181	21	0.5761
0ab89b5d-cef0-43bb-aa1f-2e3c87a46c6a	X	126237275	151124426	14909	-0.0049
0ab89b5d-cef0-43bb-aa1f-2e3c87a46c6a	X	151125462	151126987	2	-1.9993
0ab89b5d-cef0-43bb-aa1f-2e3c87a46c6a	X	151128083	152728527	987	0.0076
0ab89b5d-cef0-43bb-aa1f-2e3c87a46c6a	X	152731111	154334428	774	0.0745
0ab89b5d-cef0-43bb-aa1f-2e3c87a46c6a	X	154347478	154382547	49	0.4209
0ab89b5d-cef0-43bb-aa1f-2e3c87a46c6a	X	154395856	154896742	185	0.1306
0ab89b5d-cef0-43bb-aa1f-2e3c87a46c6a	X	154897243	155952689	348	-0.0017
0ab89b5d-cef0-43bb-aa1f-2e3c87a46c6a	Y	2782397	6167430	747	-2.5116
0ab89b5d-cef0-43bb-aa1f-2e3c87a46c6a	Y	6171310	6171622	2	-7.6439
0ab89b5d-cef0-43bb-aa1f-2e3c87a46c6a	Y	6180233	6233384	33	-2.2683
0ab89b5d-cef0-43bb-aa1f-2e3c87a46c6a	Y	6249869	9330531	1441	-2.9603
0ab89b5d-cef0-43bb-aa1f-2e3c87a46c6a	Y	9332936	9550385	21	-4.8003
0ab89b5d-cef0-43bb-aa1f-2e3c87a46c6a	Y	9550653	25169825	4212	-2.8688
0ab89b5d-cef0-43bb-aa1f-2e3c87a46c6a	Y	25472063	56872112	178	-2.5706
