GDC_Aliquot	Chromosome	Start	End	Num_Probes	Segment_Mean
95e23d17-a163-464b-a166-59835b0a1e28	1	62920	462894	19	0.1847
95e23d17-a163-464b-a166-59835b0a1e28	1	599171	814954	12	-0.3296
95e23d17-a163-464b-a166-59835b0a1e28	1	817186	2083241	317	-0.7847
95e23d17-a163-464b-a166-59835b0a1e28	1	2083915	3306087	393	-0.9591
95e23d17-a163-464b-a166-59835b0a1e28	1	3308094	8405609	3410	-0.8003
95e23d17-a163-464b-a166-59835b0a1e28	1	8408312	8726695	152	-1.7112
95e23d17-a163-464b-a166-59835b0a1e28	1	8726709	25256850	9607	-0.7856
95e23d17-a163-464b-a166-59835b0a1e28	1	25266637	25336819	25	-1.6887
95e23d17-a163-464b-a166-59835b0a1e28	1	25336853	72284670	28564	-0.7809
95e23d17-a163-464b-a166-59835b0a1e28	1	72290430	72297687	9	-2.7253
95e23d17-a163-464b-a166-59835b0a1e28	1	72302735	72345465	48	0.5525
95e23d17-a163-464b-a166-59835b0a1e28	1	72346221	98157069	16538	-0.8075
95e23d17-a163-464b-a166-59835b0a1e28	1	98162345	103620877	3424	0.0764
95e23d17-a163-464b-a166-59835b0a1e28	1	103621165	103717410	4	1.4294
95e23d17-a163-464b-a166-59835b0a1e28	1	103717617	109684893	3571	0.0885
95e23d17-a163-464b-a166-59835b0a1e28	1	109690352	109697556	13	1.0852
95e23d17-a163-464b-a166-59835b0a1e28	1	109702376	111769532	1580	0.1169
95e23d17-a163-464b-a166-59835b0a1e28	1	111769589	111769929	3	1.4705
95e23d17-a163-464b-a166-59835b0a1e28	1	111770456	112147704	363	0.1509
95e23d17-a163-464b-a166-59835b0a1e28	1	112153343	112154754	24	0.6433
95e23d17-a163-464b-a166-59835b0a1e28	1	112154768	152583051	7598	0.1164
95e23d17-a163-464b-a166-59835b0a1e28	1	152583230	152614064	33	-1.6857
95e23d17-a163-464b-a166-59835b0a1e28	1	152614100	152789447	168	0.1766
95e23d17-a163-464b-a166-59835b0a1e28	1	152789463	152795883	34	-0.3462
95e23d17-a163-464b-a166-59835b0a1e28	1	152796094	158896783	3608	0.141
95e23d17-a163-464b-a166-59835b0a1e28	1	158898711	158899969	2	-1.1878
95e23d17-a163-464b-a166-59835b0a1e28	1	158905028	167736395	6499	0.1417
95e23d17-a163-464b-a166-59835b0a1e28	1	167743841	167745689	3	-1.334
95e23d17-a163-464b-a166-59835b0a1e28	1	167746147	169247699	1155	0.1262
95e23d17-a163-464b-a166-59835b0a1e28	1	169264736	169272528	7	-2.2451
95e23d17-a163-464b-a166-59835b0a1e28	1	169273163	188144454	12450	0.1224
95e23d17-a163-464b-a166-59835b0a1e28	1	188145614	188148396	2	-1.155
95e23d17-a163-464b-a166-59835b0a1e28	1	188148443	189053842	552	0.1142
95e23d17-a163-464b-a166-59835b0a1e28	1	189058092	189062230	6	-0.7504
95e23d17-a163-464b-a166-59835b0a1e28	1	189063349	196745743	5147	0.109
95e23d17-a163-464b-a166-59835b0a1e28	1	196758720	196829534	51	0.402
95e23d17-a163-464b-a166-59835b0a1e28	1	196829693	199138574	1379	0.1044
95e23d17-a163-464b-a166-59835b0a1e28	1	199142235	199143343	6	-0.7407
95e23d17-a163-464b-a166-59835b0a1e28	1	199143396	200899752	1180	0.1133
95e23d17-a163-464b-a166-59835b0a1e28	1	200902088	211538847	7339	0.1485
95e23d17-a163-464b-a166-59835b0a1e28	1	211539206	222193326	7471	0.118
95e23d17-a163-464b-a166-59835b0a1e28	1	222201492	222203662	2	-3.5683
95e23d17-a163-464b-a166-59835b0a1e28	1	222208792	229675422	4431	0.1239
95e23d17-a163-464b-a166-59835b0a1e28	1	229681109	229684449	3	-3.4262
95e23d17-a163-464b-a166-59835b0a1e28	1	229684709	245966350	12188	0.1234
95e23d17-a163-464b-a166-59835b0a1e28	1	245970721	245971066	2	1.7882
95e23d17-a163-464b-a166-59835b0a1e28	1	245973251	248436996	1573	0.1178
95e23d17-a163-464b-a166-59835b0a1e28	1	248437495	248471839	12	0.8389
95e23d17-a163-464b-a166-59835b0a1e28	1	248473963	248546369	15	0.0889
95e23d17-a163-464b-a166-59835b0a1e28	1	248550567	248574146	3	-0.6383
95e23d17-a163-464b-a166-59835b0a1e28	1	248585893	248645808	34	-2.4509
95e23d17-a163-464b-a166-59835b0a1e28	1	248646068	248930189	138	0.0812
95e23d17-a163-464b-a166-59835b0a1e28	2	12784	3684956	2570	0.1118
95e23d17-a163-464b-a166-59835b0a1e28	2	3684997	3685683	3	-0.9659
95e23d17-a163-464b-a166-59835b0a1e28	2	3688948	34466002	21502	0.1082
95e23d17-a163-464b-a166-59835b0a1e28	2	34474248	34485661	9	0.6758
95e23d17-a163-464b-a166-59835b0a1e28	2	34485743	34492401	15	0.247
95e23d17-a163-464b-a166-59835b0a1e28	2	34492416	34511990	22	0.7785
95e23d17-a163-464b-a166-59835b0a1e28	2	34512096	52527423	12995	0.1021
95e23d17-a163-464b-a166-59835b0a1e28	2	52527590	52554404	36	-2.4544
95e23d17-a163-464b-a166-59835b0a1e28	2	52560811	70792111	12056	0.0969
95e23d17-a163-464b-a166-59835b0a1e28	2	70793033	70793122	2	-1.5091
95e23d17-a163-464b-a166-59835b0a1e28	2	70794604	97359885	11774	0.1039
95e23d17-a163-464b-a166-59835b0a1e28	2	97524284	97545726	9	1.0149
95e23d17-a163-464b-a166-59835b0a1e28	2	97550415	107824280	6564	0.0987
95e23d17-a163-464b-a166-59835b0a1e28	2	107830513	107864451	2	1.8008
95e23d17-a163-464b-a166-59835b0a1e28	2	107875632	146106875	22816	0.0998
95e23d17-a163-464b-a166-59835b0a1e28	2	146106889	146109366	21	1.1064
95e23d17-a163-464b-a166-59835b0a1e28	2	146120238	155095579	5487	0.0906
95e23d17-a163-464b-a166-59835b0a1e28	2	155096158	155096417	2	-1.1435
95e23d17-a163-464b-a166-59835b0a1e28	2	155099897	157963624	1571	0.0713
95e23d17-a163-464b-a166-59835b0a1e28	2	157964348	157966875	2	-1.4986
95e23d17-a163-464b-a166-59835b0a1e28	2	157967171	159102108	720	0.0891
95e23d17-a163-464b-a166-59835b0a1e28	2	159103831	159104461	2	-1.9667
95e23d17-a163-464b-a166-59835b0a1e28	2	159106775	183929073	15478	0.0917
95e23d17-a163-464b-a166-59835b0a1e28	2	183929124	183937714	18	-0.5496
95e23d17-a163-464b-a166-59835b0a1e28	2	183943862	206705079	13129	0.0851
95e23d17-a163-464b-a166-59835b0a1e28	2	206705398	206709843	2	-2.9475
95e23d17-a163-464b-a166-59835b0a1e28	2	206710220	232205097	16310	0.0976
95e23d17-a163-464b-a166-59835b0a1e28	2	232206981	241537572	6110	0.1353
95e23d17-a163-464b-a166-59835b0a1e28	2	241537962	242147305	189	0.0875
95e23d17-a163-464b-a166-59835b0a1e28	3	20930	6609564	5818	0.1074
95e23d17-a163-464b-a166-59835b0a1e28	3	6609626	6613728	23	0.5047
95e23d17-a163-464b-a166-59835b0a1e28	3	6613743	14924000	6252	0.126
95e23d17-a163-464b-a166-59835b0a1e28	3	14926719	25800717	7404	0.0929
95e23d17-a163-464b-a166-59835b0a1e28	3	25800835	26384700	375	0.1442
95e23d17-a163-464b-a166-59835b0a1e28	3	26392633	26397852	5	-0.8043
95e23d17-a163-464b-a166-59835b0a1e28	3	26404482	75251378	32700	0.1073
95e23d17-a163-464b-a166-59835b0a1e28	3	75251919	75262083	6	-0.8259
95e23d17-a163-464b-a166-59835b0a1e28	3	75262374	75372019	51	0.0879
95e23d17-a163-464b-a166-59835b0a1e28	3	75377956	75589590	73	-0.6633
95e23d17-a163-464b-a166-59835b0a1e28	3	75590356	84650607	4975	0.0825
95e23d17-a163-464b-a166-59835b0a1e28	3	84650642	84652985	12	-0.5986
95e23d17-a163-464b-a166-59835b0a1e28	3	84653010	95737262	4131	0.0808
95e23d17-a163-464b-a166-59835b0a1e28	3	95748036	95749266	2	1.1579
95e23d17-a163-464b-a166-59835b0a1e28	3	95749836	99225754	1853	0.0798
95e23d17-a163-464b-a166-59835b0a1e28	3	99225775	99230577	33	0.4469
95e23d17-a163-464b-a166-59835b0a1e28	3	99232120	113356876	8574	0.0847
95e23d17-a163-464b-a166-59835b0a1e28	3	113357553	113361053	3	1.3104
95e23d17-a163-464b-a166-59835b0a1e28	3	113361102	116821632	2182	0.0932
95e23d17-a163-464b-a166-59835b0a1e28	3	116823449	117111765	216	-0.0047
95e23d17-a163-464b-a166-59835b0a1e28	3	117112578	117259329	120	-0.2829
95e23d17-a163-464b-a166-59835b0a1e28	3	117264794	130067910	7598	0.1089
95e23d17-a163-464b-a166-59835b0a1e28	3	130068178	130080824	25	-0.3042
95e23d17-a163-464b-a166-59835b0a1e28	3	130087209	162794951	20248	0.0978
95e23d17-a163-464b-a166-59835b0a1e28	3	162795304	162898127	62	0.3835
95e23d17-a163-464b-a166-59835b0a1e28	3	162906054	162908784	7	-0.3908
95e23d17-a163-464b-a166-59835b0a1e28	3	162908815	162996729	71	0.0829
95e23d17-a163-464b-a166-59835b0a1e28	3	162999939	163001774	2	-2.542
95e23d17-a163-464b-a166-59835b0a1e28	3	163008371	193156958	19075	0.0928
95e23d17-a163-464b-a166-59835b0a1e28	3	193160113	193165099	19	-0.5439
95e23d17-a163-464b-a166-59835b0a1e28	3	193165114	195549253	1477	0.1102
95e23d17-a163-464b-a166-59835b0a1e28	3	195552392	195751823	49	-0.2931
95e23d17-a163-464b-a166-59835b0a1e28	3	195751990	198169247	1165	0.0845
95e23d17-a163-464b-a166-59835b0a1e28	4	68929	1081398	374	0.0541
95e23d17-a163-464b-a166-59835b0a1e28	4	1082261	10222004	5323	0.1437
95e23d17-a163-464b-a166-59835b0a1e28	4	10222224	10229874	26	2.2343
95e23d17-a163-464b-a166-59835b0a1e28	4	10232590	34777432	16972	0.0985
95e23d17-a163-464b-a166-59835b0a1e28	4	34784878	34822561	37	-0.4607
95e23d17-a163-464b-a166-59835b0a1e28	4	34823103	39706499	3325	0.0909
95e23d17-a163-464b-a166-59835b0a1e28	4	39707502	39712189	6	-0.8395
95e23d17-a163-464b-a166-59835b0a1e28	4	39712559	68389352	16093	0.0903
95e23d17-a163-464b-a166-59835b0a1e28	4	68391041	68395346	4	1.6486
95e23d17-a163-464b-a166-59835b0a1e28	4	68416487	68639397	83	-0.1216
95e23d17-a163-464b-a166-59835b0a1e28	4	68640616	114252544	27663	0.0914
95e23d17-a163-464b-a166-59835b0a1e28	4	114254167	114261019	23	-1.543
95e23d17-a163-464b-a166-59835b0a1e28	4	114263073	137261339	13324	0.0821
95e23d17-a163-464b-a166-59835b0a1e28	4	137261389	137269730	46	-0.7938
95e23d17-a163-464b-a166-59835b0a1e28	4	137270816	147647840	6343	0.0937
95e23d17-a163-464b-a166-59835b0a1e28	4	147651148	147655114	8	-1.0358
95e23d17-a163-464b-a166-59835b0a1e28	4	147665339	148565477	582	0.0765
95e23d17-a163-464b-a166-59835b0a1e28	4	148572041	148572350	3	-2.8338
95e23d17-a163-464b-a166-59835b0a1e28	4	148573002	150083241	800	0.1059
95e23d17-a163-464b-a166-59835b0a1e28	4	150083825	151433753	703	0.0386
95e23d17-a163-464b-a166-59835b0a1e28	4	151433795	154881396	2203	0.1002
95e23d17-a163-464b-a166-59835b0a1e28	4	154881853	154881926	3	1.4336
95e23d17-a163-464b-a166-59835b0a1e28	4	154882047	179172552	15388	0.0869
95e23d17-a163-464b-a166-59835b0a1e28	4	179176834	179177184	2	-2.8197
95e23d17-a163-464b-a166-59835b0a1e28	4	179180768	180355655	866	0.0928
95e23d17-a163-464b-a166-59835b0a1e28	4	180362239	180450485	80	-0.3602
95e23d17-a163-464b-a166-59835b0a1e28	4	180458446	180981940	418	0.0555
95e23d17-a163-464b-a166-59835b0a1e28	4	180982600	181076602	55	-0.3779
95e23d17-a163-464b-a166-59835b0a1e28	4	181079095	181158385	62	-1.0565
95e23d17-a163-464b-a166-59835b0a1e28	4	181161221	181352426	162	-0.6568
95e23d17-a163-464b-a166-59835b0a1e28	4	181353162	181375578	36	-1.0576
95e23d17-a163-464b-a166-59835b0a1e28	4	181378276	181465378	75	-0.7541
95e23d17-a163-464b-a166-59835b0a1e28	4	181465723	181476896	14	-0.3809
95e23d17-a163-464b-a166-59835b0a1e28	4	181478428	181593239	96	-0.2537
95e23d17-a163-464b-a166-59835b0a1e28	4	181593949	181738105	150	-0.0244
95e23d17-a163-464b-a166-59835b0a1e28	4	181738121	181772739	36	-0.154
95e23d17-a163-464b-a166-59835b0a1e28	4	181773959	188168142	4412	0.0985
95e23d17-a163-464b-a166-59835b0a1e28	4	188173846	188177590	3	-0.9503
95e23d17-a163-464b-a166-59835b0a1e28	4	188183397	190095009	1224	0.1075
95e23d17-a163-464b-a166-59835b0a1e28	4	190098995	190106768	2	-0.5009
95e23d17-a163-464b-a166-59835b0a1e28	5	15532	685633	306	0.0756
95e23d17-a163-464b-a166-59835b0a1e28	5	698256	808932	32	1.0999
95e23d17-a163-464b-a166-59835b0a1e28	5	817735	16587127	12435	0.121
95e23d17-a163-464b-a166-59835b0a1e28	5	16587456	21376735	2877	0.0909
95e23d17-a163-464b-a166-59835b0a1e28	5	21377730	21377744	2	-2.1105
95e23d17-a163-464b-a166-59835b0a1e28	5	21385957	46251204	14989	0.0973
95e23d17-a163-464b-a166-59835b0a1e28	5	46270906	46273400	8	1.1439
95e23d17-a163-464b-a166-59835b0a1e28	5	46278110	58025819	5067	0.096
95e23d17-a163-464b-a166-59835b0a1e28	5	58030200	58045317	36	-0.2753
95e23d17-a163-464b-a166-59835b0a1e28	5	58046293	78812085	12242	0.1066
95e23d17-a163-464b-a166-59835b0a1e28	5	78814168	78815348	3	-1.0591
95e23d17-a163-464b-a166-59835b0a1e28	5	78819688	104515520	14565	0.0908
95e23d17-a163-464b-a166-59835b0a1e28	5	104524672	104524903	4	1.5427
95e23d17-a163-464b-a166-59835b0a1e28	5	104525348	131991464	18004	0.0961
95e23d17-a163-464b-a166-59835b0a1e28	5	131991887	136992678	3220	0.1223
95e23d17-a163-464b-a166-59835b0a1e28	5	136994336	136995566	3	-0.9577
95e23d17-a163-464b-a166-59835b0a1e28	5	136997788	152134610	9509	0.1122
95e23d17-a163-464b-a166-59835b0a1e28	5	152135825	152140710	15	-0.5127
95e23d17-a163-464b-a166-59835b0a1e28	5	152140861	159894013	5316	0.1172
95e23d17-a163-464b-a166-59835b0a1e28	5	159894690	159895162	2	-1.4586
95e23d17-a163-464b-a166-59835b0a1e28	5	159895216	168000925	5366	0.0963
95e23d17-a163-464b-a166-59835b0a1e28	5	168001627	179612694	7784	0.1317
95e23d17-a163-464b-a166-59835b0a1e28	5	179613942	180953203	786	0.0903
95e23d17-a163-464b-a166-59835b0a1e28	5	180960138	180991103	16	-0.3337
95e23d17-a163-464b-a166-59835b0a1e28	5	181006225	181363319	170	0.1009
95e23d17-a163-464b-a166-59835b0a1e28	6	149661	254283	101	0.0958
95e23d17-a163-464b-a166-59835b0a1e28	6	257353	294474	21	-0.7248
95e23d17-a163-464b-a166-59835b0a1e28	6	294725	2001817	1476	0.1139
95e23d17-a163-464b-a166-59835b0a1e28	6	2001962	2002173	2	-1.2023
95e23d17-a163-464b-a166-59835b0a1e28	6	2005740	19039888	13161	0.1104
95e23d17-a163-464b-a166-59835b0a1e28	6	19041950	19042587	3	-4.1144
95e23d17-a163-464b-a166-59835b0a1e28	6	19044471	23057409	2931	0.1054
95e23d17-a163-464b-a166-59835b0a1e28	6	23060763	23064026	4	-1.4419
95e23d17-a163-464b-a166-59835b0a1e28	6	23067417	29869700	3940	0.1006
95e23d17-a163-464b-a166-59835b0a1e28	6	29869747	29948728	39	0.4602
95e23d17-a163-464b-a166-59835b0a1e28	6	29948841	31318528	634	0.1354
95e23d17-a163-464b-a166-59835b0a1e28	6	31318754	31328176	6	-1.8059
95e23d17-a163-464b-a166-59835b0a1e28	6	31328210	32486498	503	0.1144
95e23d17-a163-464b-a166-59835b0a1e28	6	32486746	32533522	14	1.6626
95e23d17-a163-464b-a166-59835b0a1e28	6	32540699	32641650	41	0.3188
95e23d17-a163-464b-a166-59835b0a1e28	6	32656527	32658841	6	1.048
95e23d17-a163-464b-a166-59835b0a1e28	6	32682835	33969677	790	0.136
95e23d17-a163-464b-a166-59835b0a1e28	6	33969714	33970966	8	0.5735
95e23d17-a163-464b-a166-59835b0a1e28	6	33974234	33974928	6	-3.1807
95e23d17-a163-464b-a166-59835b0a1e28	6	33976809	39183162	3237	0.1235
95e23d17-a163-464b-a166-59835b0a1e28	6	39183390	42165361	2155	0.1503
95e23d17-a163-464b-a166-59835b0a1e28	6	42169993	48963228	4183	0.1053
95e23d17-a163-464b-a166-59835b0a1e28	6	48964092	48967563	5	-0.8531
95e23d17-a163-464b-a166-59835b0a1e28	6	48978926	54066269	3296	0.0964
95e23d17-a163-464b-a166-59835b0a1e28	6	54066286	54067057	8	-1.1373
95e23d17-a163-464b-a166-59835b0a1e28	6	54070550	66328153	5360	0.0964
95e23d17-a163-464b-a166-59835b0a1e28	6	66331020	66333299	7	-0.5562
95e23d17-a163-464b-a166-59835b0a1e28	6	66333342	73882142	5009	0.0799
95e23d17-a163-464b-a166-59835b0a1e28	6	73882509	73891694	10	0.7952
95e23d17-a163-464b-a166-59835b0a1e28	6	73893839	73997661	72	0.0537
95e23d17-a163-464b-a166-59835b0a1e28	6	73999993	74007305	3	0.7704
95e23d17-a163-464b-a166-59835b0a1e28	6	74009077	76305231	1395	0.0844
95e23d17-a163-464b-a166-59835b0a1e28	6	76307183	76307194	2	-1.283
95e23d17-a163-464b-a166-59835b0a1e28	6	76307209	76720013	295	0.1002
95e23d17-a163-464b-a166-59835b0a1e28	6	76726442	76758871	27	0.3691
95e23d17-a163-464b-a166-59835b0a1e28	6	76758906	78253172	972	0.0911
95e23d17-a163-464b-a166-59835b0a1e28	6	78259348	78317798	105	-0.3331
95e23d17-a163-464b-a166-59835b0a1e28	6	78318053	96710616	11491	0.0921
95e23d17-a163-464b-a166-59835b0a1e28	6	96713334	96723230	7	-0.8113
95e23d17-a163-464b-a166-59835b0a1e28	6	96725218	103286954	3970	0.0881
95e23d17-a163-464b-a166-59835b0a1e28	6	103290101	103317795	47	0.782
95e23d17-a163-464b-a166-59835b0a1e28	6	103317836	170741917	44119	0.0931
95e23d17-a163-464b-a166-59835b0a1e28	7	43355	18473776	12780	0.6331
95e23d17-a163-464b-a166-59835b0a1e28	7	18476250	18566051	37	0.0804
95e23d17-a163-464b-a166-59835b0a1e28	7	18574079	19816855	1276	0.7655
95e23d17-a163-464b-a166-59835b0a1e28	7	19821677	19958611	87	0.6634
95e23d17-a163-464b-a166-59835b0a1e28	7	19963471	20301914	240	1.4997
95e23d17-a163-464b-a166-59835b0a1e28	7	20309104	23995508	2703	0.7773
95e23d17-a163-464b-a166-59835b0a1e28	7	24000259	24000764	2	1.9369
95e23d17-a163-464b-a166-59835b0a1e28	7	24001198	24043229	37	0.8438
95e23d17-a163-464b-a166-59835b0a1e28	7	24048049	25092139	871	0.3518
95e23d17-a163-464b-a166-59835b0a1e28	7	25092564	26893310	1334	0.4329
95e23d17-a163-464b-a166-59835b0a1e28	7	26894537	27634305	432	0.5555
95e23d17-a163-464b-a166-59835b0a1e28	7	27634988	27764965	82	0.4295
95e23d17-a163-464b-a166-59835b0a1e28	7	27765950	31727570	2951	0.3417
95e23d17-a163-464b-a166-59835b0a1e28	7	31734152	38271122	4524	0.1546
95e23d17-a163-464b-a166-59835b0a1e28	7	38271497	38318626	96	0.4301
95e23d17-a163-464b-a166-59835b0a1e28	7	38318811	43927631	3741	0.1401
95e23d17-a163-464b-a166-59835b0a1e28	7	43928502	43931554	2	-1.0998
95e23d17-a163-464b-a166-59835b0a1e28	7	43932391	52265402	5750	0.1116
95e23d17-a163-464b-a166-59835b0a1e28	7	52265447	52265556	2	-1.2301
95e23d17-a163-464b-a166-59835b0a1e28	7	52265673	53145660	649	0.1039
95e23d17-a163-464b-a166-59835b0a1e28	7	53146318	53150930	10	-0.8308
95e23d17-a163-464b-a166-59835b0a1e28	7	53151219	54318812	846	0.0893
95e23d17-a163-464b-a166-59835b0a1e28	7	54318816	54318824	5	-1.7686
95e23d17-a163-464b-a166-59835b0a1e28	7	54325795	67195549	3741	0.0889
95e23d17-a163-464b-a166-59835b0a1e28	7	67203241	67225584	9	-0.4728
95e23d17-a163-464b-a166-59835b0a1e28	7	67230121	67233947	2	-2.1922
95e23d17-a163-464b-a166-59835b0a1e28	7	67234797	68067966	534	0.0962
95e23d17-a163-464b-a166-59835b0a1e28	7	68070177	70124436	1309	0.3745
95e23d17-a163-464b-a166-59835b0a1e28	7	70131878	74383314	2104	0.1232
95e23d17-a163-464b-a166-59835b0a1e28	7	74383633	77587169	1028	0.2169
95e23d17-a163-464b-a166-59835b0a1e28	7	77588105	78055580	265	0.0647
95e23d17-a163-464b-a166-59835b0a1e28	7	78055848	78463335	397	0.342
95e23d17-a163-464b-a166-59835b0a1e28	7	78464164	78468945	12	0.6979
95e23d17-a163-464b-a166-59835b0a1e28	7	78469503	78563812	87	0.3504
95e23d17-a163-464b-a166-59835b0a1e28	7	78568640	81311630	1926	0.4836
95e23d17-a163-464b-a166-59835b0a1e28	7	81311775	83133787	1176	0.3506
95e23d17-a163-464b-a166-59835b0a1e28	7	83136572	87501081	2732	0.4659
95e23d17-a163-464b-a166-59835b0a1e28	7	87508065	87817619	148	1.2875
95e23d17-a163-464b-a166-59835b0a1e28	7	87818320	90661078	1807	1.1702
95e23d17-a163-464b-a166-59835b0a1e28	7	90661363	92293227	1063	1.2799
95e23d17-a163-464b-a166-59835b0a1e28	7	92293282	94213873	1262	1.3953
95e23d17-a163-464b-a166-59835b0a1e28	7	94213970	94371161	113	1.2097
95e23d17-a163-464b-a166-59835b0a1e28	7	94373485	94376768	3	0.193
95e23d17-a163-464b-a166-59835b0a1e28	7	94377608	96294470	1161	1.2129
95e23d17-a163-464b-a166-59835b0a1e28	7	96298396	97776763	960	1.3105
95e23d17-a163-464b-a166-59835b0a1e28	7	97777263	97791337	8	0.6714
95e23d17-a163-464b-a166-59835b0a1e28	7	97791338	99027254	602	1.19
95e23d17-a163-464b-a166-59835b0a1e28	7	99033743	99400848	199	0.3928
95e23d17-a163-464b-a166-59835b0a1e28	7	99403404	102676662	1230	1.2289
95e23d17-a163-464b-a166-59835b0a1e28	7	102695668	102806782	37	-0.3995
95e23d17-a163-464b-a166-59835b0a1e28	7	102807005	109793690	4494	-0.7917
95e23d17-a163-464b-a166-59835b0a1e28	7	109793720	109813853	38	0.1203
95e23d17-a163-464b-a166-59835b0a1e28	7	109813925	126405502	9992	-0.7734
95e23d17-a163-464b-a166-59835b0a1e28	7	126405597	126406827	16	0.2494
95e23d17-a163-464b-a166-59835b0a1e28	7	126412712	134093899	4671	-0.7837
95e23d17-a163-464b-a166-59835b0a1e28	7	134100424	134114093	35	-0.1405
95e23d17-a163-464b-a166-59835b0a1e28	7	134114401	142404324	5445	-0.7907
95e23d17-a163-464b-a166-59835b0a1e28	7	142405350	142406173	2	-2.7136
95e23d17-a163-464b-a166-59835b0a1e28	7	142407041	143802294	674	-0.7396
95e23d17-a163-464b-a166-59835b0a1e28	7	143846758	143850179	9	-1.4786
95e23d17-a163-464b-a166-59835b0a1e28	7	143875073	144176859	267	-0.7142
95e23d17-a163-464b-a166-59835b0a1e28	7	144199159	144326306	13	0.1079
95e23d17-a163-464b-a166-59835b0a1e28	7	144336758	151491932	4397	-0.7979
95e23d17-a163-464b-a166-59835b0a1e28	7	151498227	151558090	42	0.3881
95e23d17-a163-464b-a166-59835b0a1e28	7	151564404	151582783	18	1.2599
95e23d17-a163-464b-a166-59835b0a1e28	7	151585773	152184505	346	0.3574
95e23d17-a163-464b-a166-59835b0a1e28	7	152184876	152509336	116	0.2283
95e23d17-a163-464b-a166-59835b0a1e28	7	152509857	152668122	88	0.3528
95e23d17-a163-464b-a166-59835b0a1e28	7	152676568	158434098	4035	-0.8068
95e23d17-a163-464b-a166-59835b0a1e28	7	158434435	158434570	2	-3.194
95e23d17-a163-464b-a166-59835b0a1e28	7	158434620	159334314	565	-0.7867
95e23d17-a163-464b-a166-59835b0a1e28	8	81254	644973	324	0.0081
95e23d17-a163-464b-a166-59835b0a1e28	8	645220	645875	6	1.1457
95e23d17-a163-464b-a166-59835b0a1e28	8	645892	645908	2	4.0875
95e23d17-a163-464b-a166-59835b0a1e28	8	656117	2107647	1114	0.0137
95e23d17-a163-464b-a166-59835b0a1e28	8	2107998	2113647	5	-1.046
95e23d17-a163-464b-a166-59835b0a1e28	8	2114455	2844412	586	-0.0348
95e23d17-a163-464b-a166-59835b0a1e28	8	2846011	2846377	7	-0.9845
95e23d17-a163-464b-a166-59835b0a1e28	8	2849649	12788880	9109	0.0194
95e23d17-a163-464b-a166-59835b0a1e28	8	12791219	12795017	4	-1.5196
95e23d17-a163-464b-a166-59835b0a1e28	8	12796024	16339682	3360	0.0113
95e23d17-a163-464b-a166-59835b0a1e28	8	16349445	16349614	8	-0.9818
95e23d17-a163-464b-a166-59835b0a1e28	8	16354575	16402103	47	0.028
95e23d17-a163-464b-a166-59835b0a1e28	8	16404726	16417152	28	-2.2088
95e23d17-a163-464b-a166-59835b0a1e28	8	16421186	63936079	29572	0.0195
95e23d17-a163-464b-a166-59835b0a1e28	8	63936340	63936561	6	1.1942
95e23d17-a163-464b-a166-59835b0a1e28	8	63936953	71300130	4240	0.0023
95e23d17-a163-464b-a166-59835b0a1e28	8	71303076	71304199	6	-1.314
95e23d17-a163-464b-a166-59835b0a1e28	8	71304266	84345754	7962	0.0082
95e23d17-a163-464b-a166-59835b0a1e28	8	84350648	84356431	19	-1.0069
95e23d17-a163-464b-a166-59835b0a1e28	8	84358447	85636159	676	-0.012
95e23d17-a163-464b-a166-59835b0a1e28	8	85638247	85640913	3	-1.0567
95e23d17-a163-464b-a166-59835b0a1e28	8	85645184	95085385	5460	0.0044
95e23d17-a163-464b-a166-59835b0a1e28	8	95085479	97512460	1761	0.0466
95e23d17-a163-464b-a166-59835b0a1e28	8	97512602	111273427	8194	0.0091
95e23d17-a163-464b-a166-59835b0a1e28	8	111276327	111288052	14	-0.4165
95e23d17-a163-464b-a166-59835b0a1e28	8	111289023	125466108	9148	0.0131
95e23d17-a163-464b-a166-59835b0a1e28	8	125466131	137297496	9067	0.0377
95e23d17-a163-464b-a166-59835b0a1e28	8	137297673	137297713	2	-1.5621
95e23d17-a163-464b-a166-59835b0a1e28	8	137298455	140307397	2545	0.05
95e23d17-a163-464b-a166-59835b0a1e28	8	140309462	143616763	1617	0.0039
95e23d17-a163-464b-a166-59835b0a1e28	8	143616987	143625638	10	-0.6256
95e23d17-a163-464b-a166-59835b0a1e28	8	143636819	145072769	504	-0.0106
95e23d17-a163-464b-a166-59835b0a1e28	9	46587	125900	12	-0.1897
95e23d17-a163-464b-a166-59835b0a1e28	9	149481	1385643	1376	-0.795
95e23d17-a163-464b-a166-59835b0a1e28	9	1386018	1386266	2	-3.6594
95e23d17-a163-464b-a166-59835b0a1e28	9	1386357	5087087	3850	-0.8005
95e23d17-a163-464b-a166-59835b0a1e28	9	5097281	6284588	798	0.0655
95e23d17-a163-464b-a166-59835b0a1e28	9	6286201	6335760	36	-0.76
95e23d17-a163-464b-a166-59835b0a1e28	9	6341627	6873334	391	0.0822
95e23d17-a163-464b-a166-59835b0a1e28	9	6873738	8994349	2115	-0.7883
95e23d17-a163-464b-a166-59835b0a1e28	9	8997520	9435632	401	0.0768
95e23d17-a163-464b-a166-59835b0a1e28	9	9439700	10748798	1304	-0.7708
95e23d17-a163-464b-a166-59835b0a1e28	9	10749355	10749835	4	-2.5923
95e23d17-a163-464b-a166-59835b0a1e28	9	10755356	32079198	16445	-0.7754
95e23d17-a163-464b-a166-59835b0a1e28	9	32082228	32090402	13	0.0287
95e23d17-a163-464b-a166-59835b0a1e28	9	32093145	39084142	4263	-0.7666
95e23d17-a163-464b-a166-59835b0a1e28	9	39089273	41473518	125	0.1081
95e23d17-a163-464b-a166-59835b0a1e28	9	41473533	42202227	52	0.4797
95e23d17-a163-464b-a166-59835b0a1e28	9	42211663	61405110	71	0.0735
95e23d17-a163-464b-a166-59835b0a1e28	9	61520021	61647899	30	-1.0183
95e23d17-a163-464b-a166-59835b0a1e28	9	61665362	72063626	3015	0.1079
95e23d17-a163-464b-a166-59835b0a1e28	9	72064538	72068141	6	-0.9958
95e23d17-a163-464b-a166-59835b0a1e28	9	72068168	89725968	12542	0.1143
95e23d17-a163-464b-a166-59835b0a1e28	9	89727210	89753420	15	0.6441
95e23d17-a163-464b-a166-59835b0a1e28	9	89755770	92229683	1864	0.1208
95e23d17-a163-464b-a166-59835b0a1e28	9	92230841	92232114	2	-2.4422
95e23d17-a163-464b-a166-59835b0a1e28	9	92233912	110262162	12601	0.1122
95e23d17-a163-464b-a166-59835b0a1e28	9	110262509	110264442	2	-1.3098
95e23d17-a163-464b-a166-59835b0a1e28	9	110265889	114709825	3218	0.1077
95e23d17-a163-464b-a166-59835b0a1e28	9	114709913	114710657	2	-1.0805
95e23d17-a163-464b-a166-59835b0a1e28	9	114711514	125905878	7988	0.1233
95e23d17-a163-464b-a166-59835b0a1e28	9	125905969	136966179	6310	0.1521
95e23d17-a163-464b-a166-59835b0a1e28	9	136990837	138200944	480	0.1083
95e23d17-a163-464b-a166-59835b0a1e28	10	45792	20551945	16979	0.1072
95e23d17-a163-464b-a166-59835b0a1e28	10	20561183	20564574	5	-0.9688
95e23d17-a163-464b-a166-59835b0a1e28	10	20564605	24088745	2194	0.092
95e23d17-a163-464b-a166-59835b0a1e28	10	24088746	24088753	6	-1.6368
95e23d17-a163-464b-a166-59835b0a1e28	10	24088989	46560525	12500	0.0946
95e23d17-a163-464b-a166-59835b0a1e28	10	46606240	46967412	19	-0.4596
95e23d17-a163-464b-a166-59835b0a1e28	10	47002596	50531480	1926	0.1289
95e23d17-a163-464b-a166-59835b0a1e28	10	50531612	50531848	2	-1.1204
95e23d17-a163-464b-a166-59835b0a1e28	10	50532160	51116291	362	0.0871
95e23d17-a163-464b-a166-59835b0a1e28	10	51117034	51307376	176	-0.3584
95e23d17-a163-464b-a166-59835b0a1e28	10	51311779	54565416	2599	0.0809
95e23d17-a163-464b-a166-59835b0a1e28	10	54565762	54745022	140	-0.1271
95e23d17-a163-464b-a166-59835b0a1e28	10	54757650	65548193	7474	0.0784
95e23d17-a163-464b-a166-59835b0a1e28	10	65548259	65554688	25	0.5953
95e23d17-a163-464b-a166-59835b0a1e28	10	65563037	69486681	2518	0.075
95e23d17-a163-464b-a166-59835b0a1e28	10	69486879	72441229	2198	0.1305
95e23d17-a163-464b-a166-59835b0a1e28	10	72442448	78037772	3260	0.0957
95e23d17-a163-464b-a166-59835b0a1e28	10	78039161	79943964	1315	0.1481
95e23d17-a163-464b-a166-59835b0a1e28	10	79944708	126173369	31460	0.0918
95e23d17-a163-464b-a166-59835b0a1e28	10	126173494	126174345	2	-1.2095
95e23d17-a163-464b-a166-59835b0a1e28	10	126174357	133654968	5424	0.103
95e23d17-a163-464b-a166-59835b0a1e28	11	198510	4946420	2403	-0.7773
95e23d17-a163-464b-a166-59835b0a1e28	11	4947280	4955781	31	-0.1118
95e23d17-a163-464b-a166-59835b0a1e28	11	4957152	5766850	776	-0.8289
95e23d17-a163-464b-a166-59835b0a1e28	11	5766862	5787818	30	-0.1327
95e23d17-a163-464b-a166-59835b0a1e28	11	5787909	48373316	29769	-0.8052
95e23d17-a163-464b-a166-59835b0a1e28	11	48379256	48684291	126	-0.6623
95e23d17-a163-464b-a166-59835b0a1e28	11	48688176	48688877	6	0.3534
95e23d17-a163-464b-a166-59835b0a1e28	11	48688881	55392248	991	-0.6865
95e23d17-a163-464b-a166-59835b0a1e28	11	55392516	55609178	151	-0.7962
95e23d17-a163-464b-a166-59835b0a1e28	11	55609186	55685533	47	-1.8972
95e23d17-a163-464b-a166-59835b0a1e28	11	55686100	81792950	14465	-0.7784
95e23d17-a163-464b-a166-59835b0a1e28	11	81794421	81806116	9	-4.6429
95e23d17-a163-464b-a166-59835b0a1e28	11	81811590	135074876	37516	-0.8057
95e23d17-a163-464b-a166-59835b0a1e28	12	51460	1844700	1055	0.0957
95e23d17-a163-464b-a166-59835b0a1e28	12	1844930	7259755	4021	0.1353
95e23d17-a163-464b-a166-59835b0a1e28	12	7262050	18773098	7394	0.0936
95e23d17-a163-464b-a166-59835b0a1e28	12	18782255	18782999	3	-0.961
95e23d17-a163-464b-a166-59835b0a1e28	12	18791454	33141726	10291	0.0933
95e23d17-a163-464b-a166-59835b0a1e28	12	33148472	33154440	27	-0.5399
95e23d17-a163-464b-a166-59835b0a1e28	12	33155426	45510655	5586	0.1005
95e23d17-a163-464b-a166-59835b0a1e28	12	45512057	45515754	3	1.5516
95e23d17-a163-464b-a166-59835b0a1e28	12	45519509	60478823	8673	0.1113
95e23d17-a163-464b-a166-59835b0a1e28	12	60480818	60483567	6	-1.1145
95e23d17-a163-464b-a166-59835b0a1e28	12	60486777	61880090	824	0.0886
95e23d17-a163-464b-a166-59835b0a1e28	12	61882031	61885198	9	-1.2552
95e23d17-a163-464b-a166-59835b0a1e28	12	61885690	87369772	16114	0.09
95e23d17-a163-464b-a166-59835b0a1e28	12	87369832	87369847	2	-1.7397
95e23d17-a163-464b-a166-59835b0a1e28	12	87370018	99401870	8050	0.0934
95e23d17-a163-464b-a166-59835b0a1e28	12	99401959	99409315	29	0.4258
95e23d17-a163-464b-a166-59835b0a1e28	12	99409340	102353526	1760	0.0944
95e23d17-a163-464b-a166-59835b0a1e28	12	102354924	132639591	20664	0.1172
95e23d17-a163-464b-a166-59835b0a1e28	12	132639662	133201603	260	0.0294
95e23d17-a163-464b-a166-59835b0a1e28	13	18452809	23058539	2856	0.1025
95e23d17-a163-464b-a166-59835b0a1e28	13	23058721	23064056	12	-0.6842
95e23d17-a163-464b-a166-59835b0a1e28	13	23064071	37496998	10596	0.1049
95e23d17-a163-464b-a166-59835b0a1e28	13	37497899	37510620	16	0.9697
95e23d17-a163-464b-a166-59835b0a1e28	13	37514193	38478674	700	0.1054
95e23d17-a163-464b-a166-59835b0a1e28	13	38483435	38483919	2	-2.2456
95e23d17-a163-464b-a166-59835b0a1e28	13	38490920	58010656	12257	0.0978
95e23d17-a163-464b-a166-59835b0a1e28	13	58016147	58019138	4	-1.1282
95e23d17-a163-464b-a166-59835b0a1e28	13	58019212	68668123	6460	0.084
95e23d17-a163-464b-a166-59835b0a1e28	13	68674167	68675349	7	-0.6995
95e23d17-a163-464b-a166-59835b0a1e28	13	68676647	68677373	6	0.1926
95e23d17-a163-464b-a166-59835b0a1e28	13	68677517	68694110	25	-0.7393
95e23d17-a163-464b-a166-59835b0a1e28	13	68694987	70167267	953	0.0863
95e23d17-a163-464b-a166-59835b0a1e28	13	70168196	70198763	44	-0.9709
95e23d17-a163-464b-a166-59835b0a1e28	13	70201639	71903417	1065	0.0844
95e23d17-a163-464b-a166-59835b0a1e28	13	71906311	71906418	2	1.571
95e23d17-a163-464b-a166-59835b0a1e28	13	71906467	78137861	4437	0.0893
95e23d17-a163-464b-a166-59835b0a1e28	13	78140723	78141265	2	-1.5634
95e23d17-a163-464b-a166-59835b0a1e28	13	78141889	114342922	24606	0.0953
95e23d17-a163-464b-a166-59835b0a1e28	14	18239283	19215688	42	0.1896
95e23d17-a163-464b-a166-59835b0a1e28	14	19256296	19957701	128	-0.2365
95e23d17-a163-464b-a166-59835b0a1e28	14	19957752	20707115	564	0.072
95e23d17-a163-464b-a166-59835b0a1e28	14	20707930	20707933	2	-1.2284
95e23d17-a163-464b-a166-59835b0a1e28	14	20710239	20858734	124	0.0523
95e23d17-a163-464b-a166-59835b0a1e28	14	20859749	20861800	2	1.0373
95e23d17-a163-464b-a166-59835b0a1e28	14	20865940	21870543	580	0.097
95e23d17-a163-464b-a166-59835b0a1e28	14	21871945	22535762	605	0.3061
95e23d17-a163-464b-a166-59835b0a1e28	14	22535852	41139155	11697	0.1018
95e23d17-a163-464b-a166-59835b0a1e28	14	41141293	41188146	15	-0.3314
95e23d17-a163-464b-a166-59835b0a1e28	14	41200899	43480139	1414	0.0978
95e23d17-a163-464b-a166-59835b0a1e28	14	43480716	43486189	6	-0.8254
95e23d17-a163-464b-a166-59835b0a1e28	14	43489014	69547262	16390	0.1015
95e23d17-a163-464b-a166-59835b0a1e28	14	69551330	69555750	9	-2.8575
95e23d17-a163-464b-a166-59835b0a1e28	14	69555996	88094954	12271	0.1039
95e23d17-a163-464b-a166-59835b0a1e28	14	88101573	88108760	4	-2.4363
95e23d17-a163-464b-a166-59835b0a1e28	14	88109798	106321086	11209	0.1211
95e23d17-a163-464b-a166-59835b0a1e28	14	106340102	106346129	7	1.1784
95e23d17-a163-464b-a166-59835b0a1e28	14	106360014	106877229	274	0.1177
95e23d17-a163-464b-a166-59835b0a1e28	15	19811075	22005276	180	0.0286
95e23d17-a163-464b-a166-59835b0a1e28	15	22227530	22299523	26	-0.6716
95e23d17-a163-464b-a166-59835b0a1e28	15	22385639	32520328	5730	0.112
95e23d17-a163-464b-a166-59835b0a1e28	15	32565281	32567657	2	-1.2493
95e23d17-a163-464b-a166-59835b0a1e28	15	32584630	53902350	13471	0.1166
95e23d17-a163-464b-a166-59835b0a1e28	15	53902792	53910302	4	-0.7491
95e23d17-a163-464b-a166-59835b0a1e28	15	53912031	65885592	8089	0.1216
95e23d17-a163-464b-a166-59835b0a1e28	15	65886777	71878527	4077	0.1488
95e23d17-a163-464b-a166-59835b0a1e28	15	71880645	76598900	2308	0.1208
95e23d17-a163-464b-a166-59835b0a1e28	15	76599170	76603434	21	1.1026
95e23d17-a163-464b-a166-59835b0a1e28	15	76609838	84159599	4593	0.1332
95e23d17-a163-464b-a166-59835b0a1e28	15	84192594	84246373	2	-2.3189
95e23d17-a163-464b-a166-59835b0a1e28	15	84388504	84388506	3	-0.5578
95e23d17-a163-464b-a166-59835b0a1e28	15	84390750	101888922	13001	0.12
95e23d17-a163-464b-a166-59835b0a1e28	15	101894806	101928837	5	-0.6368
95e23d17-a163-464b-a166-59835b0a1e28	16	10777	15886652	11493	0.122
95e23d17-a163-464b-a166-59835b0a1e28	16	15886827	15892276	4	-0.9624
95e23d17-a163-464b-a166-59835b0a1e28	16	15893411	55761136	15409	0.1126
95e23d17-a163-464b-a166-59835b0a1e28	16	55762477	55788532	22	-2.0228
95e23d17-a163-464b-a166-59835b0a1e28	16	55808442	55824881	13	0.7297
95e23d17-a163-464b-a166-59835b0a1e28	16	55834527	57258567	880	0.1298
95e23d17-a163-464b-a166-59835b0a1e28	16	57266665	57267072	2	-0.7886
95e23d17-a163-464b-a166-59835b0a1e28	16	57267200	58074344	476	0.1498
95e23d17-a163-464b-a166-59835b0a1e28	16	58076074	63850658	3724	0.0906
95e23d17-a163-464b-a166-59835b0a1e28	16	63850777	78337711	9174	0.1179
95e23d17-a163-464b-a166-59835b0a1e28	16	78338543	78350868	16	0.9171
95e23d17-a163-464b-a166-59835b0a1e28	16	78351104	90096867	10601	0.1259
95e23d17-a163-464b-a166-59835b0a1e28	17	150733	28452035	13662	0.1162
95e23d17-a163-464b-a166-59835b0a1e28	17	28454323	28455301	2	-3.0538
95e23d17-a163-464b-a166-59835b0a1e28	17	28462253	32852614	2000	0.1053
95e23d17-a163-464b-a166-59835b0a1e28	17	32853505	33553127	658	0.1799
95e23d17-a163-464b-a166-59835b0a1e28	17	33554867	46136346	7026	0.1167
95e23d17-a163-464b-a166-59835b0a1e28	17	46136800	46571001	94	-0.364
95e23d17-a163-464b-a166-59835b0a1e28	17	46664059	56275411	5967	0.1209
95e23d17-a163-464b-a166-59835b0a1e28	17	56282927	56442838	122	0.7006
95e23d17-a163-464b-a166-59835b0a1e28	17	56445022	57051187	462	0.1259
95e23d17-a163-464b-a166-59835b0a1e28	17	57051561	57178658	96	0.6269
95e23d17-a163-464b-a166-59835b0a1e28	17	57185503	57242276	63	1.05
95e23d17-a163-464b-a166-59835b0a1e28	17	57245236	58244892	705	0.6453
95e23d17-a163-464b-a166-59835b0a1e28	17	58245984	58340330	58	1.033
95e23d17-a163-464b-a166-59835b0a1e28	17	58345840	58420406	41	0.6421
95e23d17-a163-464b-a166-59835b0a1e28	17	58421020	58623311	97	0.9984
95e23d17-a163-464b-a166-59835b0a1e28	17	58634540	59109431	199	0.5817
95e23d17-a163-464b-a166-59835b0a1e28	17	59110368	59134241	16	0.0472
95e23d17-a163-464b-a166-59835b0a1e28	17	59140533	59142249	6	0.3818
95e23d17-a163-464b-a166-59835b0a1e28	17	59158117	59587994	214	-0.7188
95e23d17-a163-464b-a166-59835b0a1e28	17	59595384	60096398	213	0.099
95e23d17-a163-464b-a166-59835b0a1e28	17	60099602	60209502	44	0.634
95e23d17-a163-464b-a166-59835b0a1e28	17	60209859	60492607	148	1.0016
95e23d17-a163-464b-a166-59835b0a1e28	17	60493610	60808745	146	0.6133
95e23d17-a163-464b-a166-59835b0a1e28	17	60809602	60819584	7	0.0494
95e23d17-a163-464b-a166-59835b0a1e28	17	60821552	60828611	8	0.5722
95e23d17-a163-464b-a166-59835b0a1e28	17	60835077	61288688	243	0.0955
95e23d17-a163-464b-a166-59835b0a1e28	17	61292091	62229105	480	0.6375
95e23d17-a163-464b-a166-59835b0a1e28	17	62229186	62372584	71	0.9829
95e23d17-a163-464b-a166-59835b0a1e28	17	62372731	62969369	265	0.5979
95e23d17-a163-464b-a166-59835b0a1e28	17	62969903	63299082	138	0.1069
95e23d17-a163-464b-a166-59835b0a1e28	17	63305489	63348647	26	-0.7745
95e23d17-a163-464b-a166-59835b0a1e28	17	63361254	63478305	52	0.166
95e23d17-a163-464b-a166-59835b0a1e28	17	63479193	63486097	6	0.7385
95e23d17-a163-464b-a166-59835b0a1e28	17	63487831	63708544	102	0.1328
95e23d17-a163-464b-a166-59835b0a1e28	17	63709493	63829407	51	0.6101
95e23d17-a163-464b-a166-59835b0a1e28	17	63831996	64062439	110	0.1514
95e23d17-a163-464b-a166-59835b0a1e28	17	64062968	64165318	79	0.6096
95e23d17-a163-464b-a166-59835b0a1e28	17	64168141	65162079	413	0.0933
95e23d17-a163-464b-a166-59835b0a1e28	17	65164577	65393911	194	0.6618
95e23d17-a163-464b-a166-59835b0a1e28	17	65394993	65588987	116	0.0963
95e23d17-a163-464b-a166-59835b0a1e28	17	65592172	66189745	361	0.6373
95e23d17-a163-464b-a166-59835b0a1e28	17	66193675	66763194	442	0.1251
95e23d17-a163-464b-a166-59835b0a1e28	17	66763470	67287743	376	-0.771
95e23d17-a163-464b-a166-59835b0a1e28	17	67292922	68372311	551	0.0914
95e23d17-a163-464b-a166-59835b0a1e28	17	68375132	76530556	5447	-0.7665
95e23d17-a163-464b-a166-59835b0a1e28	17	76536012	76536090	2	-2.8735
95e23d17-a163-464b-a166-59835b0a1e28	17	76536192	77224205	430	-0.7908
95e23d17-a163-464b-a166-59835b0a1e28	17	77229483	77244040	11	0.2385
95e23d17-a163-464b-a166-59835b0a1e28	17	77247861	78585479	782	-0.7989
95e23d17-a163-464b-a166-59835b0a1e28	17	78595695	78629364	43	0.3634
95e23d17-a163-464b-a166-59835b0a1e28	17	78634082	79680848	574	-0.7778
95e23d17-a163-464b-a166-59835b0a1e28	17	79683660	79708813	5	0.3837
95e23d17-a163-464b-a166-59835b0a1e28	17	79723293	80912140	720	1.2947
95e23d17-a163-464b-a166-59835b0a1e28	17	80912744	81139641	73	0.4747
95e23d17-a163-464b-a166-59835b0a1e28	17	81154966	81155301	5	-0.2236
95e23d17-a163-464b-a166-59835b0a1e28	17	81158113	81704905	191	0.3659
95e23d17-a163-464b-a166-59835b0a1e28	17	81708565	82382648	147	1.2635
95e23d17-a163-464b-a166-59835b0a1e28	17	82399121	82611607	126	-0.7494
95e23d17-a163-464b-a166-59835b0a1e28	17	82613184	82613629	4	-2.3552
95e23d17-a163-464b-a166-59835b0a1e28	17	82613819	83091923	245	-0.8024
95e23d17-a163-464b-a166-59835b0a1e28	18	48133	13721268	9769	0.1221
95e23d17-a163-464b-a166-59835b0a1e28	18	13725434	13727349	2	-1.1973
95e23d17-a163-464b-a166-59835b0a1e28	18	13730454	26785899	4088	0.1089
95e23d17-a163-464b-a166-59835b0a1e28	18	26785951	26786181	3	-0.9998
95e23d17-a163-464b-a166-59835b0a1e28	18	26786415	28613572	1188	0.1095
95e23d17-a163-464b-a166-59835b0a1e28	18	28615803	28616031	2	-1.4724
95e23d17-a163-464b-a166-59835b0a1e28	18	28616148	38657916	6457	0.098
95e23d17-a163-464b-a166-59835b0a1e28	18	38658976	38660148	2	-1.1397
95e23d17-a163-464b-a166-59835b0a1e28	18	38660355	40678763	1256	0.1179
95e23d17-a163-464b-a166-59835b0a1e28	18	40680456	40685425	19	-0.4768
95e23d17-a163-464b-a166-59835b0a1e28	18	40689534	41281985	407	0.098
95e23d17-a163-464b-a166-59835b0a1e28	18	41285561	41286136	2	1.6338
95e23d17-a163-464b-a166-59835b0a1e28	18	41289570	53677765	8490	0.1158
95e23d17-a163-464b-a166-59835b0a1e28	18	53680839	53684270	4	-2.8783
95e23d17-a163-464b-a166-59835b0a1e28	18	53685778	67286412	9403	0.0983
95e23d17-a163-464b-a166-59835b0a1e28	18	67291970	67300028	21	-0.7055
95e23d17-a163-464b-a166-59835b0a1e28	18	67300481	69540616	1774	0.096
95e23d17-a163-464b-a166-59835b0a1e28	18	69541156	69550035	7	-0.7944
95e23d17-a163-464b-a166-59835b0a1e28	18	69550306	80257174	7805	0.1066
95e23d17-a163-464b-a166-59835b0a1e28	19	90910	49899356	23782	0.1173
95e23d17-a163-464b-a166-59835b0a1e28	19	49905908	49928622	13	-0.371
95e23d17-a163-464b-a166-59835b0a1e28	19	49929523	51628560	950	0.1221
95e23d17-a163-464b-a166-59835b0a1e28	19	51639099	51644944	11	-0.6032
95e23d17-a163-464b-a166-59835b0a1e28	19	51651652	54801157	2028	0.0976
95e23d17-a163-464b-a166-59835b0a1e28	19	54801545	54802362	2	-1.2729
95e23d17-a163-464b-a166-59835b0a1e28	19	54802832	54997337	101	0.136
95e23d17-a163-464b-a166-59835b0a1e28	19	54997939	54998320	2	-1.3364
95e23d17-a163-464b-a166-59835b0a1e28	19	54998497	55757730	355	0.1101
95e23d17-a163-464b-a166-59835b0a1e28	19	55760397	55766684	4	1.033
95e23d17-a163-464b-a166-59835b0a1e28	19	55770704	58429147	1789	0.1116
95e23d17-a163-464b-a166-59835b0a1e28	19	58432041	58433008	2	-3.3753
95e23d17-a163-464b-a166-59835b0a1e28	19	58434689	58586487	52	0.01
95e23d17-a163-464b-a166-59835b0a1e28	20	80664	1580305	1202	0.1255
95e23d17-a163-464b-a166-59835b0a1e28	20	1580353	1613247	42	-0.5126
95e23d17-a163-464b-a166-59835b0a1e28	20	1617300	8146273	4846	0.129
95e23d17-a163-464b-a166-59835b0a1e28	20	8147407	8147795	3	-1.032
95e23d17-a163-464b-a166-59835b0a1e28	20	8148585	54028329	28764	0.1339
95e23d17-a163-464b-a166-59835b0a1e28	20	54031269	54042112	37	-0.742
95e23d17-a163-464b-a166-59835b0a1e28	20	54046035	63567905	7123	0.1498
95e23d17-a163-464b-a166-59835b0a1e28	20	63578528	64324800	322	0.039
95e23d17-a163-464b-a166-59835b0a1e28	21	10354168	10571815	56	0.0839
95e23d17-a163-464b-a166-59835b0a1e28	21	10578371	12973348	32	0.5243
95e23d17-a163-464b-a166-59835b0a1e28	21	12992210	18682939	3452	0.1042
95e23d17-a163-464b-a166-59835b0a1e28	21	18683769	18708616	28	0.6918
95e23d17-a163-464b-a166-59835b0a1e28	21	18709557	19269246	461	0.0914
95e23d17-a163-464b-a166-59835b0a1e28	21	19269283	19269386	3	-0.931
95e23d17-a163-464b-a166-59835b0a1e28	21	19269473	33817102	10661	0.0984
95e23d17-a163-464b-a166-59835b0a1e28	21	33818308	46267563	8864	0.134
95e23d17-a163-464b-a166-59835b0a1e28	21	46268308	46677045	278	0.077
95e23d17-a163-464b-a166-59835b0a1e28	22	15294547	18142004	1108	0.1244
95e23d17-a163-464b-a166-59835b0a1e28	22	18143362	18146386	8	-0.806
95e23d17-a163-464b-a166-59835b0a1e28	22	18147293	18649244	17	0.0633
95e23d17-a163-464b-a166-59835b0a1e28	22	18760927	18822581	5	-0.8127
95e23d17-a163-464b-a166-59835b0a1e28	22	18822597	21800134	1706	0.0645
95e23d17-a163-464b-a166-59835b0a1e28	22	21800326	22398127	611	0.11
95e23d17-a163-464b-a166-59835b0a1e28	22	22398345	22398545	4	1.0989
95e23d17-a163-464b-a166-59835b0a1e28	22	22402989	26092684	2589	0.1272
95e23d17-a163-464b-a166-59835b0a1e28	22	26098646	26108090	18	-0.7849
95e23d17-a163-464b-a166-59835b0a1e28	22	26108873	42494739	11070	0.1357
95e23d17-a163-464b-a166-59835b0a1e28	22	42496327	42615668	61	-0.0933
95e23d17-a163-464b-a166-59835b0a1e28	22	42617830	49335338	5295	0.1501
95e23d17-a163-464b-a166-59835b0a1e28	22	49335812	50796027	765	0.0648
95e23d17-a163-464b-a166-59835b0a1e28	X	251810	587305	43	-0.0783
95e23d17-a163-464b-a166-59835b0a1e28	X	601325	605460	7	-0.8014
95e23d17-a163-464b-a166-59835b0a1e28	X	610051	3376866	500	-0.0002
95e23d17-a163-464b-a166-59835b0a1e28	X	3377013	3377154	2	-1.4663
95e23d17-a163-464b-a166-59835b0a1e28	X	3378029	38724565	23377	-0.0061
95e23d17-a163-464b-a166-59835b0a1e28	X	38726905	55008850	7827	0.016
95e23d17-a163-464b-a166-59835b0a1e28	X	55011733	68688926	4192	-0.0049
95e23d17-a163-464b-a166-59835b0a1e28	X	68696515	69257905	332	0.0823
95e23d17-a163-464b-a166-59835b0a1e28	X	69258521	104003417	17439	-0.0107
95e23d17-a163-464b-a166-59835b0a1e28	X	104004609	104050707	55	0.5928
95e23d17-a163-464b-a166-59835b0a1e28	X	104050744	147277033	24951	0.0052
95e23d17-a163-464b-a166-59835b0a1e28	X	147279480	147280769	3	-1.1768
95e23d17-a163-464b-a166-59835b0a1e28	X	147280837	155952689	4838	0.0225
95e23d17-a163-464b-a166-59835b0a1e28	Y	2782397	6233384	784	-2.6105
95e23d17-a163-464b-a166-59835b0a1e28	Y	6249869	9330531	1443	-3.1306
95e23d17-a163-464b-a166-59835b0a1e28	Y	9332936	9550385	21	-4.7302
95e23d17-a163-464b-a166-59835b0a1e28	Y	9550653	13478396	1016	-3.0265
95e23d17-a163-464b-a166-59835b0a1e28	Y	13478462	13482643	3	-7.6945
95e23d17-a163-464b-a166-59835b0a1e28	Y	13483009	23586854	3180	-3.1028
95e23d17-a163-464b-a166-59835b0a1e28	Y	23784615	56872112	192	-2.6475
