GDC_Aliquot	Chromosome	Start	End	Num_Probes	Segment_Mean
67eb3b89-3122-4d46-8987-ef91c6ba1e0f	1	62920	462894	19	0.3339
67eb3b89-3122-4d46-8987-ef91c6ba1e0f	1	599171	3306087	725	-0.2626
67eb3b89-3122-4d46-8987-ef91c6ba1e0f	1	3308094	25256352	13201	-0.148
67eb3b89-3122-4d46-8987-ef91c6ba1e0f	1	25256800	25320455	26	0.4791
67eb3b89-3122-4d46-8987-ef91c6ba1e0f	1	25336819	31445124	3143	-0.1253
67eb3b89-3122-4d46-8987-ef91c6ba1e0f	1	31446170	31544633	52	0.3044
67eb3b89-3122-4d46-8987-ef91c6ba1e0f	1	31544989	31550869	7	0.7516
67eb3b89-3122-4d46-8987-ef91c6ba1e0f	1	31552392	31628660	35	0.3276
67eb3b89-3122-4d46-8987-ef91c6ba1e0f	1	31632609	34190783	1350	-0.1343
67eb3b89-3122-4d46-8987-ef91c6ba1e0f	1	34191211	34191702	2	-1.9009
67eb3b89-3122-4d46-8987-ef91c6ba1e0f	1	34196051	48043381	7825	-0.1433
67eb3b89-3122-4d46-8987-ef91c6ba1e0f	1	48043487	54624527	3489	-0.1923
67eb3b89-3122-4d46-8987-ef91c6ba1e0f	1	54627618	54628716	2	-2.1354
67eb3b89-3122-4d46-8987-ef91c6ba1e0f	1	54630777	65432318	8173	-0.2225
67eb3b89-3122-4d46-8987-ef91c6ba1e0f	1	65437762	65440582	2	-2.4789
67eb3b89-3122-4d46-8987-ef91c6ba1e0f	1	65441079	72302815	4469	-0.2497
67eb3b89-3122-4d46-8987-ef91c6ba1e0f	1	72303233	72345450	45	-1.2796
67eb3b89-3122-4d46-8987-ef91c6ba1e0f	1	72345465	109690431	23457	-0.243
67eb3b89-3122-4d46-8987-ef91c6ba1e0f	1	109690640	109697556	10	1.8716
67eb3b89-3122-4d46-8987-ef91c6ba1e0f	1	109702376	111233355	1124	-0.1488
67eb3b89-3122-4d46-8987-ef91c6ba1e0f	1	111235846	111237508	2	-2.0045
67eb3b89-3122-4d46-8987-ef91c6ba1e0f	1	111237559	112153343	808	-0.1868
67eb3b89-3122-4d46-8987-ef91c6ba1e0f	1	112153465	112154591	21	0.4719
67eb3b89-3122-4d46-8987-ef91c6ba1e0f	1	112154619	152588065	7569	-0.2054
67eb3b89-3122-4d46-8987-ef91c6ba1e0f	1	152588392	152613762	22	-1.0086
67eb3b89-3122-4d46-8987-ef91c6ba1e0f	1	152613802	152789447	171	-0.1787
67eb3b89-3122-4d46-8987-ef91c6ba1e0f	1	152789463	152796224	36	-1.5366
67eb3b89-3122-4d46-8987-ef91c6ba1e0f	1	152801429	153234798	344	-0.2257
67eb3b89-3122-4d46-8987-ef91c6ba1e0f	1	153234940	157157326	1892	-0.1256
67eb3b89-3122-4d46-8987-ef91c6ba1e0f	1	157157506	158580102	1067	-0.2084
67eb3b89-3122-4d46-8987-ef91c6ba1e0f	1	158580290	158588352	4	-2.6587
67eb3b89-3122-4d46-8987-ef91c6ba1e0f	1	158588375	162555148	2628	-0.1821
67eb3b89-3122-4d46-8987-ef91c6ba1e0f	1	162563793	162715228	131	0.5319
67eb3b89-3122-4d46-8987-ef91c6ba1e0f	1	162715574	199142235	24615	-0.2279
67eb3b89-3122-4d46-8987-ef91c6ba1e0f	1	199142298	199143883	7	-1.7169
67eb3b89-3122-4d46-8987-ef91c6ba1e0f	1	199144712	200710954	1100	-0.2348
67eb3b89-3122-4d46-8987-ef91c6ba1e0f	1	200712793	207945603	4622	-0.161
67eb3b89-3122-4d46-8987-ef91c6ba1e0f	1	207945851	209248964	1079	-0.2388
67eb3b89-3122-4d46-8987-ef91c6ba1e0f	1	209249147	209266835	10	-1.1279
67eb3b89-3122-4d46-8987-ef91c6ba1e0f	1	209271484	215684851	4421	-0.2273
67eb3b89-3122-4d46-8987-ef91c6ba1e0f	1	215686367	215688763	13	-5.3816
67eb3b89-3122-4d46-8987-ef91c6ba1e0f	1	215692667	220575490	3522	-0.2682
67eb3b89-3122-4d46-8987-ef91c6ba1e0f	1	220576296	220581817	3	-2.1886
67eb3b89-3122-4d46-8987-ef91c6ba1e0f	1	220582893	222193326	1159	-0.2331
67eb3b89-3122-4d46-8987-ef91c6ba1e0f	1	222201492	222203662	2	-2.3321
67eb3b89-3122-4d46-8987-ef91c6ba1e0f	1	222208792	229817623	4532	-0.2119
67eb3b89-3122-4d46-8987-ef91c6ba1e0f	1	229819622	229820733	2	-2.2961
67eb3b89-3122-4d46-8987-ef91c6ba1e0f	1	229820936	240972733	8511	-0.2356
67eb3b89-3122-4d46-8987-ef91c6ba1e0f	1	240975661	241164711	152	-0.9463
67eb3b89-3122-4d46-8987-ef91c6ba1e0f	1	241164927	246477341	3692	-0.2353
67eb3b89-3122-4d46-8987-ef91c6ba1e0f	1	246479836	246482495	2	-2.5868
67eb3b89-3122-4d46-8987-ef91c6ba1e0f	1	246488245	248930189	1412	-0.2267
67eb3b89-3122-4d46-8987-ef91c6ba1e0f	2	12784	23523591	17366	-0.2162
67eb3b89-3122-4d46-8987-ef91c6ba1e0f	2	23523930	28747218	2630	-0.1351
67eb3b89-3122-4d46-8987-ef91c6ba1e0f	2	28750471	34466002	3935	-0.2143
67eb3b89-3122-4d46-8987-ef91c6ba1e0f	2	34474248	34511990	46	0.3119
67eb3b89-3122-4d46-8987-ef91c6ba1e0f	2	34512489	50748690	11728	-0.2112
67eb3b89-3122-4d46-8987-ef91c6ba1e0f	2	50749033	50749714	6	-1.3342
67eb3b89-3122-4d46-8987-ef91c6ba1e0f	2	50750841	52527330	1192	-0.2447
67eb3b89-3122-4d46-8987-ef91c6ba1e0f	2	52527342	52554404	39	0.4128
67eb3b89-3122-4d46-8987-ef91c6ba1e0f	2	52560811	56781746	3074	-0.2292
67eb3b89-3122-4d46-8987-ef91c6ba1e0f	2	56784668	56785162	2	-2.3773
67eb3b89-3122-4d46-8987-ef91c6ba1e0f	2	56786046	60665881	2609	-0.2463
67eb3b89-3122-4d46-8987-ef91c6ba1e0f	2	60670147	74744258	8356	-0.1866
67eb3b89-3122-4d46-8987-ef91c6ba1e0f	2	74744444	87117615	7802	-0.2282
67eb3b89-3122-4d46-8987-ef91c6ba1e0f	2	87134049	87696853	115	1.3123
67eb3b89-3122-4d46-8987-ef91c6ba1e0f	2	87725148	101988889	4341	-0.1792
67eb3b89-3122-4d46-8987-ef91c6ba1e0f	2	101991125	105282062	2076	-0.2493
67eb3b89-3122-4d46-8987-ef91c6ba1e0f	2	105282365	113691739	4660	-0.1777
67eb3b89-3122-4d46-8987-ef91c6ba1e0f	2	113694307	128880904	9514	-0.2212
67eb3b89-3122-4d46-8987-ef91c6ba1e0f	2	128880928	128882723	13	-1.6515
67eb3b89-3122-4d46-8987-ef91c6ba1e0f	2	128882741	230090545	61704	-0.2266
67eb3b89-3122-4d46-8987-ef91c6ba1e0f	2	230093404	242147305	7373	-0.1664
67eb3b89-3122-4d46-8987-ef91c6ba1e0f	3	20930	9482763	8245	-0.241
67eb3b89-3122-4d46-8987-ef91c6ba1e0f	3	9486190	16773251	5014	-0.1915
67eb3b89-3122-4d46-8987-ef91c6ba1e0f	3	16775949	30662984	9479	-0.2515
67eb3b89-3122-4d46-8987-ef91c6ba1e0f	3	30664898	30664951	2	-2.4562
67eb3b89-3122-4d46-8987-ef91c6ba1e0f	3	30665623	34541375	2427	-0.2274
67eb3b89-3122-4d46-8987-ef91c6ba1e0f	3	34543866	34544220	2	-2.4537
67eb3b89-3122-4d46-8987-ef91c6ba1e0f	3	34546376	42061036	4944	-0.23
67eb3b89-3122-4d46-8987-ef91c6ba1e0f	3	42062273	42084790	20	-3.5318
67eb3b89-3122-4d46-8987-ef91c6ba1e0f	3	42086970	42894615	516	-0.1948
67eb3b89-3122-4d46-8987-ef91c6ba1e0f	3	42896185	42896190	2	-2.0124
67eb3b89-3122-4d46-8987-ef91c6ba1e0f	3	42902709	45464173	1430	-0.2101
67eb3b89-3122-4d46-8987-ef91c6ba1e0f	3	45465813	48694054	1679	-0.139
67eb3b89-3122-4d46-8987-ef91c6ba1e0f	3	48698125	48779264	27	0.3497
67eb3b89-3122-4d46-8987-ef91c6ba1e0f	3	48782757	53741420	2207	-0.1447
67eb3b89-3122-4d46-8987-ef91c6ba1e0f	3	53741712	66318637	9822	-0.2502
67eb3b89-3122-4d46-8987-ef91c6ba1e0f	3	66321720	66322432	4	-1.622
67eb3b89-3122-4d46-8987-ef91c6ba1e0f	3	66322492	68697013	1642	-0.2473
67eb3b89-3122-4d46-8987-ef91c6ba1e0f	3	68697108	68698262	14	0.8081
67eb3b89-3122-4d46-8987-ef91c6ba1e0f	3	68699607	75372019	4837	-0.2501
67eb3b89-3122-4d46-8987-ef91c6ba1e0f	3	75377956	75496021	48	-2.2441
67eb3b89-3122-4d46-8987-ef91c6ba1e0f	3	75496671	75589590	23	-0.9313
67eb3b89-3122-4d46-8987-ef91c6ba1e0f	3	75590356	76167338	247	-0.1778
67eb3b89-3122-4d46-8987-ef91c6ba1e0f	3	76167400	124696821	26240	-0.2544
67eb3b89-3122-4d46-8987-ef91c6ba1e0f	3	124697291	130067896	3071	-0.1943
67eb3b89-3122-4d46-8987-ef91c6ba1e0f	3	130067910	130087393	28	-2.0636
67eb3b89-3122-4d46-8987-ef91c6ba1e0f	3	130088081	132270503	1426	-0.2334
67eb3b89-3122-4d46-8987-ef91c6ba1e0f	3	132273893	132276840	4	-1.7468
67eb3b89-3122-4d46-8987-ef91c6ba1e0f	3	132281633	162405578	18452	-0.2506
67eb3b89-3122-4d46-8987-ef91c6ba1e0f	3	162419812	162424917	14	-1.7884
67eb3b89-3122-4d46-8987-ef91c6ba1e0f	3	162426460	162790390	255	-0.2635
67eb3b89-3122-4d46-8987-ef91c6ba1e0f	3	162790404	162810842	15	0.3501
67eb3b89-3122-4d46-8987-ef91c6ba1e0f	3	162812527	162815162	3	-0.4382
67eb3b89-3122-4d46-8987-ef91c6ba1e0f	3	162816942	162822702	6	-1.3769
67eb3b89-3122-4d46-8987-ef91c6ba1e0f	3	162827928	162906093	45	0.2304
67eb3b89-3122-4d46-8987-ef91c6ba1e0f	3	162906109	185634894	13543	-0.255
67eb3b89-3122-4d46-8987-ef91c6ba1e0f	3	185638214	185768302	60	-2.4873
67eb3b89-3122-4d46-8987-ef91c6ba1e0f	3	185768692	193160256	5449	-0.2354
67eb3b89-3122-4d46-8987-ef91c6ba1e0f	3	193160406	193165114	17	-0.9379
67eb3b89-3122-4d46-8987-ef91c6ba1e0f	3	193168646	194920617	1157	-0.2322
67eb3b89-3122-4d46-8987-ef91c6ba1e0f	3	194921025	194921116	2	-3.2149
67eb3b89-3122-4d46-8987-ef91c6ba1e0f	3	194921751	198169247	1515	-0.2175
67eb3b89-3122-4d46-8987-ef91c6ba1e0f	4	68929	181757	62	0.7342
67eb3b89-3122-4d46-8987-ef91c6ba1e0f	4	182732	948872	275	0.503
67eb3b89-3122-4d46-8987-ef91c6ba1e0f	4	952665	3774747	1196	0.6641
67eb3b89-3122-4d46-8987-ef91c6ba1e0f	4	3775828	5951279	1568	0.5943
67eb3b89-3122-4d46-8987-ef91c6ba1e0f	4	5956762	9380092	1983	0.648
67eb3b89-3122-4d46-8987-ef91c6ba1e0f	4	9383120	9874362	232	0.4693
67eb3b89-3122-4d46-8987-ef91c6ba1e0f	4	9879143	10208766	366	0.6438
67eb3b89-3122-4d46-8987-ef91c6ba1e0f	4	10221792	10229874	28	4.3397
67eb3b89-3122-4d46-8987-ef91c6ba1e0f	4	10232590	10233644	7	1.5381
67eb3b89-3122-4d46-8987-ef91c6ba1e0f	4	10234518	10390730	169	0.6013
67eb3b89-3122-4d46-8987-ef91c6ba1e0f	4	10391530	10401094	16	-0.2005
67eb3b89-3122-4d46-8987-ef91c6ba1e0f	4	10401122	34777432	16727	0.5248
67eb3b89-3122-4d46-8987-ef91c6ba1e0f	4	34784878	34828250	39	-0.0046
67eb3b89-3122-4d46-8987-ef91c6ba1e0f	4	34828291	49214614	8940	0.5419
67eb3b89-3122-4d46-8987-ef91c6ba1e0f	4	49289175	49656206	20	-0.1768
67eb3b89-3122-4d46-8987-ef91c6ba1e0f	4	49656595	63828222	7522	0.5218
67eb3b89-3122-4d46-8987-ef91c6ba1e0f	4	63831751	63839445	9	1.2138
67eb3b89-3122-4d46-8987-ef91c6ba1e0f	4	63839469	63840033	11	0.5605
67eb3b89-3122-4d46-8987-ef91c6ba1e0f	4	63841863	63842540	8	1.6976
67eb3b89-3122-4d46-8987-ef91c6ba1e0f	4	63850713	68354665	2838	0.5042
67eb3b89-3122-4d46-8987-ef91c6ba1e0f	4	68361130	68389352	3	-1.3008
67eb3b89-3122-4d46-8987-ef91c6ba1e0f	4	68394355	115252079	28299	0.5167
67eb3b89-3122-4d46-8987-ef91c6ba1e0f	4	115252113	115254798	12	-0.5196
67eb3b89-3122-4d46-8987-ef91c6ba1e0f	4	115254969	124538250	5445	0.5081
67eb3b89-3122-4d46-8987-ef91c6ba1e0f	4	124539196	124541780	3	-1.5424
67eb3b89-3122-4d46-8987-ef91c6ba1e0f	4	124541870	160952848	21773	0.5173
67eb3b89-3122-4d46-8987-ef91c6ba1e0f	4	160958866	160963432	19	-0.0005
67eb3b89-3122-4d46-8987-ef91c6ba1e0f	4	160963448	168327619	4664	0.5151
67eb3b89-3122-4d46-8987-ef91c6ba1e0f	4	168332025	168332152	2	-1.0277
67eb3b89-3122-4d46-8987-ef91c6ba1e0f	4	168333259	168960814	498	0.5323
67eb3b89-3122-4d46-8987-ef91c6ba1e0f	4	168967581	168969916	2	2.0829
67eb3b89-3122-4d46-8987-ef91c6ba1e0f	4	168970791	171448195	1477	0.4959
67eb3b89-3122-4d46-8987-ef91c6ba1e0f	4	171453733	171456559	10	2.0579
67eb3b89-3122-4d46-8987-ef91c6ba1e0f	4	171456573	181393604	6462	0.5224
67eb3b89-3122-4d46-8987-ef91c6ba1e0f	4	181395994	181404827	8	-0.4952
67eb3b89-3122-4d46-8987-ef91c6ba1e0f	4	181408851	188300104	4833	0.5527
67eb3b89-3122-4d46-8987-ef91c6ba1e0f	4	188300206	188300221	2	-1.3016
67eb3b89-3122-4d46-8987-ef91c6ba1e0f	4	188300270	189267889	788	0.5611
67eb3b89-3122-4d46-8987-ef91c6ba1e0f	4	189273964	189278110	4	-2.1507
67eb3b89-3122-4d46-8987-ef91c6ba1e0f	4	189278617	190106768	350	0.4957
67eb3b89-3122-4d46-8987-ef91c6ba1e0f	5	15532	685633	306	0.5376
67eb3b89-3122-4d46-8987-ef91c6ba1e0f	5	698256	733497	16	1.2808
67eb3b89-3122-4d46-8987-ef91c6ba1e0f	5	741924	808932	16	0.4045
67eb3b89-3122-4d46-8987-ef91c6ba1e0f	5	817735	825192	13	-0.4471
67eb3b89-3122-4d46-8987-ef91c6ba1e0f	5	825538	1299910	229	0.5252
67eb3b89-3122-4d46-8987-ef91c6ba1e0f	5	1300469	7169144	5116	0.2206
67eb3b89-3122-4d46-8987-ef91c6ba1e0f	5	7169363	7189812	27	-0.4374
67eb3b89-3122-4d46-8987-ef91c6ba1e0f	5	7202522	7883075	516	0.2245
67eb3b89-3122-4d46-8987-ef91c6ba1e0f	5	7889103	10239166	2050	0.5397
67eb3b89-3122-4d46-8987-ef91c6ba1e0f	5	10240297	16124136	4080	0.2087
67eb3b89-3122-4d46-8987-ef91c6ba1e0f	5	16125019	16125105	3	-0.908
67eb3b89-3122-4d46-8987-ef91c6ba1e0f	5	16127435	16286654	120	0.1594
67eb3b89-3122-4d46-8987-ef91c6ba1e0f	5	16286864	18140487	1159	0.5243
67eb3b89-3122-4d46-8987-ef91c6ba1e0f	5	18141913	20585760	1540	0.1976
67eb3b89-3122-4d46-8987-ef91c6ba1e0f	5	20586488	21449110	451	0.5122
67eb3b89-3122-4d46-8987-ef91c6ba1e0f	5	21449167	21451889	5	1.3899
67eb3b89-3122-4d46-8987-ef91c6ba1e0f	5	21452329	21784691	160	0.489
67eb3b89-3122-4d46-8987-ef91c6ba1e0f	5	21784833	34865262	8115	0.1906
67eb3b89-3122-4d46-8987-ef91c6ba1e0f	5	34865423	36359788	1011	0.5626
67eb3b89-3122-4d46-8987-ef91c6ba1e0f	5	36359809	36571503	191	0.7162
67eb3b89-3122-4d46-8987-ef91c6ba1e0f	5	36572402	39012567	1560	0.5521
67eb3b89-3122-4d46-8987-ef91c6ba1e0f	5	39013670	39027223	9	1.2361
67eb3b89-3122-4d46-8987-ef91c6ba1e0f	5	39028846	40034409	711	0.5582
67eb3b89-3122-4d46-8987-ef91c6ba1e0f	5	40038375	40713543	442	0.8347
67eb3b89-3122-4d46-8987-ef91c6ba1e0f	5	40728359	41620307	622	0.5324
67eb3b89-3122-4d46-8987-ef91c6ba1e0f	5	41620341	41754023	82	0.7273
67eb3b89-3122-4d46-8987-ef91c6ba1e0f	5	41756653	42119026	157	0.5375
67eb3b89-3122-4d46-8987-ef91c6ba1e0f	5	42119073	42449958	182	0.7823
67eb3b89-3122-4d46-8987-ef91c6ba1e0f	5	42458558	43351072	463	0.517
67eb3b89-3122-4d46-8987-ef91c6ba1e0f	5	43353925	43740974	166	0.8304
67eb3b89-3122-4d46-8987-ef91c6ba1e0f	5	43750967	44279443	236	0.4991
67eb3b89-3122-4d46-8987-ef91c6ba1e0f	5	44280732	46209780	769	0.8082
67eb3b89-3122-4d46-8987-ef91c6ba1e0f	5	46209816	46271006	13	0.4393
67eb3b89-3122-4d46-8987-ef91c6ba1e0f	5	46271828	46273400	6	-1.912
67eb3b89-3122-4d46-8987-ef91c6ba1e0f	5	46278110	53641925	2073	0.5288
67eb3b89-3122-4d46-8987-ef91c6ba1e0f	5	53641979	53753251	66	0.806
67eb3b89-3122-4d46-8987-ef91c6ba1e0f	5	53757454	54173278	285	0.5321
67eb3b89-3122-4d46-8987-ef91c6ba1e0f	5	54176326	54876787	530	0.2236
67eb3b89-3122-4d46-8987-ef91c6ba1e0f	5	54879407	55039815	143	0.5321
67eb3b89-3122-4d46-8987-ef91c6ba1e0f	5	55042990	55423069	206	0.2058
67eb3b89-3122-4d46-8987-ef91c6ba1e0f	5	55424852	57602771	1441	0.5691
67eb3b89-3122-4d46-8987-ef91c6ba1e0f	5	57614345	57810148	147	0.1916
67eb3b89-3122-4d46-8987-ef91c6ba1e0f	5	57810240	57913228	73	0.5103
67eb3b89-3122-4d46-8987-ef91c6ba1e0f	5	57913789	57943143	22	0.7786
67eb3b89-3122-4d46-8987-ef91c6ba1e0f	5	57944940	58025819	68	0.4954
67eb3b89-3122-4d46-8987-ef91c6ba1e0f	5	58030200	58037089	28	-0.369
67eb3b89-3122-4d46-8987-ef91c6ba1e0f	5	58037128	58183688	131	0.5017
67eb3b89-3122-4d46-8987-ef91c6ba1e0f	5	58183761	58953180	564	0.1955
67eb3b89-3122-4d46-8987-ef91c6ba1e0f	5	58957747	81950723	13374	0.5497
67eb3b89-3122-4d46-8987-ef91c6ba1e0f	5	81950888	94221997	6657	0.5149
67eb3b89-3122-4d46-8987-ef91c6ba1e0f	5	94223571	94227616	3	-1.0303
67eb3b89-3122-4d46-8987-ef91c6ba1e0f	5	94228532	104515520	6003	0.5412
67eb3b89-3122-4d46-8987-ef91c6ba1e0f	5	104524672	104525348	5	-0.6431
67eb3b89-3122-4d46-8987-ef91c6ba1e0f	5	104525471	131323280	17621	0.5249
67eb3b89-3122-4d46-8987-ef91c6ba1e0f	5	131324272	135495033	2522	0.6018
67eb3b89-3122-4d46-8987-ef91c6ba1e0f	5	135495050	139463851	2363	0.5468
67eb3b89-3122-4d46-8987-ef91c6ba1e0f	5	139469401	143789563	2492	0.5974
67eb3b89-3122-4d46-8987-ef91c6ba1e0f	5	143791638	149049441	3498	0.5313
67eb3b89-3122-4d46-8987-ef91c6ba1e0f	5	149050913	151354419	1528	0.6016
67eb3b89-3122-4d46-8987-ef91c6ba1e0f	5	151354730	160479543	6267	0.5438
67eb3b89-3122-4d46-8987-ef91c6ba1e0f	5	160482130	160807351	254	0.184
67eb3b89-3122-4d46-8987-ef91c6ba1e0f	5	160807796	168790983	5364	0.5157
67eb3b89-3122-4d46-8987-ef91c6ba1e0f	5	168791145	176005602	5408	0.5869
67eb3b89-3122-4d46-8987-ef91c6ba1e0f	5	176009608	177148730	501	0.244
67eb3b89-3122-4d46-8987-ef91c6ba1e0f	5	177167117	180947523	2016	0.6119
67eb3b89-3122-4d46-8987-ef91c6ba1e0f	5	180951710	180991103	19	-0.0675
67eb3b89-3122-4d46-8987-ef91c6ba1e0f	5	181006225	181363319	168	0.5447
67eb3b89-3122-4d46-8987-ef91c6ba1e0f	6	149661	253861	99	-0.2743
67eb3b89-3122-4d46-8987-ef91c6ba1e0f	6	254267	294725	24	0.7015
67eb3b89-3122-4d46-8987-ef91c6ba1e0f	6	294837	381149	79	0.3129
67eb3b89-3122-4d46-8987-ef91c6ba1e0f	6	382559	16900309	12961	-0.2219
67eb3b89-3122-4d46-8987-ef91c6ba1e0f	6	16900641	19629966	1945	-0.2518
67eb3b89-3122-4d46-8987-ef91c6ba1e0f	6	19630087	19635553	4	-1.6494
67eb3b89-3122-4d46-8987-ef91c6ba1e0f	6	19636202	22903102	2377	-0.2653
67eb3b89-3122-4d46-8987-ef91c6ba1e0f	6	22905088	22905603	4	0.7975
67eb3b89-3122-4d46-8987-ef91c6ba1e0f	6	22909104	24334808	1021	-0.2859
67eb3b89-3122-4d46-8987-ef91c6ba1e0f	6	24336064	31313046	3669	-0.1972
67eb3b89-3122-4d46-8987-ef91c6ba1e0f	6	31318499	31319724	5	-2.2544
67eb3b89-3122-4d46-8987-ef91c6ba1e0f	6	31327629	31383638	57	-0.3359
67eb3b89-3122-4d46-8987-ef91c6ba1e0f	6	31383665	31385912	10	-1.1881
67eb3b89-3122-4d46-8987-ef91c6ba1e0f	6	31392318	35546148	2110	-0.1611
67eb3b89-3122-4d46-8987-ef91c6ba1e0f	6	35552857	35601504	26	-2.7998
67eb3b89-3122-4d46-8987-ef91c6ba1e0f	6	35605468	35814390	106	-0.1318
67eb3b89-3122-4d46-8987-ef91c6ba1e0f	6	35818787	35839366	18	-0.59
67eb3b89-3122-4d46-8987-ef91c6ba1e0f	6	35839404	38180409	1485	-0.1505
67eb3b89-3122-4d46-8987-ef91c6ba1e0f	6	38180637	41352727	2423	-0.2143
67eb3b89-3122-4d46-8987-ef91c6ba1e0f	6	41353481	44637329	1860	-0.1539
67eb3b89-3122-4d46-8987-ef91c6ba1e0f	6	44638570	73882142	16422	-0.2561
67eb3b89-3122-4d46-8987-ef91c6ba1e0f	6	73882509	73891694	10	-1.6448
67eb3b89-3122-4d46-8987-ef91c6ba1e0f	6	73893839	76726815	1762	-0.248
67eb3b89-3122-4d46-8987-ef91c6ba1e0f	6	76730151	76733530	11	-3.7454
67eb3b89-3122-4d46-8987-ef91c6ba1e0f	6	76736482	76742675	5	-1.8176
67eb3b89-3122-4d46-8987-ef91c6ba1e0f	6	76742729	78253172	977	-0.2689
67eb3b89-3122-4d46-8987-ef91c6ba1e0f	6	78259348	78332056	115	0.0419
67eb3b89-3122-4d46-8987-ef91c6ba1e0f	6	78332092	80575042	1420	-0.2578
67eb3b89-3122-4d46-8987-ef91c6ba1e0f	6	80575241	80579817	27	-2.0156
67eb3b89-3122-4d46-8987-ef91c6ba1e0f	6	80584624	103286954	13935	-0.2629
67eb3b89-3122-4d46-8987-ef91c6ba1e0f	6	103290101	103314186	45	-0.7914
67eb3b89-3122-4d46-8987-ef91c6ba1e0f	6	103317795	103848365	368	-0.2767
67eb3b89-3122-4d46-8987-ef91c6ba1e0f	6	103856098	103873827	13	-0.8878
67eb3b89-3122-4d46-8987-ef91c6ba1e0f	6	103877088	103907904	18	-0.1576
67eb3b89-3122-4d46-8987-ef91c6ba1e0f	6	103912933	104014393	43	-0.8548
67eb3b89-3122-4d46-8987-ef91c6ba1e0f	6	104019186	104498094	312	-0.2667
67eb3b89-3122-4d46-8987-ef91c6ba1e0f	6	104498470	104527845	32	-0.9896
67eb3b89-3122-4d46-8987-ef91c6ba1e0f	6	104529806	114874292	6406	-0.2338
67eb3b89-3122-4d46-8987-ef91c6ba1e0f	6	114881438	114881626	3	-1.9744
67eb3b89-3122-4d46-8987-ef91c6ba1e0f	6	114885112	168221692	35065	-0.2533
67eb3b89-3122-4d46-8987-ef91c6ba1e0f	6	168225036	168254298	19	-0.907
67eb3b89-3122-4d46-8987-ef91c6ba1e0f	6	168256262	170741917	1630	-0.2409
67eb3b89-3122-4d46-8987-ef91c6ba1e0f	7	43355	5709591	2961	0.2533
67eb3b89-3122-4d46-8987-ef91c6ba1e0f	7	5721112	5900408	90	0.9029
67eb3b89-3122-4d46-8987-ef91c6ba1e0f	7	5909197	10836267	3565	0.2266
67eb3b89-3122-4d46-8987-ef91c6ba1e0f	7	10836566	16929834	4973	0.1854
67eb3b89-3122-4d46-8987-ef91c6ba1e0f	7	16930327	35967902	13908	0.2216
67eb3b89-3122-4d46-8987-ef91c6ba1e0f	7	35969958	38339129	1880	0.2686
67eb3b89-3122-4d46-8987-ef91c6ba1e0f	7	38342370	54318812	10951	0.2102
67eb3b89-3122-4d46-8987-ef91c6ba1e0f	7	54318816	54318824	5	-2.0512
67eb3b89-3122-4d46-8987-ef91c6ba1e0f	7	54325795	70955452	6097	0.1992
67eb3b89-3122-4d46-8987-ef91c6ba1e0f	7	70958264	70961155	2	-1.8573
67eb3b89-3122-4d46-8987-ef91c6ba1e0f	7	70963257	73288160	1187	0.1903
67eb3b89-3122-4d46-8987-ef91c6ba1e0f	7	73309388	75421037	520	0.2785
67eb3b89-3122-4d46-8987-ef91c6ba1e0f	7	75428935	75431737	3	-0.9306
67eb3b89-3122-4d46-8987-ef91c6ba1e0f	7	75433973	76207064	326	0.3013
67eb3b89-3122-4d46-8987-ef91c6ba1e0f	7	76207529	99182073	14312	0.1941
67eb3b89-3122-4d46-8987-ef91c6ba1e0f	7	99184727	103317130	1596	0.277
67eb3b89-3122-4d46-8987-ef91c6ba1e0f	7	103328222	108761051	3618	0.2142
67eb3b89-3122-4d46-8987-ef91c6ba1e0f	7	108762968	125564764	10098	0.179
67eb3b89-3122-4d46-8987-ef91c6ba1e0f	7	125565111	126405502	584	0.2067
67eb3b89-3122-4d46-8987-ef91c6ba1e0f	7	126405597	126406823	12	0.8102
67eb3b89-3122-4d46-8987-ef91c6ba1e0f	7	126406824	134093676	4681	0.2294
67eb3b89-3122-4d46-8987-ef91c6ba1e0f	7	134093715	134113805	38	-0.3264
67eb3b89-3122-4d46-8987-ef91c6ba1e0f	7	134114093	135569944	1068	0.239
67eb3b89-3122-4d46-8987-ef91c6ba1e0f	7	135570129	138772941	2082	0.1917
67eb3b89-3122-4d46-8987-ef91c6ba1e0f	7	138777310	143733941	2978	0.2484
67eb3b89-3122-4d46-8987-ef91c6ba1e0f	7	143773027	143849991	14	-0.4226
67eb3b89-3122-4d46-8987-ef91c6ba1e0f	7	143850179	144176859	268	0.208
67eb3b89-3122-4d46-8987-ef91c6ba1e0f	7	144199159	144312471	12	-0.5013
67eb3b89-3122-4d46-8987-ef91c6ba1e0f	7	144326306	144952147	379	0.1838
67eb3b89-3122-4d46-8987-ef91c6ba1e0f	7	144955640	145953395	603	-0.2481
67eb3b89-3122-4d46-8987-ef91c6ba1e0f	7	145957356	145976254	9	0.4354
67eb3b89-3122-4d46-8987-ef91c6ba1e0f	7	145978714	146361617	232	-0.2775
67eb3b89-3122-4d46-8987-ef91c6ba1e0f	7	146361675	150231397	2380	0.2154
67eb3b89-3122-4d46-8987-ef91c6ba1e0f	7	150231466	151946824	1063	0.2984
67eb3b89-3122-4d46-8987-ef91c6ba1e0f	7	151946854	159334314	4943	0.2359
67eb3b89-3122-4d46-8987-ef91c6ba1e0f	8	81254	4145783	3692	0.5588
67eb3b89-3122-4d46-8987-ef91c6ba1e0f	8	4145941	4145956	2	-2.2565
67eb3b89-3122-4d46-8987-ef91c6ba1e0f	8	4146039	7296545	3999	0.5394
67eb3b89-3122-4d46-8987-ef91c6ba1e0f	8	7312952	7396819	24	0.0018
67eb3b89-3122-4d46-8987-ef91c6ba1e0f	8	7397588	8078333	34	1.1358
67eb3b89-3122-4d46-8987-ef91c6ba1e0f	8	8085660	19184477	9298	0.5458
67eb3b89-3122-4d46-8987-ef91c6ba1e0f	8	19186663	23570028	3229	0.5921
67eb3b89-3122-4d46-8987-ef91c6ba1e0f	8	23572962	26560643	2212	0.5368
67eb3b89-3122-4d46-8987-ef91c6ba1e0f	8	26561525	30064915	2451	0.5941
67eb3b89-3122-4d46-8987-ef91c6ba1e0f	8	30067203	39373140	5458	0.5367
67eb3b89-3122-4d46-8987-ef91c6ba1e0f	8	39378084	39529446	59	1.4889
67eb3b89-3122-4d46-8987-ef91c6ba1e0f	8	39530780	40324598	587	0.5433
67eb3b89-3122-4d46-8987-ef91c6ba1e0f	8	40326278	40331992	34	-0.3627
67eb3b89-3122-4d46-8987-ef91c6ba1e0f	8	40335391	111279265	41231	0.53
67eb3b89-3122-4d46-8987-ef91c6ba1e0f	8	111282050	111283031	10	-1.5058
67eb3b89-3122-4d46-8987-ef91c6ba1e0f	8	111288052	122558271	7203	0.5131
67eb3b89-3122-4d46-8987-ef91c6ba1e0f	8	122559641	133702573	8161	0.5728
67eb3b89-3122-4d46-8987-ef91c6ba1e0f	8	133703244	138679373	3987	0.5394
67eb3b89-3122-4d46-8987-ef91c6ba1e0f	8	138679413	142409456	2536	0.5867
67eb3b89-3122-4d46-8987-ef91c6ba1e0f	8	142410112	144100798	574	0.6606
67eb3b89-3122-4d46-8987-ef91c6ba1e0f	8	144118018	145072769	372	0.5156
67eb3b89-3122-4d46-8987-ef91c6ba1e0f	9	46587	6695986	6330	-0.233
67eb3b89-3122-4d46-8987-ef91c6ba1e0f	9	6701145	6708357	6	-1.6124
67eb3b89-3122-4d46-8987-ef91c6ba1e0f	9	6712314	28044706	17471	-0.2407
67eb3b89-3122-4d46-8987-ef91c6ba1e0f	9	28047590	28050693	4	-2.4591
67eb3b89-3122-4d46-8987-ef91c6ba1e0f	9	28055605	33047049	3603	-0.2292
67eb3b89-3122-4d46-8987-ef91c6ba1e0f	9	33053064	38070923	2909	-0.1761
67eb3b89-3122-4d46-8987-ef91c6ba1e0f	9	38071508	39840169	654	-0.2372
67eb3b89-3122-4d46-8987-ef91c6ba1e0f	9	40018947	42037471	101	-0.0147
67eb3b89-3122-4d46-8987-ef91c6ba1e0f	9	42042339	42124490	8	0.7311
67eb3b89-3122-4d46-8987-ef91c6ba1e0f	9	42138778	61378951	82	-0.0662
67eb3b89-3122-4d46-8987-ef91c6ba1e0f	9	61405110	61647899	31	-0.8364
67eb3b89-3122-4d46-8987-ef91c6ba1e0f	9	61665362	72372661	3218	-0.2322
67eb3b89-3122-4d46-8987-ef91c6ba1e0f	9	72374656	72374727	2	-2.8237
67eb3b89-3122-4d46-8987-ef91c6ba1e0f	9	72377350	87907679	11067	-0.2442
67eb3b89-3122-4d46-8987-ef91c6ba1e0f	9	87939236	87939304	2	-2.0937
67eb3b89-3122-4d46-8987-ef91c6ba1e0f	9	87943042	88095931	89	-0.2371
67eb3b89-3122-4d46-8987-ef91c6ba1e0f	9	88096891	100296598	7972	-0.1877
67eb3b89-3122-4d46-8987-ef91c6ba1e0f	9	100298010	120460369	15464	-0.2302
67eb3b89-3122-4d46-8987-ef91c6ba1e0f	9	120461143	125245860	2848	-0.167
67eb3b89-3122-4d46-8987-ef91c6ba1e0f	9	125250955	125263720	2	-2.0517
67eb3b89-3122-4d46-8987-ef91c6ba1e0f	9	125271050	126302716	690	-0.1624
67eb3b89-3122-4d46-8987-ef91c6ba1e0f	9	126302732	126306826	2	-2.4437
67eb3b89-3122-4d46-8987-ef91c6ba1e0f	9	126309469	135326011	5320	-0.1224
67eb3b89-3122-4d46-8987-ef91c6ba1e0f	9	135326886	135646110	205	-0.2905
67eb3b89-3122-4d46-8987-ef91c6ba1e0f	9	135647005	137788429	657	-0.0901
67eb3b89-3122-4d46-8987-ef91c6ba1e0f	9	137789687	138200944	239	-0.2094
67eb3b89-3122-4d46-8987-ef91c6ba1e0f	10	45792	3366203	2773	-0.2491
67eb3b89-3122-4d46-8987-ef91c6ba1e0f	10	3368485	7383729	3574	-0.1846
67eb3b89-3122-4d46-8987-ef91c6ba1e0f	10	7383824	10819300	2786	-0.2354
67eb3b89-3122-4d46-8987-ef91c6ba1e0f	10	10823213	10823476	3	-2.4005
67eb3b89-3122-4d46-8987-ef91c6ba1e0f	10	10832445	24086334	9922	-0.226
67eb3b89-3122-4d46-8987-ef91c6ba1e0f	10	24088745	24089979	12	0.7196
67eb3b89-3122-4d46-8987-ef91c6ba1e0f	10	24090022	26509018	1699	-0.2406
67eb3b89-3122-4d46-8987-ef91c6ba1e0f	10	26509534	26511577	2	-3.9008
67eb3b89-3122-4d46-8987-ef91c6ba1e0f	10	26511759	65548165	23376	-0.2314
67eb3b89-3122-4d46-8987-ef91c6ba1e0f	10	65548178	65554688	27	-1.2215
67eb3b89-3122-4d46-8987-ef91c6ba1e0f	10	65563037	65840413	243	-0.2611
67eb3b89-3122-4d46-8987-ef91c6ba1e0f	10	65840565	65840671	2	-2.0495
67eb3b89-3122-4d46-8987-ef91c6ba1e0f	10	65841931	68271894	1562	-0.2479
67eb3b89-3122-4d46-8987-ef91c6ba1e0f	10	68271954	75597345	4272	-0.171
67eb3b89-3122-4d46-8987-ef91c6ba1e0f	10	75600058	80566975	3552	-0.2101
67eb3b89-3122-4d46-8987-ef91c6ba1e0f	10	80570668	87725281	4931	-0.2551
67eb3b89-3122-4d46-8987-ef91c6ba1e0f	10	87725505	100350368	8183	-0.2156
67eb3b89-3122-4d46-8987-ef91c6ba1e0f	10	100351144	104238261	1964	-0.1563
67eb3b89-3122-4d46-8987-ef91c6ba1e0f	10	104242181	121121180	12064	-0.2356
67eb3b89-3122-4d46-8987-ef91c6ba1e0f	10	121127207	121127382	2	-3.3202
67eb3b89-3122-4d46-8987-ef91c6ba1e0f	10	121127533	133654968	9140	-0.2227
67eb3b89-3122-4d46-8987-ef91c6ba1e0f	11	198510	4946021	2403	-0.1725
67eb3b89-3122-4d46-8987-ef91c6ba1e0f	11	4946166	4954475	29	0.472
67eb3b89-3122-4d46-8987-ef91c6ba1e0f	11	4955027	18278045	9756	-0.2139
67eb3b89-3122-4d46-8987-ef91c6ba1e0f	11	18280464	43632283	18069	-0.2503
67eb3b89-3122-4d46-8987-ef91c6ba1e0f	11	43632414	54743970	3693	-0.1859
67eb3b89-3122-4d46-8987-ef91c6ba1e0f	11	54762035	54766290	3	1.4859
67eb3b89-3122-4d46-8987-ef91c6ba1e0f	11	54782119	55595864	285	-0.1832
67eb3b89-3122-4d46-8987-ef91c6ba1e0f	11	55606556	55685533	59	0.4078
67eb3b89-3122-4d46-8987-ef91c6ba1e0f	11	55686100	60120949	2683	-0.2227
67eb3b89-3122-4d46-8987-ef91c6ba1e0f	11	60121228	71766534	5608	-0.154
67eb3b89-3122-4d46-8987-ef91c6ba1e0f	11	71767912	71767961	2	-2.2712
67eb3b89-3122-4d46-8987-ef91c6ba1e0f	11	71768475	77682495	3070	-0.1524
67eb3b89-3122-4d46-8987-ef91c6ba1e0f	11	77682546	96818502	13222	-0.2448
67eb3b89-3122-4d46-8987-ef91c6ba1e0f	11	96818785	96818812	2	-2.5612
67eb3b89-3122-4d46-8987-ef91c6ba1e0f	11	96819001	101599814	3703	-0.2632
67eb3b89-3122-4d46-8987-ef91c6ba1e0f	11	101603215	101634398	26	-0.9942
67eb3b89-3122-4d46-8987-ef91c6ba1e0f	11	101640270	101766475	107	-0.2951
67eb3b89-3122-4d46-8987-ef91c6ba1e0f	11	101771355	113941125	7917	-0.8921
67eb3b89-3122-4d46-8987-ef91c6ba1e0f	11	113945655	113946564	2	-5.5474
67eb3b89-3122-4d46-8987-ef91c6ba1e0f	11	113946857	114787486	628	-0.9282
67eb3b89-3122-4d46-8987-ef91c6ba1e0f	11	114787735	114787914	2	-5.5237
67eb3b89-3122-4d46-8987-ef91c6ba1e0f	11	114789902	118405401	2556	-0.9108
67eb3b89-3122-4d46-8987-ef91c6ba1e0f	11	118406226	119054408	430	-0.664
67eb3b89-3122-4d46-8987-ef91c6ba1e0f	11	119054629	121258410	1513	-0.8847
67eb3b89-3122-4d46-8987-ef91c6ba1e0f	11	121258703	124443973	2385	-0.2348
67eb3b89-3122-4d46-8987-ef91c6ba1e0f	11	124448782	124456015	5	-1.2406
67eb3b89-3122-4d46-8987-ef91c6ba1e0f	11	124456088	124901635	266	-0.1979
67eb3b89-3122-4d46-8987-ef91c6ba1e0f	11	124906091	124907522	3	-2.277
67eb3b89-3122-4d46-8987-ef91c6ba1e0f	11	124918772	135074876	7723	-0.2366
67eb3b89-3122-4d46-8987-ef91c6ba1e0f	12	51460	8406196	5579	0.5947
67eb3b89-3122-4d46-8987-ef91c6ba1e0f	12	8406217	8442298	16	0.0081
67eb3b89-3122-4d46-8987-ef91c6ba1e0f	12	8442935	9481274	556	0.576
67eb3b89-3122-4d46-8987-ef91c6ba1e0f	12	9485313	9562969	21	-1.3423
67eb3b89-3122-4d46-8987-ef91c6ba1e0f	12	9575696	17524298	5497	0.5569
67eb3b89-3122-4d46-8987-ef91c6ba1e0f	12	17529860	25669904	5590	0.5195
67eb3b89-3122-4d46-8987-ef91c6ba1e0f	12	25670066	33227031	5493	0.5503
67eb3b89-3122-4d46-8987-ef91c6ba1e0f	12	33232895	33235894	3	-1.1292
67eb3b89-3122-4d46-8987-ef91c6ba1e0f	12	33237809	33242207	3	-3.797
67eb3b89-3122-4d46-8987-ef91c6ba1e0f	12	33242483	33287679	43	0.6501
67eb3b89-3122-4d46-8987-ef91c6ba1e0f	12	33287889	34097761	489	0.5482
67eb3b89-3122-4d46-8987-ef91c6ba1e0f	12	34103774	34122471	11	-0.3644
67eb3b89-3122-4d46-8987-ef91c6ba1e0f	12	34122859	37593924	235	0.5003
67eb3b89-3122-4d46-8987-ef91c6ba1e0f	12	37618765	37620216	2	2.3506
67eb3b89-3122-4d46-8987-ef91c6ba1e0f	12	37640556	45339639	4638	0.5215
67eb3b89-3122-4d46-8987-ef91c6ba1e0f	12	45340990	45506042	104	0.6122
67eb3b89-3122-4d46-8987-ef91c6ba1e0f	12	45510655	45515754	4	1.8393
67eb3b89-3122-4d46-8987-ef91c6ba1e0f	12	45519509	48331236	1712	0.5842
67eb3b89-3122-4d46-8987-ef91c6ba1e0f	12	48331259	48331632	4	-1.3363
67eb3b89-3122-4d46-8987-ef91c6ba1e0f	12	48336253	55620985	4093	0.6075
67eb3b89-3122-4d46-8987-ef91c6ba1e0f	12	55622135	55764284	94	0.8834
67eb3b89-3122-4d46-8987-ef91c6ba1e0f	12	55767035	56168540	178	0.6005
67eb3b89-3122-4d46-8987-ef91c6ba1e0f	12	56171608	56261997	50	1.0054
67eb3b89-3122-4d46-8987-ef91c6ba1e0f	12	56263983	58044086	830	0.6077
67eb3b89-3122-4d46-8987-ef91c6ba1e0f	12	58044536	77504761	12572	0.5314
67eb3b89-3122-4d46-8987-ef91c6ba1e0f	12	77504781	83769408	3995	0.5025
67eb3b89-3122-4d46-8987-ef91c6ba1e0f	12	83769511	83771462	3	-0.9655
67eb3b89-3122-4d46-8987-ef91c6ba1e0f	12	83771500	88650000	2770	0.4955
67eb3b89-3122-4d46-8987-ef91c6ba1e0f	12	88651622	103552144	9853	0.5401
67eb3b89-3122-4d46-8987-ef91c6ba1e0f	12	103554605	108520642	3708	0.5826
67eb3b89-3122-4d46-8987-ef91c6ba1e0f	12	108520819	108621406	61	1.0613
67eb3b89-3122-4d46-8987-ef91c6ba1e0f	12	108624122	120037620	7560	0.5645
67eb3b89-3122-4d46-8987-ef91c6ba1e0f	12	120041387	124842793	2362	0.6369
67eb3b89-3122-4d46-8987-ef91c6ba1e0f	12	124842806	133201603	6376	0.5459
67eb3b89-3122-4d46-8987-ef91c6ba1e0f	13	18452809	46122469	19312	-0.2352
67eb3b89-3122-4d46-8987-ef91c6ba1e0f	13	46122525	46361729	171	-0.8696
67eb3b89-3122-4d46-8987-ef91c6ba1e0f	13	46361873	48066515	1165	-0.2477
67eb3b89-3122-4d46-8987-ef91c6ba1e0f	13	48066613	52681138	2629	-0.2003
67eb3b89-3122-4d46-8987-ef91c6ba1e0f	13	52684325	57176819	2571	-0.2621
67eb3b89-3122-4d46-8987-ef91c6ba1e0f	13	57176962	57236166	49	0.0767
67eb3b89-3122-4d46-8987-ef91c6ba1e0f	13	57239237	71902850	8925	-0.2569
67eb3b89-3122-4d46-8987-ef91c6ba1e0f	13	71903417	71906418	4	-2.0918
67eb3b89-3122-4d46-8987-ef91c6ba1e0f	13	71906467	109261543	25675	-0.2572
67eb3b89-3122-4d46-8987-ef91c6ba1e0f	13	109268983	114342922	3208	-0.2066
67eb3b89-3122-4d46-8987-ef91c6ba1e0f	14	18239283	19256296	43	-0.1815
67eb3b89-3122-4d46-8987-ef91c6ba1e0f	14	19280948	19952080	122	0.3607
67eb3b89-3122-4d46-8987-ef91c6ba1e0f	14	19954424	22324711	1699	-0.1727
67eb3b89-3122-4d46-8987-ef91c6ba1e0f	14	22325865	22329312	6	-4.0116
67eb3b89-3122-4d46-8987-ef91c6ba1e0f	14	22332503	23975815	992	-0.1828
67eb3b89-3122-4d46-8987-ef91c6ba1e0f	14	23976425	24015250	20	-1.6488
67eb3b89-3122-4d46-8987-ef91c6ba1e0f	14	24018934	36109423	7588	-0.2389
67eb3b89-3122-4d46-8987-ef91c6ba1e0f	14	36113214	36116380	2	-3.2446
67eb3b89-3122-4d46-8987-ef91c6ba1e0f	14	36117097	40139724	2471	-0.2493
67eb3b89-3122-4d46-8987-ef91c6ba1e0f	14	40144718	40147715	2	-2.5107
67eb3b89-3122-4d46-8987-ef91c6ba1e0f	14	40148961	60589222	12903	-0.2347
67eb3b89-3122-4d46-8987-ef91c6ba1e0f	14	60591424	60592418	2	-2.5703
67eb3b89-3122-4d46-8987-ef91c6ba1e0f	14	60599500	63398179	1817	-0.2451
67eb3b89-3122-4d46-8987-ef91c6ba1e0f	14	63399207	77664226	8897	-0.1885
67eb3b89-3122-4d46-8987-ef91c6ba1e0f	14	77664401	82090733	3018	-0.252
67eb3b89-3122-4d46-8987-ef91c6ba1e0f	14	82090892	82092853	2	-4.3344
67eb3b89-3122-4d46-8987-ef91c6ba1e0f	14	82093228	85818410	2538	-0.2667
67eb3b89-3122-4d46-8987-ef91c6ba1e0f	14	85819968	85845829	15	-4.3228
67eb3b89-3122-4d46-8987-ef91c6ba1e0f	14	85849791	88997841	1994	-0.2478
67eb3b89-3122-4d46-8987-ef91c6ba1e0f	14	88998016	98477033	6665	-0.1779
67eb3b89-3122-4d46-8987-ef91c6ba1e0f	14	98477232	99197510	715	-0.2178
67eb3b89-3122-4d46-8987-ef91c6ba1e0f	14	99198647	99201350	4	-1.8982
67eb3b89-3122-4d46-8987-ef91c6ba1e0f	14	99203668	106877229	3509	-0.1568
67eb3b89-3122-4d46-8987-ef91c6ba1e0f	15	19811075	20187568	55	-0.1106
67eb3b89-3122-4d46-8987-ef91c6ba1e0f	15	20190276	20380735	41	-0.8971
67eb3b89-3122-4d46-8987-ef91c6ba1e0f	15	20380837	20384789	11	-2.2798
67eb3b89-3122-4d46-8987-ef91c6ba1e0f	15	20384907	22413894	102	-1.0797
67eb3b89-3122-4d46-8987-ef91c6ba1e0f	15	22455811	26315045	2344	-0.2317
67eb3b89-3122-4d46-8987-ef91c6ba1e0f	15	26317005	26318009	2	-2.6537
67eb3b89-3122-4d46-8987-ef91c6ba1e0f	15	26318441	30230885	2256	-0.2384
67eb3b89-3122-4d46-8987-ef91c6ba1e0f	15	30231102	30269364	6	-1.7285
67eb3b89-3122-4d46-8987-ef91c6ba1e0f	15	30281107	32283641	1075	-0.2137
67eb3b89-3122-4d46-8987-ef91c6ba1e0f	15	32285940	32507144	13	0.549
67eb3b89-3122-4d46-8987-ef91c6ba1e0f	15	32519403	39708470	5246	-0.2198
67eb3b89-3122-4d46-8987-ef91c6ba1e0f	15	39709710	44804846	2420	-0.1469
67eb3b89-3122-4d46-8987-ef91c6ba1e0f	15	44804983	53492842	5412	-0.2218
67eb3b89-3122-4d46-8987-ef91c6ba1e0f	15	53492956	53493082	4	-2.0243
67eb3b89-3122-4d46-8987-ef91c6ba1e0f	15	53498050	62888810	6818	-0.2108
67eb3b89-3122-4d46-8987-ef91c6ba1e0f	15	62889334	76599170	7897	-0.152
67eb3b89-3122-4d46-8987-ef91c6ba1e0f	15	76599286	76603434	20	-1.7569
67eb3b89-3122-4d46-8987-ef91c6ba1e0f	15	76609838	81164044	2907	-0.171
67eb3b89-3122-4d46-8987-ef91c6ba1e0f	15	81165785	81171632	3	-2.5333
67eb3b89-3122-4d46-8987-ef91c6ba1e0f	15	81173096	101928837	14582	-0.2146
67eb3b89-3122-4d46-8987-ef91c6ba1e0f	16	10777	603333	283	0.4715
67eb3b89-3122-4d46-8987-ef91c6ba1e0f	16	603459	5057989	1888	0.6571
67eb3b89-3122-4d46-8987-ef91c6ba1e0f	16	5060799	11333115	6338	0.5732
67eb3b89-3122-4d46-8987-ef91c6ba1e0f	16	11339246	11398658	40	1.1532
67eb3b89-3122-4d46-8987-ef91c6ba1e0f	16	11401704	13821950	1985	0.6068
67eb3b89-3122-4d46-8987-ef91c6ba1e0f	16	13822505	19004112	2309	0.5388
67eb3b89-3122-4d46-8987-ef91c6ba1e0f	16	19009338	19933041	565	0.5852
67eb3b89-3122-4d46-8987-ef91c6ba1e0f	16	19934328	19956040	29	-0.3071
67eb3b89-3122-4d46-8987-ef91c6ba1e0f	16	19958932	21561840	905	0.5756
67eb3b89-3122-4d46-8987-ef91c6ba1e0f	16	21565495	22631924	401	0.4732
67eb3b89-3122-4d46-8987-ef91c6ba1e0f	16	22633481	29319344	4259	0.5963
67eb3b89-3122-4d46-8987-ef91c6ba1e0f	16	29324414	30130973	202	0.4288
67eb3b89-3122-4d46-8987-ef91c6ba1e0f	16	30131762	31817777	612	0.6247
67eb3b89-3122-4d46-8987-ef91c6ba1e0f	16	31825824	31926731	41	0.3486
67eb3b89-3122-4d46-8987-ef91c6ba1e0f	16	31927134	32295899	43	0.6659
67eb3b89-3122-4d46-8987-ef91c6ba1e0f	16	32383608	32458145	7	-0.1981
67eb3b89-3122-4d46-8987-ef91c6ba1e0f	16	32471634	35225230	184	0.5366
67eb3b89-3122-4d46-8987-ef91c6ba1e0f	16	35225338	35522700	169	0.962
67eb3b89-3122-4d46-8987-ef91c6ba1e0f	16	35526596	56271382	6917	0.5777
67eb3b89-3122-4d46-8987-ef91c6ba1e0f	16	56274519	58133528	1069	0.6415
67eb3b89-3122-4d46-8987-ef91c6ba1e0f	16	58134417	58613038	303	0.5698
67eb3b89-3122-4d46-8987-ef91c6ba1e0f	16	58616952	58680318	25	1.0791
67eb3b89-3122-4d46-8987-ef91c6ba1e0f	16	58680568	58835015	111	0.5624
67eb3b89-3122-4d46-8987-ef91c6ba1e0f	16	58835044	65219048	4268	0.5354
67eb3b89-3122-4d46-8987-ef91c6ba1e0f	16	65219505	66017015	637	0.5838
67eb3b89-3122-4d46-8987-ef91c6ba1e0f	16	66019327	66019498	2	-0.9838
67eb3b89-3122-4d46-8987-ef91c6ba1e0f	16	66020304	70117657	1983	0.6238
67eb3b89-3122-4d46-8987-ef91c6ba1e0f	16	70118419	70164493	14	-0.0898
67eb3b89-3122-4d46-8987-ef91c6ba1e0f	16	70177541	74350360	2294	0.5693
67eb3b89-3122-4d46-8987-ef91c6ba1e0f	16	74363160	74373481	7	-0.3313
67eb3b89-3122-4d46-8987-ef91c6ba1e0f	16	74418138	81241796	6521	0.5639
67eb3b89-3122-4d46-8987-ef91c6ba1e0f	16	81241811	82034400	674	0.6511
67eb3b89-3122-4d46-8987-ef91c6ba1e0f	16	82034706	84820639	3071	0.5696
67eb3b89-3122-4d46-8987-ef91c6ba1e0f	16	84821910	86231414	1077	0.661
67eb3b89-3122-4d46-8987-ef91c6ba1e0f	16	86231417	86270921	74	0.4164
67eb3b89-3122-4d46-8987-ef91c6ba1e0f	16	86271659	87375660	1132	0.6494
67eb3b89-3122-4d46-8987-ef91c6ba1e0f	16	87375682	87410128	18	1.1635
67eb3b89-3122-4d46-8987-ef91c6ba1e0f	16	87412678	88002450	328	0.6845
67eb3b89-3122-4d46-8987-ef91c6ba1e0f	16	88003722	88081785	41	0.9489
67eb3b89-3122-4d46-8987-ef91c6ba1e0f	16	88082524	88457407	155	0.7148
67eb3b89-3122-4d46-8987-ef91c6ba1e0f	16	88459366	90096867	677	0.5253
67eb3b89-3122-4d46-8987-ef91c6ba1e0f	17	150733	1220388	542	-0.2629
67eb3b89-3122-4d46-8987-ef91c6ba1e0f	17	1221485	9941712	5087	-0.1448
67eb3b89-3122-4d46-8987-ef91c6ba1e0f	17	9941834	14310810	3267	-0.2123
67eb3b89-3122-4d46-8987-ef91c6ba1e0f	17	14313407	15870594	1103	-0.2986
67eb3b89-3122-4d46-8987-ef91c6ba1e0f	17	15870840	18455632	1323	-0.14
67eb3b89-3122-4d46-8987-ef91c6ba1e0f	17	18455635	18565883	26	-0.796
67eb3b89-3122-4d46-8987-ef91c6ba1e0f	17	18571332	33605181	4928	-0.1668
67eb3b89-3122-4d46-8987-ef91c6ba1e0f	17	33605294	34593754	946	-0.2926
67eb3b89-3122-4d46-8987-ef91c6ba1e0f	17	34595298	36074358	881	-0.1566
67eb3b89-3122-4d46-8987-ef91c6ba1e0f	17	36074558	36157718	61	-0.4499
67eb3b89-3122-4d46-8987-ef91c6ba1e0f	17	36200725	41265456	2508	-0.1464
67eb3b89-3122-4d46-8987-ef91c6ba1e0f	17	41266762	41274279	24	0.8825
67eb3b89-3122-4d46-8987-ef91c6ba1e0f	17	41276472	45656938	2172	-0.1098
67eb3b89-3122-4d46-8987-ef91c6ba1e0f	17	45657638	46136800	352	-0.3007
67eb3b89-3122-4d46-8987-ef91c6ba1e0f	17	46137998	46446360	91	-0.6119
67eb3b89-3122-4d46-8987-ef91c6ba1e0f	17	46569894	73856563	16741	-0.1846
67eb3b89-3122-4d46-8987-ef91c6ba1e0f	17	73860625	74675481	527	-0.3019
67eb3b89-3122-4d46-8987-ef91c6ba1e0f	17	74680224	76589374	854	-0.0785
67eb3b89-3122-4d46-8987-ef91c6ba1e0f	17	76589737	76589865	2	-2.2659
67eb3b89-3122-4d46-8987-ef91c6ba1e0f	17	76592551	78453175	1095	-0.139
67eb3b89-3122-4d46-8987-ef91c6ba1e0f	17	78453396	78454069	2	-2.8623
67eb3b89-3122-4d46-8987-ef91c6ba1e0f	17	78456702	78601218	96	-0.1076
67eb3b89-3122-4d46-8987-ef91c6ba1e0f	17	78601694	78618038	25	-0.5619
67eb3b89-3122-4d46-8987-ef91c6ba1e0f	17	78618496	83091923	2096	-0.1126
67eb3b89-3122-4d46-8987-ef91c6ba1e0f	18	48133	12766512	9081	-0.2141
67eb3b89-3122-4d46-8987-ef91c6ba1e0f	18	12767325	12769983	2	-2.1237
67eb3b89-3122-4d46-8987-ef91c6ba1e0f	18	12770852	14949717	1150	-0.1841
67eb3b89-3122-4d46-8987-ef91c6ba1e0f	18	14951313	15375163	104	-0.6503
67eb3b89-3122-4d46-8987-ef91c6ba1e0f	18	15396946	40680516	12327	-0.239
67eb3b89-3122-4d46-8987-ef91c6ba1e0f	18	40680526	40685425	14	-1.4794
67eb3b89-3122-4d46-8987-ef91c6ba1e0f	18	40689534	45595078	3229	-0.2477
67eb3b89-3122-4d46-8987-ef91c6ba1e0f	18	45596371	50890152	3649	-0.1902
67eb3b89-3122-4d46-8987-ef91c6ba1e0f	18	50896068	53997831	2195	-0.2515
67eb3b89-3122-4d46-8987-ef91c6ba1e0f	18	53998629	53998782	2	-2.7062
67eb3b89-3122-4d46-8987-ef91c6ba1e0f	18	54001998	59986023	4038	-0.2332
67eb3b89-3122-4d46-8987-ef91c6ba1e0f	18	59986126	59986495	3	-2.227
67eb3b89-3122-4d46-8987-ef91c6ba1e0f	18	59986811	65533243	3879	-0.2261
67eb3b89-3122-4d46-8987-ef91c6ba1e0f	18	65535759	65537481	16	1.0832
67eb3b89-3122-4d46-8987-ef91c6ba1e0f	18	65540037	66054343	354	-0.2472
67eb3b89-3122-4d46-8987-ef91c6ba1e0f	18	66060256	66061104	12	-1.2961
67eb3b89-3122-4d46-8987-ef91c6ba1e0f	18	66065502	80257174	10356	-0.2327
67eb3b89-3122-4d46-8987-ef91c6ba1e0f	19	90910	16421632	7024	-0.1154
67eb3b89-3122-4d46-8987-ef91c6ba1e0f	19	16424464	16509693	47	0.7135
67eb3b89-3122-4d46-8987-ef91c6ba1e0f	19	16513723	19685614	1366	-0.0896
67eb3b89-3122-4d46-8987-ef91c6ba1e0f	19	19686345	21632117	1123	-0.1745
67eb3b89-3122-4d46-8987-ef91c6ba1e0f	19	21632838	21637067	2	-2.0753
67eb3b89-3122-4d46-8987-ef91c6ba1e0f	19	21637309	32730420	5353	-0.1958
67eb3b89-3122-4d46-8987-ef91c6ba1e0f	19	32737786	58586487	14051	-0.1408
67eb3b89-3122-4d46-8987-ef91c6ba1e0f	20	80664	1580305	1197	0.2553
67eb3b89-3122-4d46-8987-ef91c6ba1e0f	20	1580353	1601446	36	1.2062
67eb3b89-3122-4d46-8987-ef91c6ba1e0f	20	1601561	4068092	1701	0.3022
67eb3b89-3122-4d46-8987-ef91c6ba1e0f	20	4068177	4069144	2	-1.4498
67eb3b89-3122-4d46-8987-ef91c6ba1e0f	20	4070263	4960645	770	0.291
67eb3b89-3122-4d46-8987-ef91c6ba1e0f	20	4963368	15981044	8508	0.2144
67eb3b89-3122-4d46-8987-ef91c6ba1e0f	20	15985274	15988235	3	-1.2991
67eb3b89-3122-4d46-8987-ef91c6ba1e0f	20	15988345	24762200	6959	0.2396
67eb3b89-3122-4d46-8987-ef91c6ba1e0f	20	24762668	39599119	5235	0.2838
67eb3b89-3122-4d46-8987-ef91c6ba1e0f	20	39599325	43788235	3163	0.2417
67eb3b89-3122-4d46-8987-ef91c6ba1e0f	20	43792768	45901251	1378	0.2996
67eb3b89-3122-4d46-8987-ef91c6ba1e0f	20	45901995	46171945	157	-0.1597
67eb3b89-3122-4d46-8987-ef91c6ba1e0f	20	46172387	47788410	1186	0.2877
67eb3b89-3122-4d46-8987-ef91c6ba1e0f	20	47788428	48030578	190	-0.1546
67eb3b89-3122-4d46-8987-ef91c6ba1e0f	20	48031565	48957515	716	0.3218
67eb3b89-3122-4d46-8987-ef91c6ba1e0f	20	48958137	49524145	329	-0.1504
67eb3b89-3122-4d46-8987-ef91c6ba1e0f	20	49524207	54274797	3480	0.2602
67eb3b89-3122-4d46-8987-ef91c6ba1e0f	20	54275163	59722413	4276	-0.1924
67eb3b89-3122-4d46-8987-ef91c6ba1e0f	20	59725584	59738022	9	-4.9403
67eb3b89-3122-4d46-8987-ef91c6ba1e0f	20	59740559	61326467	1457	-0.1966
67eb3b89-3122-4d46-8987-ef91c6ba1e0f	20	61326835	63588502	1123	0.336
67eb3b89-3122-4d46-8987-ef91c6ba1e0f	20	63589896	63769790	91	-0.2267
67eb3b89-3122-4d46-8987-ef91c6ba1e0f	20	63774109	64284715	216	0.2026
67eb3b89-3122-4d46-8987-ef91c6ba1e0f	20	64323342	64324800	5	-0.7926
67eb3b89-3122-4d46-8987-ef91c6ba1e0f	21	10354168	13270257	129	-0.4575
67eb3b89-3122-4d46-8987-ef91c6ba1e0f	21	13273133	13612103	139	-0.1157
67eb3b89-3122-4d46-8987-ef91c6ba1e0f	21	13634568	13833744	13	-0.5485
67eb3b89-3122-4d46-8987-ef91c6ba1e0f	21	13837028	20122389	4274	-0.8938
67eb3b89-3122-4d46-8987-ef91c6ba1e0f	21	20124342	20571077	382	-0.2318
67eb3b89-3122-4d46-8987-ef91c6ba1e0f	21	20574507	21105906	411	-0.9281
67eb3b89-3122-4d46-8987-ef91c6ba1e0f	21	21107081	21517978	294	-0.2705
67eb3b89-3122-4d46-8987-ef91c6ba1e0f	21	21521116	22268695	570	-0.9102
67eb3b89-3122-4d46-8987-ef91c6ba1e0f	21	22269104	22355062	65	-0.1603
67eb3b89-3122-4d46-8987-ef91c6ba1e0f	21	22357667	27679516	4118	-0.8789
67eb3b89-3122-4d46-8987-ef91c6ba1e0f	21	27689101	27907276	132	-0.284
67eb3b89-3122-4d46-8987-ef91c6ba1e0f	21	27912047	29662115	1244	-0.8748
67eb3b89-3122-4d46-8987-ef91c6ba1e0f	21	29665652	29667058	3	-3.1666
67eb3b89-3122-4d46-8987-ef91c6ba1e0f	21	29667280	30190949	393	-0.8671
67eb3b89-3122-4d46-8987-ef91c6ba1e0f	21	30193050	30323121	92	-0.1801
67eb3b89-3122-4d46-8987-ef91c6ba1e0f	21	30327272	30343654	18	-0.7973
67eb3b89-3122-4d46-8987-ef91c6ba1e0f	21	30346050	30547730	124	-0.2754
67eb3b89-3122-4d46-8987-ef91c6ba1e0f	21	30552132	31227829	436	-0.8775
67eb3b89-3122-4d46-8987-ef91c6ba1e0f	21	31228433	33837626	1736	-0.1895
67eb3b89-3122-4d46-8987-ef91c6ba1e0f	21	33837880	33837892	2	-2.8808
67eb3b89-3122-4d46-8987-ef91c6ba1e0f	21	33838178	40703616	5440	-0.1884
67eb3b89-3122-4d46-8987-ef91c6ba1e0f	21	40705869	40908537	165	-0.8906
67eb3b89-3122-4d46-8987-ef91c6ba1e0f	21	40909230	44820203	2393	-0.1558
67eb3b89-3122-4d46-8987-ef91c6ba1e0f	21	44821767	46083397	697	-0.8632
67eb3b89-3122-4d46-8987-ef91c6ba1e0f	21	46096115	46677045	360	-0.2609
67eb3b89-3122-4d46-8987-ef91c6ba1e0f	22	15294547	18127343	1093	-0.172
67eb3b89-3122-4d46-8987-ef91c6ba1e0f	22	18128031	22114208	2013	-0.2581
67eb3b89-3122-4d46-8987-ef91c6ba1e0f	22	22119549	22120255	6	-1.4553
67eb3b89-3122-4d46-8987-ef91c6ba1e0f	22	22127104	24010678	1283	-0.2447
67eb3b89-3122-4d46-8987-ef91c6ba1e0f	22	24015674	25515481	1078	-0.1584
67eb3b89-3122-4d46-8987-ef91c6ba1e0f	22	25518057	28573526	2656	-0.8783
67eb3b89-3122-4d46-8987-ef91c6ba1e0f	22	28584475	28639690	24	-0.2172
67eb3b89-3122-4d46-8987-ef91c6ba1e0f	22	28642521	28645344	2	-1.7732
67eb3b89-3122-4d46-8987-ef91c6ba1e0f	22	28645889	29556115	544	-0.1383
67eb3b89-3122-4d46-8987-ef91c6ba1e0f	22	29556192	30095592	279	-0.769
67eb3b89-3122-4d46-8987-ef91c6ba1e0f	22	30101353	30390959	166	-0.1489
67eb3b89-3122-4d46-8987-ef91c6ba1e0f	22	30398730	30619481	133	-0.8424
67eb3b89-3122-4d46-8987-ef91c6ba1e0f	22	30627906	31681068	583	-0.0913
67eb3b89-3122-4d46-8987-ef91c6ba1e0f	22	31681261	33276205	1175	-0.8529
67eb3b89-3122-4d46-8987-ef91c6ba1e0f	22	33276517	33777419	493	-0.1846
67eb3b89-3122-4d46-8987-ef91c6ba1e0f	22	33778960	33778986	3	-1.7658
67eb3b89-3122-4d46-8987-ef91c6ba1e0f	22	33778998	34896519	1021	-0.2011
67eb3b89-3122-4d46-8987-ef91c6ba1e0f	22	34898550	35332473	408	-0.8771
67eb3b89-3122-4d46-8987-ef91c6ba1e0f	22	35335252	35505018	100	-0.1716
67eb3b89-3122-4d46-8987-ef91c6ba1e0f	22	35505925	46560794	6681	-0.7948
67eb3b89-3122-4d46-8987-ef91c6ba1e0f	22	46562610	46564668	2	-4.6694
67eb3b89-3122-4d46-8987-ef91c6ba1e0f	22	46568919	47612287	814	-0.8447
67eb3b89-3122-4d46-8987-ef91c6ba1e0f	22	47613706	47695718	73	-0.2492
67eb3b89-3122-4d46-8987-ef91c6ba1e0f	22	47703614	48653192	951	-0.8714
67eb3b89-3122-4d46-8987-ef91c6ba1e0f	22	48658751	48681058	20	-2.1448
67eb3b89-3122-4d46-8987-ef91c6ba1e0f	22	48681330	49738731	927	-0.9524
67eb3b89-3122-4d46-8987-ef91c6ba1e0f	22	49740556	50796027	442	-0.2406
67eb3b89-3122-4d46-8987-ef91c6ba1e0f	X	251810	21924190	12860	0.0484
67eb3b89-3122-4d46-8987-ef91c6ba1e0f	X	21924237	35592393	9231	-0.3028
67eb3b89-3122-4d46-8987-ef91c6ba1e0f	X	35594738	155952689	61220	0.042
67eb3b89-3122-4d46-8987-ef91c6ba1e0f	Y	2782397	3037676	124	-2.7557
67eb3b89-3122-4d46-8987-ef91c6ba1e0f	Y	3037955	6233384	656	-2.3567
67eb3b89-3122-4d46-8987-ef91c6ba1e0f	Y	6249869	7759870	549	-2.8097
67eb3b89-3122-4d46-8987-ef91c6ba1e0f	Y	7760443	9985764	1000	-3.1476
67eb3b89-3122-4d46-8987-ef91c6ba1e0f	Y	9988431	56872112	4293	-2.8739
