GDC_Aliquot	Chromosome	Start	End	Num_Probes	Segment_Mean
cd3c5a92-3d8c-4311-bee7-bfec1019bf71	1	62920	16583114	8651	0.0084
cd3c5a92-3d8c-4311-bee7-bfec1019bf71	1	16604834	16679281	28	0.3573
cd3c5a92-3d8c-4311-bee7-bfec1019bf71	1	16679483	16686246	3	-0.457
cd3c5a92-3d8c-4311-bee7-bfec1019bf71	1	16689764	16788139	20	0.3019
cd3c5a92-3d8c-4311-bee7-bfec1019bf71	1	16855942	16883108	6	-0.0987
cd3c5a92-3d8c-4311-bee7-bfec1019bf71	1	16884157	16932568	42	-0.4653
cd3c5a92-3d8c-4311-bee7-bfec1019bf71	1	16934716	25256850	5260	0.0046
cd3c5a92-3d8c-4311-bee7-bfec1019bf71	1	25266637	25320455	24	0.6577
cd3c5a92-3d8c-4311-bee7-bfec1019bf71	1	25336819	30265687	2387	0.0003
cd3c5a92-3d8c-4311-bee7-bfec1019bf71	1	30266452	30266949	3	-1.2286
cd3c5a92-3d8c-4311-bee7-bfec1019bf71	1	30268649	64011820	20655	0.0069
cd3c5a92-3d8c-4311-bee7-bfec1019bf71	1	64012052	64012933	2	-1.5779
cd3c5a92-3d8c-4311-bee7-bfec1019bf71	1	64015748	72303233	5652	0.0031
cd3c5a92-3d8c-4311-bee7-bfec1019bf71	1	72303253	72345465	45	-1.5647
cd3c5a92-3d8c-4311-bee7-bfec1019bf71	1	72346221	109684695	23592	0.0036
cd3c5a92-3d8c-4311-bee7-bfec1019bf71	1	109684893	109697556	14	1.1344
cd3c5a92-3d8c-4311-bee7-bfec1019bf71	1	109702376	112147704	1946	0.0275
cd3c5a92-3d8c-4311-bee7-bfec1019bf71	1	112153343	112154768	25	0.6778
cd3c5a92-3d8c-4311-bee7-bfec1019bf71	1	112163334	121601998	5156	0.0041
cd3c5a92-3d8c-4311-bee7-bfec1019bf71	1	121705338	149904595	1045	0.0865
cd3c5a92-3d8c-4311-bee7-bfec1019bf71	1	149906351	152789532	1600	0.0113
cd3c5a92-3d8c-4311-bee7-bfec1019bf71	1	152789570	152801429	34	-0.3675
cd3c5a92-3d8c-4311-bee7-bfec1019bf71	1	152804279	174826737	14779	0.0073
cd3c5a92-3d8c-4311-bee7-bfec1019bf71	1	174826800	174832716	20	0.4196
cd3c5a92-3d8c-4311-bee7-bfec1019bf71	1	174832734	194479104	13174	0.0082
cd3c5a92-3d8c-4311-bee7-bfec1019bf71	1	194482281	194485888	2	1.728
cd3c5a92-3d8c-4311-bee7-bfec1019bf71	1	194487886	196742057	1448	0.0183
cd3c5a92-3d8c-4311-bee7-bfec1019bf71	1	196745692	196820704	48	0.447
cd3c5a92-3d8c-4311-bee7-bfec1019bf71	1	196821139	241789999	31142	0.0052
cd3c5a92-3d8c-4311-bee7-bfec1019bf71	1	241790889	241802527	11	-0.7035
cd3c5a92-3d8c-4311-bee7-bfec1019bf71	1	241805132	248930189	4622	0.0363
cd3c5a92-3d8c-4311-bee7-bfec1019bf71	2	12784	4155990	2984	0.0267
cd3c5a92-3d8c-4311-bee7-bfec1019bf71	2	4158097	4175977	39	0.3759
cd3c5a92-3d8c-4311-bee7-bfec1019bf71	2	4176105	7989207	3274	0.0063
cd3c5a92-3d8c-4311-bee7-bfec1019bf71	2	7990754	7996487	8	-1.0821
cd3c5a92-3d8c-4311-bee7-bfec1019bf71	2	7999793	17493526	6870	0.0042
cd3c5a92-3d8c-4311-bee7-bfec1019bf71	2	17494468	17494692	2	-2.0233
cd3c5a92-3d8c-4311-bee7-bfec1019bf71	2	17496781	34491703	10910	0.0114
cd3c5a92-3d8c-4311-bee7-bfec1019bf71	2	34491869	34512096	30	-0.4686
cd3c5a92-3d8c-4311-bee7-bfec1019bf71	2	34512489	35750907	870	0.039
cd3c5a92-3d8c-4311-bee7-bfec1019bf71	2	35752724	35762881	7	0.995
cd3c5a92-3d8c-4311-bee7-bfec1019bf71	2	35772407	52527743	12121	0.006
cd3c5a92-3d8c-4311-bee7-bfec1019bf71	2	52531615	52554188	26	-0.655
cd3c5a92-3d8c-4311-bee7-bfec1019bf71	2	52554236	125684646	40854	0.0132
cd3c5a92-3d8c-4311-bee7-bfec1019bf71	2	125694074	125694336	2	-2.1707
cd3c5a92-3d8c-4311-bee7-bfec1019bf71	2	125694355	130388706	2928	0.0167
cd3c5a92-3d8c-4311-bee7-bfec1019bf71	2	130400286	130539652	10	0.6508
cd3c5a92-3d8c-4311-bee7-bfec1019bf71	2	130560276	130560478	2	-3.0637
cd3c5a92-3d8c-4311-bee7-bfec1019bf71	2	130720375	212316597	49430	0.0063
cd3c5a92-3d8c-4311-bee7-bfec1019bf71	2	212321824	212327101	25	-0.9919
cd3c5a92-3d8c-4311-bee7-bfec1019bf71	2	212327402	242147305	19001	0.0085
cd3c5a92-3d8c-4311-bee7-bfec1019bf71	3	20930	6604856	5812	0.0276
cd3c5a92-3d8c-4311-bee7-bfec1019bf71	3	6609441	6613391	24	0.4843
cd3c5a92-3d8c-4311-bee7-bfec1019bf71	3	6613561	22549369	11207	0.0129
cd3c5a92-3d8c-4311-bee7-bfec1019bf71	3	22549562	22551094	2	-1.5881
cd3c5a92-3d8c-4311-bee7-bfec1019bf71	3	22551732	46790347	16133	0.0031
cd3c5a92-3d8c-4311-bee7-bfec1019bf71	3	46790471	46790486	2	-1.8706
cd3c5a92-3d8c-4311-bee7-bfec1019bf71	3	46790521	75342491	19440	0.0026
cd3c5a92-3d8c-4311-bee7-bfec1019bf71	3	75342608	75590356	83	-0.5153
cd3c5a92-3d8c-4311-bee7-bfec1019bf71	3	75596233	95737262	9113	0.0047
cd3c5a92-3d8c-4311-bee7-bfec1019bf71	3	95748036	95749266	2	-3.4531
cd3c5a92-3d8c-4311-bee7-bfec1019bf71	3	95749836	99225614	1849	-0.0026
cd3c5a92-3d8c-4311-bee7-bfec1019bf71	3	99225632	99230470	36	0.3714
cd3c5a92-3d8c-4311-bee7-bfec1019bf71	3	99230577	125731560	16221	0.0034
cd3c5a92-3d8c-4311-bee7-bfec1019bf71	3	125732896	125747704	7	-0.7683
cd3c5a92-3d8c-4311-bee7-bfec1019bf71	3	125750578	130044016	2451	0.0099
cd3c5a92-3d8c-4311-bee7-bfec1019bf71	3	130044855	130087393	38	0.5457
cd3c5a92-3d8c-4311-bee7-bfec1019bf71	3	130088081	132273893	1434	0.007
cd3c5a92-3d8c-4311-bee7-bfec1019bf71	3	132273929	132276840	3	-2.3853
cd3c5a92-3d8c-4311-bee7-bfec1019bf71	3	132281633	149245608	10455	0.01
cd3c5a92-3d8c-4311-bee7-bfec1019bf71	3	149245674	149250334	24	-0.9682
cd3c5a92-3d8c-4311-bee7-bfec1019bf71	3	149253293	162788742	8317	0.0028
cd3c5a92-3d8c-4311-bee7-bfec1019bf71	3	162790390	162910826	76	0.33
cd3c5a92-3d8c-4311-bee7-bfec1019bf71	3	162910855	183481540	12467	0.0111
cd3c5a92-3d8c-4311-bee7-bfec1019bf71	3	183483777	184075934	325	0.119
cd3c5a92-3d8c-4311-bee7-bfec1019bf71	3	184077707	186980310	1851	0.0048
cd3c5a92-3d8c-4311-bee7-bfec1019bf71	3	186983049	186983135	2	-1.4301
cd3c5a92-3d8c-4311-bee7-bfec1019bf71	3	186991016	193160113	4498	0.0032
cd3c5a92-3d8c-4311-bee7-bfec1019bf71	3	193160173	193165114	19	2.7293
cd3c5a92-3d8c-4311-bee7-bfec1019bf71	3	193168646	195559056	1480	-0.0024
cd3c5a92-3d8c-4311-bee7-bfec1019bf71	3	195656271	195747892	44	-0.5705
cd3c5a92-3d8c-4311-bee7-bfec1019bf71	3	195751823	198169247	1165	0.0516
cd3c5a92-3d8c-4311-bee7-bfec1019bf71	4	68929	3982817	1584	0.018
cd3c5a92-3d8c-4311-bee7-bfec1019bf71	4	3983081	4151033	47	0.2981
cd3c5a92-3d8c-4311-bee7-bfec1019bf71	4	4158336	5160764	793	-0.0068
cd3c5a92-3d8c-4311-bee7-bfec1019bf71	4	5163328	5180010	13	-0.6663
cd3c5a92-3d8c-4311-bee7-bfec1019bf71	4	5183722	10208766	3256	-0.0009
cd3c5a92-3d8c-4311-bee7-bfec1019bf71	4	10221792	10228296	16	-0.5689
cd3c5a92-3d8c-4311-bee7-bfec1019bf71	4	10228326	34777432	16982	0.0003
cd3c5a92-3d8c-4311-bee7-bfec1019bf71	4	34784878	34828250	39	-0.6169
cd3c5a92-3d8c-4311-bee7-bfec1019bf71	4	34828291	36012790	775	0.0183
cd3c5a92-3d8c-4311-bee7-bfec1019bf71	4	36013359	36013896	4	-1.3222
cd3c5a92-3d8c-4311-bee7-bfec1019bf71	4	36015896	49087357	8173	0.0085
cd3c5a92-3d8c-4311-bee7-bfec1019bf71	4	49091769	49588585	23	0.5628
cd3c5a92-3d8c-4311-bee7-bfec1019bf71	4	49588639	63828222	7570	0.0053
cd3c5a92-3d8c-4311-bee7-bfec1019bf71	4	63831751	63841863	20	-0.7353
cd3c5a92-3d8c-4311-bee7-bfec1019bf71	4	63841887	63842540	7	-2.9375
cd3c5a92-3d8c-4311-bee7-bfec1019bf71	4	63850713	68354665	2847	-0.0011
cd3c5a92-3d8c-4311-bee7-bfec1019bf71	4	68361130	68395346	7	2.5256
cd3c5a92-3d8c-4311-bee7-bfec1019bf71	4	68416487	68655691	85	-0.1049
cd3c5a92-3d8c-4311-bee7-bfec1019bf71	4	68663241	68686026	4	-1.5387
cd3c5a92-3d8c-4311-bee7-bfec1019bf71	4	68725894	69080374	210	0.0336
cd3c5a92-3d8c-4311-bee7-bfec1019bf71	4	69084573	69370433	153	0.1702
cd3c5a92-3d8c-4311-bee7-bfec1019bf71	4	69374263	76870130	4602	0.0089
cd3c5a92-3d8c-4311-bee7-bfec1019bf71	4	76870357	76872625	16	-0.5423
cd3c5a92-3d8c-4311-bee7-bfec1019bf71	4	76872676	171447380	57298	0.0063
cd3c5a92-3d8c-4311-bee7-bfec1019bf71	4	171448195	171456573	12	-0.9734
cd3c5a92-3d8c-4311-bee7-bfec1019bf71	4	171456625	172066777	398	0.0157
cd3c5a92-3d8c-4311-bee7-bfec1019bf71	4	172067997	172068382	12	-1.4606
cd3c5a92-3d8c-4311-bee7-bfec1019bf71	4	172074828	172129638	36	0.1403
cd3c5a92-3d8c-4311-bee7-bfec1019bf71	4	172131770	187842528	10624	0.0163
cd3c5a92-3d8c-4311-bee7-bfec1019bf71	4	187850090	190106768	1409	0.0792
cd3c5a92-3d8c-4311-bee7-bfec1019bf71	5	15532	667394	299	0.0675
cd3c5a92-3d8c-4311-bee7-bfec1019bf71	5	670630	773453	34	-0.3809
cd3c5a92-3d8c-4311-bee7-bfec1019bf71	5	779766	8702002	6595	0.0039
cd3c5a92-3d8c-4311-bee7-bfec1019bf71	5	8702128	8789955	79	0.2189
cd3c5a92-3d8c-4311-bee7-bfec1019bf71	5	8789969	17515692	6353	0.0021
cd3c5a92-3d8c-4311-bee7-bfec1019bf71	5	17601444	17629411	12	-0.933
cd3c5a92-3d8c-4311-bee7-bfec1019bf71	5	17630366	21376735	2276	0.0101
cd3c5a92-3d8c-4311-bee7-bfec1019bf71	5	21377730	21377744	2	-2.1366
cd3c5a92-3d8c-4311-bee7-bfec1019bf71	5	21385957	21449167	44	0.0523
cd3c5a92-3d8c-4311-bee7-bfec1019bf71	5	21451091	21452329	5	-2.0685
cd3c5a92-3d8c-4311-bee7-bfec1019bf71	5	21452387	46271006	14938	0.0035
cd3c5a92-3d8c-4311-bee7-bfec1019bf71	5	46271828	46273400	6	-2.8141
cd3c5a92-3d8c-4311-bee7-bfec1019bf71	5	46278110	50151472	21	-0.0949
cd3c5a92-3d8c-4311-bee7-bfec1019bf71	5	50159802	50247015	14	0.5339
cd3c5a92-3d8c-4311-bee7-bfec1019bf71	5	50253941	99122405	28752	0.006
cd3c5a92-3d8c-4311-bee7-bfec1019bf71	5	99123951	100226861	649	0.0875
cd3c5a92-3d8c-4311-bee7-bfec1019bf71	5	100227386	156049910	35868	0.0103
cd3c5a92-3d8c-4311-bee7-bfec1019bf71	5	156049988	156055719	12	-2.3712
cd3c5a92-3d8c-4311-bee7-bfec1019bf71	5	156068240	175946505	14045	0.0071
cd3c5a92-3d8c-4311-bee7-bfec1019bf71	5	175960543	175993893	7	1.0223
cd3c5a92-3d8c-4311-bee7-bfec1019bf71	5	175999690	181363319	2720	0.0183
cd3c5a92-3d8c-4311-bee7-bfec1019bf71	6	149661	5315481	4251	0.0207
cd3c5a92-3d8c-4311-bee7-bfec1019bf71	6	5316166	5325640	7	-1.2014
cd3c5a92-3d8c-4311-bee7-bfec1019bf71	6	5327791	19039888	10500	0.0022
cd3c5a92-3d8c-4311-bee7-bfec1019bf71	6	19041950	19042587	3	-1.5075
cd3c5a92-3d8c-4311-bee7-bfec1019bf71	6	19044471	31309909	7545	0.0069
cd3c5a92-3d8c-4311-bee7-bfec1019bf71	6	31318499	31328674	11	-1.95
cd3c5a92-3d8c-4311-bee7-bfec1019bf71	6	31342147	32550992	518	0.0482
cd3c5a92-3d8c-4311-bee7-bfec1019bf71	6	32559507	32568621	4	-1.2936
cd3c5a92-3d8c-4311-bee7-bfec1019bf71	6	32570802	32641650	32	-0.0032
cd3c5a92-3d8c-4311-bee7-bfec1019bf71	6	32656527	32658841	6	-1.4064
cd3c5a92-3d8c-4311-bee7-bfec1019bf71	6	32682835	33970966	797	0.0152
cd3c5a92-3d8c-4311-bee7-bfec1019bf71	6	33974234	33974928	6	-2.9496
cd3c5a92-3d8c-4311-bee7-bfec1019bf71	6	33976809	41650440	5088	0.006
cd3c5a92-3d8c-4311-bee7-bfec1019bf71	6	41651023	41652139	5	-0.8813
cd3c5a92-3d8c-4311-bee7-bfec1019bf71	6	41652999	54066286	7774	0.0024
cd3c5a92-3d8c-4311-bee7-bfec1019bf71	6	54066353	54067057	7	-1.1232
cd3c5a92-3d8c-4311-bee7-bfec1019bf71	6	54070550	57287480	1940	-0.001
cd3c5a92-3d8c-4311-bee7-bfec1019bf71	6	57290018	61584503	659	0.0843
cd3c5a92-3d8c-4311-bee7-bfec1019bf71	6	61584696	76726815	9557	0.0071
cd3c5a92-3d8c-4311-bee7-bfec1019bf71	6	76730151	76758214	23	0.4484
cd3c5a92-3d8c-4311-bee7-bfec1019bf71	6	76758749	76758906	3	-0.9095
cd3c5a92-3d8c-4311-bee7-bfec1019bf71	6	76758921	78261995	975	0.0217
cd3c5a92-3d8c-4311-bee7-bfec1019bf71	6	78262064	78263059	10	0.662
cd3c5a92-3d8c-4311-bee7-bfec1019bf71	6	78263079	78269717	8	0
cd3c5a92-3d8c-4311-bee7-bfec1019bf71	6	78269739	78325457	89	0.5659
cd3c5a92-3d8c-4311-bee7-bfec1019bf71	6	78325468	164885327	55705	0.0024
cd3c5a92-3d8c-4311-bee7-bfec1019bf71	6	164885813	164895967	2	-1.9016
cd3c5a92-3d8c-4311-bee7-bfec1019bf71	6	164896039	170741917	3914	0.0084
cd3c5a92-3d8c-4311-bee7-bfec1019bf71	7	43355	15392007	10372	0.0157
cd3c5a92-3d8c-4311-bee7-bfec1019bf71	7	15392045	15393664	2	-1.547
cd3c5a92-3d8c-4311-bee7-bfec1019bf71	7	15394440	18980425	2871	0.0109
cd3c5a92-3d8c-4311-bee7-bfec1019bf71	7	18982536	19180698	326	0.0813
cd3c5a92-3d8c-4311-bee7-bfec1019bf71	7	19180727	19180879	5	0.8423
cd3c5a92-3d8c-4311-bee7-bfec1019bf71	7	19181042	19550191	316	0.0926
cd3c5a92-3d8c-4311-bee7-bfec1019bf71	7	19550207	19562376	9	-0.3547
cd3c5a92-3d8c-4311-bee7-bfec1019bf71	7	19564961	54305455	24543	0.0036
cd3c5a92-3d8c-4311-bee7-bfec1019bf71	7	54318812	54318824	6	1.3498
cd3c5a92-3d8c-4311-bee7-bfec1019bf71	7	54325795	56414855	1409	0.0032
cd3c5a92-3d8c-4311-bee7-bfec1019bf71	7	56417767	66021101	1933	0.0711
cd3c5a92-3d8c-4311-bee7-bfec1019bf71	7	66023370	67734842	727	0.012
cd3c5a92-3d8c-4311-bee7-bfec1019bf71	7	67736557	67739409	3	-1.4226
cd3c5a92-3d8c-4311-bee7-bfec1019bf71	7	67742850	96913489	17217	0.0063
cd3c5a92-3d8c-4311-bee7-bfec1019bf71	7	96913795	96916656	2	-2.1066
cd3c5a92-3d8c-4311-bee7-bfec1019bf71	7	96918403	154598185	34765	0.009
cd3c5a92-3d8c-4311-bee7-bfec1019bf71	7	154601461	154607903	4	-1.9058
cd3c5a92-3d8c-4311-bee7-bfec1019bf71	7	154609120	159334314	3229	0.0185
cd3c5a92-3d8c-4311-bee7-bfec1019bf71	8	81254	643041	322	0.0333
cd3c5a92-3d8c-4311-bee7-bfec1019bf71	8	644944	645875	8	0.9521
cd3c5a92-3d8c-4311-bee7-bfec1019bf71	8	645892	645908	2	4.0182
cd3c5a92-3d8c-4311-bee7-bfec1019bf71	8	656117	4144546	3361	0.0033
cd3c5a92-3d8c-4311-bee7-bfec1019bf71	8	4144670	4144794	4	-0.9937
cd3c5a92-3d8c-4311-bee7-bfec1019bf71	8	4145131	4145783	10	0.1466
cd3c5a92-3d8c-4311-bee7-bfec1019bf71	8	4145941	4145956	2	-2.3051
cd3c5a92-3d8c-4311-bee7-bfec1019bf71	8	4146039	7084593	3986	0.0089
cd3c5a92-3d8c-4311-bee7-bfec1019bf71	8	7087252	7380497	48	0.3138
cd3c5a92-3d8c-4311-bee7-bfec1019bf71	8	7396819	12177488	3269	0.0025
cd3c5a92-3d8c-4311-bee7-bfec1019bf71	8	12323772	12585546	48	0.2766
cd3c5a92-3d8c-4311-bee7-bfec1019bf71	8	12616034	25116961	10386	0.0063
cd3c5a92-3d8c-4311-bee7-bfec1019bf71	8	25117007	25126818	25	-2.4253
cd3c5a92-3d8c-4311-bee7-bfec1019bf71	8	25133589	39378084	9006	0.0001
cd3c5a92-3d8c-4311-bee7-bfec1019bf71	8	39389156	39529446	58	0.9338
cd3c5a92-3d8c-4311-bee7-bfec1019bf71	8	39530780	57850330	9656	0.0045
cd3c5a92-3d8c-4311-bee7-bfec1019bf71	8	57850434	57850448	2	-1.4982
cd3c5a92-3d8c-4311-bee7-bfec1019bf71	8	57850495	63936079	3974	0.0039
cd3c5a92-3d8c-4311-bee7-bfec1019bf71	8	63936340	63936561	6	1.3122
cd3c5a92-3d8c-4311-bee7-bfec1019bf71	8	63936953	111279265	28317	0.0066
cd3c5a92-3d8c-4311-bee7-bfec1019bf71	8	111282050	111282441	5	-1.3088
cd3c5a92-3d8c-4311-bee7-bfec1019bf71	8	111282809	145072769	22897	0.0044
cd3c5a92-3d8c-4311-bee7-bfec1019bf71	9	46587	5079156	5240	0.0264
cd3c5a92-3d8c-4311-bee7-bfec1019bf71	9	5081416	5081766	8	0.7672
cd3c5a92-3d8c-4311-bee7-bfec1019bf71	9	5081852	8293622	2747	0.0277
cd3c5a92-3d8c-4311-bee7-bfec1019bf71	9	8294052	8299002	2	-1.4888
cd3c5a92-3d8c-4311-bee7-bfec1019bf71	9	8302233	9343804	915	0.0114
cd3c5a92-3d8c-4311-bee7-bfec1019bf71	9	9347920	9476665	144	-1.1496
cd3c5a92-3d8c-4311-bee7-bfec1019bf71	9	9481247	9796608	247	0.0209
cd3c5a92-3d8c-4311-bee7-bfec1019bf71	9	9798243	9822053	57	-0.8939
cd3c5a92-3d8c-4311-bee7-bfec1019bf71	9	9823724	11228689	1298	0.0172
cd3c5a92-3d8c-4311-bee7-bfec1019bf71	9	11229926	12500979	975	0.0788
cd3c5a92-3d8c-4311-bee7-bfec1019bf71	9	12503357	23361807	8767	0.0072
cd3c5a92-3d8c-4311-bee7-bfec1019bf71	9	23363117	23372401	7	0.9787
cd3c5a92-3d8c-4311-bee7-bfec1019bf71	9	23373486	39089273	10691	0.0107
cd3c5a92-3d8c-4311-bee7-bfec1019bf71	9	39089393	42145255	167	0.1923
cd3c5a92-3d8c-4311-bee7-bfec1019bf71	9	42148059	42524983	22	0.615
cd3c5a92-3d8c-4311-bee7-bfec1019bf71	9	42546668	61371448	54	0.14
cd3c5a92-3d8c-4311-bee7-bfec1019bf71	9	61372857	61629689	32	-1.0122
cd3c5a92-3d8c-4311-bee7-bfec1019bf71	9	61633080	102105828	23779	0.0068
cd3c5a92-3d8c-4311-bee7-bfec1019bf71	9	102107422	102169373	47	0.2944
cd3c5a92-3d8c-4311-bee7-bfec1019bf71	9	102175831	138200944	24216	0.0072
cd3c5a92-3d8c-4311-bee7-bfec1019bf71	10	45792	26937062	21165	0.0029
cd3c5a92-3d8c-4311-bee7-bfec1019bf71	10	26937169	26941746	13	0.6141
cd3c5a92-3d8c-4311-bee7-bfec1019bf71	10	26941808	30957581	3013	-0.0052
cd3c5a92-3d8c-4311-bee7-bfec1019bf71	10	30962405	30962956	13	0.4843
cd3c5a92-3d8c-4311-bee7-bfec1019bf71	10	30963480	41796971	4839	0.0047
cd3c5a92-3d8c-4311-bee7-bfec1019bf71	10	41798237	42372623	55	0.3041
cd3c5a92-3d8c-4311-bee7-bfec1019bf71	10	42373367	45587723	2252	0.0072
cd3c5a92-3d8c-4311-bee7-bfec1019bf71	10	45588052	46526280	301	0.0712
cd3c5a92-3d8c-4311-bee7-bfec1019bf71	10	46526920	46560494	23	0.6575
cd3c5a92-3d8c-4311-bee7-bfec1019bf71	10	46560525	47460004	304	0.0527
cd3c5a92-3d8c-4311-bee7-bfec1019bf71	10	47559592	48084420	15	0.8029
cd3c5a92-3d8c-4311-bee7-bfec1019bf71	10	48084439	50554042	1652	0.0726
cd3c5a92-3d8c-4311-bee7-bfec1019bf71	10	50554161	52783017	1702	0.0072
cd3c5a92-3d8c-4311-bee7-bfec1019bf71	10	52784801	52784905	2	-1.9284
cd3c5a92-3d8c-4311-bee7-bfec1019bf71	10	52784925	65546400	9018	0.0043
cd3c5a92-3d8c-4311-bee7-bfec1019bf71	10	65546518	65554672	28	-0.409
cd3c5a92-3d8c-4311-bee7-bfec1019bf71	10	65554688	133654968	46175	0.003
cd3c5a92-3d8c-4311-bee7-bfec1019bf71	11	198510	3261338	1223	0.0091
cd3c5a92-3d8c-4311-bee7-bfec1019bf71	11	3264786	3325513	4	0.9095
cd3c5a92-3d8c-4311-bee7-bfec1019bf71	11	3342535	4949137	1196	0.0205
cd3c5a92-3d8c-4311-bee7-bfec1019bf71	11	4950775	4952799	18	0.7474
cd3c5a92-3d8c-4311-bee7-bfec1019bf71	11	4953934	5762693	787	0.0356
cd3c5a92-3d8c-4311-bee7-bfec1019bf71	11	5766175	5787909	33	-2.1421
cd3c5a92-3d8c-4311-bee7-bfec1019bf71	11	5788108	67708130	37444	0.008
cd3c5a92-3d8c-4311-bee7-bfec1019bf71	11	67708154	67981851	72	0.6591
cd3c5a92-3d8c-4311-bee7-bfec1019bf71	11	67996609	135074876	45948	0.0057
cd3c5a92-3d8c-4311-bee7-bfec1019bf71	12	51460	9477960	6166	0.018
cd3c5a92-3d8c-4311-bee7-bfec1019bf71	12	9481274	9575696	24	-1.6468
cd3c5a92-3d8c-4311-bee7-bfec1019bf71	12	9582373	11078856	1038	0.0089
cd3c5a92-3d8c-4311-bee7-bfec1019bf71	12	11080319	11088933	5	-1.7057
cd3c5a92-3d8c-4311-bee7-bfec1019bf71	12	11099275	33233822	15596	0.0048
cd3c5a92-3d8c-4311-bee7-bfec1019bf71	12	33235894	33242207	4	-1.0472
cd3c5a92-3d8c-4311-bee7-bfec1019bf71	12	33242483	33368216	92	0.0347
cd3c5a92-3d8c-4311-bee7-bfec1019bf71	12	33373420	34650111	644	0.6423
cd3c5a92-3d8c-4311-bee7-bfec1019bf71	12	34682719	133201603	61193	0.0075
cd3c5a92-3d8c-4311-bee7-bfec1019bf71	13	18452809	23055071	2855	0.0282
cd3c5a92-3d8c-4311-bee7-bfec1019bf71	13	23058539	23059376	12	-0.6388
cd3c5a92-3d8c-4311-bee7-bfec1019bf71	13	23064056	25682010	1954	0.0093
cd3c5a92-3d8c-4311-bee7-bfec1019bf71	13	25686252	25688539	6	-1.2032
cd3c5a92-3d8c-4311-bee7-bfec1019bf71	13	25690991	29455681	2856	-0.0024
cd3c5a92-3d8c-4311-bee7-bfec1019bf71	13	29457425	29462056	3	-1.1127
cd3c5a92-3d8c-4311-bee7-bfec1019bf71	13	29462215	31958485	1869	0.0045
cd3c5a92-3d8c-4311-bee7-bfec1019bf71	13	31958590	31964286	17	-0.8452
cd3c5a92-3d8c-4311-bee7-bfec1019bf71	13	31965910	32775707	566	0.0014
cd3c5a92-3d8c-4311-bee7-bfec1019bf71	13	32775728	32776919	2	-1.39
cd3c5a92-3d8c-4311-bee7-bfec1019bf71	13	32780830	38478674	4036	-0.0141
cd3c5a92-3d8c-4311-bee7-bfec1019bf71	13	38483435	38483919	2	-2.5149
cd3c5a92-3d8c-4311-bee7-bfec1019bf71	13	38490920	66446746	17328	0.0093
cd3c5a92-3d8c-4311-bee7-bfec1019bf71	13	66447070	66452034	2	-1.4981
cd3c5a92-3d8c-4311-bee7-bfec1019bf71	13	66452447	71902850	3494	0.0044
cd3c5a92-3d8c-4311-bee7-bfec1019bf71	13	71903417	71906418	4	1.283
cd3c5a92-3d8c-4311-bee7-bfec1019bf71	13	71906467	105729174	22942	0.0047
cd3c5a92-3d8c-4311-bee7-bfec1019bf71	13	105729530	105730616	2	-1.7226
cd3c5a92-3d8c-4311-bee7-bfec1019bf71	13	105733391	106730287	834	0.0229
cd3c5a92-3d8c-4311-bee7-bfec1019bf71	13	106731890	106732362	2	-1.9426
cd3c5a92-3d8c-4311-bee7-bfec1019bf71	13	106732887	109026790	1849	-0.0011
cd3c5a92-3d8c-4311-bee7-bfec1019bf71	13	109028185	109034100	5	-1.0548
cd3c5a92-3d8c-4311-bee7-bfec1019bf71	13	109034661	114342922	3408	0.0096
cd3c5a92-3d8c-4311-bee7-bfec1019bf71	14	18239283	18693043	25	0.1178
cd3c5a92-3d8c-4311-bee7-bfec1019bf71	14	18950560	19955213	142	0.7541
cd3c5a92-3d8c-4311-bee7-bfec1019bf71	14	19956767	20796727	656	-0.0054
cd3c5a92-3d8c-4311-bee7-bfec1019bf71	14	20797478	23487170	1729	0.0538
cd3c5a92-3d8c-4311-bee7-bfec1019bf71	14	23487294	105537192	52262	0.0047
cd3c5a92-3d8c-4311-bee7-bfec1019bf71	14	105541843	105728426	24	0.4692
cd3c5a92-3d8c-4311-bee7-bfec1019bf71	14	105728964	106294689	191	0.0443
cd3c5a92-3d8c-4311-bee7-bfec1019bf71	14	106297265	106297273	3	1.2678
cd3c5a92-3d8c-4311-bee7-bfec1019bf71	14	106297409	106346129	21	0.0328
cd3c5a92-3d8c-4311-bee7-bfec1019bf71	14	106360014	106365807	4	1.052
cd3c5a92-3d8c-4311-bee7-bfec1019bf71	14	106369985	106423925	28	-0.0859
cd3c5a92-3d8c-4311-bee7-bfec1019bf71	14	106425447	106462183	47	-0.766
cd3c5a92-3d8c-4311-bee7-bfec1019bf71	14	106462724	106877229	195	0.0039
cd3c5a92-3d8c-4311-bee7-bfec1019bf71	15	19811075	22299523	206	0.3182
cd3c5a92-3d8c-4311-bee7-bfec1019bf71	15	22385639	24429986	994	0.0543
cd3c5a92-3d8c-4311-bee7-bfec1019bf71	15	24435245	24473026	30	-0.5646
cd3c5a92-3d8c-4311-bee7-bfec1019bf71	15	24473449	56497449	19884	0.0072
cd3c5a92-3d8c-4311-bee7-bfec1019bf71	15	56498505	56509425	26	-0.5049
cd3c5a92-3d8c-4311-bee7-bfec1019bf71	15	56509503	76599170	12741	0.0002
cd3c5a92-3d8c-4311-bee7-bfec1019bf71	15	76599286	76603434	20	1.1248
cd3c5a92-3d8c-4311-bee7-bfec1019bf71	15	76609838	101482551	17350	0.0046
cd3c5a92-3d8c-4311-bee7-bfec1019bf71	15	101485789	101771055	187	0.6574
cd3c5a92-3d8c-4311-bee7-bfec1019bf71	15	101777618	101928837	65	0.1232
cd3c5a92-3d8c-4311-bee7-bfec1019bf71	16	10777	11535608	8669	0.0118
cd3c5a92-3d8c-4311-bee7-bfec1019bf71	16	11535928	11536077	2	1.5409
cd3c5a92-3d8c-4311-bee7-bfec1019bf71	16	11536092	14660341	2399	0.0006
cd3c5a92-3d8c-4311-bee7-bfec1019bf71	16	14662430	19009338	1810	0.0695
cd3c5a92-3d8c-4311-bee7-bfec1019bf71	16	19021095	22615026	1891	-0.0049
cd3c5a92-3d8c-4311-bee7-bfec1019bf71	16	22615121	22701658	54	-0.4583
cd3c5a92-3d8c-4311-bee7-bfec1019bf71	16	22706267	35225338	5316	0.0112
cd3c5a92-3d8c-4311-bee7-bfec1019bf71	16	35232200	35522700	168	0.5335
cd3c5a92-3d8c-4311-bee7-bfec1019bf71	16	35526596	88066715	30648	0.0015
cd3c5a92-3d8c-4311-bee7-bfec1019bf71	16	88070485	88083409	11	-0.6541
cd3c5a92-3d8c-4311-bee7-bfec1019bf71	16	88083424	90096867	829	0.0266
cd3c5a92-3d8c-4311-bee7-bfec1019bf71	17	150733	8339592	4528	0.0104
cd3c5a92-3d8c-4311-bee7-bfec1019bf71	17	8344229	8344415	2	-3.2076
cd3c5a92-3d8c-4311-bee7-bfec1019bf71	17	8346140	41258395	16255	0.007
cd3c5a92-3d8c-4311-bee7-bfec1019bf71	17	41262120	41274198	26	-0.837
cd3c5a92-3d8c-4311-bee7-bfec1019bf71	17	41274279	46085732	2501	0.0088
cd3c5a92-3d8c-4311-bee7-bfec1019bf71	17	46088437	46284997	123	0.3836
cd3c5a92-3d8c-4311-bee7-bfec1019bf71	17	46286804	83091923	21542	-0.0009
cd3c5a92-3d8c-4311-bee7-bfec1019bf71	18	48133	53657908	31654	0.0058
cd3c5a92-3d8c-4311-bee7-bfec1019bf71	18	53658829	53669389	10	-1.5193
cd3c5a92-3d8c-4311-bee7-bfec1019bf71	18	53670518	80257174	19022	0.0093
cd3c5a92-3d8c-4311-bee7-bfec1019bf71	19	90910	19829788	8552	0.0035
cd3c5a92-3d8c-4311-bee7-bfec1019bf71	19	19833113	27663417	2660	0.0685
cd3c5a92-3d8c-4311-bee7-bfec1019bf71	19	27667215	35358420	5476	0.0037
cd3c5a92-3d8c-4311-bee7-bfec1019bf71	19	35364451	35370268	17	-0.5564
cd3c5a92-3d8c-4311-bee7-bfec1019bf71	19	35370747	40828847	2767	0.009
cd3c5a92-3d8c-4311-bee7-bfec1019bf71	19	40832930	40870114	27	0.5967
cd3c5a92-3d8c-4311-bee7-bfec1019bf71	19	40886250	44401739	1842	0.0386
cd3c5a92-3d8c-4311-bee7-bfec1019bf71	19	44402359	44402382	2	-2.0169
cd3c5a92-3d8c-4311-bee7-bfec1019bf71	19	44402845	51628560	3398	0.0155
cd3c5a92-3d8c-4311-bee7-bfec1019bf71	19	51639099	51644944	11	-0.7967
cd3c5a92-3d8c-4311-bee7-bfec1019bf71	19	51651652	58586487	4335	0.0463
cd3c5a92-3d8c-4311-bee7-bfec1019bf71	20	80664	1601122	1237	0.0411
cd3c5a92-3d8c-4311-bee7-bfec1019bf71	20	1601446	1613247	7	-1.2453
cd3c5a92-3d8c-4311-bee7-bfec1019bf71	20	1617300	15979499	11022	0.005
cd3c5a92-3d8c-4311-bee7-bfec1019bf71	20	15980908	15981044	2	-1.8611
cd3c5a92-3d8c-4311-bee7-bfec1019bf71	20	15985274	64324800	30057	0.004
cd3c5a92-3d8c-4311-bee7-bfec1019bf71	21	10354168	10458811	15	0.4327
cd3c5a92-3d8c-4311-bee7-bfec1019bf71	21	10458882	10536351	17	-0.1562
cd3c5a92-3d8c-4311-bee7-bfec1019bf71	21	10540891	10756733	54	-0.4791
cd3c5a92-3d8c-4311-bee7-bfec1019bf71	21	10775586	14032193	244	0.1402
cd3c5a92-3d8c-4311-bee7-bfec1019bf71	21	14035195	22174855	5901	0.0136
cd3c5a92-3d8c-4311-bee7-bfec1019bf71	21	22179825	23121206	709	0.0836
cd3c5a92-3d8c-4311-bee7-bfec1019bf71	21	23126765	46628141	16853	0.0136
cd3c5a92-3d8c-4311-bee7-bfec1019bf71	21	46628187	46677045	39	0.134
cd3c5a92-3d8c-4311-bee7-bfec1019bf71	22	15294547	22201819	3305	0.0495
cd3c5a92-3d8c-4311-bee7-bfec1019bf71	22	22202639	22398127	148	-0.0332
cd3c5a92-3d8c-4311-bee7-bfec1019bf71	22	22398345	22398545	4	-1.3224
cd3c5a92-3d8c-4311-bee7-bfec1019bf71	22	22402989	37346951	10954	0.0007
cd3c5a92-3d8c-4311-bee7-bfec1019bf71	22	37352689	37353906	4	-1.1074
cd3c5a92-3d8c-4311-bee7-bfec1019bf71	22	37354627	38894915	766	-0.001
cd3c5a92-3d8c-4311-bee7-bfec1019bf71	22	38899250	38900899	3	1.2919
cd3c5a92-3d8c-4311-bee7-bfec1019bf71	22	38903109	49996657	7712	0.004
cd3c5a92-3d8c-4311-bee7-bfec1019bf71	22	49998521	50796027	355	0.069
cd3c5a92-3d8c-4311-bee7-bfec1019bf71	X	251810	38438304	23641	-0.0007
cd3c5a92-3d8c-4311-bee7-bfec1019bf71	X	38438347	38438756	3	-4.594
cd3c5a92-3d8c-4311-bee7-bfec1019bf71	X	38438789	155952689	59708	0.0179
cd3c5a92-3d8c-4311-bee7-bfec1019bf71	Y	2782397	17056790	5021	-0.9889
cd3c5a92-3d8c-4311-bee7-bfec1019bf71	Y	17058562	17067583	3	-2.6014
cd3c5a92-3d8c-4311-bee7-bfec1019bf71	Y	17067660	20052335	718	-1.0112
cd3c5a92-3d8c-4311-bee7-bfec1019bf71	Y	20052619	20405082	24	-0.5257
cd3c5a92-3d8c-4311-bee7-bfec1019bf71	Y	20410816	56872112	872	-0.9763
