GDC_Aliquot	Chromosome	Start	End	Num_Probes	Segment_Mean
b50c051b-5569-418c-8b3d-5dde7eb77824	1	62920	9247978	4601	-0.5982
b50c051b-5569-418c-8b3d-5dde7eb77824	1	9255788	9344921	60	-0.0322
b50c051b-5569-418c-8b3d-5dde7eb77824	1	9346920	11660985	1164	-0.5671
b50c051b-5569-418c-8b3d-5dde7eb77824	1	11661725	12157593	253	-0.0376
b50c051b-5569-418c-8b3d-5dde7eb77824	1	12157633	25256800	7800	-0.5771
b50c051b-5569-418c-8b3d-5dde7eb77824	1	25256850	25747463	184	-0.0872
b50c051b-5569-418c-8b3d-5dde7eb77824	1	25749042	88160195	38711	-0.5614
b50c051b-5569-418c-8b3d-5dde7eb77824	1	88164091	88166705	7	-3.2496
b50c051b-5569-418c-8b3d-5dde7eb77824	1	88166738	105470754	10496	-0.5802
b50c051b-5569-418c-8b3d-5dde7eb77824	1	105476583	105479198	12	0.3154
b50c051b-5569-418c-8b3d-5dde7eb77824	1	105479231	112147704	4571	-0.6037
b50c051b-5569-418c-8b3d-5dde7eb77824	1	112153343	112154768	25	0.1156
b50c051b-5569-418c-8b3d-5dde7eb77824	1	112163334	119367844	4507	-0.6054
b50c051b-5569-418c-8b3d-5dde7eb77824	1	119367866	119371201	4	-2.8629
b50c051b-5569-418c-8b3d-5dde7eb77824	1	119373360	121593055	608	-0.5529
b50c051b-5569-418c-8b3d-5dde7eb77824	1	121593930	144442342	138	0.0236
b50c051b-5569-418c-8b3d-5dde7eb77824	1	144445555	150524380	1177	0.2787
b50c051b-5569-418c-8b3d-5dde7eb77824	1	150533787	150688288	66	0.7206
b50c051b-5569-418c-8b3d-5dde7eb77824	1	150688371	150946277	141	0.9426
b50c051b-5569-418c-8b3d-5dde7eb77824	1	150947145	151329598	136	0.7303
b50c051b-5569-418c-8b3d-5dde7eb77824	1	151330367	152583230	787	0.2885
b50c051b-5569-418c-8b3d-5dde7eb77824	1	152583291	152613762	30	-1.8295
b50c051b-5569-418c-8b3d-5dde7eb77824	1	152613802	152790191	181	0.293
b50c051b-5569-418c-8b3d-5dde7eb77824	1	152790286	152795783	19	0.8819
b50c051b-5569-418c-8b3d-5dde7eb77824	1	152795805	155012119	1271	0.3164
b50c051b-5569-418c-8b3d-5dde7eb77824	1	155014970	155526548	221	0.7864
b50c051b-5569-418c-8b3d-5dde7eb77824	1	155529012	158519843	1751	0.3043
b50c051b-5569-418c-8b3d-5dde7eb77824	1	158519857	158519987	4	-0.7602
b50c051b-5569-418c-8b3d-5dde7eb77824	1	158524903	158545295	40	0.1798
b50c051b-5569-418c-8b3d-5dde7eb77824	1	158547206	158580102	38	0.7344
b50c051b-5569-418c-8b3d-5dde7eb77824	1	158580290	165067758	4624	0.3175
b50c051b-5569-418c-8b3d-5dde7eb77824	1	165076228	165076317	3	-1.8246
b50c051b-5569-418c-8b3d-5dde7eb77824	1	165077278	182113837	11775	0.2993
b50c051b-5569-418c-8b3d-5dde7eb77824	1	182115841	182118079	5	-1.6759
b50c051b-5569-418c-8b3d-5dde7eb77824	1	182118201	186522908	2900	0.2943
b50c051b-5569-418c-8b3d-5dde7eb77824	1	186526209	186526355	2	-1.3541
b50c051b-5569-418c-8b3d-5dde7eb77824	1	186530404	192739178	4044	0.317
b50c051b-5569-418c-8b3d-5dde7eb77824	1	192746685	192807542	59	-0.0996
b50c051b-5569-418c-8b3d-5dde7eb77824	1	192815415	248645563	38349	0.306
b50c051b-5569-418c-8b3d-5dde7eb77824	1	248645808	248646068	2	2.5705
b50c051b-5569-418c-8b3d-5dde7eb77824	1	248661836	248930189	137	0.2726
b50c051b-5569-418c-8b3d-5dde7eb77824	2	12784	3881688	2783	0.3036
b50c051b-5569-418c-8b3d-5dde7eb77824	2	3882332	3885039	3	-0.9575
b50c051b-5569-418c-8b3d-5dde7eb77824	2	3886267	4158097	200	0.2986
b50c051b-5569-418c-8b3d-5dde7eb77824	2	4166274	4176429	42	-0.1471
b50c051b-5569-418c-8b3d-5dde7eb77824	2	4182472	6211048	1741	0.2993
b50c051b-5569-418c-8b3d-5dde7eb77824	2	6215243	6364652	144	0.5377
b50c051b-5569-418c-8b3d-5dde7eb77824	2	6371926	6510378	136	0.299
b50c051b-5569-418c-8b3d-5dde7eb77824	2	6510485	6864337	293	0.5982
b50c051b-5569-418c-8b3d-5dde7eb77824	2	6864449	8973814	1669	0.2795
b50c051b-5569-418c-8b3d-5dde7eb77824	2	8974556	9170400	119	0.5782
b50c051b-5569-418c-8b3d-5dde7eb77824	2	9174672	10617431	1029	0.2828
b50c051b-5569-418c-8b3d-5dde7eb77824	2	10618531	10682374	35	0.6684
b50c051b-5569-418c-8b3d-5dde7eb77824	2	10684676	10798964	76	0.2831
b50c051b-5569-418c-8b3d-5dde7eb77824	2	10799785	10864677	69	0.5301
b50c051b-5569-418c-8b3d-5dde7eb77824	2	10867878	11553522	444	0.2741
b50c051b-5569-418c-8b3d-5dde7eb77824	2	11558743	11668738	81	0.6077
b50c051b-5569-418c-8b3d-5dde7eb77824	2	11670987	12316758	606	0.2769
b50c051b-5569-418c-8b3d-5dde7eb77824	2	12317658	12450030	104	0.5902
b50c051b-5569-418c-8b3d-5dde7eb77824	2	12450943	13541992	717	0.2973
b50c051b-5569-418c-8b3d-5dde7eb77824	2	13542354	13708814	116	0.6198
b50c051b-5569-418c-8b3d-5dde7eb77824	2	13714840	14053182	196	0.3161
b50c051b-5569-418c-8b3d-5dde7eb77824	2	14056214	14074645	28	0.6645
b50c051b-5569-418c-8b3d-5dde7eb77824	2	14074890	14563570	403	0.295
b50c051b-5569-418c-8b3d-5dde7eb77824	2	14564825	14569968	12	-0.846
b50c051b-5569-418c-8b3d-5dde7eb77824	2	14570240	14575883	9	0.3125
b50c051b-5569-418c-8b3d-5dde7eb77824	2	14581163	14708452	67	0.615
b50c051b-5569-418c-8b3d-5dde7eb77824	2	14708864	16554109	1358	0.298
b50c051b-5569-418c-8b3d-5dde7eb77824	2	16554164	16619245	45	0.6262
b50c051b-5569-418c-8b3d-5dde7eb77824	2	16621901	18924755	1788	0.2749
b50c051b-5569-418c-8b3d-5dde7eb77824	2	18931182	19086743	118	0.5362
b50c051b-5569-418c-8b3d-5dde7eb77824	2	19095557	20759784	1223	0.2748
b50c051b-5569-418c-8b3d-5dde7eb77824	2	20763538	20809727	28	0.5752
b50c051b-5569-418c-8b3d-5dde7eb77824	2	20809862	20816633	5	-0.0891
b50c051b-5569-418c-8b3d-5dde7eb77824	2	20829120	20898488	52	0.59
b50c051b-5569-418c-8b3d-5dde7eb77824	2	20900678	22208238	797	0.2857
b50c051b-5569-418c-8b3d-5dde7eb77824	2	22208250	22557157	226	0.5865
b50c051b-5569-418c-8b3d-5dde7eb77824	2	22558361	24181353	1043	0.2752
b50c051b-5569-418c-8b3d-5dde7eb77824	2	24181864	24237697	34	0.6403
b50c051b-5569-418c-8b3d-5dde7eb77824	2	24241312	25984552	876	0.2556
b50c051b-5569-418c-8b3d-5dde7eb77824	2	25986628	26023221	19	0.6838
b50c051b-5569-418c-8b3d-5dde7eb77824	2	26023670	26531762	264	0.2793
b50c051b-5569-418c-8b3d-5dde7eb77824	2	26538351	26620815	57	0.5339
b50c051b-5569-418c-8b3d-5dde7eb77824	2	26625328	26664557	25	0.9462
b50c051b-5569-418c-8b3d-5dde7eb77824	2	26669292	26705943	22	0.5501
b50c051b-5569-418c-8b3d-5dde7eb77824	2	26706164	29416272	1520	0.2608
b50c051b-5569-418c-8b3d-5dde7eb77824	2	29416398	29449019	50	0.5802
b50c051b-5569-418c-8b3d-5dde7eb77824	2	29450741	31171354	1298	0.2843
b50c051b-5569-418c-8b3d-5dde7eb77824	2	31171383	31587733	288	0.5578
b50c051b-5569-418c-8b3d-5dde7eb77824	2	31587991	33229118	840	0.3098
b50c051b-5569-418c-8b3d-5dde7eb77824	2	33229769	33342349	81	0.54
b50c051b-5569-418c-8b3d-5dde7eb77824	2	33342366	34223095	711	0.2934
b50c051b-5569-418c-8b3d-5dde7eb77824	2	34223655	34633852	299	0.5558
b50c051b-5569-418c-8b3d-5dde7eb77824	2	34633929	35233197	401	0.2735
b50c051b-5569-418c-8b3d-5dde7eb77824	2	35244401	35357007	64	0.6144
b50c051b-5569-418c-8b3d-5dde7eb77824	2	35357402	35750907	328	0.2958
b50c051b-5569-418c-8b3d-5dde7eb77824	2	35752724	35762850	6	1.1492
b50c051b-5569-418c-8b3d-5dde7eb77824	2	35762881	37357500	1267	0.2794
b50c051b-5569-418c-8b3d-5dde7eb77824	2	37358633	37552603	136	0.5593
b50c051b-5569-418c-8b3d-5dde7eb77824	2	37555895	39109843	1103	0.2737
b50c051b-5569-418c-8b3d-5dde7eb77824	2	39114007	39209725	39	0.627
b50c051b-5569-418c-8b3d-5dde7eb77824	2	39209803	39605170	228	0.2578
b50c051b-5569-418c-8b3d-5dde7eb77824	2	39605225	39941735	255	0.6002
b50c051b-5569-418c-8b3d-5dde7eb77824	2	39942110	40261515	291	0.302
b50c051b-5569-418c-8b3d-5dde7eb77824	2	40261663	40613870	291	0.5933
b50c051b-5569-418c-8b3d-5dde7eb77824	2	40622258	42980352	1804	0.2667
b50c051b-5569-418c-8b3d-5dde7eb77824	2	42980527	43150795	126	0.5713
b50c051b-5569-418c-8b3d-5dde7eb77824	2	43153454	45348661	1530	0.2679
b50c051b-5569-418c-8b3d-5dde7eb77824	2	45352658	45456363	70	-0.1187
b50c051b-5569-418c-8b3d-5dde7eb77824	2	45456377	49754850	2990	0.2639
b50c051b-5569-418c-8b3d-5dde7eb77824	2	49755422	49812527	41	0.606
b50c051b-5569-418c-8b3d-5dde7eb77824	2	49817614	49973386	89	0.3018
b50c051b-5569-418c-8b3d-5dde7eb77824	2	49973655	50069372	86	0.5955
b50c051b-5569-418c-8b3d-5dde7eb77824	2	50069535	52531652	1769	0.2989
b50c051b-5569-418c-8b3d-5dde7eb77824	2	52531677	52554404	30	-0.2189
b50c051b-5569-418c-8b3d-5dde7eb77824	2	52560811	55635220	2297	0.2806
b50c051b-5569-418c-8b3d-5dde7eb77824	2	55635862	55812795	89	0.5514
b50c051b-5569-418c-8b3d-5dde7eb77824	2	55812808	56736466	674	0.2561
b50c051b-5569-418c-8b3d-5dde7eb77824	2	56737437	56815888	56	0.6599
b50c051b-5569-418c-8b3d-5dde7eb77824	2	56822882	63457375	3921	0.2689
b50c051b-5569-418c-8b3d-5dde7eb77824	2	63458870	63591725	64	0.588
b50c051b-5569-418c-8b3d-5dde7eb77824	2	63594529	64202196	305	0.329
b50c051b-5569-418c-8b3d-5dde7eb77824	2	64202920	64435913	201	0.5769
b50c051b-5569-418c-8b3d-5dde7eb77824	2	64436035	65416854	593	0.2405
b50c051b-5569-418c-8b3d-5dde7eb77824	2	65419260	65650597	159	0.5561
b50c051b-5569-418c-8b3d-5dde7eb77824	2	65651946	65940931	281	0.2812
b50c051b-5569-418c-8b3d-5dde7eb77824	2	65943432	65986270	36	0.5999
b50c051b-5569-418c-8b3d-5dde7eb77824	2	65988074	66126777	124	0.3552
b50c051b-5569-418c-8b3d-5dde7eb77824	2	66130772	66287502	121	0.5486
b50c051b-5569-418c-8b3d-5dde7eb77824	2	66287808	67220784	617	0.2828
b50c051b-5569-418c-8b3d-5dde7eb77824	2	67224659	67317908	76	0.6406
b50c051b-5569-418c-8b3d-5dde7eb77824	2	67319291	68311057	756	0.2813
b50c051b-5569-418c-8b3d-5dde7eb77824	2	68313246	68387326	73	0.5858
b50c051b-5569-418c-8b3d-5dde7eb77824	2	68388263	68790772	238	0.2663
b50c051b-5569-418c-8b3d-5dde7eb77824	2	68790888	68792982	4	-0.5381
b50c051b-5569-418c-8b3d-5dde7eb77824	2	68797603	69020657	185	0.2626
b50c051b-5569-418c-8b3d-5dde7eb77824	2	69021688	69094655	63	0.5672
b50c051b-5569-418c-8b3d-5dde7eb77824	2	69095462	71346885	1465	0.2411
b50c051b-5569-418c-8b3d-5dde7eb77824	2	71347327	71458399	58	0.5063
b50c051b-5569-418c-8b3d-5dde7eb77824	2	71458606	71787154	209	0.2849
b50c051b-5569-418c-8b3d-5dde7eb77824	2	71788884	71938458	103	0.4682
b50c051b-5569-418c-8b3d-5dde7eb77824	2	71941161	72627894	322	0.2574
b50c051b-5569-418c-8b3d-5dde7eb77824	2	72629667	73334357	285	0.3838
b50c051b-5569-418c-8b3d-5dde7eb77824	2	73343467	75036902	946	0.2633
b50c051b-5569-418c-8b3d-5dde7eb77824	2	75038561	75114488	60	0.5623
b50c051b-5569-418c-8b3d-5dde7eb77824	2	75117999	78825409	2536	0.282
b50c051b-5569-418c-8b3d-5dde7eb77824	2	78827440	78897688	59	0.6455
b50c051b-5569-418c-8b3d-5dde7eb77824	2	78897881	80111413	1034	0.2895
b50c051b-5569-418c-8b3d-5dde7eb77824	2	80111433	80341396	165	-0.1226
b50c051b-5569-418c-8b3d-5dde7eb77824	2	80341852	81740818	847	0.2814
b50c051b-5569-418c-8b3d-5dde7eb77824	2	81743351	81768959	21	0.6594
b50c051b-5569-418c-8b3d-5dde7eb77824	2	81775744	81822580	39	0.2728
b50c051b-5569-418c-8b3d-5dde7eb77824	2	81832884	81888386	38	0.601
b50c051b-5569-418c-8b3d-5dde7eb77824	2	81891753	82978295	601	0.2782
b50c051b-5569-418c-8b3d-5dde7eb77824	2	82984279	83098502	55	0.6267
b50c051b-5569-418c-8b3d-5dde7eb77824	2	83101006	84010166	524	0.282
b50c051b-5569-418c-8b3d-5dde7eb77824	2	84014071	84054612	22	0.7098
b50c051b-5569-418c-8b3d-5dde7eb77824	2	84054724	86901078	1624	0.2687
b50c051b-5569-418c-8b3d-5dde7eb77824	2	86902080	86910262	2	-1.2384
b50c051b-5569-418c-8b3d-5dde7eb77824	2	86934730	87087002	15	0.4753
b50c051b-5569-418c-8b3d-5dde7eb77824	2	87094919	87696853	119	0.6785
b50c051b-5569-418c-8b3d-5dde7eb77824	2	87725148	96835804	1556	0.2713
b50c051b-5569-418c-8b3d-5dde7eb77824	2	96837063	96994882	75	0.5754
b50c051b-5569-418c-8b3d-5dde7eb77824	2	96997127	97359885	99	0.3272
b50c051b-5569-418c-8b3d-5dde7eb77824	2	97524284	97545726	9	-1.0899
b50c051b-5569-418c-8b3d-5dde7eb77824	2	97550415	98022496	215	0.269
b50c051b-5569-418c-8b3d-5dde7eb77824	2	98027716	98146828	60	0.5958
b50c051b-5569-418c-8b3d-5dde7eb77824	2	98147662	98256791	89	0.2165
b50c051b-5569-418c-8b3d-5dde7eb77824	2	98259284	98496888	144	0.5127
b50c051b-5569-418c-8b3d-5dde7eb77824	2	98500878	99279349	394	0.2746
b50c051b-5569-418c-8b3d-5dde7eb77824	2	99287634	99328217	22	0.6806
b50c051b-5569-418c-8b3d-5dde7eb77824	2	99332685	99693782	205	0.296
b50c051b-5569-418c-8b3d-5dde7eb77824	2	99696497	99954036	185	0.5889
b50c051b-5569-418c-8b3d-5dde7eb77824	2	99956563	102272369	1537	0.2838
b50c051b-5569-418c-8b3d-5dde7eb77824	2	102273797	102335900	28	0.6392
b50c051b-5569-418c-8b3d-5dde7eb77824	2	102336114	102473219	104	0.2723
b50c051b-5569-418c-8b3d-5dde7eb77824	2	102477754	102575251	98	0.5923
b50c051b-5569-418c-8b3d-5dde7eb77824	2	102579450	102680303	72	0.2954
b50c051b-5569-418c-8b3d-5dde7eb77824	2	102680442	102766199	64	0.6117
b50c051b-5569-418c-8b3d-5dde7eb77824	2	102769383	107348280	3051	0.284
b50c051b-5569-418c-8b3d-5dde7eb77824	2	107348451	107479525	72	0.5724
b50c051b-5569-418c-8b3d-5dde7eb77824	2	107480830	108830447	759	0.2902
b50c051b-5569-418c-8b3d-5dde7eb77824	2	108832984	108973924	94	0.5789
b50c051b-5569-418c-8b3d-5dde7eb77824	2	108977578	111031201	794	0.2762
b50c051b-5569-418c-8b3d-5dde7eb77824	2	111031217	111115033	72	0.5911
b50c051b-5569-418c-8b3d-5dde7eb77824	2	111116699	111943986	323	0.2718
b50c051b-5569-418c-8b3d-5dde7eb77824	2	111945483	112056441	81	0.5484
b50c051b-5569-418c-8b3d-5dde7eb77824	2	112056468	112217498	81	0.2481
b50c051b-5569-418c-8b3d-5dde7eb77824	2	112218061	112571305	118	0.517
b50c051b-5569-418c-8b3d-5dde7eb77824	2	112571319	112589186	14	0.1205
b50c051b-5569-418c-8b3d-5dde7eb77824	2	112591385	112641916	32	0.6009
b50c051b-5569-418c-8b3d-5dde7eb77824	2	112642121	114253193	1039	0.2492
b50c051b-5569-418c-8b3d-5dde7eb77824	2	114253401	114339213	45	0.6529
b50c051b-5569-418c-8b3d-5dde7eb77824	2	114339222	114648697	202	0.258
b50c051b-5569-418c-8b3d-5dde7eb77824	2	114648949	114678097	23	0.709
b50c051b-5569-418c-8b3d-5dde7eb77824	2	114685498	114688747	5	0.0677
b50c051b-5569-418c-8b3d-5dde7eb77824	2	114699496	114773097	49	0.579
b50c051b-5569-418c-8b3d-5dde7eb77824	2	114773115	117690449	1793	0.2893
b50c051b-5569-418c-8b3d-5dde7eb77824	2	117690798	117817766	103	0.5434
b50c051b-5569-418c-8b3d-5dde7eb77824	2	117817892	119234997	996	0.2645
b50c051b-5569-418c-8b3d-5dde7eb77824	2	119236024	119629141	283	0.5642
b50c051b-5569-418c-8b3d-5dde7eb77824	2	119637136	120049456	158	0.3039
b50c051b-5569-418c-8b3d-5dde7eb77824	2	120053170	120133535	37	0.5709
b50c051b-5569-418c-8b3d-5dde7eb77824	2	120134393	121452886	831	0.2885
b50c051b-5569-418c-8b3d-5dde7eb77824	2	121455111	121929049	226	0.5756
b50c051b-5569-418c-8b3d-5dde7eb77824	2	121932408	122324738	255	0.2341
b50c051b-5569-418c-8b3d-5dde7eb77824	2	122327163	122491351	134	0.5665
b50c051b-5569-418c-8b3d-5dde7eb77824	2	122491390	139307074	10285	0.2804
b50c051b-5569-418c-8b3d-5dde7eb77824	2	139307666	139781427	267	0.4651
b50c051b-5569-418c-8b3d-5dde7eb77824	2	139784698	140949989	746	0.2774
b50c051b-5569-418c-8b3d-5dde7eb77824	2	140950010	141174229	166	-0.1167
b50c051b-5569-418c-8b3d-5dde7eb77824	2	141175514	142369815	869	0.2841
b50c051b-5569-418c-8b3d-5dde7eb77824	2	142373780	142761877	224	0.5348
b50c051b-5569-418c-8b3d-5dde7eb77824	2	142766122	142795762	17	0.1189
b50c051b-5569-418c-8b3d-5dde7eb77824	2	142797856	142881370	61	0.5683
b50c051b-5569-418c-8b3d-5dde7eb77824	2	142885789	144493527	908	0.2533
b50c051b-5569-418c-8b3d-5dde7eb77824	2	144493676	144597538	66	0.552
b50c051b-5569-418c-8b3d-5dde7eb77824	2	144597644	145817372	700	0.2705
b50c051b-5569-418c-8b3d-5dde7eb77824	2	145824684	145921050	58	0.5863
b50c051b-5569-418c-8b3d-5dde7eb77824	2	145921128	146877915	510	0.2945
b50c051b-5569-418c-8b3d-5dde7eb77824	2	146879483	146944341	28	0.5977
b50c051b-5569-418c-8b3d-5dde7eb77824	2	146948319	147544279	313	0.238
b50c051b-5569-418c-8b3d-5dde7eb77824	2	147545749	147642850	76	0.4991
b50c051b-5569-418c-8b3d-5dde7eb77824	2	147646073	149251385	837	0.2256
b50c051b-5569-418c-8b3d-5dde7eb77824	2	149263811	149348571	44	0.5501
b50c051b-5569-418c-8b3d-5dde7eb77824	2	149349555	149601662	151	0.2243
b50c051b-5569-418c-8b3d-5dde7eb77824	2	149606482	149647582	24	0.6183
b50c051b-5569-418c-8b3d-5dde7eb77824	2	149648703	150729263	746	0.2636
b50c051b-5569-418c-8b3d-5dde7eb77824	2	150733018	150791945	51	0.5504
b50c051b-5569-418c-8b3d-5dde7eb77824	2	150796236	152481015	1241	0.2665
b50c051b-5569-418c-8b3d-5dde7eb77824	2	152481726	152568930	69	-0.1366
b50c051b-5569-418c-8b3d-5dde7eb77824	2	152571402	153746309	742	0.2847
b50c051b-5569-418c-8b3d-5dde7eb77824	2	153756384	154045992	180	0.5692
b50c051b-5569-418c-8b3d-5dde7eb77824	2	154051051	156570784	1416	0.2542
b50c051b-5569-418c-8b3d-5dde7eb77824	2	156570810	156831461	143	0.531
b50c051b-5569-418c-8b3d-5dde7eb77824	2	156833367	157309745	256	0.2471
b50c051b-5569-418c-8b3d-5dde7eb77824	2	157310278	157566074	122	0.4772
b50c051b-5569-418c-8b3d-5dde7eb77824	2	157572450	158191781	375	0.249
b50c051b-5569-418c-8b3d-5dde7eb77824	2	158194800	158319826	85	0.5615
b50c051b-5569-418c-8b3d-5dde7eb77824	2	158321477	158978599	425	0.2551
b50c051b-5569-418c-8b3d-5dde7eb77824	2	158984860	159100965	77	0.6
b50c051b-5569-418c-8b3d-5dde7eb77824	2	159102108	159104461	3	1.3796
b50c051b-5569-418c-8b3d-5dde7eb77824	2	159106775	159278398	138	0.5825
b50c051b-5569-418c-8b3d-5dde7eb77824	2	159278702	166057149	3910	0.2769
b50c051b-5569-418c-8b3d-5dde7eb77824	2	166057723	166135790	71	0.6096
b50c051b-5569-418c-8b3d-5dde7eb77824	2	166140524	172571485	4102	0.2562
b50c051b-5569-418c-8b3d-5dde7eb77824	2	172573704	172647974	40	0.6155
b50c051b-5569-418c-8b3d-5dde7eb77824	2	172649982	173948711	985	0.2602
b50c051b-5569-418c-8b3d-5dde7eb77824	2	173953131	174134165	120	0.5357
b50c051b-5569-418c-8b3d-5dde7eb77824	2	174136501	177086275	1852	0.2617
b50c051b-5569-418c-8b3d-5dde7eb77824	2	177087107	177140766	38	0.5917
b50c051b-5569-418c-8b3d-5dde7eb77824	2	177141193	178484500	812	0.2486
b50c051b-5569-418c-8b3d-5dde7eb77824	2	178489688	178634147	78	0.5156
b50c051b-5569-418c-8b3d-5dde7eb77824	2	178634311	187591176	5380	0.2791
b50c051b-5569-418c-8b3d-5dde7eb77824	2	187594993	187863806	151	0.4953
b50c051b-5569-418c-8b3d-5dde7eb77824	2	187866194	189026229	656	0.2641
b50c051b-5569-418c-8b3d-5dde7eb77824	2	189030397	189511258	231	0.5474
b50c051b-5569-418c-8b3d-5dde7eb77824	2	189511368	189726181	160	0.2505
b50c051b-5569-418c-8b3d-5dde7eb77824	2	189732970	189925436	125	0.487
b50c051b-5569-418c-8b3d-5dde7eb77824	2	189928686	190071877	79	0.2262
b50c051b-5569-418c-8b3d-5dde7eb77824	2	190075229	190120920	32	0.6471
b50c051b-5569-418c-8b3d-5dde7eb77824	2	190124049	194021676	2159	0.2638
b50c051b-5569-418c-8b3d-5dde7eb77824	2	194022645	194092151	65	0.6071
b50c051b-5569-418c-8b3d-5dde7eb77824	2	194097791	196343201	1303	0.2895
b50c051b-5569-418c-8b3d-5dde7eb77824	2	196344184	196437841	83	0.5364
b50c051b-5569-418c-8b3d-5dde7eb77824	2	196445494	199300564	1637	0.2471
b50c051b-5569-418c-8b3d-5dde7eb77824	2	199302213	199414859	63	0.5588
b50c051b-5569-418c-8b3d-5dde7eb77824	2	199415152	199746448	185	0.1923
b50c051b-5569-418c-8b3d-5dde7eb77824	2	199748832	199867048	63	0.5621
b50c051b-5569-418c-8b3d-5dde7eb77824	2	199881503	199990359	70	0.2237
b50c051b-5569-418c-8b3d-5dde7eb77824	2	199991833	200062534	37	0.4771
b50c051b-5569-418c-8b3d-5dde7eb77824	2	200066722	200218737	83	-0.1177
b50c051b-5569-418c-8b3d-5dde7eb77824	2	200219551	201876341	955	0.2531
b50c051b-5569-418c-8b3d-5dde7eb77824	2	201880073	202597200	400	0.4556
b50c051b-5569-418c-8b3d-5dde7eb77824	2	202597595	207175780	2863	0.2567
b50c051b-5569-418c-8b3d-5dde7eb77824	2	207177544	207237406	38	0.598
b50c051b-5569-418c-8b3d-5dde7eb77824	2	207237781	209101752	1193	0.2546
b50c051b-5569-418c-8b3d-5dde7eb77824	2	209102321	209203649	67	0.5822
b50c051b-5569-418c-8b3d-5dde7eb77824	2	209205820	214799667	3573	0.2676
b50c051b-5569-418c-8b3d-5dde7eb77824	2	214800661	214959258	104	-0.1174
b50c051b-5569-418c-8b3d-5dde7eb77824	2	214959881	215513123	342	0.2169
b50c051b-5569-418c-8b3d-5dde7eb77824	2	215514446	215551456	29	0.6019
b50c051b-5569-418c-8b3d-5dde7eb77824	2	215554246	216075354	370	0.2568
b50c051b-5569-418c-8b3d-5dde7eb77824	2	216076012	216143149	39	-0.2044
b50c051b-5569-418c-8b3d-5dde7eb77824	2	216143683	216629438	365	0.2893
b50c051b-5569-418c-8b3d-5dde7eb77824	2	216639389	216849902	140	0.5422
b50c051b-5569-418c-8b3d-5dde7eb77824	2	216850225	217411504	443	0.2605
b50c051b-5569-418c-8b3d-5dde7eb77824	2	217411517	217552079	106	0.5743
b50c051b-5569-418c-8b3d-5dde7eb77824	2	217556413	218001513	300	0.247
b50c051b-5569-418c-8b3d-5dde7eb77824	2	218004253	218127017	54	0.4929
b50c051b-5569-418c-8b3d-5dde7eb77824	2	218127711	219376828	596	0.2417
b50c051b-5569-418c-8b3d-5dde7eb77824	2	219377967	219459106	43	0.4872
b50c051b-5569-418c-8b3d-5dde7eb77824	2	219462966	219711511	126	0.2599
b50c051b-5569-418c-8b3d-5dde7eb77824	2	219712112	219764746	44	0.5909
b50c051b-5569-418c-8b3d-5dde7eb77824	2	219766856	219979718	155	0.3165
b50c051b-5569-418c-8b3d-5dde7eb77824	2	219980085	220162894	127	0.5141
b50c051b-5569-418c-8b3d-5dde7eb77824	2	220163103	221764820	1151	0.2969
b50c051b-5569-418c-8b3d-5dde7eb77824	2	221768149	221963967	116	0.6141
b50c051b-5569-418c-8b3d-5dde7eb77824	2	221967490	223824522	1267	0.2492
b50c051b-5569-418c-8b3d-5dde7eb77824	2	223824535	223897819	58	0.5788
b50c051b-5569-418c-8b3d-5dde7eb77824	2	223901177	224431698	365	0.2433
b50c051b-5569-418c-8b3d-5dde7eb77824	2	224432281	224525838	63	0.5574
b50c051b-5569-418c-8b3d-5dde7eb77824	2	224529871	225216319	463	0.2605
b50c051b-5569-418c-8b3d-5dde7eb77824	2	225217157	225256240	28	0.5698
b50c051b-5569-418c-8b3d-5dde7eb77824	2	225256972	225640122	237	0.2473
b50c051b-5569-418c-8b3d-5dde7eb77824	2	225642509	225701128	45	0.6058
b50c051b-5569-418c-8b3d-5dde7eb77824	2	225701627	226475532	484	0.2699
b50c051b-5569-418c-8b3d-5dde7eb77824	2	226476092	226600345	93	0.5004
b50c051b-5569-418c-8b3d-5dde7eb77824	2	226602833	228892290	1458	0.2627
b50c051b-5569-418c-8b3d-5dde7eb77824	2	228894763	228895197	8	-0.8292
b50c051b-5569-418c-8b3d-5dde7eb77824	2	228895367	234559969	3516	0.2737
b50c051b-5569-418c-8b3d-5dde7eb77824	2	234565463	234620107	59	0.6715
b50c051b-5569-418c-8b3d-5dde7eb77824	2	234621259	235111214	344	0.2932
b50c051b-5569-418c-8b3d-5dde7eb77824	2	235114726	235157395	35	0.6052
b50c051b-5569-418c-8b3d-5dde7eb77824	2	235158096	235176788	19	0.2138
b50c051b-5569-418c-8b3d-5dde7eb77824	2	235176921	235352880	142	0.5748
b50c051b-5569-418c-8b3d-5dde7eb77824	2	235355612	237867788	1731	0.2883
b50c051b-5569-418c-8b3d-5dde7eb77824	2	237873100	237961941	54	0.5675
b50c051b-5569-418c-8b3d-5dde7eb77824	2	237963998	238646990	386	0.2601
b50c051b-5569-418c-8b3d-5dde7eb77824	2	238647262	238766429	89	0.5861
b50c051b-5569-418c-8b3d-5dde7eb77824	2	238770697	242147305	1813	0.294
b50c051b-5569-418c-8b3d-5dde7eb77824	3	20930	881386	707	0.6391
b50c051b-5569-418c-8b3d-5dde7eb77824	3	883789	1073489	161	0.2915
b50c051b-5569-418c-8b3d-5dde7eb77824	3	1076528	1183981	95	0.6666
b50c051b-5569-418c-8b3d-5dde7eb77824	3	1185385	1670498	507	0.3524
b50c051b-5569-418c-8b3d-5dde7eb77824	3	1675327	2116479	405	0.6035
b50c051b-5569-418c-8b3d-5dde7eb77824	3	2118149	2553064	307	0.311
b50c051b-5569-418c-8b3d-5dde7eb77824	3	2553709	3139705	570	0.6204
b50c051b-5569-418c-8b3d-5dde7eb77824	3	3140107	6603914	3053	0.2956
b50c051b-5569-418c-8b3d-5dde7eb77824	3	6604856	6611645	24	-0.2417
b50c051b-5569-418c-8b3d-5dde7eb77824	3	6613391	15624007	6654	0.2984
b50c051b-5569-418c-8b3d-5dde7eb77824	3	15626234	17522224	1257	-0.1003
b50c051b-5569-418c-8b3d-5dde7eb77824	3	17527246	18419807	474	0.295
b50c051b-5569-418c-8b3d-5dde7eb77824	3	18420590	25860491	5307	-0.0823
b50c051b-5569-418c-8b3d-5dde7eb77824	3	25863125	25969010	69	0.2124
b50c051b-5569-418c-8b3d-5dde7eb77824	3	25969514	26384700	260	-0.0484
b50c051b-5569-418c-8b3d-5dde7eb77824	3	26392633	26397852	5	-1.5845
b50c051b-5569-418c-8b3d-5dde7eb77824	3	26404482	37935926	7713	-0.0886
b50c051b-5569-418c-8b3d-5dde7eb77824	3	37940617	37946283	21	-0.7176
b50c051b-5569-418c-8b3d-5dde7eb77824	3	37946308	41515436	2401	-0.1024
b50c051b-5569-418c-8b3d-5dde7eb77824	3	41516898	41518043	2	-2.3341
b50c051b-5569-418c-8b3d-5dde7eb77824	3	41519854	46575821	3001	-0.0952
b50c051b-5569-418c-8b3d-5dde7eb77824	3	46579601	46593838	12	0.5429
b50c051b-5569-418c-8b3d-5dde7eb77824	3	46595396	47437019	402	-0.1063
b50c051b-5569-418c-8b3d-5dde7eb77824	3	47450332	47451230	2	-2.2344
b50c051b-5569-418c-8b3d-5dde7eb77824	3	47455724	58134477	5732	-0.0804
b50c051b-5569-418c-8b3d-5dde7eb77824	3	58134926	58137522	3	-2.4908
b50c051b-5569-418c-8b3d-5dde7eb77824	3	58139049	58293945	114	-0.0771
b50c051b-5569-418c-8b3d-5dde7eb77824	3	58294679	59028370	413	0.2758
b50c051b-5569-418c-8b3d-5dde7eb77824	3	59038359	62972231	3630	-0.052
b50c051b-5569-418c-8b3d-5dde7eb77824	3	62975756	63005833	21	-0.6992
b50c051b-5569-418c-8b3d-5dde7eb77824	3	63009873	75372019	9213	-0.0809
b50c051b-5569-418c-8b3d-5dde7eb77824	3	75377956	75589590	73	-1.1553
b50c051b-5569-418c-8b3d-5dde7eb77824	3	75590356	84053071	4667	-0.0613
b50c051b-5569-418c-8b3d-5dde7eb77824	3	84056282	84057015	2	-4.0761
b50c051b-5569-418c-8b3d-5dde7eb77824	3	84061816	84650607	302	-0.0727
b50c051b-5569-418c-8b3d-5dde7eb77824	3	84650642	84652985	12	-0.9554
b50c051b-5569-418c-8b3d-5dde7eb77824	3	84653010	93801172	3133	-0.0721
b50c051b-5569-418c-8b3d-5dde7eb77824	3	93804513	99225788	2848	0.3039
b50c051b-5569-418c-8b3d-5dde7eb77824	3	99225919	99230577	31	0.6501
b50c051b-5569-418c-8b3d-5dde7eb77824	3	99232120	130044016	18677	0.2811
b50c051b-5569-418c-8b3d-5dde7eb77824	3	130044855	130087393	38	-1.8232
b50c051b-5569-418c-8b3d-5dde7eb77824	3	130088081	150463758	12649	0.2918
b50c051b-5569-418c-8b3d-5dde7eb77824	3	150465667	150494293	14	-0.3022
b50c051b-5569-418c-8b3d-5dde7eb77824	3	150495443	162790480	7566	0.281
b50c051b-5569-418c-8b3d-5dde7eb77824	3	162794869	162908207	70	-1.7721
b50c051b-5569-418c-8b3d-5dde7eb77824	3	162908784	174774956	7179	0.2859
b50c051b-5569-418c-8b3d-5dde7eb77824	3	174775312	174778169	3	-0.0572
b50c051b-5569-418c-8b3d-5dde7eb77824	3	174778374	174815198	20	-0.5541
b50c051b-5569-418c-8b3d-5dde7eb77824	3	174826618	175019639	131	-0.0651
b50c051b-5569-418c-8b3d-5dde7eb77824	3	175019776	175020030	5	-1.1407
b50c051b-5569-418c-8b3d-5dde7eb77824	3	175022599	175244112	187	-0.1008
b50c051b-5569-418c-8b3d-5dde7eb77824	3	175250689	175284983	34	0.2842
b50c051b-5569-418c-8b3d-5dde7eb77824	3	175285528	175481596	190	-0.0618
b50c051b-5569-418c-8b3d-5dde7eb77824	3	175481824	178920193	2091	0.2926
b50c051b-5569-418c-8b3d-5dde7eb77824	3	178920642	178932571	4	-0.9491
b50c051b-5569-418c-8b3d-5dde7eb77824	3	178933173	193155915	9295	0.2905
b50c051b-5569-418c-8b3d-5dde7eb77824	3	193156958	193168714	24	-0.3298
b50c051b-5569-418c-8b3d-5dde7eb77824	3	193168734	198169247	2688	0.2861
b50c051b-5569-418c-8b3d-5dde7eb77824	4	68929	1777074	621	-0.6817
b50c051b-5569-418c-8b3d-5dde7eb77824	4	1790291	2208338	158	0.2893
b50c051b-5569-418c-8b3d-5dde7eb77824	4	2208452	3467927	608	-0.0953
b50c051b-5569-418c-8b3d-5dde7eb77824	4	3470435	3470595	2	-2.2363
b50c051b-5569-418c-8b3d-5dde7eb77824	4	3470639	6402659	2091	-0.0479
b50c051b-5569-418c-8b3d-5dde7eb77824	4	6402804	6402987	2	-3.048
b50c051b-5569-418c-8b3d-5dde7eb77824	4	6403047	10227562	2206	-0.078
b50c051b-5569-418c-8b3d-5dde7eb77824	4	10227592	10232642	20	-0.6584
b50c051b-5569-418c-8b3d-5dde7eb77824	4	10232984	28769526	13277	-0.0686
b50c051b-5569-418c-8b3d-5dde7eb77824	4	28774518	28832538	47	-0.5918
b50c051b-5569-418c-8b3d-5dde7eb77824	4	28834816	40698556	7538	-0.0796
b50c051b-5569-418c-8b3d-5dde7eb77824	4	40701994	40702175	3	-2.2678
b50c051b-5569-418c-8b3d-5dde7eb77824	4	40702670	54635561	6909	-0.0762
b50c051b-5569-418c-8b3d-5dde7eb77824	4	54635754	54639193	2	-3.5499
b50c051b-5569-418c-8b3d-5dde7eb77824	4	54639766	61499099	4465	-0.0664
b50c051b-5569-418c-8b3d-5dde7eb77824	4	61500500	62078731	296	-0.5433
b50c051b-5569-418c-8b3d-5dde7eb77824	4	62079438	62802116	407	-0.0398
b50c051b-5569-418c-8b3d-5dde7eb77824	4	62804218	62805944	8	-1.7384
b50c051b-5569-418c-8b3d-5dde7eb77824	4	62813912	63840033	573	-0.0634
b50c051b-5569-418c-8b3d-5dde7eb77824	4	63841863	63842540	8	0.9005
b50c051b-5569-418c-8b3d-5dde7eb77824	4	63850713	68509237	2872	-0.0557
b50c051b-5569-418c-8b3d-5dde7eb77824	4	68509442	68663241	67	-0.5673
b50c051b-5569-418c-8b3d-5dde7eb77824	4	68671434	69223380	292	-0.0379
b50c051b-5569-418c-8b3d-5dde7eb77824	4	69223788	69420610	97	0.1417
b50c051b-5569-418c-8b3d-5dde7eb77824	4	69421960	86049248	10385	-0.0827
b50c051b-5569-418c-8b3d-5dde7eb77824	4	86053362	86058791	23	-1.0737
b50c051b-5569-418c-8b3d-5dde7eb77824	4	86058936	114586468	17079	-0.0824
b50c051b-5569-418c-8b3d-5dde7eb77824	4	114587010	114593270	4	-1.4522
b50c051b-5569-418c-8b3d-5dde7eb77824	4	114593584	134846245	11688	-0.0758
b50c051b-5569-418c-8b3d-5dde7eb77824	4	134846898	135103887	149	-0.5841
b50c051b-5569-418c-8b3d-5dde7eb77824	4	135108183	160958989	15833	-0.0889
b50c051b-5569-418c-8b3d-5dde7eb77824	4	160959045	160963432	16	-1.0737
b50c051b-5569-418c-8b3d-5dde7eb77824	4	160963448	171448195	6656	-0.0812
b50c051b-5569-418c-8b3d-5dde7eb77824	4	171453733	171456573	11	-1.0141
b50c051b-5569-418c-8b3d-5dde7eb77824	4	171456625	181095738	6203	-0.0774
b50c051b-5569-418c-8b3d-5dde7eb77824	4	181096789	181262762	135	-0.6285
b50c051b-5569-418c-8b3d-5dde7eb77824	4	181263089	181293647	28	-2.0776
b50c051b-5569-418c-8b3d-5dde7eb77824	4	181293762	181584649	274	-0.0535
b50c051b-5569-418c-8b3d-5dde7eb77824	4	181585355	181627792	34	-0.6661
b50c051b-5569-418c-8b3d-5dde7eb77824	4	181631748	181661536	24	-1.8596
b50c051b-5569-418c-8b3d-5dde7eb77824	4	181661614	181716437	51	-5.2156
b50c051b-5569-418c-8b3d-5dde7eb77824	4	181716472	181726886	36	-2.7008
b50c051b-5569-418c-8b3d-5dde7eb77824	4	181727565	182410707	565	-4.546
b50c051b-5569-418c-8b3d-5dde7eb77824	4	182414799	182456771	28	-2.4177
b50c051b-5569-418c-8b3d-5dde7eb77824	4	182456803	182597560	100	-1.7387
b50c051b-5569-418c-8b3d-5dde7eb77824	4	182597967	182726269	103	-0.5092
b50c051b-5569-418c-8b3d-5dde7eb77824	4	182732946	190106768	4873	-0.0703
b50c051b-5569-418c-8b3d-5dde7eb77824	5	15532	1913502	937	0.2465
b50c051b-5569-418c-8b3d-5dde7eb77824	5	1915336	32114264	21300	0.3129
b50c051b-5569-418c-8b3d-5dde7eb77824	5	32115305	32158349	35	0.8388
b50c051b-5569-418c-8b3d-5dde7eb77824	5	32170181	32179180	7	0.357
b50c051b-5569-418c-8b3d-5dde7eb77824	5	32179782	46191782	8323	0.2797
b50c051b-5569-418c-8b3d-5dde7eb77824	5	46195781	46199333	4	-0.9441
b50c051b-5569-418c-8b3d-5dde7eb77824	5	46209197	46271006	15	0.2597
b50c051b-5569-418c-8b3d-5dde7eb77824	5	46271828	46273400	6	1.4024
b50c051b-5569-418c-8b3d-5dde7eb77824	5	46278110	58033703	5068	0.2884
b50c051b-5569-418c-8b3d-5dde7eb77824	5	58033756	58045317	31	-0.295
b50c051b-5569-418c-8b3d-5dde7eb77824	5	58046293	152135909	57518	0.2711
b50c051b-5569-418c-8b3d-5dde7eb77824	5	152135923	152138790	12	-0.5414
b50c051b-5569-418c-8b3d-5dde7eb77824	5	152140710	154026094	1281	0.2795
b50c051b-5569-418c-8b3d-5dde7eb77824	5	154028550	154274385	158	-0.0085
b50c051b-5569-418c-8b3d-5dde7eb77824	5	154274519	156048095	1213	0.2975
b50c051b-5569-418c-8b3d-5dde7eb77824	5	156049762	156068249	17	-0.4436
b50c051b-5569-418c-8b3d-5dde7eb77824	5	156073982	168114143	8122	0.2716
b50c051b-5569-418c-8b3d-5dde7eb77824	5	168114145	168115583	2	-1.5002
b50c051b-5569-418c-8b3d-5dde7eb77824	5	168115651	177405557	6547	0.2882
b50c051b-5569-418c-8b3d-5dde7eb77824	5	177406588	177724103	99	0.5183
b50c051b-5569-418c-8b3d-5dde7eb77824	5	177730398	180951888	1805	0.2967
b50c051b-5569-418c-8b3d-5dde7eb77824	5	180953203	181015400	20	0.8589
b50c051b-5569-418c-8b3d-5dde7eb77824	5	181015441	181363319	167	0.2207
b50c051b-5569-418c-8b3d-5dde7eb77824	6	149661	19039888	14729	-0.0679
b50c051b-5569-418c-8b3d-5dde7eb77824	6	19041950	19042587	3	-1.7204
b50c051b-5569-418c-8b3d-5dde7eb77824	6	19044471	29875657	6868	-0.0712
b50c051b-5569-418c-8b3d-5dde7eb77824	6	29876257	29881490	7	-1.4783
b50c051b-5569-418c-8b3d-5dde7eb77824	6	29882419	32485152	1166	-0.1033
b50c051b-5569-418c-8b3d-5dde7eb77824	6	32486498	32488965	4	2.1965
b50c051b-5569-418c-8b3d-5dde7eb77824	6	32502142	32533522	11	0.6703
b50c051b-5569-418c-8b3d-5dde7eb77824	6	32540699	54066286	13706	-0.0825
b50c051b-5569-418c-8b3d-5dde7eb77824	6	54066353	54067057	7	-1.8096
b50c051b-5569-418c-8b3d-5dde7eb77824	6	54070550	78252909	13137	-0.0658
b50c051b-5569-418c-8b3d-5dde7eb77824	6	78253157	78325468	114	0.4002
b50c051b-5569-418c-8b3d-5dde7eb77824	6	78329517	80575042	1432	-0.0695
b50c051b-5569-418c-8b3d-5dde7eb77824	6	80575241	80579817	27	-1.4032
b50c051b-5569-418c-8b3d-5dde7eb77824	6	80584624	81699049	770	-0.0572
b50c051b-5569-418c-8b3d-5dde7eb77824	6	81700080	81700666	2	-2.0789
b50c051b-5569-418c-8b3d-5dde7eb77824	6	81701650	103286954	13209	-0.0788
b50c051b-5569-418c-8b3d-5dde7eb77824	6	103290101	103314186	46	-1.3532
b50c051b-5569-418c-8b3d-5dde7eb77824	6	103317795	132104102	17709	-0.0885
b50c051b-5569-418c-8b3d-5dde7eb77824	6	132104562	132106655	3	-1.7948
b50c051b-5569-418c-8b3d-5dde7eb77824	6	132107206	154639748	15190	-0.0928
b50c051b-5569-418c-8b3d-5dde7eb77824	6	154642532	154644703	3	-1.7378
b50c051b-5569-418c-8b3d-5dde7eb77824	6	154645133	170741917	11123	-0.0741
b50c051b-5569-418c-8b3d-5dde7eb77824	7	43355	22395161	16043	0.278
b50c051b-5569-418c-8b3d-5dde7eb77824	7	22395853	22396868	2	-2.262
b50c051b-5569-418c-8b3d-5dde7eb77824	7	22399135	38251092	11289	0.2623
b50c051b-5569-418c-8b3d-5dde7eb77824	7	38251113	38317181	94	0.5331
b50c051b-5569-418c-8b3d-5dde7eb77824	7	38317207	42227003	2658	0.2799
b50c051b-5569-418c-8b3d-5dde7eb77824	7	42227737	42227972	2	-1.5613
b50c051b-5569-418c-8b3d-5dde7eb77824	7	42230723	54305455	8344	0.2752
b50c051b-5569-418c-8b3d-5dde7eb77824	7	54318812	54318824	6	-2.0772
b50c051b-5569-418c-8b3d-5dde7eb77824	7	54325795	63015588	2205	0.2635
b50c051b-5569-418c-8b3d-5dde7eb77824	7	63018120	64353060	446	-0.08
b50c051b-5569-418c-8b3d-5dde7eb77824	7	64356018	66051132	697	0.3029
b50c051b-5569-418c-8b3d-5dde7eb77824	7	66056197	66121969	20	-0.341
b50c051b-5569-418c-8b3d-5dde7eb77824	7	66123320	66183914	30	0.1881
b50c051b-5569-418c-8b3d-5dde7eb77824	7	66195203	66455211	100	-0.5632
b50c051b-5569-418c-8b3d-5dde7eb77824	7	66455440	66680876	63	-0.1788
b50c051b-5569-418c-8b3d-5dde7eb77824	7	66681297	67361063	233	0.0309
b50c051b-5569-418c-8b3d-5dde7eb77824	7	67367241	68704595	930	-0.6038
b50c051b-5569-418c-8b3d-5dde7eb77824	7	68704736	68704829	2	-3.4793
b50c051b-5569-418c-8b3d-5dde7eb77824	7	68708086	70372862	976	-0.5709
b50c051b-5569-418c-8b3d-5dde7eb77824	7	70375182	70377553	2	-2.2999
b50c051b-5569-418c-8b3d-5dde7eb77824	7	70378323	70456832	45	-0.5972
b50c051b-5569-418c-8b3d-5dde7eb77824	7	70456955	70527112	51	-1.408
b50c051b-5569-418c-8b3d-5dde7eb77824	7	70527139	73288160	1492	-0.5719
b50c051b-5569-418c-8b3d-5dde7eb77824	7	73309388	74288238	352	-0.091
b50c051b-5569-418c-8b3d-5dde7eb77824	7	74292303	91402420	10103	-0.5825
b50c051b-5569-418c-8b3d-5dde7eb77824	7	91402629	91411143	23	-1.4136
b50c051b-5569-418c-8b3d-5dde7eb77824	7	91411274	109787793	10516	-0.5971
b50c051b-5569-418c-8b3d-5dde7eb77824	7	109789520	109813853	42	0.1015
b50c051b-5569-418c-8b3d-5dde7eb77824	7	109813925	128738251	11468	-0.5871
b50c051b-5569-418c-8b3d-5dde7eb77824	7	128739941	128744277	4	-3.34
b50c051b-5569-418c-8b3d-5dde7eb77824	7	128744551	129935798	578	-0.6225
b50c051b-5569-418c-8b3d-5dde7eb77824	7	129941858	134100424	2628	-0.0643
b50c051b-5569-418c-8b3d-5dde7eb77824	7	134100442	134105690	24	-0.6959
b50c051b-5569-418c-8b3d-5dde7eb77824	7	134110881	153450553	11967	-0.0792
b50c051b-5569-418c-8b3d-5dde7eb77824	7	153450560	153450627	2	-2.364
b50c051b-5569-418c-8b3d-5dde7eb77824	7	153450630	153921863	341	-0.0535
b50c051b-5569-418c-8b3d-5dde7eb77824	7	153921977	153922372	2	-2.3572
b50c051b-5569-418c-8b3d-5dde7eb77824	7	153922863	158324903	3107	-0.0821
b50c051b-5569-418c-8b3d-5dde7eb77824	7	158335896	158339473	2	2.1134
b50c051b-5569-418c-8b3d-5dde7eb77824	7	158344294	159334314	630	-0.0632
b50c051b-5569-418c-8b3d-5dde7eb77824	8	81254	1411964	861	-0.0658
b50c051b-5569-418c-8b3d-5dde7eb77824	8	1412156	1412536	9	-1.4587
b50c051b-5569-418c-8b3d-5dde7eb77824	8	1412568	2193931	695	-0.0588
b50c051b-5569-418c-8b3d-5dde7eb77824	8	2194580	2194696	2	-2.5649
b50c051b-5569-418c-8b3d-5dde7eb77824	8	2194736	4128724	2100	-0.0664
b50c051b-5569-418c-8b3d-5dde7eb77824	8	4128772	4130698	3	-1.5171
b50c051b-5569-418c-8b3d-5dde7eb77824	8	4130913	4144509	12	-0.2313
b50c051b-5569-418c-8b3d-5dde7eb77824	8	4144546	4144794	5	-1.0782
b50c051b-5569-418c-8b3d-5dde7eb77824	8	4145131	4145783	10	0.1199
b50c051b-5569-418c-8b3d-5dde7eb77824	8	4145941	4145956	2	-2.5905
b50c051b-5569-418c-8b3d-5dde7eb77824	8	4146039	25117985	17710	-0.0689
b50c051b-5569-418c-8b3d-5dde7eb77824	8	25118055	25126818	22	-2.4966
b50c051b-5569-418c-8b3d-5dde7eb77824	8	25133589	26759160	1278	-0.0825
b50c051b-5569-418c-8b3d-5dde7eb77824	8	26764945	26788781	23	0.5477
b50c051b-5569-418c-8b3d-5dde7eb77824	8	26790834	26825009	26	-0.049
b50c051b-5569-418c-8b3d-5dde7eb77824	8	26826275	26874663	42	0.5677
b50c051b-5569-418c-8b3d-5dde7eb77824	8	26884151	33564989	4490	-0.0782
b50c051b-5569-418c-8b3d-5dde7eb77824	8	33565014	37960503	2427	0.5854
b50c051b-5569-418c-8b3d-5dde7eb77824	8	37960869	38310849	146	0.2565
b50c051b-5569-418c-8b3d-5dde7eb77824	8	38313003	38455274	80	0.4971
b50c051b-5569-418c-8b3d-5dde7eb77824	8	38455399	38460939	34	0.2266
b50c051b-5569-418c-8b3d-5dde7eb77824	8	38460988	39821286	692	0.5884
b50c051b-5569-418c-8b3d-5dde7eb77824	8	39824310	40188409	273	0.3209
b50c051b-5569-418c-8b3d-5dde7eb77824	8	40188842	41323595	867	-0.0454
b50c051b-5569-418c-8b3d-5dde7eb77824	8	41323902	137812394	59281	0.2923
b50c051b-5569-418c-8b3d-5dde7eb77824	8	137812412	137812781	2	-2.3095
b50c051b-5569-418c-8b3d-5dde7eb77824	8	137813527	138016848	176	0.2646
b50c051b-5569-418c-8b3d-5dde7eb77824	8	138024398	140974331	2224	0.3363
b50c051b-5569-418c-8b3d-5dde7eb77824	8	140975314	142047413	696	0.2474
b50c051b-5569-418c-8b3d-5dde7eb77824	8	142047414	142064186	10	-0.5069
b50c051b-5569-418c-8b3d-5dde7eb77824	8	142064388	142140841	54	0.2873
b50c051b-5569-418c-8b3d-5dde7eb77824	8	142143283	142144522	2	-2.3664
b50c051b-5569-418c-8b3d-5dde7eb77824	8	142152210	145062930	1056	0.2629
b50c051b-5569-418c-8b3d-5dde7eb77824	8	145063045	145072769	8	0.0009
b50c051b-5569-418c-8b3d-5dde7eb77824	9	46587	1278871	1243	-0.5773
b50c051b-5569-418c-8b3d-5dde7eb77824	9	1282836	1288255	6	-2.5494
b50c051b-5569-418c-8b3d-5dde7eb77824	9	1288574	1882721	793	-0.592
b50c051b-5569-418c-8b3d-5dde7eb77824	9	1883292	1891533	2	-3.4339
b50c051b-5569-418c-8b3d-5dde7eb77824	9	1892588	8258063	5850	-0.5831
b50c051b-5569-418c-8b3d-5dde7eb77824	9	8258190	8260927	7	-1.9842
b50c051b-5569-418c-8b3d-5dde7eb77824	9	8261021	13673640	4517	-0.5622
b50c051b-5569-418c-8b3d-5dde7eb77824	9	13673698	13673753	2	-3.2376
b50c051b-5569-418c-8b3d-5dde7eb77824	9	13673796	20635116	5905	-0.5737
b50c051b-5569-418c-8b3d-5dde7eb77824	9	20638975	29231678	6271	-1.4452
b50c051b-5569-418c-8b3d-5dde7eb77824	9	29231783	29329978	64	-3.9226
b50c051b-5569-418c-8b3d-5dde7eb77824	9	29330159	33229379	2746	-1.2432
b50c051b-5569-418c-8b3d-5dde7eb77824	9	33229482	33233242	5	-5.0259
b50c051b-5569-418c-8b3d-5dde7eb77824	9	33233496	33908799	409	-1.1249
b50c051b-5569-418c-8b3d-5dde7eb77824	9	33909524	34154849	109	-0.9022
b50c051b-5569-418c-8b3d-5dde7eb77824	9	34155114	35512544	683	0.0222
b50c051b-5569-418c-8b3d-5dde7eb77824	9	35517810	35659283	65	-0.4651
b50c051b-5569-418c-8b3d-5dde7eb77824	9	35662883	35685892	19	0.0892
b50c051b-5569-418c-8b3d-5dde7eb77824	9	35687199	36180146	285	-0.4691
b50c051b-5569-418c-8b3d-5dde7eb77824	9	36181678	39807498	1849	0.0249
b50c051b-5569-418c-8b3d-5dde7eb77824	9	39827488	40228981	8	-0.5461
b50c051b-5569-418c-8b3d-5dde7eb77824	9	40229601	64603195	327	0.2947
b50c051b-5569-418c-8b3d-5dde7eb77824	9	64603210	68755319	379	-0.0349
b50c051b-5569-418c-8b3d-5dde7eb77824	9	68756051	68967997	185	-0.6094
b50c051b-5569-418c-8b3d-5dde7eb77824	9	68968169	69138310	154	-0.0308
b50c051b-5569-418c-8b3d-5dde7eb77824	9	69138354	69485653	271	0.3057
b50c051b-5569-418c-8b3d-5dde7eb77824	9	69490697	69490699	3	-0.8918
b50c051b-5569-418c-8b3d-5dde7eb77824	9	69490703	71414481	1444	0.3217
b50c051b-5569-418c-8b3d-5dde7eb77824	9	71421524	71558151	110	-0.0779
b50c051b-5569-418c-8b3d-5dde7eb77824	9	71558619	73138228	1062	0.3026
b50c051b-5569-418c-8b3d-5dde7eb77824	9	73138281	73795425	405	-0.0429
b50c051b-5569-418c-8b3d-5dde7eb77824	9	73795752	73908760	70	0.2468
b50c051b-5569-418c-8b3d-5dde7eb77824	9	73909629	102811678	20015	-0.0526
b50c051b-5569-418c-8b3d-5dde7eb77824	9	102812414	103123944	238	0.3892
b50c051b-5569-418c-8b3d-5dde7eb77824	9	103126146	106233869	2272	-0.0705
b50c051b-5569-418c-8b3d-5dde7eb77824	9	106238610	108160647	1491	0.3134
b50c051b-5569-418c-8b3d-5dde7eb77824	9	108160738	108971319	751	-0.0412
b50c051b-5569-418c-8b3d-5dde7eb77824	9	108973605	110044992	842	0.3087
b50c051b-5569-418c-8b3d-5dde7eb77824	9	110047214	110262162	192	-0.0789
b50c051b-5569-418c-8b3d-5dde7eb77824	9	110262509	110264442	2	-1.5337
b50c051b-5569-418c-8b3d-5dde7eb77824	9	110265889	111014891	633	-0.0822
b50c051b-5569-418c-8b3d-5dde7eb77824	9	111017156	111264093	194	0.3207
b50c051b-5569-418c-8b3d-5dde7eb77824	9	111264789	111311090	55	-0.0676
b50c051b-5569-418c-8b3d-5dde7eb77824	9	111312425	111486735	106	0.2755
b50c051b-5569-418c-8b3d-5dde7eb77824	9	111487676	112404977	583	-0.0953
b50c051b-5569-418c-8b3d-5dde7eb77824	9	112407026	124297845	8807	0.3209
b50c051b-5569-418c-8b3d-5dde7eb77824	9	124299996	124353823	34	0.5281
b50c051b-5569-418c-8b3d-5dde7eb77824	9	124356107	124449429	50	0.9239
b50c051b-5569-418c-8b3d-5dde7eb77824	9	124457854	125442480	480	0.6104
b50c051b-5569-418c-8b3d-5dde7eb77824	9	125445955	128769339	1928	0.32
b50c051b-5569-418c-8b3d-5dde7eb77824	9	128775576	130633901	936	-0.0691
b50c051b-5569-418c-8b3d-5dde7eb77824	9	130641831	130937338	317	0.3246
b50c051b-5569-418c-8b3d-5dde7eb77824	9	130947709	138200944	3849	-0.069
b50c051b-5569-418c-8b3d-5dde7eb77824	10	45792	7188862	6224	-0.059
b50c051b-5569-418c-8b3d-5dde7eb77824	10	7190184	7286203	76	0.3181
b50c051b-5569-418c-8b3d-5dde7eb77824	10	7288126	8313147	813	-0.0594
b50c051b-5569-418c-8b3d-5dde7eb77824	10	8315669	8445453	116	0.3735
b50c051b-5569-418c-8b3d-5dde7eb77824	10	8447928	10391996	1558	-0.0227
b50c051b-5569-418c-8b3d-5dde7eb77824	10	10394172	10579297	177	0.3567
b50c051b-5569-418c-8b3d-5dde7eb77824	10	10582160	12603508	1536	-0.0607
b50c051b-5569-418c-8b3d-5dde7eb77824	10	12603888	12713028	78	0.2756
b50c051b-5569-418c-8b3d-5dde7eb77824	10	12713034	13385338	610	-0.0731
b50c051b-5569-418c-8b3d-5dde7eb77824	10	13390194	13438815	40	0.3816
b50c051b-5569-418c-8b3d-5dde7eb77824	10	13441868	15316442	1655	-0.0493
b50c051b-5569-418c-8b3d-5dde7eb77824	10	15316457	15366767	50	0.2953
b50c051b-5569-418c-8b3d-5dde7eb77824	10	15369520	15848339	378	-0.0655
b50c051b-5569-418c-8b3d-5dde7eb77824	10	15848821	15850332	2	-1.7421
b50c051b-5569-418c-8b3d-5dde7eb77824	10	15850692	15912507	48	0.2379
b50c051b-5569-418c-8b3d-5dde7eb77824	10	15923992	16390846	324	-0.0449
b50c051b-5569-418c-8b3d-5dde7eb77824	10	16392385	16410379	14	0.4547
b50c051b-5569-418c-8b3d-5dde7eb77824	10	16410813	16506315	74	-0.0686
b50c051b-5569-418c-8b3d-5dde7eb77824	10	16506383	16638027	92	0.3139
b50c051b-5569-418c-8b3d-5dde7eb77824	10	16640795	18218082	1184	-0.0619
b50c051b-5569-418c-8b3d-5dde7eb77824	10	18222474	18323689	75	0.3473
b50c051b-5569-418c-8b3d-5dde7eb77824	10	18324177	18470153	153	-0.0274
b50c051b-5569-418c-8b3d-5dde7eb77824	10	18471548	18523691	52	0.3099
b50c051b-5569-418c-8b3d-5dde7eb77824	10	18525265	18863736	251	-0.0662
b50c051b-5569-418c-8b3d-5dde7eb77824	10	18864383	19014519	84	0.2629
b50c051b-5569-418c-8b3d-5dde7eb77824	10	19015564	19083842	61	0.0027
b50c051b-5569-418c-8b3d-5dde7eb77824	10	19084557	19153255	42	0.3297
b50c051b-5569-418c-8b3d-5dde7eb77824	10	19154056	20308842	967	-0.0473
b50c051b-5569-418c-8b3d-5dde7eb77824	10	20309705	20360600	64	0.3324
b50c051b-5569-418c-8b3d-5dde7eb77824	10	20369898	20848891	416	-0.0542
b50c051b-5569-418c-8b3d-5dde7eb77824	10	20849802	20927439	57	0.2886
b50c051b-5569-418c-8b3d-5dde7eb77824	10	20930999	24086334	1863	-0.055
b50c051b-5569-418c-8b3d-5dde7eb77824	10	24088745	24089125	11	1.139
b50c051b-5569-418c-8b3d-5dde7eb77824	10	24089979	25118106	706	-0.0846
b50c051b-5569-418c-8b3d-5dde7eb77824	10	25120682	25244081	65	0.273
b50c051b-5569-418c-8b3d-5dde7eb77824	10	25244878	26533210	953	-0.0854
b50c051b-5569-418c-8b3d-5dde7eb77824	10	26533896	26670273	86	0.2925
b50c051b-5569-418c-8b3d-5dde7eb77824	10	26670623	27890124	779	-0.0821
b50c051b-5569-418c-8b3d-5dde7eb77824	10	27890258	27973905	54	0.3387
b50c051b-5569-418c-8b3d-5dde7eb77824	10	27980641	28267566	213	-0.0433
b50c051b-5569-418c-8b3d-5dde7eb77824	10	28267752	28302387	60	0.2697
b50c051b-5569-418c-8b3d-5dde7eb77824	10	28308263	28668925	233	-0.0721
b50c051b-5569-418c-8b3d-5dde7eb77824	10	28671689	28796622	90	0.3461
b50c051b-5569-418c-8b3d-5dde7eb77824	10	28798407	29284988	439	-0.0325
b50c051b-5569-418c-8b3d-5dde7eb77824	10	29285222	29355643	64	0.3589
b50c051b-5569-418c-8b3d-5dde7eb77824	10	29355749	29652233	237	-0.0319
b50c051b-5569-418c-8b3d-5dde7eb77824	10	29654947	29948567	254	0.329
b50c051b-5569-418c-8b3d-5dde7eb77824	10	29950450	30278050	257	-0.068
b50c051b-5569-418c-8b3d-5dde7eb77824	10	30282250	30384669	58	0.3043
b50c051b-5569-418c-8b3d-5dde7eb77824	10	30384790	32131146	1214	-0.0786
b50c051b-5569-418c-8b3d-5dde7eb77824	10	32131163	32295578	98	0.3105
b50c051b-5569-418c-8b3d-5dde7eb77824	10	32296558	33236908	618	-0.0532
b50c051b-5569-418c-8b3d-5dde7eb77824	10	33237463	33272660	38	0.3657
b50c051b-5569-418c-8b3d-5dde7eb77824	10	33274965	34175345	664	-0.0358
b50c051b-5569-418c-8b3d-5dde7eb77824	10	34177787	34300284	91	0.2918
b50c051b-5569-418c-8b3d-5dde7eb77824	10	34300814	35448016	632	-0.0504
b50c051b-5569-418c-8b3d-5dde7eb77824	10	35451536	35600129	85	0.3117
b50c051b-5569-418c-8b3d-5dde7eb77824	10	35605833	35649772	31	-0.1549
b50c051b-5569-418c-8b3d-5dde7eb77824	10	35650824	35832618	160	0.3361
b50c051b-5569-418c-8b3d-5dde7eb77824	10	35832683	43103927	2209	-0.0137
b50c051b-5569-418c-8b3d-5dde7eb77824	10	43108430	43164031	75	0.3179
b50c051b-5569-418c-8b3d-5dde7eb77824	10	43164270	43183535	11	-0.0372
b50c051b-5569-418c-8b3d-5dde7eb77824	10	43186040	43187039	2	-2.064
b50c051b-5569-418c-8b3d-5dde7eb77824	10	43188152	43575624	212	-0.0848
b50c051b-5569-418c-8b3d-5dde7eb77824	10	43582103	43634205	38	0.3891
b50c051b-5569-418c-8b3d-5dde7eb77824	10	43634448	43755786	86	-0.048
b50c051b-5569-418c-8b3d-5dde7eb77824	10	43757348	44241588	352	0.3499
b50c051b-5569-418c-8b3d-5dde7eb77824	10	44241798	47075763	1331	-0.0868
b50c051b-5569-418c-8b3d-5dde7eb77824	10	47076636	47261838	151	0.3765
b50c051b-5569-418c-8b3d-5dde7eb77824	10	47261909	49163052	990	-0.033
b50c051b-5569-418c-8b3d-5dde7eb77824	10	49165476	49215561	35	0.339
b50c051b-5569-418c-8b3d-5dde7eb77824	10	49216117	52300341	2099	-0.0379
b50c051b-5569-418c-8b3d-5dde7eb77824	10	52301678	52388866	49	0.3459
b50c051b-5569-418c-8b3d-5dde7eb77824	10	52393255	52882450	397	-0.0141
b50c051b-5569-418c-8b3d-5dde7eb77824	10	52882535	52955340	56	0.3291
b50c051b-5569-418c-8b3d-5dde7eb77824	10	52957282	53078078	116	-0.0767
b50c051b-5569-418c-8b3d-5dde7eb77824	10	53078336	53167767	83	0.2721
b50c051b-5569-418c-8b3d-5dde7eb77824	10	53170094	53188805	15	-0.1016
b50c051b-5569-418c-8b3d-5dde7eb77824	10	53194648	53377601	134	0.3273
b50c051b-5569-418c-8b3d-5dde7eb77824	10	53377685	53382341	3	-1.3165
b50c051b-5569-418c-8b3d-5dde7eb77824	10	53382403	53748460	283	0.3633
b50c051b-5569-418c-8b3d-5dde7eb77824	10	53748660	54360806	466	-0.0488
b50c051b-5569-418c-8b3d-5dde7eb77824	10	54361223	54481430	113	0.3284
b50c051b-5569-418c-8b3d-5dde7eb77824	10	54487038	56631296	1423	-0.0325
b50c051b-5569-418c-8b3d-5dde7eb77824	10	56634136	56800872	161	0.2867
b50c051b-5569-418c-8b3d-5dde7eb77824	10	56800912	59921621	2315	-0.0366
b50c051b-5569-418c-8b3d-5dde7eb77824	10	59921980	60170514	211	0.2565
b50c051b-5569-418c-8b3d-5dde7eb77824	10	60170641	60353653	155	-0.0676
b50c051b-5569-418c-8b3d-5dde7eb77824	10	60356625	60650747	207	0.2892
b50c051b-5569-418c-8b3d-5dde7eb77824	10	60653548	61846733	797	-0.0558
b50c051b-5569-418c-8b3d-5dde7eb77824	10	61850423	61892372	35	0.2872
b50c051b-5569-418c-8b3d-5dde7eb77824	10	61893003	62981602	742	-0.0773
b50c051b-5569-418c-8b3d-5dde7eb77824	10	62990603	63029647	25	0.3475
b50c051b-5569-418c-8b3d-5dde7eb77824	10	63044971	64937222	1157	-0.0676
b50c051b-5569-418c-8b3d-5dde7eb77824	10	64938077	64969523	27	0.4542
b50c051b-5569-418c-8b3d-5dde7eb77824	10	64969545	65173573	128	-0.0314
b50c051b-5569-418c-8b3d-5dde7eb77824	10	65173606	65261779	76	0.3017
b50c051b-5569-418c-8b3d-5dde7eb77824	10	65265401	65546518	192	0.0269
b50c051b-5569-418c-8b3d-5dde7eb77824	10	65548165	65565695	31	0.4253
b50c051b-5569-418c-8b3d-5dde7eb77824	10	65566308	67270090	1290	-0.0533
b50c051b-5569-418c-8b3d-5dde7eb77824	10	67277974	67568303	156	-0.6308
b50c051b-5569-418c-8b3d-5dde7eb77824	10	67569123	67797713	114	0.2953
b50c051b-5569-418c-8b3d-5dde7eb77824	10	67797759	68742923	484	-0.0803
b50c051b-5569-418c-8b3d-5dde7eb77824	10	68752812	68820079	38	0.4812
b50c051b-5569-418c-8b3d-5dde7eb77824	10	68821114	70584278	1311	-0.0579
b50c051b-5569-418c-8b3d-5dde7eb77824	10	70584823	70608852	29	0.4343
b50c051b-5569-418c-8b3d-5dde7eb77824	10	70613462	71211981	468	-0.0798
b50c051b-5569-418c-8b3d-5dde7eb77824	10	71215705	71245280	27	0.3598
b50c051b-5569-418c-8b3d-5dde7eb77824	10	71247458	71358847	84	-0.0571
b50c051b-5569-418c-8b3d-5dde7eb77824	10	71365606	71670309	277	0.3388
b50c051b-5569-418c-8b3d-5dde7eb77824	10	71671813	72491380	452	-0.0784
b50c051b-5569-418c-8b3d-5dde7eb77824	10	72493718	72575000	44	0.3348
b50c051b-5569-418c-8b3d-5dde7eb77824	10	72584262	73119946	212	-0.0364
b50c051b-5569-418c-8b3d-5dde7eb77824	10	73126162	73218023	41	0.3128
b50c051b-5569-418c-8b3d-5dde7eb77824	10	73218914	73548782	120	-0.0187
b50c051b-5569-418c-8b3d-5dde7eb77824	10	73557772	73614019	28	0.3959
b50c051b-5569-418c-8b3d-5dde7eb77824	10	73616707	74539557	382	-0.0532
b50c051b-5569-418c-8b3d-5dde7eb77824	10	74544011	74820768	120	0.302
b50c051b-5569-418c-8b3d-5dde7eb77824	10	74821820	76374773	1004	-0.071
b50c051b-5569-418c-8b3d-5dde7eb77824	10	76375361	76468342	78	0.3739
b50c051b-5569-418c-8b3d-5dde7eb77824	10	76477762	76620916	104	-0.0488
b50c051b-5569-418c-8b3d-5dde7eb77824	10	76632560	76823961	123	0.3139
b50c051b-5569-418c-8b3d-5dde7eb77824	10	76824542	87926752	7831	-0.0461
b50c051b-5569-418c-8b3d-5dde7eb77824	10	87933783	88281585	335	0.2552
b50c051b-5569-418c-8b3d-5dde7eb77824	10	88284410	88579940	143	-0.0551
b50c051b-5569-418c-8b3d-5dde7eb77824	10	88580955	88706539	66	0.2987
b50c051b-5569-418c-8b3d-5dde7eb77824	10	88706786	93626749	3237	-0.0646
b50c051b-5569-418c-8b3d-5dde7eb77824	10	93629991	94106162	335	0.298
b50c051b-5569-418c-8b3d-5dde7eb77824	10	94108363	96071336	1092	-0.0603
b50c051b-5569-418c-8b3d-5dde7eb77824	10	96077066	96197273	99	0.2873
b50c051b-5569-418c-8b3d-5dde7eb77824	10	96197374	99398973	2093	-0.0558
b50c051b-5569-418c-8b3d-5dde7eb77824	10	99402689	99504405	83	0.3122
b50c051b-5569-418c-8b3d-5dde7eb77824	10	99512032	100437705	563	-0.0873
b50c051b-5569-418c-8b3d-5dde7eb77824	10	100441894	100515526	42	0.2799
b50c051b-5569-418c-8b3d-5dde7eb77824	10	100515858	100985749	270	-0.0575
b50c051b-5569-418c-8b3d-5dde7eb77824	10	100989312	101057868	38	0.2942
b50c051b-5569-418c-8b3d-5dde7eb77824	10	101060467	101241224	107	-0.1032
b50c051b-5569-418c-8b3d-5dde7eb77824	10	101245417	101363060	62	0.299
b50c051b-5569-418c-8b3d-5dde7eb77824	10	101363329	102071429	282	-0.032
b50c051b-5569-418c-8b3d-5dde7eb77824	10	102081916	102222133	57	0.5806
b50c051b-5569-418c-8b3d-5dde7eb77824	10	102235087	102666254	178	0.2755
b50c051b-5569-418c-8b3d-5dde7eb77824	10	102666276	103285596	315	-0.0969
b50c051b-5569-418c-8b3d-5dde7eb77824	10	103285939	103659529	183	0.3896
b50c051b-5569-418c-8b3d-5dde7eb77824	10	103669205	104250503	398	-0.1212
b50c051b-5569-418c-8b3d-5dde7eb77824	10	104253912	104287497	37	0.314
b50c051b-5569-418c-8b3d-5dde7eb77824	10	104290965	104805371	357	-0.0683
b50c051b-5569-418c-8b3d-5dde7eb77824	10	104806324	104848022	39	0.4089
b50c051b-5569-418c-8b3d-5dde7eb77824	10	104850272	107555317	2074	-0.0352
b50c051b-5569-418c-8b3d-5dde7eb77824	10	107555509	107650303	79	0.2731
b50c051b-5569-418c-8b3d-5dde7eb77824	10	107652376	108667002	802	-0.0484
b50c051b-5569-418c-8b3d-5dde7eb77824	10	108667178	108831357	97	0.3491
b50c051b-5569-418c-8b3d-5dde7eb77824	10	108831861	109465222	409	-0.0721
b50c051b-5569-418c-8b3d-5dde7eb77824	10	109465590	109646096	116	0.3106
b50c051b-5569-418c-8b3d-5dde7eb77824	10	109646755	110259930	345	-0.1118
b50c051b-5569-418c-8b3d-5dde7eb77824	10	110260157	110344222	43	0.3212
b50c051b-5569-418c-8b3d-5dde7eb77824	10	110351719	111392897	767	-0.1016
b50c051b-5569-418c-8b3d-5dde7eb77824	10	111393206	111521669	98	0.326
b50c051b-5569-418c-8b3d-5dde7eb77824	10	111522857	111652981	119	-0.0392
b50c051b-5569-418c-8b3d-5dde7eb77824	10	111655433	111762098	60	0.3124
b50c051b-5569-418c-8b3d-5dde7eb77824	10	111762347	112060523	226	-0.0755
b50c051b-5569-418c-8b3d-5dde7eb77824	10	112061663	112410121	259	0.3259
b50c051b-5569-418c-8b3d-5dde7eb77824	10	112419525	112522934	56	-0.0634
b50c051b-5569-418c-8b3d-5dde7eb77824	10	112524846	112555792	19	0.3236
b50c051b-5569-418c-8b3d-5dde7eb77824	10	112557735	112575545	18	-0.0657
b50c051b-5569-418c-8b3d-5dde7eb77824	10	112576914	112708717	108	0.328
b50c051b-5569-418c-8b3d-5dde7eb77824	10	112711806	113195570	295	-0.0899
b50c051b-5569-418c-8b3d-5dde7eb77824	10	113209142	113321101	96	0.3408
b50c051b-5569-418c-8b3d-5dde7eb77824	10	113325172	115493275	1481	-0.0536
b50c051b-5569-418c-8b3d-5dde7eb77824	10	115493714	115599432	69	0.2909
b50c051b-5569-418c-8b3d-5dde7eb77824	10	115600011	116540143	722	-0.0327
b50c051b-5569-418c-8b3d-5dde7eb77824	10	116542009	116601858	33	0.2968
b50c051b-5569-418c-8b3d-5dde7eb77824	10	116602375	116825938	170	-0.0469
b50c051b-5569-418c-8b3d-5dde7eb77824	10	116826479	116861485	25	0.3805
b50c051b-5569-418c-8b3d-5dde7eb77824	10	116862617	117246587	224	-0.0439
b50c051b-5569-418c-8b3d-5dde7eb77824	10	117247041	117320786	58	0.3237
b50c051b-5569-418c-8b3d-5dde7eb77824	10	117322805	117668057	242	-0.0583
b50c051b-5569-418c-8b3d-5dde7eb77824	10	117669707	117732349	69	0.3739
b50c051b-5569-418c-8b3d-5dde7eb77824	10	117734295	118668447	682	-0.0276
b50c051b-5569-418c-8b3d-5dde7eb77824	10	118669269	118701883	23	0.362
b50c051b-5569-418c-8b3d-5dde7eb77824	10	118706411	119339391	391	-0.0879
b50c051b-5569-418c-8b3d-5dde7eb77824	10	119343177	119371066	31	0.3332
b50c051b-5569-418c-8b3d-5dde7eb77824	10	119371368	119828526	255	-0.0523
b50c051b-5569-418c-8b3d-5dde7eb77824	10	119832031	119892668	33	0.3036
b50c051b-5569-418c-8b3d-5dde7eb77824	10	119899633	122306145	2205	-0.0375
b50c051b-5569-418c-8b3d-5dde7eb77824	10	122306355	125502525	2101	-0.6258
b50c051b-5569-418c-8b3d-5dde7eb77824	10	125506455	125556289	43	-0.0645
b50c051b-5569-418c-8b3d-5dde7eb77824	10	125557750	127903681	1855	-0.601
b50c051b-5569-418c-8b3d-5dde7eb77824	10	127909785	127981061	46	-0.1049
b50c051b-5569-418c-8b3d-5dde7eb77824	10	127987734	128048856	45	-0.7078
b50c051b-5569-418c-8b3d-5dde7eb77824	10	128052420	128081877	34	-0.0511
b50c051b-5569-418c-8b3d-5dde7eb77824	10	128084846	130724755	2094	-0.6071
b50c051b-5569-418c-8b3d-5dde7eb77824	10	130729168	130778136	57	-1.0612
b50c051b-5569-418c-8b3d-5dde7eb77824	10	130779089	131776159	836	-0.6455
b50c051b-5569-418c-8b3d-5dde7eb77824	10	131777247	131820429	37	-0.0841
b50c051b-5569-418c-8b3d-5dde7eb77824	10	131820443	132536505	367	-0.6287
b50c051b-5569-418c-8b3d-5dde7eb77824	10	132543713	132652659	52	-0.0452
b50c051b-5569-418c-8b3d-5dde7eb77824	10	132662290	133520794	339	-0.6298
b50c051b-5569-418c-8b3d-5dde7eb77824	10	133520838	133573736	47	-2.6459
b50c051b-5569-418c-8b3d-5dde7eb77824	10	133574363	133654968	34	-1.2557
b50c051b-5569-418c-8b3d-5dde7eb77824	11	198510	4933377	2387	-0.102
b50c051b-5569-418c-8b3d-5dde7eb77824	11	4940288	4954445	52	0.4063
b50c051b-5569-418c-8b3d-5dde7eb77824	11	4954475	5766175	785	-0.0952
b50c051b-5569-418c-8b3d-5dde7eb77824	11	5766850	5787909	32	-0.7002
b50c051b-5569-418c-8b3d-5dde7eb77824	11	5788108	55606572	31117	-0.0811
b50c051b-5569-418c-8b3d-5dde7eb77824	11	55606712	55674842	46	0.564
b50c051b-5569-418c-8b3d-5dde7eb77824	11	55676735	77724786	11422	-0.0819
b50c051b-5569-418c-8b3d-5dde7eb77824	11	77734673	77917245	87	0.3086
b50c051b-5569-418c-8b3d-5dde7eb77824	11	77929801	80562651	1992	-0.0786
b50c051b-5569-418c-8b3d-5dde7eb77824	11	80565324	93285549	8645	0.2835
b50c051b-5569-418c-8b3d-5dde7eb77824	11	93287317	93288077	2	-2.5773
b50c051b-5569-418c-8b3d-5dde7eb77824	11	93292250	118371522	17637	0.2882
b50c051b-5569-418c-8b3d-5dde7eb77824	11	118384563	118853878	351	0.5454
b50c051b-5569-418c-8b3d-5dde7eb77824	11	118854185	135074876	12060	0.2951
b50c051b-5569-418c-8b3d-5dde7eb77824	12	51460	6594254	4773	-0.0731
b50c051b-5569-418c-8b3d-5dde7eb77824	12	6597816	7075634	192	0.215
b50c051b-5569-418c-8b3d-5dde7eb77824	12	7076531	7842191	375	-0.067
b50c051b-5569-418c-8b3d-5dde7eb77824	12	7851829	7970641	57	0.788
b50c051b-5569-418c-8b3d-5dde7eb77824	12	7971304	8289689	142	-0.0368
b50c051b-5569-418c-8b3d-5dde7eb77824	12	8296516	8296621	2	2.0104
b50c051b-5569-418c-8b3d-5dde7eb77824	12	8300870	9474642	606	-0.0805
b50c051b-5569-418c-8b3d-5dde7eb77824	12	9477960	9575696	25	0.8101
b50c051b-5569-418c-8b3d-5dde7eb77824	12	9582373	11083616	1040	-0.0649
b50c051b-5569-418c-8b3d-5dde7eb77824	12	11084237	11088933	3	1.1588
b50c051b-5569-418c-8b3d-5dde7eb77824	12	11099275	11184408	34	-0.1988
b50c051b-5569-418c-8b3d-5dde7eb77824	12	11184579	11217940	14	-0.6929
b50c051b-5569-418c-8b3d-5dde7eb77824	12	11225713	23611686	8368	-0.0817
b50c051b-5569-418c-8b3d-5dde7eb77824	12	23612138	23738680	112	-0.5493
b50c051b-5569-418c-8b3d-5dde7eb77824	12	23743678	33148627	6974	-0.0829
b50c051b-5569-418c-8b3d-5dde7eb77824	12	33148706	33150645	12	0.5484
b50c051b-5569-418c-8b3d-5dde7eb77824	12	33150676	33584084	299	-0.0703
b50c051b-5569-418c-8b3d-5dde7eb77824	12	33584090	34078005	282	0.6233
b50c051b-5569-418c-8b3d-5dde7eb77824	12	34078180	34089076	6	-0.2657
b50c051b-5569-418c-8b3d-5dde7eb77824	12	34091994	34103774	6	0.8273
b50c051b-5569-418c-8b3d-5dde7eb77824	12	34104037	34122471	10	-0.769
b50c051b-5569-418c-8b3d-5dde7eb77824	12	34122859	45506042	4990	0.5695
b50c051b-5569-418c-8b3d-5dde7eb77824	12	45510655	45515754	4	-2.1451
b50c051b-5569-418c-8b3d-5dde7eb77824	12	45519509	56286961	6157	0.549
b50c051b-5569-418c-8b3d-5dde7eb77824	12	56287960	56288020	2	-1.1822
b50c051b-5569-418c-8b3d-5dde7eb77824	12	56288263	90089573	21060	0.5518
b50c051b-5569-418c-8b3d-5dde7eb77824	12	90097892	90098297	7	-0.6624
b50c051b-5569-418c-8b3d-5dde7eb77824	12	90099780	109111774	13043	0.5537
b50c051b-5569-418c-8b3d-5dde7eb77824	12	109112100	109710008	408	0.8104
b50c051b-5569-418c-8b3d-5dde7eb77824	12	109719176	113375455	1918	0.5311
b50c051b-5569-418c-8b3d-5dde7eb77824	12	113381324	119904773	4985	0.5873
b50c051b-5569-418c-8b3d-5dde7eb77824	12	119907372	123834554	1747	0.5394
b50c051b-5569-418c-8b3d-5dde7eb77824	12	123834712	131267305	6155	0.5955
b50c051b-5569-418c-8b3d-5dde7eb77824	12	131267325	131290753	21	0.4009
b50c051b-5569-418c-8b3d-5dde7eb77824	12	131290763	131291086	2	-1.6538
b50c051b-5569-418c-8b3d-5dde7eb77824	12	131291140	133201603	891	0.5501
b50c051b-5569-418c-8b3d-5dde7eb77824	13	18452809	25015857	4319	-0.5996
b50c051b-5569-418c-8b3d-5dde7eb77824	13	25021545	25024108	7	-5.8102
b50c051b-5569-418c-8b3d-5dde7eb77824	13	25028625	48397442	16513	-0.6202
b50c051b-5569-418c-8b3d-5dde7eb77824	13	48409557	48503532	99	-1.3274
b50c051b-5569-418c-8b3d-5dde7eb77824	13	48505367	48909598	314	-0.6369
b50c051b-5569-418c-8b3d-5dde7eb77824	13	48909698	48910441	2	-3.3135
b50c051b-5569-418c-8b3d-5dde7eb77824	13	48910809	76131703	16582	-0.5834
b50c051b-5569-418c-8b3d-5dde7eb77824	13	76131973	76135625	3	-2.7062
b50c051b-5569-418c-8b3d-5dde7eb77824	13	76135736	77897495	1141	-0.6168
b50c051b-5569-418c-8b3d-5dde7eb77824	13	77898709	77901346	5	-3.7792
b50c051b-5569-418c-8b3d-5dde7eb77824	13	77901426	96418213	11663	-0.5954
b50c051b-5569-418c-8b3d-5dde7eb77824	13	96418857	96421723	3	-3.2679
b50c051b-5569-418c-8b3d-5dde7eb77824	13	96424513	114342922	12920	-0.6226
b50c051b-5569-418c-8b3d-5dde7eb77824	14	18239283	18656322	17	-0.4399
b50c051b-5569-418c-8b3d-5dde7eb77824	14	18657897	19197351	23	0.2554
b50c051b-5569-418c-8b3d-5dde7eb77824	14	19203845	19387271	14	-0.2892
b50c051b-5569-418c-8b3d-5dde7eb77824	14	19425567	21881313	1390	-0.6224
b50c051b-5569-418c-8b3d-5dde7eb77824	14	21881504	22395207	457	-0.3388
b50c051b-5569-418c-8b3d-5dde7eb77824	14	22395910	36836002	9113	-0.5835
b50c051b-5569-418c-8b3d-5dde7eb77824	14	36836886	73534419	23062	-0.0642
b50c051b-5569-418c-8b3d-5dde7eb77824	14	73540003	73554275	8	-1.5074
b50c051b-5569-418c-8b3d-5dde7eb77824	14	73563196	106877229	21091	-0.0588
b50c051b-5569-418c-8b3d-5dde7eb77824	15	19811075	19936704	24	-0.1943
b50c051b-5569-418c-8b3d-5dde7eb77824	15	19938156	20064520	30	-0.714
b50c051b-5569-418c-8b3d-5dde7eb77824	15	20187568	20376311	41	0.0776
b50c051b-5569-418c-8b3d-5dde7eb77824	15	20380735	20384774	11	0.7825
b50c051b-5569-418c-8b3d-5dde7eb77824	15	20384789	20670516	44	0.0656
b50c051b-5569-418c-8b3d-5dde7eb77824	15	20670989	21071626	14	-0.7509
b50c051b-5569-418c-8b3d-5dde7eb77824	15	21078947	22455811	46	0.1667
b50c051b-5569-418c-8b3d-5dde7eb77824	15	22483983	26336669	2349	-0.5719
b50c051b-5569-418c-8b3d-5dde7eb77824	15	26336736	26341930	5	-3.2888
b50c051b-5569-418c-8b3d-5dde7eb77824	15	26344132	36944141	6563	-0.5758
b50c051b-5569-418c-8b3d-5dde7eb77824	15	36946398	36951985	2	-3.3653
b50c051b-5569-418c-8b3d-5dde7eb77824	15	36952715	39537027	1885	-0.5707
b50c051b-5569-418c-8b3d-5dde7eb77824	15	39537334	39542236	5	-4.0808
b50c051b-5569-418c-8b3d-5dde7eb77824	15	39546650	41992602	1254	-0.5914
b50c051b-5569-418c-8b3d-5dde7eb77824	15	41993297	42596671	374	-0.0587
b50c051b-5569-418c-8b3d-5dde7eb77824	15	42596849	46408513	1811	-0.5461
b50c051b-5569-418c-8b3d-5dde7eb77824	15	46408651	64983406	12541	-0.055
b50c051b-5569-418c-8b3d-5dde7eb77824	15	64987252	65270094	125	0.3051
b50c051b-5569-418c-8b3d-5dde7eb77824	15	65270254	101928837	24227	-0.0558
b50c051b-5569-418c-8b3d-5dde7eb77824	16	10777	41192	11	-0.0083
b50c051b-5569-418c-8b3d-5dde7eb77824	16	44808	1204369	406	0.2013
b50c051b-5569-418c-8b3d-5dde7eb77824	16	1222472	1855873	250	0.5381
b50c051b-5569-418c-8b3d-5dde7eb77824	16	1862020	4536969	1219	0.247
b50c051b-5569-418c-8b3d-5dde7eb77824	16	4543039	14542484	9129	0.3047
b50c051b-5569-418c-8b3d-5dde7eb77824	16	14548645	19004112	1856	0.2332
b50c051b-5569-418c-8b3d-5dde7eb77824	16	19009338	21735181	1612	0.309
b50c051b-5569-418c-8b3d-5dde7eb77824	16	21735632	21776197	7	-0.8192
b50c051b-5569-418c-8b3d-5dde7eb77824	16	21806139	27022880	3433	0.2977
b50c051b-5569-418c-8b3d-5dde7eb77824	16	27023153	34060396	2091	0.2318
b50c051b-5569-418c-8b3d-5dde7eb77824	16	34061892	35225230	116	-0.065
b50c051b-5569-418c-8b3d-5dde7eb77824	16	35225338	35504305	159	0.2525
b50c051b-5569-418c-8b3d-5dde7eb77824	16	35504422	46474548	149	-0.0842
b50c051b-5569-418c-8b3d-5dde7eb77824	16	46476005	46581419	39	0.3198
b50c051b-5569-418c-8b3d-5dde7eb77824	16	46581450	55761136	6402	-0.0423
b50c051b-5569-418c-8b3d-5dde7eb77824	16	55762477	55788532	22	-2.4015
b50c051b-5569-418c-8b3d-5dde7eb77824	16	55808442	55824881	13	0.582
b50c051b-5569-418c-8b3d-5dde7eb77824	16	55834527	62335299	4060	-0.0544
b50c051b-5569-418c-8b3d-5dde7eb77824	16	62336257	62495672	100	0.5683
b50c051b-5569-418c-8b3d-5dde7eb77824	16	62505522	66442921	2918	-0.0284
b50c051b-5569-418c-8b3d-5dde7eb77824	16	66443041	67549919	479	0.2616
b50c051b-5569-418c-8b3d-5dde7eb77824	16	67550756	68078139	186	0.4961
b50c051b-5569-418c-8b3d-5dde7eb77824	16	68082115	68156637	30	0.0118
b50c051b-5569-418c-8b3d-5dde7eb77824	16	68161338	68534976	196	0.5542
b50c051b-5569-418c-8b3d-5dde7eb77824	16	68535742	78337711	6262	-0.0339
b50c051b-5569-418c-8b3d-5dde7eb77824	16	78338543	78350868	16	-1.9159
b50c051b-5569-418c-8b3d-5dde7eb77824	16	78351104	83940293	6284	-0.0368
b50c051b-5569-418c-8b3d-5dde7eb77824	16	83940313	84937430	867	-0.1426
b50c051b-5569-418c-8b3d-5dde7eb77824	16	84937817	88794990	2846	-0.0508
b50c051b-5569-418c-8b3d-5dde7eb77824	16	88796330	89190888	117	0.2852
b50c051b-5569-418c-8b3d-5dde7eb77824	16	89204009	90096867	456	-0.135
b50c051b-5569-418c-8b3d-5dde7eb77824	17	150733	27908024	13286	-0.5973
b50c051b-5569-418c-8b3d-5dde7eb77824	17	27910218	38914405	6130	-0.0614
b50c051b-5569-418c-8b3d-5dde7eb77824	17	38915939	39561124	283	0.2949
b50c051b-5569-418c-8b3d-5dde7eb77824	17	39562980	47778590	4123	-0.0658
b50c051b-5569-418c-8b3d-5dde7eb77824	17	47781470	48508528	419	0.3092
b50c051b-5569-418c-8b3d-5dde7eb77824	17	48508760	51051763	1312	-0.1058
b50c051b-5569-418c-8b3d-5dde7eb77824	17	51059417	57376451	4537	-0.0349
b50c051b-5569-418c-8b3d-5dde7eb77824	17	57376634	58134739	533	-0.0893
b50c051b-5569-418c-8b3d-5dde7eb77824	17	58135153	58136733	4	-1.913
b50c051b-5569-418c-8b3d-5dde7eb77824	17	58140037	62351641	2040	-0.0655
b50c051b-5569-418c-8b3d-5dde7eb77824	17	62352546	62354007	5	-1.8253
b50c051b-5569-418c-8b3d-5dde7eb77824	17	62355992	63882092	671	-0.0501
b50c051b-5569-418c-8b3d-5dde7eb77824	17	63892837	64498098	305	0.2843
b50c051b-5569-418c-8b3d-5dde7eb77824	17	64503583	73851784	6427	-0.035
b50c051b-5569-418c-8b3d-5dde7eb77824	17	73852783	75014924	690	-0.1177
b50c051b-5569-418c-8b3d-5dde7eb77824	17	75015472	75292850	119	0.2592
b50c051b-5569-418c-8b3d-5dde7eb77824	17	75293215	82294743	3513	-0.0866
b50c051b-5569-418c-8b3d-5dde7eb77824	17	82295078	83091923	400	0.2829
b50c051b-5569-418c-8b3d-5dde7eb77824	18	48133	12895284	9131	-0.5891
b50c051b-5569-418c-8b3d-5dde7eb77824	18	12903373	36299194	10573	-0.0515
b50c051b-5569-418c-8b3d-5dde7eb77824	18	36299434	36423064	112	-0.5928
b50c051b-5569-418c-8b3d-5dde7eb77824	18	36423985	36634348	218	-1.4657
b50c051b-5569-418c-8b3d-5dde7eb77824	18	36634501	36924544	249	-0.5294
b50c051b-5569-418c-8b3d-5dde7eb77824	18	36925296	40680516	2391	-0.0525
b50c051b-5569-418c-8b3d-5dde7eb77824	18	40680526	40689848	16	-1.2724
b50c051b-5569-418c-8b3d-5dde7eb77824	18	40690108	66054343	17444	-0.0691
b50c051b-5569-418c-8b3d-5dde7eb77824	18	66060256	66061104	12	-1.5517
b50c051b-5569-418c-8b3d-5dde7eb77824	18	66065502	80238230	10387	-0.0588
b50c051b-5569-418c-8b3d-5dde7eb77824	18	80239723	80257174	11	-0.3427
b50c051b-5569-418c-8b3d-5dde7eb77824	19	90910	2974629	778	0.2599
b50c051b-5569-418c-8b3d-5dde7eb77824	19	2982836	3308098	109	0.5981
b50c051b-5569-418c-8b3d-5dde7eb77824	19	3319720	3342948	14	1.0408
b50c051b-5569-418c-8b3d-5dde7eb77824	19	3348271	3599136	64	0.5354
b50c051b-5569-418c-8b3d-5dde7eb77824	19	3605541	3851673	65	0.2776
b50c051b-5569-418c-8b3d-5dde7eb77824	19	3856450	5354579	472	0.5421
b50c051b-5569-418c-8b3d-5dde7eb77824	19	5357126	6901183	751	0.659
b50c051b-5569-418c-8b3d-5dde7eb77824	19	6901231	7628865	360	0.548
b50c051b-5569-418c-8b3d-5dde7eb77824	19	7629135	8515718	378	0.2442
b50c051b-5569-418c-8b3d-5dde7eb77824	19	8520034	10451476	999	0.6285
b50c051b-5569-418c-8b3d-5dde7eb77824	19	10461930	10705273	109	0.2609
b50c051b-5569-418c-8b3d-5dde7eb77824	19	10708499	10866574	68	0.5601
b50c051b-5569-418c-8b3d-5dde7eb77824	19	10867298	10882455	5	1.4869
b50c051b-5569-418c-8b3d-5dde7eb77824	19	10884682	11096865	93	0.6659
b50c051b-5569-418c-8b3d-5dde7eb77824	19	11097533	12831936	856	0.2936
b50c051b-5569-418c-8b3d-5dde7eb77824	19	12836093	13706238	401	0.531
b50c051b-5569-418c-8b3d-5dde7eb77824	19	13706502	16084561	1370	0.8048
b50c051b-5569-418c-8b3d-5dde7eb77824	19	16087235	16246497	80	0.5063
b50c051b-5569-418c-8b3d-5dde7eb77824	19	16246646	17178291	484	0.2762
b50c051b-5569-418c-8b3d-5dde7eb77824	19	17180933	18129488	384	0.5805
b50c051b-5569-418c-8b3d-5dde7eb77824	19	18129573	18792999	242	0.3062
b50c051b-5569-418c-8b3d-5dde7eb77824	19	18797707	19094126	125	0.822
b50c051b-5569-418c-8b3d-5dde7eb77824	19	19097287	19161382	39	1.1845
b50c051b-5569-418c-8b3d-5dde7eb77824	19	19167740	22136619	1652	0.5845
b50c051b-5569-418c-8b3d-5dde7eb77824	19	22137090	22155963	8	-0.3317
b50c051b-5569-418c-8b3d-5dde7eb77824	19	22159103	24322835	1232	0.5918
b50c051b-5569-418c-8b3d-5dde7eb77824	19	24324322	27581903	52	0.2251
b50c051b-5569-418c-8b3d-5dde7eb77824	19	27582051	35175971	5337	0.3385
b50c051b-5569-418c-8b3d-5dde7eb77824	19	35175987	44401739	4810	0.2906
b50c051b-5569-418c-8b3d-5dde7eb77824	19	44402359	44402382	2	-1.8255
b50c051b-5569-418c-8b3d-5dde7eb77824	19	44402845	46435531	934	0.2857
b50c051b-5569-418c-8b3d-5dde7eb77824	19	46443416	46667387	96	0.6155
b50c051b-5569-418c-8b3d-5dde7eb77824	19	46668200	58586487	6711	0.2925
b50c051b-5569-418c-8b3d-5dde7eb77824	20	80664	1580353	1201	-0.0706
b50c051b-5569-418c-8b3d-5dde7eb77824	20	1580934	1613203	40	1.9419
b50c051b-5569-418c-8b3d-5dde7eb77824	20	1613247	5880860	3074	-0.0839
b50c051b-5569-418c-8b3d-5dde7eb77824	20	5881800	14812166	6814	-0.0337
b50c051b-5569-418c-8b3d-5dde7eb77824	20	14812188	14812192	2	-2.0993
b50c051b-5569-418c-8b3d-5dde7eb77824	20	14812769	15536080	664	-0.0769
b50c051b-5569-418c-8b3d-5dde7eb77824	20	15536757	15537925	2	-1.7851
b50c051b-5569-418c-8b3d-5dde7eb77824	20	15538402	30185676	8160	-0.0481
b50c051b-5569-418c-8b3d-5dde7eb77824	20	30193847	30295239	18	-0.8113
b50c051b-5569-418c-8b3d-5dde7eb77824	20	30299006	37621306	3177	-0.0662
b50c051b-5569-418c-8b3d-5dde7eb77824	20	37621900	38116877	340	0.316
b50c051b-5569-418c-8b3d-5dde7eb77824	20	38117563	41326852	2182	-0.0419
b50c051b-5569-418c-8b3d-5dde7eb77824	20	41327874	41632434	157	0.3371
b50c051b-5569-418c-8b3d-5dde7eb77824	20	41634817	64324800	16411	-0.0561
b50c051b-5569-418c-8b3d-5dde7eb77824	21	10354168	13028413	96	-0.3873
b50c051b-5569-418c-8b3d-5dde7eb77824	21	13028693	24870778	8266	-0.057
b50c051b-5569-418c-8b3d-5dde7eb77824	21	24872606	28390124	2603	0.3062
b50c051b-5569-418c-8b3d-5dde7eb77824	21	28390725	33125781	3305	-0.0603
b50c051b-5569-418c-8b3d-5dde7eb77824	21	33128821	34860683	1140	0.2982
b50c051b-5569-418c-8b3d-5dde7eb77824	21	34860879	46677045	8383	-0.0687
b50c051b-5569-418c-8b3d-5dde7eb77824	22	15294547	18966491	1135	-0.5833
b50c051b-5569-418c-8b3d-5dde7eb77824	22	18968690	20656845	1079	-0.7077
b50c051b-5569-418c-8b3d-5dde7eb77824	22	20656929	36261862	11303	-0.585
b50c051b-5569-418c-8b3d-5dde7eb77824	22	36262488	36267202	3	-3.9366
b50c051b-5569-418c-8b3d-5dde7eb77824	22	36267956	38924823	1521	-0.6252
b50c051b-5569-418c-8b3d-5dde7eb77824	22	38924885	39352122	207	-0.1312
b50c051b-5569-418c-8b3d-5dde7eb77824	22	39352366	47356532	5136	-0.6028
b50c051b-5569-418c-8b3d-5dde7eb77824	22	47356572	47357764	3	-3.9432
b50c051b-5569-418c-8b3d-5dde7eb77824	22	47357825	50796027	2628	-0.6453
b50c051b-5569-418c-8b3d-5dde7eb77824	X	251810	19837895	11922	-0.0554
b50c051b-5569-418c-8b3d-5dde7eb77824	X	19840305	20375277	208	0.3504
b50c051b-5569-418c-8b3d-5dde7eb77824	X	20376207	32918085	8265	-0.045
b50c051b-5569-418c-8b3d-5dde7eb77824	X	32919264	33168980	191	-0.6965
b50c051b-5569-418c-8b3d-5dde7eb77824	X	33173198	63193211	12892	-0.0411
b50c051b-5569-418c-8b3d-5dde7eb77824	X	63250575	63285991	21	0.9785
b50c051b-5569-418c-8b3d-5dde7eb77824	X	63297125	97072240	16550	-0.0544
b50c051b-5569-418c-8b3d-5dde7eb77824	X	97073149	97250618	110	-0.6817
b50c051b-5569-418c-8b3d-5dde7eb77824	X	97252144	115684075	9762	-0.0551
b50c051b-5569-418c-8b3d-5dde7eb77824	X	115686981	115687125	2	-3.6049
b50c051b-5569-418c-8b3d-5dde7eb77824	X	115690491	121066790	3072	-0.0508
b50c051b-5569-418c-8b3d-5dde7eb77824	X	121067707	121269110	141	-0.5726
b50c051b-5569-418c-8b3d-5dde7eb77824	X	121270848	121270926	4	0.412
b50c051b-5569-418c-8b3d-5dde7eb77824	X	121274693	121593514	199	-0.5727
b50c051b-5569-418c-8b3d-5dde7eb77824	X	121594701	135685420	7876	-0.0557
b50c051b-5569-418c-8b3d-5dde7eb77824	X	135690395	153152197	11163	0.3276
b50c051b-5569-418c-8b3d-5dde7eb77824	X	153152501	153672571	297	0.6287
b50c051b-5569-418c-8b3d-5dde7eb77824	X	153675857	155952689	806	0.308
b50c051b-5569-418c-8b3d-5dde7eb77824	Y	2782397	3314408	191	-2.905
b50c051b-5569-418c-8b3d-5dde7eb77824	Y	3326047	6071948	527	-2.5592
b50c051b-5569-418c-8b3d-5dde7eb77824	Y	6075631	9330531	1510	-3.0994
b50c051b-5569-418c-8b3d-5dde7eb77824	Y	9332936	9554275	25	-4.72
b50c051b-5569-418c-8b3d-5dde7eb77824	Y	9554586	13478396	1012	-2.9416
b50c051b-5569-418c-8b3d-5dde7eb77824	Y	13478462	13482643	3	-7.5522
b50c051b-5569-418c-8b3d-5dde7eb77824	Y	13483009	56872112	3372	-3.0345
