GDC_Aliquot	Chromosome	Start	End	Num_Probes	Segment_Mean
0389b7f4-3b8e-48ab-8cbe-9b0523668dd2	1	62920	783283	24	-0.0355
0389b7f4-3b8e-48ab-8cbe-9b0523668dd2	1	787937	54793923	29694	-0.6373
0389b7f4-3b8e-48ab-8cbe-9b0523668dd2	1	54795278	54795717	4	-5.4791
0389b7f4-3b8e-48ab-8cbe-9b0523668dd2	1	54796493	72284670	12396	-0.6584
0389b7f4-3b8e-48ab-8cbe-9b0523668dd2	1	72290430	72297687	9	-2.7085
0389b7f4-3b8e-48ab-8cbe-9b0523668dd2	1	72302735	72345465	48	0.6327
0389b7f4-3b8e-48ab-8cbe-9b0523668dd2	1	72346221	81422771	5700	-0.6398
0389b7f4-3b8e-48ab-8cbe-9b0523668dd2	1	81422917	81422920	2	1.9872
0389b7f4-3b8e-48ab-8cbe-9b0523668dd2	1	81422982	87718970	4203	-0.6568
0389b7f4-3b8e-48ab-8cbe-9b0523668dd2	1	87719476	97242691	6042	0.1684
0389b7f4-3b8e-48ab-8cbe-9b0523668dd2	1	97245871	107412444	6095	-0.641
0389b7f4-3b8e-48ab-8cbe-9b0523668dd2	1	107412681	108223733	645	0.1447
0389b7f4-3b8e-48ab-8cbe-9b0523668dd2	1	108226680	108274557	2	-3.1733
0389b7f4-3b8e-48ab-8cbe-9b0523668dd2	1	108310648	108613662	132	0.1824
0389b7f4-3b8e-48ab-8cbe-9b0523668dd2	1	108614257	109679105	533	-0.6421
0389b7f4-3b8e-48ab-8cbe-9b0523668dd2	1	109684695	109697556	14	1.3242
0389b7f4-3b8e-48ab-8cbe-9b0523668dd2	1	109702376	116657749	4791	-0.6349
0389b7f4-3b8e-48ab-8cbe-9b0523668dd2	1	116657782	152587808	4687	0.1629
0389b7f4-3b8e-48ab-8cbe-9b0523668dd2	1	152588065	152600940	14	-1.4992
0389b7f4-3b8e-48ab-8cbe-9b0523668dd2	1	152602773	152618018	14	-0.4649
0389b7f4-3b8e-48ab-8cbe-9b0523668dd2	1	152618089	152784298	160	0.1833
0389b7f4-3b8e-48ab-8cbe-9b0523668dd2	1	152784330	152789918	11	0.7574
0389b7f4-3b8e-48ab-8cbe-9b0523668dd2	1	152789962	152790191	5	-0.1523
0389b7f4-3b8e-48ab-8cbe-9b0523668dd2	1	152790286	152796224	24	1.1383
0389b7f4-3b8e-48ab-8cbe-9b0523668dd2	1	152801429	193186662	26829	0.1615
0389b7f4-3b8e-48ab-8cbe-9b0523668dd2	1	193187149	193187218	4	2.3625
0389b7f4-3b8e-48ab-8cbe-9b0523668dd2	1	193190593	196873141	2456	0.1576
0389b7f4-3b8e-48ab-8cbe-9b0523668dd2	1	196874041	196878339	15	-0.9458
0389b7f4-3b8e-48ab-8cbe-9b0523668dd2	1	196878845	240230732	29647	0.1568
0389b7f4-3b8e-48ab-8cbe-9b0523668dd2	1	240230748	240230824	3	-1.8402
0389b7f4-3b8e-48ab-8cbe-9b0523668dd2	1	240230839	247775109	5191	0.1688
0389b7f4-3b8e-48ab-8cbe-9b0523668dd2	1	247775446	247775555	2	2.8101
0389b7f4-3b8e-48ab-8cbe-9b0523668dd2	1	247775696	248930189	621	0.1978
0389b7f4-3b8e-48ab-8cbe-9b0523668dd2	2	12784	3001685	2073	0.1622
0389b7f4-3b8e-48ab-8cbe-9b0523668dd2	2	3003281	11847461	6794	-0.6378
0389b7f4-3b8e-48ab-8cbe-9b0523668dd2	2	11847806	11851739	6	-3.0919
0389b7f4-3b8e-48ab-8cbe-9b0523668dd2	2	11852257	34492775	14886	-0.6352
0389b7f4-3b8e-48ab-8cbe-9b0523668dd2	2	34492790	34511990	19	-1.9548
0389b7f4-3b8e-48ab-8cbe-9b0523668dd2	2	34512096	44275649	7034	-0.6378
0389b7f4-3b8e-48ab-8cbe-9b0523668dd2	2	44276990	44335710	42	-3.7466
0389b7f4-3b8e-48ab-8cbe-9b0523668dd2	2	44336418	73866669	19211	-0.6236
0389b7f4-3b8e-48ab-8cbe-9b0523668dd2	2	73866706	74112183	184	-3.2397
0389b7f4-3b8e-48ab-8cbe-9b0523668dd2	2	74115410	91776664	8998	-0.6271
0389b7f4-3b8e-48ab-8cbe-9b0523668dd2	2	91779160	159102108	37849	0.1699
0389b7f4-3b8e-48ab-8cbe-9b0523668dd2	2	159103831	159104461	2	-2.7675
0389b7f4-3b8e-48ab-8cbe-9b0523668dd2	2	159106775	184451949	15757	0.1722
0389b7f4-3b8e-48ab-8cbe-9b0523668dd2	2	184452153	184455332	4	1.829
0389b7f4-3b8e-48ab-8cbe-9b0523668dd2	2	184460792	207490231	13150	0.1672
0389b7f4-3b8e-48ab-8cbe-9b0523668dd2	2	207490454	207494612	15	-2.4693
0389b7f4-3b8e-48ab-8cbe-9b0523668dd2	2	207494752	242147305	21919	0.1755
0389b7f4-3b8e-48ab-8cbe-9b0523668dd2	3	20930	4271140	3782	0.2226
0389b7f4-3b8e-48ab-8cbe-9b0523668dd2	3	4271519	6604856	1953	0.1799
0389b7f4-3b8e-48ab-8cbe-9b0523668dd2	3	6609441	6611645	23	-0.4364
0389b7f4-3b8e-48ab-8cbe-9b0523668dd2	3	6613391	161996982	95620	0.1616
0389b7f4-3b8e-48ab-8cbe-9b0523668dd2	3	161997563	162813082	535	0.2141
0389b7f4-3b8e-48ab-8cbe-9b0523668dd2	3	162815162	162898127	49	0.7812
0389b7f4-3b8e-48ab-8cbe-9b0523668dd2	3	162906054	165411694	1400	0.1787
0389b7f4-3b8e-48ab-8cbe-9b0523668dd2	3	165411750	165411778	2	2.7752
0389b7f4-3b8e-48ab-8cbe-9b0523668dd2	3	165412045	169402950	2310	0.1496
0389b7f4-3b8e-48ab-8cbe-9b0523668dd2	3	169403392	169403632	2	-2.0323
0389b7f4-3b8e-48ab-8cbe-9b0523668dd2	3	169405552	189642489	12825	0.1636
0389b7f4-3b8e-48ab-8cbe-9b0523668dd2	3	189642965	189646849	12	-0.7835
0389b7f4-3b8e-48ab-8cbe-9b0523668dd2	3	189653199	193162684	2476	0.1694
0389b7f4-3b8e-48ab-8cbe-9b0523668dd2	3	193162798	193165114	12	-0.8958
0389b7f4-3b8e-48ab-8cbe-9b0523668dd2	3	193168646	195719958	1499	0.1722
0389b7f4-3b8e-48ab-8cbe-9b0523668dd2	3	195720051	195795450	36	-0.3689
0389b7f4-3b8e-48ab-8cbe-9b0523668dd2	3	195799712	198169247	1146	0.1413
0389b7f4-3b8e-48ab-8cbe-9b0523668dd2	4	68929	445794	165	0.1296
0389b7f4-3b8e-48ab-8cbe-9b0523668dd2	4	450057	936489	161	-0.0567
0389b7f4-3b8e-48ab-8cbe-9b0523668dd2	4	936638	10229874	5361	0.1748
0389b7f4-3b8e-48ab-8cbe-9b0523668dd2	4	10232590	10232642	2	2.2744
0389b7f4-3b8e-48ab-8cbe-9b0523668dd2	4	10232984	44154323	22949	0.1551
0389b7f4-3b8e-48ab-8cbe-9b0523668dd2	4	44156243	49656595	2843	-0.6584
0389b7f4-3b8e-48ab-8cbe-9b0523668dd2	4	51819533	54631494	1808	0.1445
0389b7f4-3b8e-48ab-8cbe-9b0523668dd2	4	54631719	54659666	15	0.7745
0389b7f4-3b8e-48ab-8cbe-9b0523668dd2	4	54660796	56637762	1312	0.1324
0389b7f4-3b8e-48ab-8cbe-9b0523668dd2	4	56640405	56640521	2	-1.9524
0389b7f4-3b8e-48ab-8cbe-9b0523668dd2	4	56640619	68354665	7215	0.1608
0389b7f4-3b8e-48ab-8cbe-9b0523668dd2	4	68361130	68395346	6	1.6222
0389b7f4-3b8e-48ab-8cbe-9b0523668dd2	4	68416487	69120690	324	0.1993
0389b7f4-3b8e-48ab-8cbe-9b0523668dd2	4	69121320	69310258	101	0.4305
0389b7f4-3b8e-48ab-8cbe-9b0523668dd2	4	69311290	78700285	5941	0.1518
0389b7f4-3b8e-48ab-8cbe-9b0523668dd2	4	78701254	107916653	17184	-0.6766
0389b7f4-3b8e-48ab-8cbe-9b0523668dd2	4	107916955	137017547	16923	0.1552
0389b7f4-3b8e-48ab-8cbe-9b0523668dd2	4	137017561	137018350	10	1.0449
0389b7f4-3b8e-48ab-8cbe-9b0523668dd2	4	137018622	137170949	108	0.1746
0389b7f4-3b8e-48ab-8cbe-9b0523668dd2	4	137171041	137171910	14	-0.5518
0389b7f4-3b8e-48ab-8cbe-9b0523668dd2	4	137172260	171448195	21206	0.1548
0389b7f4-3b8e-48ab-8cbe-9b0523668dd2	4	171453733	171456625	12	2.1241
0389b7f4-3b8e-48ab-8cbe-9b0523668dd2	4	171459220	180250524	5502	0.175
0389b7f4-3b8e-48ab-8cbe-9b0523668dd2	4	180250910	180349270	77	-0.6771
0389b7f4-3b8e-48ab-8cbe-9b0523668dd2	4	180349836	188284283	5632	0.1693
0389b7f4-3b8e-48ab-8cbe-9b0523668dd2	4	188289697	188344120	75	-0.7089
0389b7f4-3b8e-48ab-8cbe-9b0523668dd2	4	188344900	190106768	1081	0.1699
0389b7f4-3b8e-48ab-8cbe-9b0523668dd2	5	15532	1300469	579	0.6019
0389b7f4-3b8e-48ab-8cbe-9b0523668dd2	5	1308959	1805440	284	-0.8707
0389b7f4-3b8e-48ab-8cbe-9b0523668dd2	5	1806539	2523647	606	0.707
0389b7f4-3b8e-48ab-8cbe-9b0523668dd2	5	2523740	12785150	8564	-0.6985
0389b7f4-3b8e-48ab-8cbe-9b0523668dd2	5	12790757	12819201	7	0.8137
0389b7f4-3b8e-48ab-8cbe-9b0523668dd2	5	12819263	15618584	1877	-0.6784
0389b7f4-3b8e-48ab-8cbe-9b0523668dd2	5	15621817	16614589	712	0.7188
0389b7f4-3b8e-48ab-8cbe-9b0523668dd2	5	16621618	18453901	1101	-0.6761
0389b7f4-3b8e-48ab-8cbe-9b0523668dd2	5	18458441	18804949	201	0.6858
0389b7f4-3b8e-48ab-8cbe-9b0523668dd2	5	18809311	19155021	227	-0.5838
0389b7f4-3b8e-48ab-8cbe-9b0523668dd2	5	19156899	19173853	12	0.8518
0389b7f4-3b8e-48ab-8cbe-9b0523668dd2	5	19177268	21974659	1614	-0.6452
0389b7f4-3b8e-48ab-8cbe-9b0523668dd2	5	21976378	22001290	6	-0.1012
0389b7f4-3b8e-48ab-8cbe-9b0523668dd2	5	22002945	22882191	429	0.674
0389b7f4-3b8e-48ab-8cbe-9b0523668dd2	5	22885290	23065517	112	1.3495
0389b7f4-3b8e-48ab-8cbe-9b0523668dd2	5	23067978	23128283	46	0.6744
0389b7f4-3b8e-48ab-8cbe-9b0523668dd2	5	23132117	23698713	343	-0.6814
0389b7f4-3b8e-48ab-8cbe-9b0523668dd2	5	23701290	32102625	5271	0.6884
0389b7f4-3b8e-48ab-8cbe-9b0523668dd2	5	32106978	32158349	40	1.3461
0389b7f4-3b8e-48ab-8cbe-9b0523668dd2	5	32170181	34169914	1309	0.6515
0389b7f4-3b8e-48ab-8cbe-9b0523668dd2	5	34170265	34537572	153	0.2388
0389b7f4-3b8e-48ab-8cbe-9b0523668dd2	5	34538037	34827939	230	0.7352
0389b7f4-3b8e-48ab-8cbe-9b0523668dd2	5	34833276	36701556	1327	0.1728
0389b7f4-3b8e-48ab-8cbe-9b0523668dd2	5	36702340	39691505	1916	0.6823
0389b7f4-3b8e-48ab-8cbe-9b0523668dd2	5	39692063	39777997	60	0.1514
0389b7f4-3b8e-48ab-8cbe-9b0523668dd2	5	39779711	40022176	178	0.6979
0389b7f4-3b8e-48ab-8cbe-9b0523668dd2	5	40023146	40108847	60	0.2822
0389b7f4-3b8e-48ab-8cbe-9b0523668dd2	5	40109072	40379587	188	0.6985
0389b7f4-3b8e-48ab-8cbe-9b0523668dd2	5	40389511	99292623	31545	0.1652
0389b7f4-3b8e-48ab-8cbe-9b0523668dd2	5	99295603	100832826	879	0.2738
0389b7f4-3b8e-48ab-8cbe-9b0523668dd2	5	100833950	156049910	35247	0.1644
0389b7f4-3b8e-48ab-8cbe-9b0523668dd2	5	156049988	156055719	12	-2.265
0389b7f4-3b8e-48ab-8cbe-9b0523668dd2	5	156068240	180951888	16482	0.1673
0389b7f4-3b8e-48ab-8cbe-9b0523668dd2	5	180953203	181015400	19	0.9085
0389b7f4-3b8e-48ab-8cbe-9b0523668dd2	5	181015441	181363319	166	0.0613
0389b7f4-3b8e-48ab-8cbe-9b0523668dd2	6	149661	29906865	21498	0.1711
0389b7f4-3b8e-48ab-8cbe-9b0523668dd2	6	29906932	29933799	14	-0.9146
0389b7f4-3b8e-48ab-8cbe-9b0523668dd2	6	29940692	31313046	632	0.2165
0389b7f4-3b8e-48ab-8cbe-9b0523668dd2	6	31318499	31349920	13	1.3435
0389b7f4-3b8e-48ab-8cbe-9b0523668dd2	6	31350387	76730151	26228	0.1689
0389b7f4-3b8e-48ab-8cbe-9b0523668dd2	6	76730331	76742675	15	-2.6347
0389b7f4-3b8e-48ab-8cbe-9b0523668dd2	6	76742729	78253172	974	0.1625
0389b7f4-3b8e-48ab-8cbe-9b0523668dd2	6	78259348	78325468	110	-1.6854
0389b7f4-3b8e-48ab-8cbe-9b0523668dd2	6	78329517	93808399	9842	0.1685
0389b7f4-3b8e-48ab-8cbe-9b0523668dd2	6	93812093	94920300	727	0.2729
0389b7f4-3b8e-48ab-8cbe-9b0523668dd2	6	94920886	100922982	3375	0.1429
0389b7f4-3b8e-48ab-8cbe-9b0523668dd2	6	100923311	103286950	1389	-0.6638
0389b7f4-3b8e-48ab-8cbe-9b0523668dd2	6	103286954	103317855	50	0.3176
0389b7f4-3b8e-48ab-8cbe-9b0523668dd2	6	103320903	107866829	2854	-0.6834
0389b7f4-3b8e-48ab-8cbe-9b0523668dd2	6	107868735	111073399	1899	0.1718
0389b7f4-3b8e-48ab-8cbe-9b0523668dd2	6	111073435	122148826	6521	-0.6767
0389b7f4-3b8e-48ab-8cbe-9b0523668dd2	6	122150555	122294279	68	0.2099
0389b7f4-3b8e-48ab-8cbe-9b0523668dd2	6	122294548	170741917	32166	-0.6882
0389b7f4-3b8e-48ab-8cbe-9b0523668dd2	7	43355	8019603	4394	0.1533
0389b7f4-3b8e-48ab-8cbe-9b0523668dd2	7	8024879	8025481	3	-1.6808
0389b7f4-3b8e-48ab-8cbe-9b0523668dd2	7	8031606	8670167	535	0.1685
0389b7f4-3b8e-48ab-8cbe-9b0523668dd2	7	8672811	9001908	312	0.3597
0389b7f4-3b8e-48ab-8cbe-9b0523668dd2	7	9002040	9135141	117	0.2348
0389b7f4-3b8e-48ab-8cbe-9b0523668dd2	7	9138746	9138993	4	-1.5048
0389b7f4-3b8e-48ab-8cbe-9b0523668dd2	7	9139659	54305455	32821	0.166
0389b7f4-3b8e-48ab-8cbe-9b0523668dd2	7	54318812	54318824	6	-1.9212
0389b7f4-3b8e-48ab-8cbe-9b0523668dd2	7	54325795	88781418	15939	0.1448
0389b7f4-3b8e-48ab-8cbe-9b0523668dd2	7	88781726	90255387	958	0.2549
0389b7f4-3b8e-48ab-8cbe-9b0523668dd2	7	90255511	91728554	1027	0.1446
0389b7f4-3b8e-48ab-8cbe-9b0523668dd2	7	91728979	91729225	3	2.5247
0389b7f4-3b8e-48ab-8cbe-9b0523668dd2	7	91729456	134100442	24958	0.1506
0389b7f4-3b8e-48ab-8cbe-9b0523668dd2	7	134100458	134114093	33	0.7533
0389b7f4-3b8e-48ab-8cbe-9b0523668dd2	7	134114401	142063324	5148	0.1564
0389b7f4-3b8e-48ab-8cbe-9b0523668dd2	7	142069843	142109917	41	-0.5254
0389b7f4-3b8e-48ab-8cbe-9b0523668dd2	7	142113214	159334314	10785	0.1619
0389b7f4-3b8e-48ab-8cbe-9b0523668dd2	8	81254	453270	186	-0.731
0389b7f4-3b8e-48ab-8cbe-9b0523668dd2	8	457746	460640	6	-4.6747
0389b7f4-3b8e-48ab-8cbe-9b0523668dd2	8	462267	5039421	4834	-0.6842
0389b7f4-3b8e-48ab-8cbe-9b0523668dd2	8	5042567	5043369	4	-3.7383
0389b7f4-3b8e-48ab-8cbe-9b0523668dd2	8	5046487	15050386	8124	-0.6857
0389b7f4-3b8e-48ab-8cbe-9b0523668dd2	8	15051504	15051830	3	-5.8276
0389b7f4-3b8e-48ab-8cbe-9b0523668dd2	8	15052536	32329669	12884	-0.6858
0389b7f4-3b8e-48ab-8cbe-9b0523668dd2	8	32332240	32340134	16	-4.3046
0389b7f4-3b8e-48ab-8cbe-9b0523668dd2	8	32340397	32821348	402	-0.6986
0389b7f4-3b8e-48ab-8cbe-9b0523668dd2	8	32825580	32830895	8	0.5402
0389b7f4-3b8e-48ab-8cbe-9b0523668dd2	8	32834588	39373140	3536	-0.6998
0389b7f4-3b8e-48ab-8cbe-9b0523668dd2	8	39378084	39529446	59	0.2057
0389b7f4-3b8e-48ab-8cbe-9b0523668dd2	8	39530780	40326280	583	-0.6735
0389b7f4-3b8e-48ab-8cbe-9b0523668dd2	8	40326286	40331992	31	-2.2076
0389b7f4-3b8e-48ab-8cbe-9b0523668dd2	8	40335391	41520250	810	-0.7335
0389b7f4-3b8e-48ab-8cbe-9b0523668dd2	8	41530970	140991267	61170	0.1581
0389b7f4-3b8e-48ab-8cbe-9b0523668dd2	8	140991348	142423108	859	-0.0053
0389b7f4-3b8e-48ab-8cbe-9b0523668dd2	8	142423309	145072769	942	0.1174
0389b7f4-3b8e-48ab-8cbe-9b0523668dd2	9	46587	21839133	19119	-0.6347
0389b7f4-3b8e-48ab-8cbe-9b0523668dd2	9	21846286	22019733	110	-2.5547
0389b7f4-3b8e-48ab-8cbe-9b0523668dd2	9	22020524	28309880	4594	-0.6402
0389b7f4-3b8e-48ab-8cbe-9b0523668dd2	9	28310572	28311631	2	2.441
0389b7f4-3b8e-48ab-8cbe-9b0523668dd2	9	28312063	28768840	308	-0.6348
0389b7f4-3b8e-48ab-8cbe-9b0523668dd2	9	28769190	102077362	30411	0.1605
0389b7f4-3b8e-48ab-8cbe-9b0523668dd2	9	102077386	102169373	88	0.5427
0389b7f4-3b8e-48ab-8cbe-9b0523668dd2	9	102175831	116090405	10414	0.1643
0389b7f4-3b8e-48ab-8cbe-9b0523668dd2	9	116092945	116097104	6	1.7782
0389b7f4-3b8e-48ab-8cbe-9b0523668dd2	9	116098328	116607349	362	0.1394
0389b7f4-3b8e-48ab-8cbe-9b0523668dd2	9	116608400	119377721	2336	-0.6486
0389b7f4-3b8e-48ab-8cbe-9b0523668dd2	9	119378508	138200944	10904	0.1844
0389b7f4-3b8e-48ab-8cbe-9b0523668dd2	10	45792	20561184	16840	0.1706
0389b7f4-3b8e-48ab-8cbe-9b0523668dd2	10	20564272	20564574	3	-2.2203
0389b7f4-3b8e-48ab-8cbe-9b0523668dd2	10	20564605	24088745	2175	0.1536
0389b7f4-3b8e-48ab-8cbe-9b0523668dd2	10	24088746	24088989	7	-2.2621
0389b7f4-3b8e-48ab-8cbe-9b0523668dd2	10	24088991	55196175	17864	0.1559
0389b7f4-3b8e-48ab-8cbe-9b0523668dd2	10	55196519	56331599	797	0.3011
0389b7f4-3b8e-48ab-8cbe-9b0523668dd2	10	56331833	59605153	2347	0.16
0389b7f4-3b8e-48ab-8cbe-9b0523668dd2	10	59605316	59605424	2	2.2592
0389b7f4-3b8e-48ab-8cbe-9b0523668dd2	10	59605506	65539931	3986	0.1621
0389b7f4-3b8e-48ab-8cbe-9b0523668dd2	10	65540090	65566308	40	0.8025
0389b7f4-3b8e-48ab-8cbe-9b0523668dd2	10	65566389	133415637	45698	0.1665
0389b7f4-3b8e-48ab-8cbe-9b0523668dd2	10	133416215	133416364	2	-3.0439
0389b7f4-3b8e-48ab-8cbe-9b0523668dd2	10	133419150	133654968	148	0.0241
0389b7f4-3b8e-48ab-8cbe-9b0523668dd2	11	198510	1833503	575	0.1521
0389b7f4-3b8e-48ab-8cbe-9b0523668dd2	11	1844881	2080087	50	-0.6454
0389b7f4-3b8e-48ab-8cbe-9b0523668dd2	11	2080165	23610063	15830	0.1688
0389b7f4-3b8e-48ab-8cbe-9b0523668dd2	11	23617448	23823613	100	-0.6518
0389b7f4-3b8e-48ab-8cbe-9b0523668dd2	11	23824754	26513775	1983	0.6714
0389b7f4-3b8e-48ab-8cbe-9b0523668dd2	11	26513799	28544370	1274	0.1546
0389b7f4-3b8e-48ab-8cbe-9b0523668dd2	11	28545069	29430011	538	1.0275
0389b7f4-3b8e-48ab-8cbe-9b0523668dd2	11	29430521	30893499	980	0.1804
0389b7f4-3b8e-48ab-8cbe-9b0523668dd2	11	30893763	31136848	153	0.6587
0389b7f4-3b8e-48ab-8cbe-9b0523668dd2	11	31137027	31138900	2	-1.7451
0389b7f4-3b8e-48ab-8cbe-9b0523668dd2	11	31141106	31445033	139	0.6098
0389b7f4-3b8e-48ab-8cbe-9b0523668dd2	11	31452281	36942730	4163	0.1615
0389b7f4-3b8e-48ab-8cbe-9b0523668dd2	11	36945710	37616277	451	0.3399
0389b7f4-3b8e-48ab-8cbe-9b0523668dd2	11	37623977	55591984	7926	0.1599
0389b7f4-3b8e-48ab-8cbe-9b0523668dd2	11	55592042	55767831	121	0.5051
0389b7f4-3b8e-48ab-8cbe-9b0523668dd2	11	55767950	135074876	51799	0.1607
0389b7f4-3b8e-48ab-8cbe-9b0523668dd2	12	51460	555340	291	-0.6921
0389b7f4-3b8e-48ab-8cbe-9b0523668dd2	12	558444	560144	4	-4.6503
0389b7f4-3b8e-48ab-8cbe-9b0523668dd2	12	561334	9481274	5784	-0.632
0389b7f4-3b8e-48ab-8cbe-9b0523668dd2	12	9485313	9582374	25	0.562
0389b7f4-3b8e-48ab-8cbe-9b0523668dd2	12	9583090	11350579	1150	-0.5919
0389b7f4-3b8e-48ab-8cbe-9b0523668dd2	12	11350939	11390472	35	0.515
0389b7f4-3b8e-48ab-8cbe-9b0523668dd2	12	11399258	16268391	3488	-0.6372
0389b7f4-3b8e-48ab-8cbe-9b0523668dd2	12	16275623	16558413	225	0.1483
0389b7f4-3b8e-48ab-8cbe-9b0523668dd2	12	16560463	25061686	5538	-0.6482
0389b7f4-3b8e-48ab-8cbe-9b0523668dd2	12	25061712	33785004	6411	0.1623
0389b7f4-3b8e-48ab-8cbe-9b0523668dd2	12	33785125	33785652	3	2.0677
0389b7f4-3b8e-48ab-8cbe-9b0523668dd2	12	33787888	42815499	3511	0.1551
0389b7f4-3b8e-48ab-8cbe-9b0523668dd2	12	42818897	43344680	345	0.3388
0389b7f4-3b8e-48ab-8cbe-9b0523668dd2	12	43345446	133201603	57247	0.1564
0389b7f4-3b8e-48ab-8cbe-9b0523668dd2	13	18452809	31957984	9481	0.1653
0389b7f4-3b8e-48ab-8cbe-9b0523668dd2	13	31958485	31964286	18	-0.4864
0389b7f4-3b8e-48ab-8cbe-9b0523668dd2	13	31965910	37497899	3847	0.1511
0389b7f4-3b8e-48ab-8cbe-9b0523668dd2	13	37498087	37514250	18	0.9179
0389b7f4-3b8e-48ab-8cbe-9b0523668dd2	13	37514472	50970918	9034	0.1691
0389b7f4-3b8e-48ab-8cbe-9b0523668dd2	13	50972775	50975062	2	2.5452
0389b7f4-3b8e-48ab-8cbe-9b0523668dd2	13	50975421	52266063	708	0.1516
0389b7f4-3b8e-48ab-8cbe-9b0523668dd2	13	52284657	52288372	2	1.9077
0389b7f4-3b8e-48ab-8cbe-9b0523668dd2	13	52293586	52520664	70	0.082
0389b7f4-3b8e-48ab-8cbe-9b0523668dd2	13	52523849	52531650	3	-1.9204
0389b7f4-3b8e-48ab-8cbe-9b0523668dd2	13	52543744	57189870	2605	0.172
0389b7f4-3b8e-48ab-8cbe-9b0523668dd2	13	57189903	57499451	190	0.3803
0389b7f4-3b8e-48ab-8cbe-9b0523668dd2	13	57502415	63545929	3525	0.1448
0389b7f4-3b8e-48ab-8cbe-9b0523668dd2	13	63552279	64441168	517	0.3107
0389b7f4-3b8e-48ab-8cbe-9b0523668dd2	13	64441414	70577247	3883	0.1618
0389b7f4-3b8e-48ab-8cbe-9b0523668dd2	13	70578229	71153993	372	-0.6824
0389b7f4-3b8e-48ab-8cbe-9b0523668dd2	13	71157284	105370372	22904	0.1567
0389b7f4-3b8e-48ab-8cbe-9b0523668dd2	13	105370636	105374205	2	2.797
0389b7f4-3b8e-48ab-8cbe-9b0523668dd2	13	105374508	114342922	6344	0.1742
0389b7f4-3b8e-48ab-8cbe-9b0523668dd2	14	18239283	19675350	63	0.046
0389b7f4-3b8e-48ab-8cbe-9b0523668dd2	14	19689684	19964885	114	0.6981
0389b7f4-3b8e-48ab-8cbe-9b0523668dd2	14	19964898	21870543	1255	0.1862
0389b7f4-3b8e-48ab-8cbe-9b0523668dd2	14	21871945	22496189	544	0.4889
0389b7f4-3b8e-48ab-8cbe-9b0523668dd2	14	22496204	27077990	2940	0.167
0389b7f4-3b8e-48ab-8cbe-9b0523668dd2	14	27078096	27946044	489	-0.5888
0389b7f4-3b8e-48ab-8cbe-9b0523668dd2	14	27953339	106877229	49516	0.1704
0389b7f4-3b8e-48ab-8cbe-9b0523668dd2	15	19811075	30077828	4793	0.157
0389b7f4-3b8e-48ab-8cbe-9b0523668dd2	15	30094208	30300815	23	-0.6568
0389b7f4-3b8e-48ab-8cbe-9b0523668dd2	15	30304026	56491027	16120	0.1687
0389b7f4-3b8e-48ab-8cbe-9b0523668dd2	15	56493784	56509425	36	-0.3512
0389b7f4-3b8e-48ab-8cbe-9b0523668dd2	15	56509503	101905038	30135	0.1725
0389b7f4-3b8e-48ab-8cbe-9b0523668dd2	15	101919053	101928837	2	-2.5246
0389b7f4-3b8e-48ab-8cbe-9b0523668dd2	16	10777	1344506	442	0.1311
0389b7f4-3b8e-48ab-8cbe-9b0523668dd2	16	1352873	4791425	1533	-0.5639
0389b7f4-3b8e-48ab-8cbe-9b0523668dd2	16	4805278	4992591	129	0.239
0389b7f4-3b8e-48ab-8cbe-9b0523668dd2	16	4994199	6962471	2171	-0.598
0389b7f4-3b8e-48ab-8cbe-9b0523668dd2	16	6963199	6963567	2	2.7241
0389b7f4-3b8e-48ab-8cbe-9b0523668dd2	16	6965769	7326241	471	-0.6091
0389b7f4-3b8e-48ab-8cbe-9b0523668dd2	16	7326318	21368130	9480	0.1987
0389b7f4-3b8e-48ab-8cbe-9b0523668dd2	16	21401082	21616190	42	-0.2632
0389b7f4-3b8e-48ab-8cbe-9b0523668dd2	16	21617076	22546611	341	0.1561
0389b7f4-3b8e-48ab-8cbe-9b0523668dd2	16	22546990	22693199	71	-0.3212
0389b7f4-3b8e-48ab-8cbe-9b0523668dd2	16	22699421	29268429	4190	0.1922
0389b7f4-3b8e-48ab-8cbe-9b0523668dd2	16	29269203	29269734	3	-2.2629
0389b7f4-3b8e-48ab-8cbe-9b0523668dd2	16	29270444	34209701	1009	0.1534
0389b7f4-3b8e-48ab-8cbe-9b0523668dd2	16	35080991	35119001	23	1.2873
0389b7f4-3b8e-48ab-8cbe-9b0523668dd2	16	35123823	35323357	126	0.245
0389b7f4-3b8e-48ab-8cbe-9b0523668dd2	16	35323938	35505200	113	0.7436
0389b7f4-3b8e-48ab-8cbe-9b0523668dd2	16	35505641	46515381	161	0.2804
0389b7f4-3b8e-48ab-8cbe-9b0523668dd2	16	46516500	46523997	5	0.6964
0389b7f4-3b8e-48ab-8cbe-9b0523668dd2	16	46527639	48760128	1039	1.2798
0389b7f4-3b8e-48ab-8cbe-9b0523668dd2	16	48764587	49961263	928	0.6526
0389b7f4-3b8e-48ab-8cbe-9b0523668dd2	16	49964030	50392143	235	0.9469
0389b7f4-3b8e-48ab-8cbe-9b0523668dd2	16	50393643	50544623	93	0.6639
0389b7f4-3b8e-48ab-8cbe-9b0523668dd2	16	50551213	52088587	1136	1.5075
0389b7f4-3b8e-48ab-8cbe-9b0523668dd2	16	52088631	54015855	1478	1.2827
0389b7f4-3b8e-48ab-8cbe-9b0523668dd2	16	54020999	55173021	950	0.6494
0389b7f4-3b8e-48ab-8cbe-9b0523668dd2	16	55174170	55761136	531	1.0449
0389b7f4-3b8e-48ab-8cbe-9b0523668dd2	16	55762477	55788532	22	-0.4331
0389b7f4-3b8e-48ab-8cbe-9b0523668dd2	16	55808442	61503548	3516	1.002
0389b7f4-3b8e-48ab-8cbe-9b0523668dd2	16	61505113	64030627	1655	0.654
0389b7f4-3b8e-48ab-8cbe-9b0523668dd2	16	64031185	64063477	38	1.1101
0389b7f4-3b8e-48ab-8cbe-9b0523668dd2	16	64063479	67259185	2206	0.9374
0389b7f4-3b8e-48ab-8cbe-9b0523668dd2	16	67259630	69375078	948	1.142
0389b7f4-3b8e-48ab-8cbe-9b0523668dd2	16	69375714	70575724	486	0.8786
0389b7f4-3b8e-48ab-8cbe-9b0523668dd2	16	70577659	73486561	1478	1.1314
0389b7f4-3b8e-48ab-8cbe-9b0523668dd2	16	73490397	74076273	501	0.1507
0389b7f4-3b8e-48ab-8cbe-9b0523668dd2	16	74078938	90096352	13745	-0.6817
0389b7f4-3b8e-48ab-8cbe-9b0523668dd2	17	150733	560603	200	-0.0047
0389b7f4-3b8e-48ab-8cbe-9b0523668dd2	17	561019	561201	2	-1.981
0389b7f4-3b8e-48ab-8cbe-9b0523668dd2	17	561398	884946	194	0.0503
0389b7f4-3b8e-48ab-8cbe-9b0523668dd2	17	887830	22054394	12185	0.178
0389b7f4-3b8e-48ab-8cbe-9b0523668dd2	17	22057409	22337924	64	-0.4384
0389b7f4-3b8e-48ab-8cbe-9b0523668dd2	17	22339160	22690829	131	0.1367
0389b7f4-3b8e-48ab-8cbe-9b0523668dd2	17	22693422	22708725	10	-0.8454
0389b7f4-3b8e-48ab-8cbe-9b0523668dd2	17	22709224	33680632	3554	0.1697
0389b7f4-3b8e-48ab-8cbe-9b0523668dd2	17	33681077	34528761	790	-0.6862
0389b7f4-3b8e-48ab-8cbe-9b0523668dd2	17	34528883	34532072	2	-3.7422
0389b7f4-3b8e-48ab-8cbe-9b0523668dd2	17	34532269	41265456	3499	-0.6153
0389b7f4-3b8e-48ab-8cbe-9b0523668dd2	17	41266762	41274279	24	0.3711
0389b7f4-3b8e-48ab-8cbe-9b0523668dd2	17	41276472	45680765	2183	-0.5641
0389b7f4-3b8e-48ab-8cbe-9b0523668dd2	17	45682353	46687628	421	-0.8799
0389b7f4-3b8e-48ab-8cbe-9b0523668dd2	17	46707286	53698532	4047	-0.6115
0389b7f4-3b8e-48ab-8cbe-9b0523668dd2	17	53698794	53699303	2	-6.3418
0389b7f4-3b8e-48ab-8cbe-9b0523668dd2	17	53702630	76914310	14126	-0.6457
0389b7f4-3b8e-48ab-8cbe-9b0523668dd2	17	76917127	76934144	20	-1.6231
0389b7f4-3b8e-48ab-8cbe-9b0523668dd2	17	76934284	80655063	2137	-0.6548
0389b7f4-3b8e-48ab-8cbe-9b0523668dd2	17	80655993	80660379	2	2.4469
0389b7f4-3b8e-48ab-8cbe-9b0523668dd2	17	80660500	83091923	930	-0.6197
0389b7f4-3b8e-48ab-8cbe-9b0523668dd2	18	48133	21542963	10558	0.1684
0389b7f4-3b8e-48ab-8cbe-9b0523668dd2	18	21544853	24440950	1611	1.0286
0389b7f4-3b8e-48ab-8cbe-9b0523668dd2	18	24445184	25667823	896	0.136
0389b7f4-3b8e-48ab-8cbe-9b0523668dd2	18	25668147	31262322	3483	0.6542
0389b7f4-3b8e-48ab-8cbe-9b0523668dd2	18	31268131	37400061	3892	-0.6793
0389b7f4-3b8e-48ab-8cbe-9b0523668dd2	18	37401653	37401837	2	-5.0637
0389b7f4-3b8e-48ab-8cbe-9b0523668dd2	18	37403279	40678118	2126	-0.6902
0389b7f4-3b8e-48ab-8cbe-9b0523668dd2	18	40678132	40690108	35	-0.0247
0389b7f4-3b8e-48ab-8cbe-9b0523668dd2	18	40690234	52349382	7856	-0.6904
0389b7f4-3b8e-48ab-8cbe-9b0523668dd2	18	52352250	52352438	2	-4.4574
0389b7f4-3b8e-48ab-8cbe-9b0523668dd2	18	52352494	64950570	8625	-0.6971
0389b7f4-3b8e-48ab-8cbe-9b0523668dd2	18	64954393	73690855	6304	-0.638
0389b7f4-3b8e-48ab-8cbe-9b0523668dd2	18	73691480	80257174	4673	-0.7278
0389b7f4-3b8e-48ab-8cbe-9b0523668dd2	19	90910	16587241	7113	0.1665
0389b7f4-3b8e-48ab-8cbe-9b0523668dd2	19	16592541	16625585	28	-0.428
0389b7f4-3b8e-48ab-8cbe-9b0523668dd2	19	16625784	20588784	1839	0.1546
0389b7f4-3b8e-48ab-8cbe-9b0523668dd2	19	20589505	20663607	48	-0.779
0389b7f4-3b8e-48ab-8cbe-9b0523668dd2	19	20665612	50824513	15056	0.1534
0389b7f4-3b8e-48ab-8cbe-9b0523668dd2	19	50824837	50845455	11	-0.7878
0389b7f4-3b8e-48ab-8cbe-9b0523668dd2	19	50845681	58586487	4859	0.1547
0389b7f4-3b8e-48ab-8cbe-9b0523668dd2	20	80664	42626973	26604	0.1789
0389b7f4-3b8e-48ab-8cbe-9b0523668dd2	20	42627137	42627651	3	-2.1431
0389b7f4-3b8e-48ab-8cbe-9b0523668dd2	20	42627875	63622328	15161	0.1856
0389b7f4-3b8e-48ab-8cbe-9b0523668dd2	20	63622468	64324800	291	-0.0087
0389b7f4-3b8e-48ab-8cbe-9b0523668dd2	21	10354168	10559033	53	-0.3983
0389b7f4-3b8e-48ab-8cbe-9b0523668dd2	21	10568903	10646516	30	0.0047
0389b7f4-3b8e-48ab-8cbe-9b0523668dd2	21	10682775	10775586	4	0.8962
0389b7f4-3b8e-48ab-8cbe-9b0523668dd2	21	12973348	13081432	12	-0.0392
0389b7f4-3b8e-48ab-8cbe-9b0523668dd2	21	13084095	13221914	18	-0.4011
0389b7f4-3b8e-48ab-8cbe-9b0523668dd2	21	13223423	15089006	925	0.1714
0389b7f4-3b8e-48ab-8cbe-9b0523668dd2	21	15091590	15686719	485	-0.6489
0389b7f4-3b8e-48ab-8cbe-9b0523668dd2	21	15690060	27079051	8401	0.1822
0389b7f4-3b8e-48ab-8cbe-9b0523668dd2	21	27079090	46677045	13638	-0.6518
0389b7f4-3b8e-48ab-8cbe-9b0523668dd2	22	15294547	15869820	36	-0.2535
0389b7f4-3b8e-48ab-8cbe-9b0523668dd2	22	15925481	18144133	1064	-0.623
0389b7f4-3b8e-48ab-8cbe-9b0523668dd2	22	18144143	20618488	1055	-0.834
0389b7f4-3b8e-48ab-8cbe-9b0523668dd2	22	20620840	22113158	917	-0.6183
0389b7f4-3b8e-48ab-8cbe-9b0523668dd2	22	22114208	22120255	7	-2.109
0389b7f4-3b8e-48ab-8cbe-9b0523668dd2	22	22127104	22234220	223	-0.6743
0389b7f4-3b8e-48ab-8cbe-9b0523668dd2	22	22238631	25480764	2044	0.109
0389b7f4-3b8e-48ab-8cbe-9b0523668dd2	22	25482396	25742441	229	0.1787
0389b7f4-3b8e-48ab-8cbe-9b0523668dd2	22	25742471	25742863	2	1.9611
0389b7f4-3b8e-48ab-8cbe-9b0523668dd2	22	25743126	27600606	1957	0.1918
0389b7f4-3b8e-48ab-8cbe-9b0523668dd2	22	27604566	37673493	6885	-0.6597
0389b7f4-3b8e-48ab-8cbe-9b0523668dd2	22	37673664	38894915	601	0.1924
0389b7f4-3b8e-48ab-8cbe-9b0523668dd2	22	38899250	38900899	3	-3.0142
0389b7f4-3b8e-48ab-8cbe-9b0523668dd2	22	38903109	49001662	6909	0.1917
0389b7f4-3b8e-48ab-8cbe-9b0523668dd2	22	49002195	49139737	170	0.0709
0389b7f4-3b8e-48ab-8cbe-9b0523668dd2	22	49139958	49142358	3	2.0726
0389b7f4-3b8e-48ab-8cbe-9b0523668dd2	22	49142526	50796027	955	0.0518
0389b7f4-3b8e-48ab-8cbe-9b0523668dd2	X	251810	91456049	46571	0.0628
0389b7f4-3b8e-48ab-8cbe-9b0523668dd2	X	91456996	91457463	2	-4.3306
0389b7f4-3b8e-48ab-8cbe-9b0523668dd2	X	91457811	103264954	6104	0.0721
0389b7f4-3b8e-48ab-8cbe-9b0523668dd2	X	103269032	103269115	2	-3.2521
0389b7f4-3b8e-48ab-8cbe-9b0523668dd2	X	103269279	119995369	9111	0.0601
0389b7f4-3b8e-48ab-8cbe-9b0523668dd2	X	119995388	119996007	3	-2.9377
0389b7f4-3b8e-48ab-8cbe-9b0523668dd2	X	119996282	124846999	2874	0.0772
0389b7f4-3b8e-48ab-8cbe-9b0523668dd2	X	124848633	128995074	2309	-2.5368
0389b7f4-3b8e-48ab-8cbe-9b0523668dd2	X	128995831	155952689	15602	0.0732
0389b7f4-3b8e-48ab-8cbe-9b0523668dd2	Y	2782397	56872112	6633	-0.6827
