GDC_Aliquot	Chromosome	Start	End	Num_Probes	Segment_Mean
9e704a46-2d0c-48c9-a6fa-1566d67a75e8	1	62920	86341	11	-0.1357
9e704a46-2d0c-48c9-a6fa-1566d67a75e8	1	98588	783283	13	0.9417
9e704a46-2d0c-48c9-a6fa-1566d67a75e8	1	787937	1716055	191	-0.4732
9e704a46-2d0c-48c9-a6fa-1566d67a75e8	1	1716451	1741164	11	-3.3617
9e704a46-2d0c-48c9-a6fa-1566d67a75e8	1	1756148	72302735	42452	-0.3534
9e704a46-2d0c-48c9-a6fa-1566d67a75e8	1	72302815	72345465	47	0.8371
9e704a46-2d0c-48c9-a6fa-1566d67a75e8	1	72346221	112147704	25527	-0.3629
9e704a46-2d0c-48c9-a6fa-1566d67a75e8	1	112153343	112154768	25	-1.3691
9e704a46-2d0c-48c9-a6fa-1566d67a75e8	1	112163334	119880215	4962	-0.3444
9e704a46-2d0c-48c9-a6fa-1566d67a75e8	1	119882781	145664420	329	-0.1928
9e704a46-2d0c-48c9-a6fa-1566d67a75e8	1	145670653	152583230	2294	-0.3436
9e704a46-2d0c-48c9-a6fa-1566d67a75e8	1	152583291	152614100	33	-1.5702
9e704a46-2d0c-48c9-a6fa-1566d67a75e8	1	152614118	152790191	179	-0.3087
9e704a46-2d0c-48c9-a6fa-1566d67a75e8	1	152790286	152796224	24	-1.6777
9e704a46-2d0c-48c9-a6fa-1566d67a75e8	1	152801429	169247699	11247	-0.3378
9e704a46-2d0c-48c9-a6fa-1566d67a75e8	1	169264736	169272528	7	-2.5178
9e704a46-2d0c-48c9-a6fa-1566d67a75e8	1	169273163	245340597	51598	-0.3635
9e704a46-2d0c-48c9-a6fa-1566d67a75e8	1	245348549	245349365	2	-4.5628
9e704a46-2d0c-48c9-a6fa-1566d67a75e8	1	245351449	248930189	2304	-0.3623
9e704a46-2d0c-48c9-a6fa-1566d67a75e8	2	12784	10074804	7741	-0.3544
9e704a46-2d0c-48c9-a6fa-1566d67a75e8	2	10075698	10078819	3	-2.6201
9e704a46-2d0c-48c9-a6fa-1566d67a75e8	2	10085680	34476327	16303	-0.331
9e704a46-2d0c-48c9-a6fa-1566d67a75e8	2	34476516	34512096	45	-1.8401
9e704a46-2d0c-48c9-a6fa-1566d67a75e8	2	34512489	37441191	2193	-0.3341
9e704a46-2d0c-48c9-a6fa-1566d67a75e8	2	37441375	37442173	2	-3.1741
9e704a46-2d0c-48c9-a6fa-1566d67a75e8	2	37450437	47499397	7391	-0.3286
9e704a46-2d0c-48c9-a6fa-1566d67a75e8	2	47503357	47511404	10	-4.5952
9e704a46-2d0c-48c9-a6fa-1566d67a75e8	2	47511535	49292515	1098	-0.3424
9e704a46-2d0c-48c9-a6fa-1566d67a75e8	2	49295746	49314051	8	-3.041
9e704a46-2d0c-48c9-a6fa-1566d67a75e8	2	49317902	77518400	18444	-0.3375
9e704a46-2d0c-48c9-a6fa-1566d67a75e8	2	77520387	77521469	4	-2.8313
9e704a46-2d0c-48c9-a6fa-1566d67a75e8	2	77523356	146104517	36966	-0.3387
9e704a46-2d0c-48c9-a6fa-1566d67a75e8	2	146106836	146109366	24	0.5392
9e704a46-2d0c-48c9-a6fa-1566d67a75e8	2	146120238	183929124	23229	-0.3335
9e704a46-2d0c-48c9-a6fa-1566d67a75e8	2	183929673	183937576	15	-1.7886
9e704a46-2d0c-48c9-a6fa-1566d67a75e8	2	183937588	242147305	35675	-0.3341
9e704a46-2d0c-48c9-a6fa-1566d67a75e8	3	20930	182919	153	-0.3824
9e704a46-2d0c-48c9-a6fa-1566d67a75e8	3	188339	191117	4	-2.9473
9e704a46-2d0c-48c9-a6fa-1566d67a75e8	3	193194	679562	395	-0.293
9e704a46-2d0c-48c9-a6fa-1566d67a75e8	3	681358	681859	4	-3.1699
9e704a46-2d0c-48c9-a6fa-1566d67a75e8	3	682034	6604856	5247	-0.3437
9e704a46-2d0c-48c9-a6fa-1566d67a75e8	3	6609441	6611645	23	-2.4204
9e704a46-2d0c-48c9-a6fa-1566d67a75e8	3	6613391	37935926	21733	-0.3719
9e704a46-2d0c-48c9-a6fa-1566d67a75e8	3	37940617	37945615	19	-4.2675
9e704a46-2d0c-48c9-a6fa-1566d67a75e8	3	37945651	198169247	96817	-0.3709
9e704a46-2d0c-48c9-a6fa-1566d67a75e8	4	68929	9379218	5098	0.5998
9e704a46-2d0c-48c9-a6fa-1566d67a75e8	4	9379465	9477699	61	1.1099
9e704a46-2d0c-48c9-a6fa-1566d67a75e8	4	9484440	10222004	539	0.5671
9e704a46-2d0c-48c9-a6fa-1566d67a75e8	4	10222224	10229173	20	3.2789
9e704a46-2d0c-48c9-a6fa-1566d67a75e8	4	10229188	10229874	6	1.736
9e704a46-2d0c-48c9-a6fa-1566d67a75e8	4	10232590	34777432	16956	0.5691
9e704a46-2d0c-48c9-a6fa-1566d67a75e8	4	34784878	34823103	38	-0.0816
9e704a46-2d0c-48c9-a6fa-1566d67a75e8	4	34828250	40698556	3881	0.5875
9e704a46-2d0c-48c9-a6fa-1566d67a75e8	4	40701994	40702175	3	-1.4659
9e704a46-2d0c-48c9-a6fa-1566d67a75e8	4	40702670	56632503	8243	0.575
9e704a46-2d0c-48c9-a6fa-1566d67a75e8	4	56633100	56637762	2	-2.6336
9e704a46-2d0c-48c9-a6fa-1566d67a75e8	4	56640405	61541880	3173	0.5632
9e704a46-2d0c-48c9-a6fa-1566d67a75e8	4	61543437	61547709	3	-1.381
9e704a46-2d0c-48c9-a6fa-1566d67a75e8	4	61550781	62802116	669	0.5551
9e704a46-2d0c-48c9-a6fa-1566d67a75e8	4	62804218	62805944	8	-1.5951
9e704a46-2d0c-48c9-a6fa-1566d67a75e8	4	62813912	143653997	48686	0.5755
9e704a46-2d0c-48c9-a6fa-1566d67a75e8	4	143654795	143968879	174	0.1791
9e704a46-2d0c-48c9-a6fa-1566d67a75e8	4	143969141	160952848	10238	0.5818
9e704a46-2d0c-48c9-a6fa-1566d67a75e8	4	160958866	160963756	21	-2.1958
9e704a46-2d0c-48c9-a6fa-1566d67a75e8	4	160963767	177457686	10292	0.573
9e704a46-2d0c-48c9-a6fa-1566d67a75e8	4	177463557	177903560	296	-0.4349
9e704a46-2d0c-48c9-a6fa-1566d67a75e8	4	177907826	178801436	631	0.6097
9e704a46-2d0c-48c9-a6fa-1566d67a75e8	4	178806975	179658908	569	-0.4476
9e704a46-2d0c-48c9-a6fa-1566d67a75e8	4	179658982	180641923	779	0.5512
9e704a46-2d0c-48c9-a6fa-1566d67a75e8	4	180642051	181172231	372	0.6728
9e704a46-2d0c-48c9-a6fa-1566d67a75e8	4	181173658	182151124	861	0.5665
9e704a46-2d0c-48c9-a6fa-1566d67a75e8	4	182156287	182498358	275	-0.4008
9e704a46-2d0c-48c9-a6fa-1566d67a75e8	4	182500939	190106768	5061	0.5922
9e704a46-2d0c-48c9-a6fa-1566d67a75e8	5	15532	698390	309	0.5203
9e704a46-2d0c-48c9-a6fa-1566d67a75e8	5	717264	808932	29	0.0611
9e704a46-2d0c-48c9-a6fa-1566d67a75e8	5	817735	8702128	6590	0.5729
9e704a46-2d0c-48c9-a6fa-1566d67a75e8	5	8702410	8746934	46	-0.4537
9e704a46-2d0c-48c9-a6fa-1566d67a75e8	5	8747030	18408157	6918	0.5839
9e704a46-2d0c-48c9-a6fa-1566d67a75e8	5	18411467	18414442	2	-2.512
9e704a46-2d0c-48c9-a6fa-1566d67a75e8	5	18414479	20437668	1204	0.5755
9e704a46-2d0c-48c9-a6fa-1566d67a75e8	5	20438109	20439248	3	-2.2292
9e704a46-2d0c-48c9-a6fa-1566d67a75e8	5	20439686	70959069	27924	0.5785
9e704a46-2d0c-48c9-a6fa-1566d67a75e8	5	70959071	71011717	11	-0.7462
9e704a46-2d0c-48c9-a6fa-1566d67a75e8	5	71053366	80102164	5699	0.5955
9e704a46-2d0c-48c9-a6fa-1566d67a75e8	5	80102193	80315194	136	0.406
9e704a46-2d0c-48c9-a6fa-1566d67a75e8	5	80315286	99485368	10742	0.5919
9e704a46-2d0c-48c9-a6fa-1566d67a75e8	5	99498288	99504922	4	-1.4789
9e704a46-2d0c-48c9-a6fa-1566d67a75e8	5	99508633	101871185	1425	0.6122
9e704a46-2d0c-48c9-a6fa-1566d67a75e8	5	101875133	102034134	104	1.1884
9e704a46-2d0c-48c9-a6fa-1566d67a75e8	5	102037310	104515520	1378	0.6006
9e704a46-2d0c-48c9-a6fa-1566d67a75e8	5	104524672	104524903	4	-0.9037
9e704a46-2d0c-48c9-a6fa-1566d67a75e8	5	104525348	119138960	10098	0.587
9e704a46-2d0c-48c9-a6fa-1566d67a75e8	5	119139048	119237592	52	1.1156
9e704a46-2d0c-48c9-a6fa-1566d67a75e8	5	119242001	119624251	253	0.6041
9e704a46-2d0c-48c9-a6fa-1566d67a75e8	5	119624428	120125494	296	1.1645
9e704a46-2d0c-48c9-a6fa-1566d67a75e8	5	120127129	128310579	5303	0.5833
9e704a46-2d0c-48c9-a6fa-1566d67a75e8	5	128316478	128404007	60	-0.4405
9e704a46-2d0c-48c9-a6fa-1566d67a75e8	5	128410262	142205103	7852	0.5782
9e704a46-2d0c-48c9-a6fa-1566d67a75e8	5	142206682	142218551	10	-0.6175
9e704a46-2d0c-48c9-a6fa-1566d67a75e8	5	142225687	152030732	6696	0.5937
9e704a46-2d0c-48c9-a6fa-1566d67a75e8	5	152033224	163813616	7976	-0.3978
9e704a46-2d0c-48c9-a6fa-1566d67a75e8	5	163816046	165935750	1290	0.5509
9e704a46-2d0c-48c9-a6fa-1566d67a75e8	5	165938797	166244399	226	-0.4393
9e704a46-2d0c-48c9-a6fa-1566d67a75e8	5	166246494	176033084	7339	0.5873
9e704a46-2d0c-48c9-a6fa-1566d67a75e8	5	176038686	176042504	2	-1.5418
9e704a46-2d0c-48c9-a6fa-1566d67a75e8	5	176043321	177771448	723	0.557
9e704a46-2d0c-48c9-a6fa-1566d67a75e8	5	177800550	177805604	3	3.2167
9e704a46-2d0c-48c9-a6fa-1566d67a75e8	5	177827964	178853333	568	0.5919
9e704a46-2d0c-48c9-a6fa-1566d67a75e8	5	178855821	178862335	3	-2.1478
9e704a46-2d0c-48c9-a6fa-1566d67a75e8	5	178864122	180947523	1223	0.5697
9e704a46-2d0c-48c9-a6fa-1566d67a75e8	5	180951710	181015400	22	1.1202
9e704a46-2d0c-48c9-a6fa-1566d67a75e8	5	181015441	181363319	166	0.5526
9e704a46-2d0c-48c9-a6fa-1566d67a75e8	6	149661	253861	99	-0.3477
9e704a46-2d0c-48c9-a6fa-1566d67a75e8	6	254267	323084	34	0.6067
9e704a46-2d0c-48c9-a6fa-1566d67a75e8	6	323326	381149	69	0.1811
9e704a46-2d0c-48c9-a6fa-1566d67a75e8	6	382559	6025978	4627	-0.3676
9e704a46-2d0c-48c9-a6fa-1566d67a75e8	6	6033698	6034203	3	-3.2501
9e704a46-2d0c-48c9-a6fa-1566d67a75e8	6	6036812	24624629	13953	-0.3753
9e704a46-2d0c-48c9-a6fa-1566d67a75e8	6	24624892	24627616	2	-5.071
9e704a46-2d0c-48c9-a6fa-1566d67a75e8	6	24627862	29882603	2811	-0.3642
9e704a46-2d0c-48c9-a6fa-1566d67a75e8	6	29903859	29931120	11	-3.3563
9e704a46-2d0c-48c9-a6fa-1566d67a75e8	6	29931900	78253172	28007	-0.3715
9e704a46-2d0c-48c9-a6fa-1566d67a75e8	6	78259348	78325468	112	0.1467
9e704a46-2d0c-48c9-a6fa-1566d67a75e8	6	78329517	103286954	15442	-0.3912
9e704a46-2d0c-48c9-a6fa-1566d67a75e8	6	103290101	103314186	46	-1.178
9e704a46-2d0c-48c9-a6fa-1566d67a75e8	6	103317795	170741917	44056	-0.3866
9e704a46-2d0c-48c9-a6fa-1566d67a75e8	7	43355	11062530	6771	0.19
9e704a46-2d0c-48c9-a6fa-1566d67a75e8	7	11064426	11064887	2	-2.2947
9e704a46-2d0c-48c9-a6fa-1566d67a75e8	7	11073392	51134553	29309	0.2023
9e704a46-2d0c-48c9-a6fa-1566d67a75e8	7	51135322	54305455	2353	0.1524
9e704a46-2d0c-48c9-a6fa-1566d67a75e8	7	54318812	54318824	6	-1.4948
9e704a46-2d0c-48c9-a6fa-1566d67a75e8	7	54325795	56536123	1454	0.158
9e704a46-2d0c-48c9-a6fa-1566d67a75e8	7	56537025	56544468	3	-1.9334
9e704a46-2d0c-48c9-a6fa-1566d67a75e8	7	56545940	62616927	627	0.1709
9e704a46-2d0c-48c9-a6fa-1566d67a75e8	7	62617259	62617377	3	-1.5941
9e704a46-2d0c-48c9-a6fa-1566d67a75e8	7	62617439	65425440	1057	0.1663
9e704a46-2d0c-48c9-a6fa-1566d67a75e8	7	65425461	65696403	79	0.3747
9e704a46-2d0c-48c9-a6fa-1566d67a75e8	7	65697209	76514308	5029	0.1161
9e704a46-2d0c-48c9-a6fa-1566d67a75e8	7	76514465	97777749	13580	0.194
9e704a46-2d0c-48c9-a6fa-1566d67a75e8	7	97788295	101865891	1754	0.109
9e704a46-2d0c-48c9-a6fa-1566d67a75e8	7	101868625	109793690	4818	0.1973
9e704a46-2d0c-48c9-a6fa-1566d67a75e8	7	109793720	109813853	37	0.8198
9e704a46-2d0c-48c9-a6fa-1566d67a75e8	7	109813925	116777967	4294	0.1832
9e704a46-2d0c-48c9-a6fa-1566d67a75e8	7	116777982	116778193	2	-2.2202
9e704a46-2d0c-48c9-a6fa-1566d67a75e8	7	116778207	133877477	10282	0.1877
9e704a46-2d0c-48c9-a6fa-1566d67a75e8	7	133878105	134090709	140	-0.3153
9e704a46-2d0c-48c9-a6fa-1566d67a75e8	7	134093676	142063324	5225	0.1759
9e704a46-2d0c-48c9-a6fa-1566d67a75e8	7	142069843	142087828	24	-1.0101
9e704a46-2d0c-48c9-a6fa-1566d67a75e8	7	142087846	150739109	5163	0.1885
9e704a46-2d0c-48c9-a6fa-1566d67a75e8	7	150741711	159334314	5694	0.8857
9e704a46-2d0c-48c9-a6fa-1566d67a75e8	8	81254	4050285	3556	0.1774
9e704a46-2d0c-48c9-a6fa-1566d67a75e8	8	4050319	4050928	4	-1.9637
9e704a46-2d0c-48c9-a6fa-1566d67a75e8	8	4052574	7001884	4074	0.1921
9e704a46-2d0c-48c9-a6fa-1566d67a75e8	8	7002140	7020666	3	-2.3435
9e704a46-2d0c-48c9-a6fa-1566d67a75e8	8	7021331	7598502	123	0.2405
9e704a46-2d0c-48c9-a6fa-1566d67a75e8	8	7775900	7788805	2	-2.1203
9e704a46-2d0c-48c9-a6fa-1566d67a75e8	8	7838739	39389156	22712	0.1801
9e704a46-2d0c-48c9-a6fa-1566d67a75e8	8	39389592	39529446	57	-0.4997
9e704a46-2d0c-48c9-a6fa-1566d67a75e8	8	39530780	42287484	1888	0.1714
9e704a46-2d0c-48c9-a6fa-1566d67a75e8	8	42287698	42287944	4	-2.4226
9e704a46-2d0c-48c9-a6fa-1566d67a75e8	8	42288011	114619814	41875	0.1757
9e704a46-2d0c-48c9-a6fa-1566d67a75e8	8	114622258	114623472	13	-1.0756
9e704a46-2d0c-48c9-a6fa-1566d67a75e8	8	114626121	114629288	18	-0.2351
9e704a46-2d0c-48c9-a6fa-1566d67a75e8	8	114629340	114629502	4	-1.3595
9e704a46-2d0c-48c9-a6fa-1566d67a75e8	8	114638468	141814558	19748	0.1937
9e704a46-2d0c-48c9-a6fa-1566d67a75e8	8	141816869	141821692	4	-2.208
9e704a46-2d0c-48c9-a6fa-1566d67a75e8	8	141821991	145072769	1279	0.1433
9e704a46-2d0c-48c9-a6fa-1566d67a75e8	9	46587	1577470	1676	0.5945
9e704a46-2d0c-48c9-a6fa-1566d67a75e8	9	1578049	1581412	3	-6.5431
9e704a46-2d0c-48c9-a6fa-1566d67a75e8	9	1582154	9529648	7407	0.595
9e704a46-2d0c-48c9-a6fa-1566d67a75e8	9	9530755	9587948	48	-4.9726
9e704a46-2d0c-48c9-a6fa-1566d67a75e8	9	9589682	30531970	16598	0.5704
9e704a46-2d0c-48c9-a6fa-1566d67a75e8	9	30533056	30534846	3	-2.1692
9e704a46-2d0c-48c9-a6fa-1566d67a75e8	9	30546868	39487690	5387	0.5794
9e704a46-2d0c-48c9-a6fa-1566d67a75e8	9	39547279	40189830	14	1.4428
9e704a46-2d0c-48c9-a6fa-1566d67a75e8	9	40228981	61378951	188	0.5664
9e704a46-2d0c-48c9-a6fa-1566d67a75e8	9	61405110	61647899	31	1.2435
9e704a46-2d0c-48c9-a6fa-1566d67a75e8	9	61665362	98981035	21708	0.5638
9e704a46-2d0c-48c9-a6fa-1566d67a75e8	9	98981054	98981163	2	-2.2476
9e704a46-2d0c-48c9-a6fa-1566d67a75e8	9	98982501	100670859	948	0.5968
9e704a46-2d0c-48c9-a6fa-1566d67a75e8	9	100671586	100671815	2	-1.3047
9e704a46-2d0c-48c9-a6fa-1566d67a75e8	9	100675493	101273289	444	0.5794
9e704a46-2d0c-48c9-a6fa-1566d67a75e8	9	101283479	101593618	218	1.5152
9e704a46-2d0c-48c9-a6fa-1566d67a75e8	9	101596410	114330749	9607	0.5732
9e704a46-2d0c-48c9-a6fa-1566d67a75e8	9	114330830	114331901	2	-3.0544
9e704a46-2d0c-48c9-a6fa-1566d67a75e8	9	114332833	120251722	4915	0.5786
9e704a46-2d0c-48c9-a6fa-1566d67a75e8	9	120254630	120256111	2	-0.888
9e704a46-2d0c-48c9-a6fa-1566d67a75e8	9	120258428	120291046	15	0.6837
9e704a46-2d0c-48c9-a6fa-1566d67a75e8	9	120291437	120297662	4	-1.144
9e704a46-2d0c-48c9-a6fa-1566d67a75e8	9	120297904	138200944	10136	0.5847
9e704a46-2d0c-48c9-a6fa-1566d67a75e8	10	45792	3016546	2451	0.2172
9e704a46-2d0c-48c9-a6fa-1566d67a75e8	10	3016730	3017233	2	-1.4103
9e704a46-2d0c-48c9-a6fa-1566d67a75e8	10	3017522	4954039	1838	0.2187
9e704a46-2d0c-48c9-a6fa-1566d67a75e8	10	4955828	4959834	2	-2.7204
9e704a46-2d0c-48c9-a6fa-1566d67a75e8	10	4960326	24086334	14875	0.1851
9e704a46-2d0c-48c9-a6fa-1566d67a75e8	10	24088745	24089125	11	1.5194
9e704a46-2d0c-48c9-a6fa-1566d67a75e8	10	24089979	36442447	8667	0.1851
9e704a46-2d0c-48c9-a6fa-1566d67a75e8	10	36443001	38781690	1167	0.1151
9e704a46-2d0c-48c9-a6fa-1566d67a75e8	10	38783075	49356586	3989	0.2103
9e704a46-2d0c-48c9-a6fa-1566d67a75e8	10	49357759	49377718	14	-0.7262
9e704a46-2d0c-48c9-a6fa-1566d67a75e8	10	49378296	61744007	8866	0.1898
9e704a46-2d0c-48c9-a6fa-1566d67a75e8	10	61749254	62899684	794	0.2634
9e704a46-2d0c-48c9-a6fa-1566d67a75e8	10	62899865	65546321	1675	0.1734
9e704a46-2d0c-48c9-a6fa-1566d67a75e8	10	65546400	65571741	41	-0.299
9e704a46-2d0c-48c9-a6fa-1566d67a75e8	10	65573114	70169990	3100	0.192
9e704a46-2d0c-48c9-a6fa-1566d67a75e8	10	70171387	70172170	2	-5.2696
9e704a46-2d0c-48c9-a6fa-1566d67a75e8	10	70176585	105296521	22509	0.1981
9e704a46-2d0c-48c9-a6fa-1566d67a75e8	10	105297280	105299412	3	-2.8651
9e704a46-2d0c-48c9-a6fa-1566d67a75e8	10	105302718	133654968	20513	0.1913
9e704a46-2d0c-48c9-a6fa-1566d67a75e8	11	198510	4949137	2412	-0.3484
9e704a46-2d0c-48c9-a6fa-1566d67a75e8	11	4950775	4955042	23	-1.5764
9e704a46-2d0c-48c9-a6fa-1566d67a75e8	11	4955781	5762452	776	-0.3535
9e704a46-2d0c-48c9-a6fa-1566d67a75e8	11	5762693	5788108	35	0.294
9e704a46-2d0c-48c9-a6fa-1566d67a75e8	11	5788231	9301920	2498	-0.351
9e704a46-2d0c-48c9-a6fa-1566d67a75e8	11	9302806	9308506	2	-2.5934
9e704a46-2d0c-48c9-a6fa-1566d67a75e8	11	9311895	18919323	6864	-0.3563
9e704a46-2d0c-48c9-a6fa-1566d67a75e8	11	18927525	18928175	7	1.1719
9e704a46-2d0c-48c9-a6fa-1566d67a75e8	11	18928190	18939631	28	1.5339
9e704a46-2d0c-48c9-a6fa-1566d67a75e8	11	18939734	18949201	14	1.0574
9e704a46-2d0c-48c9-a6fa-1566d67a75e8	11	18949628	55595864	21687	-0.3762
9e704a46-2d0c-48c9-a6fa-1566d67a75e8	11	55606556	55674842	48	0.3607
9e704a46-2d0c-48c9-a6fa-1566d67a75e8	11	55676735	107359898	32300	-0.3596
9e704a46-2d0c-48c9-a6fa-1566d67a75e8	11	107359993	107368402	8	-2.0925
9e704a46-2d0c-48c9-a6fa-1566d67a75e8	11	107381636	124901635	12123	-0.3611
9e704a46-2d0c-48c9-a6fa-1566d67a75e8	11	124906091	124925712	8	-1.9807
9e704a46-2d0c-48c9-a6fa-1566d67a75e8	11	124926800	135074876	7740	-0.366
9e704a46-2d0c-48c9-a6fa-1566d67a75e8	12	51460	4279366	2884	0.587
9e704a46-2d0c-48c9-a6fa-1566d67a75e8	12	4279989	4280040	4	-0.7074
9e704a46-2d0c-48c9-a6fa-1566d67a75e8	12	4280183	8289689	2663	0.6084
9e704a46-2d0c-48c9-a6fa-1566d67a75e8	12	8296516	8296621	2	3.0427
9e704a46-2d0c-48c9-a6fa-1566d67a75e8	12	8300870	9477960	611	0.6098
9e704a46-2d0c-48c9-a6fa-1566d67a75e8	12	9481274	9575696	24	1.5716
9e704a46-2d0c-48c9-a6fa-1566d67a75e8	12	9582373	27493059	12389	0.5963
9e704a46-2d0c-48c9-a6fa-1566d67a75e8	12	27494808	27498429	28	-0.2598
9e704a46-2d0c-48c9-a6fa-1566d67a75e8	12	27504228	27941830	321	0.5924
9e704a46-2d0c-48c9-a6fa-1566d67a75e8	12	27941988	27944711	12	-0.2487
9e704a46-2d0c-48c9-a6fa-1566d67a75e8	12	27950527	28261792	200	0.6059
9e704a46-2d0c-48c9-a6fa-1566d67a75e8	12	28262537	28262779	2	-2.8236
9e704a46-2d0c-48c9-a6fa-1566d67a75e8	12	28267437	33148472	3613	0.5753
9e704a46-2d0c-48c9-a6fa-1566d67a75e8	12	33148492	33155426	27	-0.1528
9e704a46-2d0c-48c9-a6fa-1566d67a75e8	12	33155453	62682310	15558	0.5903
9e704a46-2d0c-48c9-a6fa-1566d67a75e8	12	62685061	62687555	3	-2.2368
9e704a46-2d0c-48c9-a6fa-1566d67a75e8	12	62692811	133201603	46388	0.5779
9e704a46-2d0c-48c9-a6fa-1566d67a75e8	13	18452809	18664215	33	0.4938
9e704a46-2d0c-48c9-a6fa-1566d67a75e8	13	18666548	99930363	53271	-0.3789
9e704a46-2d0c-48c9-a6fa-1566d67a75e8	13	99930580	100293279	158	0.5642
9e704a46-2d0c-48c9-a6fa-1566d67a75e8	13	100295558	101898685	1202	-0.3549
9e704a46-2d0c-48c9-a6fa-1566d67a75e8	13	101900469	101900737	2	-2.793
9e704a46-2d0c-48c9-a6fa-1566d67a75e8	13	101905993	107015839	4217	-0.3771
9e704a46-2d0c-48c9-a6fa-1566d67a75e8	13	107018934	107028258	14	0.6199
9e704a46-2d0c-48c9-a6fa-1566d67a75e8	13	107030239	107448741	330	-0.4141
9e704a46-2d0c-48c9-a6fa-1566d67a75e8	13	107450601	107552703	98	0.5833
9e704a46-2d0c-48c9-a6fa-1566d67a75e8	13	107553804	108796209	1019	-0.3934
9e704a46-2d0c-48c9-a6fa-1566d67a75e8	13	108799512	108837902	37	0.5729
9e704a46-2d0c-48c9-a6fa-1566d67a75e8	13	108839614	110905052	1680	-0.3808
9e704a46-2d0c-48c9-a6fa-1566d67a75e8	13	110908653	111004852	71	0.6275
9e704a46-2d0c-48c9-a6fa-1566d67a75e8	13	111005720	114342922	1812	1.1455
9e704a46-2d0c-48c9-a6fa-1566d67a75e8	14	18239283	19667065	61	0.6219
9e704a46-2d0c-48c9-a6fa-1566d67a75e8	14	19669187	19885724	67	0.1324
9e704a46-2d0c-48c9-a6fa-1566d67a75e8	14	19885943	20881358	748	0.5953
9e704a46-2d0c-48c9-a6fa-1566d67a75e8	14	20884940	20948875	25	1.2275
9e704a46-2d0c-48c9-a6fa-1566d67a75e8	14	20951442	21912650	584	0.6029
9e704a46-2d0c-48c9-a6fa-1566d67a75e8	14	21913024	22501577	525	0.8427
9e704a46-2d0c-48c9-a6fa-1566d67a75e8	14	22501590	106877229	53285	0.5968
9e704a46-2d0c-48c9-a6fa-1566d67a75e8	15	19811075	20206773	59	-0.0508
9e704a46-2d0c-48c9-a6fa-1566d67a75e8	15	20207225	20373168	29	-0.7922
9e704a46-2d0c-48c9-a6fa-1566d67a75e8	15	20376198	20381230	12	0.1497
9e704a46-2d0c-48c9-a6fa-1566d67a75e8	15	20381406	22299523	106	-0.7885
9e704a46-2d0c-48c9-a6fa-1566d67a75e8	15	22385639	59796853	23182	-0.3638
9e704a46-2d0c-48c9-a6fa-1566d67a75e8	15	59798779	59803202	2	-5.0184
9e704a46-2d0c-48c9-a6fa-1566d67a75e8	15	59810182	76599170	10446	-0.3386
9e704a46-2d0c-48c9-a6fa-1566d67a75e8	15	76599286	76603003	13	-2.1789
9e704a46-2d0c-48c9-a6fa-1566d67a75e8	15	76603426	101928837	17577	-0.3643
9e704a46-2d0c-48c9-a6fa-1566d67a75e8	16	10777	78337711	41174	0.5734
9e704a46-2d0c-48c9-a6fa-1566d67a75e8	16	78338543	78350841	15	-2.3462
9e704a46-2d0c-48c9-a6fa-1566d67a75e8	16	78350868	88398893	9883	0.5987
9e704a46-2d0c-48c9-a6fa-1566d67a75e8	16	88399007	90057048	682	0.4852
9e704a46-2d0c-48c9-a6fa-1566d67a75e8	16	90057085	90096867	29	0.6703
9e704a46-2d0c-48c9-a6fa-1566d67a75e8	17	150733	544484	190	-0.4226
9e704a46-2d0c-48c9-a6fa-1566d67a75e8	17	550812	551263	2	-3.9644
9e704a46-2d0c-48c9-a6fa-1566d67a75e8	17	555087	45577724	22729	-0.3597
9e704a46-2d0c-48c9-a6fa-1566d67a75e8	17	45579014	45587327	7	-2.244
9e704a46-2d0c-48c9-a6fa-1566d67a75e8	17	45597863	46127007	365	-0.3768
9e704a46-2d0c-48c9-a6fa-1566d67a75e8	17	46130778	46274335	88	-0.88
9e704a46-2d0c-48c9-a6fa-1566d67a75e8	17	46274563	83091923	21506	-0.3644
9e704a46-2d0c-48c9-a6fa-1566d67a75e8	18	48133	37560171	20697	-0.3736
9e704a46-2d0c-48c9-a6fa-1566d67a75e8	18	37560707	37572148	2	-4.9296
9e704a46-2d0c-48c9-a6fa-1566d67a75e8	18	37572393	49468535	7860	-0.3708
9e704a46-2d0c-48c9-a6fa-1566d67a75e8	18	49471356	49476982	3	-4.1957
9e704a46-2d0c-48c9-a6fa-1566d67a75e8	18	49483097	55635090	4304	-0.3797
9e704a46-2d0c-48c9-a6fa-1566d67a75e8	18	55635109	55641696	3	-2.0398
9e704a46-2d0c-48c9-a6fa-1566d67a75e8	18	55641883	56881516	717	-0.393
9e704a46-2d0c-48c9-a6fa-1566d67a75e8	18	56881573	56933277	46	-1.3379
9e704a46-2d0c-48c9-a6fa-1566d67a75e8	18	56935623	66060256	6562	-0.372
9e704a46-2d0c-48c9-a6fa-1566d67a75e8	18	66060309	66060531	4	-2.0769
9e704a46-2d0c-48c9-a6fa-1566d67a75e8	18	66060553	66240197	156	-0.3622
9e704a46-2d0c-48c9-a6fa-1566d67a75e8	18	66240359	66244124	8	-5.0046
9e704a46-2d0c-48c9-a6fa-1566d67a75e8	18	66244352	80257174	10242	-0.378
9e704a46-2d0c-48c9-a6fa-1566d67a75e8	19	90910	55771003	27223	0.5636
9e704a46-2d0c-48c9-a6fa-1566d67a75e8	19	55771169	55771701	3	-2.2129
9e704a46-2d0c-48c9-a6fa-1566d67a75e8	19	55774927	58586487	1835	0.5561
9e704a46-2d0c-48c9-a6fa-1566d67a75e8	20	80664	64324800	42246	-0.3541
9e704a46-2d0c-48c9-a6fa-1566d67a75e8	21	10354168	13095038	102	-0.3462
9e704a46-2d0c-48c9-a6fa-1566d67a75e8	21	13095458	13583316	166	-2.4258
9e704a46-2d0c-48c9-a6fa-1566d67a75e8	21	13612103	46677045	23520	-0.3686
9e704a46-2d0c-48c9-a6fa-1566d67a75e8	22	15294547	16448897	56	0.11
9e704a46-2d0c-48c9-a6fa-1566d67a75e8	22	16460053	16463610	2	-3.1788
9e704a46-2d0c-48c9-a6fa-1566d67a75e8	22	16472010	16962348	210	-0.2197
9e704a46-2d0c-48c9-a6fa-1566d67a75e8	22	16968514	21987850	2658	-0.4103
9e704a46-2d0c-48c9-a6fa-1566d67a75e8	22	21988067	22114208	186	-0.1885
9e704a46-2d0c-48c9-a6fa-1566d67a75e8	22	22119549	22120255	6	-2.3687
9e704a46-2d0c-48c9-a6fa-1566d67a75e8	22	22127104	23981995	1265	-0.3536
9e704a46-2d0c-48c9-a6fa-1566d67a75e8	22	23987520	23989773	3	-2.2821
9e704a46-2d0c-48c9-a6fa-1566d67a75e8	22	23990431	24685371	353	-0.3221
9e704a46-2d0c-48c9-a6fa-1566d67a75e8	22	24686148	24686567	3	-1.9825
9e704a46-2d0c-48c9-a6fa-1566d67a75e8	22	24691707	26174685	1349	-0.3658
9e704a46-2d0c-48c9-a6fa-1566d67a75e8	22	26179962	26181754	4	-2.5399
9e704a46-2d0c-48c9-a6fa-1566d67a75e8	22	26182255	30344484	3084	-0.3552
9e704a46-2d0c-48c9-a6fa-1566d67a75e8	22	30344940	30345668	2	-4.1904
9e704a46-2d0c-48c9-a6fa-1566d67a75e8	22	30346136	38894915	5965	-0.3725
9e704a46-2d0c-48c9-a6fa-1566d67a75e8	22	38899250	38900899	3	-3.1417
9e704a46-2d0c-48c9-a6fa-1566d67a75e8	22	38903109	38998468	66	-0.33
9e704a46-2d0c-48c9-a6fa-1566d67a75e8	22	38999277	38999502	6	0.9804
9e704a46-2d0c-48c9-a6fa-1566d67a75e8	22	39003307	42496576	1875	-0.3571
9e704a46-2d0c-48c9-a6fa-1566d67a75e8	22	42496590	42554485	26	0.4028
9e704a46-2d0c-48c9-a6fa-1566d67a75e8	22	42559425	50796027	6072	-0.3945
9e704a46-2d0c-48c9-a6fa-1566d67a75e8	X	251810	5748696	2289	0.008
9e704a46-2d0c-48c9-a6fa-1566d67a75e8	X	5749737	5752793	3	-2.9828
9e704a46-2d0c-48c9-a6fa-1566d67a75e8	X	5754398	10398342	3585	0.0064
9e704a46-2d0c-48c9-a6fa-1566d67a75e8	X	10399913	10400565	2	2.6205
9e704a46-2d0c-48c9-a6fa-1566d67a75e8	X	10400719	14586314	2983	0.0694
9e704a46-2d0c-48c9-a6fa-1566d67a75e8	X	14586631	20152409	3172	-0.0239
9e704a46-2d0c-48c9-a6fa-1566d67a75e8	X	20152790	26250346	3882	0.0327
9e704a46-2d0c-48c9-a6fa-1566d67a75e8	X	26252504	26253757	3	-1.4105
9e704a46-2d0c-48c9-a6fa-1566d67a75e8	X	26255331	27345577	670	0.0191
9e704a46-2d0c-48c9-a6fa-1566d67a75e8	X	27346365	27417344	45	0.8754
9e704a46-2d0c-48c9-a6fa-1566d67a75e8	X	27418339	38437904	7020	0.0091
9e704a46-2d0c-48c9-a6fa-1566d67a75e8	X	38438304	38438756	4	1.6334
9e704a46-2d0c-48c9-a6fa-1566d67a75e8	X	38438789	46466905	4447	0.0197
9e704a46-2d0c-48c9-a6fa-1566d67a75e8	X	46469802	93225843	19616	-0.0341
9e704a46-2d0c-48c9-a6fa-1566d67a75e8	X	93225915	155551021	35592	0.0145
9e704a46-2d0c-48c9-a6fa-1566d67a75e8	X	155553352	155557906	5	-3.2126
9e704a46-2d0c-48c9-a6fa-1566d67a75e8	X	155559522	155952689	94	-0.0141
9e704a46-2d0c-48c9-a6fa-1566d67a75e8	Y	2782397	56872112	6636	-0.4389
