GDC_Aliquot	Chromosome	Start	End	Num_Probes	Segment_Mean
5de7ecdf-7643-4bde-b4af-36939e97c8ad	1	62920	2342007	419	-0.0176
5de7ecdf-7643-4bde-b4af-36939e97c8ad	1	2348984	2350915	3	-1.315
5de7ecdf-7643-4bde-b4af-36939e97c8ad	1	2351678	12777697	6048	0.0063
5de7ecdf-7643-4bde-b4af-36939e97c8ad	1	12778601	13110913	36	-0.6759
5de7ecdf-7643-4bde-b4af-36939e97c8ad	1	13114062	16868660	2169	0.0042
5de7ecdf-7643-4bde-b4af-36939e97c8ad	1	16877002	16949746	53	-0.4268
5de7ecdf-7643-4bde-b4af-36939e97c8ad	1	16951445	34626037	10184	-0.0036
5de7ecdf-7643-4bde-b4af-36939e97c8ad	1	34626073	34638890	21	-0.5954
5de7ecdf-7643-4bde-b4af-36939e97c8ad	1	34648667	72284670	23594	0.002
5de7ecdf-7643-4bde-b4af-36939e97c8ad	1	72290430	72297687	9	-0.9495
5de7ecdf-7643-4bde-b4af-36939e97c8ad	1	72302735	72345465	48	1.1845
5de7ecdf-7643-4bde-b4af-36939e97c8ad	1	72346221	109684893	23425	0.0017
5de7ecdf-7643-4bde-b4af-36939e97c8ad	1	109690352	109697556	12	2.1315
5de7ecdf-7643-4bde-b4af-36939e97c8ad	1	109702376	112147704	1934	0.001
5de7ecdf-7643-4bde-b4af-36939e97c8ad	1	112153343	112154768	25	-1.6763
5de7ecdf-7643-4bde-b4af-36939e97c8ad	1	112163334	152583051	7547	0.0035
5de7ecdf-7643-4bde-b4af-36939e97c8ad	1	152583230	152613762	31	-1.6707
5de7ecdf-7643-4bde-b4af-36939e97c8ad	1	152613802	152618089	6	-0.4948
5de7ecdf-7643-4bde-b4af-36939e97c8ad	1	152618187	152787202	162	0.0206
5de7ecdf-7643-4bde-b4af-36939e97c8ad	1	152789447	152790191	13	-0.9459
5de7ecdf-7643-4bde-b4af-36939e97c8ad	1	152790286	152796224	24	-1.748
5de7ecdf-7643-4bde-b4af-36939e97c8ad	1	152801429	196745743	29228	0.0019
5de7ecdf-7643-4bde-b4af-36939e97c8ad	1	196758720	196762956	4	-2.2519
5de7ecdf-7643-4bde-b4af-36939e97c8ad	1	196769493	196788990	31	0.155
5de7ecdf-7643-4bde-b4af-36939e97c8ad	1	196789019	196802150	8	-0.8658
5de7ecdf-7643-4bde-b4af-36939e97c8ad	1	196820098	196821815	5	0.2919
5de7ecdf-7643-4bde-b4af-36939e97c8ad	1	196829435	196846661	13	0.7196
5de7ecdf-7643-4bde-b4af-36939e97c8ad	1	196847600	199142393	1359	-0.0041
5de7ecdf-7643-4bde-b4af-36939e97c8ad	1	199142562	199143343	3	-1.5919
5de7ecdf-7643-4bde-b4af-36939e97c8ad	1	199143396	229675422	20290	0.0032
5de7ecdf-7643-4bde-b4af-36939e97c8ad	1	229681109	229684449	3	-3.3681
5de7ecdf-7643-4bde-b4af-36939e97c8ad	1	229684709	248585918	13695	0.0021
5de7ecdf-7643-4bde-b4af-36939e97c8ad	1	248586259	248631163	27	0.4622
5de7ecdf-7643-4bde-b4af-36939e97c8ad	1	248631988	248930189	144	0.0223
5de7ecdf-7643-4bde-b4af-36939e97c8ad	2	12784	4158097	2973	0.0172
5de7ecdf-7643-4bde-b4af-36939e97c8ad	2	4166274	4175577	36	-0.6606
5de7ecdf-7643-4bde-b4af-36939e97c8ad	2	4175922	14563570	7964	0.0088
5de7ecdf-7643-4bde-b4af-36939e97c8ad	2	14564825	14569897	11	-1.2671
5de7ecdf-7643-4bde-b4af-36939e97c8ad	2	14570240	34295406	12838	0.0057
5de7ecdf-7643-4bde-b4af-36939e97c8ad	2	34298911	34300513	2	-2.5515
5de7ecdf-7643-4bde-b4af-36939e97c8ad	2	34300900	34466002	93	0.0185
5de7ecdf-7643-4bde-b4af-36939e97c8ad	2	34474248	34502800	44	-0.495
5de7ecdf-7643-4bde-b4af-36939e97c8ad	2	34511446	35750907	865	0.0117
5de7ecdf-7643-4bde-b4af-36939e97c8ad	2	35752724	35762881	7	-1.4363
5de7ecdf-7643-4bde-b4af-36939e97c8ad	2	35772407	52510045	12010	0.01
5de7ecdf-7643-4bde-b4af-36939e97c8ad	2	52510874	52554404	48	0.4394
5de7ecdf-7643-4bde-b4af-36939e97c8ad	2	52560811	86710564	21755	0.0049
5de7ecdf-7643-4bde-b4af-36939e97c8ad	2	86725947	86726731	2	-1.705
5de7ecdf-7643-4bde-b4af-36939e97c8ad	2	86743283	87489240	162	-0.0155
5de7ecdf-7643-4bde-b4af-36939e97c8ad	2	87489506	87674944	34	-0.8299
5de7ecdf-7643-4bde-b4af-36939e97c8ad	2	87695122	97359885	1726	-0.0015
5de7ecdf-7643-4bde-b4af-36939e97c8ad	2	97524284	97545726	9	-1.3722
5de7ecdf-7643-4bde-b4af-36939e97c8ad	2	97550415	106263639	5526	0.0087
5de7ecdf-7643-4bde-b4af-36939e97c8ad	2	106264257	106268378	8	-2.2421
5de7ecdf-7643-4bde-b4af-36939e97c8ad	2	106268523	111275965	2568	0.0184
5de7ecdf-7643-4bde-b4af-36939e97c8ad	2	111278566	111430941	38	0.5378
5de7ecdf-7643-4bde-b4af-36939e97c8ad	2	111438656	146107675	21065	0.0067
5de7ecdf-7643-4bde-b4af-36939e97c8ad	2	146107759	146120238	16	-0.6467
5de7ecdf-7643-4bde-b4af-36939e97c8ad	2	146120827	207490231	36639	0.0061
5de7ecdf-7643-4bde-b4af-36939e97c8ad	2	207490454	207494612	15	-0.7451
5de7ecdf-7643-4bde-b4af-36939e97c8ad	2	207494752	228892290	13765	0.0099
5de7ecdf-7643-4bde-b4af-36939e97c8ad	2	228894763	228895367	9	-0.7946
5de7ecdf-7643-4bde-b4af-36939e97c8ad	2	228895419	241841244	8029	0.0112
5de7ecdf-7643-4bde-b4af-36939e97c8ad	2	241973315	242095460	104	-0.9694
5de7ecdf-7643-4bde-b4af-36939e97c8ad	2	242095518	242147305	23	-0.1771
5de7ecdf-7643-4bde-b4af-36939e97c8ad	3	20930	1214696	979	0.0151
5de7ecdf-7643-4bde-b4af-36939e97c8ad	3	1215076	1215082	2	-2.8041
5de7ecdf-7643-4bde-b4af-36939e97c8ad	3	1215168	28768295	20266	0.0001
5de7ecdf-7643-4bde-b4af-36939e97c8ad	3	28768950	28774591	6	-1.1595
5de7ecdf-7643-4bde-b4af-36939e97c8ad	3	28774617	36242239	5013	0.0016
5de7ecdf-7643-4bde-b4af-36939e97c8ad	3	36242465	36243538	3	-2.5525
5de7ecdf-7643-4bde-b4af-36939e97c8ad	3	36243787	65211691	18700	0.0006
5de7ecdf-7643-4bde-b4af-36939e97c8ad	3	65211833	65230693	33	0.3551
5de7ecdf-7643-4bde-b4af-36939e97c8ad	3	65230808	68697108	2399	0.0075
5de7ecdf-7643-4bde-b4af-36939e97c8ad	3	68697133	68698262	13	-1.1781
5de7ecdf-7643-4bde-b4af-36939e97c8ad	3	68699607	99332466	15893	-0.0055
5de7ecdf-7643-4bde-b4af-36939e97c8ad	3	99332569	99336570	6	-1.7204
5de7ecdf-7643-4bde-b4af-36939e97c8ad	3	99337046	130072654	18523	0.0042
5de7ecdf-7643-4bde-b4af-36939e97c8ad	3	130072667	130080170	15	0.8379
5de7ecdf-7643-4bde-b4af-36939e97c8ad	3	130080754	146661402	10316	0
5de7ecdf-7643-4bde-b4af-36939e97c8ad	3	146665207	146674197	5	1.0639
5de7ecdf-7643-4bde-b4af-36939e97c8ad	3	146675288	162405578	9523	-0.0003
5de7ecdf-7643-4bde-b4af-36939e97c8ad	3	162419812	162424917	14	-1.036
5de7ecdf-7643-4bde-b4af-36939e97c8ad	3	162426460	162790390	254	0.0267
5de7ecdf-7643-4bde-b4af-36939e97c8ad	3	162790404	162898127	66	-0.3839
5de7ecdf-7643-4bde-b4af-36939e97c8ad	3	162906054	173519113	6321	-0.0015
5de7ecdf-7643-4bde-b4af-36939e97c8ad	3	173522845	173582403	25	0.7591
5de7ecdf-7643-4bde-b4af-36939e97c8ad	3	173583028	175227779	1126	0.0196
5de7ecdf-7643-4bde-b4af-36939e97c8ad	3	175228122	175228137	2	-2.1176
5de7ecdf-7643-4bde-b4af-36939e97c8ad	3	175228157	191662841	10525	-0.007
5de7ecdf-7643-4bde-b4af-36939e97c8ad	3	191666085	191666260	6	-1.0078
5de7ecdf-7643-4bde-b4af-36939e97c8ad	3	191677980	191934428	143	-0.0141
5de7ecdf-7643-4bde-b4af-36939e97c8ad	3	191938381	191946976	7	-1.1729
5de7ecdf-7643-4bde-b4af-36939e97c8ad	3	191949154	193155702	864	-0.0037
5de7ecdf-7643-4bde-b4af-36939e97c8ad	3	193155761	193165114	24	0.5048
5de7ecdf-7643-4bde-b4af-36939e97c8ad	3	193168646	198169247	2680	-0.0098
5de7ecdf-7643-4bde-b4af-36939e97c8ad	4	68929	182732	62	-0.0082
5de7ecdf-7643-4bde-b4af-36939e97c8ad	4	188281	189740	3	-1.214
5de7ecdf-7643-4bde-b4af-36939e97c8ad	4	197074	9455251	5057	0.0085
5de7ecdf-7643-4bde-b4af-36939e97c8ad	4	9459504	9477699	6	-0.8722
5de7ecdf-7643-4bde-b4af-36939e97c8ad	4	9484440	10207627	527	0.0064
5de7ecdf-7643-4bde-b4af-36939e97c8ad	4	10208245	10233644	43	0.3303
5de7ecdf-7643-4bde-b4af-36939e97c8ad	4	10234518	10388498	168	-0.0014
5de7ecdf-7643-4bde-b4af-36939e97c8ad	4	10389091	10401094	18	0.649
5de7ecdf-7643-4bde-b4af-36939e97c8ad	4	10401122	63840033	33146	-0.0039
5de7ecdf-7643-4bde-b4af-36939e97c8ad	4	63841863	63851308	10	-0.9921
5de7ecdf-7643-4bde-b4af-36939e97c8ad	4	63852325	68354665	2818	-0.0038
5de7ecdf-7643-4bde-b4af-36939e97c8ad	4	68361130	68506285	23	0.4196
5de7ecdf-7643-4bde-b4af-36939e97c8ad	4	68509223	68623617	65	-1.6072
5de7ecdf-7643-4bde-b4af-36939e97c8ad	4	68639397	69261934	315	-0.0334
5de7ecdf-7643-4bde-b4af-36939e97c8ad	4	69262694	69362906	48	-0.8032
5de7ecdf-7643-4bde-b4af-36939e97c8ad	4	69362938	114252544	27096	-0.0013
5de7ecdf-7643-4bde-b4af-36939e97c8ad	4	114254167	114258196	11	-0.7742
5de7ecdf-7643-4bde-b4af-36939e97c8ad	4	114258272	114261019	12	-1.8454
5de7ecdf-7643-4bde-b4af-36939e97c8ad	4	114263073	114586468	223	-0.0413
5de7ecdf-7643-4bde-b4af-36939e97c8ad	4	114587010	114589298	3	-2.8858
5de7ecdf-7643-4bde-b4af-36939e97c8ad	4	114593270	129141596	8420	0.0019
5de7ecdf-7643-4bde-b4af-36939e97c8ad	4	129146391	129147005	2	-2.1634
5de7ecdf-7643-4bde-b4af-36939e97c8ad	4	129151408	171448195	25692	-0.0028
5de7ecdf-7643-4bde-b4af-36939e97c8ad	4	171453733	171456625	12	1.6466
5de7ecdf-7643-4bde-b4af-36939e97c8ad	4	171459220	172066777	391	-0.0189
5de7ecdf-7643-4bde-b4af-36939e97c8ad	4	172067997	172068382	12	0.8652
5de7ecdf-7643-4bde-b4af-36939e97c8ad	4	172074828	172501371	224	-0.0441
5de7ecdf-7643-4bde-b4af-36939e97c8ad	4	172503796	172503878	2	2.1865
5de7ecdf-7643-4bde-b4af-36939e97c8ad	4	172504076	189267889	11391	0.0009
5de7ecdf-7643-4bde-b4af-36939e97c8ad	4	189273964	189278110	4	1.2381
5de7ecdf-7643-4bde-b4af-36939e97c8ad	4	189278617	190106768	349	0.0001
5de7ecdf-7643-4bde-b4af-36939e97c8ad	5	15532	12800777	10116	-0.0041
5de7ecdf-7643-4bde-b4af-36939e97c8ad	5	12815668	12838421	14	-1.1298
5de7ecdf-7643-4bde-b4af-36939e97c8ad	5	12849089	17341538	3037	-0.0052
5de7ecdf-7643-4bde-b4af-36939e97c8ad	5	17342373	17356130	9	-1.0963
5de7ecdf-7643-4bde-b4af-36939e97c8ad	5	17358160	21449167	2415	-0.0017
5de7ecdf-7643-4bde-b4af-36939e97c8ad	5	21451091	21452329	5	1.0912
5de7ecdf-7643-4bde-b4af-36939e97c8ad	5	21452387	34259309	7874	-0.004
5de7ecdf-7643-4bde-b4af-36939e97c8ad	5	34264242	34264450	3	-1.3324
5de7ecdf-7643-4bde-b4af-36939e97c8ad	5	34266449	46271006	6979	-0.0012
5de7ecdf-7643-4bde-b4af-36939e97c8ad	5	46271828	46273400	6	-2.0549
5de7ecdf-7643-4bde-b4af-36939e97c8ad	5	46278110	58030200	5036	0.0016
5de7ecdf-7643-4bde-b4af-36939e97c8ad	5	58030336	58037706	31	1.6657
5de7ecdf-7643-4bde-b4af-36939e97c8ad	5	58042530	104515520	26596	0.0004
5de7ecdf-7643-4bde-b4af-36939e97c8ad	5	104524672	104524903	4	1.2392
5de7ecdf-7643-4bde-b4af-36939e97c8ad	5	104525348	118050922	9278	0.0007
5de7ecdf-7643-4bde-b4af-36939e97c8ad	5	118052727	118053390	11	-0.8773
5de7ecdf-7643-4bde-b4af-36939e97c8ad	5	118068645	138891357	12877	-0.0023
5de7ecdf-7643-4bde-b4af-36939e97c8ad	5	138897731	138898262	2	1.7902
5de7ecdf-7643-4bde-b4af-36939e97c8ad	5	138901066	156049910	10967	0.0034
5de7ecdf-7643-4bde-b4af-36939e97c8ad	5	156049988	156055719	12	-1.0564
5de7ecdf-7643-4bde-b4af-36939e97c8ad	5	156068240	178680821	15147	0.0038
5de7ecdf-7643-4bde-b4af-36939e97c8ad	5	178682974	178686162	3	-2.4853
5de7ecdf-7643-4bde-b4af-36939e97c8ad	5	178691854	181363319	1527	-0.0049
5de7ecdf-7643-4bde-b4af-36939e97c8ad	6	149661	280399	115	0.0021
5de7ecdf-7643-4bde-b4af-36939e97c8ad	6	285695	385784	94	-0.476
5de7ecdf-7643-4bde-b4af-36939e97c8ad	6	387532	29869411	21288	-0.0033
5de7ecdf-7643-4bde-b4af-36939e97c8ad	6	29869537	29881490	14	-1.0459
5de7ecdf-7643-4bde-b4af-36939e97c8ad	6	29882419	31318499	653	0.0205
5de7ecdf-7643-4bde-b4af-36939e97c8ad	6	31318528	31328176	6	-2.2438
5de7ecdf-7643-4bde-b4af-36939e97c8ad	6	31328210	32463515	492	-0.0197
5de7ecdf-7643-4bde-b4af-36939e97c8ad	6	32463775	32481273	2	-1.9433
5de7ecdf-7643-4bde-b4af-36939e97c8ad	6	32485024	32525591	14	0.0155
5de7ecdf-7643-4bde-b4af-36939e97c8ad	6	32529339	32634330	38	-0.5639
5de7ecdf-7643-4bde-b4af-36939e97c8ad	6	32634492	32720838	49	0.1421
5de7ecdf-7643-4bde-b4af-36939e97c8ad	6	32720855	32721076	2	-2.8438
5de7ecdf-7643-4bde-b4af-36939e97c8ad	6	32721547	54066269	13566	0.0065
5de7ecdf-7643-4bde-b4af-36939e97c8ad	6	54066286	54067057	8	-0.9505
5de7ecdf-7643-4bde-b4af-36939e97c8ad	6	54070550	69494721	7484	-0.0054
5de7ecdf-7643-4bde-b4af-36939e97c8ad	6	69499213	69513415	15	0.5553
5de7ecdf-7643-4bde-b4af-36939e97c8ad	6	69522312	76726815	4579	0.0053
5de7ecdf-7643-4bde-b4af-36939e97c8ad	6	76730151	76743040	21	0.8563
5de7ecdf-7643-4bde-b4af-36939e97c8ad	6	76751356	78253172	968	-0.0052
5de7ecdf-7643-4bde-b4af-36939e97c8ad	6	78259348	78322600	105	0.4889
5de7ecdf-7643-4bde-b4af-36939e97c8ad	6	78322875	170741917	59187	-0.0015
5de7ecdf-7643-4bde-b4af-36939e97c8ad	7	43355	54305455	38201	0.0003
5de7ecdf-7643-4bde-b4af-36939e97c8ad	7	54318812	54318824	6	1.3587
5de7ecdf-7643-4bde-b4af-36939e97c8ad	7	54325795	70955452	6090	-0.0113
5de7ecdf-7643-4bde-b4af-36939e97c8ad	7	70958264	70961155	2	-1.764
5de7ecdf-7643-4bde-b4af-36939e97c8ad	7	70963257	109793741	22129	-0.0018
5de7ecdf-7643-4bde-b4af-36939e97c8ad	7	109797035	109801155	24	-0.5616
5de7ecdf-7643-4bde-b4af-36939e97c8ad	7	109801187	109813853	11	-2.3546
5de7ecdf-7643-4bde-b4af-36939e97c8ad	7	109813925	134093896	14638	0.0008
5de7ecdf-7643-4bde-b4af-36939e97c8ad	7	134093899	134105244	23	0.7221
5de7ecdf-7643-4bde-b4af-36939e97c8ad	7	134105258	134105690	3	1.4812
5de7ecdf-7643-4bde-b4af-36939e97c8ad	7	134110881	134114444	12	0.4517
5de7ecdf-7643-4bde-b4af-36939e97c8ad	7	134121491	144176284	6378	0.0034
5de7ecdf-7643-4bde-b4af-36939e97c8ad	7	144176859	144352208	17	-0.6178
5de7ecdf-7643-4bde-b4af-36939e97c8ad	7	144377836	147314296	1830	0.0012
5de7ecdf-7643-4bde-b4af-36939e97c8ad	7	147314595	147324405	6	-0.9633
5de7ecdf-7643-4bde-b4af-36939e97c8ad	7	147324423	159334314	7751	0.0054
5de7ecdf-7643-4bde-b4af-36939e97c8ad	8	81254	12143614	10923	0.0047
5de7ecdf-7643-4bde-b4af-36939e97c8ad	8	12176798	12177488	2	-2.962
5de7ecdf-7643-4bde-b4af-36939e97c8ad	8	12323772	13636516	962	-0.012
5de7ecdf-7643-4bde-b4af-36939e97c8ad	8	13637780	13762861	153	-1.1893
5de7ecdf-7643-4bde-b4af-36939e97c8ad	8	13762899	23544795	8106	0.0033
5de7ecdf-7643-4bde-b4af-36939e97c8ad	8	23550227	23550358	5	-1.3032
5de7ecdf-7643-4bde-b4af-36939e97c8ad	8	23550392	25116928	1125	0.0079
5de7ecdf-7643-4bde-b4af-36939e97c8ad	8	25116961	25126818	26	-2.5221
5de7ecdf-7643-4bde-b4af-36939e97c8ad	8	25133589	40324598	9586	0.0012
5de7ecdf-7643-4bde-b4af-36939e97c8ad	8	40326278	40331963	32	-0.9212
5de7ecdf-7643-4bde-b4af-36939e97c8ad	8	40331978	106071589	37922	0.0008
5de7ecdf-7643-4bde-b4af-36939e97c8ad	8	106076708	106076751	2	-1.7561
5de7ecdf-7643-4bde-b4af-36939e97c8ad	8	106079983	111282417	3144	0.0046
5de7ecdf-7643-4bde-b4af-36939e97c8ad	8	111282441	111283016	5	1.2924
5de7ecdf-7643-4bde-b4af-36939e97c8ad	8	111283031	145072769	22755	0.0035
5de7ecdf-7643-4bde-b4af-36939e97c8ad	9	46587	23361807	20219	0.0005
5de7ecdf-7643-4bde-b4af-36939e97c8ad	9	23363117	23372011	6	1.2427
5de7ecdf-7643-4bde-b4af-36939e97c8ad	9	23372401	39747848	10655	-0.0016
5de7ecdf-7643-4bde-b4af-36939e97c8ad	9	39807498	40229601	10	0.6595
5de7ecdf-7643-4bde-b4af-36939e97c8ad	9	40712794	41646850	86	-0.0763
5de7ecdf-7643-4bde-b4af-36939e97c8ad	9	41659472	42014203	8	0.2415
5de7ecdf-7643-4bde-b4af-36939e97c8ad	9	42037471	42164177	19	0.8662
5de7ecdf-7643-4bde-b4af-36939e97c8ad	9	42179276	42585140	19	0.0669
5de7ecdf-7643-4bde-b4af-36939e97c8ad	9	42697878	42727685	13	-0.6457
5de7ecdf-7643-4bde-b4af-36939e97c8ad	9	42729302	76939544	6507	-0.0023
5de7ecdf-7643-4bde-b4af-36939e97c8ad	9	76941965	76951948	5	-1.1619
5de7ecdf-7643-4bde-b4af-36939e97c8ad	9	76951973	100670859	16104	-0.0017
5de7ecdf-7643-4bde-b4af-36939e97c8ad	9	100671586	100671815	2	-1.8017
5de7ecdf-7643-4bde-b4af-36939e97c8ad	9	100675493	138200944	25183	0.0025
5de7ecdf-7643-4bde-b4af-36939e97c8ad	10	45792	84368	11	0.1068
5de7ecdf-7643-4bde-b4af-36939e97c8ad	10	87611	97315	9	-0.9525
5de7ecdf-7643-4bde-b4af-36939e97c8ad	10	97603	2048827	1450	0.0146
5de7ecdf-7643-4bde-b4af-36939e97c8ad	10	2050582	2050916	2	-1.7367
5de7ecdf-7643-4bde-b4af-36939e97c8ad	10	2051513	27308509	19743	-0.002
5de7ecdf-7643-4bde-b4af-36939e97c8ad	10	27318256	27417672	86	-1.1085
5de7ecdf-7643-4bde-b4af-36939e97c8ad	10	27420482	36362740	6316	-0.0028
5de7ecdf-7643-4bde-b4af-36939e97c8ad	10	36365535	36373738	8	-1.2107
5de7ecdf-7643-4bde-b4af-36939e97c8ad	10	36374096	46188877	3643	-0.008
5de7ecdf-7643-4bde-b4af-36939e97c8ad	10	46189243	49810384	1821	0.0567
5de7ecdf-7643-4bde-b4af-36939e97c8ad	10	49811156	65546400	10973	0.0027
5de7ecdf-7643-4bde-b4af-36939e97c8ad	10	65546518	65549243	14	0.4416
5de7ecdf-7643-4bde-b4af-36939e97c8ad	10	65549249	65554688	15	0.9756
5de7ecdf-7643-4bde-b4af-36939e97c8ad	10	65563037	133654968	45884	0.0034
5de7ecdf-7643-4bde-b4af-36939e97c8ad	11	198510	5768371	3205	-0.0048
5de7ecdf-7643-4bde-b4af-36939e97c8ad	11	5768495	5788231	31	-0.5629
5de7ecdf-7643-4bde-b4af-36939e97c8ad	11	5791130	13525474	5896	0.0069
5de7ecdf-7643-4bde-b4af-36939e97c8ad	11	13526070	13528643	5	-1.1628
5de7ecdf-7643-4bde-b4af-36939e97c8ad	11	13528673	18919323	3425	0.0082
5de7ecdf-7643-4bde-b4af-36939e97c8ad	11	18927525	18939631	34	-1.1723
5de7ecdf-7643-4bde-b4af-36939e97c8ad	11	18939734	25062669	4800	-0.0055
5de7ecdf-7643-4bde-b4af-36939e97c8ad	11	25063363	25064191	3	-1.4219
5de7ecdf-7643-4bde-b4af-36939e97c8ad	11	25064963	31371747	4206	0.0074
5de7ecdf-7643-4bde-b4af-36939e97c8ad	11	31372721	31375533	2	-2.5588
5de7ecdf-7643-4bde-b4af-36939e97c8ad	11	31376660	54743970	12302	0.0005
5de7ecdf-7643-4bde-b4af-36939e97c8ad	11	54762035	54766290	3	1.2779
5de7ecdf-7643-4bde-b4af-36939e97c8ad	11	54782119	55606572	285	-0.0032
5de7ecdf-7643-4bde-b4af-36939e97c8ad	11	55606712	55674842	46	-0.509
5de7ecdf-7643-4bde-b4af-36939e97c8ad	11	55676735	135074876	51894	0.0022
5de7ecdf-7643-4bde-b4af-36939e97c8ad	12	51460	1893166	1092	-0.0026
5de7ecdf-7643-4bde-b4af-36939e97c8ad	12	1893196	1910879	6	-1.1001
5de7ecdf-7643-4bde-b4af-36939e97c8ad	12	1912229	9481274	5036	0.0053
5de7ecdf-7643-4bde-b4af-36939e97c8ad	12	9485313	9582374	25	1.1432
5de7ecdf-7643-4bde-b4af-36939e97c8ad	12	9583090	30086809	14178	-0.003
5de7ecdf-7643-4bde-b4af-36939e97c8ad	12	30086978	30090756	19	-0.7404
5de7ecdf-7643-4bde-b4af-36939e97c8ad	12	30090789	33141688	2236	-0.0062
5de7ecdf-7643-4bde-b4af-36939e97c8ad	12	33141710	33154440	29	0.4829
5de7ecdf-7643-4bde-b4af-36939e97c8ad	12	33155426	34097761	573	-0.0192
5de7ecdf-7643-4bde-b4af-36939e97c8ad	12	34103774	34111154	9	-1.2408
5de7ecdf-7643-4bde-b4af-36939e97c8ad	12	34122447	131636170	60397	0.0015
5de7ecdf-7643-4bde-b4af-36939e97c8ad	12	131648039	131648790	13	0.6339
5de7ecdf-7643-4bde-b4af-36939e97c8ad	12	131657925	133201603	555	0.0042
5de7ecdf-7643-4bde-b4af-36939e97c8ad	13	18452809	18511174	6	-0.5662
5de7ecdf-7643-4bde-b4af-36939e97c8ad	13	18522796	23055048	2827	0.0027
5de7ecdf-7643-4bde-b4af-36939e97c8ad	13	23055071	23058992	8	-1.0112
5de7ecdf-7643-4bde-b4af-36939e97c8ad	13	23059009	23059376	5	-3.3289
5de7ecdf-7643-4bde-b4af-36939e97c8ad	13	23064056	37496998	10503	0.0092
5de7ecdf-7643-4bde-b4af-36939e97c8ad	13	37497899	37510620	16	-2.248
5de7ecdf-7643-4bde-b4af-36939e97c8ad	13	37514193	71902850	21354	0.0014
5de7ecdf-7643-4bde-b4af-36939e97c8ad	13	71903417	71906418	4	1.6541
5de7ecdf-7643-4bde-b4af-36939e97c8ad	13	71906467	114342922	28835	0.0022
5de7ecdf-7643-4bde-b4af-36939e97c8ad	14	18239283	19185165	38	0.2178
5de7ecdf-7643-4bde-b4af-36939e97c8ad	14	19185951	19955213	127	-0.5053
5de7ecdf-7643-4bde-b4af-36939e97c8ad	14	19956767	73953773	33957	-0.0032
5de7ecdf-7643-4bde-b4af-36939e97c8ad	14	73957074	73957079	2	-1.9663
5de7ecdf-7643-4bde-b4af-36939e97c8ad	14	73958353	83489463	6325	-0.0028
5de7ecdf-7643-4bde-b4af-36939e97c8ad	14	83492567	83492755	3	-1.5823
5de7ecdf-7643-4bde-b4af-36939e97c8ad	14	83496385	106416146	14242	-0.0024
5de7ecdf-7643-4bde-b4af-36939e97c8ad	14	106418444	106458677	43	-1.8053
5de7ecdf-7643-4bde-b4af-36939e97c8ad	14	106458728	106462183	6	-4.2448
5de7ecdf-7643-4bde-b4af-36939e97c8ad	14	106462724	106877229	194	-0.0197
5de7ecdf-7643-4bde-b4af-36939e97c8ad	15	19811075	20064520	54	-0.2675
5de7ecdf-7643-4bde-b4af-36939e97c8ad	15	20187568	22385639	153	0.8793
5de7ecdf-7643-4bde-b4af-36939e97c8ad	15	22395047	24240681	915	-0.0023
5de7ecdf-7643-4bde-b4af-36939e97c8ad	15	24247869	24258119	4	-1.1299
5de7ecdf-7643-4bde-b4af-36939e97c8ad	15	24258513	30157841	3675	0.0038
5de7ecdf-7643-4bde-b4af-36939e97c8ad	15	30158166	30638297	37	-0.4862
5de7ecdf-7643-4bde-b4af-36939e97c8ad	15	30644082	34421922	2532	-0.0055
5de7ecdf-7643-4bde-b4af-36939e97c8ad	15	34430601	34526116	65	-0.8967
5de7ecdf-7643-4bde-b4af-36939e97c8ad	15	34570058	41877905	4753	0.0017
5de7ecdf-7643-4bde-b4af-36939e97c8ad	15	41878144	41879264	2	-1.6232
5de7ecdf-7643-4bde-b4af-36939e97c8ad	15	41883659	85965728	26953	0.0017
5de7ecdf-7643-4bde-b4af-36939e97c8ad	15	85968663	85978606	8	-1.1062
5de7ecdf-7643-4bde-b4af-36939e97c8ad	15	85978982	97265179	8582	0.0007
5de7ecdf-7643-4bde-b4af-36939e97c8ad	15	97274562	97288957	11	-1.1491
5de7ecdf-7643-4bde-b4af-36939e97c8ad	15	97290419	101928837	3397	0.0114
5de7ecdf-7643-4bde-b4af-36939e97c8ad	16	10777	8319850	5902	0.0063
5de7ecdf-7643-4bde-b4af-36939e97c8ad	16	8320623	8320750	2	-3.035
5de7ecdf-7643-4bde-b4af-36939e97c8ad	16	8321015	35236333	14137	0.0022
5de7ecdf-7643-4bde-b4af-36939e97c8ad	16	35236927	35521195	165	0.6514
5de7ecdf-7643-4bde-b4af-36939e97c8ad	16	35522700	55762682	6552	0.0049
5de7ecdf-7643-4bde-b4af-36939e97c8ad	16	55764310	55764867	3	2.5583
5de7ecdf-7643-4bde-b4af-36939e97c8ad	16	55770436	90096867	24742	0.0041
5de7ecdf-7643-4bde-b4af-36939e97c8ad	17	150733	3772086	1938	-0.0064
5de7ecdf-7643-4bde-b4af-36939e97c8ad	17	3773786	3776484	2	-1.8432
5de7ecdf-7643-4bde-b4af-36939e97c8ad	17	3777393	4471289	409	-0.0124
5de7ecdf-7643-4bde-b4af-36939e97c8ad	17	4471794	4471807	2	-1.5632
5de7ecdf-7643-4bde-b4af-36939e97c8ad	17	4472278	6197464	980	-0.0105
5de7ecdf-7643-4bde-b4af-36939e97c8ad	17	6197476	6197491	2	-2.4215
5de7ecdf-7643-4bde-b4af-36939e97c8ad	17	6197723	18414080	7974	0.0049
5de7ecdf-7643-4bde-b4af-36939e97c8ad	17	18452078	18561907	27	0.5896
5de7ecdf-7643-4bde-b4af-36939e97c8ad	17	18565883	22311109	1303	-0.0017
5de7ecdf-7643-4bde-b4af-36939e97c8ad	17	22311652	22321736	7	-1.018
5de7ecdf-7643-4bde-b4af-36939e97c8ad	17	22322017	46080231	10534	0.0007
5de7ecdf-7643-4bde-b4af-36939e97c8ad	17	46084501	46267493	118	0.3086
5de7ecdf-7643-4bde-b4af-36939e97c8ad	17	46267527	61272114	8818	0.001
5de7ecdf-7643-4bde-b4af-36939e97c8ad	17	61274260	61278801	6	-1.0438
5de7ecdf-7643-4bde-b4af-36939e97c8ad	17	61280229	66893023	3001	0.0095
5de7ecdf-7643-4bde-b4af-36939e97c8ad	17	66893462	66894870	2	-1.7502
5de7ecdf-7643-4bde-b4af-36939e97c8ad	17	66894949	71362987	2969	0.0031
5de7ecdf-7643-4bde-b4af-36939e97c8ad	17	71363483	71364559	2	-1.9194
5de7ecdf-7643-4bde-b4af-36939e97c8ad	17	71366364	83091923	6649	0.0048
5de7ecdf-7643-4bde-b4af-36939e97c8ad	18	48133	40678763	22619	0.0028
5de7ecdf-7643-4bde-b4af-36939e97c8ad	18	40680456	40689848	21	-0.5913
5de7ecdf-7643-4bde-b4af-36939e97c8ad	18	40690108	80257174	27672	0.0022
5de7ecdf-7643-4bde-b4af-36939e97c8ad	19	90910	36758764	17342	-0.0071
5de7ecdf-7643-4bde-b4af-36939e97c8ad	19	36764224	36775259	10	-1.0634
5de7ecdf-7643-4bde-b4af-36939e97c8ad	19	36779235	38740263	970	0.0008
5de7ecdf-7643-4bde-b4af-36939e97c8ad	19	38748537	38758431	3	-1.6811
5de7ecdf-7643-4bde-b4af-36939e97c8ad	19	38759064	54237443	8077	-0.0163
5de7ecdf-7643-4bde-b4af-36939e97c8ad	19	54249482	54336316	32	0.5321
5de7ecdf-7643-4bde-b4af-36939e97c8ad	19	54338128	58586487	2541	0.0102
5de7ecdf-7643-4bde-b4af-36939e97c8ad	20	80664	1571811	1171	0.0079
5de7ecdf-7643-4bde-b4af-36939e97c8ad	20	1576544	1580934	22	-0.6009
5de7ecdf-7643-4bde-b4af-36939e97c8ad	20	1581021	1601561	35	-0.0018
5de7ecdf-7643-4bde-b4af-36939e97c8ad	20	1609611	1613247	5	1.4224
5de7ecdf-7643-4bde-b4af-36939e97c8ad	20	1617300	15321256	10300	0.0008
5de7ecdf-7643-4bde-b4af-36939e97c8ad	20	15321403	15321728	2	-2.4191
5de7ecdf-7643-4bde-b4af-36939e97c8ad	20	15324612	16098158	769	-0.0011
5de7ecdf-7643-4bde-b4af-36939e97c8ad	20	16098361	16104299	3	-1.3807
5de7ecdf-7643-4bde-b4af-36939e97c8ad	20	16107676	30234698	7570	0.0001
5de7ecdf-7643-4bde-b4af-36939e97c8ad	20	30245164	30259177	5	-1.4229
5de7ecdf-7643-4bde-b4af-36939e97c8ad	20	30271154	64284715	22209	0.001
5de7ecdf-7643-4bde-b4af-36939e97c8ad	20	64323342	64324800	5	-1.1047
5de7ecdf-7643-4bde-b4af-36939e97c8ad	21	10354168	10354468	2	0.1515
5de7ecdf-7643-4bde-b4af-36939e97c8ad	21	10388367	10646516	80	-0.8174
5de7ecdf-7643-4bde-b4af-36939e97c8ad	21	10682775	20446351	4754	-0.0034
5de7ecdf-7643-4bde-b4af-36939e97c8ad	21	20447074	20447094	3	-1.4615
5de7ecdf-7643-4bde-b4af-36939e97c8ad	21	20447152	46677045	18838	0.0017
5de7ecdf-7643-4bde-b4af-36939e97c8ad	22	15294547	42501276	17076	0.005
5de7ecdf-7643-4bde-b4af-36939e97c8ad	22	42503434	42559425	25	0.6377
5de7ecdf-7643-4bde-b4af-36939e97c8ad	22	42559782	42581184	10	-1.0007
5de7ecdf-7643-4bde-b4af-36939e97c8ad	22	42584045	50796027	6057	0.008
5de7ecdf-7643-4bde-b4af-36939e97c8ad	X	251810	31673299	19291	-0.0005
5de7ecdf-7643-4bde-b4af-36939e97c8ad	X	31677451	31677902	2	2.1181
5de7ecdf-7643-4bde-b4af-36939e97c8ad	X	31678286	104301946	34208	0.0017
5de7ecdf-7643-4bde-b4af-36939e97c8ad	X	104302069	104302106	2	-2.0628
5de7ecdf-7643-4bde-b4af-36939e97c8ad	X	104306407	155952689	29478	0.0047
5de7ecdf-7643-4bde-b4af-36939e97c8ad	Y	2782397	3538565	228	-2.8449
5de7ecdf-7643-4bde-b4af-36939e97c8ad	Y	3543542	6071948	488	-2.5373
5de7ecdf-7643-4bde-b4af-36939e97c8ad	Y	6075631	9330531	1507	-3.0611
5de7ecdf-7643-4bde-b4af-36939e97c8ad	Y	9332936	9554275	25	-4.6605
5de7ecdf-7643-4bde-b4af-36939e97c8ad	Y	9554586	13478396	1012	-2.9364
5de7ecdf-7643-4bde-b4af-36939e97c8ad	Y	13478462	13482643	3	-7.6029
5de7ecdf-7643-4bde-b4af-36939e97c8ad	Y	13483009	56872112	3371	-2.9394
