GDC_Aliquot	Chromosome	Start	End	Num_Probes	Segment_Mean
17decefd-123d-41be-ad0a-9c27ed5f1f16	1	62920	15822848	8323	-0.3295
17decefd-123d-41be-ad0a-9c27ed5f1f16	1	15823420	15828515	11	0.3505
17decefd-123d-41be-ad0a-9c27ed5f1f16	1	15839166	16864367	356	-0.3477
17decefd-123d-41be-ad0a-9c27ed5f1f16	1	16868660	16898872	13	-0.8699
17decefd-123d-41be-ad0a-9c27ed5f1f16	1	16899035	16909713	7	-0.1661
17decefd-123d-41be-ad0a-9c27ed5f1f16	1	16909725	16935752	33	-0.782
17decefd-123d-41be-ad0a-9c27ed5f1f16	1	16949746	72323042	33974	-0.3137
17decefd-123d-41be-ad0a-9c27ed5f1f16	1	72323161	72345465	27	-0.9155
17decefd-123d-41be-ad0a-9c27ed5f1f16	1	72346221	103616762	20001	-0.3115
17decefd-123d-41be-ad0a-9c27ed5f1f16	1	103620877	103717410	5	0.9237
17decefd-123d-41be-ad0a-9c27ed5f1f16	1	103717617	105476583	919	-0.3755
17decefd-123d-41be-ad0a-9c27ed5f1f16	1	105476614	105481468	19	0.0395
17decefd-123d-41be-ad0a-9c27ed5f1f16	1	105481515	105912367	280	-0.3789
17decefd-123d-41be-ad0a-9c27ed5f1f16	1	105914701	105914733	2	-1.9736
17decefd-123d-41be-ad0a-9c27ed5f1f16	1	105916475	109684893	2345	-0.3279
17decefd-123d-41be-ad0a-9c27ed5f1f16	1	109690352	109697556	13	1.3789
17decefd-123d-41be-ad0a-9c27ed5f1f16	1	109702376	112147704	1944	-0.2872
17decefd-123d-41be-ad0a-9c27ed5f1f16	1	112153343	112154591	22	-1.5746
17decefd-123d-41be-ad0a-9c27ed5f1f16	1	112154619	152588065	7608	-0.3089
17decefd-123d-41be-ad0a-9c27ed5f1f16	1	152588392	152613762	22	-1.7704
17decefd-123d-41be-ad0a-9c27ed5f1f16	1	152613802	152614118	4	-0.8684
17decefd-123d-41be-ad0a-9c27ed5f1f16	1	152618018	152782154	158	-0.3101
17decefd-123d-41be-ad0a-9c27ed5f1f16	1	152783832	152795883	42	0.1485
17decefd-123d-41be-ad0a-9c27ed5f1f16	1	152796094	169247699	11253	-0.3139
17decefd-123d-41be-ad0a-9c27ed5f1f16	1	169264736	169272528	6	-1.5537
17decefd-123d-41be-ad0a-9c27ed5f1f16	1	169273163	174827267	3507	-0.3003
17decefd-123d-41be-ad0a-9c27ed5f1f16	1	174827418	174832599	15	-1.7776
17decefd-123d-41be-ad0a-9c27ed5f1f16	1	174832702	192914281	12005	-0.3233
17decefd-123d-41be-ad0a-9c27ed5f1f16	1	192915006	192920322	7	-4.8269
17decefd-123d-41be-ad0a-9c27ed5f1f16	1	192921090	192923062	2	-1.6832
17decefd-123d-41be-ad0a-9c27ed5f1f16	1	192925414	194479104	1152	-0.3028
17decefd-123d-41be-ad0a-9c27ed5f1f16	1	194482281	194485888	2	1.2408
17decefd-123d-41be-ad0a-9c27ed5f1f16	1	194487886	196745743	1451	-0.337
17decefd-123d-41be-ad0a-9c27ed5f1f16	1	196758720	196846661	61	-1.2595
17decefd-123d-41be-ad0a-9c27ed5f1f16	1	196847600	248930189	35745	-0.3256
17decefd-123d-41be-ad0a-9c27ed5f1f16	2	12784	4158097	2980	-0.3199
17decefd-123d-41be-ad0a-9c27ed5f1f16	2	4166274	4176429	42	-1.341
17decefd-123d-41be-ad0a-9c27ed5f1f16	2	4182472	34466002	21025	-0.292
17decefd-123d-41be-ad0a-9c27ed5f1f16	2	34474248	34511446	45	0.2109
17decefd-123d-41be-ad0a-9c27ed5f1f16	2	34511990	41988566	5649	-0.2858
17decefd-123d-41be-ad0a-9c27ed5f1f16	2	41991194	41996881	7	-1.1029
17decefd-123d-41be-ad0a-9c27ed5f1f16	2	41999704	45091326	2077	-0.3023
17decefd-123d-41be-ad0a-9c27ed5f1f16	2	45091575	45092366	2	-2.4752
17decefd-123d-41be-ad0a-9c27ed5f1f16	2	45092743	46759642	1395	-0.2677
17decefd-123d-41be-ad0a-9c27ed5f1f16	2	46760934	51980542	3497	-0.3311
17decefd-123d-41be-ad0a-9c27ed5f1f16	2	51981120	52527330	358	-0.2754
17decefd-123d-41be-ad0a-9c27ed5f1f16	2	52527342	52554404	39	0.094
17decefd-123d-41be-ad0a-9c27ed5f1f16	2	52560811	83023449	19741	-0.2943
17decefd-123d-41be-ad0a-9c27ed5f1f16	2	83023673	83023917	3	-2.8
17decefd-123d-41be-ad0a-9c27ed5f1f16	2	83030188	97359885	4067	-0.2873
17decefd-123d-41be-ad0a-9c27ed5f1f16	2	97524284	97545247	8	-1.2288
17decefd-123d-41be-ad0a-9c27ed5f1f16	2	97545726	106265177	5558	-0.2894
17decefd-123d-41be-ad0a-9c27ed5f1f16	2	106266773	106268378	5	-2.9897
17decefd-123d-41be-ad0a-9c27ed5f1f16	2	106268523	122719438	9482	-0.294
17decefd-123d-41be-ad0a-9c27ed5f1f16	2	122722323	122724665	8	-1.488
17decefd-123d-41be-ad0a-9c27ed5f1f16	2	122726077	123576482	631	-0.3015
17decefd-123d-41be-ad0a-9c27ed5f1f16	2	123576495	125694355	1317	-0.3671
17decefd-123d-41be-ad0a-9c27ed5f1f16	2	125694440	146104517	12354	-0.3006
17decefd-123d-41be-ad0a-9c27ed5f1f16	2	146106836	146109366	24	0.5631
17decefd-123d-41be-ad0a-9c27ed5f1f16	2	146120238	155626446	5781	-0.2925
17decefd-123d-41be-ad0a-9c27ed5f1f16	2	155626548	155626551	2	-2.4863
17decefd-123d-41be-ad0a-9c27ed5f1f16	2	155627204	179196928	14453	-0.2877
17decefd-123d-41be-ad0a-9c27ed5f1f16	2	179202465	179214417	3	-1.9756
17decefd-123d-41be-ad0a-9c27ed5f1f16	2	179218864	183709219	2862	-0.2857
17decefd-123d-41be-ad0a-9c27ed5f1f16	2	183712465	183712596	3	-2.1654
17decefd-123d-41be-ad0a-9c27ed5f1f16	2	183716167	193236178	5447	-0.2772
17decefd-123d-41be-ad0a-9c27ed5f1f16	2	193239011	193249368	6	-0.986
17decefd-123d-41be-ad0a-9c27ed5f1f16	2	193249855	193280646	18	-2.6925
17decefd-123d-41be-ad0a-9c27ed5f1f16	2	193280908	242147305	30396	-0.292
17decefd-123d-41be-ad0a-9c27ed5f1f16	3	20930	182919	154	0.385
17decefd-123d-41be-ad0a-9c27ed5f1f16	3	188339	191117	4	-0.4785
17decefd-123d-41be-ad0a-9c27ed5f1f16	3	193194	6604856	5653	0.3844
17decefd-123d-41be-ad0a-9c27ed5f1f16	3	6609441	6613391	24	-0.17
17decefd-123d-41be-ad0a-9c27ed5f1f16	3	6613561	8780118	1887	0.3719
17decefd-123d-41be-ad0a-9c27ed5f1f16	3	8783681	8816515	27	1.0037
17decefd-123d-41be-ad0a-9c27ed5f1f16	3	8825123	16199049	5139	0.3688
17decefd-123d-41be-ad0a-9c27ed5f1f16	3	16199122	16199672	5	-2.3081
17decefd-123d-41be-ad0a-9c27ed5f1f16	3	16199818	17638725	894	0.3867
17decefd-123d-41be-ad0a-9c27ed5f1f16	3	17647096	17648936	2	-0.8792
17decefd-123d-41be-ad0a-9c27ed5f1f16	3	17650888	26539655	6190	0.3677
17decefd-123d-41be-ad0a-9c27ed5f1f16	3	26540654	26570407	20	-0.1238
17decefd-123d-41be-ad0a-9c27ed5f1f16	3	26570470	32522580	4225	0.3705
17decefd-123d-41be-ad0a-9c27ed5f1f16	3	32525436	35621458	1743	0.3315
17decefd-123d-41be-ad0a-9c27ed5f1f16	3	35625074	47146978	7383	0.3783
17decefd-123d-41be-ad0a-9c27ed5f1f16	3	47157301	52286896	2004	0.3071
17decefd-123d-41be-ad0a-9c27ed5f1f16	3	52287296	59750573	4934	0.3671
17decefd-123d-41be-ad0a-9c27ed5f1f16	3	59750788	61080860	1512	0.4248
17decefd-123d-41be-ad0a-9c27ed5f1f16	3	61080923	68697013	5952	0.3651
17decefd-123d-41be-ad0a-9c27ed5f1f16	3	68697108	68698262	14	-1.1735
17decefd-123d-41be-ad0a-9c27ed5f1f16	3	68699607	82862860	9063	0.3638
17decefd-123d-41be-ad0a-9c27ed5f1f16	3	82863769	86379413	1864	0.2784
17decefd-123d-41be-ad0a-9c27ed5f1f16	3	86380125	95331698	2885	0.3287
17decefd-123d-41be-ad0a-9c27ed5f1f16	3	95333433	96560684	649	0.273
17decefd-123d-41be-ad0a-9c27ed5f1f16	3	96561690	96568968	4	-0.5258
17decefd-123d-41be-ad0a-9c27ed5f1f16	3	96569563	96585044	7	0.2481
17decefd-123d-41be-ad0a-9c27ed5f1f16	3	96588814	96600080	10	-0.5392
17decefd-123d-41be-ad0a-9c27ed5f1f16	3	96607163	97580075	478	0.3278
17decefd-123d-41be-ad0a-9c27ed5f1f16	3	97580571	99218940	948	0.3697
17decefd-123d-41be-ad0a-9c27ed5f1f16	3	99225614	99246033	45	-0.0353
17decefd-123d-41be-ad0a-9c27ed5f1f16	3	99246181	103409505	2326	0.3672
17decefd-123d-41be-ad0a-9c27ed5f1f16	3	103413327	104417391	582	0.3157
17decefd-123d-41be-ad0a-9c27ed5f1f16	3	104417431	104417478	2	-1.1056
17decefd-123d-41be-ad0a-9c27ed5f1f16	3	104417687	105458644	763	0.3191
17decefd-123d-41be-ad0a-9c27ed5f1f16	3	105458835	128547195	14311	0.3796
17decefd-123d-41be-ad0a-9c27ed5f1f16	3	128548375	128720939	106	0.189
17decefd-123d-41be-ad0a-9c27ed5f1f16	3	128721175	149245176	12522	0.3714
17decefd-123d-41be-ad0a-9c27ed5f1f16	3	149245189	149250334	26	-0.478
17decefd-123d-41be-ad0a-9c27ed5f1f16	3	149253293	162812527	8338	0.3683
17decefd-123d-41be-ad0a-9c27ed5f1f16	3	162813082	162822702	8	-0.887
17decefd-123d-41be-ad0a-9c27ed5f1f16	3	162827928	162881312	33	0.695
17decefd-123d-41be-ad0a-9c27ed5f1f16	3	162881399	163809988	515	0.3595
17decefd-123d-41be-ad0a-9c27ed5f1f16	3	163813742	166762990	1717	0.3013
17decefd-123d-41be-ad0a-9c27ed5f1f16	3	166763420	169631156	1686	0.3613
17decefd-123d-41be-ad0a-9c27ed5f1f16	3	169632074	169632816	2	-0.9005
17decefd-123d-41be-ad0a-9c27ed5f1f16	3	169634670	173462843	2396	0.3709
17decefd-123d-41be-ad0a-9c27ed5f1f16	3	173462932	173832823	263	0.471
17decefd-123d-41be-ad0a-9c27ed5f1f16	3	173835947	175382103	1110	0.3374
17decefd-123d-41be-ad0a-9c27ed5f1f16	3	175382608	175993572	377	0.4386
17decefd-123d-41be-ad0a-9c27ed5f1f16	3	175995036	176545911	353	0.3525
17decefd-123d-41be-ad0a-9c27ed5f1f16	3	176546785	176546812	2	-1.1963
17decefd-123d-41be-ad0a-9c27ed5f1f16	3	176550625	192890184	10552	0.3632
17decefd-123d-41be-ad0a-9c27ed5f1f16	3	192890293	192890762	5	1.2851
17decefd-123d-41be-ad0a-9c27ed5f1f16	3	192890809	193160113	188	0.3249
17decefd-123d-41be-ad0a-9c27ed5f1f16	3	193160173	193165114	19	-0.4989
17decefd-123d-41be-ad0a-9c27ed5f1f16	3	193168646	198169247	2690	0.361
17decefd-123d-41be-ad0a-9c27ed5f1f16	4	68929	586300	219	0.3117
17decefd-123d-41be-ad0a-9c27ed5f1f16	4	587859	1041640	129	0.1763
17decefd-123d-41be-ad0a-9c27ed5f1f16	4	1051323	9455251	4806	0.3332
17decefd-123d-41be-ad0a-9c27ed5f1f16	4	9459504	9477699	6	2.0446
17decefd-123d-41be-ad0a-9c27ed5f1f16	4	9484440	10208766	537	0.3323
17decefd-123d-41be-ad0a-9c27ed5f1f16	4	10221792	10229874	28	2.2682
17decefd-123d-41be-ad0a-9c27ed5f1f16	4	10232590	10390730	179	0.3932
17decefd-123d-41be-ad0a-9c27ed5f1f16	4	10391530	10399044	15	-0.3994
17decefd-123d-41be-ad0a-9c27ed5f1f16	4	10401094	17383776	5448	0.3144
17decefd-123d-41be-ad0a-9c27ed5f1f16	4	17385655	23328760	3930	0.2782
17decefd-123d-41be-ad0a-9c27ed5f1f16	4	23331018	28226168	3357	0.3145
17decefd-123d-41be-ad0a-9c27ed5f1f16	4	28227241	34777382	4040	0.2621
17decefd-123d-41be-ad0a-9c27ed5f1f16	4	34777403	35902002	730	0.3429
17decefd-123d-41be-ad0a-9c27ed5f1f16	4	35903443	35904870	4	-0.9502
17decefd-123d-41be-ad0a-9c27ed5f1f16	4	35908117	45003835	5940	0.3275
17decefd-123d-41be-ad0a-9c27ed5f1f16	4	45004175	45004318	3	-0.7334
17decefd-123d-41be-ad0a-9c27ed5f1f16	4	45008952	49289338	2332	0.3069
17decefd-123d-41be-ad0a-9c27ed5f1f16	4	49295203	49656595	19	-0.3249
17decefd-123d-41be-ad0a-9c27ed5f1f16	4	51819533	63832110	7566	0.2973
17decefd-123d-41be-ad0a-9c27ed5f1f16	4	63838575	63851308	24	0.772
17decefd-123d-41be-ad0a-9c27ed5f1f16	4	63852325	68354665	2846	0.2879
17decefd-123d-41be-ad0a-9c27ed5f1f16	4	68361130	68395346	7	1.6426
17decefd-123d-41be-ad0a-9c27ed5f1f16	4	68416487	68506285	17	0.2499
17decefd-123d-41be-ad0a-9c27ed5f1f16	4	68509223	68623617	65	-1.5928
17decefd-123d-41be-ad0a-9c27ed5f1f16	4	68639397	69261926	314	0.3459
17decefd-123d-41be-ad0a-9c27ed5f1f16	4	69261934	69366081	53	-0.3978
17decefd-123d-41be-ad0a-9c27ed5f1f16	4	69366304	76870130	4605	0.2994
17decefd-123d-41be-ad0a-9c27ed5f1f16	4	76870357	76872625	16	-0.1314
17decefd-123d-41be-ad0a-9c27ed5f1f16	4	76872676	90605302	8594	0.2997
17decefd-123d-41be-ad0a-9c27ed5f1f16	4	90610791	94385168	2084	0.2464
17decefd-123d-41be-ad0a-9c27ed5f1f16	4	94386981	129141596	20732	0.2947
17decefd-123d-41be-ad0a-9c27ed5f1f16	4	129146391	129147005	2	-2.6065
17decefd-123d-41be-ad0a-9c27ed5f1f16	4	129151408	131373922	1388	0.2952
17decefd-123d-41be-ad0a-9c27ed5f1f16	4	131375290	137171266	3126	0.2405
17decefd-123d-41be-ad0a-9c27ed5f1f16	4	137171362	137171753	8	-0.6364
17decefd-123d-41be-ad0a-9c27ed5f1f16	4	137171772	137187333	9	0.0272
17decefd-123d-41be-ad0a-9c27ed5f1f16	4	137187826	171448195	21362	0.2965
17decefd-123d-41be-ad0a-9c27ed5f1f16	4	171453733	171456625	12	-0.8483
17decefd-123d-41be-ad0a-9c27ed5f1f16	4	171459220	172066777	397	0.3023
17decefd-123d-41be-ad0a-9c27ed5f1f16	4	172067997	172068354	10	1.0323
17decefd-123d-41be-ad0a-9c27ed5f1f16	4	172068368	181255905	5937	0.2959
17decefd-123d-41be-ad0a-9c27ed5f1f16	4	181262762	181453172	185	-0.4361
17decefd-123d-41be-ad0a-9c27ed5f1f16	4	181453933	181576753	115	0.268
17decefd-123d-41be-ad0a-9c27ed5f1f16	4	181577568	181843460	246	-0.2807
17decefd-123d-41be-ad0a-9c27ed5f1f16	4	181845687	190106768	5587	0.3088
17decefd-123d-41be-ad0a-9c27ed5f1f16	5	15532	685389	305	0.332
17decefd-123d-41be-ad0a-9c27ed5f1f16	5	685633	733497	17	0.9253
17decefd-123d-41be-ad0a-9c27ed5f1f16	5	741924	808932	16	0.3775
17decefd-123d-41be-ad0a-9c27ed5f1f16	5	817735	825192	13	-0.4751
17decefd-123d-41be-ad0a-9c27ed5f1f16	5	825538	22582513	15926	0.3677
17decefd-123d-41be-ad0a-9c27ed5f1f16	5	22583997	26789387	2555	0.2991
17decefd-123d-41be-ad0a-9c27ed5f1f16	5	26797651	26797735	2	-2.035
17decefd-123d-41be-ad0a-9c27ed5f1f16	5	26803775	30810407	2335	0.3308
17decefd-123d-41be-ad0a-9c27ed5f1f16	5	30810462	46191782	9458	0.3771
17decefd-123d-41be-ad0a-9c27ed5f1f16	5	46195781	46199333	4	-0.835
17decefd-123d-41be-ad0a-9c27ed5f1f16	5	46209197	46271006	15	0.2388
17decefd-123d-41be-ad0a-9c27ed5f1f16	5	46271828	46273400	6	1.423
17decefd-123d-41be-ad0a-9c27ed5f1f16	5	46278110	58025819	5066	0.3778
17decefd-123d-41be-ad0a-9c27ed5f1f16	5	58030200	58037706	32	3.0558
17decefd-123d-41be-ad0a-9c27ed5f1f16	5	58042530	85224184	16065	0.3802
17decefd-123d-41be-ad0a-9c27ed5f1f16	5	85224760	86591443	733	0.3065
17decefd-123d-41be-ad0a-9c27ed5f1f16	5	86595025	104958535	10360	0.3808
17decefd-123d-41be-ad0a-9c27ed5f1f16	5	104958759	106881487	1055	0.3199
17decefd-123d-41be-ad0a-9c27ed5f1f16	5	106883813	120731125	9714	0.3712
17decefd-123d-41be-ad0a-9c27ed5f1f16	5	120731445	120740078	8	-0.7682
17decefd-123d-41be-ad0a-9c27ed5f1f16	5	120740577	120856327	70	-0.3966
17decefd-123d-41be-ad0a-9c27ed5f1f16	5	120859710	139789292	11518	0.3743
17decefd-123d-41be-ad0a-9c27ed5f1f16	5	139798577	139803311	4	-1.1593
17decefd-123d-41be-ad0a-9c27ed5f1f16	5	139804359	150822643	7059	0.372
17decefd-123d-41be-ad0a-9c27ed5f1f16	5	150825938	150839042	8	-0.5916
17decefd-123d-41be-ad0a-9c27ed5f1f16	5	150843825	152135825	963	0.3895
17decefd-123d-41be-ad0a-9c27ed5f1f16	5	152135909	152140861	15	-0.2572
17decefd-123d-41be-ad0a-9c27ed5f1f16	5	152140936	161121148	6167	0.3729
17decefd-123d-41be-ad0a-9c27ed5f1f16	5	161122691	161126403	4	-1.0861
17decefd-123d-41be-ad0a-9c27ed5f1f16	5	161127134	161954630	511	0.3822
17decefd-123d-41be-ad0a-9c27ed5f1f16	5	161965920	162182789	117	0.2719
17decefd-123d-41be-ad0a-9c27ed5f1f16	5	162184665	164941229	1703	0.3395
17decefd-123d-41be-ad0a-9c27ed5f1f16	5	164941394	166998090	1458	0.2838
17decefd-123d-41be-ad0a-9c27ed5f1f16	5	167000257	180947523	9293	0.3681
17decefd-123d-41be-ad0a-9c27ed5f1f16	5	180951710	180991103	19	0.9902
17decefd-123d-41be-ad0a-9c27ed5f1f16	5	181006225	181363319	170	0.345
17decefd-123d-41be-ad0a-9c27ed5f1f16	6	149661	254283	101	-0.3796
17decefd-123d-41be-ad0a-9c27ed5f1f16	6	257353	303017	25	-1.0624
17decefd-123d-41be-ad0a-9c27ed5f1f16	6	314962	347160	28	-0.4198
17decefd-123d-41be-ad0a-9c27ed5f1f16	6	347166	350371	8	-1.1963
17decefd-123d-41be-ad0a-9c27ed5f1f16	6	350482	6025978	4671	-0.32
17decefd-123d-41be-ad0a-9c27ed5f1f16	6	6033698	6034203	3	-2.084
17decefd-123d-41be-ad0a-9c27ed5f1f16	6	6036812	29869411	16778	-0.3331
17decefd-123d-41be-ad0a-9c27ed5f1f16	6	29869537	29881490	14	-1.0165
17decefd-123d-41be-ad0a-9c27ed5f1f16	6	29882419	31313046	659	-0.3293
17decefd-123d-41be-ad0a-9c27ed5f1f16	6	31318499	31328176	8	-1.5842
17decefd-123d-41be-ad0a-9c27ed5f1f16	6	31328210	66331020	19596	-0.325
17decefd-123d-41be-ad0a-9c27ed5f1f16	6	66331558	66333299	6	-1.662
17decefd-123d-41be-ad0a-9c27ed5f1f16	6	66333342	78253172	7781	-0.3288
17decefd-123d-41be-ad0a-9c27ed5f1f16	6	78259348	78325468	112	-2.3421
17decefd-123d-41be-ad0a-9c27ed5f1f16	6	78329517	103286954	15455	-0.3435
17decefd-123d-41be-ad0a-9c27ed5f1f16	6	103290101	103317795	47	-1.3141
17decefd-123d-41be-ad0a-9c27ed5f1f16	6	103317836	113900791	6651	-0.3419
17decefd-123d-41be-ad0a-9c27ed5f1f16	6	113903677	113903852	2	-3.4241
17decefd-123d-41be-ad0a-9c27ed5f1f16	6	113904647	114996934	624	-0.3578
17decefd-123d-41be-ad0a-9c27ed5f1f16	6	114997858	115004524	3	-1.8303
17decefd-123d-41be-ad0a-9c27ed5f1f16	6	115004900	125861617	6579	-0.321
17decefd-123d-41be-ad0a-9c27ed5f1f16	6	125862546	125865630	3	-1.7517
17decefd-123d-41be-ad0a-9c27ed5f1f16	6	125867747	130523036	2831	-0.329
17decefd-123d-41be-ad0a-9c27ed5f1f16	6	130523490	130538304	10	-4.6256
17decefd-123d-41be-ad0a-9c27ed5f1f16	6	130540206	134581083	2772	-0.3316
17decefd-123d-41be-ad0a-9c27ed5f1f16	6	134583177	134583386	2	-2.7945
17decefd-123d-41be-ad0a-9c27ed5f1f16	6	134583881	170741917	24596	-0.3337
17decefd-123d-41be-ad0a-9c27ed5f1f16	7	43355	6737427	3410	0.2944
17decefd-123d-41be-ad0a-9c27ed5f1f16	7	6739639	13547787	5434	0.3475
17decefd-123d-41be-ad0a-9c27ed5f1f16	7	13550519	13552049	9	-0.4046
17decefd-123d-41be-ad0a-9c27ed5f1f16	7	13558316	23010887	7661	0.3361
17decefd-123d-41be-ad0a-9c27ed5f1f16	7	23014329	23014386	2	-1.149
17decefd-123d-41be-ad0a-9c27ed5f1f16	7	23015546	23867325	514	0.261
17decefd-123d-41be-ad0a-9c27ed5f1f16	7	23871824	39037797	10976	0.3414
17decefd-123d-41be-ad0a-9c27ed5f1f16	7	39037805	39039873	2	-1.8237
17decefd-123d-41be-ad0a-9c27ed5f1f16	7	39040000	51277358	8180	0.3261
17decefd-123d-41be-ad0a-9c27ed5f1f16	7	51277485	54318812	2268	0.2853
17decefd-123d-41be-ad0a-9c27ed5f1f16	7	54318816	54318824	5	-2.0434
17decefd-123d-41be-ad0a-9c27ed5f1f16	7	54325795	55613061	1088	0.3219
17decefd-123d-41be-ad0a-9c27ed5f1f16	7	55613605	70955452	5034	0.2844
17decefd-123d-41be-ad0a-9c27ed5f1f16	7	70958264	70961155	2	-1.5697
17decefd-123d-41be-ad0a-9c27ed5f1f16	7	70963257	76506413	2132	0.2766
17decefd-123d-41be-ad0a-9c27ed5f1f16	7	76507072	97873828	13652	0.353
17decefd-123d-41be-ad0a-9c27ed5f1f16	7	97882049	102817310	2011	0.2771
17decefd-123d-41be-ad0a-9c27ed5f1f16	7	102817849	126405597	14561	0.3434
17decefd-123d-41be-ad0a-9c27ed5f1f16	7	126405632	126406561	9	-1.1792
17decefd-123d-41be-ad0a-9c27ed5f1f16	7	126406822	134100424	4697	0.3389
17decefd-123d-41be-ad0a-9c27ed5f1f16	7	134100442	134110881	25	0.9166
17decefd-123d-41be-ad0a-9c27ed5f1f16	7	134110912	142523008	5572	0.3442
17decefd-123d-41be-ad0a-9c27ed5f1f16	7	142523057	142785841	108	0.5093
17decefd-123d-41be-ad0a-9c27ed5f1f16	7	142801993	143529806	452	0.342
17decefd-123d-41be-ad0a-9c27ed5f1f16	7	143530003	143603307	4	1.1253
17decefd-123d-41be-ad0a-9c27ed5f1f16	7	143728285	144199159	300	0.3487
17decefd-123d-41be-ad0a-9c27ed5f1f16	7	144207186	144264193	8	-0.3721
17decefd-123d-41be-ad0a-9c27ed5f1f16	7	144295437	144312471	3	1.8914
17decefd-123d-41be-ad0a-9c27ed5f1f16	7	144326306	154598185	6408	0.3266
17decefd-123d-41be-ad0a-9c27ed5f1f16	7	154601461	154605369	3	1.5344
17decefd-123d-41be-ad0a-9c27ed5f1f16	7	154607903	157760038	2263	0.3512
17decefd-123d-41be-ad0a-9c27ed5f1f16	7	157760120	157768071	3	-0.6645
17decefd-123d-41be-ad0a-9c27ed5f1f16	7	157769045	159334314	969	0.3246
17decefd-123d-41be-ad0a-9c27ed5f1f16	8	81254	2844412	2038	0.3727
17decefd-123d-41be-ad0a-9c27ed5f1f16	8	2846011	2846377	7	-0.8625
17decefd-123d-41be-ad0a-9c27ed5f1f16	8	2849649	5389891	3491	0.3319
17decefd-123d-41be-ad0a-9c27ed5f1f16	8	5390000	25114672	15912	0.3815
17decefd-123d-41be-ad0a-9c27ed5f1f16	8	25116928	25126735	26	-0.0478
17decefd-123d-41be-ad0a-9c27ed5f1f16	8	25126818	25552690	319	0.3471
17decefd-123d-41be-ad0a-9c27ed5f1f16	8	25557688	25557934	3	-0.6617
17decefd-123d-41be-ad0a-9c27ed5f1f16	8	25559498	30019089	3188	0.3801
17decefd-123d-41be-ad0a-9c27ed5f1f16	8	30019877	40324598	6146	0.3493
17decefd-123d-41be-ad0a-9c27ed5f1f16	8	40326278	40331992	34	-0.5606
17decefd-123d-41be-ad0a-9c27ed5f1f16	8	40335391	111279265	41345	0.3653
17decefd-123d-41be-ad0a-9c27ed5f1f16	8	111282050	111283031	10	2.3351
17decefd-123d-41be-ad0a-9c27ed5f1f16	8	111288052	114412619	1693	0.3215
17decefd-123d-41be-ad0a-9c27ed5f1f16	8	114412772	114421044	3	-0.7217
17decefd-123d-41be-ad0a-9c27ed5f1f16	8	114422482	114622258	122	0.3898
17decefd-123d-41be-ad0a-9c27ed5f1f16	8	114622325	114623472	12	-0.3859
17decefd-123d-41be-ad0a-9c27ed5f1f16	8	114626121	114628759	11	0.1401
17decefd-123d-41be-ad0a-9c27ed5f1f16	8	114628773	114629502	11	-0.5619
17decefd-123d-41be-ad0a-9c27ed5f1f16	8	114638468	131976820	12029	0.3733
17decefd-123d-41be-ad0a-9c27ed5f1f16	8	131978838	131978878	2	-1.3104
17decefd-123d-41be-ad0a-9c27ed5f1f16	8	131982329	142047413	7886	0.3656
17decefd-123d-41be-ad0a-9c27ed5f1f16	8	142047414	142049377	3	-0.8534
17decefd-123d-41be-ad0a-9c27ed5f1f16	8	142055279	143616987	617	0.3583
17decefd-123d-41be-ad0a-9c27ed5f1f16	8	143622987	143636819	10	-0.3124
17decefd-123d-41be-ad0a-9c27ed5f1f16	8	143642893	145072769	503	0.3069
17decefd-123d-41be-ad0a-9c27ed5f1f16	9	46587	1303826	1292	0.2133
17decefd-123d-41be-ad0a-9c27ed5f1f16	9	1304068	4643446	3502	0.2544
17decefd-123d-41be-ad0a-9c27ed5f1f16	9	4643573	5079156	446	0.1883
17decefd-123d-41be-ad0a-9c27ed5f1f16	9	5081416	5081953	10	-0.4007
17decefd-123d-41be-ad0a-9c27ed5f1f16	9	5082995	41741113	26012	0.2192
17decefd-123d-41be-ad0a-9c27ed5f1f16	9	42014203	42726239	51	0.5673
17decefd-123d-41be-ad0a-9c27ed5f1f16	9	42727685	61405110	42	0.2642
17decefd-123d-41be-ad0a-9c27ed5f1f16	9	61520021	61629689	28	0.9292
17decefd-123d-41be-ad0a-9c27ed5f1f16	9	61633080	68541289	282	0.1933
17decefd-123d-41be-ad0a-9c27ed5f1f16	9	68541379	87907679	14086	0.1447
17decefd-123d-41be-ad0a-9c27ed5f1f16	9	87939236	87939304	2	-1.9766
17decefd-123d-41be-ad0a-9c27ed5f1f16	9	87943042	137358495	33268	0.1512
17decefd-123d-41be-ad0a-9c27ed5f1f16	9	137361190	137361266	2	-1.9238
17decefd-123d-41be-ad0a-9c27ed5f1f16	9	137361381	137388889	6	-0.1934
17decefd-123d-41be-ad0a-9c27ed5f1f16	9	137396337	138117932	378	0.1398
17decefd-123d-41be-ad0a-9c27ed5f1f16	9	138117969	138130866	7	-0.3279
17decefd-123d-41be-ad0a-9c27ed5f1f16	9	138130876	138177075	10	0.2039
17decefd-123d-41be-ad0a-9c27ed5f1f16	9	138177488	138200944	6	-0.3119
17decefd-123d-41be-ad0a-9c27ed5f1f16	10	45792	2794662	2214	-0.3306
17decefd-123d-41be-ad0a-9c27ed5f1f16	10	2794687	2794702	2	-2.1339
17decefd-123d-41be-ad0a-9c27ed5f1f16	10	2794953	3496216	672	-0.3605
17decefd-123d-41be-ad0a-9c27ed5f1f16	10	3500494	4248622	677	-0.2865
17decefd-123d-41be-ad0a-9c27ed5f1f16	10	4248646	4248824	3	0.8521
17decefd-123d-41be-ad0a-9c27ed5f1f16	10	4251879	5538665	1123	-0.2767
17decefd-123d-41be-ad0a-9c27ed5f1f16	10	5538700	16973001	9543	-0.3296
17decefd-123d-41be-ad0a-9c27ed5f1f16	10	16973406	16974005	4	-1.9641
17decefd-123d-41be-ad0a-9c27ed5f1f16	10	16974338	24086334	4916	-0.3313
17decefd-123d-41be-ad0a-9c27ed5f1f16	10	24088745	24089125	11	0.6462
17decefd-123d-41be-ad0a-9c27ed5f1f16	10	24089979	46606240	12486	-0.33
17decefd-123d-41be-ad0a-9c27ed5f1f16	10	46617422	46780843	10	-1.8393
17decefd-123d-41be-ad0a-9c27ed5f1f16	10	46792335	47159344	73	-0.367
17decefd-123d-41be-ad0a-9c27ed5f1f16	10	47159447	50407185	1757	-0.2458
17decefd-123d-41be-ad0a-9c27ed5f1f16	10	50407682	57443289	5292	-0.3119
17decefd-123d-41be-ad0a-9c27ed5f1f16	10	57450745	57451013	4	-1.8611
17decefd-123d-41be-ad0a-9c27ed5f1f16	10	57458735	65540316	5546	-0.3207
17decefd-123d-41be-ad0a-9c27ed5f1f16	10	65545311	65554672	33	0.068
17decefd-123d-41be-ad0a-9c27ed5f1f16	10	65554688	66707950	896	-0.3178
17decefd-123d-41be-ad0a-9c27ed5f1f16	10	66709479	66709681	3	-1.9388
17decefd-123d-41be-ad0a-9c27ed5f1f16	10	66717912	87184499	13502	-0.3221
17decefd-123d-41be-ad0a-9c27ed5f1f16	10	87185250	87353136	28	0.1612
17decefd-123d-41be-ad0a-9c27ed5f1f16	10	87357543	105541309	11342	-0.3146
17decefd-123d-41be-ad0a-9c27ed5f1f16	10	105545308	108540567	2359	-0.37
17decefd-123d-41be-ad0a-9c27ed5f1f16	10	108540690	121017985	8715	-0.3217
17decefd-123d-41be-ad0a-9c27ed5f1f16	10	121030029	121031208	5	-1.707
17decefd-123d-41be-ad0a-9c27ed5f1f16	10	121037371	133654968	9278	-0.3249
17decefd-123d-41be-ad0a-9c27ed5f1f16	11	198510	598033	133	-0.3413
17decefd-123d-41be-ad0a-9c27ed5f1f16	11	606294	677565	22	-0.7989
17decefd-123d-41be-ad0a-9c27ed5f1f16	11	678434	4941402	2243	-0.3143
17decefd-123d-41be-ad0a-9c27ed5f1f16	11	4941522	4954445	44	0.1995
17decefd-123d-41be-ad0a-9c27ed5f1f16	11	4954475	5768511	790	-0.309
17decefd-123d-41be-ad0a-9c27ed5f1f16	11	5768639	5788231	29	0.4052
17decefd-123d-41be-ad0a-9c27ed5f1f16	11	5791130	49686823	30391	-0.324
17decefd-123d-41be-ad0a-9c27ed5f1f16	11	49689309	49736119	16	-1.7566
17decefd-123d-41be-ad0a-9c27ed5f1f16	11	49736215	54914139	490	-0.3029
17decefd-123d-41be-ad0a-9c27ed5f1f16	11	54924229	54934156	4	-3.3914
17decefd-123d-41be-ad0a-9c27ed5f1f16	11	54940988	55606572	240	-0.37
17decefd-123d-41be-ad0a-9c27ed5f1f16	11	55606712	55674842	46	0.3464
17decefd-123d-41be-ad0a-9c27ed5f1f16	11	55676735	55677818	4	-0.4416
17decefd-123d-41be-ad0a-9c27ed5f1f16	11	55678469	55686100	8	0.4688
17decefd-123d-41be-ad0a-9c27ed5f1f16	11	55693207	80328205	13330	-0.3203
17decefd-123d-41be-ad0a-9c27ed5f1f16	11	80328491	80329924	3	-1.8302
17decefd-123d-41be-ad0a-9c27ed5f1f16	11	80330220	89741663	6484	-0.3126
17decefd-123d-41be-ad0a-9c27ed5f1f16	11	89754781	89796439	5	-1.6217
17decefd-123d-41be-ad0a-9c27ed5f1f16	11	89802300	93989374	2852	-0.3479
17decefd-123d-41be-ad0a-9c27ed5f1f16	11	93989582	129576229	25368	-0.3136
17decefd-123d-41be-ad0a-9c27ed5f1f16	11	129576663	135074876	4165	-0.3478
17decefd-123d-41be-ad0a-9c27ed5f1f16	12	51460	1097532	630	0.3411
17decefd-123d-41be-ad0a-9c27ed5f1f16	12	1098683	6461800	4083	0.3849
17decefd-123d-41be-ad0a-9c27ed5f1f16	12	6464583	8404097	876	0.3184
17decefd-123d-41be-ad0a-9c27ed5f1f16	12	8405892	8406040	2	3.3584
17decefd-123d-41be-ad0a-9c27ed5f1f16	12	8406196	9477960	575	0.3831
17decefd-123d-41be-ad0a-9c27ed5f1f16	12	9481274	9575696	24	-1.2263
17decefd-123d-41be-ad0a-9c27ed5f1f16	12	9582373	11066824	1033	0.3934
17decefd-123d-41be-ad0a-9c27ed5f1f16	12	11068125	11088933	10	1.0762
17decefd-123d-41be-ad0a-9c27ed5f1f16	12	11099275	33148873	15535	0.3633
17decefd-123d-41be-ad0a-9c27ed5f1f16	12	33149079	33151649	14	0.8304
17decefd-123d-41be-ad0a-9c27ed5f1f16	12	33153820	33232895	50	0.4349
17decefd-123d-41be-ad0a-9c27ed5f1f16	12	33233822	33242207	5	-0.554
17decefd-123d-41be-ad0a-9c27ed5f1f16	12	33242483	34103774	534	0.3757
17decefd-123d-41be-ad0a-9c27ed5f1f16	12	34104037	34122471	10	-0.5831
17decefd-123d-41be-ad0a-9c27ed5f1f16	12	34122859	38102609	328	0.2536
17decefd-123d-41be-ad0a-9c27ed5f1f16	12	38103996	45505721	4664	0.3678
17decefd-123d-41be-ad0a-9c27ed5f1f16	12	45506042	45510655	2	-1.5584
17decefd-123d-41be-ad0a-9c27ed5f1f16	12	45512057	45515754	3	1.5766
17decefd-123d-41be-ad0a-9c27ed5f1f16	12	45519509	48140833	1604	0.3812
17decefd-123d-41be-ad0a-9c27ed5f1f16	12	48141425	51413015	1576	0.3112
17decefd-123d-41be-ad0a-9c27ed5f1f16	12	51414371	69153341	11111	0.364
17decefd-123d-41be-ad0a-9c27ed5f1f16	12	69153862	69154016	2	2.0035
17decefd-123d-41be-ad0a-9c27ed5f1f16	12	69154695	70478078	872	0.3649
17decefd-123d-41be-ad0a-9c27ed5f1f16	12	70478895	70484247	9	-0.2925
17decefd-123d-41be-ad0a-9c27ed5f1f16	12	70485605	88027013	10851	0.3483
17decefd-123d-41be-ad0a-9c27ed5f1f16	12	88027262	92869881	3108	0.3844
17decefd-123d-41be-ad0a-9c27ed5f1f16	12	92870464	101986670	6181	0.3561
17decefd-123d-41be-ad0a-9c27ed5f1f16	12	101986789	108937846	4908	0.3844
17decefd-123d-41be-ad0a-9c27ed5f1f16	12	108938797	111287381	1189	0.3356
17decefd-123d-41be-ad0a-9c27ed5f1f16	12	111287570	112589216	668	0.2813
17decefd-123d-41be-ad0a-9c27ed5f1f16	12	112589364	119841614	5484	0.3588
17decefd-123d-41be-ad0a-9c27ed5f1f16	12	119848388	123766346	1748	0.3128
17decefd-123d-41be-ad0a-9c27ed5f1f16	12	123770609	131648066	6524	0.3593
17decefd-123d-41be-ad0a-9c27ed5f1f16	12	131648123	131648790	11	1.0283
17decefd-123d-41be-ad0a-9c27ed5f1f16	12	131657925	133201603	559	0.3329
17decefd-123d-41be-ad0a-9c27ed5f1f16	13	18452809	31957984	9542	-0.4118
17decefd-123d-41be-ad0a-9c27ed5f1f16	13	31958485	31964286	18	-2.1733
17decefd-123d-41be-ad0a-9c27ed5f1f16	13	31965910	37496998	3884	-0.4092
17decefd-123d-41be-ad0a-9c27ed5f1f16	13	37497899	37510620	16	-2.3364
17decefd-123d-41be-ad0a-9c27ed5f1f16	13	37514193	55727720	11805	-0.3893
17decefd-123d-41be-ad0a-9c27ed5f1f16	13	55731403	104468477	31612	-0.539
17decefd-123d-41be-ad0a-9c27ed5f1f16	13	104468596	108950891	3643	-0.5913
17decefd-123d-41be-ad0a-9c27ed5f1f16	13	108950923	111484442	1993	-0.5296
17decefd-123d-41be-ad0a-9c27ed5f1f16	13	111484508	111485654	2	-3.3506
17decefd-123d-41be-ad0a-9c27ed5f1f16	13	111487050	114342922	1451	-0.5517
17decefd-123d-41be-ad0a-9c27ed5f1f16	14	18239283	19650668	60	0.0015
17decefd-123d-41be-ad0a-9c27ed5f1f16	14	19667065	19957752	110	-0.6511
17decefd-123d-41be-ad0a-9c27ed5f1f16	14	19958388	21851589	1245	-0.3307
17decefd-123d-41be-ad0a-9c27ed5f1f16	14	21852699	22496189	574	-0.1903
17decefd-123d-41be-ad0a-9c27ed5f1f16	14	22496204	73540003	32180	-0.3162
17decefd-123d-41be-ad0a-9c27ed5f1f16	14	73540147	73563196	8	0.6546
17decefd-123d-41be-ad0a-9c27ed5f1f16	14	73563211	106719325	21043	-0.3282
17decefd-123d-41be-ad0a-9c27ed5f1f16	14	106769689	106776137	6	-1.3016
17decefd-123d-41be-ad0a-9c27ed5f1f16	14	106776227	106877229	66	-0.3671
17decefd-123d-41be-ad0a-9c27ed5f1f16	15	19811075	20206773	59	-0.1575
17decefd-123d-41be-ad0a-9c27ed5f1f16	15	20207225	20373168	29	-0.9015
17decefd-123d-41be-ad0a-9c27ed5f1f16	15	20376198	20376309	6	0.2345
17decefd-123d-41be-ad0a-9c27ed5f1f16	15	20376311	22385639	113	-0.7692
17decefd-123d-41be-ad0a-9c27ed5f1f16	15	22395047	25566613	1738	-0.312
17decefd-123d-41be-ad0a-9c27ed5f1f16	15	25566641	28083587	1931	-0.3697
17decefd-123d-41be-ad0a-9c27ed5f1f16	15	28087696	70169671	26522	-0.3075
17decefd-123d-41be-ad0a-9c27ed5f1f16	15	70170326	70170613	2	-2.1723
17decefd-123d-41be-ad0a-9c27ed5f1f16	15	70178924	76586021	3461	-0.3025
17decefd-123d-41be-ad0a-9c27ed5f1f16	15	76598900	76603434	22	0.3492
17decefd-123d-41be-ad0a-9c27ed5f1f16	15	76609838	90811552	8995	-0.3161
17decefd-123d-41be-ad0a-9c27ed5f1f16	15	90812502	90813023	2	-2.4673
17decefd-123d-41be-ad0a-9c27ed5f1f16	15	90813274	92673227	1646	-0.3057
17decefd-123d-41be-ad0a-9c27ed5f1f16	15	92674847	92674848	2	-1.8774
17decefd-123d-41be-ad0a-9c27ed5f1f16	15	92675115	97257376	3508	-0.3281
17decefd-123d-41be-ad0a-9c27ed5f1f16	15	97264844	97288957	13	-1.6336
17decefd-123d-41be-ad0a-9c27ed5f1f16	15	97290419	101928837	3414	-0.31
17decefd-123d-41be-ad0a-9c27ed5f1f16	16	10777	29666665	19116	0.3466
17decefd-123d-41be-ad0a-9c27ed5f1f16	16	29667876	55761136	7795	0.3245
17decefd-123d-41be-ad0a-9c27ed5f1f16	16	55762477	55788485	21	-0.3512
17decefd-123d-41be-ad0a-9c27ed5f1f16	16	55788532	60162140	2710	0.3234
17decefd-123d-41be-ad0a-9c27ed5f1f16	16	60164042	63722299	2297	0.2689
17decefd-123d-41be-ad0a-9c27ed5f1f16	16	63724301	75853722	6862	0.316
17decefd-123d-41be-ad0a-9c27ed5f1f16	16	75854447	84528353	9215	0.3448
17decefd-123d-41be-ad0a-9c27ed5f1f16	16	84529788	84664482	141	0.19
17decefd-123d-41be-ad0a-9c27ed5f1f16	16	84664504	88459423	2986	0.3525
17decefd-123d-41be-ad0a-9c27ed5f1f16	16	88459876	90096867	676	0.259
17decefd-123d-41be-ad0a-9c27ed5f1f16	17	150733	8339592	4530	0.3501
17decefd-123d-41be-ad0a-9c27ed5f1f16	17	8344229	8344415	2	-3.4354
17decefd-123d-41be-ad0a-9c27ed5f1f16	17	8346140	18196677	6727	0.3707
17decefd-123d-41be-ad0a-9c27ed5f1f16	17	18197304	18410516	121	0.2979
17decefd-123d-41be-ad0a-9c27ed5f1f16	17	18413799	18565883	32	-0.0178
17decefd-123d-41be-ad0a-9c27ed5f1f16	17	18571332	31182574	3401	0.3359
17decefd-123d-41be-ad0a-9c27ed5f1f16	17	31188853	36109139	3421	0.3803
17decefd-123d-41be-ad0a-9c27ed5f1f16	17	36109315	36157718	36	0.8508
17decefd-123d-41be-ad0a-9c27ed5f1f16	17	36200725	40438559	1996	0.3361
17decefd-123d-41be-ad0a-9c27ed5f1f16	17	40440173	41514267	800	0.4121
17decefd-123d-41be-ad0a-9c27ed5f1f16	17	41519342	46085732	2250	0.3222
17decefd-123d-41be-ad0a-9c27ed5f1f16	17	46088437	46284997	123	0.6653
17decefd-123d-41be-ad0a-9c27ed5f1f16	17	46286804	58134739	7355	0.3649
17decefd-123d-41be-ad0a-9c27ed5f1f16	17	58135153	58136733	4	-1.0464
17decefd-123d-41be-ad0a-9c27ed5f1f16	17	58140037	62699975	2168	0.3403
17decefd-123d-41be-ad0a-9c27ed5f1f16	17	62701571	81377990	11398	0.3723
17decefd-123d-41be-ad0a-9c27ed5f1f16	17	81378673	83091923	631	0.3173
17decefd-123d-41be-ad0a-9c27ed5f1f16	18	48133	25058281	12780	-0.3283
17decefd-123d-41be-ad0a-9c27ed5f1f16	18	25063190	25063390	2	-2.1281
17decefd-123d-41be-ad0a-9c27ed5f1f16	18	25063959	26785899	1065	-0.3299
17decefd-123d-41be-ad0a-9c27ed5f1f16	18	26785951	26786181	3	-3.5388
17decefd-123d-41be-ad0a-9c27ed5f1f16	18	26786415	66095064	26438	-0.3352
17decefd-123d-41be-ad0a-9c27ed5f1f16	18	66099904	66100686	3	-1.7238
17decefd-123d-41be-ad0a-9c27ed5f1f16	18	66108359	72667768	4730	-0.3383
17decefd-123d-41be-ad0a-9c27ed5f1f16	18	72668123	72669445	2	-1.8487
17decefd-123d-41be-ad0a-9c27ed5f1f16	18	72669515	75162336	1999	-0.3335
17decefd-123d-41be-ad0a-9c27ed5f1f16	18	75162349	75164401	2	-2.2345
17decefd-123d-41be-ad0a-9c27ed5f1f16	18	75169924	76428796	1093	-0.3441
17decefd-123d-41be-ad0a-9c27ed5f1f16	18	76432983	76433075	2	-2.0354
17decefd-123d-41be-ad0a-9c27ed5f1f16	18	76435568	79643088	2218	-0.345
17decefd-123d-41be-ad0a-9c27ed5f1f16	18	79645731	79650607	4	-1.443
17decefd-123d-41be-ad0a-9c27ed5f1f16	18	79650774	80257174	312	-0.3805
17decefd-123d-41be-ad0a-9c27ed5f1f16	19	90910	415625	83	0.2683
17decefd-123d-41be-ad0a-9c27ed5f1f16	19	416231	417714	3	-0.901
17decefd-123d-41be-ad0a-9c27ed5f1f16	19	419498	5506648	1505	0.3026
17decefd-123d-41be-ad0a-9c27ed5f1f16	19	5510228	5510642	3	-2.7672
17decefd-123d-41be-ad0a-9c27ed5f1f16	19	5510689	23917253	9335	0.305
17decefd-123d-41be-ad0a-9c27ed5f1f16	19	23924404	35633274	5954	0.3419
17decefd-123d-41be-ad0a-9c27ed5f1f16	19	35637256	41315786	2874	0.3032
17decefd-123d-41be-ad0a-9c27ed5f1f16	19	41317081	44702670	1810	0.3646
17decefd-123d-41be-ad0a-9c27ed5f1f16	19	44702783	51641117	3185	0.3083
17decefd-123d-41be-ad0a-9c27ed5f1f16	19	51641337	51644944	7	-0.5034
17decefd-123d-41be-ad0a-9c27ed5f1f16	19	51651652	53013829	938	0.3419
17decefd-123d-41be-ad0a-9c27ed5f1f16	19	53015494	53048976	22	0.7694
17decefd-123d-41be-ad0a-9c27ed5f1f16	19	53050987	55771003	1534	0.3247
17decefd-123d-41be-ad0a-9c27ed5f1f16	19	55771169	55771701	3	-1.0995
17decefd-123d-41be-ad0a-9c27ed5f1f16	19	55774927	58586487	1838	0.3416
17decefd-123d-41be-ad0a-9c27ed5f1f16	20	80664	1571811	1182	0.3889
17decefd-123d-41be-ad0a-9c27ed5f1f16	20	1576544	1580353	21	-0.1821
17decefd-123d-41be-ad0a-9c27ed5f1f16	20	1580934	1613247	41	1.9233
17decefd-123d-41be-ad0a-9c27ed5f1f16	20	1617300	5030165	2508	0.3731
17decefd-123d-41be-ad0a-9c27ed5f1f16	20	5036280	5036285	2	-0.8625
17decefd-123d-41be-ad0a-9c27ed5f1f16	20	5040498	14812166	7400	0.393
17decefd-123d-41be-ad0a-9c27ed5f1f16	20	14812188	14812192	2	-2.0383
17decefd-123d-41be-ad0a-9c27ed5f1f16	20	14812769	25529510	8551	0.3886
17decefd-123d-41be-ad0a-9c27ed5f1f16	20	25530168	37029348	3100	0.3355
17decefd-123d-41be-ad0a-9c27ed5f1f16	20	37033542	37075824	56	0.108
17decefd-123d-41be-ad0a-9c27ed5f1f16	20	37076030	37708780	436	0.3342
17decefd-123d-41be-ad0a-9c27ed5f1f16	20	37710478	39062219	839	0.3822
17decefd-123d-41be-ad0a-9c27ed5f1f16	20	39067002	39067766	2	-1.3669
17decefd-123d-41be-ad0a-9c27ed5f1f16	20	39067877	43328639	3260	0.3933
17decefd-123d-41be-ad0a-9c27ed5f1f16	20	43329494	43822149	290	0.2961
17decefd-123d-41be-ad0a-9c27ed5f1f16	20	43822606	47115716	2304	0.4013
17decefd-123d-41be-ad0a-9c27ed5f1f16	20	47116878	47616516	289	0.2985
17decefd-123d-41be-ad0a-9c27ed5f1f16	20	47624231	48882818	976	0.4116
17decefd-123d-41be-ad0a-9c27ed5f1f16	20	48886292	52201408	2220	0.3504
17decefd-123d-41be-ad0a-9c27ed5f1f16	20	52202372	63067268	8377	0.4025
17decefd-123d-41be-ad0a-9c27ed5f1f16	20	63070427	64324800	490	0.3162
17decefd-123d-41be-ad0a-9c27ed5f1f16	21	10354168	13583316	268	-0.3211
17decefd-123d-41be-ad0a-9c27ed5f1f16	21	13612103	13677975	4	0.6865
17decefd-123d-41be-ad0a-9c27ed5f1f16	21	13803967	13850551	19	-0.3439
17decefd-123d-41be-ad0a-9c27ed5f1f16	21	13883107	13883478	2	-2.1404
17decefd-123d-41be-ad0a-9c27ed5f1f16	21	13913132	36555674	16385	-0.3284
17decefd-123d-41be-ad0a-9c27ed5f1f16	21	36557014	36558060	3	-2.0616
17decefd-123d-41be-ad0a-9c27ed5f1f16	21	36560880	45419710	6406	-0.3151
17decefd-123d-41be-ad0a-9c27ed5f1f16	21	45419989	45624835	104	-0.5536
17decefd-123d-41be-ad0a-9c27ed5f1f16	21	45626706	46677045	619	-0.3294
17decefd-123d-41be-ad0a-9c27ed5f1f16	22	15294547	19748480	1627	-0.3658
17decefd-123d-41be-ad0a-9c27ed5f1f16	22	19751867	19753039	2	-2.2719
17decefd-123d-41be-ad0a-9c27ed5f1f16	22	19757905	22067565	1409	-0.3959
17decefd-123d-41be-ad0a-9c27ed5f1f16	22	22068338	22186196	221	-0.2179
17decefd-123d-41be-ad0a-9c27ed5f1f16	22	22186466	22373203	171	-0.3839
17decefd-123d-41be-ad0a-9c27ed5f1f16	22	22374766	22396262	22	0.0596
17decefd-123d-41be-ad0a-9c27ed5f1f16	22	22397854	23929558	924	-0.3684
17decefd-123d-41be-ad0a-9c27ed5f1f16	22	23940911	23995755	19	0.2841
17decefd-123d-41be-ad0a-9c27ed5f1f16	22	24002228	50796027	18833	-0.3583
17decefd-123d-41be-ad0a-9c27ed5f1f16	X	251810	383012	4	-0.014
17decefd-123d-41be-ad0a-9c27ed5f1f16	X	383054	5583598	2121	0.3834
17decefd-123d-41be-ad0a-9c27ed5f1f16	X	5587260	5870294	297	0.2826
17decefd-123d-41be-ad0a-9c27ed5f1f16	X	5870473	8810055	2224	0.4004
17decefd-123d-41be-ad0a-9c27ed5f1f16	X	8812652	9920202	869	-0.0009
17decefd-123d-41be-ad0a-9c27ed5f1f16	X	9920343	10418623	388	-0.164
17decefd-123d-41be-ad0a-9c27ed5f1f16	X	10418752	14962433	3202	0.0129
17decefd-123d-41be-ad0a-9c27ed5f1f16	X	14965284	37509857	13993	-0.0271
17decefd-123d-41be-ad0a-9c27ed5f1f16	X	37516916	58103835	10152	0.0154
17decefd-123d-41be-ad0a-9c27ed5f1f16	X	58113794	81359803	8416	-0.0116
17decefd-123d-41be-ad0a-9c27ed5f1f16	X	81360899	85412723	2129	-0.0726
17decefd-123d-41be-ad0a-9c27ed5f1f16	X	85413102	87773023	1605	-0.0139
17decefd-123d-41be-ad0a-9c27ed5f1f16	X	87773756	96735494	4465	-0.1043
17decefd-123d-41be-ad0a-9c27ed5f1f16	X	96735507	103999203	3835	-0.0072
17decefd-123d-41be-ad0a-9c27ed5f1f16	X	104003417	104050792	58	0.68
17decefd-123d-41be-ad0a-9c27ed5f1f16	X	104083894	121508421	9591	0.003
17decefd-123d-41be-ad0a-9c27ed5f1f16	X	121509253	136554027	8359	-0.0353
17decefd-123d-41be-ad0a-9c27ed5f1f16	X	136554761	137515637	548	0.0098
17decefd-123d-41be-ad0a-9c27ed5f1f16	X	137515681	146267726	5700	-0.088
17decefd-123d-41be-ad0a-9c27ed5f1f16	X	146268634	155952689	5583	-0.0187
17decefd-123d-41be-ad0a-9c27ed5f1f16	Y	2782397	6233384	784	-2.6692
17decefd-123d-41be-ad0a-9c27ed5f1f16	Y	6249869	9330531	1443	-3.0529
17decefd-123d-41be-ad0a-9c27ed5f1f16	Y	9332936	9550385	21	-4.6687
17decefd-123d-41be-ad0a-9c27ed5f1f16	Y	9550653	13478396	1016	-2.9037
17decefd-123d-41be-ad0a-9c27ed5f1f16	Y	13478462	13482643	3	-7.5522
17decefd-123d-41be-ad0a-9c27ed5f1f16	Y	13483009	26505154	3293	-2.9819
17decefd-123d-41be-ad0a-9c27ed5f1f16	Y	26505846	56872112	79	-2.6361
