GDC_Aliquot	Chromosome	Start	End	Num_Probes	Segment_Mean
01175aae-ce8c-4b95-9293-f73329673009	1	62920	15827002	8317	0.0031
01175aae-ce8c-4b95-9293-f73329673009	1	15827041	15827430	5	-1.8461
01175aae-ce8c-4b95-9293-f73329673009	1	15827706	16679483	334	-0.0104
01175aae-ce8c-4b95-9293-f73329673009	1	16685961	16956580	82	0.3283
01175aae-ce8c-4b95-9293-f73329673009	1	16958425	24146250	4515	0.0005
01175aae-ce8c-4b95-9293-f73329673009	1	24148277	24148687	3	-1.6769
01175aae-ce8c-4b95-9293-f73329673009	1	24148762	54624527	16676	0.0014
01175aae-ce8c-4b95-9293-f73329673009	1	54627618	54628716	2	-2.1283
01175aae-ce8c-4b95-9293-f73329673009	1	54630777	72303233	12671	0.0033
01175aae-ce8c-4b95-9293-f73329673009	1	72303253	72345465	45	-1.381
01175aae-ce8c-4b95-9293-f73329673009	1	72346221	105476614	20869	0.005
01175aae-ce8c-4b95-9293-f73329673009	1	105476688	105479753	15	-0.7009
01175aae-ce8c-4b95-9293-f73329673009	1	105481433	112147704	4578	0.0052
01175aae-ce8c-4b95-9293-f73329673009	1	112153343	112154768	25	0.6104
01175aae-ce8c-4b95-9293-f73329673009	1	112163334	143713743	5229	0.0045
01175aae-ce8c-4b95-9293-f73329673009	1	143713884	143760271	27	0.471
01175aae-ce8c-4b95-9293-f73329673009	1	143762042	152583291	2312	0.0098
01175aae-ce8c-4b95-9293-f73329673009	1	152583319	152614118	33	-1.3753
01175aae-ce8c-4b95-9293-f73329673009	1	152618018	152787202	166	0.0012
01175aae-ce8c-4b95-9293-f73329673009	1	152789447	152795487	31	0.5249
01175aae-ce8c-4b95-9293-f73329673009	1	152795783	193186662	26930	0.0083
01175aae-ce8c-4b95-9293-f73329673009	1	193187149	193187202	3	1.9249
01175aae-ce8c-4b95-9293-f73329673009	1	193187218	196740316	2381	-0.0069
01175aae-ce8c-4b95-9293-f73329673009	1	196740630	196846661	66	0.4405
01175aae-ce8c-4b95-9293-f73329673009	1	196847600	239971402	29602	0.0075
01175aae-ce8c-4b95-9293-f73329673009	1	239972472	239972633	2	-2.0555
01175aae-ce8c-4b95-9293-f73329673009	1	239973057	248550567	5890	0.0119
01175aae-ce8c-4b95-9293-f73329673009	1	248572774	248645808	36	-0.6718
01175aae-ce8c-4b95-9293-f73329673009	1	248646068	248930189	139	0.0047
01175aae-ce8c-4b95-9293-f73329673009	2	12784	206851	117	-0.0107
01175aae-ce8c-4b95-9293-f73329673009	2	210076	224192	8	-1.3275
01175aae-ce8c-4b95-9293-f73329673009	2	224483	34460213	23843	0.0016
01175aae-ce8c-4b95-9293-f73329673009	2	34466002	34512096	48	0.4957
01175aae-ce8c-4b95-9293-f73329673009	2	34512489	52527330	12951	0.0125
01175aae-ce8c-4b95-9293-f73329673009	2	52527342	52554404	39	-2.06
01175aae-ce8c-4b95-9293-f73329673009	2	52560811	65490956	8208	0.0099
01175aae-ce8c-4b95-9293-f73329673009	2	65491040	65492807	4	-2.1458
01175aae-ce8c-4b95-9293-f73329673009	2	65496822	77746919	8013	0.0128
01175aae-ce8c-4b95-9293-f73329673009	2	77749572	77769395	43	1.0148
01175aae-ce8c-4b95-9293-f73329673009	2	77769526	97534580	7481	0.0103
01175aae-ce8c-4b95-9293-f73329673009	2	97535071	97545726	6	1.4621
01175aae-ce8c-4b95-9293-f73329673009	2	97550415	223683164	76577	0.0051
01175aae-ce8c-4b95-9293-f73329673009	2	223685598	223712964	16	-0.9717
01175aae-ce8c-4b95-9293-f73329673009	2	223715203	242147305	11538	0.0056
01175aae-ce8c-4b95-9293-f73329673009	3	20930	52989195	35556	0.004
01175aae-ce8c-4b95-9293-f73329673009	3	52994359	53005473	42	-0.7411
01175aae-ce8c-4b95-9293-f73329673009	3	53005661	68676600	11967	0.0034
01175aae-ce8c-4b95-9293-f73329673009	3	68682877	68698262	16	-0.8927
01175aae-ce8c-4b95-9293-f73329673009	3	68699607	125950205	32135	0.0022
01175aae-ce8c-4b95-9293-f73329673009	3	125954540	125957120	3	-2.1997
01175aae-ce8c-4b95-9293-f73329673009	3	125961657	136300257	6423	0.0055
01175aae-ce8c-4b95-9293-f73329673009	3	136304109	136306584	2	-2.0766
01175aae-ce8c-4b95-9293-f73329673009	3	136319699	142984506	3846	-0.0018
01175aae-ce8c-4b95-9293-f73329673009	3	142985003	142988322	3	-1.9597
01175aae-ce8c-4b95-9293-f73329673009	3	142988460	153881226	6975	0.0038
01175aae-ce8c-4b95-9293-f73329673009	3	153885106	153894643	7	-1.1271
01175aae-ce8c-4b95-9293-f73329673009	3	153899768	162795304	5348	-0.0059
01175aae-ce8c-4b95-9293-f73329673009	3	162795361	162898127	61	-1.4915
01175aae-ce8c-4b95-9293-f73329673009	3	162906054	193156958	19093	-0.0047
01175aae-ce8c-4b95-9293-f73329673009	3	193160113	193165114	20	-1.2223
01175aae-ce8c-4b95-9293-f73329673009	3	193168646	194842843	1106	-0.0054
01175aae-ce8c-4b95-9293-f73329673009	3	194848224	194853178	7	-0.9849
01175aae-ce8c-4b95-9293-f73329673009	3	194855251	198169247	1570	-0.0069
01175aae-ce8c-4b95-9293-f73329673009	4	68929	10221792	5677	-0.0009
01175aae-ce8c-4b95-9293-f73329673009	4	10222004	10232642	29	2.0766
01175aae-ce8c-4b95-9293-f73329673009	4	10232984	34777418	16908	0.0048
01175aae-ce8c-4b95-9293-f73329673009	4	34777432	34828327	43	0.4155
01175aae-ce8c-4b95-9293-f73329673009	4	34828382	44014903	6015	-0.0015
01175aae-ce8c-4b95-9293-f73329673009	4	44015124	44023729	5	-1.3261
01175aae-ce8c-4b95-9293-f73329673009	4	44024387	61541609	9224	0.002
01175aae-ce8c-4b95-9293-f73329673009	4	61541880	61543437	2	-2.1517
01175aae-ce8c-4b95-9293-f73329673009	4	61547349	63828222	1229	-0.0071
01175aae-ce8c-4b95-9293-f73329673009	4	63831751	63850713	29	0.7936
01175aae-ce8c-4b95-9293-f73329673009	4	63851308	68395346	2845	0.0133
01175aae-ce8c-4b95-9293-f73329673009	4	68416487	68655691	85	0.5169
01175aae-ce8c-4b95-9293-f73329673009	4	68663241	103824414	21286	0.0032
01175aae-ce8c-4b95-9293-f73329673009	4	103830473	103830480	5	1.453
01175aae-ce8c-4b95-9293-f73329673009	4	103830487	106015911	1226	0.0005
01175aae-ce8c-4b95-9293-f73329673009	4	106021770	106022020	2	-2.4051
01175aae-ce8c-4b95-9293-f73329673009	4	106025278	133783381	16407	-0.0003
01175aae-ce8c-4b95-9293-f73329673009	4	133785994	133789110	3	-1.7341
01175aae-ce8c-4b95-9293-f73329673009	4	133789113	137171085	1845	0.0013
01175aae-ce8c-4b95-9293-f73329673009	4	137171266	137172260	13	-2.6967
01175aae-ce8c-4b95-9293-f73329673009	4	137173804	154881396	10745	0.0036
01175aae-ce8c-4b95-9293-f73329673009	4	154881853	154881905	2	-2.902
01175aae-ce8c-4b95-9293-f73329673009	4	154881926	160952848	3897	-0.0081
01175aae-ce8c-4b95-9293-f73329673009	4	160958866	160963756	21	-2.045
01175aae-ce8c-4b95-9293-f73329673009	4	160963767	172066777	7044	-0.0023
01175aae-ce8c-4b95-9293-f73329673009	4	172067997	172068382	12	1.0187
01175aae-ce8c-4b95-9293-f73329673009	4	172074828	190106768	12038	-0.0042
01175aae-ce8c-4b95-9293-f73329673009	5	15532	58025819	35593	-0.0008
01175aae-ce8c-4b95-9293-f73329673009	5	58030200	58037706	32	1.4868
01175aae-ce8c-4b95-9293-f73329673009	5	58042530	72710969	8115	-0.0059
01175aae-ce8c-4b95-9293-f73329673009	5	72713591	72714312	2	-1.9732
01175aae-ce8c-4b95-9293-f73329673009	5	72714474	76154195	2289	0.0067
01175aae-ce8c-4b95-9293-f73329673009	5	76154242	76154319	3	1.4548
01175aae-ce8c-4b95-9293-f73329673009	5	76154351	76416494	239	0.002
01175aae-ce8c-4b95-9293-f73329673009	5	76422279	76427563	10	-1.1483
01175aae-ce8c-4b95-9293-f73329673009	5	76429160	91770875	8856	-0.0032
01175aae-ce8c-4b95-9293-f73329673009	5	91771022	91785021	11	-1.2118
01175aae-ce8c-4b95-9293-f73329673009	5	91787870	104515520	7198	0.0071
01175aae-ce8c-4b95-9293-f73329673009	5	104524672	104524903	4	2.2854
01175aae-ce8c-4b95-9293-f73329673009	5	104525348	177771448	48038	0.0017
01175aae-ce8c-4b95-9293-f73329673009	5	177800550	177805604	3	2.3739
01175aae-ce8c-4b95-9293-f73329673009	5	177827964	180951710	1790	-0.0098
01175aae-ce8c-4b95-9293-f73329673009	5	180951888	180987465	13	0.6366
01175aae-ce8c-4b95-9293-f73329673009	5	180990207	181363319	173	-0.0119
01175aae-ce8c-4b95-9293-f73329673009	6	149661	294837	124	-0.053
01175aae-ce8c-4b95-9293-f73329673009	6	302306	381149	78	-0.4295
01175aae-ce8c-4b95-9293-f73329673009	6	382559	24321809	18340	-0.0029
01175aae-ce8c-4b95-9293-f73329673009	6	24325581	24326057	2	-1.8681
01175aae-ce8c-4b95-9293-f73329673009	6	24328478	29882497	3031	-0.0004
01175aae-ce8c-4b95-9293-f73329673009	6	29882589	29933799	18	-0.8727
01175aae-ce8c-4b95-9293-f73329673009	6	29940692	32481273	1139	0.0214
01175aae-ce8c-4b95-9293-f73329673009	6	32485024	32602588	32	1.2316
01175aae-ce8c-4b95-9293-f73329673009	6	32605994	54066477	13678	0.001
01175aae-ce8c-4b95-9293-f73329673009	6	54066582	54067005	3	1.5188
01175aae-ce8c-4b95-9293-f73329673009	6	54067057	65000836	4451	0.004
01175aae-ce8c-4b95-9293-f73329673009	6	65001506	65003844	2	-2.8366
01175aae-ce8c-4b95-9293-f73329673009	6	65007491	65689879	461	-0.0294
01175aae-ce8c-4b95-9293-f73329673009	6	65690336	65693944	15	-0.8006
01175aae-ce8c-4b95-9293-f73329673009	6	65693959	71075941	3580	0.0063
01175aae-ce8c-4b95-9293-f73329673009	6	71076092	71077220	2	-1.7214
01175aae-ce8c-4b95-9293-f73329673009	6	71078562	76720013	3607	0.005
01175aae-ce8c-4b95-9293-f73329673009	6	76726442	76743040	23	0.6606
01175aae-ce8c-4b95-9293-f73329673009	6	76751356	78269636	993	-0.0062
01175aae-ce8c-4b95-9293-f73329673009	6	78269661	78331916	93	0.2727
01175aae-ce8c-4b95-9293-f73329673009	6	78332002	87773060	5829	0.0008
01175aae-ce8c-4b95-9293-f73329673009	6	87775096	87777554	3	-1.4721
01175aae-ce8c-4b95-9293-f73329673009	6	87777966	94162296	4269	0.0045
01175aae-ce8c-4b95-9293-f73329673009	6	94162592	94205656	22	-0.6762
01175aae-ce8c-4b95-9293-f73329673009	6	94206214	103286954	5282	0.0041
01175aae-ce8c-4b95-9293-f73329673009	6	103290101	103314186	45	0.7422
01175aae-ce8c-4b95-9293-f73329673009	6	103317795	170741917	43981	-0.0059
01175aae-ce8c-4b95-9293-f73329673009	7	43355	7136676	3566	-0.0095
01175aae-ce8c-4b95-9293-f73329673009	7	7137182	7138914	7	-1.3313
01175aae-ce8c-4b95-9293-f73329673009	7	7139577	22395161	12414	0.007
01175aae-ce8c-4b95-9293-f73329673009	7	22395853	22396868	2	-2.5632
01175aae-ce8c-4b95-9293-f73329673009	7	22399135	69589974	27617	0.0016
01175aae-ce8c-4b95-9293-f73329673009	7	69589991	69662368	23	-0.606
01175aae-ce8c-4b95-9293-f73329673009	7	69663861	70955452	791	0.0111
01175aae-ce8c-4b95-9293-f73329673009	7	70958264	70961155	2	-2.5132
01175aae-ce8c-4b95-9293-f73329673009	7	70963257	91402190	11645	0.003
01175aae-ce8c-4b95-9293-f73329673009	7	91402420	91411412	25	-0.8386
01175aae-ce8c-4b95-9293-f73329673009	7	91417678	109801155	10563	0.008
01175aae-ce8c-4b95-9293-f73329673009	7	109801187	109813925	11	0.9275
01175aae-ce8c-4b95-9293-f73329673009	7	109814172	110027491	138	0.0194
01175aae-ce8c-4b95-9293-f73329673009	7	110027515	110028132	2	-2.8833
01175aae-ce8c-4b95-9293-f73329673009	7	110041099	126405502	9853	0.0024
01175aae-ce8c-4b95-9293-f73329673009	7	126405597	126406546	9	-1.1498
01175aae-ce8c-4b95-9293-f73329673009	7	126406561	154601461	17524	0.0012
01175aae-ce8c-4b95-9293-f73329673009	7	154604397	154607903	3	-2.3352
01175aae-ce8c-4b95-9293-f73329673009	7	154609120	158324903	2587	-0.0115
01175aae-ce8c-4b95-9293-f73329673009	7	158335896	158339473	2	3.1097
01175aae-ce8c-4b95-9293-f73329673009	7	158344294	159334314	633	-0.0087
01175aae-ce8c-4b95-9293-f73329673009	8	81254	644973	322	-0.0208
01175aae-ce8c-4b95-9293-f73329673009	8	645220	645908	8	1.9482
01175aae-ce8c-4b95-9293-f73329673009	8	656117	14652059	12631	-0.0079
01175aae-ce8c-4b95-9293-f73329673009	8	14652523	14652552	2	-2.5168
01175aae-ce8c-4b95-9293-f73329673009	8	14652565	15552741	777	-0.0056
01175aae-ce8c-4b95-9293-f73329673009	8	15552884	15553858	2	-2.5744
01175aae-ce8c-4b95-9293-f73329673009	8	15554099	17060941	1327	0.0113
01175aae-ce8c-4b95-9293-f73329673009	8	17061577	17062159	3	-2.1194
01175aae-ce8c-4b95-9293-f73329673009	8	17067188	25117062	6312	0.0051
01175aae-ce8c-4b95-9293-f73329673009	8	25117985	25122389	11	-0.784
01175aae-ce8c-4b95-9293-f73329673009	8	25122391	30364560	3744	-0.0006
01175aae-ce8c-4b95-9293-f73329673009	8	30370769	30371649	2	-2.2213
01175aae-ce8c-4b95-9293-f73329673009	8	30372871	39499356	5292	0.0002
01175aae-ce8c-4b95-9293-f73329673009	8	39504170	39527450	11	-0.6582
01175aae-ce8c-4b95-9293-f73329673009	8	39527675	40913994	1072	-0.0029
01175aae-ce8c-4b95-9293-f73329673009	8	40914477	40920952	3	-1.7549
01175aae-ce8c-4b95-9293-f73329673009	8	40926161	111279265	40766	0.0006
01175aae-ce8c-4b95-9293-f73329673009	8	111282050	111283031	10	1.3091
01175aae-ce8c-4b95-9293-f73329673009	8	111288052	134049012	15627	0
01175aae-ce8c-4b95-9293-f73329673009	8	134049038	134063006	17	-0.9474
01175aae-ce8c-4b95-9293-f73329673009	8	134063067	143616987	6663	0.0012
01175aae-ce8c-4b95-9293-f73329673009	8	143622987	143625638	9	-1.705
01175aae-ce8c-4b95-9293-f73329673009	8	143636819	145072769	500	-0.0132
01175aae-ce8c-4b95-9293-f73329673009	9	46587	39807498	31034	0.0042
01175aae-ce8c-4b95-9293-f73329673009	9	39827488	39833357	2	-2.7735
01175aae-ce8c-4b95-9293-f73329673009	9	39840169	63580418	261	0.1548
01175aae-ce8c-4b95-9293-f73329673009	9	63590317	63592813	7	1.8339
01175aae-ce8c-4b95-9293-f73329673009	9	63614182	93707815	18163	-0.003
01175aae-ce8c-4b95-9293-f73329673009	9	93708429	93708675	2	-2.3636
01175aae-ce8c-4b95-9293-f73329673009	9	93710664	116094241	16006	0.0002
01175aae-ce8c-4b95-9293-f73329673009	9	116094488	116098328	4	1.7186
01175aae-ce8c-4b95-9293-f73329673009	9	116098635	116764342	523	0.0138
01175aae-ce8c-4b95-9293-f73329673009	9	116764399	116764466	2	1.8703
01175aae-ce8c-4b95-9293-f73329673009	9	116764701	133059798	10754	-0.0008
01175aae-ce8c-4b95-9293-f73329673009	9	133061625	133082053	11	0.6485
01175aae-ce8c-4b95-9293-f73329673009	9	133090275	134761890	887	0.0075
01175aae-ce8c-4b95-9293-f73329673009	9	134762842	134883020	83	0.5934
01175aae-ce8c-4b95-9293-f73329673009	9	134887144	135322259	317	-0.0031
01175aae-ce8c-4b95-9293-f73329673009	9	135323776	135324566	2	-3.4334
01175aae-ce8c-4b95-9293-f73329673009	9	135325951	138200944	1103	-0.0288
01175aae-ce8c-4b95-9293-f73329673009	10	45792	4248622	3551	-0.0058
01175aae-ce8c-4b95-9293-f73329673009	10	4248646	4248732	2	1.9734
01175aae-ce8c-4b95-9293-f73329673009	10	4248824	9483287	4584	-0.0032
01175aae-ce8c-4b95-9293-f73329673009	10	9483521	9491603	2	-2.4749
01175aae-ce8c-4b95-9293-f73329673009	10	9491837	19031053	7513	-0.0005
01175aae-ce8c-4b95-9293-f73329673009	10	19031936	19033645	2	-1.8897
01175aae-ce8c-4b95-9293-f73329673009	10	19034290	21067715	1706	0.0005
01175aae-ce8c-4b95-9293-f73329673009	10	21069213	21069328	2	-1.6271
01175aae-ce8c-4b95-9293-f73329673009	10	21071771	24086334	1744	0.006
01175aae-ce8c-4b95-9293-f73329673009	10	24088745	24089125	11	1.1015
01175aae-ce8c-4b95-9293-f73329673009	10	24089979	46618028	12473	0.0058
01175aae-ce8c-4b95-9293-f73329673009	10	46631433	47008590	18	-1.1422
01175aae-ce8c-4b95-9293-f73329673009	10	47008664	65546518	12627	0.0134
01175aae-ce8c-4b95-9293-f73329673009	10	65548165	65554672	27	-1.8004
01175aae-ce8c-4b95-9293-f73329673009	10	65554688	80234421	9435	0.0064
01175aae-ce8c-4b95-9293-f73329673009	10	80234562	80237322	2	-3.1565
01175aae-ce8c-4b95-9293-f73329673009	10	80237692	89178916	6317	0.0006
01175aae-ce8c-4b95-9293-f73329673009	10	89183210	89188152	9	-0.9824
01175aae-ce8c-4b95-9293-f73329673009	10	89188211	133654968	30251	0.0014
01175aae-ce8c-4b95-9293-f73329673009	11	198510	4217824	1732	0.0272
01175aae-ce8c-4b95-9293-f73329673009	11	4228783	4314648	25	-0.7948
01175aae-ce8c-4b95-9293-f73329673009	11	4314837	86590915	50309	0.0057
01175aae-ce8c-4b95-9293-f73329673009	11	86594619	86595012	6	-1.4676
01175aae-ce8c-4b95-9293-f73329673009	11	86604132	89754781	2085	0.0093
01175aae-ce8c-4b95-9293-f73329673009	11	89759710	89834373	12	-0.7854
01175aae-ce8c-4b95-9293-f73329673009	11	89847184	101723653	8654	0.0121
01175aae-ce8c-4b95-9293-f73329673009	11	101727129	101727233	4	1.7855
01175aae-ce8c-4b95-9293-f73329673009	11	101727481	135074876	23640	0.0014
01175aae-ce8c-4b95-9293-f73329673009	12	51460	9481274	6147	0.0026
01175aae-ce8c-4b95-9293-f73329673009	12	9485313	9499454	6	1.0755
01175aae-ce8c-4b95-9293-f73329673009	12	9500802	24774824	10278	0.0032
01175aae-ce8c-4b95-9293-f73329673009	12	24775140	24775225	2	1.8
01175aae-ce8c-4b95-9293-f73329673009	12	24775644	30082648	3966	0.0018
01175aae-ce8c-4b95-9293-f73329673009	12	30086334	30087113	7	-1.048
01175aae-ce8c-4b95-9293-f73329673009	12	30087207	33233822	2338	-0.0088
01175aae-ce8c-4b95-9293-f73329673009	12	33235894	33242207	4	-3.2906
01175aae-ce8c-4b95-9293-f73329673009	12	33242483	72848336	22160	0.0025
01175aae-ce8c-4b95-9293-f73329673009	12	72851624	72859412	3	1.7187
01175aae-ce8c-4b95-9293-f73329673009	12	72860106	90089573	10496	0.008
01175aae-ce8c-4b95-9293-f73329673009	12	90097892	90098217	5	-1.795
01175aae-ce8c-4b95-9293-f73329673009	12	90098282	127100821	24525	-0.0023
01175aae-ce8c-4b95-9293-f73329673009	12	127100854	127101309	5	-2.2104
01175aae-ce8c-4b95-9293-f73329673009	12	127101484	130194350	2768	0.0013
01175aae-ce8c-4b95-9293-f73329673009	12	130195008	130195630	3	-3.0197
01175aae-ce8c-4b95-9293-f73329673009	12	130195892	133201603	1747	-0.0241
01175aae-ce8c-4b95-9293-f73329673009	13	18452809	114342922	63842	0.0039
01175aae-ce8c-4b95-9293-f73329673009	14	18239283	19864412	115	-0.0545
01175aae-ce8c-4b95-9293-f73329673009	14	19864638	19952080	50	-0.4119
01175aae-ce8c-4b95-9293-f73329673009	14	19954424	21840711	1250	-0.0012
01175aae-ce8c-4b95-9293-f73329673009	14	21851093	22610324	698	0.1415
01175aae-ce8c-4b95-9293-f73329673009	14	22610824	60589222	23773	0.0042
01175aae-ce8c-4b95-9293-f73329673009	14	60591424	60592418	2	-2.9544
01175aae-ce8c-4b95-9293-f73329673009	14	60599500	73534419	8158	-0.0015
01175aae-ce8c-4b95-9293-f73329673009	14	73540003	73554275	8	-1.6541
01175aae-ce8c-4b95-9293-f73329673009	14	73563196	106294689	20775	0.0003
01175aae-ce8c-4b95-9293-f73329673009	14	106297265	106297273	3	1.8775
01175aae-ce8c-4b95-9293-f73329673009	14	106297409	106877229	294	-0.0166
01175aae-ce8c-4b95-9293-f73329673009	15	19811075	20217125	62	0.0693
01175aae-ce8c-4b95-9293-f73329673009	15	20235285	22299009	143	0.6051
01175aae-ce8c-4b95-9293-f73329673009	15	22299523	24429986	994	-0.0196
01175aae-ce8c-4b95-9293-f73329673009	15	24435245	24473026	30	-0.656
01175aae-ce8c-4b95-9293-f73329673009	15	24473449	34453518	6183	-0.0026
01175aae-ce8c-4b95-9293-f73329673009	15	34453577	34454261	2	-2.5246
01175aae-ce8c-4b95-9293-f73329673009	15	34455142	43604064	5711	-0.0038
01175aae-ce8c-4b95-9293-f73329673009	15	43637153	43721953	19	-0.7923
01175aae-ce8c-4b95-9293-f73329673009	15	43722057	60785832	10936	-0.0001
01175aae-ce8c-4b95-9293-f73329673009	15	60787977	60788136	2	-2.0674
01175aae-ce8c-4b95-9293-f73329673009	15	60788411	76586021	9685	-0.0004
01175aae-ce8c-4b95-9293-f73329673009	15	76598900	76603434	22	0.9682
01175aae-ce8c-4b95-9293-f73329673009	15	76609838	83871965	4396	0.0028
01175aae-ce8c-4b95-9293-f73329673009	15	83871986	83874673	5	-2.2593
01175aae-ce8c-4b95-9293-f73329673009	15	83874798	96720420	9338	0.0023
01175aae-ce8c-4b95-9293-f73329673009	15	96720499	96720720	2	-2.0137
01175aae-ce8c-4b95-9293-f73329673009	15	96721448	101928837	3793	-0.0021
01175aae-ce8c-4b95-9293-f73329673009	16	10777	14954987	11055	0.0007
01175aae-ce8c-4b95-9293-f73329673009	16	14955003	15022400	50	-0.5929
01175aae-ce8c-4b95-9293-f73329673009	16	15031584	21352084	3203	-0.0004
01175aae-ce8c-4b95-9293-f73329673009	16	21352501	21575403	25	-0.6049
01175aae-ce8c-4b95-9293-f73329673009	16	21577467	22417324	359	-0.0168
01175aae-ce8c-4b95-9293-f73329673009	16	22420049	22709045	83	-0.3614
01175aae-ce8c-4b95-9293-f73329673009	16	22710317	29268429	4186	0.0016
01175aae-ce8c-4b95-9293-f73329673009	16	29269203	29269734	3	-2.1743
01175aae-ce8c-4b95-9293-f73329673009	16	29270444	35237676	1117	-0.0082
01175aae-ce8c-4b95-9293-f73329673009	16	35237811	35588000	195	-0.2028
01175aae-ce8c-4b95-9293-f73329673009	16	35600724	55762682	6535	0.0013
01175aae-ce8c-4b95-9293-f73329673009	16	55764310	55764867	3	3.3215
01175aae-ce8c-4b95-9293-f73329673009	16	55770436	70153189	8741	0.0032
01175aae-ce8c-4b95-9293-f73329673009	16	70153291	70164493	5	1.2326
01175aae-ce8c-4b95-9293-f73329673009	16	70177541	78337711	5489	0.0018
01175aae-ce8c-4b95-9293-f73329673009	16	78338543	78350841	16	0.969
01175aae-ce8c-4b95-9293-f73329673009	16	78350868	89223306	10112	-0.0051
01175aae-ce8c-4b95-9293-f73329673009	16	89223504	89223555	2	-2.3149
01175aae-ce8c-4b95-9293-f73329673009	16	89223581	90096867	432	-0.0139
01175aae-ce8c-4b95-9293-f73329673009	17	150733	33773349	16467	-0.0037
01175aae-ce8c-4b95-9293-f73329673009	17	33773425	33774486	2	-2.1302
01175aae-ce8c-4b95-9293-f73329673009	17	33774649	41266838	4247	-0.0053
01175aae-ce8c-4b95-9293-f73329673009	17	41266851	41274198	18	0.6622
01175aae-ce8c-4b95-9293-f73329673009	17	41274279	45571174	2147	-0.0023
01175aae-ce8c-4b95-9293-f73329673009	17	45577724	45587327	8	-0.994
01175aae-ce8c-4b95-9293-f73329673009	17	45597863	46099741	345	-0.0171
01175aae-ce8c-4b95-9293-f73329673009	17	46100092	46286804	114	-0.3463
01175aae-ce8c-4b95-9293-f73329673009	17	46323701	46446360	4	1.3678
01175aae-ce8c-4b95-9293-f73329673009	17	46569894	73328608	16371	-0.0009
01175aae-ce8c-4b95-9293-f73329673009	17	73328733	73329269	2	-2.0584
01175aae-ce8c-4b95-9293-f73329673009	17	73332948	73948872	462	-0.0035
01175aae-ce8c-4b95-9293-f73329673009	17	73949037	73953805	3	-1.8841
01175aae-ce8c-4b95-9293-f73329673009	17	73954563	78285287	2336	-0.0083
01175aae-ce8c-4b95-9293-f73329673009	17	78286051	78286887	2	-3.0331
01175aae-ce8c-4b95-9293-f73329673009	17	78290662	80655063	1363	-0.0131
01175aae-ce8c-4b95-9293-f73329673009	17	80655993	80660379	2	2.1284
01175aae-ce8c-4b95-9293-f73329673009	17	80660500	83091923	944	0.0003
01175aae-ce8c-4b95-9293-f73329673009	18	48133	2023812	1434	-0.0283
01175aae-ce8c-4b95-9293-f73329673009	18	2027952	2029279	5	1.4268
01175aae-ce8c-4b95-9293-f73329673009	18	2029593	58724079	33456	-0.0111
01175aae-ce8c-4b95-9293-f73329673009	18	58726561	58728776	2	-2.972
01175aae-ce8c-4b95-9293-f73329673009	18	58739856	67292264	6063	-0.0178
01175aae-ce8c-4b95-9293-f73329673009	18	67292676	67300028	16	-0.7612
01175aae-ce8c-4b95-9293-f73329673009	18	67300481	69076108	1371	-0.016
01175aae-ce8c-4b95-9293-f73329673009	18	69078869	69086089	38	-0.658
01175aae-ce8c-4b95-9293-f73329673009	18	69090459	80257174	8136	-0.0224
01175aae-ce8c-4b95-9293-f73329673009	19	90910	5506648	1585	0.009
01175aae-ce8c-4b95-9293-f73329673009	19	5510228	5510642	3	-2.4865
01175aae-ce8c-4b95-9293-f73329673009	19	5510689	20413400	7304	0.0072
01175aae-ce8c-4b95-9293-f73329673009	19	20415637	20533543	66	-0.7904
01175aae-ce8c-4b95-9293-f73329673009	19	20533583	21632117	616	0.0002
01175aae-ce8c-4b95-9293-f73329673009	19	21632838	21637067	2	-2.5183
01175aae-ce8c-4b95-9293-f73329673009	19	21637309	35172871	6895	0.0055
01175aae-ce8c-4b95-9293-f73329673009	19	35172940	35175144	6	-1.3915
01175aae-ce8c-4b95-9293-f73329673009	19	35175178	43208098	4042	0.006
01175aae-ce8c-4b95-9293-f73329673009	19	43208446	43249358	18	-0.8512
01175aae-ce8c-4b95-9293-f73329673009	19	43252085	44401739	743	0.0138
01175aae-ce8c-4b95-9293-f73329673009	19	44402359	44402382	2	-1.8399
01175aae-ce8c-4b95-9293-f73329673009	19	44402845	51628560	3392	0.0021
01175aae-ce8c-4b95-9293-f73329673009	19	51639099	51644683	10	-2.0338
01175aae-ce8c-4b95-9293-f73329673009	19	51644944	58586487	4324	-0.0062
01175aae-ce8c-4b95-9293-f73329673009	20	80664	1580934	1200	0.0047
01175aae-ce8c-4b95-9293-f73329673009	20	1581021	1601561	35	1.1439
01175aae-ce8c-4b95-9293-f73329673009	20	1609611	46267140	27930	0.0027
01175aae-ce8c-4b95-9293-f73329673009	20	46269102	46269251	2	-2.4099
01175aae-ce8c-4b95-9293-f73329673009	20	46270491	54065071	5639	-0.0007
01175aae-ce8c-4b95-9293-f73329673009	20	54065291	54065389	5	-1.3917
01175aae-ce8c-4b95-9293-f73329673009	20	54065719	64324800	7384	-0.0023
01175aae-ce8c-4b95-9293-f73329673009	21	10354168	13099842	104	0.0018
01175aae-ce8c-4b95-9293-f73329673009	21	13101978	13112100	3	-1.5079
01175aae-ce8c-4b95-9293-f73329673009	21	13160062	18902595	3588	-0.0015
01175aae-ce8c-4b95-9293-f73329673009	21	18906245	18906502	2	-2.1543
01175aae-ce8c-4b95-9293-f73329673009	21	18906853	46677045	20062	-0.0012
01175aae-ce8c-4b95-9293-f73329673009	22	15294547	22398127	3445	-0.0315
01175aae-ce8c-4b95-9293-f73329673009	22	22398345	22398545	4	-1.5448
01175aae-ce8c-4b95-9293-f73329673009	22	22402989	38899250	11694	-0.0042
01175aae-ce8c-4b95-9293-f73329673009	22	38900535	38900899	2	-3.89
01175aae-ce8c-4b95-9293-f73329673009	22	38903109	49224570	7163	-0.0032
01175aae-ce8c-4b95-9293-f73329673009	22	49225001	49229548	5	-1.7294
01175aae-ce8c-4b95-9293-f73329673009	22	49231343	50796027	877	-0.0399
01175aae-ce8c-4b95-9293-f73329673009	X	251810	155952689	83305	0.0009
01175aae-ce8c-4b95-9293-f73329673009	Y	2782397	6249869	783	-2.5023
01175aae-ce8c-4b95-9293-f73329673009	Y	6252391	8468802	1055	-2.8617
01175aae-ce8c-4b95-9293-f73329673009	Y	8469061	9921955	475	-3.2327
01175aae-ce8c-4b95-9293-f73329673009	Y	9937005	25971733	4138	-2.8424
01175aae-ce8c-4b95-9293-f73329673009	Y	26077669	56872112	172	-2.5275
