GDC_Aliquot	Chromosome	Start	End	Num_Probes	Segment_Mean
365fa3bc-de04-4fe3-bfe4-7564effba492	1	62920	86341	11	-0.1723
365fa3bc-de04-4fe3-bfe4-7564effba492	1	98588	599171	9	0.6859
365fa3bc-de04-4fe3-bfe4-7564effba492	1	668210	826738	16	-0.1233
365fa3bc-de04-4fe3-bfe4-7564effba492	1	833413	3692252	878	-0.5466
365fa3bc-de04-4fe3-bfe4-7564effba492	1	3692397	5646537	1605	-0.4043
365fa3bc-de04-4fe3-bfe4-7564effba492	1	5647102	5647439	4	-4.5185
365fa3bc-de04-4fe3-bfe4-7564effba492	1	5647455	16909725	6129	-0.4025
365fa3bc-de04-4fe3-bfe4-7564effba492	1	16909775	16934716	25	-1.029
365fa3bc-de04-4fe3-bfe4-7564effba492	1	16934753	21985415	3315	-0.405
365fa3bc-de04-4fe3-bfe4-7564effba492	1	21991690	44037368	12120	-0.3705
365fa3bc-de04-4fe3-bfe4-7564effba492	1	44037956	44785296	429	-0.401
365fa3bc-de04-4fe3-bfe4-7564effba492	1	44785519	44824215	13	-1.2725
365fa3bc-de04-4fe3-bfe4-7564effba492	1	44826275	72303233	17904	-0.4139
365fa3bc-de04-4fe3-bfe4-7564effba492	1	72303253	72343689	39	-1.2458
365fa3bc-de04-4fe3-bfe4-7564effba492	1	72343748	103560608	19911	-0.4314
365fa3bc-de04-4fe3-bfe4-7564effba492	1	103566616	103717410	32	0.4914
365fa3bc-de04-4fe3-bfe4-7564effba492	1	103717617	105470754	917	-0.471
365fa3bc-de04-4fe3-bfe4-7564effba492	1	105476583	105479722	15	0.3691
365fa3bc-de04-4fe3-bfe4-7564effba492	1	105479738	112147704	4570	-0.3931
365fa3bc-de04-4fe3-bfe4-7564effba492	1	112153343	112154768	25	0.2892
365fa3bc-de04-4fe3-bfe4-7564effba492	1	112163334	119963409	4999	-0.423
365fa3bc-de04-4fe3-bfe4-7564effba492	1	119963485	144503864	278	-0.2251
365fa3bc-de04-4fe3-bfe4-7564effba492	1	144932423	152583051	2287	-0.3811
365fa3bc-de04-4fe3-bfe4-7564effba492	1	152583230	152613762	31	-1.3175
365fa3bc-de04-4fe3-bfe4-7564effba492	1	152613802	217253635	43433	-0.4111
365fa3bc-de04-4fe3-bfe4-7564effba492	1	217253745	217254182	2	-4.1445
365fa3bc-de04-4fe3-bfe4-7564effba492	1	217254197	234658528	11702	-0.4289
365fa3bc-de04-4fe3-bfe4-7564effba492	1	234658679	234662348	5	-2.78
365fa3bc-de04-4fe3-bfe4-7564effba492	1	234665663	239972472	3936	-0.4559
365fa3bc-de04-4fe3-bfe4-7564effba492	1	239972633	239973057	2	-5.6121
365fa3bc-de04-4fe3-bfe4-7564effba492	1	239973849	242761670	2203	-0.4786
365fa3bc-de04-4fe3-bfe4-7564effba492	1	242767118	248930189	3850	-0.3988
365fa3bc-de04-4fe3-bfe4-7564effba492	2	12784	1872020	1199	-0.4738
365fa3bc-de04-4fe3-bfe4-7564effba492	2	1872064	1874907	3	-2.6356
365fa3bc-de04-4fe3-bfe4-7564effba492	2	1875506	4155990	1760	-0.4374
365fa3bc-de04-4fe3-bfe4-7564effba492	2	4158097	4175922	38	0.0938
365fa3bc-de04-4fe3-bfe4-7564effba492	2	4175977	23750733	14521	-0.4063
365fa3bc-de04-4fe3-bfe4-7564effba492	2	23751862	29601381	3148	-0.3515
365fa3bc-de04-4fe3-bfe4-7564effba492	2	29602841	34438376	3251	-0.4066
365fa3bc-de04-4fe3-bfe4-7564effba492	2	34438862	34515732	59	0.1217
365fa3bc-de04-4fe3-bfe4-7564effba492	2	34515960	35735082	859	-0.4191
365fa3bc-de04-4fe3-bfe4-7564effba492	2	35740049	35762881	12	0.4511
365fa3bc-de04-4fe3-bfe4-7564effba492	2	35772407	52514599	12046	-0.4003
365fa3bc-de04-4fe3-bfe4-7564effba492	2	52516787	52554404	41	-2.2653
365fa3bc-de04-4fe3-bfe4-7564effba492	2	52560811	59399522	4749	-0.4036
365fa3bc-de04-4fe3-bfe4-7564effba492	2	59399736	59417321	5	1.2361
365fa3bc-de04-4fe3-bfe4-7564effba492	2	59417707	88556460	17553	-0.3913
365fa3bc-de04-4fe3-bfe4-7564effba492	2	88557978	97118174	1332	-0.3181
365fa3bc-de04-4fe3-bfe4-7564effba492	2	97118402	97211264	42	0.1369
365fa3bc-de04-4fe3-bfe4-7564effba492	2	97211436	98718335	648	-0.313
365fa3bc-de04-4fe3-bfe4-7564effba492	2	98720846	122719438	14345	-0.3917
365fa3bc-de04-4fe3-bfe4-7564effba492	2	122722323	122724665	8	-2.4063
365fa3bc-de04-4fe3-bfe4-7564effba492	2	122726077	130022580	4729	-0.4049
365fa3bc-de04-4fe3-bfe4-7564effba492	2	130022674	130116915	20	0.2223
365fa3bc-de04-4fe3-bfe4-7564effba492	2	130117303	146104517	9484	-0.3956
365fa3bc-de04-4fe3-bfe4-7564effba492	2	146106836	146120238	25	0.4855
365fa3bc-de04-4fe3-bfe4-7564effba492	2	146120827	183929673	23162	-0.3962
365fa3bc-de04-4fe3-bfe4-7564effba492	2	183929787	183937714	16	-1.6884
365fa3bc-de04-4fe3-bfe4-7564effba492	2	183943862	242147305	35541	-0.3936
365fa3bc-de04-4fe3-bfe4-7564effba492	3	20930	60794907	41300	-0.4181
365fa3bc-de04-4fe3-bfe4-7564effba492	3	60795013	60795294	3	-2.6846
365fa3bc-de04-4fe3-bfe4-7564effba492	3	60798502	65860250	4315	-0.4554
365fa3bc-de04-4fe3-bfe4-7564effba492	3	65860919	65863269	10	-1.3636
365fa3bc-de04-4fe3-bfe4-7564effba492	3	65864221	68682877	1871	-0.4416
365fa3bc-de04-4fe3-bfe4-7564effba492	3	68697013	68698262	15	0.8439
365fa3bc-de04-4fe3-bfe4-7564effba492	3	68699607	75416934	4864	-0.4315
365fa3bc-de04-4fe3-bfe4-7564effba492	3	75417000	75904323	128	-0.1404
365fa3bc-de04-4fe3-bfe4-7564effba492	3	75904354	99205642	10851	-0.4572
365fa3bc-de04-4fe3-bfe4-7564effba492	3	99210576	99230577	44	0.1133
365fa3bc-de04-4fe3-bfe4-7564effba492	3	99232120	103025935	2084	-0.4174
365fa3bc-de04-4fe3-bfe4-7564effba492	3	103026326	103028171	2	-2.5584
365fa3bc-de04-4fe3-bfe4-7564effba492	3	103029752	103271406	156	-0.484
365fa3bc-de04-4fe3-bfe4-7564effba492	3	103272420	103273767	2	-3.2027
365fa3bc-de04-4fe3-bfe4-7564effba492	3	103273801	116551572	8212	-0.4291
365fa3bc-de04-4fe3-bfe4-7564effba492	3	116553956	116796438	217	-4.1896
365fa3bc-de04-4fe3-bfe4-7564effba492	3	116803740	116854145	66	-2.4311
365fa3bc-de04-4fe3-bfe4-7564effba492	3	116854969	116912596	39	-4.3891
365fa3bc-de04-4fe3-bfe4-7564effba492	3	116914094	124631591	4696	-0.4306
365fa3bc-de04-4fe3-bfe4-7564effba492	3	124631772	124633881	10	-1.4902
365fa3bc-de04-4fe3-bfe4-7564effba492	3	124634136	130067443	3131	-0.4252
365fa3bc-de04-4fe3-bfe4-7564effba492	3	130067531	130087393	30	-1.585
365fa3bc-de04-4fe3-bfe4-7564effba492	3	130088081	162790390	20154	-0.4328
365fa3bc-de04-4fe3-bfe4-7564effba492	3	162790404	162807070	14	0.0011
365fa3bc-de04-4fe3-bfe4-7564effba492	3	162810842	162822702	10	0.9047
365fa3bc-de04-4fe3-bfe4-7564effba492	3	162827928	162896180	39	-0.0137
365fa3bc-de04-4fe3-bfe4-7564effba492	3	162897779	162996729	80	-0.4496
365fa3bc-de04-4fe3-bfe4-7564effba492	3	162999939	163001774	2	-2.6979
365fa3bc-de04-4fe3-bfe4-7564effba492	3	163008371	165323075	1238	-0.4596
365fa3bc-de04-4fe3-bfe4-7564effba492	3	165323760	165364151	65	-2.7331
365fa3bc-de04-4fe3-bfe4-7564effba492	3	165367641	189512415	15081	-0.4355
365fa3bc-de04-4fe3-bfe4-7564effba492	3	189514806	189514826	2	-3.1627
365fa3bc-de04-4fe3-bfe4-7564effba492	3	189514852	189626660	95	-0.4616
365fa3bc-de04-4fe3-bfe4-7564effba492	3	189627067	189627325	2	-3.7919
365fa3bc-de04-4fe3-bfe4-7564effba492	3	189627750	195695418	3995	-0.444
365fa3bc-de04-4fe3-bfe4-7564effba492	3	195695420	195903841	97	-0.7576
365fa3bc-de04-4fe3-bfe4-7564effba492	3	195910568	198119048	1088	-0.4261
365fa3bc-de04-4fe3-bfe4-7564effba492	3	198121231	198169247	13	0.4825
365fa3bc-de04-4fe3-bfe4-7564effba492	4	68929	264049	93	0.4931
365fa3bc-de04-4fe3-bfe4-7564effba492	4	264574	945136	240	0.2917
365fa3bc-de04-4fe3-bfe4-7564effba492	4	945616	2700388	660	0.4533
365fa3bc-de04-4fe3-bfe4-7564effba492	4	2700444	2722240	15	-0.5885
365fa3bc-de04-4fe3-bfe4-7564effba492	4	2728546	10208766	4689	0.4566
365fa3bc-de04-4fe3-bfe4-7564effba492	4	10221792	10229173	22	3.1832
365fa3bc-de04-4fe3-bfe4-7564effba492	4	10229188	10232642	8	1.3643
365fa3bc-de04-4fe3-bfe4-7564effba492	4	10232984	10398532	190	0.6291
365fa3bc-de04-4fe3-bfe4-7564effba492	4	10398887	30064714	13973	0.402
365fa3bc-de04-4fe3-bfe4-7564effba492	4	30065230	30069394	2	-2.7208
365fa3bc-de04-4fe3-bfe4-7564effba492	4	30069571	34777432	2802	0.378
365fa3bc-de04-4fe3-bfe4-7564effba492	4	34784878	34828250	39	-0.1071
365fa3bc-de04-4fe3-bfe4-7564effba492	4	34828291	40698556	3880	0.4309
365fa3bc-de04-4fe3-bfe4-7564effba492	4	40701994	40702175	3	-1.6818
365fa3bc-de04-4fe3-bfe4-7564effba492	4	40702670	42821240	1394	0.4223
365fa3bc-de04-4fe3-bfe4-7564effba492	4	42821262	43306999	373	0.5388
365fa3bc-de04-4fe3-bfe4-7564effba492	4	43307048	49112078	3302	0.4106
365fa3bc-de04-4fe3-bfe4-7564effba492	4	49113964	49141246	2	2.1463
365fa3bc-de04-4fe3-bfe4-7564effba492	4	49146817	62802116	7023	0.3917
365fa3bc-de04-4fe3-bfe4-7564effba492	4	62804218	62805944	8	-0.8699
365fa3bc-de04-4fe3-bfe4-7564effba492	4	62813912	63823000	548	0.3925
365fa3bc-de04-4fe3-bfe4-7564effba492	4	63825160	63842540	33	0.9431
365fa3bc-de04-4fe3-bfe4-7564effba492	4	63850713	65722833	1208	0.3834
365fa3bc-de04-4fe3-bfe4-7564effba492	4	65726020	65735528	7	1.1458
365fa3bc-de04-4fe3-bfe4-7564effba492	4	65735669	68354665	1632	0.4033
365fa3bc-de04-4fe3-bfe4-7564effba492	4	68361130	68416487	8	1.6261
365fa3bc-de04-4fe3-bfe4-7564effba492	4	68418873	68478894	13	0.4255
365fa3bc-de04-4fe3-bfe4-7564effba492	4	68494770	68639397	69	-1.3044
365fa3bc-de04-4fe3-bfe4-7564effba492	4	68640616	69523998	476	0.5373
365fa3bc-de04-4fe3-bfe4-7564effba492	4	69524143	69525061	2	-1.909
365fa3bc-de04-4fe3-bfe4-7564effba492	4	69526170	107130343	22740	0.4046
365fa3bc-de04-4fe3-bfe4-7564effba492	4	107144594	107155376	38	-0.2494
365fa3bc-de04-4fe3-bfe4-7564effba492	4	107156277	114252544	4398	0.4016
365fa3bc-de04-4fe3-bfe4-7564effba492	4	114254167	114258287	13	0.8058
365fa3bc-de04-4fe3-bfe4-7564effba492	4	114258300	114260754	9	1.5907
365fa3bc-de04-4fe3-bfe4-7564effba492	4	114261019	126459182	7321	0.3931
365fa3bc-de04-4fe3-bfe4-7564effba492	4	126462231	126467900	2	-1.3966
365fa3bc-de04-4fe3-bfe4-7564effba492	4	126468395	129141596	1389	0.3849
365fa3bc-de04-4fe3-bfe4-7564effba492	4	129146391	129147005	2	-2.7098
365fa3bc-de04-4fe3-bfe4-7564effba492	4	129151408	134024979	2777	0.398
365fa3bc-de04-4fe3-bfe4-7564effba492	4	134025378	134216316	90	0.6068
365fa3bc-de04-4fe3-bfe4-7564effba492	4	134216353	139089717	3035	0.3812
365fa3bc-de04-4fe3-bfe4-7564effba492	4	139089730	139133222	81	0.1792
365fa3bc-de04-4fe3-bfe4-7564effba492	4	139135885	149253869	5989	0.4088
365fa3bc-de04-4fe3-bfe4-7564effba492	4	149254839	151407666	1114	0.3251
365fa3bc-de04-4fe3-bfe4-7564effba492	4	151413338	153400293	1223	0.4152
365fa3bc-de04-4fe3-bfe4-7564effba492	4	153402649	153410038	7	-0.2591
365fa3bc-de04-4fe3-bfe4-7564effba492	4	153410183	154189066	549	0.4275
365fa3bc-de04-4fe3-bfe4-7564effba492	4	154189931	157635739	2283	0.3546
365fa3bc-de04-4fe3-bfe4-7564effba492	4	157639971	157640571	6	-0.6756
365fa3bc-de04-4fe3-bfe4-7564effba492	4	157640707	160933025	2031	0.3433
365fa3bc-de04-4fe3-bfe4-7564effba492	4	160934706	160963971	58	0.6662
365fa3bc-de04-4fe3-bfe4-7564effba492	4	160964013	161190162	160	0.4209
365fa3bc-de04-4fe3-bfe4-7564effba492	4	161190328	161193383	2	-1.3424
365fa3bc-de04-4fe3-bfe4-7564effba492	4	161196333	171448195	6490	0.3525
365fa3bc-de04-4fe3-bfe4-7564effba492	4	171453733	171456625	12	2.1283
365fa3bc-de04-4fe3-bfe4-7564effba492	4	171459220	178393080	4233	0.3449
365fa3bc-de04-4fe3-bfe4-7564effba492	4	178393814	178464293	61	0.6361
365fa3bc-de04-4fe3-bfe4-7564effba492	4	178464481	178593515	102	0.4096
365fa3bc-de04-4fe3-bfe4-7564effba492	4	178595698	178596121	5	-0.7419
365fa3bc-de04-4fe3-bfe4-7564effba492	4	178596492	180987544	1752	0.3542
365fa3bc-de04-4fe3-bfe4-7564effba492	4	180989773	181018373	27	-0.6004
365fa3bc-de04-4fe3-bfe4-7564effba492	4	181024624	181144847	81	0.0391
365fa3bc-de04-4fe3-bfe4-7564effba492	4	181150932	181216168	57	-1.2218
365fa3bc-de04-4fe3-bfe4-7564effba492	4	181223571	181338460	99	-0.7644
365fa3bc-de04-4fe3-bfe4-7564effba492	4	181341721	181573617	223	0.3232
365fa3bc-de04-4fe3-bfe4-7564effba492	4	181576582	181912453	308	-0.5343
365fa3bc-de04-4fe3-bfe4-7564effba492	4	181915205	182331824	345	0.3409
365fa3bc-de04-4fe3-bfe4-7564effba492	4	182335076	182582458	180	-0.512
365fa3bc-de04-4fe3-bfe4-7564effba492	4	182584100	188515761	4069	0.4125
365fa3bc-de04-4fe3-bfe4-7564effba492	4	188515932	188516256	8	-0.7801
365fa3bc-de04-4fe3-bfe4-7564effba492	4	188518718	189267889	569	0.4717
365fa3bc-de04-4fe3-bfe4-7564effba492	4	189273964	189274508	3	-1.5939
365fa3bc-de04-4fe3-bfe4-7564effba492	4	189278110	190106768	351	0.4305
365fa3bc-de04-4fe3-bfe4-7564effba492	5	15532	728864	318	0.8892
365fa3bc-de04-4fe3-bfe4-7564effba492	5	731654	732788	3	2.2022
365fa3bc-de04-4fe3-bfe4-7564effba492	5	733497	1019699	105	0.9951
365fa3bc-de04-4fe3-bfe4-7564effba492	5	1020239	1872215	493	0.8267
365fa3bc-de04-4fe3-bfe4-7564effba492	5	1877166	16565960	11837	0.9293
365fa3bc-de04-4fe3-bfe4-7564effba492	5	16566103	31155686	8701	0.8826
365fa3bc-de04-4fe3-bfe4-7564effba492	5	31156067	58025819	14257	0.9265
365fa3bc-de04-4fe3-bfe4-7564effba492	5	58030200	58037706	32	3.4385
365fa3bc-de04-4fe3-bfe4-7564effba492	5	58042530	58688171	493	0.8709
365fa3bc-de04-4fe3-bfe4-7564effba492	5	58688564	81907876	13587	0.934
365fa3bc-de04-4fe3-bfe4-7564effba492	5	81908611	93478084	6384	0.9003
365fa3bc-de04-4fe3-bfe4-7564effba492	5	93489696	93528459	22	-0.4566
365fa3bc-de04-4fe3-bfe4-7564effba492	5	93529366	99588218	3452	0.9306
365fa3bc-de04-4fe3-bfe4-7564effba492	5	99590350	99594689	4	-0.3372
365fa3bc-de04-4fe3-bfe4-7564effba492	5	99595012	105089879	3317	0.9336
365fa3bc-de04-4fe3-bfe4-7564effba492	5	105091362	105167266	48	0.4552
365fa3bc-de04-4fe3-bfe4-7564effba492	5	105168236	108421651	2071	0.9248
365fa3bc-de04-4fe3-bfe4-7564effba492	5	108422470	108427420	2	-0.9385
365fa3bc-de04-4fe3-bfe4-7564effba492	5	108431910	112736161	2779	0.9179
365fa3bc-de04-4fe3-bfe4-7564effba492	5	112736327	112826244	146	0.7323
365fa3bc-de04-4fe3-bfe4-7564effba492	5	112826260	131881958	12457	0.9112
365fa3bc-de04-4fe3-bfe4-7564effba492	5	131882124	151630282	12426	0.9338
365fa3bc-de04-4fe3-bfe4-7564effba492	5	151631313	163431168	7957	0.907
365fa3bc-de04-4fe3-bfe4-7564effba492	5	163435178	163435536	2	-1.8864
365fa3bc-de04-4fe3-bfe4-7564effba492	5	163439542	169401240	4281	0.8951
365fa3bc-de04-4fe3-bfe4-7564effba492	5	169401312	172047116	1922	0.9565
365fa3bc-de04-4fe3-bfe4-7564effba492	5	172048685	172196824	125	0.7625
365fa3bc-de04-4fe3-bfe4-7564effba492	5	172196884	173849123	1234	0.9841
365fa3bc-de04-4fe3-bfe4-7564effba492	5	173850967	177771448	2316	0.9157
365fa3bc-de04-4fe3-bfe4-7564effba492	5	177800550	177805604	3	2.5881
365fa3bc-de04-4fe3-bfe4-7564effba492	5	177827964	179620185	1029	0.9638
365fa3bc-de04-4fe3-bfe4-7564effba492	5	179624537	179681196	50	0.5642
365fa3bc-de04-4fe3-bfe4-7564effba492	5	179681247	180951888	718	0.9398
365fa3bc-de04-4fe3-bfe4-7564effba492	5	180953203	180987465	12	1.7526
365fa3bc-de04-4fe3-bfe4-7564effba492	5	180990207	181363319	175	0.8661
365fa3bc-de04-4fe3-bfe4-7564effba492	6	149661	26739499	20089	-0.437
365fa3bc-de04-4fe3-bfe4-7564effba492	6	26747492	26975280	42	0.17
365fa3bc-de04-4fe3-bfe4-7564effba492	6	26980416	29865090	1351	-0.4119
365fa3bc-de04-4fe3-bfe4-7564effba492	6	29865764	30001813	95	-0.854
365fa3bc-de04-4fe3-bfe4-7564effba492	6	30002650	31318499	590	-0.4261
365fa3bc-de04-4fe3-bfe4-7564effba492	6	31318528	31342147	11	0.8743
365fa3bc-de04-4fe3-bfe4-7564effba492	6	31349570	32488965	491	-0.4799
365fa3bc-de04-4fe3-bfe4-7564effba492	6	32502142	32605994	27	0.2358
365fa3bc-de04-4fe3-bfe4-7564effba492	6	32606237	32638107	23	-1.0619
365fa3bc-de04-4fe3-bfe4-7564effba492	6	32638979	32658841	8	0.4957
365fa3bc-de04-4fe3-bfe4-7564effba492	6	32682835	36976901	2485	-0.3679
365fa3bc-de04-4fe3-bfe4-7564effba492	6	36977360	57295386	13052	-0.4321
365fa3bc-de04-4fe3-bfe4-7564effba492	6	57295787	57298428	8	-0.8373
365fa3bc-de04-4fe3-bfe4-7564effba492	6	57298833	61785958	779	-0.286
365fa3bc-de04-4fe3-bfe4-7564effba492	6	61786761	78261995	10390	-0.4515
365fa3bc-de04-4fe3-bfe4-7564effba492	6	78262064	78331916	110	0.1619
365fa3bc-de04-4fe3-bfe4-7564effba492	6	78332002	103286954	15396	-0.4513
365fa3bc-de04-4fe3-bfe4-7564effba492	6	103290101	103314186	46	0.5217
365fa3bc-de04-4fe3-bfe4-7564effba492	6	103317795	136658155	20854	-0.4521
365fa3bc-de04-4fe3-bfe4-7564effba492	6	136665023	143218696	3994	0.4188
365fa3bc-de04-4fe3-bfe4-7564effba492	6	143227144	143227440	3	1.9639
365fa3bc-de04-4fe3-bfe4-7564effba492	6	143228784	153636235	7280	0.4013
365fa3bc-de04-4fe3-bfe4-7564effba492	6	153639651	153640284	2	-1.9561
365fa3bc-de04-4fe3-bfe4-7564effba492	6	153640764	170741917	11896	0.4018
365fa3bc-de04-4fe3-bfe4-7564effba492	7	43355	879502	218	0.3472
365fa3bc-de04-4fe3-bfe4-7564effba492	7	880030	1149589	114	0.1739
365fa3bc-de04-4fe3-bfe4-7564effba492	7	1152826	8716101	4672	0.4437
365fa3bc-de04-4fe3-bfe4-7564effba492	7	8717706	9183146	432	0.5659
365fa3bc-de04-4fe3-bfe4-7564effba492	7	9183482	9568029	275	0.4154
365fa3bc-de04-4fe3-bfe4-7564effba492	7	9568317	9581377	8	-0.2893
365fa3bc-de04-4fe3-bfe4-7564effba492	7	9581573	9765863	166	0.4304
365fa3bc-de04-4fe3-bfe4-7564effba492	7	9767136	10048030	235	0.5758
365fa3bc-de04-4fe3-bfe4-7564effba492	7	10048424	10626932	387	0.4531
365fa3bc-de04-4fe3-bfe4-7564effba492	7	10628168	10632110	2	-1.1976
365fa3bc-de04-4fe3-bfe4-7564effba492	7	10632981	16860523	5068	0.4053
365fa3bc-de04-4fe3-bfe4-7564effba492	7	16860960	19619216	2381	0.4774
365fa3bc-de04-4fe3-bfe4-7564effba492	7	19619410	22395161	2087	0.4066
365fa3bc-de04-4fe3-bfe4-7564effba492	7	22395853	22396868	2	-2.8312
365fa3bc-de04-4fe3-bfe4-7564effba492	7	22399135	38258721	11299	0.4419
365fa3bc-de04-4fe3-bfe4-7564effba492	7	38263519	38312544	82	0.6934
365fa3bc-de04-4fe3-bfe4-7564effba492	7	38312559	51124623	8654	0.4254
365fa3bc-de04-4fe3-bfe4-7564effba492	7	51124777	56908389	3982	0.3888
365fa3bc-de04-4fe3-bfe4-7564effba492	7	56997653	57016425	4	1.5768
365fa3bc-de04-4fe3-bfe4-7564effba492	7	57048761	57392043	175	0.351
365fa3bc-de04-4fe3-bfe4-7564effba492	7	57392250	63018120	414	0.5006
365fa3bc-de04-4fe3-bfe4-7564effba492	7	63018135	76696440	6105	0.3751
365fa3bc-de04-4fe3-bfe4-7564effba492	7	76698582	78980614	1471	0.4338
365fa3bc-de04-4fe3-bfe4-7564effba492	7	78982759	79483314	395	-0.4789
365fa3bc-de04-4fe3-bfe4-7564effba492	7	79491190	88478507	5651	0.4028
365fa3bc-de04-4fe3-bfe4-7564effba492	7	88479249	90223857	1166	0.5148
365fa3bc-de04-4fe3-bfe4-7564effba492	7	90224640	97756658	4809	0.407
365fa3bc-de04-4fe3-bfe4-7564effba492	7	97766148	97773163	16	-0.1699
365fa3bc-de04-4fe3-bfe4-7564effba492	7	97774928	99042195	631	0.3536
365fa3bc-de04-4fe3-bfe4-7564effba492	7	99043297	105284186	3045	0.4237
365fa3bc-de04-4fe3-bfe4-7564effba492	7	105287900	105612656	149	0.3138
365fa3bc-de04-4fe3-bfe4-7564effba492	7	105617410	108245913	1766	0.465
365fa3bc-de04-4fe3-bfe4-7564effba492	7	108246220	109793741	1003	0.3979
365fa3bc-de04-4fe3-bfe4-7564effba492	7	109797035	109797044	8	-1.1139
365fa3bc-de04-4fe3-bfe4-7564effba492	7	109797612	109801155	16	0.0881
365fa3bc-de04-4fe3-bfe4-7564effba492	7	109801187	109813853	11	-1.6346
365fa3bc-de04-4fe3-bfe4-7564effba492	7	109813925	126404920	10023	0.3997
365fa3bc-de04-4fe3-bfe4-7564effba492	7	126405428	126406822	13	-0.9553
365fa3bc-de04-4fe3-bfe4-7564effba492	7	126406823	142063324	9920	0.4259
365fa3bc-de04-4fe3-bfe4-7564effba492	7	142069843	142092108	33	-2.5335
365fa3bc-de04-4fe3-bfe4-7564effba492	7	142092307	144199159	1201	0.4505
365fa3bc-de04-4fe3-bfe4-7564effba492	7	144207186	144336758	13	1.1655
365fa3bc-de04-4fe3-bfe4-7564effba492	7	144343967	153534660	5645	0.414
365fa3bc-de04-4fe3-bfe4-7564effba492	7	153542541	153757106	145	0.6177
365fa3bc-de04-4fe3-bfe4-7564effba492	7	153758261	159334314	3852	0.4167
365fa3bc-de04-4fe3-bfe4-7564effba492	8	81254	2891299	2079	-0.4768
365fa3bc-de04-4fe3-bfe4-7564effba492	8	2891346	2892679	2	-5.9274
365fa3bc-de04-4fe3-bfe4-7564effba492	8	2892774	7396819	5593	-0.4495
365fa3bc-de04-4fe3-bfe4-7564effba492	8	7397588	7513956	12	-1.8814
365fa3bc-de04-4fe3-bfe4-7564effba492	8	7514723	9199020	921	-0.4556
365fa3bc-de04-4fe3-bfe4-7564effba492	8	9199293	9205016	24	-3.0328
365fa3bc-de04-4fe3-bfe4-7564effba492	8	9205517	9883147	557	-0.4752
365fa3bc-de04-4fe3-bfe4-7564effba492	8	9883180	9883353	2	-3.935
365fa3bc-de04-4fe3-bfe4-7564effba492	8	9883968	12385031	1749	-0.4711
365fa3bc-de04-4fe3-bfe4-7564effba492	8	12387683	12389977	7	-2.0921
365fa3bc-de04-4fe3-bfe4-7564effba492	8	12418301	12730774	64	-0.095
365fa3bc-de04-4fe3-bfe4-7564effba492	8	12732610	13559157	782	-0.4668
365fa3bc-de04-4fe3-bfe4-7564effba492	8	13566410	13796271	283	-0.2571
365fa3bc-de04-4fe3-bfe4-7564effba492	8	13796474	25117062	9202	-0.4517
365fa3bc-de04-4fe3-bfe4-7564effba492	8	25117985	25126818	23	-1.8829
365fa3bc-de04-4fe3-bfe4-7564effba492	8	25133589	32821151	5394	-0.4468
365fa3bc-de04-4fe3-bfe4-7564effba492	8	32821197	32830895	10	0.7845
365fa3bc-de04-4fe3-bfe4-7564effba492	8	32834588	39389156	3557	-0.4763
365fa3bc-de04-4fe3-bfe4-7564effba492	8	39389592	39529446	57	-2.1818
365fa3bc-de04-4fe3-bfe4-7564effba492	8	39530780	49976331	4458	-0.4264
365fa3bc-de04-4fe3-bfe4-7564effba492	8	49976425	49977637	2	-3.3629
365fa3bc-de04-4fe3-bfe4-7564effba492	8	49977722	54504652	2926	-0.4614
365fa3bc-de04-4fe3-bfe4-7564effba492	8	54508666	54508802	2	-3.2125
365fa3bc-de04-4fe3-bfe4-7564effba492	8	54508860	71300130	10401	-0.4461
365fa3bc-de04-4fe3-bfe4-7564effba492	8	71303076	71304364	8	-1.922
365fa3bc-de04-4fe3-bfe4-7564effba492	8	71307628	114619814	25778	-0.4471
365fa3bc-de04-4fe3-bfe4-7564effba492	8	114622258	114626166	15	-1.9247
365fa3bc-de04-4fe3-bfe4-7564effba492	8	114626238	114628759	9	-0.0253
365fa3bc-de04-4fe3-bfe4-7564effba492	8	114628773	114629340	8	-1.6752
365fa3bc-de04-4fe3-bfe4-7564effba492	8	114629356	119139771	3094	-0.4519
365fa3bc-de04-4fe3-bfe4-7564effba492	8	119142545	119147207	4	-2.5825
365fa3bc-de04-4fe3-bfe4-7564effba492	8	119150615	138322477	14088	-0.4347
365fa3bc-de04-4fe3-bfe4-7564effba492	8	138324773	138390083	64	-4.3492
365fa3bc-de04-4fe3-bfe4-7564effba492	8	138390576	141406880	2143	-0.4629
365fa3bc-de04-4fe3-bfe4-7564effba492	8	141412629	142423309	584	-0.6325
365fa3bc-de04-4fe3-bfe4-7564effba492	8	142423653	145072769	937	-0.4589
365fa3bc-de04-4fe3-bfe4-7564effba492	9	46587	6655056	6331	0.454
365fa3bc-de04-4fe3-bfe4-7564effba492	9	6657192	6661406	2	2.4032
365fa3bc-de04-4fe3-bfe4-7564effba492	9	6661613	12764535	5509	0.4657
365fa3bc-de04-4fe3-bfe4-7564effba492	9	12766062	32077597	14955	0.4142
365fa3bc-de04-4fe3-bfe4-7564effba492	9	32077621	41451846	4423	0.4505
365fa3bc-de04-4fe3-bfe4-7564effba492	9	41473331	42037471	34	0.9062
365fa3bc-de04-4fe3-bfe4-7564effba492	9	42042339	42211663	21	-1.0772
365fa3bc-de04-4fe3-bfe4-7564effba492	9	42230926	61405110	70	0.4886
365fa3bc-de04-4fe3-bfe4-7564effba492	9	61520021	61647899	30	1.8309
365fa3bc-de04-4fe3-bfe4-7564effba492	9	61665362	63579807	36	0.5855
365fa3bc-de04-4fe3-bfe4-7564effba492	9	63580401	63592813	9	1.85
365fa3bc-de04-4fe3-bfe4-7564effba492	9	63614182	119716129	37378	0.4168
365fa3bc-de04-4fe3-bfe4-7564effba492	9	119719003	136160026	9908	0.4558
365fa3bc-de04-4fe3-bfe4-7564effba492	9	136161138	138200944	708	0.3888
365fa3bc-de04-4fe3-bfe4-7564effba492	10	45792	751569	414	0.4146
365fa3bc-de04-4fe3-bfe4-7564effba492	10	752021	754237	3	-1.3747
365fa3bc-de04-4fe3-bfe4-7564effba492	10	754273	18181464	14615	0.4431
365fa3bc-de04-4fe3-bfe4-7564effba492	10	18181994	21970618	2809	0.3768
365fa3bc-de04-4fe3-bfe4-7564effba492	10	21970916	24086334	1329	0.4298
365fa3bc-de04-4fe3-bfe4-7564effba492	10	24088745	24089125	11	-1.6281
365fa3bc-de04-4fe3-bfe4-7564effba492	10	24089979	36413642	8647	0.4169
365fa3bc-de04-4fe3-bfe4-7564effba492	10	36413712	38770869	1188	0.3354
365fa3bc-de04-4fe3-bfe4-7564effba492	10	38770921	45574604	2322	0.4236
365fa3bc-de04-4fe3-bfe4-7564effba492	10	45577424	45587723	9	-0.2189
365fa3bc-de04-4fe3-bfe4-7564effba492	10	45588052	45936113	52	0.383
365fa3bc-de04-4fe3-bfe4-7564effba492	10	45998155	46617422	271	-0.4562
365fa3bc-de04-4fe3-bfe4-7564effba492	10	46618028	46632302	3	-3.0465
365fa3bc-de04-4fe3-bfe4-7564effba492	10	46657149	49849300	1618	-0.3278
365fa3bc-de04-4fe3-bfe4-7564effba492	10	49863777	51764899	1230	0.388
365fa3bc-de04-4fe3-bfe4-7564effba492	10	51766461	51858536	44	-0.5624
365fa3bc-de04-4fe3-bfe4-7564effba492	10	51859942	65538843	9766	0.4126
365fa3bc-de04-4fe3-bfe4-7564effba492	10	65539931	65565695	40	0.8245
365fa3bc-de04-4fe3-bfe4-7564effba492	10	65566308	69286858	2391	0.3995
365fa3bc-de04-4fe3-bfe4-7564effba492	10	69286900	71863519	2022	0.4742
365fa3bc-de04-4fe3-bfe4-7564effba492	10	71866465	78358544	3838	0.4342
365fa3bc-de04-4fe3-bfe4-7564effba492	10	78359656	79925268	1026	0.4957
365fa3bc-de04-4fe3-bfe4-7564effba492	10	79925306	133654968	36890	0.4206
365fa3bc-de04-4fe3-bfe4-7564effba492	11	198510	4946420	2395	-0.4045
365fa3bc-de04-4fe3-bfe4-7564effba492	11	4947280	4955042	30	0.5018
365fa3bc-de04-4fe3-bfe4-7564effba492	11	4955781	5766175	780	-0.4034
365fa3bc-de04-4fe3-bfe4-7564effba492	11	5766850	5788108	33	0.312
365fa3bc-de04-4fe3-bfe4-7564effba492	11	5788231	36942730	22565	-0.4339
365fa3bc-de04-4fe3-bfe4-7564effba492	11	36945710	37646484	469	-0.2715
365fa3bc-de04-4fe3-bfe4-7564effba492	11	37646530	45457478	5337	-0.4581
365fa3bc-de04-4fe3-bfe4-7564effba492	11	45457518	45460007	3	-3.8301
365fa3bc-de04-4fe3-bfe4-7564effba492	11	45460039	48409947	1344	-0.404
365fa3bc-de04-4fe3-bfe4-7564effba492	11	48411143	48954804	183	-0.1362
365fa3bc-de04-4fe3-bfe4-7564effba492	11	48961561	55609035	1077	-0.3446
365fa3bc-de04-4fe3-bfe4-7564effba492	11	55609158	55679761	44	-1.4962
365fa3bc-de04-4fe3-bfe4-7564effba492	11	55679856	64791212	5082	-0.3928
365fa3bc-de04-4fe3-bfe4-7564effba492	11	64805751	64866165	14	-2.5679
365fa3bc-de04-4fe3-bfe4-7564effba492	11	64866586	69095162	1668	-0.405
365fa3bc-de04-4fe3-bfe4-7564effba492	11	69095856	69096881	3	-4.0328
365fa3bc-de04-4fe3-bfe4-7564effba492	11	69096945	81801367	7688	-0.4071
365fa3bc-de04-4fe3-bfe4-7564effba492	11	81804285	81806063	4	-3.0975
365fa3bc-de04-4fe3-bfe4-7564effba492	11	81806116	135074876	37503	-0.4353
365fa3bc-de04-4fe3-bfe4-7564effba492	12	51460	244088	111	0.312
365fa3bc-de04-4fe3-bfe4-7564effba492	12	244192	15659070	10429	0.4505
365fa3bc-de04-4fe3-bfe4-7564effba492	12	15659254	33141726	12219	0.4052
365fa3bc-de04-4fe3-bfe4-7564effba492	12	33148472	33154440	27	-2.7045
365fa3bc-de04-4fe3-bfe4-7564effba492	12	33155426	33565876	265	0.4874
365fa3bc-de04-4fe3-bfe4-7564effba492	12	33569867	33570541	5	-0.6162
365fa3bc-de04-4fe3-bfe4-7564effba492	12	33570626	38827290	1070	0.4586
365fa3bc-de04-4fe3-bfe4-7564effba492	12	38829764	42822560	2631	0.3948
365fa3bc-de04-4fe3-bfe4-7564effba492	12	42822741	58555192	9034	0.4469
365fa3bc-de04-4fe3-bfe4-7564effba492	12	58555326	61446430	1826	0.3759
365fa3bc-de04-4fe3-bfe4-7564effba492	12	61446788	72812551	7414	0.4137
365fa3bc-de04-4fe3-bfe4-7564effba492	12	72812626	72881620	38	0.7346
365fa3bc-de04-4fe3-bfe4-7564effba492	12	72881690	72957467	51	0.4772
365fa3bc-de04-4fe3-bfe4-7564effba492	12	72957542	80446147	4765	0.3823
365fa3bc-de04-4fe3-bfe4-7564effba492	12	80446276	80456533	2	-2.0361
365fa3bc-de04-4fe3-bfe4-7564effba492	12	80458189	88814249	4954	0.3854
365fa3bc-de04-4fe3-bfe4-7564effba492	12	88818389	94824368	4000	0.4288
365fa3bc-de04-4fe3-bfe4-7564effba492	12	94829242	99397874	3199	0.3876
365fa3bc-de04-4fe3-bfe4-7564effba492	12	99397993	99404956	34	-0.0073
365fa3bc-de04-4fe3-bfe4-7564effba492	12	99409315	103283542	2363	0.398
365fa3bc-de04-4fe3-bfe4-7564effba492	12	103288099	133201603	20322	0.4243
365fa3bc-de04-4fe3-bfe4-7564effba492	13	18452809	37497899	13459	0.4084
365fa3bc-de04-4fe3-bfe4-7564effba492	13	37498087	37510620	15	1.2418
365fa3bc-de04-4fe3-bfe4-7564effba492	13	37514193	43249087	4066	0.4139
365fa3bc-de04-4fe3-bfe4-7564effba492	13	43250244	43258165	7	-2.6719
365fa3bc-de04-4fe3-bfe4-7564effba492	13	43258869	47975702	3175	0.4254
365fa3bc-de04-4fe3-bfe4-7564effba492	13	47976184	47985638	3	-1.1823
365fa3bc-de04-4fe3-bfe4-7564effba492	13	47985876	52556338	2636	0.4386
365fa3bc-de04-4fe3-bfe4-7564effba492	13	52565009	57325899	2721	0.3865
365fa3bc-de04-4fe3-bfe4-7564effba492	13	57327806	57404180	57	0.7174
365fa3bc-de04-4fe3-bfe4-7564effba492	13	57404500	59640695	1354	0.368
365fa3bc-de04-4fe3-bfe4-7564effba492	13	59641249	59641521	2	1.9729
365fa3bc-de04-4fe3-bfe4-7564effba492	13	59641547	63439542	2184	0.3728
365fa3bc-de04-4fe3-bfe4-7564effba492	13	63439743	63733398	184	0.4938
365fa3bc-de04-4fe3-bfe4-7564effba492	13	63743696	63814138	39	1.3913
365fa3bc-de04-4fe3-bfe4-7564effba492	13	63818088	71903417	5089	0.3927
365fa3bc-de04-4fe3-bfe4-7564effba492	13	71906311	71906418	2	2.983
365fa3bc-de04-4fe3-bfe4-7564effba492	13	71906467	72196908	253	0.3854
365fa3bc-de04-4fe3-bfe4-7564effba492	13	72197576	72197913	2	-1.6742
365fa3bc-de04-4fe3-bfe4-7564effba492	13	72199997	72230762	25	0.3656
365fa3bc-de04-4fe3-bfe4-7564effba492	13	72234344	72241965	7	-0.9182
365fa3bc-de04-4fe3-bfe4-7564effba492	13	72242223	79603766	5118	0.4004
365fa3bc-de04-4fe3-bfe4-7564effba492	13	79605163	93753285	8857	0.3654
365fa3bc-de04-4fe3-bfe4-7564effba492	13	93754592	114342922	14776	0.4047
365fa3bc-de04-4fe3-bfe4-7564effba492	14	18239283	18693043	25	0.3082
365fa3bc-de04-4fe3-bfe4-7564effba492	14	18950560	19926759	125	0.7322
365fa3bc-de04-4fe3-bfe4-7564effba492	14	19926968	21815041	1248	0.4541
365fa3bc-de04-4fe3-bfe4-7564effba492	14	21815359	22508844	624	0.6772
365fa3bc-de04-4fe3-bfe4-7564effba492	14	22509094	24025841	882	0.4596
365fa3bc-de04-4fe3-bfe4-7564effba492	14	24030533	24031436	12	-0.1718
365fa3bc-de04-4fe3-bfe4-7564effba492	14	24031630	24997474	647	0.491
365fa3bc-de04-4fe3-bfe4-7564effba492	14	24997556	43308180	11516	0.4168
365fa3bc-de04-4fe3-bfe4-7564effba492	14	43312501	44458009	661	0.503
365fa3bc-de04-4fe3-bfe4-7564effba492	14	44458791	49134412	2677	0.4108
365fa3bc-de04-4fe3-bfe4-7564effba492	14	49135172	55334661	4024	0.4547
365fa3bc-de04-4fe3-bfe4-7564effba492	14	55336321	69551330	9083	-0.4166
365fa3bc-de04-4fe3-bfe4-7564effba492	14	69551651	69555750	8	-2.5055
365fa3bc-de04-4fe3-bfe4-7564effba492	14	69555996	106877229	23592	-0.4263
365fa3bc-de04-4fe3-bfe4-7564effba492	15	19811075	20380735	96	-0.2022
365fa3bc-de04-4fe3-bfe4-7564effba492	15	20380837	20381704	9	-2.3479
365fa3bc-de04-4fe3-bfe4-7564effba492	15	20384774	21417107	70	-0.4934
365fa3bc-de04-4fe3-bfe4-7564effba492	15	21975606	22299523	31	0.2417
365fa3bc-de04-4fe3-bfe4-7564effba492	15	22385639	35057285	7620	-0.4336
365fa3bc-de04-4fe3-bfe4-7564effba492	15	35060874	35064903	2	-3.6578
365fa3bc-de04-4fe3-bfe4-7564effba492	15	35067743	76599170	25883	-0.4024
365fa3bc-de04-4fe3-bfe4-7564effba492	15	76599286	76602857	12	-1.6632
365fa3bc-de04-4fe3-bfe4-7564effba492	15	76603003	94691904	12175	-0.4064
365fa3bc-de04-4fe3-bfe4-7564effba492	15	94694243	101636921	5169	-0.458
365fa3bc-de04-4fe3-bfe4-7564effba492	15	101645127	101928837	145	-0.3386
365fa3bc-de04-4fe3-bfe4-7564effba492	16	10777	603284	283	0.2504
365fa3bc-de04-4fe3-bfe4-7564effba492	16	603333	6577458	3544	0.4263
365fa3bc-de04-4fe3-bfe4-7564effba492	16	6582487	6656023	114	-0.4954
365fa3bc-de04-4fe3-bfe4-7564effba492	16	6656075	7073724	521	0.4631
365fa3bc-de04-4fe3-bfe4-7564effba492	16	7080973	7120958	74	-0.4294
365fa3bc-de04-4fe3-bfe4-7564effba492	16	7125777	7537394	508	-4.5804
365fa3bc-de04-4fe3-bfe4-7564effba492	16	7537453	7726442	279	-0.424
365fa3bc-de04-4fe3-bfe4-7564effba492	16	7730234	14263063	5549	0.448
365fa3bc-de04-4fe3-bfe4-7564effba492	16	14263813	17523717	1451	0.3642
365fa3bc-de04-4fe3-bfe4-7564effba492	16	17524584	19933041	1114	0.4374
365fa3bc-de04-4fe3-bfe4-7564effba492	16	19934328	19958932	30	-0.4998
365fa3bc-de04-4fe3-bfe4-7564effba492	16	19959168	21401082	890	0.4261
365fa3bc-de04-4fe3-bfe4-7564effba492	16	21503753	21574710	19	-0.1871
365fa3bc-de04-4fe3-bfe4-7564effba492	16	21575403	22417324	360	0.3568
365fa3bc-de04-4fe3-bfe4-7564effba492	16	22420049	22706267	78	-0.0039
365fa3bc-de04-4fe3-bfe4-7564effba492	16	22706983	32001957	5110	0.4315
365fa3bc-de04-4fe3-bfe4-7564effba492	16	32016657	33045427	49	-0.149
365fa3bc-de04-4fe3-bfe4-7564effba492	16	33340712	58498799	8570	0.4234
365fa3bc-de04-4fe3-bfe4-7564effba492	16	58499104	65192952	4462	0.3853
365fa3bc-de04-4fe3-bfe4-7564effba492	16	65193909	70105639	2647	0.4423
365fa3bc-de04-4fe3-bfe4-7564effba492	16	70117657	70163864	12	-0.1924
365fa3bc-de04-4fe3-bfe4-7564effba492	16	70164427	74305495	2281	0.4136
365fa3bc-de04-4fe3-bfe4-7564effba492	16	74306533	74431498	28	-0.019
365fa3bc-de04-4fe3-bfe4-7564effba492	16	74431616	75987464	937	0.4007
365fa3bc-de04-4fe3-bfe4-7564effba492	16	75987542	76045823	60	0.6829
365fa3bc-de04-4fe3-bfe4-7564effba492	16	76046180	78338949	2204	0.4205
365fa3bc-de04-4fe3-bfe4-7564effba492	16	78339440	78342480	4	-1.385
365fa3bc-de04-4fe3-bfe4-7564effba492	16	78342814	83162346	5314	0.4457
365fa3bc-de04-4fe3-bfe4-7564effba492	16	83162620	83175693	18	-0.5975
365fa3bc-de04-4fe3-bfe4-7564effba492	16	83177351	84551300	1485	0.4301
365fa3bc-de04-4fe3-bfe4-7564effba492	16	84553643	84652807	110	0.1811
365fa3bc-de04-4fe3-bfe4-7564effba492	16	84653000	88594428	3036	0.4576
365fa3bc-de04-4fe3-bfe4-7564effba492	16	88594941	90036709	598	0.2711
365fa3bc-de04-4fe3-bfe4-7564effba492	16	90036838	90096867	44	0.4906
365fa3bc-de04-4fe3-bfe4-7564effba492	17	150733	1356580	587	-0.546
365fa3bc-de04-4fe3-bfe4-7564effba492	17	1360270	18455632	10711	-0.4165
365fa3bc-de04-4fe3-bfe4-7564effba492	17	18455635	18540308	20	-1.3388
365fa3bc-de04-4fe3-bfe4-7564effba492	17	18540363	66795999	23702	-0.3921
365fa3bc-de04-4fe3-bfe4-7564effba492	17	66796013	74649473	5500	-0.4522
365fa3bc-de04-4fe3-bfe4-7564effba492	17	74649950	76520461	831	-0.3751
365fa3bc-de04-4fe3-bfe4-7564effba492	17	76523076	76536090	6	-3.6469
365fa3bc-de04-4fe3-bfe4-7564effba492	17	76536192	77646541	690	-0.445
365fa3bc-de04-4fe3-bfe4-7564effba492	17	77648619	77652044	5	-5.7311
365fa3bc-de04-4fe3-bfe4-7564effba492	17	77652156	77654835	4	-2.4046
365fa3bc-de04-4fe3-bfe4-7564effba492	17	77657739	83091923	2635	-0.4232
365fa3bc-de04-4fe3-bfe4-7564effba492	18	48133	14087793	9954	-0.4313
365fa3bc-de04-4fe3-bfe4-7564effba492	18	14088045	15102422	313	-0.2585
365fa3bc-de04-4fe3-bfe4-7564effba492	18	15102757	15402409	59	0.1619
365fa3bc-de04-4fe3-bfe4-7564effba492	18	20949392	50123823	18634	-0.4388
365fa3bc-de04-4fe3-bfe4-7564effba492	18	50124210	50125006	5	-2.6067
365fa3bc-de04-4fe3-bfe4-7564effba492	18	50125167	66060256	11061	-0.4323
365fa3bc-de04-4fe3-bfe4-7564effba492	18	66060309	66060531	4	-2.1621
365fa3bc-de04-4fe3-bfe4-7564effba492	18	66060553	66240855	158	-0.4788
365fa3bc-de04-4fe3-bfe4-7564effba492	18	66241324	66244124	6	-4.7228
365fa3bc-de04-4fe3-bfe4-7564effba492	18	66244352	71636664	3846	-0.4426
365fa3bc-de04-4fe3-bfe4-7564effba492	18	71637612	73701344	1639	-0.3453
365fa3bc-de04-4fe3-bfe4-7564effba492	18	73701659	74429148	629	-0.4502
365fa3bc-de04-4fe3-bfe4-7564effba492	18	74430231	74431368	2	-3.8427
365fa3bc-de04-4fe3-bfe4-7564effba492	18	74432219	80257174	4076	-0.4745
365fa3bc-de04-4fe3-bfe4-7564effba492	19	90910	15673342	6588	0.4316
365fa3bc-de04-4fe3-bfe4-7564effba492	19	15679275	15680807	2	2.5047
365fa3bc-de04-4fe3-bfe4-7564effba492	19	15680854	20411869	2323	0.4424
365fa3bc-de04-4fe3-bfe4-7564effba492	19	20413400	20533543	67	-0.2431
365fa3bc-de04-4fe3-bfe4-7564effba492	19	20533583	43208098	11588	0.4257
365fa3bc-de04-4fe3-bfe4-7564effba492	19	43208446	43252085	19	-0.2779
365fa3bc-de04-4fe3-bfe4-7564effba492	19	43262507	51643539	4152	0.4322
365fa3bc-de04-4fe3-bfe4-7564effba492	19	51644328	51644944	4	-1.1622
365fa3bc-de04-4fe3-bfe4-7564effba492	19	51651652	58586487	4334	0.417
365fa3bc-de04-4fe3-bfe4-7564effba492	20	80664	1580934	1204	0.4501
365fa3bc-de04-4fe3-bfe4-7564effba492	20	1581021	1601446	34	1.8688
365fa3bc-de04-4fe3-bfe4-7564effba492	20	1601561	1613247	6	1.0364
365fa3bc-de04-4fe3-bfe4-7564effba492	20	1617300	3876536	1589	0.4682
365fa3bc-de04-4fe3-bfe4-7564effba492	20	3879187	3881561	2	1.9126
365fa3bc-de04-4fe3-bfe4-7564effba492	20	3888105	4842086	795	0.4716
365fa3bc-de04-4fe3-bfe4-7564effba492	20	4843644	14812166	7520	0.4218
365fa3bc-de04-4fe3-bfe4-7564effba492	20	14812188	14812192	2	-1.7784
365fa3bc-de04-4fe3-bfe4-7564effba492	20	14812769	37802005	12186	0.4365
365fa3bc-de04-4fe3-bfe4-7564effba492	20	37804977	63598636	18682	0.462
365fa3bc-de04-4fe3-bfe4-7564effba492	20	63598754	64274083	293	0.2974
365fa3bc-de04-4fe3-bfe4-7564effba492	20	64275161	64324800	12	0.6503
365fa3bc-de04-4fe3-bfe4-7564effba492	21	10354168	13189617	114	0.1659
365fa3bc-de04-4fe3-bfe4-7564effba492	21	13197963	15212881	1033	-0.3846
365fa3bc-de04-4fe3-bfe4-7564effba492	21	15215975	15222721	3	-2.3819
365fa3bc-de04-4fe3-bfe4-7564effba492	21	15222779	16740769	1063	-0.4177
365fa3bc-de04-4fe3-bfe4-7564effba492	21	16741338	16741468	2	-3.2328
365fa3bc-de04-4fe3-bfe4-7564effba492	21	16742039	41730124	18782	-0.4192
365fa3bc-de04-4fe3-bfe4-7564effba492	21	41730314	41730428	2	-3.6431
365fa3bc-de04-4fe3-bfe4-7564effba492	21	41730694	46677045	2716	-0.4164
365fa3bc-de04-4fe3-bfe4-7564effba492	22	15294547	15696762	19	-0.0757
365fa3bc-de04-4fe3-bfe4-7564effba492	22	15729257	15925481	18	0.3697
365fa3bc-de04-4fe3-bfe4-7564effba492	22	16392123	16766183	108	-0.2104
365fa3bc-de04-4fe3-bfe4-7564effba492	22	16767314	18130970	951	-0.426
365fa3bc-de04-4fe3-bfe4-7564effba492	22	18131162	18649244	31	-0.1697
365fa3bc-de04-4fe3-bfe4-7564effba492	22	18760927	20799302	1272	-0.5933
365fa3bc-de04-4fe3-bfe4-7564effba492	22	20799353	48955627	19482	-0.4137
365fa3bc-de04-4fe3-bfe4-7564effba492	22	48955650	50742808	1149	-0.5813
365fa3bc-de04-4fe3-bfe4-7564effba492	22	50745425	50796027	13	0.0724
365fa3bc-de04-4fe3-bfe4-7564effba492	X	251810	90200964	46462	0.0008
365fa3bc-de04-4fe3-bfe4-7564effba492	X	90201021	90240074	9	-1.9111
365fa3bc-de04-4fe3-bfe4-7564effba492	X	90252284	99965530	4996	0.0074
365fa3bc-de04-4fe3-bfe4-7564effba492	X	99966051	99966201	2	-3.6291
365fa3bc-de04-4fe3-bfe4-7564effba492	X	99971340	152802861	30427	-0.0091
365fa3bc-de04-4fe3-bfe4-7564effba492	X	152806758	153043028	209	-0.2065
365fa3bc-de04-4fe3-bfe4-7564effba492	X	153043127	154781749	728	-0.0087
365fa3bc-de04-4fe3-bfe4-7564effba492	X	154783846	154785832	2	-2.7436
365fa3bc-de04-4fe3-bfe4-7564effba492	X	154785846	155952689	391	0.0555
365fa3bc-de04-4fe3-bfe4-7564effba492	Y	2782397	6249869	785	-2.2174
365fa3bc-de04-4fe3-bfe4-7564effba492	Y	6252391	17053374	4233	-2.5199
365fa3bc-de04-4fe3-bfe4-7564effba492	Y	17054981	17067660	8	-5.56
365fa3bc-de04-4fe3-bfe4-7564effba492	Y	17070391	23586854	1422	-2.5569
365fa3bc-de04-4fe3-bfe4-7564effba492	Y	23784615	56872112	192	-2.0705
