GDC_Aliquot	Chromosome	Start	End	Num_Probes	Segment_Mean
02c9e3f9-7b0a-4921-8a02-9b340bfe4b37	1	62920	16504325	8583	-0.2064
02c9e3f9-7b0a-4921-8a02-9b340bfe4b37	1	16505368	16958425	119	-0.6993
02c9e3f9-7b0a-4921-8a02-9b340bfe4b37	1	16959715	25256850	5205	-0.1858
02c9e3f9-7b0a-4921-8a02-9b340bfe4b37	1	25266637	25336819	25	-1.2217
02c9e3f9-7b0a-4921-8a02-9b340bfe4b37	1	25336853	34626073	4907	-0.1851
02c9e3f9-7b0a-4921-8a02-9b340bfe4b37	1	34637053	34638890	20	-1.5903
02c9e3f9-7b0a-4921-8a02-9b340bfe4b37	1	34648667	39687004	2699	-0.1929
02c9e3f9-7b0a-4921-8a02-9b340bfe4b37	1	39687469	39688962	3	-2.1429
02c9e3f9-7b0a-4921-8a02-9b340bfe4b37	1	39689516	47878718	4620	-0.1769
02c9e3f9-7b0a-4921-8a02-9b340bfe4b37	1	47879273	72280850	16174	-0.2373
02c9e3f9-7b0a-4921-8a02-9b340bfe4b37	1	72280864	72302815	16	-0.006
02c9e3f9-7b0a-4921-8a02-9b340bfe4b37	1	72303233	72345450	45	-1.5043
02c9e3f9-7b0a-4921-8a02-9b340bfe4b37	1	72345465	105476583	20722	-0.2409
02c9e3f9-7b0a-4921-8a02-9b340bfe4b37	1	105476614	105479753	16	0.7261
02c9e3f9-7b0a-4921-8a02-9b340bfe4b37	1	105481433	143459641	9681	-0.2125
02c9e3f9-7b0a-4921-8a02-9b340bfe4b37	1	143494500	143890323	121	-0.5569
02c9e3f9-7b0a-4921-8a02-9b340bfe4b37	1	143893019	152583230	2290	-0.2163
02c9e3f9-7b0a-4921-8a02-9b340bfe4b37	1	152583291	152613762	30	-1.6738
02c9e3f9-7b0a-4921-8a02-9b340bfe4b37	1	152613802	152787202	167	-0.2452
02c9e3f9-7b0a-4921-8a02-9b340bfe4b37	1	152789447	152796224	37	-1.6505
02c9e3f9-7b0a-4921-8a02-9b340bfe4b37	1	152801429	161957073	5405	-0.1774
02c9e3f9-7b0a-4921-8a02-9b340bfe4b37	1	161959375	247461301	58337	-0.2343
02c9e3f9-7b0a-4921-8a02-9b340bfe4b37	1	247461411	248930189	817	-0.1968
02c9e3f9-7b0a-4921-8a02-9b340bfe4b37	2	12784	1771993	1139	-0.2367
02c9e3f9-7b0a-4921-8a02-9b340bfe4b37	2	1772021	1773284	2	-4.9287
02c9e3f9-7b0a-4921-8a02-9b340bfe4b37	2	1773378	4170084	1833	-0.2273
02c9e3f9-7b0a-4921-8a02-9b340bfe4b37	2	4170418	4172353	16	0.464
02c9e3f9-7b0a-4921-8a02-9b340bfe4b37	2	4174231	7151561	2583	-0.256
02c9e3f9-7b0a-4921-8a02-9b340bfe4b37	2	7151707	14356143	5175	-0.1925
02c9e3f9-7b0a-4921-8a02-9b340bfe4b37	2	14356322	17805901	2492	-0.2427
02c9e3f9-7b0a-4921-8a02-9b340bfe4b37	2	17807374	17808199	3	-3.5975
02c9e3f9-7b0a-4921-8a02-9b340bfe4b37	2	17808233	23662518	4137	-0.2369
02c9e3f9-7b0a-4921-8a02-9b340bfe4b37	2	23664528	28716435	2508	-0.1652
02c9e3f9-7b0a-4921-8a02-9b340bfe4b37	2	28716760	34466002	3913	-0.2219
02c9e3f9-7b0a-4921-8a02-9b340bfe4b37	2	34474248	34476668	6	-1.6137
02c9e3f9-7b0a-4921-8a02-9b340bfe4b37	2	34483565	34492841	23	-0.6694
02c9e3f9-7b0a-4921-8a02-9b340bfe4b37	2	34492907	34512096	18	-1.3615
02c9e3f9-7b0a-4921-8a02-9b340bfe4b37	2	34512489	47262040	9369	-0.2026
02c9e3f9-7b0a-4921-8a02-9b340bfe4b37	2	47262186	47263603	3	-2.1539
02c9e3f9-7b0a-4921-8a02-9b340bfe4b37	2	47269741	52527330	3450	-0.2195
02c9e3f9-7b0a-4921-8a02-9b340bfe4b37	2	52527342	52554404	39	-2.6073
02c9e3f9-7b0a-4921-8a02-9b340bfe4b37	2	52560811	127085066	41358	-0.2159
02c9e3f9-7b0a-4921-8a02-9b340bfe4b37	2	127085617	127100370	8	-1.6392
02c9e3f9-7b0a-4921-8a02-9b340bfe4b37	2	127101070	128880904	1012	-0.1881
02c9e3f9-7b0a-4921-8a02-9b340bfe4b37	2	128880928	128882741	14	-1.6552
02c9e3f9-7b0a-4921-8a02-9b340bfe4b37	2	128882755	146106861	10318	-0.2226
02c9e3f9-7b0a-4921-8a02-9b340bfe4b37	2	146106875	146120827	24	0.5964
02c9e3f9-7b0a-4921-8a02-9b340bfe4b37	2	146120842	242147305	58412	-0.2217
02c9e3f9-7b0a-4921-8a02-9b340bfe4b37	3	20930	37940617	27269	-0.2302
02c9e3f9-7b0a-4921-8a02-9b340bfe4b37	3	37940970	37945437	16	-2.0029
02c9e3f9-7b0a-4921-8a02-9b340bfe4b37	3	37945615	42537087	3025	-0.2297
02c9e3f9-7b0a-4921-8a02-9b340bfe4b37	3	42537276	53020501	5020	-0.176
02c9e3f9-7b0a-4921-8a02-9b340bfe4b37	3	53020581	75519398	16761	-0.2483
02c9e3f9-7b0a-4921-8a02-9b340bfe4b37	3	75523398	75537654	6	-1.6774
02c9e3f9-7b0a-4921-8a02-9b340bfe4b37	3	75546030	76502554	425	-0.2407
02c9e3f9-7b0a-4921-8a02-9b340bfe4b37	3	76503274	76506713	2	-2.4389
02c9e3f9-7b0a-4921-8a02-9b340bfe4b37	3	76507801	119808929	23093	-0.2541
02c9e3f9-7b0a-4921-8a02-9b340bfe4b37	3	119810758	119810842	2	-2.6828
02c9e3f9-7b0a-4921-8a02-9b340bfe4b37	3	119810869	128710537	5282	-0.2273
02c9e3f9-7b0a-4921-8a02-9b340bfe4b37	3	128711771	128712082	3	-2.302
02c9e3f9-7b0a-4921-8a02-9b340bfe4b37	3	128714553	150610845	13257	-0.234
02c9e3f9-7b0a-4921-8a02-9b340bfe4b37	3	150613774	150614224	4	-1.7618
02c9e3f9-7b0a-4921-8a02-9b340bfe4b37	3	150616975	162856980	7460	-0.2402
02c9e3f9-7b0a-4921-8a02-9b340bfe4b37	3	162857260	162914321	46	0.3124
02c9e3f9-7b0a-4921-8a02-9b340bfe4b37	3	162914466	193156958	18947	-0.2383
02c9e3f9-7b0a-4921-8a02-9b340bfe4b37	3	193160113	193165114	20	-1.0949
02c9e3f9-7b0a-4921-8a02-9b340bfe4b37	3	193168646	198169247	2674	-0.2127
02c9e3f9-7b0a-4921-8a02-9b340bfe4b37	4	68929	10208766	5659	0.4558
02c9e3f9-7b0a-4921-8a02-9b340bfe4b37	4	10221792	10232642	30	-2.0381
02c9e3f9-7b0a-4921-8a02-9b340bfe4b37	4	10232984	10397651	183	0.3953
02c9e3f9-7b0a-4921-8a02-9b340bfe4b37	4	10397663	10397731	4	1.5805
02c9e3f9-7b0a-4921-8a02-9b340bfe4b37	4	10398532	27064602	11844	0.4143
02c9e3f9-7b0a-4921-8a02-9b340bfe4b37	4	27064906	37262958	6475	0.3846
02c9e3f9-7b0a-4921-8a02-9b340bfe4b37	4	37263005	49159741	7253	0.4284
02c9e3f9-7b0a-4921-8a02-9b340bfe4b37	4	49203901	49654578	22	-0.5339
02c9e3f9-7b0a-4921-8a02-9b340bfe4b37	4	49656206	69523998	10912	0.3965
02c9e3f9-7b0a-4921-8a02-9b340bfe4b37	4	69524143	69525061	2	-2.0055
02c9e3f9-7b0a-4921-8a02-9b340bfe4b37	4	69526170	115244948	27604	0.3994
02c9e3f9-7b0a-4921-8a02-9b340bfe4b37	4	115251455	115254969	22	-0.3662
02c9e3f9-7b0a-4921-8a02-9b340bfe4b37	4	115259026	156035480	24030	0.3957
02c9e3f9-7b0a-4921-8a02-9b340bfe4b37	4	156046823	156053545	17	-0.5528
02c9e3f9-7b0a-4921-8a02-9b340bfe4b37	4	156060895	171448195	9645	0.3894
02c9e3f9-7b0a-4921-8a02-9b340bfe4b37	4	171453733	171456106	5	1.6809
02c9e3f9-7b0a-4921-8a02-9b340bfe4b37	4	171456122	172068222	402	0.426
02c9e3f9-7b0a-4921-8a02-9b340bfe4b37	4	172068257	172074828	8	1.4986
02c9e3f9-7b0a-4921-8a02-9b340bfe4b37	4	172075742	190106768	11956	0.406
02c9e3f9-7b0a-4921-8a02-9b340bfe4b37	5	15532	4903270	3613	0.4142
02c9e3f9-7b0a-4921-8a02-9b340bfe4b37	5	4903501	4906711	3	-1.5794
02c9e3f9-7b0a-4921-8a02-9b340bfe4b37	5	4906971	11161513	5410	0.42
02c9e3f9-7b0a-4921-8a02-9b340bfe4b37	5	11162524	11162659	3	-2.6318
02c9e3f9-7b0a-4921-8a02-9b340bfe4b37	5	11167165	21376735	6498	0.4167
02c9e3f9-7b0a-4921-8a02-9b340bfe4b37	5	21377730	21377744	2	2.5032
02c9e3f9-7b0a-4921-8a02-9b340bfe4b37	5	21385957	58030453	19930	0.4107
02c9e3f9-7b0a-4921-8a02-9b340bfe4b37	5	58033288	58037128	26	-0.3824
02c9e3f9-7b0a-4921-8a02-9b340bfe4b37	5	58037466	62277545	2813	0.4209
02c9e3f9-7b0a-4921-8a02-9b340bfe4b37	5	62279164	62280446	3	-1.0743
02c9e3f9-7b0a-4921-8a02-9b340bfe4b37	5	62286365	97709417	19882	0.4195
02c9e3f9-7b0a-4921-8a02-9b340bfe4b37	5	97712762	97763616	43	-0.5943
02c9e3f9-7b0a-4921-8a02-9b340bfe4b37	5	97763980	140839137	26822	0.4217
02c9e3f9-7b0a-4921-8a02-9b340bfe4b37	5	140844251	140861442	11	-0.3852
02c9e3f9-7b0a-4921-8a02-9b340bfe4b37	5	140862894	159452182	12442	0.4296
02c9e3f9-7b0a-4921-8a02-9b340bfe4b37	5	159453332	168146380	5797	0.3942
02c9e3f9-7b0a-4921-8a02-9b340bfe4b37	5	168147030	180951888	8372	0.4381
02c9e3f9-7b0a-4921-8a02-9b340bfe4b37	5	180953203	180987465	12	1.1715
02c9e3f9-7b0a-4921-8a02-9b340bfe4b37	5	180990207	181363319	173	0.3184
02c9e3f9-7b0a-4921-8a02-9b340bfe4b37	6	149661	252772	97	-0.209
02c9e3f9-7b0a-4921-8a02-9b340bfe4b37	6	253272	254283	4	0.1259
02c9e3f9-7b0a-4921-8a02-9b340bfe4b37	6	257353	294837	23	0.6523
02c9e3f9-7b0a-4921-8a02-9b340bfe4b37	6	302306	380821	77	0.0823
02c9e3f9-7b0a-4921-8a02-9b340bfe4b37	6	381149	21823747	16309	-0.2408
02c9e3f9-7b0a-4921-8a02-9b340bfe4b37	6	21828441	21831503	6	-1.9287
02c9e3f9-7b0a-4921-8a02-9b340bfe4b37	6	21835341	29869295	4902	-0.2395
02c9e3f9-7b0a-4921-8a02-9b340bfe4b37	6	29869410	29882603	20	-1.1789
02c9e3f9-7b0a-4921-8a02-9b340bfe4b37	6	29903859	30096785	108	-0.2218
02c9e3f9-7b0a-4921-8a02-9b340bfe4b37	6	30097080	30097542	2	-3.0375
02c9e3f9-7b0a-4921-8a02-9b340bfe4b37	6	30097639	31313046	534	-0.1921
02c9e3f9-7b0a-4921-8a02-9b340bfe4b37	6	31318499	31328176	7	-1.8266
02c9e3f9-7b0a-4921-8a02-9b340bfe4b37	6	31328210	32641650	551	-0.3162
02c9e3f9-7b0a-4921-8a02-9b340bfe4b37	6	32656527	32658841	6	-1.8864
02c9e3f9-7b0a-4921-8a02-9b340bfe4b37	6	32682835	32735331	52	-0.2318
02c9e3f9-7b0a-4921-8a02-9b340bfe4b37	6	32735385	37794778	2971	-0.1804
02c9e3f9-7b0a-4921-8a02-9b340bfe4b37	6	37795030	40759773	2219	-0.2455
02c9e3f9-7b0a-4921-8a02-9b340bfe4b37	6	40760383	44558252	2180	-0.1884
02c9e3f9-7b0a-4921-8a02-9b340bfe4b37	6	44558703	54066286	6141	-0.2649
02c9e3f9-7b0a-4921-8a02-9b340bfe4b37	6	54066353	54067057	7	-1.4316
02c9e3f9-7b0a-4921-8a02-9b340bfe4b37	6	54070550	73882085	10280	-0.2547
02c9e3f9-7b0a-4921-8a02-9b340bfe4b37	6	73882142	73893839	12	0.6682
02c9e3f9-7b0a-4921-8a02-9b340bfe4b37	6	73893889	76726815	1754	-0.2526
02c9e3f9-7b0a-4921-8a02-9b340bfe4b37	6	76730151	76742665	15	-3.3001
02c9e3f9-7b0a-4921-8a02-9b340bfe4b37	6	76742675	76743040	6	-1.1636
02c9e3f9-7b0a-4921-8a02-9b340bfe4b37	6	76751356	78253172	969	-0.2413
02c9e3f9-7b0a-4921-8a02-9b340bfe4b37	6	78259348	78262904	12	0.3182
02c9e3f9-7b0a-4921-8a02-9b340bfe4b37	6	78263007	78263079	3	-0.9595
02c9e3f9-7b0a-4921-8a02-9b340bfe4b37	6	78269395	78329517	96	0.3186
02c9e3f9-7b0a-4921-8a02-9b340bfe4b37	6	78331916	103286954	15308	-0.2572
02c9e3f9-7b0a-4921-8a02-9b340bfe4b37	6	103290101	103312129	42	0.2826
02c9e3f9-7b0a-4921-8a02-9b340bfe4b37	6	103312172	170741917	43669	-0.2518
02c9e3f9-7b0a-4921-8a02-9b340bfe4b37	7	43355	29338174	20996	0.4285
02c9e3f9-7b0a-4921-8a02-9b340bfe4b37	7	29341255	29346727	2	-1.8253
02c9e3f9-7b0a-4921-8a02-9b340bfe4b37	7	29346927	38271765	6164	0.4276
02c9e3f9-7b0a-4921-8a02-9b340bfe4b37	7	38277969	38293400	51	0.7884
02c9e3f9-7b0a-4921-8a02-9b340bfe4b37	7	38293417	50948225	8483	0.4243
02c9e3f9-7b0a-4921-8a02-9b340bfe4b37	7	50949771	51267434	233	0.3863
02c9e3f9-7b0a-4921-8a02-9b340bfe4b37	7	51271830	51293835	15	-0.2135
02c9e3f9-7b0a-4921-8a02-9b340bfe4b37	7	51298081	51523887	131	0.4031
02c9e3f9-7b0a-4921-8a02-9b340bfe4b37	7	51527893	51531012	2	-1.7324
02c9e3f9-7b0a-4921-8a02-9b340bfe4b37	7	51537348	56740418	3676	0.4056
02c9e3f9-7b0a-4921-8a02-9b340bfe4b37	7	56740680	57111465	48	0.0372
02c9e3f9-7b0a-4921-8a02-9b340bfe4b37	7	57117180	88215824	13941	0.3966
02c9e3f9-7b0a-4921-8a02-9b340bfe4b37	7	88215904	88597851	228	0.4241
02c9e3f9-7b0a-4921-8a02-9b340bfe4b37	7	88598103	89725622	741	0.5355
02c9e3f9-7b0a-4921-8a02-9b340bfe4b37	7	89732426	101409205	6668	0.4087
02c9e3f9-7b0a-4921-8a02-9b340bfe4b37	7	101416451	101416668	2	-2.5482
02c9e3f9-7b0a-4921-8a02-9b340bfe4b37	7	101419630	105517609	2217	0.4056
02c9e3f9-7b0a-4921-8a02-9b340bfe4b37	7	105519977	105526073	3	-1.9899
02c9e3f9-7b0a-4921-8a02-9b340bfe4b37	7	105526329	109793741	2790	0.4278
02c9e3f9-7b0a-4921-8a02-9b340bfe4b37	7	109797035	109813801	34	-0.0775
02c9e3f9-7b0a-4921-8a02-9b340bfe4b37	7	109813853	126404920	9951	0.3991
02c9e3f9-7b0a-4921-8a02-9b340bfe4b37	7	126405428	126406561	12	-1.0717
02c9e3f9-7b0a-4921-8a02-9b340bfe4b37	7	126406822	134100442	4666	0.4288
02c9e3f9-7b0a-4921-8a02-9b340bfe4b37	7	134100458	134100587	3	-1.7895
02c9e3f9-7b0a-4921-8a02-9b340bfe4b37	7	134100624	141302752	4694	0.4231
02c9e3f9-7b0a-4921-8a02-9b340bfe4b37	7	141303245	141304226	2	-3.2711
02c9e3f9-7b0a-4921-8a02-9b340bfe4b37	7	141304666	142063324	481	0.433
02c9e3f9-7b0a-4921-8a02-9b340bfe4b37	7	142069843	142092307	34	-0.2379
02c9e3f9-7b0a-4921-8a02-9b340bfe4b37	7	142099190	159334314	10785	0.4288
02c9e3f9-7b0a-4921-8a02-9b340bfe4b37	8	81254	7112304	7629	0.4327
02c9e3f9-7b0a-4921-8a02-9b340bfe4b37	8	7116528	7380497	45	0.0328
02c9e3f9-7b0a-4921-8a02-9b340bfe4b37	8	7396819	7888457	23	0.6432
02c9e3f9-7b0a-4921-8a02-9b340bfe4b37	8	7888846	7890177	3	-1.6
02c9e3f9-7b0a-4921-8a02-9b340bfe4b37	8	7919608	23544762	12435	0.4177
02c9e3f9-7b0a-4921-8a02-9b340bfe4b37	8	23544795	23550392	7	-0.6893
02c9e3f9-7b0a-4921-8a02-9b340bfe4b37	8	23552812	25117007	1125	0.417
02c9e3f9-7b0a-4921-8a02-9b340bfe4b37	8	25117062	25133759	28	0.8923
02c9e3f9-7b0a-4921-8a02-9b340bfe4b37	8	25133774	27272369	1639	0.4094
02c9e3f9-7b0a-4921-8a02-9b340bfe4b37	8	27275286	29744565	1683	0.4647
02c9e3f9-7b0a-4921-8a02-9b340bfe4b37	8	29747859	39373140	5606	0.3992
02c9e3f9-7b0a-4921-8a02-9b340bfe4b37	8	39378084	39529446	59	1.5172
02c9e3f9-7b0a-4921-8a02-9b340bfe4b37	8	39530780	40914477	1068	0.4022
02c9e3f9-7b0a-4921-8a02-9b340bfe4b37	8	40920333	40920952	2	-1.5277
02c9e3f9-7b0a-4921-8a02-9b340bfe4b37	8	40926161	114622258	42397	0.4039
02c9e3f9-7b0a-4921-8a02-9b340bfe4b37	8	114622325	114629502	34	-0.4383
02c9e3f9-7b0a-4921-8a02-9b340bfe4b37	8	114638468	122561831	5327	0.3979
02c9e3f9-7b0a-4921-8a02-9b340bfe4b37	8	122562003	122562578	3	-1.3253
02c9e3f9-7b0a-4921-8a02-9b340bfe4b37	8	122563002	136926315	10643	0.4285
02c9e3f9-7b0a-4921-8a02-9b340bfe4b37	8	136935553	139288957	1968	0.3755
02c9e3f9-7b0a-4921-8a02-9b340bfe4b37	8	139289254	144211103	2610	0.4248
02c9e3f9-7b0a-4921-8a02-9b340bfe4b37	8	144214680	144539160	93	0.185
02c9e3f9-7b0a-4921-8a02-9b340bfe4b37	8	144539176	145072769	243	0.3878
02c9e3f9-7b0a-4921-8a02-9b340bfe4b37	9	46587	632559	546	-0.243
02c9e3f9-7b0a-4921-8a02-9b340bfe4b37	9	632584	634094	3	-2.6717
02c9e3f9-7b0a-4921-8a02-9b340bfe4b37	9	634349	42073850	30340	-0.2316
02c9e3f9-7b0a-4921-8a02-9b340bfe4b37	9	42080170	42308537	28	-1.2022
02c9e3f9-7b0a-4921-8a02-9b340bfe4b37	9	42501791	42574420	5	-0.5271
02c9e3f9-7b0a-4921-8a02-9b340bfe4b37	9	42585140	42719891	11	0.8768
02c9e3f9-7b0a-4921-8a02-9b340bfe4b37	9	42720266	61405110	44	-0.2006
02c9e3f9-7b0a-4921-8a02-9b340bfe4b37	9	61520021	61574022	20	-1.7408
02c9e3f9-7b0a-4921-8a02-9b340bfe4b37	9	61580999	122006464	38567	-0.2415
02c9e3f9-7b0a-4921-8a02-9b340bfe4b37	9	122008844	137813437	8767	-0.1827
02c9e3f9-7b0a-4921-8a02-9b340bfe4b37	9	137814316	138200944	224	-0.2633
02c9e3f9-7b0a-4921-8a02-9b340bfe4b37	10	45792	30957581	23909	-0.236
02c9e3f9-7b0a-4921-8a02-9b340bfe4b37	10	30962405	30962893	12	-1.5164
02c9e3f9-7b0a-4921-8a02-9b340bfe4b37	10	30962956	46606240	7408	-0.2405
02c9e3f9-7b0a-4921-8a02-9b340bfe4b37	10	46617422	46632302	4	-3.3124
02c9e3f9-7b0a-4921-8a02-9b340bfe4b37	10	46657149	133654968	58253	-0.2427
02c9e3f9-7b0a-4921-8a02-9b340bfe4b37	11	198510	5500921	2945	-0.2251
02c9e3f9-7b0a-4921-8a02-9b340bfe4b37	11	5500945	5502363	6	-1.3866
02c9e3f9-7b0a-4921-8a02-9b340bfe4b37	11	5503234	5757293	227	-0.2173
02c9e3f9-7b0a-4921-8a02-9b340bfe4b37	11	5761695	5787818	40	0.2299
02c9e3f9-7b0a-4921-8a02-9b340bfe4b37	11	5787909	20262238	10526	-0.2376
02c9e3f9-7b0a-4921-8a02-9b340bfe4b37	11	20262712	20262874	2	-2.7678
02c9e3f9-7b0a-4921-8a02-9b340bfe4b37	11	20264053	38214376	12748	-0.2514
02c9e3f9-7b0a-4921-8a02-9b340bfe4b37	11	38216934	38219210	3	-2.2097
02c9e3f9-7b0a-4921-8a02-9b340bfe4b37	11	38220585	43946802	3810	-0.2689
02c9e3f9-7b0a-4921-8a02-9b340bfe4b37	11	43947681	43948609	2	-2.2142
02c9e3f9-7b0a-4921-8a02-9b340bfe4b37	11	43950438	45115517	942	-0.246
02c9e3f9-7b0a-4921-8a02-9b340bfe4b37	11	45120136	55608804	2818	-0.2065
02c9e3f9-7b0a-4921-8a02-9b340bfe4b37	11	55609022	55685058	49	0.3601
02c9e3f9-7b0a-4921-8a02-9b340bfe4b37	11	55685501	56235623	390	-0.1735
02c9e3f9-7b0a-4921-8a02-9b340bfe4b37	11	56238561	60072314	2249	-0.2508
02c9e3f9-7b0a-4921-8a02-9b340bfe4b37	11	60074525	64817543	2428	-0.1747
02c9e3f9-7b0a-4921-8a02-9b340bfe4b37	11	64825254	65906682	404	-0.3786
02c9e3f9-7b0a-4921-8a02-9b340bfe4b37	11	65906792	78400168	6199	-0.1971
02c9e3f9-7b0a-4921-8a02-9b340bfe4b37	11	78400178	116607715	26522	-0.2527
02c9e3f9-7b0a-4921-8a02-9b340bfe4b37	11	116607755	119440212	1825	-0.185
02c9e3f9-7b0a-4921-8a02-9b340bfe4b37	11	119442664	135074876	11645	-0.2508
02c9e3f9-7b0a-4921-8a02-9b340bfe4b37	12	51460	8204911	5503	0.4337
02c9e3f9-7b0a-4921-8a02-9b340bfe4b37	12	8209454	8442298	79	0.1512
02c9e3f9-7b0a-4921-8a02-9b340bfe4b37	12	8442935	9481274	552	0.4341
02c9e3f9-7b0a-4921-8a02-9b340bfe4b37	12	9485313	9575696	23	1.7857
02c9e3f9-7b0a-4921-8a02-9b340bfe4b37	12	9582373	10427861	623	0.4504
02c9e3f9-7b0a-4921-8a02-9b340bfe4b37	12	10430768	10443207	5	-1.7347
02c9e3f9-7b0a-4921-8a02-9b340bfe4b37	12	10446203	70478895	36427	0.417
02c9e3f9-7b0a-4921-8a02-9b340bfe4b37	12	70482534	70484247	8	-2.4511
02c9e3f9-7b0a-4921-8a02-9b340bfe4b37	12	70485605	76867554	3917	0.4117
02c9e3f9-7b0a-4921-8a02-9b340bfe4b37	12	76869704	88950680	7352	0.3828
02c9e3f9-7b0a-4921-8a02-9b340bfe4b37	12	88951454	96844128	5262	0.4334
02c9e3f9-7b0a-4921-8a02-9b340bfe4b37	12	96844839	103650463	4448	0.3927
02c9e3f9-7b0a-4921-8a02-9b340bfe4b37	12	103651134	121607669	12030	0.4292
02c9e3f9-7b0a-4921-8a02-9b340bfe4b37	12	121616833	121731510	42	-0.6708
02c9e3f9-7b0a-4921-8a02-9b340bfe4b37	12	121736965	129023745	5052	0.4321
02c9e3f9-7b0a-4921-8a02-9b340bfe4b37	12	129024117	129025759	4	-0.9572
02c9e3f9-7b0a-4921-8a02-9b340bfe4b37	12	129026645	133201603	2798	0.419
02c9e3f9-7b0a-4921-8a02-9b340bfe4b37	13	18452809	22974407	2750	-0.2435
02c9e3f9-7b0a-4921-8a02-9b340bfe4b37	13	22974987	22977530	2	-2.7016
02c9e3f9-7b0a-4921-8a02-9b340bfe4b37	13	22978361	23058737	78	-0.3334
02c9e3f9-7b0a-4921-8a02-9b340bfe4b37	13	23058767	23059376	9	-2.2473
02c9e3f9-7b0a-4921-8a02-9b340bfe4b37	13	23064056	31957984	6598	-0.2377
02c9e3f9-7b0a-4921-8a02-9b340bfe4b37	13	31958485	31964286	18	-2.0052
02c9e3f9-7b0a-4921-8a02-9b340bfe4b37	13	31965910	39856992	5582	-0.2732
02c9e3f9-7b0a-4921-8a02-9b340bfe4b37	13	39857703	51862822	7782	-0.2133
02c9e3f9-7b0a-4921-8a02-9b340bfe4b37	13	51862904	57176962	2852	-0.2625
02c9e3f9-7b0a-4921-8a02-9b340bfe4b37	13	57184136	57204246	34	-1.5366
02c9e3f9-7b0a-4921-8a02-9b340bfe4b37	13	57215580	113046155	37062	-0.2603
02c9e3f9-7b0a-4921-8a02-9b340bfe4b37	13	113049090	113053299	3	-2.6708
02c9e3f9-7b0a-4921-8a02-9b340bfe4b37	13	113053344	114072282	422	-0.2294
02c9e3f9-7b0a-4921-8a02-9b340bfe4b37	13	114072313	114073967	2	-1.9574
02c9e3f9-7b0a-4921-8a02-9b340bfe4b37	13	114074009	114342922	119	-0.2099
02c9e3f9-7b0a-4921-8a02-9b340bfe4b37	14	18239283	21924450	1492	-0.2357
02c9e3f9-7b0a-4921-8a02-9b340bfe4b37	14	21924463	22490949	471	-0.0312
02c9e3f9-7b0a-4921-8a02-9b340bfe4b37	14	22490986	71967945	30695	-0.2292
02c9e3f9-7b0a-4921-8a02-9b340bfe4b37	14	71970560	71971181	2	-2.4874
02c9e3f9-7b0a-4921-8a02-9b340bfe4b37	14	71971658	73534419	1149	-0.2388
02c9e3f9-7b0a-4921-8a02-9b340bfe4b37	14	73540003	73563196	9	0.8784
02c9e3f9-7b0a-4921-8a02-9b340bfe4b37	14	73563211	77912813	2704	-0.1882
02c9e3f9-7b0a-4921-8a02-9b340bfe4b37	14	77914966	88356527	7039	-0.2619
02c9e3f9-7b0a-4921-8a02-9b340bfe4b37	14	88356632	106416146	10935	-0.2104
02c9e3f9-7b0a-4921-8a02-9b340bfe4b37	14	106418444	106462169	48	-1.3917
02c9e3f9-7b0a-4921-8a02-9b340bfe4b37	14	106462183	106877229	195	-0.1888
02c9e3f9-7b0a-4921-8a02-9b340bfe4b37	15	19811075	20001686	45	-0.2866
02c9e3f9-7b0a-4921-8a02-9b340bfe4b37	15	20011702	20056983	5	-1.9411
02c9e3f9-7b0a-4921-8a02-9b340bfe4b37	15	20059033	20373168	38	-0.7919
02c9e3f9-7b0a-4921-8a02-9b340bfe4b37	15	20376198	20381704	17	0.0658
02c9e3f9-7b0a-4921-8a02-9b340bfe4b37	15	20384774	22413894	104	-0.673
02c9e3f9-7b0a-4921-8a02-9b340bfe4b37	15	22455811	33994096	6912	-0.2454
02c9e3f9-7b0a-4921-8a02-9b340bfe4b37	15	33998130	33998885	2	-3.0395
02c9e3f9-7b0a-4921-8a02-9b340bfe4b37	15	33999323	101928837	43817	-0.2199
02c9e3f9-7b0a-4921-8a02-9b340bfe4b37	16	10777	602783	277	0.3125
02c9e3f9-7b0a-4921-8a02-9b340bfe4b37	16	602941	4932127	1802	0.4881
02c9e3f9-7b0a-4921-8a02-9b340bfe4b37	16	4932787	5557889	533	0.3864
02c9e3f9-7b0a-4921-8a02-9b340bfe4b37	16	5558088	5558150	2	-1.7056
02c9e3f9-7b0a-4921-8a02-9b340bfe4b37	16	5558336	7417488	2274	0.3988
02c9e3f9-7b0a-4921-8a02-9b340bfe4b37	16	7417617	29319344	14039	0.4283
02c9e3f9-7b0a-4921-8a02-9b340bfe4b37	16	29324414	30074341	185	0.2496
02c9e3f9-7b0a-4921-8a02-9b340bfe4b37	16	30078204	59153764	9671	0.429
02c9e3f9-7b0a-4921-8a02-9b340bfe4b37	16	59156796	65888716	4542	0.3896
02c9e3f9-7b0a-4921-8a02-9b340bfe4b37	16	65888760	66128551	259	0.4634
02c9e3f9-7b0a-4921-8a02-9b340bfe4b37	16	66128661	66129164	2	-0.891
02c9e3f9-7b0a-4921-8a02-9b340bfe4b37	16	66133829	69140790	1415	0.485
02c9e3f9-7b0a-4921-8a02-9b340bfe4b37	16	69145130	78337711	5925	0.4178
02c9e3f9-7b0a-4921-8a02-9b340bfe4b37	16	78338543	78345778	13	1.9107
02c9e3f9-7b0a-4921-8a02-9b340bfe4b37	16	78347366	90096867	10523	0.4349
02c9e3f9-7b0a-4921-8a02-9b340bfe4b37	17	150733	9068870	4944	-0.1882
02c9e3f9-7b0a-4921-8a02-9b340bfe4b37	17	9069135	15900153	5012	-0.247
02c9e3f9-7b0a-4921-8a02-9b340bfe4b37	17	15901654	18455632	1299	-0.1745
02c9e3f9-7b0a-4921-8a02-9b340bfe4b37	17	18455635	18550123	23	-1.6524
02c9e3f9-7b0a-4921-8a02-9b340bfe4b37	17	18561272	41265456	9311	-0.1992
02c9e3f9-7b0a-4921-8a02-9b340bfe4b37	17	41266762	41274279	24	-0.8913
02c9e3f9-7b0a-4921-8a02-9b340bfe4b37	17	41276472	45571138	2136	-0.1688
02c9e3f9-7b0a-4921-8a02-9b340bfe4b37	17	45571174	46039584	307	-0.332
02c9e3f9-7b0a-4921-8a02-9b340bfe4b37	17	46039717	46100092	46	-0.144
02c9e3f9-7b0a-4921-8a02-9b340bfe4b37	17	46103588	46284997	112	-0.6145
02c9e3f9-7b0a-4921-8a02-9b340bfe4b37	17	46286804	49463859	1456	-0.1777
02c9e3f9-7b0a-4921-8a02-9b340bfe4b37	17	49466791	49467036	2	-2.0708
02c9e3f9-7b0a-4921-8a02-9b340bfe4b37	17	49467169	51293134	890	-0.1759
02c9e3f9-7b0a-4921-8a02-9b340bfe4b37	17	51294655	56890167	4057	-0.2447
02c9e3f9-7b0a-4921-8a02-9b340bfe4b37	17	56893880	67835374	5949	-0.1957
02c9e3f9-7b0a-4921-8a02-9b340bfe4b37	17	67836274	68662967	403	-0.2598
02c9e3f9-7b0a-4921-8a02-9b340bfe4b37	17	68663033	68663094	2	-2.5632
02c9e3f9-7b0a-4921-8a02-9b340bfe4b37	17	68663115	72660935	2989	-0.2476
02c9e3f9-7b0a-4921-8a02-9b340bfe4b37	17	72663749	72664763	2	-2.5263
02c9e3f9-7b0a-4921-8a02-9b340bfe4b37	17	72665934	74695492	1448	-0.2765
02c9e3f9-7b0a-4921-8a02-9b340bfe4b37	17	74695789	77487446	1394	-0.1658
02c9e3f9-7b0a-4921-8a02-9b340bfe4b37	17	77491120	77492851	2	-2.2901
02c9e3f9-7b0a-4921-8a02-9b340bfe4b37	17	77493345	83091923	2751	-0.1889
02c9e3f9-7b0a-4921-8a02-9b340bfe4b37	18	48133	80257174	50167	-0.2396
02c9e3f9-7b0a-4921-8a02-9b340bfe4b37	19	90910	9163124	3354	-0.1729
02c9e3f9-7b0a-4921-8a02-9b340bfe4b37	19	9163996	9167445	4	-1.9462
02c9e3f9-7b0a-4921-8a02-9b340bfe4b37	19	9174084	14928127	2682	-0.1489
02c9e3f9-7b0a-4921-8a02-9b340bfe4b37	19	14934380	14938487	3	-2.3066
02c9e3f9-7b0a-4921-8a02-9b340bfe4b37	19	14940475	19696452	2364	-0.1466
02c9e3f9-7b0a-4921-8a02-9b340bfe4b37	19	19698338	34177551	7386	-0.2256
02c9e3f9-7b0a-4921-8a02-9b340bfe4b37	19	34178780	58586487	13072	-0.1786
02c9e3f9-7b0a-4921-8a02-9b340bfe4b37	20	80664	1567370	1166	0.4357
02c9e3f9-7b0a-4921-8a02-9b340bfe4b37	20	1569688	1601561	62	-0.2587
02c9e3f9-7b0a-4921-8a02-9b340bfe4b37	20	1609611	1613247	5	2.3756
02c9e3f9-7b0a-4921-8a02-9b340bfe4b37	20	1617300	3822799	1550	0.4757
02c9e3f9-7b0a-4921-8a02-9b340bfe4b37	20	3823017	4123473	192	0.2932
02c9e3f9-7b0a-4921-8a02-9b340bfe4b37	20	4123863	25881914	16715	0.4194
02c9e3f9-7b0a-4921-8a02-9b340bfe4b37	20	25883232	31771769	448	0.3451
02c9e3f9-7b0a-4921-8a02-9b340bfe4b37	20	31772959	62582087	21200	0.4509
02c9e3f9-7b0a-4921-8a02-9b340bfe4b37	20	62582181	62584855	2	2.6159
02c9e3f9-7b0a-4921-8a02-9b340bfe4b37	20	62585938	64324800	708	0.4199
02c9e3f9-7b0a-4921-8a02-9b340bfe4b37	21	10354168	10459828	18	-0.2052
02c9e3f9-7b0a-4921-8a02-9b340bfe4b37	21	10494350	10579237	40	0.3176
02c9e3f9-7b0a-4921-8a02-9b340bfe4b37	21	10582026	13080541	40	-0.0999
02c9e3f9-7b0a-4921-8a02-9b340bfe4b37	21	13081432	31822270	13175	0.4009
02c9e3f9-7b0a-4921-8a02-9b340bfe4b37	21	31822621	38652985	4972	0.4526
02c9e3f9-7b0a-4921-8a02-9b340bfe4b37	21	38653052	41248593	2234	0.3964
02c9e3f9-7b0a-4921-8a02-9b340bfe4b37	21	41248787	46278633	2925	0.4667
02c9e3f9-7b0a-4921-8a02-9b340bfe4b37	21	46279942	46677045	262	0.3608
02c9e3f9-7b0a-4921-8a02-9b340bfe4b37	22	15294547	20596277	2151	-0.255
02c9e3f9-7b0a-4921-8a02-9b340bfe4b37	22	20598622	20601876	3	-2.2763
02c9e3f9-7b0a-4921-8a02-9b340bfe4b37	22	20604014	22119549	943	-0.2923
02c9e3f9-7b0a-4921-8a02-9b340bfe4b37	22	22119654	22120255	5	-2.7881
02c9e3f9-7b0a-4921-8a02-9b340bfe4b37	22	22127104	23981995	1259	-0.2559
02c9e3f9-7b0a-4921-8a02-9b340bfe4b37	22	23988078	23990739	4	-2.3666
02c9e3f9-7b0a-4921-8a02-9b340bfe4b37	22	23995113	38894915	10699	-0.2067
02c9e3f9-7b0a-4921-8a02-9b340bfe4b37	22	38899250	38900899	3	-3.4011
02c9e3f9-7b0a-4921-8a02-9b340bfe4b37	22	38903109	42501276	1943	-0.188
02c9e3f9-7b0a-4921-8a02-9b340bfe4b37	22	42503434	42522346	10	-1.0135
02c9e3f9-7b0a-4921-8a02-9b340bfe4b37	22	42522705	48872888	4838	-0.2008
02c9e3f9-7b0a-4921-8a02-9b340bfe4b37	22	48874111	48874730	2	-2.6618
02c9e3f9-7b0a-4921-8a02-9b340bfe4b37	22	48877479	50796027	1212	-0.2554
02c9e3f9-7b0a-4921-8a02-9b340bfe4b37	X	251810	126196876	65513	0.0011
02c9e3f9-7b0a-4921-8a02-9b340bfe4b37	X	126197186	126229354	23	0.9131
02c9e3f9-7b0a-4921-8a02-9b340bfe4b37	X	126236937	155952689	17186	-0.0062
02c9e3f9-7b0a-4921-8a02-9b340bfe4b37	Y	2782397	3314408	189	-2.9227
02c9e3f9-7b0a-4921-8a02-9b340bfe4b37	Y	3326047	6043823	522	-2.6192
02c9e3f9-7b0a-4921-8a02-9b340bfe4b37	Y	6044040	9330531	1511	-3.1133
02c9e3f9-7b0a-4921-8a02-9b340bfe4b37	Y	9332936	9550385	21	-5.0734
02c9e3f9-7b0a-4921-8a02-9b340bfe4b37	Y	9550653	56872112	4389	-2.9882
