GDC_Aliquot	Chromosome	Start	End	Num_Probes	Segment_Mean
f70dee4f-4b68-46e2-8734-ad3b59507552	1	62920	814954	31	-0.4254
f70dee4f-4b68-46e2-8734-ad3b59507552	1	817186	25278567	13978	-0.1692
f70dee4f-4b68-46e2-8734-ad3b59507552	1	25284629	25284961	2	-3.1694
f70dee4f-4b68-46e2-8734-ad3b59507552	1	25289805	31148580	3002	-0.1833
f70dee4f-4b68-46e2-8734-ad3b59507552	1	31150820	31152499	2	-1.8982
f70dee4f-4b68-46e2-8734-ad3b59507552	1	31152542	33025065	821	-0.1576
f70dee4f-4b68-46e2-8734-ad3b59507552	1	33026457	33040123	9	0.5016
f70dee4f-4b68-46e2-8734-ad3b59507552	1	33043554	34626073	1122	-0.2045
f70dee4f-4b68-46e2-8734-ad3b59507552	1	34637053	34638890	20	-1.5415
f70dee4f-4b68-46e2-8734-ad3b59507552	1	34648667	54995454	11314	-0.2003
f70dee4f-4b68-46e2-8734-ad3b59507552	1	54995757	65622331	8038	-0.2611
f70dee4f-4b68-46e2-8734-ad3b59507552	1	65622606	72303233	4378	-0.305
f70dee4f-4b68-46e2-8734-ad3b59507552	1	72303253	72345450	44	-1.2902
f70dee4f-4b68-46e2-8734-ad3b59507552	1	72345465	91160715	12291	-0.3149
f70dee4f-4b68-46e2-8734-ad3b59507552	1	91160768	95072297	2463	-0.2608
f70dee4f-4b68-46e2-8734-ad3b59507552	1	95073520	105470754	6177	-0.3343
f70dee4f-4b68-46e2-8734-ad3b59507552	1	105476583	105479722	15	0.4537
f70dee4f-4b68-46e2-8734-ad3b59507552	1	105479738	108187137	1940	-0.3262
f70dee4f-4b68-46e2-8734-ad3b59507552	1	108191613	108194874	3	-1.8565
f70dee4f-4b68-46e2-8734-ad3b59507552	1	108196482	108815562	263	-0.2954
f70dee4f-4b68-46e2-8734-ad3b59507552	1	108816609	112147704	2388	-0.2684
f70dee4f-4b68-46e2-8734-ad3b59507552	1	112153343	112154768	25	0.2549
f70dee4f-4b68-46e2-8734-ad3b59507552	1	112163334	143494500	5158	-0.2651
f70dee4f-4b68-46e2-8734-ad3b59507552	1	143541857	143796140	118	-2.1041
f70dee4f-4b68-46e2-8734-ad3b59507552	1	143811517	146039555	180	-0.3931
f70dee4f-4b68-46e2-8734-ad3b59507552	1	146040040	152582700	2139	-0.2375
f70dee4f-4b68-46e2-8734-ad3b59507552	1	152583051	152614100	35	0.7168
f70dee4f-4b68-46e2-8734-ad3b59507552	1	152614118	152789479	168	-0.2394
f70dee4f-4b68-46e2-8734-ad3b59507552	1	152789532	152796224	34	0.1422
f70dee4f-4b68-46e2-8734-ad3b59507552	1	152801429	158989785	3668	-0.2388
f70dee4f-4b68-46e2-8734-ad3b59507552	1	158992249	158993006	2	-2.2974
f70dee4f-4b68-46e2-8734-ad3b59507552	1	158997074	169247699	7586	-0.2612
f70dee4f-4b68-46e2-8734-ad3b59507552	1	169264736	169272528	7	-1.453
f70dee4f-4b68-46e2-8734-ad3b59507552	1	169273163	174827267	3514	-0.2808
f70dee4f-4b68-46e2-8734-ad3b59507552	1	174827418	174832702	16	-1.5771
f70dee4f-4b68-46e2-8734-ad3b59507552	1	174832716	184833760	6821	-0.271
f70dee4f-4b68-46e2-8734-ad3b59507552	1	184837894	196745743	7797	-0.3398
f70dee4f-4b68-46e2-8734-ad3b59507552	1	196758720	196846661	61	-1.1981
f70dee4f-4b68-46e2-8734-ad3b59507552	1	196847600	201044819	2647	-0.3241
f70dee4f-4b68-46e2-8734-ad3b59507552	1	201046605	206503888	3508	-0.2104
f70dee4f-4b68-46e2-8734-ad3b59507552	1	206504398	214880572	6000	-0.269
f70dee4f-4b68-46e2-8734-ad3b59507552	1	214883367	222843064	5540	-0.3099
f70dee4f-4b68-46e2-8734-ad3b59507552	1	222843983	222850262	5	-1.7454
f70dee4f-4b68-46e2-8734-ad3b59507552	1	222850427	231201285	5285	-0.248
f70dee4f-4b68-46e2-8734-ad3b59507552	1	231201742	236180918	3627	-0.2851
f70dee4f-4b68-46e2-8734-ad3b59507552	1	236182898	236182913	2	-2.2453
f70dee4f-4b68-46e2-8734-ad3b59507552	1	236186000	247999886	8685	-0.3042
f70dee4f-4b68-46e2-8734-ad3b59507552	1	248002400	248008274	2	-2.3785
f70dee4f-4b68-46e2-8734-ad3b59507552	1	248010151	248930189	454	-0.2961
f70dee4f-4b68-46e2-8734-ad3b59507552	2	12784	4175977	3022	-0.2297
f70dee4f-4b68-46e2-8734-ad3b59507552	2	4176105	6803977	2274	-0.3099
f70dee4f-4b68-46e2-8734-ad3b59507552	2	6804953	12428870	4254	-0.2288
f70dee4f-4b68-46e2-8734-ad3b59507552	2	12428885	23011773	7515	-0.2724
f70dee4f-4b68-46e2-8734-ad3b59507552	2	23011926	32540335	5546	-0.2271
f70dee4f-4b68-46e2-8734-ad3b59507552	2	32540777	32960915	267	-0.4341
f70dee4f-4b68-46e2-8734-ad3b59507552	2	32968392	34474248	1176	-0.2999
f70dee4f-4b68-46e2-8734-ad3b59507552	2	34476327	34512096	46	0.2549
f70dee4f-4b68-46e2-8734-ad3b59507552	2	34512489	35750907	867	-0.3191
f70dee4f-4b68-46e2-8734-ad3b59507552	2	35752724	35762850	6	-1.6703
f70dee4f-4b68-46e2-8734-ad3b59507552	2	35762881	38121433	1877	-0.303
f70dee4f-4b68-46e2-8734-ad3b59507552	2	38122373	49080253	7797	-0.2511
f70dee4f-4b68-46e2-8734-ad3b59507552	2	49086564	52527330	2431	-0.3183
f70dee4f-4b68-46e2-8734-ad3b59507552	2	52527342	52554404	39	-2.0068
f70dee4f-4b68-46e2-8734-ad3b59507552	2	52560811	54172415	1217	-0.3047
f70dee4f-4b68-46e2-8734-ad3b59507552	2	54172496	54197464	16	-4.2792
f70dee4f-4b68-46e2-8734-ad3b59507552	2	54200997	56232115	1464	-0.2711
f70dee4f-4b68-46e2-8734-ad3b59507552	2	56232878	59918444	2486	-0.3159
f70dee4f-4b68-46e2-8734-ad3b59507552	2	59918832	75930172	9869	-0.2544
f70dee4f-4b68-46e2-8734-ad3b59507552	2	75930604	83689360	5066	-0.3142
f70dee4f-4b68-46e2-8734-ad3b59507552	2	83690145	97210040	3683	-0.2418
f70dee4f-4b68-46e2-8734-ad3b59507552	2	97210463	97211436	5	-3.0206
f70dee4f-4b68-46e2-8734-ad3b59507552	2	97310327	97359885	13	-0.1297
f70dee4f-4b68-46e2-8734-ad3b59507552	2	97524284	97545726	9	0.6969
f70dee4f-4b68-46e2-8734-ad3b59507552	2	97550415	106266773	5560	-0.2639
f70dee4f-4b68-46e2-8734-ad3b59507552	2	106266875	106268523	5	-2.0183
f70dee4f-4b68-46e2-8734-ad3b59507552	2	106268557	110044146	2114	-0.255
f70dee4f-4b68-46e2-8734-ad3b59507552	2	110097158	110640222	71	0.4801
f70dee4f-4b68-46e2-8734-ad3b59507552	2	110643085	122875684	7435	-0.2613
f70dee4f-4b68-46e2-8734-ad3b59507552	2	122879052	126365859	2225	-0.3191
f70dee4f-4b68-46e2-8734-ad3b59507552	2	126366070	136817080	6162	-0.2607
f70dee4f-4b68-46e2-8734-ad3b59507552	2	136817683	146104517	5790	-0.3248
f70dee4f-4b68-46e2-8734-ad3b59507552	2	146106836	146109366	24	0.4758
f70dee4f-4b68-46e2-8734-ad3b59507552	2	146120238	168028823	13031	-0.3179
f70dee4f-4b68-46e2-8734-ad3b59507552	2	168029629	178667312	6904	-0.2856
f70dee4f-4b68-46e2-8734-ad3b59507552	2	178671093	207090434	16695	-0.3183
f70dee4f-4b68-46e2-8734-ad3b59507552	2	207092513	207092627	2	-2.5037
f70dee4f-4b68-46e2-8734-ad3b59507552	2	207092671	207490231	277	-0.2468
f70dee4f-4b68-46e2-8734-ad3b59507552	2	207490454	207494752	17	-1.797
f70dee4f-4b68-46e2-8734-ad3b59507552	2	207494795	215865119	5338	-0.3242
f70dee4f-4b68-46e2-8734-ad3b59507552	2	215868058	220212374	2727	-0.2333
f70dee4f-4b68-46e2-8734-ad3b59507552	2	220212670	231587213	7412	-0.2945
f70dee4f-4b68-46e2-8734-ad3b59507552	2	231589651	242147305	6574	-0.2057
f70dee4f-4b68-46e2-8734-ad3b59507552	3	20930	182919	153	-0.2183
f70dee4f-4b68-46e2-8734-ad3b59507552	3	188339	191117	4	-3.0664
f70dee4f-4b68-46e2-8734-ad3b59507552	3	193194	6609524	5649	-0.3111
f70dee4f-4b68-46e2-8734-ad3b59507552	3	6609550	6618787	30	0.1605
f70dee4f-4b68-46e2-8734-ad3b59507552	3	6618957	11066468	3526	-0.2892
f70dee4f-4b68-46e2-8734-ad3b59507552	3	11069122	11081913	6	-1.2944
f70dee4f-4b68-46e2-8734-ad3b59507552	3	11083082	11083241	2	-3.3817
f70dee4f-4b68-46e2-8734-ad3b59507552	3	11086063	13619644	1794	-0.264
f70dee4f-4b68-46e2-8734-ad3b59507552	3	13622928	13623910	3	-1.8658
f70dee4f-4b68-46e2-8734-ad3b59507552	3	13624426	16329722	1821	-0.2634
f70dee4f-4b68-46e2-8734-ad3b59507552	3	16331163	37395813	14203	-0.313
f70dee4f-4b68-46e2-8734-ad3b59507552	3	37395967	42846039	3605	-0.278
f70dee4f-4b68-46e2-8734-ad3b59507552	3	42846712	46386699	2102	-0.2617
f70dee4f-4b68-46e2-8734-ad3b59507552	3	46394124	52928282	2711	-0.2071
f70dee4f-4b68-46e2-8734-ad3b59507552	3	52928472	60129413	5150	-0.2606
f70dee4f-4b68-46e2-8734-ad3b59507552	3	60129735	68697861	6962	-0.3005
f70dee4f-4b68-46e2-8734-ad3b59507552	3	68698092	68698262	5	-1.9197
f70dee4f-4b68-46e2-8734-ad3b59507552	3	68699607	73149084	3323	-0.3048
f70dee4f-4b68-46e2-8734-ad3b59507552	3	73150006	85448528	7063	-0.3649
f70dee4f-4b68-46e2-8734-ad3b59507552	3	85449885	85450183	2	-2.8733
f70dee4f-4b68-46e2-8734-ad3b59507552	3	85450443	99225703	5514	-0.3625
f70dee4f-4b68-46e2-8734-ad3b59507552	3	99225754	99230577	34	0.0657
f70dee4f-4b68-46e2-8734-ad3b59507552	3	99232120	118278533	11781	-0.3371
f70dee4f-4b68-46e2-8734-ad3b59507552	3	118279047	122900445	2588	-0.3077
f70dee4f-4b68-46e2-8734-ad3b59507552	3	122902265	130044016	4301	-0.2502
f70dee4f-4b68-46e2-8734-ad3b59507552	3	130044855	130089968	42	0.2216
f70dee4f-4b68-46e2-8734-ad3b59507552	3	130092370	141737833	7223	-0.2877
f70dee4f-4b68-46e2-8734-ad3b59507552	3	141737855	162795304	13001	-0.3384
f70dee4f-4b68-46e2-8734-ad3b59507552	3	162795361	162898127	61	-1.6993
f70dee4f-4b68-46e2-8734-ad3b59507552	3	162906054	184105143	12812	-0.3448
f70dee4f-4b68-46e2-8734-ad3b59507552	3	184109139	187499486	2209	-0.2818
f70dee4f-4b68-46e2-8734-ad3b59507552	3	187500168	187500711	4	-1.6173
f70dee4f-4b68-46e2-8734-ad3b59507552	3	187500875	189298606	1329	-0.2918
f70dee4f-4b68-46e2-8734-ad3b59507552	3	189299334	189372662	69	-0.3894
f70dee4f-4b68-46e2-8734-ad3b59507552	3	189376519	189378176	2	-2.2168
f70dee4f-4b68-46e2-8734-ad3b59507552	3	189380016	189642965	213	-0.3156
f70dee4f-4b68-46e2-8734-ad3b59507552	3	189645889	189653199	12	-2.2844
f70dee4f-4b68-46e2-8734-ad3b59507552	3	189653225	193160113	2487	-0.3167
f70dee4f-4b68-46e2-8734-ad3b59507552	3	193160173	193165114	19	2.1435
f70dee4f-4b68-46e2-8734-ad3b59507552	3	193168646	198169247	2688	-0.29
f70dee4f-4b68-46e2-8734-ad3b59507552	4	68929	4101617	1622	0.4611
f70dee4f-4b68-46e2-8734-ad3b59507552	4	4108503	4163608	12	-0.12
f70dee4f-4b68-46e2-8734-ad3b59507552	4	4164791	6230217	1703	0.4596
f70dee4f-4b68-46e2-8734-ad3b59507552	4	6230802	8420046	1602	0.5228
f70dee4f-4b68-46e2-8734-ad3b59507552	4	8423104	10208766	758	0.4669
f70dee4f-4b68-46e2-8734-ad3b59507552	4	10221792	10229173	22	3.1317
f70dee4f-4b68-46e2-8734-ad3b59507552	4	10229188	10229874	6	1.6845
f70dee4f-4b68-46e2-8734-ad3b59507552	4	10232590	10233644	7	1.114
f70dee4f-4b68-46e2-8734-ad3b59507552	4	10234518	10358250	155	0.5013
f70dee4f-4b68-46e2-8734-ad3b59507552	4	10360191	10390730	17	0.4022
f70dee4f-4b68-46e2-8734-ad3b59507552	4	10391530	10401094	16	-0.2488
f70dee4f-4b68-46e2-8734-ad3b59507552	4	10401122	17723434	5728	0.3976
f70dee4f-4b68-46e2-8734-ad3b59507552	4	17726733	20551734	1669	0.3398
f70dee4f-4b68-46e2-8734-ad3b59507552	4	20554097	27471927	4854	0.3899
f70dee4f-4b68-46e2-8734-ad3b59507552	4	27473046	32479965	3246	0.3103
f70dee4f-4b68-46e2-8734-ad3b59507552	4	32480151	32481176	2	-2.2059
f70dee4f-4b68-46e2-8734-ad3b59507552	4	32481726	34777353	1275	0.314
f70dee4f-4b68-46e2-8734-ad3b59507552	4	34777382	34823103	42	0.7389
f70dee4f-4b68-46e2-8734-ad3b59507552	4	34828250	36846934	1328	0.3162
f70dee4f-4b68-46e2-8734-ad3b59507552	4	36847872	43364568	4354	0.3888
f70dee4f-4b68-46e2-8734-ad3b59507552	4	43365738	49214614	3283	0.3439
f70dee4f-4b68-46e2-8734-ad3b59507552	4	49289175	49289338	2	-1.4497
f70dee4f-4b68-46e2-8734-ad3b59507552	4	49295203	49654496	16	-0.0257
f70dee4f-4b68-46e2-8734-ad3b59507552	4	49654578	58233748	4347	0.3891
f70dee4f-4b68-46e2-8734-ad3b59507552	4	58234294	114258287	33857	0.3204
f70dee4f-4b68-46e2-8734-ad3b59507552	4	114258300	114263073	11	1.2481
f70dee4f-4b68-46e2-8734-ad3b59507552	4	114263096	114586468	224	0.3138
f70dee4f-4b68-46e2-8734-ad3b59507552	4	114587010	114589298	3	-2.7504
f70dee4f-4b68-46e2-8734-ad3b59507552	4	114593270	138462276	13942	0.3051
f70dee4f-4b68-46e2-8734-ad3b59507552	4	138462469	154881396	9845	0.3437
f70dee4f-4b68-46e2-8734-ad3b59507552	4	154881853	154881926	3	-2.5232
f70dee4f-4b68-46e2-8734-ad3b59507552	4	154882047	160939779	3887	0.3169
f70dee4f-4b68-46e2-8734-ad3b59507552	4	160942741	160952569	17	0.8817
f70dee4f-4b68-46e2-8734-ad3b59507552	4	160952584	160963815	31	0.5267
f70dee4f-4b68-46e2-8734-ad3b59507552	4	160963825	161010500	39	0.935
f70dee4f-4b68-46e2-8734-ad3b59507552	4	161010744	171448195	6620	0.3101
f70dee4f-4b68-46e2-8734-ad3b59507552	4	171453733	171456625	12	-0.737
f70dee4f-4b68-46e2-8734-ad3b59507552	4	171459220	181424944	6503	0.3239
f70dee4f-4b68-46e2-8734-ad3b59507552	4	181425064	181517308	93	0.3812
f70dee4f-4b68-46e2-8734-ad3b59507552	4	181517451	181738389	210	0.576
f70dee4f-4b68-46e2-8734-ad3b59507552	4	181739287	182664524	752	0.3735
f70dee4f-4b68-46e2-8734-ad3b59507552	4	182673785	187841086	3512	0.5366
f70dee4f-4b68-46e2-8734-ad3b59507552	4	187842497	188352835	333	0.4122
f70dee4f-4b68-46e2-8734-ad3b59507552	4	188353731	190106768	1079	0.5197
f70dee4f-4b68-46e2-8734-ad3b59507552	5	15532	724612	315	0.4367
f70dee4f-4b68-46e2-8734-ad3b59507552	5	725091	863682	39	1.1772
f70dee4f-4b68-46e2-8734-ad3b59507552	5	866255	3600220	2196	0.4652
f70dee4f-4b68-46e2-8734-ad3b59507552	5	3612112	9798545	5355	0.42
f70dee4f-4b68-46e2-8734-ad3b59507552	5	9798562	11055043	1079	0.4511
f70dee4f-4b68-46e2-8734-ad3b59507552	5	11055809	13567454	1600	0.3081
f70dee4f-4b68-46e2-8734-ad3b59507552	5	13568983	17814353	2927	0.4101
f70dee4f-4b68-46e2-8734-ad3b59507552	5	17815493	17829678	7	-0.155
f70dee4f-4b68-46e2-8734-ad3b59507552	5	17833550	21308002	2101	0.3534
f70dee4f-4b68-46e2-8734-ad3b59507552	5	21308123	21376735	31	0.106
f70dee4f-4b68-46e2-8734-ad3b59507552	5	21377730	21377744	2	2.0707
f70dee4f-4b68-46e2-8734-ad3b59507552	5	21385957	31060812	5712	0.3339
f70dee4f-4b68-46e2-8734-ad3b59507552	5	31061356	46251204	9274	0.3967
f70dee4f-4b68-46e2-8734-ad3b59507552	5	46270906	46273400	8	1.3851
f70dee4f-4b68-46e2-8734-ad3b59507552	5	46278110	50327299	74	0.1313
f70dee4f-4b68-46e2-8734-ad3b59507552	5	50327705	69444194	12282	0.3851
f70dee4f-4b68-46e2-8734-ad3b59507552	5	69444660	71484762	117	0.1976
f70dee4f-4b68-46e2-8734-ad3b59507552	5	71484803	80253905	5746	0.408
f70dee4f-4b68-46e2-8734-ad3b59507552	5	80254871	84196472	2371	0.3654
f70dee4f-4b68-46e2-8734-ad3b59507552	5	84197289	86745546	1389	0.2899
f70dee4f-4b68-46e2-8734-ad3b59507552	5	86746470	100740230	7737	0.3604
f70dee4f-4b68-46e2-8734-ad3b59507552	5	100740737	106480149	3381	0.3288
f70dee4f-4b68-46e2-8734-ad3b59507552	5	106481376	131933639	16784	0.3708
f70dee4f-4b68-46e2-8734-ad3b59507552	5	131939816	144483466	7593	0.4263
f70dee4f-4b68-46e2-8734-ad3b59507552	5	144490176	148925502	2951	0.3758
f70dee4f-4b68-46e2-8734-ad3b59507552	5	148925525	156676600	5344	0.4219
f70dee4f-4b68-46e2-8734-ad3b59507552	5	156679726	157295418	391	0.3259
f70dee4f-4b68-46e2-8734-ad3b59507552	5	157295805	160804455	2438	0.4108
f70dee4f-4b68-46e2-8734-ad3b59507552	5	160806065	167223313	4173	0.3404
f70dee4f-4b68-46e2-8734-ad3b59507552	5	167232128	167232823	2	-0.9744
f70dee4f-4b68-46e2-8734-ad3b59507552	5	167235585	168126875	714	0.3684
f70dee4f-4b68-46e2-8734-ad3b59507552	5	168128272	177771448	6641	0.4488
f70dee4f-4b68-46e2-8734-ad3b59507552	5	177800550	177805604	3	3.0879
f70dee4f-4b68-46e2-8734-ad3b59507552	5	177827964	178680821	447	0.4857
f70dee4f-4b68-46e2-8734-ad3b59507552	5	178682974	178685260	2	-1.3693
f70dee4f-4b68-46e2-8734-ad3b59507552	5	178686162	181363319	1535	0.4563
f70dee4f-4b68-46e2-8734-ad3b59507552	6	149661	252772	97	0.4532
f70dee4f-4b68-46e2-8734-ad3b59507552	6	253272	381149	105	0.0051
f70dee4f-4b68-46e2-8734-ad3b59507552	6	382559	3430205	2479	0.4259
f70dee4f-4b68-46e2-8734-ad3b59507552	6	3430253	3432961	4	-0.6618
f70dee4f-4b68-46e2-8734-ad3b59507552	6	3433084	7265822	3248	0.4327
f70dee4f-4b68-46e2-8734-ad3b59507552	6	7271371	10478209	2370	0.3772
f70dee4f-4b68-46e2-8734-ad3b59507552	6	10478619	10682384	179	0.2536
f70dee4f-4b68-46e2-8734-ad3b59507552	6	10683919	16868636	4717	0.4043
f70dee4f-4b68-46e2-8734-ad3b59507552	6	16870800	24385118	5450	0.3689
f70dee4f-4b68-46e2-8734-ad3b59507552	6	24393076	29903859	3004	0.4047
f70dee4f-4b68-46e2-8734-ad3b59507552	6	29906865	29933799	15	-0.5067
f70dee4f-4b68-46e2-8734-ad3b59507552	6	29940692	30254243	157	0.3687
f70dee4f-4b68-46e2-8734-ad3b59507552	6	30261161	32481273	991	0.4606
f70dee4f-4b68-46e2-8734-ad3b59507552	6	32485024	32641650	58	0.1329
f70dee4f-4b68-46e2-8734-ad3b59507552	6	32656527	32658841	6	-1.1797
f70dee4f-4b68-46e2-8734-ad3b59507552	6	32682835	34697941	1191	0.4697
f70dee4f-4b68-46e2-8734-ad3b59507552	6	34699848	34912420	108	0.2473
f70dee4f-4b68-46e2-8734-ad3b59507552	6	34912553	36190147	674	0.4196
f70dee4f-4b68-46e2-8734-ad3b59507552	6	36190649	44916306	5773	0.458
f70dee4f-4b68-46e2-8734-ad3b59507552	6	44916530	47340683	1666	0.4032
f70dee4f-4b68-46e2-8734-ad3b59507552	6	47341251	51813433	2640	0.357
f70dee4f-4b68-46e2-8734-ad3b59507552	6	51815377	54769109	2104	0.4106
f70dee4f-4b68-46e2-8734-ad3b59507552	6	54775350	70922353	7972	0.3452
f70dee4f-4b68-46e2-8734-ad3b59507552	6	70922679	70923127	2	-1.2553
f70dee4f-4b68-46e2-8734-ad3b59507552	6	70923400	73882509	1936	0.358
f70dee4f-4b68-46e2-8734-ad3b59507552	6	73882741	73891694	9	-2.246
f70dee4f-4b68-46e2-8734-ad3b59507552	6	73893839	76730331	1772	0.3425
f70dee4f-4b68-46e2-8734-ad3b59507552	6	76730377	76743040	19	-0.3662
f70dee4f-4b68-46e2-8734-ad3b59507552	6	76751356	78262064	981	0.3468
f70dee4f-4b68-46e2-8734-ad3b59507552	6	78262085	78325468	107	0.0539
f70dee4f-4b68-46e2-8734-ad3b59507552	6	78329517	80568270	1427	0.3833
f70dee4f-4b68-46e2-8734-ad3b59507552	6	80574472	80584697	36	-0.465
f70dee4f-4b68-46e2-8734-ad3b59507552	6	80584858	84964765	2751	0.3461
f70dee4f-4b68-46e2-8734-ad3b59507552	6	84966441	91335110	4009	0.3815
f70dee4f-4b68-46e2-8734-ad3b59507552	6	91335289	93755280	1661	0.3242
f70dee4f-4b68-46e2-8734-ad3b59507552	6	93755359	94504238	501	0.427
f70dee4f-4b68-46e2-8734-ad3b59507552	6	94504553	98711725	2272	0.3395
f70dee4f-4b68-46e2-8734-ad3b59507552	6	98713088	98713538	2	-1.2865
f70dee4f-4b68-46e2-8734-ad3b59507552	6	98713627	101595997	1808	0.3465
f70dee4f-4b68-46e2-8734-ad3b59507552	6	101597130	103601211	1263	0.2986
f70dee4f-4b68-46e2-8734-ad3b59507552	6	103607282	119933667	9904	0.3634
f70dee4f-4b68-46e2-8734-ad3b59507552	6	119933933	120583542	403	0.2646
f70dee4f-4b68-46e2-8734-ad3b59507552	6	120583867	148136976	17714	0.359
f70dee4f-4b68-46e2-8734-ad3b59507552	6	148138061	150470529	1609	0.4065
f70dee4f-4b68-46e2-8734-ad3b59507552	6	150471495	150475898	3	-0.5444
f70dee4f-4b68-46e2-8734-ad3b59507552	6	150477155	151495135	726	0.4162
f70dee4f-4b68-46e2-8734-ad3b59507552	6	151499742	154697296	2412	0.3446
f70dee4f-4b68-46e2-8734-ad3b59507552	6	154698089	165751213	7879	0.4059
f70dee4f-4b68-46e2-8734-ad3b59507552	6	165751993	170741917	3253	0.4551
f70dee4f-4b68-46e2-8734-ad3b59507552	7	43355	5636823	2929	0.459
f70dee4f-4b68-46e2-8734-ad3b59507552	7	5642779	8149765	1590	0.3713
f70dee4f-4b68-46e2-8734-ad3b59507552	7	8149964	9058317	818	0.4697
f70dee4f-4b68-46e2-8734-ad3b59507552	7	9059034	22079972	10436	0.3568
f70dee4f-4b68-46e2-8734-ad3b59507552	7	22080478	38263833	11584	0.402
f70dee4f-4b68-46e2-8734-ad3b59507552	7	38271122	38342370	110	0.635
f70dee4f-4b68-46e2-8734-ad3b59507552	7	38345240	43154089	3238	0.3864
f70dee4f-4b68-46e2-8734-ad3b59507552	7	43154479	47844941	3069	0.4328
f70dee4f-4b68-46e2-8734-ad3b59507552	7	47847109	57790126	6696	0.3861
f70dee4f-4b68-46e2-8734-ad3b59507552	7	57795817	63875785	381	0.2356
f70dee4f-4b68-46e2-8734-ad3b59507552	7	63875842	65425440	758	0.3922
f70dee4f-4b68-46e2-8734-ad3b59507552	7	65425461	65428410	3	-0.6862
f70dee4f-4b68-46e2-8734-ad3b59507552	7	65429224	67172252	580	0.3797
f70dee4f-4b68-46e2-8734-ad3b59507552	7	67176387	67207129	13	-0.2155
f70dee4f-4b68-46e2-8734-ad3b59507552	7	67211275	67398963	75	0.2841
f70dee4f-4b68-46e2-8734-ad3b59507552	7	67399133	70789204	2211	0.4357
f70dee4f-4b68-46e2-8734-ad3b59507552	7	70793296	70955452	91	0.2735
f70dee4f-4b68-46e2-8734-ad3b59507552	7	70958264	70961155	2	-2.2006
f70dee4f-4b68-46e2-8734-ad3b59507552	7	70963257	76420815	2123	0.4384
f70dee4f-4b68-46e2-8734-ad3b59507552	7	76424106	76977495	183	0.8195
f70dee4f-4b68-46e2-8734-ad3b59507552	7	77080295	80677932	2534	0.3816
f70dee4f-4b68-46e2-8734-ad3b59507552	7	80680191	87317572	4244	0.3355
f70dee4f-4b68-46e2-8734-ad3b59507552	7	87318911	90082211	1702	0.3936
f70dee4f-4b68-46e2-8734-ad3b59507552	7	90082371	95280623	3285	0.3524
f70dee4f-4b68-46e2-8734-ad3b59507552	7	95280936	97756658	1611	0.4001
f70dee4f-4b68-46e2-8734-ad3b59507552	7	97766148	97773163	16	-0.1967
f70dee4f-4b68-46e2-8734-ad3b59507552	7	97774928	98003100	121	0.3316
f70dee4f-4b68-46e2-8734-ad3b59507552	7	98005134	98824241	391	0.4899
f70dee4f-4b68-46e2-8734-ad3b59507552	7	98827817	98927908	39	0.1857
f70dee4f-4b68-46e2-8734-ad3b59507552	7	98928676	101304291	954	0.4642
f70dee4f-4b68-46e2-8734-ad3b59507552	7	101311575	101491943	82	0.247
f70dee4f-4b68-46e2-8734-ad3b59507552	7	101492117	102831729	515	0.4714
f70dee4f-4b68-46e2-8734-ad3b59507552	7	102832716	109793741	4496	0.3751
f70dee4f-4b68-46e2-8734-ad3b59507552	7	109797035	109801187	25	-0.4218
f70dee4f-4b68-46e2-8734-ad3b59507552	7	109801572	109813853	10	-1.8179
f70dee4f-4b68-46e2-8734-ad3b59507552	7	109813925	111243166	962	0.3812
f70dee4f-4b68-46e2-8734-ad3b59507552	7	111243192	126404089	9053	0.3396
f70dee4f-4b68-46e2-8734-ad3b59507552	7	126404106	134100424	4716	0.4152
f70dee4f-4b68-46e2-8734-ad3b59507552	7	134100442	134105690	24	0.948
f70dee4f-4b68-46e2-8734-ad3b59507552	7	134110881	135462890	1025	0.4235
f70dee4f-4b68-46e2-8734-ad3b59507552	7	135465355	135559291	52	0.1478
f70dee4f-4b68-46e2-8734-ad3b59507552	7	135563004	142240255	4261	0.3952
f70dee4f-4b68-46e2-8734-ad3b59507552	7	142240738	142809831	352	0.53
f70dee4f-4b68-46e2-8734-ad3b59507552	7	142810364	144207186	745	0.3872
f70dee4f-4b68-46e2-8734-ad3b59507552	7	144249785	144352208	14	-0.5676
f70dee4f-4b68-46e2-8734-ad3b59507552	7	144377836	148268851	2607	0.3581
f70dee4f-4b68-46e2-8734-ad3b59507552	7	148269658	159324640	7017	0.4428
f70dee4f-4b68-46e2-8734-ad3b59507552	7	159324709	159334314	17	0.2487
f70dee4f-4b68-46e2-8734-ad3b59507552	8	81254	2149132	1502	-0.2479
f70dee4f-4b68-46e2-8734-ad3b59507552	8	2149385	3357351	1053	-0.3304
f70dee4f-4b68-46e2-8734-ad3b59507552	8	3357685	3357745	2	-2.4007
f70dee4f-4b68-46e2-8734-ad3b59507552	8	3357975	4282176	1426	-0.3274
f70dee4f-4b68-46e2-8734-ad3b59507552	8	4283878	4285721	6	0.7181
f70dee4f-4b68-46e2-8734-ad3b59507552	8	4286218	5716836	1973	-0.3148
f70dee4f-4b68-46e2-8734-ad3b59507552	8	5718947	5719222	6	-1.5229
f70dee4f-4b68-46e2-8734-ad3b59507552	8	5721181	10353315	3709	-0.3199
f70dee4f-4b68-46e2-8734-ad3b59507552	8	10353552	12177488	1324	-0.264
f70dee4f-4b68-46e2-8734-ad3b59507552	8	12323772	12389977	29	-1.0689
f70dee4f-4b68-46e2-8734-ad3b59507552	8	12418301	17983664	4956	-0.3298
f70dee4f-4b68-46e2-8734-ad3b59507552	8	17985820	25114672	5433	-0.2687
f70dee4f-4b68-46e2-8734-ad3b59507552	8	25116928	25133612	29	0.2763
f70dee4f-4b68-46e2-8734-ad3b59507552	8	25133720	30867297	3979	-0.2704
f70dee4f-4b68-46e2-8734-ad3b59507552	8	30867606	32826447	1443	-0.3383
f70dee4f-4b68-46e2-8734-ad3b59507552	8	32826507	32830895	6	0.6811
f70dee4f-4b68-46e2-8734-ad3b59507552	8	32834588	36994667	2295	-0.3374
f70dee4f-4b68-46e2-8734-ad3b59507552	8	36996864	39122349	1157	-0.249
f70dee4f-4b68-46e2-8734-ad3b59507552	8	39123218	39372664	120	-0.3341
f70dee4f-4b68-46e2-8734-ad3b59507552	8	39372806	39529446	61	0.4822
f70dee4f-4b68-46e2-8734-ad3b59507552	8	39530780	50034606	4522	-0.2788
f70dee4f-4b68-46e2-8734-ad3b59507552	8	50034990	51526468	937	-0.3622
f70dee4f-4b68-46e2-8734-ad3b59507552	8	51526508	74364680	14563	-0.3223
f70dee4f-4b68-46e2-8734-ad3b59507552	8	74367412	83888975	5514	-0.3553
f70dee4f-4b68-46e2-8734-ad3b59507552	8	83889930	83904737	13	-0.7051
f70dee4f-4b68-46e2-8734-ad3b59507552	8	83910233	83910246	2	-2.4601
f70dee4f-4b68-46e2-8734-ad3b59507552	8	83911020	93203564	5282	-0.3487
f70dee4f-4b68-46e2-8734-ad3b59507552	8	93204054	103614941	6513	-0.2961
f70dee4f-4b68-46e2-8734-ad3b59507552	8	103615195	111282973	4583	-0.3545
f70dee4f-4b68-46e2-8734-ad3b59507552	8	111283016	111283031	2	1.4887
f70dee4f-4b68-46e2-8734-ad3b59507552	8	111288052	119139771	4952	-0.3533
f70dee4f-4b68-46e2-8734-ad3b59507552	8	119142545	119147207	4	-2.6105
f70dee4f-4b68-46e2-8734-ad3b59507552	8	119150615	122570719	2268	-0.3305
f70dee4f-4b68-46e2-8734-ad3b59507552	8	122574896	133168000	7683	-0.2783
f70dee4f-4b68-46e2-8734-ad3b59507552	8	133168229	133170855	2	-2.2023
f70dee4f-4b68-46e2-8734-ad3b59507552	8	133172780	138478955	4327	-0.2864
f70dee4f-4b68-46e2-8734-ad3b59507552	8	138479435	140558205	1625	-0.2248
f70dee4f-4b68-46e2-8734-ad3b59507552	8	140558523	141297102	425	-0.3467
f70dee4f-4b68-46e2-8734-ad3b59507552	8	141298707	144198587	1241	-0.1933
f70dee4f-4b68-46e2-8734-ad3b59507552	8	144198748	145072769	350	-0.2755
f70dee4f-4b68-46e2-8734-ad3b59507552	9	46587	23361807	20390	-0.2867
f70dee4f-4b68-46e2-8734-ad3b59507552	9	23363117	23378490	9	-1.7411
f70dee4f-4b68-46e2-8734-ad3b59507552	9	23379721	32863971	6991	-0.3092
f70dee4f-4b68-46e2-8734-ad3b59507552	9	32865571	39588611	3748	-0.238
f70dee4f-4b68-46e2-8734-ad3b59507552	9	39747848	39840169	5	-1.3039
f70dee4f-4b68-46e2-8734-ad3b59507552	9	40018947	42308537	133	-0.1398
f70dee4f-4b68-46e2-8734-ad3b59507552	9	42501791	42727685	19	0.6197
f70dee4f-4b68-46e2-8734-ad3b59507552	9	42729302	61405110	41	-0.1492
f70dee4f-4b68-46e2-8734-ad3b59507552	9	61520021	61629689	28	-0.8035
f70dee4f-4b68-46e2-8734-ad3b59507552	9	61633080	64498256	99	-0.2379
f70dee4f-4b68-46e2-8734-ad3b59507552	9	64503104	64507211	5	-2.0412
f70dee4f-4b68-46e2-8734-ad3b59507552	9	64510407	70649732	1877	-0.2545
f70dee4f-4b68-46e2-8734-ad3b59507552	9	70651840	81352512	7739	-0.3133
f70dee4f-4b68-46e2-8734-ad3b59507552	9	81355522	100827967	13059	-0.2506
f70dee4f-4b68-46e2-8734-ad3b59507552	9	100829176	104793242	2967	-0.32
f70dee4f-4b68-46e2-8734-ad3b59507552	9	104793430	114692105	7480	-0.2611
f70dee4f-4b68-46e2-8734-ad3b59507552	9	114692303	114693859	2	-2.5634
f70dee4f-4b68-46e2-8734-ad3b59507552	9	114693895	121259723	5260	-0.2604
f70dee4f-4b68-46e2-8734-ad3b59507552	9	121262693	127837679	4013	-0.2148
f70dee4f-4b68-46e2-8734-ad3b59507552	9	127841992	138200944	5514	-0.1605
f70dee4f-4b68-46e2-8734-ad3b59507552	10	45792	87725	13	-0.3018
f70dee4f-4b68-46e2-8734-ad3b59507552	10	89716	89913	3	-2.9729
f70dee4f-4b68-46e2-8734-ad3b59507552	10	89956	24086334	19146	-0.2825
f70dee4f-4b68-46e2-8734-ad3b59507552	10	24088745	24089979	12	0.7401
f70dee4f-4b68-46e2-8734-ad3b59507552	10	24090022	46526248	12456	-0.277
f70dee4f-4b68-46e2-8734-ad3b59507552	10	46526265	46810571	40	-0.8255
f70dee4f-4b68-46e2-8734-ad3b59507552	10	46836986	47460004	288	-0.2335
f70dee4f-4b68-46e2-8734-ad3b59507552	10	47559592	47559596	2	-2.8845
f70dee4f-4b68-46e2-8734-ad3b59507552	10	47622159	47954600	10	-0.9458
f70dee4f-4b68-46e2-8734-ad3b59507552	10	48079548	50336360	1466	-0.1994
f70dee4f-4b68-46e2-8734-ad3b59507552	10	50336721	57086662	5050	-0.3295
f70dee4f-4b68-46e2-8734-ad3b59507552	10	57086815	57088302	2	-2.7431
f70dee4f-4b68-46e2-8734-ad3b59507552	10	57089688	57090093	3	-7.3842
f70dee4f-4b68-46e2-8734-ad3b59507552	10	57090128	68742531	7925	-0.3111
f70dee4f-4b68-46e2-8734-ad3b59507552	10	68742669	76482757	4730	-0.223
f70dee4f-4b68-46e2-8734-ad3b59507552	10	76493093	76497852	3	1.0624
f70dee4f-4b68-46e2-8734-ad3b59507552	10	76501509	78352399	1447	-0.2324
f70dee4f-4b68-46e2-8734-ad3b59507552	10	78352427	78352437	2	-1.5006
f70dee4f-4b68-46e2-8734-ad3b59507552	10	78352458	79487437	980	-0.2092
f70dee4f-4b68-46e2-8734-ad3b59507552	10	79488560	94313856	9876	-0.303
f70dee4f-4b68-46e2-8734-ad3b59507552	10	94313938	104949481	6278	-0.2368
f70dee4f-4b68-46e2-8734-ad3b59507552	10	104949566	113448998	6099	-0.2981
f70dee4f-4b68-46e2-8734-ad3b59507552	10	113449263	113453489	6	-2.468
f70dee4f-4b68-46e2-8734-ad3b59507552	10	113457106	115157138	1191	-0.2729
f70dee4f-4b68-46e2-8734-ad3b59507552	10	115158106	116579712	981	-0.3356
f70dee4f-4b68-46e2-8734-ad3b59507552	10	116584783	123179512	5020	-0.2531
f70dee4f-4b68-46e2-8734-ad3b59507552	10	123182435	123182832	2	-2.7915
f70dee4f-4b68-46e2-8734-ad3b59507552	10	123185699	133654968	7483	-0.2386
f70dee4f-4b68-46e2-8734-ad3b59507552	11	198510	3838626	1477	-0.1903
f70dee4f-4b68-46e2-8734-ad3b59507552	11	3839339	4949137	944	-0.3053
f70dee4f-4b68-46e2-8734-ad3b59507552	11	4950775	4955042	23	-1.7239
f70dee4f-4b68-46e2-8734-ad3b59507552	11	4955781	5768371	786	-0.3015
f70dee4f-4b68-46e2-8734-ad3b59507552	11	5768495	5787909	29	0.3378
f70dee4f-4b68-46e2-8734-ad3b59507552	11	5788108	6086560	240	-0.2958
f70dee4f-4b68-46e2-8734-ad3b59507552	11	6087039	6106746	12	-1.0525
f70dee4f-4b68-46e2-8734-ad3b59507552	11	6110060	21470801	11494	-0.2663
f70dee4f-4b68-46e2-8734-ad3b59507552	11	21471357	26683763	3837	-0.3429
f70dee4f-4b68-46e2-8734-ad3b59507552	11	26688299	37324423	7430	-0.2848
f70dee4f-4b68-46e2-8734-ad3b59507552	11	37327050	43313784	3948	-0.3376
f70dee4f-4b68-46e2-8734-ad3b59507552	11	43322892	49737435	3458	-0.2396
f70dee4f-4b68-46e2-8734-ad3b59507552	11	49738003	49739136	6	-2.2206
f70dee4f-4b68-46e2-8734-ad3b59507552	11	49744609	55172866	515	-0.3153
f70dee4f-4b68-46e2-8734-ad3b59507552	11	55198132	55268996	14	-1.1981
f70dee4f-4b68-46e2-8734-ad3b59507552	11	55271781	55595864	193	-0.3068
f70dee4f-4b68-46e2-8734-ad3b59507552	11	55606556	55693312	62	0.3306
f70dee4f-4b68-46e2-8734-ad3b59507552	11	55695531	60742226	3082	-0.2853
f70dee4f-4b68-46e2-8734-ad3b59507552	11	60744291	78265833	8616	-0.2035
f70dee4f-4b68-46e2-8734-ad3b59507552	11	78266803	80256469	1535	-0.2622
f70dee4f-4b68-46e2-8734-ad3b59507552	11	80256504	80256520	2	-2.181
f70dee4f-4b68-46e2-8734-ad3b59507552	11	80256642	96187154	11028	-0.3048
f70dee4f-4b68-46e2-8734-ad3b59507552	11	96187835	99448416	2369	-0.3586
f70dee4f-4b68-46e2-8734-ad3b59507552	11	99450663	99451318	4	-1.8674
f70dee4f-4b68-46e2-8734-ad3b59507552	11	99451351	109826772	7164	-0.3251
f70dee4f-4b68-46e2-8734-ad3b59507552	11	109829643	118484206	6109	-0.2559
f70dee4f-4b68-46e2-8734-ad3b59507552	11	118484287	121132649	1771	-0.2048
f70dee4f-4b68-46e2-8734-ad3b59507552	11	121133442	135074876	10521	-0.2649
f70dee4f-4b68-46e2-8734-ad3b59507552	12	51460	181540	71	0.2945
f70dee4f-4b68-46e2-8734-ad3b59507552	12	186359	631795	285	0.1766
f70dee4f-4b68-46e2-8734-ad3b59507552	12	632053	1741990	641	0.0968
f70dee4f-4b68-46e2-8734-ad3b59507552	12	1745382	7383534	4132	0.1932
f70dee4f-4b68-46e2-8734-ad3b59507552	12	7386590	9481274	1040	0.1072
f70dee4f-4b68-46e2-8734-ad3b59507552	12	9485313	9575696	23	-1.4843
f70dee4f-4b68-46e2-8734-ad3b59507552	12	9582373	11083616	1040	0.0541
f70dee4f-4b68-46e2-8734-ad3b59507552	12	11084237	11088933	3	-1.9818
f70dee4f-4b68-46e2-8734-ad3b59507552	12	11099275	11359558	134	0.0381
f70dee4f-4b68-46e2-8734-ad3b59507552	12	11359597	11390472	28	-0.9786
f70dee4f-4b68-46e2-8734-ad3b59507552	12	11399258	13989987	2181	0.1059
f70dee4f-4b68-46e2-8734-ad3b59507552	12	13990003	22582525	5408	0.0579
f70dee4f-4b68-46e2-8734-ad3b59507552	12	22586318	25200583	1897	0.1035
f70dee4f-4b68-46e2-8734-ad3b59507552	12	25201023	33227031	5950	0.2052
f70dee4f-4b68-46e2-8734-ad3b59507552	12	33232895	33235894	3	-1.5653
f70dee4f-4b68-46e2-8734-ad3b59507552	12	33237809	33242483	4	-3.4237
f70dee4f-4b68-46e2-8734-ad3b59507552	12	33246118	38116359	881	0.2805
f70dee4f-4b68-46e2-8734-ad3b59507552	12	38116881	45512057	4657	0.3548
f70dee4f-4b68-46e2-8734-ad3b59507552	12	45514957	45515754	2	1.883
f70dee4f-4b68-46e2-8734-ad3b59507552	12	45519509	46770335	702	0.3436
f70dee4f-4b68-46e2-8734-ad3b59507552	12	46770538	52030212	2809	0.4138
f70dee4f-4b68-46e2-8734-ad3b59507552	12	52030286	53091602	899	0.4974
f70dee4f-4b68-46e2-8734-ad3b59507552	12	53093911	56938187	2079	0.4081
f70dee4f-4b68-46e2-8734-ad3b59507552	12	56941697	56983725	16	1.01
f70dee4f-4b68-46e2-8734-ad3b59507552	12	56986593	58327448	689	0.4223
f70dee4f-4b68-46e2-8734-ad3b59507552	12	58336368	58336379	2	-1.0937
f70dee4f-4b68-46e2-8734-ad3b59507552	12	58337065	58555192	223	0.4017
f70dee4f-4b68-46e2-8734-ad3b59507552	12	58555326	62669331	2556	0.3314
f70dee4f-4b68-46e2-8734-ad3b59507552	12	62669516	70644384	5331	0.3771
f70dee4f-4b68-46e2-8734-ad3b59507552	12	70644506	77143791	3998	0.3479
f70dee4f-4b68-46e2-8734-ad3b59507552	12	77143985	88036290	6725	0.321
f70dee4f-4b68-46e2-8734-ad3b59507552	12	88036416	102348804	9442	0.3673
f70dee4f-4b68-46e2-8734-ad3b59507552	12	102353526	112942203	6917	0.4261
f70dee4f-4b68-46e2-8734-ad3b59507552	12	112942408	113963368	649	0.4851
f70dee4f-4b68-46e2-8734-ad3b59507552	12	113963940	113992525	40	0.1311
f70dee4f-4b68-46e2-8734-ad3b59507552	12	113992675	123990639	6359	0.4521
f70dee4f-4b68-46e2-8734-ad3b59507552	12	123991393	124984162	659	0.5294
f70dee4f-4b68-46e2-8734-ad3b59507552	12	124987055	125587080	407	0.4516
f70dee4f-4b68-46e2-8734-ad3b59507552	12	125588528	127091148	1354	0.4004
f70dee4f-4b68-46e2-8734-ad3b59507552	12	127100821	127101309	6	-0.5839
f70dee4f-4b68-46e2-8734-ad3b59507552	12	127101484	131623604	3964	0.427
f70dee4f-4b68-46e2-8734-ad3b59507552	12	131630460	131636170	6	0.3024
f70dee4f-4b68-46e2-8734-ad3b59507552	12	131648039	131648790	13	-1.2277
f70dee4f-4b68-46e2-8734-ad3b59507552	12	131657925	133201603	558	0.4261
f70dee4f-4b68-46e2-8734-ad3b59507552	13	18452809	19430533	467	0.3981
f70dee4f-4b68-46e2-8734-ad3b59507552	13	19430792	19943214	251	0.2809
f70dee4f-4b68-46e2-8734-ad3b59507552	13	19944120	25001458	3635	0.4107
f70dee4f-4b68-46e2-8734-ad3b59507552	13	25005786	25006494	2	-1.2282
f70dee4f-4b68-46e2-8734-ad3b59507552	13	25007627	25912856	636	0.4047
f70dee4f-4b68-46e2-8734-ad3b59507552	13	25912919	27074878	931	0.4819
f70dee4f-4b68-46e2-8734-ad3b59507552	13	27081813	37496998	7544	0.4057
f70dee4f-4b68-46e2-8734-ad3b59507552	13	37497899	37510620	16	-1.9674
f70dee4f-4b68-46e2-8734-ad3b59507552	13	37514193	53099762	10233	0.395
f70dee4f-4b68-46e2-8734-ad3b59507552	13	53099870	54220097	748	0.3361
f70dee4f-4b68-46e2-8734-ad3b59507552	13	54220220	54220270	2	-1.4393
f70dee4f-4b68-46e2-8734-ad3b59507552	13	54229996	63455353	5241	0.3465
f70dee4f-4b68-46e2-8734-ad3b59507552	13	63455558	64091052	385	0.4419
f70dee4f-4b68-46e2-8734-ad3b59507552	13	64091265	71900159	4918	0.3319
f70dee4f-4b68-46e2-8734-ad3b59507552	13	71902286	80906607	6281	0.3702
f70dee4f-4b68-46e2-8734-ad3b59507552	13	80909205	93947277	8112	0.3325
f70dee4f-4b68-46e2-8734-ad3b59507552	13	93949581	95279127	1027	0.403
f70dee4f-4b68-46e2-8734-ad3b59507552	13	95279756	95377112	78	0.1769
f70dee4f-4b68-46e2-8734-ad3b59507552	13	95378408	101251028	3751	0.4042
f70dee4f-4b68-46e2-8734-ad3b59507552	13	101259218	104583328	2792	0.347
f70dee4f-4b68-46e2-8734-ad3b59507552	13	104584555	105135702	452	0.3785
f70dee4f-4b68-46e2-8734-ad3b59507552	13	105139456	105633331	394	0.4726
f70dee4f-4b68-46e2-8734-ad3b59507552	13	105633807	109060363	2769	0.376
f70dee4f-4b68-46e2-8734-ad3b59507552	13	109060716	114212998	3345	0.4671
f70dee4f-4b68-46e2-8734-ad3b59507552	13	114216099	114342922	55	0.36
f70dee4f-4b68-46e2-8734-ad3b59507552	14	18239283	19795117	88	0.535
f70dee4f-4b68-46e2-8734-ad3b59507552	14	19795860	19955213	79	1.0333
f70dee4f-4b68-46e2-8734-ad3b59507552	14	19956767	21860397	1264	0.4241
f70dee4f-4b68-46e2-8734-ad3b59507552	14	21860829	22366964	457	0.6153
f70dee4f-4b68-46e2-8734-ad3b59507552	14	22368322	22490565	94	0.825
f70dee4f-4b68-46e2-8734-ad3b59507552	14	22490580	22545118	72	0.5436
f70dee4f-4b68-46e2-8734-ad3b59507552	14	22545694	22625942	68	0.4275
f70dee4f-4b68-46e2-8734-ad3b59507552	14	22626099	22630304	6	-0.453
f70dee4f-4b68-46e2-8734-ad3b59507552	14	22630485	24025440	776	0.4261
f70dee4f-4b68-46e2-8734-ad3b59507552	14	24025841	24030533	2	-0.9544
f70dee4f-4b68-46e2-8734-ad3b59507552	14	24030536	25608625	1069	0.4357
f70dee4f-4b68-46e2-8734-ad3b59507552	14	25608809	25652307	40	0.8646
f70dee4f-4b68-46e2-8734-ad3b59507552	14	25658632	31157171	3238	0.3751
f70dee4f-4b68-46e2-8734-ad3b59507552	14	31157582	34430094	2413	0.4354
f70dee4f-4b68-46e2-8734-ad3b59507552	14	34440264	40543248	3639	0.3881
f70dee4f-4b68-46e2-8734-ad3b59507552	14	40543394	41141487	440	0.3505
f70dee4f-4b68-46e2-8734-ad3b59507552	14	41145917	41188046	12	-0.268
f70dee4f-4b68-46e2-8734-ad3b59507552	14	41188146	48958235	4568	0.3405
f70dee4f-4b68-46e2-8734-ad3b59507552	14	48960021	50554305	875	0.4421
f70dee4f-4b68-46e2-8734-ad3b59507552	14	50564924	67456972	10979	0.3862
f70dee4f-4b68-46e2-8734-ad3b59507552	14	67461586	73529070	4018	0.4153
f70dee4f-4b68-46e2-8734-ad3b59507552	14	73534419	73554275	9	-0.9935
f70dee4f-4b68-46e2-8734-ad3b59507552	14	73563196	76542676	1794	0.4079
f70dee4f-4b68-46e2-8734-ad3b59507552	14	76543181	77301039	542	0.7169
f70dee4f-4b68-46e2-8734-ad3b59507552	14	77311301	80855556	2471	0.3884
f70dee4f-4b68-46e2-8734-ad3b59507552	14	80870140	80874918	4	-0.6559
f70dee4f-4b68-46e2-8734-ad3b59507552	14	80877850	81212725	235	0.3573
f70dee4f-4b68-46e2-8734-ad3b59507552	14	81224217	82511801	813	0.6105
f70dee4f-4b68-46e2-8734-ad3b59507552	14	82516388	84944567	1625	0.3209
f70dee4f-4b68-46e2-8734-ad3b59507552	14	84945846	85149836	147	0.5311
f70dee4f-4b68-46e2-8734-ad3b59507552	14	85152366	89170142	2670	0.6163
f70dee4f-4b68-46e2-8734-ad3b59507552	14	89172437	93501012	2699	0.7252
f70dee4f-4b68-46e2-8734-ad3b59507552	14	93505369	96323440	2263	0.8258
f70dee4f-4b68-46e2-8734-ad3b59507552	14	96330817	97921917	1131	0.7033
f70dee4f-4b68-46e2-8734-ad3b59507552	14	97923199	98707855	727	0.79
f70dee4f-4b68-46e2-8734-ad3b59507552	14	98711806	98726565	14	-0.6167
f70dee4f-4b68-46e2-8734-ad3b59507552	14	98727670	105483783	3472	0.8398
f70dee4f-4b68-46e2-8734-ad3b59507552	14	105484811	106547604	365	0.6952
f70dee4f-4b68-46e2-8734-ad3b59507552	14	106548518	106833801	140	0.7989
f70dee4f-4b68-46e2-8734-ad3b59507552	14	106834164	106877229	22	0.5872
f70dee4f-4b68-46e2-8734-ad3b59507552	15	19811075	20376311	95	0.3542
f70dee4f-4b68-46e2-8734-ad3b59507552	15	20380735	20384774	11	1.318
f70dee4f-4b68-46e2-8734-ad3b59507552	15	20384789	20642631	32	0.6919
f70dee4f-4b68-46e2-8734-ad3b59507552	15	20644306	20670989	13	0.3566
f70dee4f-4b68-46e2-8734-ad3b59507552	15	20981071	20988347	5	-0.6933
f70dee4f-4b68-46e2-8734-ad3b59507552	15	21005443	22584747	59	0.4765
f70dee4f-4b68-46e2-8734-ad3b59507552	15	22590285	23457305	333	0.2509
f70dee4f-4b68-46e2-8734-ad3b59507552	15	23457609	27896158	3200	0.402
f70dee4f-4b68-46e2-8734-ad3b59507552	15	27896453	30252720	1090	0.3224
f70dee4f-4b68-46e2-8734-ad3b59507552	15	30253290	53923283	14591	0.3723
f70dee4f-4b68-46e2-8734-ad3b59507552	15	53925960	57419960	2192	0.3295
f70dee4f-4b68-46e2-8734-ad3b59507552	15	57420010	60717603	2474	0.3897
f70dee4f-4b68-46e2-8734-ad3b59507552	15	60720060	76599286	9796	0.4106
f70dee4f-4b68-46e2-8734-ad3b59507552	15	76599400	76603434	19	1.151
f70dee4f-4b68-46e2-8734-ad3b59507552	15	76609838	81326375	3036	0.4096
f70dee4f-4b68-46e2-8734-ad3b59507552	15	81327199	93090725	7866	0.3836
f70dee4f-4b68-46e2-8734-ad3b59507552	15	93091219	93407295	322	0.2687
f70dee4f-4b68-46e2-8734-ad3b59507552	15	93407345	101928837	6382	0.3848
f70dee4f-4b68-46e2-8734-ad3b59507552	16	10777	6742053	4072	0.1694
f70dee4f-4b68-46e2-8734-ad3b59507552	16	6742187	7244638	646	0.0379
f70dee4f-4b68-46e2-8734-ad3b59507552	16	7245102	7779793	678	0.178
f70dee4f-4b68-46e2-8734-ad3b59507552	16	7781212	8186729	390	0.0913
f70dee4f-4b68-46e2-8734-ad3b59507552	16	8187241	8921661	672	0.2097
f70dee4f-4b68-46e2-8734-ad3b59507552	16	8921902	9080324	86	-0.1766
f70dee4f-4b68-46e2-8734-ad3b59507552	16	9088043	10503542	1355	0.1874
f70dee4f-4b68-46e2-8734-ad3b59507552	16	10504436	10504798	2	-1.3098
f70dee4f-4b68-46e2-8734-ad3b59507552	16	10507035	12589800	1558	0.207
f70dee4f-4b68-46e2-8734-ad3b59507552	16	12590668	12614546	54	-0.0598
f70dee4f-4b68-46e2-8734-ad3b59507552	16	12614953	14653245	1557	0.1994
f70dee4f-4b68-46e2-8734-ad3b59507552	16	14657199	19035517	1823	0.0541
f70dee4f-4b68-46e2-8734-ad3b59507552	16	19037052	20776538	1156	0.2079
f70dee4f-4b68-46e2-8734-ad3b59507552	16	20776862	21561840	338	-0.1753
f70dee4f-4b68-46e2-8734-ad3b59507552	16	21565495	22692541	439	-0.3318
f70dee4f-4b68-46e2-8734-ad3b59507552	16	22693199	55762598	12068	-0.2163
f70dee4f-4b68-46e2-8734-ad3b59507552	16	55762663	55775312	11	0.501
f70dee4f-4b68-46e2-8734-ad3b59507552	16	55775554	58834246	1840	-0.1929
f70dee4f-4b68-46e2-8734-ad3b59507552	16	58834364	65396885	4386	-0.3014
f70dee4f-4b68-46e2-8734-ad3b59507552	16	65401815	70091271	2527	-0.2005
f70dee4f-4b68-46e2-8734-ad3b59507552	16	70105639	70153189	11	-0.8765
f70dee4f-4b68-46e2-8734-ad3b59507552	16	70153291	70745123	238	-0.1169
f70dee4f-4b68-46e2-8734-ad3b59507552	16	70745241	72837009	949	-0.2513
f70dee4f-4b68-46e2-8734-ad3b59507552	16	72837306	73615795	559	-0.177
f70dee4f-4b68-46e2-8734-ad3b59507552	16	73616464	78338543	3758	-0.2543
f70dee4f-4b68-46e2-8734-ad3b59507552	16	78338714	78350868	15	0.5443
f70dee4f-4b68-46e2-8734-ad3b59507552	16	78351104	85133112	7313	-0.2289
f70dee4f-4b68-46e2-8734-ad3b59507552	16	85133127	89188966	2816	-0.1391
f70dee4f-4b68-46e2-8734-ad3b59507552	16	89189723	90096867	460	-0.2663
f70dee4f-4b68-46e2-8734-ad3b59507552	17	150733	1158019	525	-0.3123
f70dee4f-4b68-46e2-8734-ad3b59507552	17	1167328	1170069	4	-2.351
f70dee4f-4b68-46e2-8734-ad3b59507552	17	1176906	9789306	4964	-0.2059
f70dee4f-4b68-46e2-8734-ad3b59507552	17	9789731	9789744	2	-2.3177
f70dee4f-4b68-46e2-8734-ad3b59507552	17	9792063	13828451	3085	-0.2351
f70dee4f-4b68-46e2-8734-ad3b59507552	17	13828825	15439029	1315	-0.3295
f70dee4f-4b68-46e2-8734-ad3b59507552	17	15439565	43361222	12002	-0.2119
f70dee4f-4b68-46e2-8734-ad3b59507552	17	43362318	43362553	2	-2.4048
f70dee4f-4b68-46e2-8734-ad3b59507552	17	43366336	44615145	640	-0.1493
f70dee4f-4b68-46e2-8734-ad3b59507552	17	44616480	44616498	2	-2.3567
f70dee4f-4b68-46e2-8734-ad3b59507552	17	44616999	46039584	713	-0.2011
f70dee4f-4b68-46e2-8734-ad3b59507552	17	46039717	46571001	165	-0.5825
f70dee4f-4b68-46e2-8734-ad3b59507552	17	46664059	51094053	2278	-0.1854
f70dee4f-4b68-46e2-8734-ad3b59507552	17	51096695	54933309	2610	-0.2888
f70dee4f-4b68-46e2-8734-ad3b59507552	17	54941793	73852783	11911	-0.2315
f70dee4f-4b68-46e2-8734-ad3b59507552	17	73853350	74689025	542	-0.2991
f70dee4f-4b68-46e2-8734-ad3b59507552	17	74694557	76778743	970	-0.1732
f70dee4f-4b68-46e2-8734-ad3b59507552	17	76779413	76828731	27	-0.7261
f70dee4f-4b68-46e2-8734-ad3b59507552	17	76829384	83091923	3187	-0.1915
f70dee4f-4b68-46e2-8734-ad3b59507552	18	48133	6249063	4429	-0.3005
f70dee4f-4b68-46e2-8734-ad3b59507552	18	6253261	15396946	5958	-0.2435
f70dee4f-4b68-46e2-8734-ad3b59507552	18	15401764	21090828	57	-0.5627
f70dee4f-4b68-46e2-8734-ad3b59507552	18	21093001	25013937	2298	-0.2319
f70dee4f-4b68-46e2-8734-ad3b59507552	18	25016299	40680516	10010	-0.3037
f70dee4f-4b68-46e2-8734-ad3b59507552	18	40680526	40685425	14	-1.7288
f70dee4f-4b68-46e2-8734-ad3b59507552	18	40689534	47896106	4755	-0.2851
f70dee4f-4b68-46e2-8734-ad3b59507552	18	47896568	49019851	856	-0.1966
f70dee4f-4b68-46e2-8734-ad3b59507552	18	49022406	64493028	10802	-0.2988
f70dee4f-4b68-46e2-8734-ad3b59507552	18	64508606	64509065	3	-2.3962
f70dee4f-4b68-46e2-8734-ad3b59507552	18	64510272	65999785	1013	-0.3496
f70dee4f-4b68-46e2-8734-ad3b59507552	18	66000597	66065765	59	-0.0544
f70dee4f-4b68-46e2-8734-ad3b59507552	18	66065789	66095064	39	-0.3013
f70dee4f-4b68-46e2-8734-ad3b59507552	18	66099904	66100686	3	-2.854
f70dee4f-4b68-46e2-8734-ad3b59507552	18	66108359	71798886	4113	-0.3409
f70dee4f-4b68-46e2-8734-ad3b59507552	18	71799038	80257174	6249	-0.2848
f70dee4f-4b68-46e2-8734-ad3b59507552	19	90910	6522783	2052	-0.1447
f70dee4f-4b68-46e2-8734-ad3b59507552	19	6524395	7112165	313	-0.3148
f70dee4f-4b68-46e2-8734-ad3b59507552	19	7112254	14901422	3697	-0.1458
f70dee4f-4b68-46e2-8734-ad3b59507552	19	14901869	14940475	29	-0.6878
f70dee4f-4b68-46e2-8734-ad3b59507552	19	14941182	15713261	526	-0.1665
f70dee4f-4b68-46e2-8734-ad3b59507552	19	15714132	15714929	3	-1.6603
f70dee4f-4b68-46e2-8734-ad3b59507552	19	15722526	19672823	1843	-0.1445
f70dee4f-4b68-46e2-8734-ad3b59507552	19	19676473	29180471	3884	-0.2482
f70dee4f-4b68-46e2-8734-ad3b59507552	19	29180719	43193181	8211	-0.1841
f70dee4f-4b68-46e2-8734-ad3b59507552	19	43198881	43252085	22	-1.5544
f70dee4f-4b68-46e2-8734-ad3b59507552	19	43262507	52358120	4642	-0.1685
f70dee4f-4b68-46e2-8734-ad3b59507552	19	52359024	53864916	1066	-0.2863
f70dee4f-4b68-46e2-8734-ad3b59507552	19	53871273	55669602	867	-0.1878
f70dee4f-4b68-46e2-8734-ad3b59507552	19	55676477	55743710	50	0.4961
f70dee4f-4b68-46e2-8734-ad3b59507552	19	55744336	55754911	7	-0.8711
f70dee4f-4b68-46e2-8734-ad3b59507552	19	55755138	55929946	166	-0.1499
f70dee4f-4b68-46e2-8734-ad3b59507552	19	55929971	56004654	78	-0.4924
f70dee4f-4b68-46e2-8734-ad3b59507552	19	56005986	58586487	1604	-0.1863
f70dee4f-4b68-46e2-8734-ad3b59507552	20	80664	3827707	2803	-0.1879
f70dee4f-4b68-46e2-8734-ad3b59507552	20	3828119	5555662	1307	-0.2181
f70dee4f-4b68-46e2-8734-ad3b59507552	20	5556633	5697092	81	-0.5725
f70dee4f-4b68-46e2-8734-ad3b59507552	20	5697112	24647144	14959	-0.2428
f70dee4f-4b68-46e2-8734-ad3b59507552	20	24647328	30214279	838	-0.1887
f70dee4f-4b68-46e2-8734-ad3b59507552	20	30219666	49680716	11724	-0.148
f70dee4f-4b68-46e2-8734-ad3b59507552	20	49681321	49830689	100	-0.3845
f70dee4f-4b68-46e2-8734-ad3b59507552	20	49830823	52076360	1570	-0.1441
f70dee4f-4b68-46e2-8734-ad3b59507552	20	52076458	55723279	2889	-0.2077
f70dee4f-4b68-46e2-8734-ad3b59507552	20	55725540	55725690	2	-2.319
f70dee4f-4b68-46e2-8734-ad3b59507552	20	55726826	60918035	4185	-0.1668
f70dee4f-4b68-46e2-8734-ad3b59507552	20	60918346	60918850	4	-1.5881
f70dee4f-4b68-46e2-8734-ad3b59507552	20	60920015	64324800	1857	-0.1382
f70dee4f-4b68-46e2-8734-ad3b59507552	21	10354168	18848755	3667	0.1659
f70dee4f-4b68-46e2-8734-ad3b59507552	21	18849019	31054913	9189	0.0884
f70dee4f-4b68-46e2-8734-ad3b59507552	21	31057340	39750031	6386	0.1477
f70dee4f-4b68-46e2-8734-ad3b59507552	21	39750272	46275481	4322	0.2059
f70dee4f-4b68-46e2-8734-ad3b59507552	21	46275503	46677045	268	0.1386
f70dee4f-4b68-46e2-8734-ad3b59507552	22	15294547	18918093	1139	-0.2096
f70dee4f-4b68-46e2-8734-ad3b59507552	22	18947964	21746429	1659	-0.3149
f70dee4f-4b68-46e2-8734-ad3b59507552	22	21747003	23981995	1587	-0.2413
f70dee4f-4b68-46e2-8734-ad3b59507552	22	23988078	23989773	2	-2.868
f70dee4f-4b68-46e2-8734-ad3b59507552	22	23990431	24010678	16	-0.3989
f70dee4f-4b68-46e2-8734-ad3b59507552	22	24015674	48955516	17656	-0.1905
f70dee4f-4b68-46e2-8734-ad3b59507552	22	48955627	50796027	1176	-0.2565
f70dee4f-4b68-46e2-8734-ad3b59507552	X	251810	25902721	15723	0.0159
f70dee4f-4b68-46e2-8734-ad3b59507552	X	25907052	37885771	7587	-0.024
f70dee4f-4b68-46e2-8734-ad3b59507552	X	37885950	55408892	8652	0.0378
f70dee4f-4b68-46e2-8734-ad3b59507552	X	55424232	67998236	3649	-0.0066
f70dee4f-4b68-46e2-8734-ad3b59507552	X	68013833	78869372	4650	0.0308
f70dee4f-4b68-46e2-8734-ad3b59507552	X	78870851	79615147	452	-0.0387
f70dee4f-4b68-46e2-8734-ad3b59507552	X	79619371	79619565	2	1.7591
f70dee4f-4b68-46e2-8734-ad3b59507552	X	79623028	100116721	11047	-0.0363
f70dee4f-4b68-46e2-8734-ad3b59507552	X	100117288	128392892	15678	-0.0038
f70dee4f-4b68-46e2-8734-ad3b59507552	X	128393001	137200172	4656	0.0297
f70dee4f-4b68-46e2-8734-ad3b59507552	X	137200421	148203316	7295	-0.0153
f70dee4f-4b68-46e2-8734-ad3b59507552	X	148203857	151180019	1854	0.0495
f70dee4f-4b68-46e2-8734-ad3b59507552	X	151183110	152938777	1104	0.0069
f70dee4f-4b68-46e2-8734-ad3b59507552	X	152939432	152944488	7	-1.1629
f70dee4f-4b68-46e2-8734-ad3b59507552	X	152946391	152952463	6	-0.3207
f70dee4f-4b68-46e2-8734-ad3b59507552	X	152952875	154503223	715	0.116
f70dee4f-4b68-46e2-8734-ad3b59507552	X	154503246	155952689	496	0.0047
f70dee4f-4b68-46e2-8734-ad3b59507552	Y	2782397	6233384	784	-2.3528
f70dee4f-4b68-46e2-8734-ad3b59507552	Y	6249869	13478396	2481	-2.7964
f70dee4f-4b68-46e2-8734-ad3b59507552	Y	13478462	13482643	3	-7.5522
f70dee4f-4b68-46e2-8734-ad3b59507552	Y	13483009	26470764	3271	-2.7879
f70dee4f-4b68-46e2-8734-ad3b59507552	Y	26471929	56872112	101	-2.3721
