GDC_Aliquot	Chromosome	Start	End	Num_Probes	Segment_Mean
49d3c8a0-667e-4599-b8eb-1cd0e3449062	1	62920	826738	36	0.0774
49d3c8a0-667e-4599-b8eb-1cd0e3449062	1	833413	855169	7	-1.489
49d3c8a0-667e-4599-b8eb-1cd0e3449062	1	855630	5633477	2481	-0.2596
49d3c8a0-667e-4599-b8eb-1cd0e3449062	1	5639355	19988919	8374	-0.2983
49d3c8a0-667e-4599-b8eb-1cd0e3449062	1	19990256	23429662	2065	-0.2418
49d3c8a0-667e-4599-b8eb-1cd0e3449062	1	23429794	25256850	1007	-0.0868
49d3c8a0-667e-4599-b8eb-1cd0e3449062	1	25266637	25319693	21	-0.8966
49d3c8a0-667e-4599-b8eb-1cd0e3449062	1	25320198	29714523	1925	-0.1139
49d3c8a0-667e-4599-b8eb-1cd0e3449062	1	29714527	30641573	782	-0.0201
49d3c8a0-667e-4599-b8eb-1cd0e3449062	1	30645536	35938208	2832	-0.0833
49d3c8a0-667e-4599-b8eb-1cd0e3449062	1	35938518	36162525	90	-0.2626
49d3c8a0-667e-4599-b8eb-1cd0e3449062	1	36162550	36457336	142	-0.4154
49d3c8a0-667e-4599-b8eb-1cd0e3449062	1	36457358	37387369	642	-0.2248
49d3c8a0-667e-4599-b8eb-1cd0e3449062	1	37387733	47107741	5368	-0.2901
49d3c8a0-667e-4599-b8eb-1cd0e3449062	1	47108149	47108978	3	-1.9108
49d3c8a0-667e-4599-b8eb-1cd0e3449062	1	47111064	47531798	251	-0.2934
49d3c8a0-667e-4599-b8eb-1cd0e3449062	1	47531986	72302815	16576	-0.2423
49d3c8a0-667e-4599-b8eb-1cd0e3449062	1	72303233	72345465	46	0.7373
49d3c8a0-667e-4599-b8eb-1cd0e3449062	1	72346221	89009572	10889	-0.2264
49d3c8a0-667e-4599-b8eb-1cd0e3449062	1	89012275	89012522	2	-2.3608
49d3c8a0-667e-4599-b8eb-1cd0e3449062	1	89015841	95311820	3974	-0.2621
49d3c8a0-667e-4599-b8eb-1cd0e3449062	1	95312118	103614695	5075	-0.2164
49d3c8a0-667e-4599-b8eb-1cd0e3449062	1	103614714	103620877	5	-1.5255
49d3c8a0-667e-4599-b8eb-1cd0e3449062	1	103621165	105470754	921	-0.201
49d3c8a0-667e-4599-b8eb-1cd0e3449062	1	105476583	105479753	17	0.4129
49d3c8a0-667e-4599-b8eb-1cd0e3449062	1	105481433	107533721	1430	-0.2099
49d3c8a0-667e-4599-b8eb-1cd0e3449062	1	107534480	109684893	1198	-0.2844
49d3c8a0-667e-4599-b8eb-1cd0e3449062	1	109690352	109697556	12	1.6047
49d3c8a0-667e-4599-b8eb-1cd0e3449062	1	109702376	111289583	1215	-0.2421
49d3c8a0-667e-4599-b8eb-1cd0e3449062	1	111291443	111291867	7	0.5666
49d3c8a0-667e-4599-b8eb-1cd0e3449062	1	111292111	112147704	718	-0.2434
49d3c8a0-667e-4599-b8eb-1cd0e3449062	1	112153343	112154619	23	-0.7709
49d3c8a0-667e-4599-b8eb-1cd0e3449062	1	112154754	112882515	467	-0.2371
49d3c8a0-667e-4599-b8eb-1cd0e3449062	1	112883686	113000302	78	-0.4928
49d3c8a0-667e-4599-b8eb-1cd0e3449062	1	113001760	143928045	4720	-0.2398
49d3c8a0-667e-4599-b8eb-1cd0e3449062	1	143942271	151399571	1590	-0.0554
49d3c8a0-667e-4599-b8eb-1cd0e3449062	1	151399662	151400294	2	-1.7528
49d3c8a0-667e-4599-b8eb-1cd0e3449062	1	151400724	152381528	550	-0.061
49d3c8a0-667e-4599-b8eb-1cd0e3449062	1	152382758	152583291	162	0.0925
49d3c8a0-667e-4599-b8eb-1cd0e3449062	1	152583319	152614064	31	1.2557
49d3c8a0-667e-4599-b8eb-1cd0e3449062	1	152614100	153143621	452	0.0786
49d3c8a0-667e-4599-b8eb-1cd0e3449062	1	153143757	153438774	250	0.4143
49d3c8a0-667e-4599-b8eb-1cd0e3449062	1	153444444	153804190	163	0.5915
49d3c8a0-667e-4599-b8eb-1cd0e3449062	1	153818025	153852928	18	0.3093
49d3c8a0-667e-4599-b8eb-1cd0e3449062	1	153856913	154339220	198	-0.0757
49d3c8a0-667e-4599-b8eb-1cd0e3449062	1	154340756	154341543	3	-0.9948
49d3c8a0-667e-4599-b8eb-1cd0e3449062	1	154341932	155205866	452	-0.0457
49d3c8a0-667e-4599-b8eb-1cd0e3449062	1	155210569	155227671	11	-0.728
49d3c8a0-667e-4599-b8eb-1cd0e3449062	1	155228166	155496531	131	-0.0881
49d3c8a0-667e-4599-b8eb-1cd0e3449062	1	155497486	158075959	1446	-0.2814
49d3c8a0-667e-4599-b8eb-1cd0e3449062	1	158081420	158091253	12	-1.0597
49d3c8a0-667e-4599-b8eb-1cd0e3449062	1	158095744	158963751	702	-0.2193
49d3c8a0-667e-4599-b8eb-1cd0e3449062	1	158964523	159042544	70	0.2265
49d3c8a0-667e-4599-b8eb-1cd0e3449062	1	159060768	159876068	547	-0.2474
49d3c8a0-667e-4599-b8eb-1cd0e3449062	1	159878046	162719805	1837	-0.3115
49d3c8a0-667e-4599-b8eb-1cd0e3449062	1	162721012	173865037	8171	-0.2386
49d3c8a0-667e-4599-b8eb-1cd0e3449062	1	173865218	174245511	177	-0.0465
49d3c8a0-667e-4599-b8eb-1cd0e3449062	1	174246021	185839494	7707	-0.2305
49d3c8a0-667e-4599-b8eb-1cd0e3449062	1	185840172	196762956	7173	-0.1742
49d3c8a0-667e-4599-b8eb-1cd0e3449062	1	196769493	196846661	57	0.2837
49d3c8a0-667e-4599-b8eb-1cd0e3449062	1	196847600	198409088	882	-0.1842
49d3c8a0-667e-4599-b8eb-1cd0e3449062	1	198409678	198409939	3	-1.4269
49d3c8a0-667e-4599-b8eb-1cd0e3449062	1	198412854	199211153	537	-0.1928
49d3c8a0-667e-4599-b8eb-1cd0e3449062	1	199212704	213228934	9470	-0.2444
49d3c8a0-667e-4599-b8eb-1cd0e3449062	1	213234315	221635930	5976	-0.2009
49d3c8a0-667e-4599-b8eb-1cd0e3449062	1	221636210	223415253	1119	-0.2316
49d3c8a0-667e-4599-b8eb-1cd0e3449062	1	223420550	236452188	8746	-0.2573
49d3c8a0-667e-4599-b8eb-1cd0e3449062	1	236452834	245248051	6570	-0.2095
49d3c8a0-667e-4599-b8eb-1cd0e3449062	1	245248542	248930189	2366	-0.0851
49d3c8a0-667e-4599-b8eb-1cd0e3449062	2	12784	3680971	2562	-0.3071
49d3c8a0-667e-4599-b8eb-1cd0e3449062	2	3684956	3688948	5	-1.8499
49d3c8a0-667e-4599-b8eb-1cd0e3449062	2	3694481	4531578	730	-0.2338
49d3c8a0-667e-4599-b8eb-1cd0e3449062	2	4531621	5589497	873	0.1086
49d3c8a0-667e-4599-b8eb-1cd0e3449062	2	5590672	8512325	2544	-0.0859
49d3c8a0-667e-4599-b8eb-1cd0e3449062	2	8512930	12003852	2383	-0.1436
49d3c8a0-667e-4599-b8eb-1cd0e3449062	2	12003909	23537267	8328	-0.089
49d3c8a0-667e-4599-b8eb-1cd0e3449062	2	23537726	28915043	2686	-0.1689
49d3c8a0-667e-4599-b8eb-1cd0e3449062	2	28915454	34300513	3780	-0.0914
49d3c8a0-667e-4599-b8eb-1cd0e3449062	2	34300900	34466002	95	0.0118
49d3c8a0-667e-4599-b8eb-1cd0e3449062	2	34474248	34476668	6	-2.6413
49d3c8a0-667e-4599-b8eb-1cd0e3449062	2	34483565	34492841	23	-1.2741
49d3c8a0-667e-4599-b8eb-1cd0e3449062	2	34492907	34511990	16	-2.4171
49d3c8a0-667e-4599-b8eb-1cd0e3449062	2	34512096	35170935	426	-0.0254
49d3c8a0-667e-4599-b8eb-1cd0e3449062	2	35171695	35787172	469	0.1022
49d3c8a0-667e-4599-b8eb-1cd0e3449062	2	35788643	39620377	2755	0.0065
49d3c8a0-667e-4599-b8eb-1cd0e3449062	2	39620403	41790721	1788	0.0824
49d3c8a0-667e-4599-b8eb-1cd0e3449062	2	41790834	48815260	4863	0.0199
49d3c8a0-667e-4599-b8eb-1cd0e3449062	2	48815378	52527423	2659	0.1056
49d3c8a0-667e-4599-b8eb-1cd0e3449062	2	52527590	52527727	2	-1.9477
49d3c8a0-667e-4599-b8eb-1cd0e3449062	2	52527743	56263545	2746	0.0883
49d3c8a0-667e-4599-b8eb-1cd0e3449062	2	56263668	60112450	2607	0.1373
49d3c8a0-667e-4599-b8eb-1cd0e3449062	2	60112887	65635369	3003	0.0864
49d3c8a0-667e-4599-b8eb-1cd0e3449062	2	65641548	67174460	1148	0.1727
49d3c8a0-667e-4599-b8eb-1cd0e3449062	2	67177194	76483186	5919	0.1049
49d3c8a0-667e-4599-b8eb-1cd0e3449062	2	76483869	81601545	3497	0.1771
49d3c8a0-667e-4599-b8eb-1cd0e3449062	2	81602717	84717754	1799	0.1052
49d3c8a0-667e-4599-b8eb-1cd0e3449062	2	84717984	86098359	782	0.0053
49d3c8a0-667e-4599-b8eb-1cd0e3449062	2	86100905	113095212	11402	0.0906
49d3c8a0-667e-4599-b8eb-1cd0e3449062	2	113095215	113604438	224	-0.0592
49d3c8a0-667e-4599-b8eb-1cd0e3449062	2	113604837	113623244	3	-1.2688
49d3c8a0-667e-4599-b8eb-1cd0e3449062	2	113625975	128880504	9563	-0.0428
49d3c8a0-667e-4599-b8eb-1cd0e3449062	2	128880904	128882741	15	-1.2902
49d3c8a0-667e-4599-b8eb-1cd0e3449062	2	128882755	146104517	10370	-0.0291
49d3c8a0-667e-4599-b8eb-1cd0e3449062	2	146106836	146109366	24	-0.7593
49d3c8a0-667e-4599-b8eb-1cd0e3449062	2	146120238	178430217	19766	-0.0545
49d3c8a0-667e-4599-b8eb-1cd0e3449062	2	178431754	192781791	8517	-0.0361
49d3c8a0-667e-4599-b8eb-1cd0e3449062	2	192787274	195351205	1310	0.0263
49d3c8a0-667e-4599-b8eb-1cd0e3449062	2	195352602	203032174	4345	-0.053
49d3c8a0-667e-4599-b8eb-1cd0e3449062	2	203035077	203037323	3	-1.589
49d3c8a0-667e-4599-b8eb-1cd0e3449062	2	203039417	215046707	7686	-0.0174
49d3c8a0-667e-4599-b8eb-1cd0e3449062	2	215046787	230548966	10102	-0.063
49d3c8a0-667e-4599-b8eb-1cd0e3449062	2	230549015	238519063	5122	-0.1105
49d3c8a0-667e-4599-b8eb-1cd0e3449062	2	238519348	242104589	1979	-0.5571
49d3c8a0-667e-4599-b8eb-1cd0e3449062	2	242104665	242147305	10	-0.0999
49d3c8a0-667e-4599-b8eb-1cd0e3449062	3	20930	822942	653	-0.4466
49d3c8a0-667e-4599-b8eb-1cd0e3449062	3	824254	825176	2	-2.0834
49d3c8a0-667e-4599-b8eb-1cd0e3449062	3	825606	853342	26	-0.3897
49d3c8a0-667e-4599-b8eb-1cd0e3449062	3	855178	1177189	271	0.5131
49d3c8a0-667e-4599-b8eb-1cd0e3449062	3	1178388	2926956	1574	0.4063
49d3c8a0-667e-4599-b8eb-1cd0e3449062	3	2927375	2931355	5	-0.5063
49d3c8a0-667e-4599-b8eb-1cd0e3449062	3	2933398	7518372	4062	0.2988
49d3c8a0-667e-4599-b8eb-1cd0e3449062	3	7519338	8302289	700	0.2198
49d3c8a0-667e-4599-b8eb-1cd0e3449062	3	8304517	10127734	1247	0.1608
49d3c8a0-667e-4599-b8eb-1cd0e3449062	3	10128135	10267088	124	-0.016
49d3c8a0-667e-4599-b8eb-1cd0e3449062	3	10267301	18197380	5367	0.1595
49d3c8a0-667e-4599-b8eb-1cd0e3449062	3	18197551	22810578	3100	0.2386
49d3c8a0-667e-4599-b8eb-1cd0e3449062	3	22811637	25926195	2388	0.1141
49d3c8a0-667e-4599-b8eb-1cd0e3449062	3	25927421	26570394	415	0.2365
49d3c8a0-667e-4599-b8eb-1cd0e3449062	3	26570407	29908587	2305	0.142
49d3c8a0-667e-4599-b8eb-1cd0e3449062	3	29908678	30851227	755	0.2488
49d3c8a0-667e-4599-b8eb-1cd0e3449062	3	30852978	31499891	499	0.165
49d3c8a0-667e-4599-b8eb-1cd0e3449062	3	31500377	34557617	1757	0.1034
49d3c8a0-667e-4599-b8eb-1cd0e3449062	3	34559051	35905339	829	0.193
49d3c8a0-667e-4599-b8eb-1cd0e3449062	3	35905882	38016115	1522	0.0952
49d3c8a0-667e-4599-b8eb-1cd0e3449062	3	38022828	38090606	38	0.5687
49d3c8a0-667e-4599-b8eb-1cd0e3449062	3	38091165	45180200	4330	0.0619
49d3c8a0-667e-4599-b8eb-1cd0e3449062	3	45182149	47397599	1370	0.1702
49d3c8a0-667e-4599-b8eb-1cd0e3449062	3	47398864	48128618	289	-0.0123
49d3c8a0-667e-4599-b8eb-1cd0e3449062	3	48128930	48432749	121	0.3093
49d3c8a0-667e-4599-b8eb-1cd0e3449062	3	48434274	51681937	1272	0.0379
49d3c8a0-667e-4599-b8eb-1cd0e3449062	3	51686723	52994359	554	0.2389
49d3c8a0-667e-4599-b8eb-1cd0e3449062	3	52997720	53019944	61	0.4723
49d3c8a0-667e-4599-b8eb-1cd0e3449062	3	53020093	53554732	301	0.2099
49d3c8a0-667e-4599-b8eb-1cd0e3449062	3	53557082	54547236	710	0.3124
49d3c8a0-667e-4599-b8eb-1cd0e3449062	3	54549100	54816038	229	0.4619
49d3c8a0-667e-4599-b8eb-1cd0e3449062	3	54816486	55792752	853	0.3497
49d3c8a0-667e-4599-b8eb-1cd0e3449062	3	55798108	57404160	1005	0.208
49d3c8a0-667e-4599-b8eb-1cd0e3449062	3	57407516	57407571	2	-1.5597
49d3c8a0-667e-4599-b8eb-1cd0e3449062	3	57409039	58536344	591	0.1531
49d3c8a0-667e-4599-b8eb-1cd0e3449062	3	58539799	63993195	4652	0.2433
49d3c8a0-667e-4599-b8eb-1cd0e3449062	3	63998167	64340796	308	0.0704
49d3c8a0-667e-4599-b8eb-1cd0e3449062	3	64341587	64485909	152	0.2899
49d3c8a0-667e-4599-b8eb-1cd0e3449062	3	64486111	65615799	1074	0.3291
49d3c8a0-667e-4599-b8eb-1cd0e3449062	3	65615984	68682877	2080	0.4235
49d3c8a0-667e-4599-b8eb-1cd0e3449062	3	68697013	68698262	15	-0.2198
49d3c8a0-667e-4599-b8eb-1cd0e3449062	3	68699607	68876391	161	0.4684
49d3c8a0-667e-4599-b8eb-1cd0e3449062	3	68876413	69886703	832	0.37
49d3c8a0-667e-4599-b8eb-1cd0e3449062	3	69887064	71572181	1161	0.4364
49d3c8a0-667e-4599-b8eb-1cd0e3449062	3	71573298	71945542	279	0.3588
49d3c8a0-667e-4599-b8eb-1cd0e3449062	3	71945893	73131931	875	0.2866
49d3c8a0-667e-4599-b8eb-1cd0e3449062	3	73134600	73842346	581	0.3683
49d3c8a0-667e-4599-b8eb-1cd0e3449062	3	73845545	74168013	263	0.7615
49d3c8a0-667e-4599-b8eb-1cd0e3449062	3	74168032	74231178	47	0.5993
49d3c8a0-667e-4599-b8eb-1cd0e3449062	3	74233911	74278684	20	0.5232
49d3c8a0-667e-4599-b8eb-1cd0e3449062	3	74279081	75497579	685	0.288
49d3c8a0-667e-4599-b8eb-1cd0e3449062	3	75499418	75519398	8	-0.2216
49d3c8a0-667e-4599-b8eb-1cd0e3449062	3	75523398	75547095	8	0.9836
49d3c8a0-667e-4599-b8eb-1cd0e3449062	3	75559488	75628284	13	0.181
49d3c8a0-667e-4599-b8eb-1cd0e3449062	3	75632059	76035374	147	0.0194
49d3c8a0-667e-4599-b8eb-1cd0e3449062	3	76035469	77865265	1166	0.6982
49d3c8a0-667e-4599-b8eb-1cd0e3449062	3	77867936	79564393	917	0.9968
49d3c8a0-667e-4599-b8eb-1cd0e3449062	3	79564581	79646989	57	0.785
49d3c8a0-667e-4599-b8eb-1cd0e3449062	3	79647270	79651620	2	1.8989
49d3c8a0-667e-4599-b8eb-1cd0e3449062	3	79652006	80126902	277	0.8613
49d3c8a0-667e-4599-b8eb-1cd0e3449062	3	80129387	80136049	4	1.2694
49d3c8a0-667e-4599-b8eb-1cd0e3449062	3	80136128	81295054	648	0.7975
49d3c8a0-667e-4599-b8eb-1cd0e3449062	3	81295371	83133442	1023	0.6413
49d3c8a0-667e-4599-b8eb-1cd0e3449062	3	83133948	83268974	57	-0.1043
49d3c8a0-667e-4599-b8eb-1cd0e3449062	3	83275703	84053071	350	0.2273
49d3c8a0-667e-4599-b8eb-1cd0e3449062	3	84056282	84057015	2	-3.4243
49d3c8a0-667e-4599-b8eb-1cd0e3449062	3	84061816	84420591	171	0.1503
49d3c8a0-667e-4599-b8eb-1cd0e3449062	3	84422926	86267678	1084	0.2173
49d3c8a0-667e-4599-b8eb-1cd0e3449062	3	86272595	86272950	2	-1.5805
49d3c8a0-667e-4599-b8eb-1cd0e3449062	3	86273663	98299232	4486	0.2122
49d3c8a0-667e-4599-b8eb-1cd0e3449062	3	98299513	110103198	7023	0.1455
49d3c8a0-667e-4599-b8eb-1cd0e3449062	3	110103896	119288601	5897	0.1853
49d3c8a0-667e-4599-b8eb-1cd0e3449062	3	119289243	119297516	3	-1.0064
49d3c8a0-667e-4599-b8eb-1cd0e3449062	3	119298535	130067531	6295	0.145
49d3c8a0-667e-4599-b8eb-1cd0e3449062	3	130067896	130075961	22	0.941
49d3c8a0-667e-4599-b8eb-1cd0e3449062	3	130079892	162795361	20210	0.1649
49d3c8a0-667e-4599-b8eb-1cd0e3449062	3	162795671	162807070	8	1.0324
49d3c8a0-667e-4599-b8eb-1cd0e3449062	3	162810842	162815162	4	-0.1817
49d3c8a0-667e-4599-b8eb-1cd0e3449062	3	162816942	162822685	5	-1.302
49d3c8a0-667e-4599-b8eb-1cd0e3449062	3	162822702	162911124	56	0.5883
49d3c8a0-667e-4599-b8eb-1cd0e3449062	3	162911782	169631156	3889	0.1916
49d3c8a0-667e-4599-b8eb-1cd0e3449062	3	169632074	169632816	2	1.5883
49d3c8a0-667e-4599-b8eb-1cd0e3449062	3	169634670	169685703	26	0.2162
49d3c8a0-667e-4599-b8eb-1cd0e3449062	3	169685832	172823340	1968	0.1327
49d3c8a0-667e-4599-b8eb-1cd0e3449062	3	172825212	175228665	1602	0.1748
49d3c8a0-667e-4599-b8eb-1cd0e3449062	3	175228787	183252136	4818	0.0242
49d3c8a0-667e-4599-b8eb-1cd0e3449062	3	183252406	186040959	1460	-0.0628
49d3c8a0-667e-4599-b8eb-1cd0e3449062	3	186043094	193160256	5325	0.0016
49d3c8a0-667e-4599-b8eb-1cd0e3449062	3	193160406	193165114	17	-1.1401
49d3c8a0-667e-4599-b8eb-1cd0e3449062	3	193168646	195558822	1474	-0.016
49d3c8a0-667e-4599-b8eb-1cd0e3449062	3	195559056	195747892	45	-0.7509
49d3c8a0-667e-4599-b8eb-1cd0e3449062	3	195751823	197243254	700	-0.0739
49d3c8a0-667e-4599-b8eb-1cd0e3449062	3	197245963	198011040	369	-0.2014
49d3c8a0-667e-4599-b8eb-1cd0e3449062	3	198016312	198111566	77	-0.0169
49d3c8a0-667e-4599-b8eb-1cd0e3449062	3	198118345	198169247	17	-0.7912
49d3c8a0-667e-4599-b8eb-1cd0e3449062	4	68929	3727925	1514	0.0628
49d3c8a0-667e-4599-b8eb-1cd0e3449062	4	3739533	13590908	6890	-0.0565
49d3c8a0-667e-4599-b8eb-1cd0e3449062	4	13592769	13710436	85	0.4034
49d3c8a0-667e-4599-b8eb-1cd0e3449062	4	13711301	14683159	838	0.04
49d3c8a0-667e-4599-b8eb-1cd0e3449062	4	14683885	15963842	903	0.4273
49d3c8a0-667e-4599-b8eb-1cd0e3449062	4	15966516	17318895	1041	0.5419
49d3c8a0-667e-4599-b8eb-1cd0e3449062	4	17319322	17702326	328	0.7783
49d3c8a0-667e-4599-b8eb-1cd0e3449062	4	17702378	18126935	202	0.5355
49d3c8a0-667e-4599-b8eb-1cd0e3449062	4	18127018	19246627	729	0.7362
49d3c8a0-667e-4599-b8eb-1cd0e3449062	4	19246737	19260490	10	1.1699
49d3c8a0-667e-4599-b8eb-1cd0e3449062	4	19260550	19432502	111	1.4764
49d3c8a0-667e-4599-b8eb-1cd0e3449062	4	19432931	20217822	434	0.9869
49d3c8a0-667e-4599-b8eb-1cd0e3449062	4	20217837	20929062	457	1.1257
49d3c8a0-667e-4599-b8eb-1cd0e3449062	4	20934384	21417145	400	1.045
49d3c8a0-667e-4599-b8eb-1cd0e3449062	4	21423750	22247843	649	0.9776
49d3c8a0-667e-4599-b8eb-1cd0e3449062	4	22249470	23163660	536	1.0802
49d3c8a0-667e-4599-b8eb-1cd0e3449062	4	23165018	28488215	3651	0.956
49d3c8a0-667e-4599-b8eb-1cd0e3449062	4	28488357	29314452	570	1.0551
49d3c8a0-667e-4599-b8eb-1cd0e3449062	4	29316617	29316627	2	-1.8258
49d3c8a0-667e-4599-b8eb-1cd0e3449062	4	29316643	30716313	895	0.9787
49d3c8a0-667e-4599-b8eb-1cd0e3449062	4	30733344	34041961	1947	1.532
49d3c8a0-667e-4599-b8eb-1cd0e3449062	4	34044111	34777418	441	0.9621
49d3c8a0-667e-4599-b8eb-1cd0e3449062	4	34777432	34822561	38	1.5088
49d3c8a0-667e-4599-b8eb-1cd0e3449062	4	34823103	35975931	744	0.9727
49d3c8a0-667e-4599-b8eb-1cd0e3449062	4	35982500	36201750	158	0.1284
49d3c8a0-667e-4599-b8eb-1cd0e3449062	4	36205400	37369444	827	0.9859
49d3c8a0-667e-4599-b8eb-1cd0e3449062	4	37372424	37883710	416	0.8892
49d3c8a0-667e-4599-b8eb-1cd0e3449062	4	37887106	39423161	1036	0.3785
49d3c8a0-667e-4599-b8eb-1cd0e3449062	4	39424581	40629459	649	0.3024
49d3c8a0-667e-4599-b8eb-1cd0e3449062	4	40630817	41313643	459	0.4427
49d3c8a0-667e-4599-b8eb-1cd0e3449062	4	41315645	46402396	3095	0.6613
49d3c8a0-667e-4599-b8eb-1cd0e3449062	4	46410269	46806609	168	0.6057
49d3c8a0-667e-4599-b8eb-1cd0e3449062	4	46809358	47601978	479	0.4982
49d3c8a0-667e-4599-b8eb-1cd0e3449062	4	47603493	48288216	560	0.5906
49d3c8a0-667e-4599-b8eb-1cd0e3449062	4	48291178	48586806	145	0.6659
49d3c8a0-667e-4599-b8eb-1cd0e3449062	4	48591287	48771732	70	0.4664
49d3c8a0-667e-4599-b8eb-1cd0e3449062	4	48775189	54290615	1692	0.2473
49d3c8a0-667e-4599-b8eb-1cd0e3449062	4	54290635	56746675	1683	-0.0207
49d3c8a0-667e-4599-b8eb-1cd0e3449062	4	56747146	57149733	277	-0.1263
49d3c8a0-667e-4599-b8eb-1cd0e3449062	4	57150278	68395346	6904	0.0087
49d3c8a0-667e-4599-b8eb-1cd0e3449062	4	68416487	68478894	14	0.2623
49d3c8a0-667e-4599-b8eb-1cd0e3449062	4	68494770	68530744	14	-1.9183
49d3c8a0-667e-4599-b8eb-1cd0e3449062	4	68530748	68569894	19	-0.6543
49d3c8a0-667e-4599-b8eb-1cd0e3449062	4	68570184	68620261	34	-1.7279
49d3c8a0-667e-4599-b8eb-1cd0e3449062	4	68623617	72651414	2302	-0.0021
49d3c8a0-667e-4599-b8eb-1cd0e3449062	4	72653192	72786820	88	0.3488
49d3c8a0-667e-4599-b8eb-1cd0e3449062	4	72790329	78076029	3449	-0.0271
49d3c8a0-667e-4599-b8eb-1cd0e3449062	4	78076998	79220040	760	0.3599
49d3c8a0-667e-4599-b8eb-1cd0e3449062	4	79223715	82123560	1723	0.4186
49d3c8a0-667e-4599-b8eb-1cd0e3449062	4	82123629	83603404	824	0.3497
49d3c8a0-667e-4599-b8eb-1cd0e3449062	4	83604055	98661839	9042	-0.0092
49d3c8a0-667e-4599-b8eb-1cd0e3449062	4	98662488	98662631	2	-3.1299
49d3c8a0-667e-4599-b8eb-1cd0e3449062	4	98662692	114252544	9388	-0.0176
49d3c8a0-667e-4599-b8eb-1cd0e3449062	4	114254167	114261019	23	-1.1874
49d3c8a0-667e-4599-b8eb-1cd0e3449062	4	114263073	137017653	13073	-0.0029
49d3c8a0-667e-4599-b8eb-1cd0e3449062	4	137017888	137262373	236	0.1608
49d3c8a0-667e-4599-b8eb-1cd0e3449062	4	137262390	160950608	14532	-0.0006
49d3c8a0-667e-4599-b8eb-1cd0e3449062	4	160950630	160964197	48	0.4205
49d3c8a0-667e-4599-b8eb-1cd0e3449062	4	160966393	161900726	613	0.0393
49d3c8a0-667e-4599-b8eb-1cd0e3449062	4	161907461	165623358	2402	0.1825
49d3c8a0-667e-4599-b8eb-1cd0e3449062	4	165623993	166229803	389	0.0722
49d3c8a0-667e-4599-b8eb-1cd0e3449062	4	166231683	166734471	259	0.1457
49d3c8a0-667e-4599-b8eb-1cd0e3449062	4	166734922	166881895	78	0.0343
49d3c8a0-667e-4599-b8eb-1cd0e3449062	4	166883000	167578477	385	-0.1122
49d3c8a0-667e-4599-b8eb-1cd0e3449062	4	167587729	167874462	195	0.0774
49d3c8a0-667e-4599-b8eb-1cd0e3449062	4	167874528	168095771	182	0.4353
49d3c8a0-667e-4599-b8eb-1cd0e3449062	4	168096245	168941381	636	0.3302
49d3c8a0-667e-4599-b8eb-1cd0e3449062	4	168944559	169088652	92	0.4858
49d3c8a0-667e-4599-b8eb-1cd0e3449062	4	169091503	169576817	251	0.7587
49d3c8a0-667e-4599-b8eb-1cd0e3449062	4	169582726	169662514	48	0.5031
49d3c8a0-667e-4599-b8eb-1cd0e3449062	4	169666381	171448195	1097	-0.6008
49d3c8a0-667e-4599-b8eb-1cd0e3449062	4	171453733	171456307	9	0.9832
49d3c8a0-667e-4599-b8eb-1cd0e3449062	4	171456559	172501371	639	-0.6082
49d3c8a0-667e-4599-b8eb-1cd0e3449062	4	172503796	172507492	7	0.8241
49d3c8a0-667e-4599-b8eb-1cd0e3449062	4	172519981	180688733	5273	-0.6209
49d3c8a0-667e-4599-b8eb-1cd0e3449062	4	180692598	180693075	2	-3.1394
49d3c8a0-667e-4599-b8eb-1cd0e3449062	4	180693215	184052827	2430	-0.6629
49d3c8a0-667e-4599-b8eb-1cd0e3449062	4	184053082	185097402	777	-0.7972
49d3c8a0-667e-4599-b8eb-1cd0e3449062	4	185097707	190106768	3292	-0.6379
49d3c8a0-667e-4599-b8eb-1cd0e3449062	5	15532	681187	304	-0.0472
49d3c8a0-667e-4599-b8eb-1cd0e3449062	5	685389	773432	28	-0.3768
49d3c8a0-667e-4599-b8eb-1cd0e3449062	5	773453	896700	39	-0.0473
49d3c8a0-667e-4599-b8eb-1cd0e3449062	5	905586	913983	6	-1.4697
49d3c8a0-667e-4599-b8eb-1cd0e3449062	5	914118	1912071	555	-0.0968
49d3c8a0-667e-4599-b8eb-1cd0e3449062	5	1913502	3671022	1670	0.0041
49d3c8a0-667e-4599-b8eb-1cd0e3449062	5	3671100	3671640	3	-1.3059
49d3c8a0-667e-4599-b8eb-1cd0e3449062	5	3672629	10159973	5632	-0.0055
49d3c8a0-667e-4599-b8eb-1cd0e3449062	5	10160353	10964214	648	-0.1123
49d3c8a0-667e-4599-b8eb-1cd0e3449062	5	10964445	17921963	4648	-0.0298
49d3c8a0-667e-4599-b8eb-1cd0e3449062	5	17928463	25821576	4623	0.0521
49d3c8a0-667e-4599-b8eb-1cd0e3449062	5	25821773	25821918	2	-1.7867
49d3c8a0-667e-4599-b8eb-1cd0e3449062	5	25824379	27524345	1001	0.0524
49d3c8a0-667e-4599-b8eb-1cd0e3449062	5	27525283	27525407	2	-2.945
49d3c8a0-667e-4599-b8eb-1cd0e3449062	5	27525800	36448793	5865	0.0759
49d3c8a0-667e-4599-b8eb-1cd0e3449062	5	36448961	40963768	2988	0.0304
49d3c8a0-667e-4599-b8eb-1cd0e3449062	5	40964455	40964493	2	-1.5545
49d3c8a0-667e-4599-b8eb-1cd0e3449062	5	40964750	41183108	151	0.0537
49d3c8a0-667e-4599-b8eb-1cd0e3449062	5	41183786	46251204	2375	0.0864
49d3c8a0-667e-4599-b8eb-1cd0e3449062	5	46270906	46273400	8	-1.5849
49d3c8a0-667e-4599-b8eb-1cd0e3449062	5	46278110	51215818	526	-0.2828
49d3c8a0-667e-4599-b8eb-1cd0e3449062	5	51218693	53626326	1541	-0.4426
49d3c8a0-667e-4599-b8eb-1cd0e3449062	5	53629972	57753386	2790	-0.2638
49d3c8a0-667e-4599-b8eb-1cd0e3449062	5	57754532	63532814	3799	0.1066
49d3c8a0-667e-4599-b8eb-1cd0e3449062	5	63549999	63841502	186	0.5085
49d3c8a0-667e-4599-b8eb-1cd0e3449062	5	63843413	64943696	545	0.3829
49d3c8a0-667e-4599-b8eb-1cd0e3449062	5	64944081	68510380	2426	0.0885
49d3c8a0-667e-4599-b8eb-1cd0e3449062	5	68510447	69396091	484	-0.4572
49d3c8a0-667e-4599-b8eb-1cd0e3449062	5	69401305	78146122	4590	0.1042
49d3c8a0-667e-4599-b8eb-1cd0e3449062	5	78153393	86209207	4757	-0.2169
49d3c8a0-667e-4599-b8eb-1cd0e3449062	5	86209512	86815939	321	-0.4081
49d3c8a0-667e-4599-b8eb-1cd0e3449062	5	86819561	86823329	3	-1.8625
49d3c8a0-667e-4599-b8eb-1cd0e3449062	5	86825812	86954796	80	-0.4184
49d3c8a0-667e-4599-b8eb-1cd0e3449062	5	86956745	88483229	729	-0.2059
49d3c8a0-667e-4599-b8eb-1cd0e3449062	5	88483247	88623982	94	-0.4855
49d3c8a0-667e-4599-b8eb-1cd0e3449062	5	88630237	91989392	1852	-0.0285
49d3c8a0-667e-4599-b8eb-1cd0e3449062	5	91990291	92204220	111	0.4029
49d3c8a0-667e-4599-b8eb-1cd0e3449062	5	92206286	92731043	263	0.0072
49d3c8a0-667e-4599-b8eb-1cd0e3449062	5	92731291	92790956	28	0.4123
49d3c8a0-667e-4599-b8eb-1cd0e3449062	5	92795982	93565309	404	-0.0205
49d3c8a0-667e-4599-b8eb-1cd0e3449062	5	93569163	94572184	457	0.4117
49d3c8a0-667e-4599-b8eb-1cd0e3449062	5	94572902	97678977	1891	-0.0197
49d3c8a0-667e-4599-b8eb-1cd0e3449062	5	97683763	99656175	1093	0.4123
49d3c8a0-667e-4599-b8eb-1cd0e3449062	5	99656636	100701531	622	-0.0252
49d3c8a0-667e-4599-b8eb-1cd0e3449062	5	100704241	100773348	54	0.3078
49d3c8a0-667e-4599-b8eb-1cd0e3449062	5	100773556	104515520	2163	-0.0833
49d3c8a0-667e-4599-b8eb-1cd0e3449062	5	104524672	104524903	4	1.7546
49d3c8a0-667e-4599-b8eb-1cd0e3449062	5	104525348	107403409	1773	-0.0555
49d3c8a0-667e-4599-b8eb-1cd0e3449062	5	107403500	110737662	2166	0.047
49d3c8a0-667e-4599-b8eb-1cd0e3449062	5	110741315	116179435	3921	-0.0948
49d3c8a0-667e-4599-b8eb-1cd0e3449062	5	116184914	116616578	419	0.3933
49d3c8a0-667e-4599-b8eb-1cd0e3449062	5	116621604	118750064	1551	-0.0603
49d3c8a0-667e-4599-b8eb-1cd0e3449062	5	118750242	119879099	675	0.1512
49d3c8a0-667e-4599-b8eb-1cd0e3449062	5	119888660	119940625	34	-0.066
49d3c8a0-667e-4599-b8eb-1cd0e3449062	5	119941314	132225629	7531	-0.1121
49d3c8a0-667e-4599-b8eb-1cd0e3449062	5	132225849	140794719	5022	-0.1685
49d3c8a0-667e-4599-b8eb-1cd0e3449062	5	140794826	141472591	283	-0.0426
49d3c8a0-667e-4599-b8eb-1cd0e3449062	5	141475762	144030771	1790	-0.1777
49d3c8a0-667e-4599-b8eb-1cd0e3449062	5	144031142	149223365	3454	-0.1214
49d3c8a0-667e-4599-b8eb-1cd0e3449062	5	149226754	155230102	4040	-0.1542
49d3c8a0-667e-4599-b8eb-1cd0e3449062	5	155230317	156834726	1163	-0.0728
49d3c8a0-667e-4599-b8eb-1cd0e3449062	5	156835107	160470494	2465	-0.1504
49d3c8a0-667e-4599-b8eb-1cd0e3449062	5	160476863	163385504	1869	-0.0916
49d3c8a0-667e-4599-b8eb-1cd0e3449062	5	163385595	163888174	373	-0.1901
49d3c8a0-667e-4599-b8eb-1cd0e3449062	5	163889330	168282230	3009	-0.0938
49d3c8a0-667e-4599-b8eb-1cd0e3449062	5	168282835	172022887	2823	-0.1534
49d3c8a0-667e-4599-b8eb-1cd0e3449062	5	172023711	172210373	148	-0.3374
49d3c8a0-667e-4599-b8eb-1cd0e3449062	5	172214470	181363319	5506	-0.1708
49d3c8a0-667e-4599-b8eb-1cd0e3449062	6	149661	26112665	19796	-0.0327
49d3c8a0-667e-4599-b8eb-1cd0e3449062	6	26113112	26473816	252	-0.1796
49d3c8a0-667e-4599-b8eb-1cd0e3449062	6	26473833	29869295	1517	-0.0433
49d3c8a0-667e-4599-b8eb-1cd0e3449062	6	29869410	29882603	20	0.8212
49d3c8a0-667e-4599-b8eb-1cd0e3449062	6	29903859	32722250	1264	-0.103
49d3c8a0-667e-4599-b8eb-1cd0e3449062	6	32723020	32723053	3	2.1704
49d3c8a0-667e-4599-b8eb-1cd0e3449062	6	32732907	38662674	3551	-0.0802
49d3c8a0-667e-4599-b8eb-1cd0e3449062	6	38662865	41567183	2225	-0.0205
49d3c8a0-667e-4599-b8eb-1cd0e3449062	6	41568689	46364534	2852	-0.0704
49d3c8a0-667e-4599-b8eb-1cd0e3449062	6	46367432	46759371	243	-0.1973
49d3c8a0-667e-4599-b8eb-1cd0e3449062	6	46761507	51120118	2661	-0.0296
49d3c8a0-667e-4599-b8eb-1cd0e3449062	6	51120769	54066286	2070	-0.2146
49d3c8a0-667e-4599-b8eb-1cd0e3449062	6	54066353	54070550	8	0.6966
49d3c8a0-667e-4599-b8eb-1cd0e3449062	6	54070617	54980887	601	-0.2262
49d3c8a0-667e-4599-b8eb-1cd0e3449062	6	54983657	54984392	3	-1.5755
49d3c8a0-667e-4599-b8eb-1cd0e3449062	6	54987314	70354353	7504	-0.1922
49d3c8a0-667e-4599-b8eb-1cd0e3449062	6	70354592	73882509	2238	-0.2934
49d3c8a0-667e-4599-b8eb-1cd0e3449062	6	73882741	73887625	8	0.6944
49d3c8a0-667e-4599-b8eb-1cd0e3449062	6	73891694	78166253	2691	-0.2975
49d3c8a0-667e-4599-b8eb-1cd0e3449062	6	78166791	78253172	70	-0.1585
49d3c8a0-667e-4599-b8eb-1cd0e3449062	6	78259348	78325468	111	-2.4237
49d3c8a0-667e-4599-b8eb-1cd0e3449062	6	78329517	90629654	7704	-0.3079
49d3c8a0-667e-4599-b8eb-1cd0e3449062	6	90630207	103286954	7708	-0.24
49d3c8a0-667e-4599-b8eb-1cd0e3449062	6	103290101	103314186	45	0.4993
49d3c8a0-667e-4599-b8eb-1cd0e3449062	6	103317795	105674290	1447	-0.2463
49d3c8a0-667e-4599-b8eb-1cd0e3449062	6	105676962	111239098	3439	-0.3072
49d3c8a0-667e-4599-b8eb-1cd0e3449062	6	111239743	113900791	1747	-0.2585
49d3c8a0-667e-4599-b8eb-1cd0e3449062	6	113903677	113903852	2	-2.5094
49d3c8a0-667e-4599-b8eb-1cd0e3449062	6	113904647	133537272	12085	-0.2487
49d3c8a0-667e-4599-b8eb-1cd0e3449062	6	133537714	134688173	797	-0.338
49d3c8a0-667e-4599-b8eb-1cd0e3449062	6	134689819	138456649	2624	-0.2721
49d3c8a0-667e-4599-b8eb-1cd0e3449062	6	138460884	138463813	2	-1.8387
49d3c8a0-667e-4599-b8eb-1cd0e3449062	6	138465446	148131866	6009	-0.2749
49d3c8a0-667e-4599-b8eb-1cd0e3449062	6	148134052	149783616	1110	-0.3267
49d3c8a0-667e-4599-b8eb-1cd0e3449062	6	149790418	150378542	404	-0.1347
49d3c8a0-667e-4599-b8eb-1cd0e3449062	6	150378959	153992036	2733	-0.2891
49d3c8a0-667e-4599-b8eb-1cd0e3449062	6	153994453	154133360	103	-0.0551
49d3c8a0-667e-4599-b8eb-1cd0e3449062	6	154133838	161566018	4963	-0.148
49d3c8a0-667e-4599-b8eb-1cd0e3449062	6	161567735	162546064	888	-0.0739
49d3c8a0-667e-4599-b8eb-1cd0e3449062	6	162550516	168320807	4044	-0.4496
49d3c8a0-667e-4599-b8eb-1cd0e3449062	6	168321345	168344433	23	-0.3175
49d3c8a0-667e-4599-b8eb-1cd0e3449062	6	168348231	169023103	532	-0.1047
49d3c8a0-667e-4599-b8eb-1cd0e3449062	6	169027949	170741917	1033	-0.4669
49d3c8a0-667e-4599-b8eb-1cd0e3449062	7	43355	3309993	1374	0.1543
49d3c8a0-667e-4599-b8eb-1cd0e3449062	7	3310395	4581037	1099	0.3008
49d3c8a0-667e-4599-b8eb-1cd0e3449062	7	4581054	7210818	1153	0.2287
49d3c8a0-667e-4599-b8eb-1cd0e3449062	7	7210972	8349683	1043	0.3075
49d3c8a0-667e-4599-b8eb-1cd0e3449062	7	8350096	10591146	1807	0.379
49d3c8a0-667e-4599-b8eb-1cd0e3449062	7	10591383	11785584	984	0.2994
49d3c8a0-667e-4599-b8eb-1cd0e3449062	7	11786213	12310478	453	0.4271
49d3c8a0-667e-4599-b8eb-1cd0e3449062	7	12311150	13602990	935	0.279
49d3c8a0-667e-4599-b8eb-1cd0e3449062	7	13603905	21244924	6224	0.3159
49d3c8a0-667e-4599-b8eb-1cd0e3449062	7	21247839	38525670	12472	0.2828
49d3c8a0-667e-4599-b8eb-1cd0e3449062	7	38528082	38577422	43	0.7099
49d3c8a0-667e-4599-b8eb-1cd0e3449062	7	38577911	40874953	1422	0.3009
49d3c8a0-667e-4599-b8eb-1cd0e3449062	7	40875176	42337240	1068	0.5447
49d3c8a0-667e-4599-b8eb-1cd0e3449062	7	42339049	48319997	3859	0.2779
49d3c8a0-667e-4599-b8eb-1cd0e3449062	7	48320740	54600232	4607	0.375
49d3c8a0-667e-4599-b8eb-1cd0e3449062	7	54603724	67560939	3740	0.3177
49d3c8a0-667e-4599-b8eb-1cd0e3449062	7	67563894	68451144	606	0.3683
49d3c8a0-667e-4599-b8eb-1cd0e3449062	7	68451735	68481537	15	0.2642
49d3c8a0-667e-4599-b8eb-1cd0e3449062	7	68483472	68709908	173	0.074
49d3c8a0-667e-4599-b8eb-1cd0e3449062	7	68713584	69831901	687	0.3196
49d3c8a0-667e-4599-b8eb-1cd0e3449062	7	69835982	70520637	380	0.0863
49d3c8a0-667e-4599-b8eb-1cd0e3449062	7	70522961	70955452	311	0.3445
49d3c8a0-667e-4599-b8eb-1cd0e3449062	7	70958264	70961155	2	-1.8478
49d3c8a0-667e-4599-b8eb-1cd0e3449062	7	70963257	71200991	160	0.3103
49d3c8a0-667e-4599-b8eb-1cd0e3449062	7	71201313	72020626	563	0.5076
49d3c8a0-667e-4599-b8eb-1cd0e3449062	7	72021944	72223878	127	0.886
49d3c8a0-667e-4599-b8eb-1cd0e3449062	7	72228448	72229180	4	-0.3311
49d3c8a0-667e-4599-b8eb-1cd0e3449062	7	72231642	72985154	329	0.8791
49d3c8a0-667e-4599-b8eb-1cd0e3449062	7	73001498	74256895	345	0.6107
49d3c8a0-667e-4599-b8eb-1cd0e3449062	7	74256944	76299601	540	0.2206
49d3c8a0-667e-4599-b8eb-1cd0e3449062	7	76299806	88493635	7620	0.07
49d3c8a0-667e-4599-b8eb-1cd0e3449062	7	88493911	90102666	1077	0.1414
49d3c8a0-667e-4599-b8eb-1cd0e3449062	7	90103043	91634168	1069	0.0469
49d3c8a0-667e-4599-b8eb-1cd0e3449062	7	91634837	91640172	4	-1.0318
49d3c8a0-667e-4599-b8eb-1cd0e3449062	7	91643029	97766148	3793	0.0767
49d3c8a0-667e-4599-b8eb-1cd0e3449062	7	97766150	97773163	15	-1.6438
49d3c8a0-667e-4599-b8eb-1cd0e3449062	7	97774928	100735219	1281	0.0115
49d3c8a0-667e-4599-b8eb-1cd0e3449062	7	100753382	102857646	831	-0.0782
49d3c8a0-667e-4599-b8eb-1cd0e3449062	7	102858440	109793741	4468	0.0505
49d3c8a0-667e-4599-b8eb-1cd0e3449062	7	109797035	109797715	15	-0.7862
49d3c8a0-667e-4599-b8eb-1cd0e3449062	7	109797717	109801187	10	0.1157
49d3c8a0-667e-4599-b8eb-1cd0e3449062	7	109801572	109813853	9	-2.1652
49d3c8a0-667e-4599-b8eb-1cd0e3449062	7	109813925	110027491	139	0.1632
49d3c8a0-667e-4599-b8eb-1cd0e3449062	7	110027515	110028132	2	-1.5512
49d3c8a0-667e-4599-b8eb-1cd0e3449062	7	110041099	111425438	949	0.1091
49d3c8a0-667e-4599-b8eb-1cd0e3449062	7	111425453	111426603	4	-1.0448
49d3c8a0-667e-4599-b8eb-1cd0e3449062	7	111429358	126405597	8908	0.0827
49d3c8a0-667e-4599-b8eb-1cd0e3449062	7	126405632	126406561	9	-1.3087
49d3c8a0-667e-4599-b8eb-1cd0e3449062	7	126406822	126406827	6	-0.2799
49d3c8a0-667e-4599-b8eb-1cd0e3449062	7	126412712	128108948	1125	0.0988
49d3c8a0-667e-4599-b8eb-1cd0e3449062	7	128109217	131223353	1600	0.0186
49d3c8a0-667e-4599-b8eb-1cd0e3449062	7	131225121	131257200	33	0.4271
49d3c8a0-667e-4599-b8eb-1cd0e3449062	7	131261276	134135957	1972	0.0555
49d3c8a0-667e-4599-b8eb-1cd0e3449062	7	134136232	134138097	2	-1.6089
49d3c8a0-667e-4599-b8eb-1cd0e3449062	7	134138133	134312570	113	0.069
49d3c8a0-667e-4599-b8eb-1cd0e3449062	7	134319336	134336213	19	0.5046
49d3c8a0-667e-4599-b8eb-1cd0e3449062	7	134339763	134350269	13	0.0793
49d3c8a0-667e-4599-b8eb-1cd0e3449062	7	134350328	138131628	2613	0.5163
49d3c8a0-667e-4599-b8eb-1cd0e3449062	7	138131986	138132879	3	-1.2901
49d3c8a0-667e-4599-b8eb-1cd0e3449062	7	138138924	139655896	831	0.5472
49d3c8a0-667e-4599-b8eb-1cd0e3449062	7	139657489	141540939	1310	0.4397
49d3c8a0-667e-4599-b8eb-1cd0e3449062	7	141540955	141978982	188	0.516
49d3c8a0-667e-4599-b8eb-1cd0e3449062	7	141979625	142696603	495	0.6152
49d3c8a0-667e-4599-b8eb-1cd0e3449062	7	142697444	142963253	195	0.7773
49d3c8a0-667e-4599-b8eb-1cd0e3449062	7	142963371	144207186	620	0.5676
49d3c8a0-667e-4599-b8eb-1cd0e3449062	7	144249785	144352208	14	1.4107
49d3c8a0-667e-4599-b8eb-1cd0e3449062	7	144377836	144580403	136	0.5883
49d3c8a0-667e-4599-b8eb-1cd0e3449062	7	144580664	147127457	1581	0.4701
49d3c8a0-667e-4599-b8eb-1cd0e3449062	7	147129357	148847191	1262	0.4316
49d3c8a0-667e-4599-b8eb-1cd0e3449062	7	148848879	153273394	2407	0.3699
49d3c8a0-667e-4599-b8eb-1cd0e3449062	7	153273535	154452984	875	0.4433
49d3c8a0-667e-4599-b8eb-1cd0e3449062	7	154458040	159334314	3334	-0.7652
49d3c8a0-667e-4599-b8eb-1cd0e3449062	8	81254	3755340	3103	0.0269
49d3c8a0-667e-4599-b8eb-1cd0e3449062	8	3755421	5952975	3143	0.0807
49d3c8a0-667e-4599-b8eb-1cd0e3449062	8	5953367	7396819	1469	0.0255
49d3c8a0-667e-4599-b8eb-1cd0e3449062	8	7397588	7941868	29	-0.3429
49d3c8a0-667e-4599-b8eb-1cd0e3449062	8	7974123	9950015	1544	-0.0316
49d3c8a0-667e-4599-b8eb-1cd0e3449062	8	9953945	11111565	1002	-0.1882
49d3c8a0-667e-4599-b8eb-1cd0e3449062	8	11112310	11441097	259	0.033
49d3c8a0-667e-4599-b8eb-1cd0e3449062	8	11444936	11981989	395	-0.1008
49d3c8a0-667e-4599-b8eb-1cd0e3449062	8	11982562	12581239	77	0.0848
49d3c8a0-667e-4599-b8eb-1cd0e3449062	8	12581382	15975108	3152	-0.1551
49d3c8a0-667e-4599-b8eb-1cd0e3449062	8	15975123	15977731	4	-1.8657
49d3c8a0-667e-4599-b8eb-1cd0e3449062	8	15977784	16711636	608	-0.1193
49d3c8a0-667e-4599-b8eb-1cd0e3449062	8	16711818	18939152	1993	-0.179
49d3c8a0-667e-4599-b8eb-1cd0e3449062	8	18939412	18940077	3	-1.7719
49d3c8a0-667e-4599-b8eb-1cd0e3449062	8	18940698	23515755	3427	-0.2127
49d3c8a0-667e-4599-b8eb-1cd0e3449062	8	23515893	23520269	6	-1.0737
49d3c8a0-667e-4599-b8eb-1cd0e3449062	8	23525081	25011800	1091	-0.2174
49d3c8a0-667e-4599-b8eb-1cd0e3449062	8	25015539	25114672	74	-0.1147
49d3c8a0-667e-4599-b8eb-1cd0e3449062	8	25116928	25126818	27	0.6492
49d3c8a0-667e-4599-b8eb-1cd0e3449062	8	25133589	25894981	604	-0.199
49d3c8a0-667e-4599-b8eb-1cd0e3449062	8	25897529	28246956	1812	-0.0598
49d3c8a0-667e-4599-b8eb-1cd0e3449062	8	28249089	34839338	4137	-0.1526
49d3c8a0-667e-4599-b8eb-1cd0e3449062	8	34842176	36708735	988	0.0311
49d3c8a0-667e-4599-b8eb-1cd0e3449062	8	36712818	39372664	1438	-0.0506
49d3c8a0-667e-4599-b8eb-1cd0e3449062	8	39372806	39527675	60	0.6644
49d3c8a0-667e-4599-b8eb-1cd0e3449062	8	39529446	40914477	1072	-0.0378
49d3c8a0-667e-4599-b8eb-1cd0e3449062	8	40920333	40920952	2	-1.5535
49d3c8a0-667e-4599-b8eb-1cd0e3449062	8	40926161	42166007	741	-0.0566
49d3c8a0-667e-4599-b8eb-1cd0e3449062	8	42166481	42488627	274	-0.1123
49d3c8a0-667e-4599-b8eb-1cd0e3449062	8	42490117	43824387	476	-0.4497
49d3c8a0-667e-4599-b8eb-1cd0e3449062	8	43841613	46000692	21	-0.1986
49d3c8a0-667e-4599-b8eb-1cd0e3449062	8	46007651	46613954	175	0.2083
49d3c8a0-667e-4599-b8eb-1cd0e3449062	8	46615926	46624924	9	1.115
49d3c8a0-667e-4599-b8eb-1cd0e3449062	8	46634473	48431855	797	0.199
49d3c8a0-667e-4599-b8eb-1cd0e3449062	8	48434243	51593862	1935	0.269
49d3c8a0-667e-4599-b8eb-1cd0e3449062	8	51594132	55166677	2340	0.1991
49d3c8a0-667e-4599-b8eb-1cd0e3449062	8	55167481	55410859	186	0.5702
49d3c8a0-667e-4599-b8eb-1cd0e3449062	8	55420930	57554659	1400	0.3404
49d3c8a0-667e-4599-b8eb-1cd0e3449062	8	57556475	59135293	1144	0.1308
49d3c8a0-667e-4599-b8eb-1cd0e3449062	8	59135735	63428039	2762	0.2404
49d3c8a0-667e-4599-b8eb-1cd0e3449062	8	63435735	69262689	3288	0.1658
49d3c8a0-667e-4599-b8eb-1cd0e3449062	8	69267441	71303076	1226	0.2825
49d3c8a0-667e-4599-b8eb-1cd0e3449062	8	71303129	71304364	7	-1.6408
49d3c8a0-667e-4599-b8eb-1cd0e3449062	8	71307628	79308273	5029	0.3123
49d3c8a0-667e-4599-b8eb-1cd0e3449062	8	79308349	91110980	6726	0.2272
49d3c8a0-667e-4599-b8eb-1cd0e3449062	8	91111813	94204052	1818	0.123
49d3c8a0-667e-4599-b8eb-1cd0e3449062	8	94204939	103932253	6012	0.033
49d3c8a0-667e-4599-b8eb-1cd0e3449062	8	103932334	111282852	4424	0.0867
49d3c8a0-667e-4599-b8eb-1cd0e3449062	8	111282973	111283031	3	-2.4115
49d3c8a0-667e-4599-b8eb-1cd0e3449062	8	111288052	111868698	295	0.0789
49d3c8a0-667e-4599-b8eb-1cd0e3449062	8	111871818	112420537	315	0.2145
49d3c8a0-667e-4599-b8eb-1cd0e3449062	8	112420916	123985527	7558	0.0852
49d3c8a0-667e-4599-b8eb-1cd0e3449062	8	123986131	128170405	3023	0.1547
49d3c8a0-667e-4599-b8eb-1cd0e3449062	8	128172309	131182873	2117	0.03
49d3c8a0-667e-4599-b8eb-1cd0e3449062	8	131193051	134273231	2584	0.2071
49d3c8a0-667e-4599-b8eb-1cd0e3449062	8	134277784	140136970	4700	0.2548
49d3c8a0-667e-4599-b8eb-1cd0e3449062	8	140142737	145072769	2238	0.1719
49d3c8a0-667e-4599-b8eb-1cd0e3449062	9	46587	1550403	1654	-0.1412
49d3c8a0-667e-4599-b8eb-1cd0e3449062	9	1552640	1556848	13	1.0049
49d3c8a0-667e-4599-b8eb-1cd0e3449062	9	1564704	1639619	72	-0.0854
49d3c8a0-667e-4599-b8eb-1cd0e3449062	9	1646820	1722319	116	0.9182
49d3c8a0-667e-4599-b8eb-1cd0e3449062	9	1722613	2305756	654	1.0867
49d3c8a0-667e-4599-b8eb-1cd0e3449062	9	2307616	2443766	134	1.4897
49d3c8a0-667e-4599-b8eb-1cd0e3449062	9	2447896	3805087	1137	1.781
49d3c8a0-667e-4599-b8eb-1cd0e3449062	9	3805767	4007769	228	1.586
49d3c8a0-667e-4599-b8eb-1cd0e3449062	9	4008586	4021773	61	1.8263
49d3c8a0-667e-4599-b8eb-1cd0e3449062	9	4021867	4085128	107	1.5598
49d3c8a0-667e-4599-b8eb-1cd0e3449062	9	4086015	5250761	1198	1.8075
49d3c8a0-667e-4599-b8eb-1cd0e3449062	9	5251745	6033351	519	2.0068
49d3c8a0-667e-4599-b8eb-1cd0e3449062	9	6034076	6145491	80	1.6726
49d3c8a0-667e-4599-b8eb-1cd0e3449062	9	6161122	6286201	76	0.4234
49d3c8a0-667e-4599-b8eb-1cd0e3449062	9	6287142	6333251	34	-0.1441
49d3c8a0-667e-4599-b8eb-1cd0e3449062	9	6335760	6501060	109	0.3824
49d3c8a0-667e-4599-b8eb-1cd0e3449062	9	6502260	6695986	157	-0.2113
49d3c8a0-667e-4599-b8eb-1cd0e3449062	9	6701145	6708357	6	-1.6031
49d3c8a0-667e-4599-b8eb-1cd0e3449062	9	6712314	7660455	1004	-0.1375
49d3c8a0-667e-4599-b8eb-1cd0e3449062	9	7662660	9261737	1446	-0.4789
49d3c8a0-667e-4599-b8eb-1cd0e3449062	9	9261784	11396489	1932	-0.0582
49d3c8a0-667e-4599-b8eb-1cd0e3449062	9	11396601	11435129	41	-0.3759
49d3c8a0-667e-4599-b8eb-1cd0e3449062	9	11437360	11477338	43	-0.0289
49d3c8a0-667e-4599-b8eb-1cd0e3449062	9	11484182	12110055	477	-0.3453
49d3c8a0-667e-4599-b8eb-1cd0e3449062	9	12112607	19570511	6233	-0.4824
49d3c8a0-667e-4599-b8eb-1cd0e3449062	9	19571888	19649740	72	-1.0743
49d3c8a0-667e-4599-b8eb-1cd0e3449062	9	19650442	19718687	63	0.6
49d3c8a0-667e-4599-b8eb-1cd0e3449062	9	19722123	19753999	41	-0.1037
49d3c8a0-667e-4599-b8eb-1cd0e3449062	9	19760155	23056062	2403	-1.0096
49d3c8a0-667e-4599-b8eb-1cd0e3449062	9	23058522	23092416	26	-0.1173
49d3c8a0-667e-4599-b8eb-1cd0e3449062	9	23093298	23222188	91	-1.0229
49d3c8a0-667e-4599-b8eb-1cd0e3449062	9	23222637	23239151	15	0.0491
49d3c8a0-667e-4599-b8eb-1cd0e3449062	9	23243311	25537538	1637	-0.9593
49d3c8a0-667e-4599-b8eb-1cd0e3449062	9	25544795	25544993	2	-6.4011
49d3c8a0-667e-4599-b8eb-1cd0e3449062	9	25545660	25953112	273	-0.9504
49d3c8a0-667e-4599-b8eb-1cd0e3449062	9	25953801	25953817	2	-3.8115
49d3c8a0-667e-4599-b8eb-1cd0e3449062	9	25954055	26610118	488	-0.9902
49d3c8a0-667e-4599-b8eb-1cd0e3449062	9	26617165	28130052	1273	-0.0663
49d3c8a0-667e-4599-b8eb-1cd0e3449062	9	28137363	28356280	177	1.7178
49d3c8a0-667e-4599-b8eb-1cd0e3449062	9	28359879	28486254	96	-0.0646
49d3c8a0-667e-4599-b8eb-1cd0e3449062	9	28491681	29309715	595	1.7215
49d3c8a0-667e-4599-b8eb-1cd0e3449062	9	29317738	29607993	205	2.4088
49d3c8a0-667e-4599-b8eb-1cd0e3449062	9	29615286	30134534	375	1.7162
49d3c8a0-667e-4599-b8eb-1cd0e3449062	9	30135177	30224338	66	2.3815
49d3c8a0-667e-4599-b8eb-1cd0e3449062	9	30228629	30420468	136	1.8417
49d3c8a0-667e-4599-b8eb-1cd0e3449062	9	30426119	30426133	2	-1.9557
49d3c8a0-667e-4599-b8eb-1cd0e3449062	9	30426231	30485072	40	1.9398
49d3c8a0-667e-4599-b8eb-1cd0e3449062	9	30488049	31562555	711	-0.0522
49d3c8a0-667e-4599-b8eb-1cd0e3449062	9	31568048	32564175	743	1.9617
49d3c8a0-667e-4599-b8eb-1cd0e3449062	9	32564478	32992665	324	2.472
49d3c8a0-667e-4599-b8eb-1cd0e3449062	9	32995938	33173655	154	1.7675
49d3c8a0-667e-4599-b8eb-1cd0e3449062	9	33176248	33804427	383	-0.1494
49d3c8a0-667e-4599-b8eb-1cd0e3449062	9	33804769	35282982	782	0.1479
49d3c8a0-667e-4599-b8eb-1cd0e3449062	9	35291848	36099402	415	1.7544
49d3c8a0-667e-4599-b8eb-1cd0e3449062	9	36099625	37100220	686	2.3664
49d3c8a0-667e-4599-b8eb-1cd0e3449062	9	37100697	37187002	35	1.9964
49d3c8a0-667e-4599-b8eb-1cd0e3449062	9	37201429	39105783	1134	-0.4979
49d3c8a0-667e-4599-b8eb-1cd0e3449062	9	39110889	41659472	144	-0.2523
49d3c8a0-667e-4599-b8eb-1cd0e3449062	9	41666811	42825767	84	0.351
49d3c8a0-667e-4599-b8eb-1cd0e3449062	9	42834329	63580418	83	-0.2595
49d3c8a0-667e-4599-b8eb-1cd0e3449062	9	63590317	63592813	7	2.1277
49d3c8a0-667e-4599-b8eb-1cd0e3449062	9	63614182	68390662	135	-0.1916
49d3c8a0-667e-4599-b8eb-1cd0e3449062	9	68391659	70459914	1612	-0.6688
49d3c8a0-667e-4599-b8eb-1cd0e3449062	9	70460544	71581493	874	0.0704
49d3c8a0-667e-4599-b8eb-1cd0e3449062	9	71581518	76939544	3790	0.0002
49d3c8a0-667e-4599-b8eb-1cd0e3449062	9	76941965	76944420	4	-1.6689
49d3c8a0-667e-4599-b8eb-1cd0e3449062	9	76951948	100785260	16228	-0.0072
49d3c8a0-667e-4599-b8eb-1cd0e3449062	9	100785717	103804216	2191	0.0408
49d3c8a0-667e-4599-b8eb-1cd0e3449062	9	103806415	103807009	2	-2.7959
49d3c8a0-667e-4599-b8eb-1cd0e3449062	9	103808421	104918634	948	0.028
49d3c8a0-667e-4599-b8eb-1cd0e3449062	9	104918792	105172177	214	-0.1506
49d3c8a0-667e-4599-b8eb-1cd0e3449062	9	105175770	107125442	1261	0.03
49d3c8a0-667e-4599-b8eb-1cd0e3449062	9	107126361	115606931	6582	-0.0315
49d3c8a0-667e-4599-b8eb-1cd0e3449062	9	115608815	115609389	2	-1.7953
49d3c8a0-667e-4599-b8eb-1cd0e3449062	9	115611575	116702336	775	-0.0446
49d3c8a0-667e-4599-b8eb-1cd0e3449062	9	116704157	120313331	3132	0.0174
49d3c8a0-667e-4599-b8eb-1cd0e3449062	9	120315540	127534908	4468	-0.0484
49d3c8a0-667e-4599-b8eb-1cd0e3449062	9	127534967	129625252	923	-0.1202
49d3c8a0-667e-4599-b8eb-1cd0e3449062	9	129625386	138200944	4729	-0.0455
49d3c8a0-667e-4599-b8eb-1cd0e3449062	10	45792	1319253	748	-0.2706
49d3c8a0-667e-4599-b8eb-1cd0e3449062	10	1319934	2887476	1550	-0.1837
49d3c8a0-667e-4599-b8eb-1cd0e3449062	10	2887559	4248622	1258	-0.288
49d3c8a0-667e-4599-b8eb-1cd0e3449062	10	4248646	4248732	2	1.1985
49d3c8a0-667e-4599-b8eb-1cd0e3449062	10	4248824	4316645	117	-0.2421
49d3c8a0-667e-4599-b8eb-1cd0e3449062	10	4317124	4389570	67	0.0657
49d3c8a0-667e-4599-b8eb-1cd0e3449062	10	4390650	5219212	715	-0.2045
49d3c8a0-667e-4599-b8eb-1cd0e3449062	10	5219475	6432177	984	-0.3099
49d3c8a0-667e-4599-b8eb-1cd0e3449062	10	6435305	8210436	1585	-0.2349
49d3c8a0-667e-4599-b8eb-1cd0e3449062	10	8213302	10454848	1803	-0.168
49d3c8a0-667e-4599-b8eb-1cd0e3449062	10	10455658	10461288	3	0.9648
49d3c8a0-667e-4599-b8eb-1cd0e3449062	10	10461715	11342501	861	-0.1861
49d3c8a0-667e-4599-b8eb-1cd0e3449062	10	11345871	19002516	5934	-0.2276
49d3c8a0-667e-4599-b8eb-1cd0e3449062	10	19003043	29198494	7076	-0.1564
49d3c8a0-667e-4599-b8eb-1cd0e3449062	10	29199608	31778107	1973	0.2479
49d3c8a0-667e-4599-b8eb-1cd0e3449062	10	31778784	38336283	4189	0.2925
49d3c8a0-667e-4599-b8eb-1cd0e3449062	10	38336692	41806669	106	0.1666
49d3c8a0-667e-4599-b8eb-1cd0e3449062	10	42118988	50062639	4312	-0.2581
49d3c8a0-667e-4599-b8eb-1cd0e3449062	10	50070600	50097459	3	-2.2635
49d3c8a0-667e-4599-b8eb-1cd0e3449062	10	50107474	51810165	1202	-0.2479
49d3c8a0-667e-4599-b8eb-1cd0e3449062	10	51816142	52828330	809	-0.0553
49d3c8a0-667e-4599-b8eb-1cd0e3449062	10	52837854	57156389	3160	-0.1921
49d3c8a0-667e-4599-b8eb-1cd0e3449062	10	57158078	62246013	3670	-0.265
49d3c8a0-667e-4599-b8eb-1cd0e3449062	10	62254336	62257901	3	-1.6926
49d3c8a0-667e-4599-b8eb-1cd0e3449062	10	62259392	64462681	1340	-0.28
49d3c8a0-667e-4599-b8eb-1cd0e3449062	10	64463021	65548193	772	-0.1914
49d3c8a0-667e-4599-b8eb-1cd0e3449062	10	65548259	65554643	23	0.2751
49d3c8a0-667e-4599-b8eb-1cd0e3449062	10	65554672	67924773	1617	-0.1922
49d3c8a0-667e-4599-b8eb-1cd0e3449062	10	67928598	81121574	8456	-0.2976
49d3c8a0-667e-4599-b8eb-1cd0e3449062	10	81122049	81137120	12	-1.5365
49d3c8a0-667e-4599-b8eb-1cd0e3449062	10	81138224	97242230	10787	-0.2403
49d3c8a0-667e-4599-b8eb-1cd0e3449062	10	97245892	103866559	3619	-0.2984
49d3c8a0-667e-4599-b8eb-1cd0e3449062	10	103868358	104181482	214	-0.1981
49d3c8a0-667e-4599-b8eb-1cd0e3449062	10	104185836	104186084	2	-2.9182
49d3c8a0-667e-4599-b8eb-1cd0e3449062	10	104186227	105332896	881	-0.2705
49d3c8a0-667e-4599-b8eb-1cd0e3449062	10	105336027	105556378	127	0.1118
49d3c8a0-667e-4599-b8eb-1cd0e3449062	10	105557246	107035226	1131	-0.226
49d3c8a0-667e-4599-b8eb-1cd0e3449062	10	107040851	108716025	1334	-0.166
49d3c8a0-667e-4599-b8eb-1cd0e3449062	10	108716717	118683868	6866	-0.2312
49d3c8a0-667e-4599-b8eb-1cd0e3449062	10	118684483	127262745	6406	-0.2715
49d3c8a0-667e-4599-b8eb-1cd0e3449062	10	127263351	133420688	4417	-0.2395
49d3c8a0-667e-4599-b8eb-1cd0e3449062	10	133429369	133574363	111	0.4956
49d3c8a0-667e-4599-b8eb-1cd0e3449062	10	133574371	133654968	33	-0.6319
49d3c8a0-667e-4599-b8eb-1cd0e3449062	11	198510	4643427	2070	0.0669
49d3c8a0-667e-4599-b8eb-1cd0e3449062	11	4644533	4790679	183	0.2045
49d3c8a0-667e-4599-b8eb-1cd0e3449062	11	4797181	4949013	159	0.1076
49d3c8a0-667e-4599-b8eb-1cd0e3449062	11	4949047	4955042	27	0.4942
49d3c8a0-667e-4599-b8eb-1cd0e3449062	11	4955781	5762693	777	0.097
49d3c8a0-667e-4599-b8eb-1cd0e3449062	11	5766175	5788108	34	-0.7642
49d3c8a0-667e-4599-b8eb-1cd0e3449062	11	5788231	12033382	4632	0.0862
49d3c8a0-667e-4599-b8eb-1cd0e3449062	11	12033658	12089545	66	-0.1589
49d3c8a0-667e-4599-b8eb-1cd0e3449062	11	12095211	16174342	2909	0.1007
49d3c8a0-667e-4599-b8eb-1cd0e3449062	11	16174395	16930379	448	0.2918
49d3c8a0-667e-4599-b8eb-1cd0e3449062	11	16930935	17377058	259	0.15
49d3c8a0-667e-4599-b8eb-1cd0e3449062	11	17378797	18919309	1050	0.2748
49d3c8a0-667e-4599-b8eb-1cd0e3449062	11	18919323	18940469	47	1.1684
49d3c8a0-667e-4599-b8eb-1cd0e3449062	11	18940586	20835175	1683	0.2892
49d3c8a0-667e-4599-b8eb-1cd0e3449062	11	20843285	21764322	853	0.3594
49d3c8a0-667e-4599-b8eb-1cd0e3449062	11	21774303	23704903	1386	0.2635
49d3c8a0-667e-4599-b8eb-1cd0e3449062	11	23705633	29493135	3939	0.1168
49d3c8a0-667e-4599-b8eb-1cd0e3449062	11	29493292	46084530	11547	0.2174
49d3c8a0-667e-4599-b8eb-1cd0e3449062	11	46085041	48333580	981	0.1311
49d3c8a0-667e-4599-b8eb-1cd0e3449062	11	48340431	49692537	528	0.2695
49d3c8a0-667e-4599-b8eb-1cd0e3449062	11	49699710	49736119	12	-0.3261
49d3c8a0-667e-4599-b8eb-1cd0e3449062	11	49736215	54952548	499	0.2113
49d3c8a0-667e-4599-b8eb-1cd0e3449062	11	54953347	54990815	2	-1.4081
49d3c8a0-667e-4599-b8eb-1cd0e3449062	11	55006417	55595864	233	0.2245
49d3c8a0-667e-4599-b8eb-1cd0e3449062	11	55606556	55693207	61	-0.1109
49d3c8a0-667e-4599-b8eb-1cd0e3449062	11	55693312	57408638	1158	0.26
49d3c8a0-667e-4599-b8eb-1cd0e3449062	11	57409987	57606859	92	0.1033
49d3c8a0-667e-4599-b8eb-1cd0e3449062	11	57607206	60900435	1934	-0.1347
49d3c8a0-667e-4599-b8eb-1cd0e3449062	11	60909523	62759612	979	-0.0545
49d3c8a0-667e-4599-b8eb-1cd0e3449062	11	62763622	62764728	2	-1.3182
49d3c8a0-667e-4599-b8eb-1cd0e3449062	11	62767274	62910057	74	-0.0804
49d3c8a0-667e-4599-b8eb-1cd0e3449062	11	62911721	63956603	511	0.0393
49d3c8a0-667e-4599-b8eb-1cd0e3449062	11	63958023	64077284	41	-0.0742
49d3c8a0-667e-4599-b8eb-1cd0e3449062	11	64079894	64785474	297	0.1658
49d3c8a0-667e-4599-b8eb-1cd0e3449062	11	64786671	65643224	294	0.3094
49d3c8a0-667e-4599-b8eb-1cd0e3449062	11	65648413	65709793	29	0.5418
49d3c8a0-667e-4599-b8eb-1cd0e3449062	11	65713994	65761806	16	1.5942
49d3c8a0-667e-4599-b8eb-1cd0e3449062	11	65764182	65814281	36	1.2693
49d3c8a0-667e-4599-b8eb-1cd0e3449062	11	65815595	65989869	89	1.6041
49d3c8a0-667e-4599-b8eb-1cd0e3449062	11	65996659	67232206	463	1.0937
49d3c8a0-667e-4599-b8eb-1cd0e3449062	11	67235918	68829636	623	0.95
49d3c8a0-667e-4599-b8eb-1cd0e3449062	11	68831066	69248404	272	0.691
49d3c8a0-667e-4599-b8eb-1cd0e3449062	11	69249233	69619812	245	1.1551
49d3c8a0-667e-4599-b8eb-1cd0e3449062	11	69620462	70106639	257	1.2815
49d3c8a0-667e-4599-b8eb-1cd0e3449062	11	70106704	70389762	150	1.0905
49d3c8a0-667e-4599-b8eb-1cd0e3449062	11	70390687	70937750	330	0.8763
49d3c8a0-667e-4599-b8eb-1cd0e3449062	11	70938094	71571922	364	0.753
49d3c8a0-667e-4599-b8eb-1cd0e3449062	11	71572999	71649144	22	0.9064
49d3c8a0-667e-4599-b8eb-1cd0e3449062	11	71649248	72370929	302	0.6546
49d3c8a0-667e-4599-b8eb-1cd0e3449062	11	72371028	74789928	1237	0.7716
49d3c8a0-667e-4599-b8eb-1cd0e3449062	11	74792123	75451873	361	0.9768
49d3c8a0-667e-4599-b8eb-1cd0e3449062	11	75452009	76198575	396	1.1205
49d3c8a0-667e-4599-b8eb-1cd0e3449062	11	76199307	76649719	247	0.9782
49d3c8a0-667e-4599-b8eb-1cd0e3449062	11	76653029	76904746	180	1.3864
49d3c8a0-667e-4599-b8eb-1cd0e3449062	11	76907703	76938387	14	1.1
49d3c8a0-667e-4599-b8eb-1cd0e3449062	11	76948445	77276376	176	-0.041
49d3c8a0-667e-4599-b8eb-1cd0e3449062	11	77276629	78575987	672	-0.1128
49d3c8a0-667e-4599-b8eb-1cd0e3449062	11	78576013	96594444	12623	-0.0149
49d3c8a0-667e-4599-b8eb-1cd0e3449062	11	96594451	101817616	4054	-0.2349
49d3c8a0-667e-4599-b8eb-1cd0e3449062	11	101817649	114504697	8405	-0.2784
49d3c8a0-667e-4599-b8eb-1cd0e3449062	11	114504995	115725228	879	-0.226
49d3c8a0-667e-4599-b8eb-1cd0e3449062	11	115727659	130483567	10633	-0.1831
49d3c8a0-667e-4599-b8eb-1cd0e3449062	11	130484458	133649748	2601	-0.1285
49d3c8a0-667e-4599-b8eb-1cd0e3449062	11	133650312	133896406	167	-0.1945
49d3c8a0-667e-4599-b8eb-1cd0e3449062	11	133898991	134299300	257	-0.2618
49d3c8a0-667e-4599-b8eb-1cd0e3449062	11	134299441	135074876	614	-0.0432
49d3c8a0-667e-4599-b8eb-1cd0e3449062	12	51460	191334	78	0.0511
49d3c8a0-667e-4599-b8eb-1cd0e3449062	12	192262	2019919	1103	0.2024
49d3c8a0-667e-4599-b8eb-1cd0e3449062	12	2020203	6064723	3289	0.1001
49d3c8a0-667e-4599-b8eb-1cd0e3449062	12	6066759	7327532	623	0.0019
49d3c8a0-667e-4599-b8eb-1cd0e3449062	12	7329703	7842191	246	0.074
49d3c8a0-667e-4599-b8eb-1cd0e3449062	12	7851829	7982073	60	-0.6671
49d3c8a0-667e-4599-b8eb-1cd0e3449062	12	7982121	9307938	671	0.0794
49d3c8a0-667e-4599-b8eb-1cd0e3449062	12	9308632	9315213	2	-1.7342
49d3c8a0-667e-4599-b8eb-1cd0e3449062	12	9320561	11358643	1269	0.0921
49d3c8a0-667e-4599-b8eb-1cd0e3449062	12	11358644	11390472	30	-2.7483
49d3c8a0-667e-4599-b8eb-1cd0e3449062	12	11399258	13251151	1445	0.0524
49d3c8a0-667e-4599-b8eb-1cd0e3449062	12	13251498	22086364	5790	0.1097
49d3c8a0-667e-4599-b8eb-1cd0e3449062	12	22090581	22090627	2	-1.4958
49d3c8a0-667e-4599-b8eb-1cd0e3449062	12	22090727	27434105	3830	0.1111
49d3c8a0-667e-4599-b8eb-1cd0e3449062	12	27435893	29978310	1872	0.1729
49d3c8a0-667e-4599-b8eb-1cd0e3449062	12	29980175	33029233	2293	0.378
49d3c8a0-667e-4599-b8eb-1cd0e3449062	12	33031656	33141611	77	0.456
49d3c8a0-667e-4599-b8eb-1cd0e3449062	12	33141653	33180133	52	0.7316
49d3c8a0-667e-4599-b8eb-1cd0e3449062	12	33181020	33227031	22	0.43
49d3c8a0-667e-4599-b8eb-1cd0e3449062	12	33232895	33242483	7	-0.333
49d3c8a0-667e-4599-b8eb-1cd0e3449062	12	33246118	37593924	777	0.4767
49d3c8a0-667e-4599-b8eb-1cd0e3449062	12	37618765	37620216	2	-0.9492
49d3c8a0-667e-4599-b8eb-1cd0e3449062	12	37640556	38838654	515	0.4793
49d3c8a0-667e-4599-b8eb-1cd0e3449062	12	38840108	40398422	901	0.3668
49d3c8a0-667e-4599-b8eb-1cd0e3449062	12	40398498	41658488	966	0.5962
49d3c8a0-667e-4599-b8eb-1cd0e3449062	12	41661993	43832308	1379	0.4759
49d3c8a0-667e-4599-b8eb-1cd0e3449062	12	43835286	43912725	45	0.601
49d3c8a0-667e-4599-b8eb-1cd0e3449062	12	43913191	44535904	366	0.7656
49d3c8a0-667e-4599-b8eb-1cd0e3449062	12	44536778	44537288	3	-0.223
49d3c8a0-667e-4599-b8eb-1cd0e3449062	12	44538206	44621348	57	0.7847
49d3c8a0-667e-4599-b8eb-1cd0e3449062	12	44621548	44644193	14	0.4247
49d3c8a0-667e-4599-b8eb-1cd0e3449062	12	44648677	45506042	497	0.0901
49d3c8a0-667e-4599-b8eb-1cd0e3449062	12	45510655	45515754	4	-2.0428
49d3c8a0-667e-4599-b8eb-1cd0e3449062	12	45519509	58044086	6963	0.0833
49d3c8a0-667e-4599-b8eb-1cd0e3449062	12	58044536	69516017	7523	0.1399
49d3c8a0-667e-4599-b8eb-1cd0e3449062	12	69518146	74203021	2913	0.3069
49d3c8a0-667e-4599-b8eb-1cd0e3449062	12	74203643	74785641	368	0.1537
49d3c8a0-667e-4599-b8eb-1cd0e3449062	12	74792132	74792534	3	-1.5549
49d3c8a0-667e-4599-b8eb-1cd0e3449062	12	74793920	80446147	3684	0.1351
49d3c8a0-667e-4599-b8eb-1cd0e3449062	12	80446276	80456533	2	-1.9265
49d3c8a0-667e-4599-b8eb-1cd0e3449062	12	80458189	87391082	4143	0.1182
49d3c8a0-667e-4599-b8eb-1cd0e3449062	12	87392802	96735067	6090	0.0681
49d3c8a0-667e-4599-b8eb-1cd0e3449062	12	96735371	98544934	1376	0.1457
49d3c8a0-667e-4599-b8eb-1cd0e3449062	12	98545342	109644595	7440	0.2302
49d3c8a0-667e-4599-b8eb-1cd0e3449062	12	109645420	112551506	1423	0.1533
49d3c8a0-667e-4599-b8eb-1cd0e3449062	12	112552058	116086075	2878	0.2393
49d3c8a0-667e-4599-b8eb-1cd0e3449062	12	116090662	118413533	1566	0.1898
49d3c8a0-667e-4599-b8eb-1cd0e3449062	12	118414906	119556713	863	0.2714
49d3c8a0-667e-4599-b8eb-1cd0e3449062	12	119557196	122922107	1585	0.1613
49d3c8a0-667e-4599-b8eb-1cd0e3449062	12	122926707	125152614	1222	0.2359
49d3c8a0-667e-4599-b8eb-1cd0e3449062	12	125156485	131769193	5707	0.3025
49d3c8a0-667e-4599-b8eb-1cd0e3449062	12	131776139	133201603	480	0.2509
49d3c8a0-667e-4599-b8eb-1cd0e3449062	13	18452809	20246642	870	-0.2727
49d3c8a0-667e-4599-b8eb-1cd0e3449062	13	20253112	20253801	2	-2.4538
49d3c8a0-667e-4599-b8eb-1cd0e3449062	13	20258408	20608965	279	-0.3772
49d3c8a0-667e-4599-b8eb-1cd0e3449062	13	20609126	24042998	2448	-0.286
49d3c8a0-667e-4599-b8eb-1cd0e3449062	13	24043472	24461469	376	-0.3887
49d3c8a0-667e-4599-b8eb-1cd0e3449062	13	24465452	24465460	3	1.3475
49d3c8a0-667e-4599-b8eb-1cd0e3449062	13	24465540	28245836	2770	-0.3327
49d3c8a0-667e-4599-b8eb-1cd0e3449062	13	28246595	31122794	2217	-0.5459
49d3c8a0-667e-4599-b8eb-1cd0e3449062	13	31122939	42802912	8164	-0.4712
49d3c8a0-667e-4599-b8eb-1cd0e3449062	13	42805364	48957415	4263	-0.5101
49d3c8a0-667e-4599-b8eb-1cd0e3449062	13	48959579	48962368	2	-2.6582
49d3c8a0-667e-4599-b8eb-1cd0e3449062	13	48963569	53049779	2179	-0.4915
49d3c8a0-667e-4599-b8eb-1cd0e3449062	13	53052795	57176819	2303	-0.4238
49d3c8a0-667e-4599-b8eb-1cd0e3449062	13	57176962	57204246	35	-1.09
49d3c8a0-667e-4599-b8eb-1cd0e3449062	13	57215580	72668670	9551	-0.4369
49d3c8a0-667e-4599-b8eb-1cd0e3449062	13	72668984	82029929	6323	-0.4752
49d3c8a0-667e-4599-b8eb-1cd0e3449062	13	82030469	82031755	2	-2.4763
49d3c8a0-667e-4599-b8eb-1cd0e3449062	13	82032479	84402214	1458	-0.4392
49d3c8a0-667e-4599-b8eb-1cd0e3449062	13	84402834	85698585	863	-0.6665
49d3c8a0-667e-4599-b8eb-1cd0e3449062	13	85698896	94378689	5386	-0.8164
49d3c8a0-667e-4599-b8eb-1cd0e3449062	13	94379384	100840063	4151	-0.3639
49d3c8a0-667e-4599-b8eb-1cd0e3449062	13	100840439	108724645	6467	-0.3167
49d3c8a0-667e-4599-b8eb-1cd0e3449062	13	108724691	114342922	3671	-0.3604
49d3c8a0-667e-4599-b8eb-1cd0e3449062	14	18239283	19197351	40	0.4859
49d3c8a0-667e-4599-b8eb-1cd0e3449062	14	19203845	19955213	127	1.2119
49d3c8a0-667e-4599-b8eb-1cd0e3449062	14	19956767	22386659	1736	0.2403
49d3c8a0-667e-4599-b8eb-1cd0e3449062	14	22386742	22530591	136	0.1779
49d3c8a0-667e-4599-b8eb-1cd0e3449062	14	22530607	24484960	1116	0.0925
49d3c8a0-667e-4599-b8eb-1cd0e3449062	14	24484996	33584493	5825	0.1726
49d3c8a0-667e-4599-b8eb-1cd0e3449062	14	33584660	34359532	602	0.3014
49d3c8a0-667e-4599-b8eb-1cd0e3449062	14	34362708	39539980	3057	0.154
49d3c8a0-667e-4599-b8eb-1cd0e3449062	14	39543459	49479703	5944	0.1982
49d3c8a0-667e-4599-b8eb-1cd0e3449062	14	49480364	61009242	7492	0.1591
49d3c8a0-667e-4599-b8eb-1cd0e3449062	14	61016953	61091995	29	0.8097
49d3c8a0-667e-4599-b8eb-1cd0e3449062	14	61092079	72341801	7190	0.1508
49d3c8a0-667e-4599-b8eb-1cd0e3449062	14	72341922	72342000	3	1.5303
49d3c8a0-667e-4599-b8eb-1cd0e3449062	14	72342271	73534419	774	0.1446
49d3c8a0-667e-4599-b8eb-1cd0e3449062	14	73540003	73563196	9	1.6539
49d3c8a0-667e-4599-b8eb-1cd0e3449062	14	73563211	78053733	2848	0.1453
49d3c8a0-667e-4599-b8eb-1cd0e3449062	14	78054772	83415883	3666	0.212
49d3c8a0-667e-4599-b8eb-1cd0e3449062	14	83421178	85237079	1181	0.1496
49d3c8a0-667e-4599-b8eb-1cd0e3449062	14	85237586	85642603	295	0.0572
49d3c8a0-667e-4599-b8eb-1cd0e3449062	14	85642817	89280690	2379	0.0993
49d3c8a0-667e-4599-b8eb-1cd0e3449062	14	89280818	96913264	5205	0.0382
49d3c8a0-667e-4599-b8eb-1cd0e3449062	14	96914261	99317068	2051	0.1112
49d3c8a0-667e-4599-b8eb-1cd0e3449062	14	99317185	106340305	3176	0.037
49d3c8a0-667e-4599-b8eb-1cd0e3449062	14	106340774	106877229	278	0.2249
49d3c8a0-667e-4599-b8eb-1cd0e3449062	15	19811075	20235285	63	-0.0422
49d3c8a0-667e-4599-b8eb-1cd0e3449062	15	20240885	20421755	66	-0.4783
49d3c8a0-667e-4599-b8eb-1cd0e3449062	15	20422239	20670989	22	-0.2209
49d3c8a0-667e-4599-b8eb-1cd0e3449062	15	20981071	22299523	55	-0.7864
49d3c8a0-667e-4599-b8eb-1cd0e3449062	15	22385639	25174845	1482	-0.2457
49d3c8a0-667e-4599-b8eb-1cd0e3449062	15	25176460	25185096	7	-1.5727
49d3c8a0-667e-4599-b8eb-1cd0e3449062	15	25188158	32908457	4487	-0.2822
49d3c8a0-667e-4599-b8eb-1cd0e3449062	15	32910224	32910401	2	-2.3111
49d3c8a0-667e-4599-b8eb-1cd0e3449062	15	32912041	34032695	1008	-0.2837
49d3c8a0-667e-4599-b8eb-1cd0e3449062	15	34044681	34054173	2	-1.6322
49d3c8a0-667e-4599-b8eb-1cd0e3449062	15	34056137	34453518	220	-0.297
49d3c8a0-667e-4599-b8eb-1cd0e3449062	15	34453577	34454261	2	-2.0538
49d3c8a0-667e-4599-b8eb-1cd0e3449062	15	34455142	40455865	4179	-0.28
49d3c8a0-667e-4599-b8eb-1cd0e3449062	15	40459935	40696765	136	0.1464
49d3c8a0-667e-4599-b8eb-1cd0e3449062	15	40696908	41791535	471	-0.3331
49d3c8a0-667e-4599-b8eb-1cd0e3449062	15	41791599	41954360	97	0.1736
49d3c8a0-667e-4599-b8eb-1cd0e3449062	15	41966192	42222099	194	-0.3082
49d3c8a0-667e-4599-b8eb-1cd0e3449062	15	42224528	42503820	161	0.1671
49d3c8a0-667e-4599-b8eb-1cd0e3449062	15	42508859	44279409	734	-0.3106
49d3c8a0-667e-4599-b8eb-1cd0e3449062	15	44287656	44371442	28	0.1093
49d3c8a0-667e-4599-b8eb-1cd0e3449062	15	44371757	44567475	79	-0.2671
49d3c8a0-667e-4599-b8eb-1cd0e3449062	15	44568698	44879741	155	0.1227
49d3c8a0-667e-4599-b8eb-1cd0e3449062	15	44883852	44886587	2	1.3248
49d3c8a0-667e-4599-b8eb-1cd0e3449062	15	44891003	46118638	678	0.1789
49d3c8a0-667e-4599-b8eb-1cd0e3449062	15	46119551	48614260	1701	0.2474
49d3c8a0-667e-4599-b8eb-1cd0e3449062	15	48614380	52870720	2495	0.1967
49d3c8a0-667e-4599-b8eb-1cd0e3449062	15	52871257	54897508	1592	0.2786
49d3c8a0-667e-4599-b8eb-1cd0e3449062	15	54900440	76105387	13388	0.1316
49d3c8a0-667e-4599-b8eb-1cd0e3449062	15	76105865	76177635	50	0.5053
49d3c8a0-667e-4599-b8eb-1cd0e3449062	15	76178393	76412021	129	0.1497
49d3c8a0-667e-4599-b8eb-1cd0e3449062	15	76413622	76506571	67	0.5528
49d3c8a0-667e-4599-b8eb-1cd0e3449062	15	76508021	77221337	329	0.1268
49d3c8a0-667e-4599-b8eb-1cd0e3449062	15	77223221	77630867	201	0.5178
49d3c8a0-667e-4599-b8eb-1cd0e3449062	15	77633918	77867705	129	0.143
49d3c8a0-667e-4599-b8eb-1cd0e3449062	15	77869961	80623398	1914	0.5005
49d3c8a0-667e-4599-b8eb-1cd0e3449062	15	80624123	83684121	1770	0.1541
49d3c8a0-667e-4599-b8eb-1cd0e3449062	15	83689508	83878795	118	0.5383
49d3c8a0-667e-4599-b8eb-1cd0e3449062	15	83879115	84873145	356	0.1121
49d3c8a0-667e-4599-b8eb-1cd0e3449062	15	84873168	85863050	674	0.4851
49d3c8a0-667e-4599-b8eb-1cd0e3449062	15	85863476	91185029	3807	0.1567
49d3c8a0-667e-4599-b8eb-1cd0e3449062	15	91194535	101928837	8310	0.5461
49d3c8a0-667e-4599-b8eb-1cd0e3449062	16	10777	41192	11	-0.4354
49d3c8a0-667e-4599-b8eb-1cd0e3449062	16	44808	5275094	2277	-0.0257
49d3c8a0-667e-4599-b8eb-1cd0e3449062	16	5277182	6731829	1758	0.049
49d3c8a0-667e-4599-b8eb-1cd0e3449062	16	6732278	6732735	8	-0.7019
49d3c8a0-667e-4599-b8eb-1cd0e3449062	16	6736975	8644202	2162	0.0631
49d3c8a0-667e-4599-b8eb-1cd0e3449062	16	8646852	9287353	476	-0.0485
49d3c8a0-667e-4599-b8eb-1cd0e3449062	16	9287438	10190941	963	0.063
49d3c8a0-667e-4599-b8eb-1cd0e3449062	16	10191222	12978413	2147	-0.0433
49d3c8a0-667e-4599-b8eb-1cd0e3449062	16	12980165	14262496	1048	0.0607
49d3c8a0-667e-4599-b8eb-1cd0e3449062	16	14263063	16603127	878	-0.036
49d3c8a0-667e-4599-b8eb-1cd0e3449062	16	16606206	16693237	10	-0.7224
49d3c8a0-667e-4599-b8eb-1cd0e3449062	16	16737225	25374319	4776	-0.012
49d3c8a0-667e-4599-b8eb-1cd0e3449062	16	25378457	26885637	1238	0.0507
49d3c8a0-667e-4599-b8eb-1cd0e3449062	16	26890308	46738584	2747	-0.031
49d3c8a0-667e-4599-b8eb-1cd0e3449062	16	46740477	46765344	21	-0.4533
49d3c8a0-667e-4599-b8eb-1cd0e3449062	16	46768077	50644120	2250	-0.2625
49d3c8a0-667e-4599-b8eb-1cd0e3449062	16	50644277	52696494	1565	-0.4272
49d3c8a0-667e-4599-b8eb-1cd0e3449062	16	52699242	55579006	2331	-0.0758
49d3c8a0-667e-4599-b8eb-1cd0e3449062	16	55579610	55939115	291	-0.4646
49d3c8a0-667e-4599-b8eb-1cd0e3449062	16	55945592	56401314	286	-0.0147
49d3c8a0-667e-4599-b8eb-1cd0e3449062	16	56401812	58712625	1353	-0.1301
49d3c8a0-667e-4599-b8eb-1cd0e3449062	16	58713755	58808347	64	-0.0074
49d3c8a0-667e-4599-b8eb-1cd0e3449062	16	58809060	58809200	2	-1.3939
49d3c8a0-667e-4599-b8eb-1cd0e3449062	16	58812947	59486254	462	-0.0389
49d3c8a0-667e-4599-b8eb-1cd0e3449062	16	59487041	60705101	781	-0.383
49d3c8a0-667e-4599-b8eb-1cd0e3449062	16	60709450	61476165	470	0.3703
49d3c8a0-667e-4599-b8eb-1cd0e3449062	16	61482525	62571751	693	0.0919
49d3c8a0-667e-4599-b8eb-1cd0e3449062	16	62574449	63290119	482	0.3883
49d3c8a0-667e-4599-b8eb-1cd0e3449062	16	63292526	63935032	438	0.5403
49d3c8a0-667e-4599-b8eb-1cd0e3449062	16	63939627	64195121	192	0.3856
49d3c8a0-667e-4599-b8eb-1cd0e3449062	16	64196588	64941298	543	0.5663
49d3c8a0-667e-4599-b8eb-1cd0e3449062	16	64941653	66248729	1086	0.3597
49d3c8a0-667e-4599-b8eb-1cd0e3449062	16	66250215	70105639	1763	0.2707
49d3c8a0-667e-4599-b8eb-1cd0e3449062	16	70117657	70145493	4	-0.577
49d3c8a0-667e-4599-b8eb-1cd0e3449062	16	70145666	70164493	11	-0.1319
49d3c8a0-667e-4599-b8eb-1cd0e3449062	16	70177541	73181050	1382	0.2842
49d3c8a0-667e-4599-b8eb-1cd0e3449062	16	73182713	73377471	151	0.3546
49d3c8a0-667e-4599-b8eb-1cd0e3449062	16	73378313	74335633	758	-0.4187
49d3c8a0-667e-4599-b8eb-1cd0e3449062	16	74346075	74422703	11	-1.0235
49d3c8a0-667e-4599-b8eb-1cd0e3449062	16	74431498	75977744	887	-0.4364
49d3c8a0-667e-4599-b8eb-1cd0e3449062	16	75978291	80879489	5267	-0.3648
49d3c8a0-667e-4599-b8eb-1cd0e3449062	16	80879591	83556867	2848	-0.4049
49d3c8a0-667e-4599-b8eb-1cd0e3449062	16	83557612	83855218	392	-0.0676
49d3c8a0-667e-4599-b8eb-1cd0e3449062	16	83856075	83858164	4	-1.1205
49d3c8a0-667e-4599-b8eb-1cd0e3449062	16	83858313	84360565	421	-0.0779
49d3c8a0-667e-4599-b8eb-1cd0e3449062	16	84360636	84362668	3	-1.3217
49d3c8a0-667e-4599-b8eb-1cd0e3449062	16	84366067	84503384	128	-0.1184
49d3c8a0-667e-4599-b8eb-1cd0e3449062	16	84503407	85188965	583	-0.488
49d3c8a0-667e-4599-b8eb-1cd0e3449062	16	85194735	85195056	2	-2.345
49d3c8a0-667e-4599-b8eb-1cd0e3449062	16	85195415	88341547	2483	-0.4438
49d3c8a0-667e-4599-b8eb-1cd0e3449062	16	88342835	88343034	3	-2.4715
49d3c8a0-667e-4599-b8eb-1cd0e3449062	16	88349534	90096867	723	-0.4452
49d3c8a0-667e-4599-b8eb-1cd0e3449062	17	150733	209373	29	0.1324
49d3c8a0-667e-4599-b8eb-1cd0e3449062	17	209970	4520864	2350	-0.0007
49d3c8a0-667e-4599-b8eb-1cd0e3449062	17	4521122	9890711	3217	-0.184
49d3c8a0-667e-4599-b8eb-1cd0e3449062	17	9890879	10095270	165	0.0381
49d3c8a0-667e-4599-b8eb-1cd0e3449062	17	10099047	17123886	4838	-0.1234
49d3c8a0-667e-4599-b8eb-1cd0e3449062	17	17124143	17857475	432	-0.1616
49d3c8a0-667e-4599-b8eb-1cd0e3449062	17	17859020	18413867	315	0.2786
49d3c8a0-667e-4599-b8eb-1cd0e3449062	17	18413879	18561907	29	0.9912
49d3c8a0-667e-4599-b8eb-1cd0e3449062	17	18565883	20079160	650	0.2848
49d3c8a0-667e-4599-b8eb-1cd0e3449062	17	20079592	20093116	11	-1.4049
49d3c8a0-667e-4599-b8eb-1cd0e3449062	17	20096780	21556580	564	0.2763
49d3c8a0-667e-4599-b8eb-1cd0e3449062	17	21556734	22058829	31	0.1192
49d3c8a0-667e-4599-b8eb-1cd0e3449062	17	22167265	22191101	10	-0.5007
49d3c8a0-667e-4599-b8eb-1cd0e3449062	17	22191121	32711076	2899	0.093
49d3c8a0-667e-4599-b8eb-1cd0e3449062	17	32713264	34852943	1918	0.1596
49d3c8a0-667e-4599-b8eb-1cd0e3449062	17	34854889	36109139	721	0.0885
49d3c8a0-667e-4599-b8eb-1cd0e3449062	17	36109735	36157718	35	0.6204
49d3c8a0-667e-4599-b8eb-1cd0e3449062	17	36200725	41085237	2411	0.1054
49d3c8a0-667e-4599-b8eb-1cd0e3449062	17	41088020	41089704	2	1.5634
49d3c8a0-667e-4599-b8eb-1cd0e3449062	17	41090139	41257158	94	0.1435
49d3c8a0-667e-4599-b8eb-1cd0e3449062	17	41258395	41274279	28	0.7773
49d3c8a0-667e-4599-b8eb-1cd0e3449062	17	41276472	46136346	2526	0.0692
49d3c8a0-667e-4599-b8eb-1cd0e3449062	17	46136800	46724274	115	0.4253
49d3c8a0-667e-4599-b8eb-1cd0e3449062	17	46728351	51528569	2494	0.0889
49d3c8a0-667e-4599-b8eb-1cd0e3449062	17	51530058	56649116	3725	0.1867
49d3c8a0-667e-4599-b8eb-1cd0e3449062	17	56649650	62053928	2992	0.108
49d3c8a0-667e-4599-b8eb-1cd0e3449062	17	62054856	74201017	7789	0.2319
49d3c8a0-667e-4599-b8eb-1cd0e3449062	17	74201525	75851305	795	0.1442
49d3c8a0-667e-4599-b8eb-1cd0e3449062	17	75851532	79246981	1951	0.2109
49d3c8a0-667e-4599-b8eb-1cd0e3449062	17	79249578	79250308	3	-1.1203
49d3c8a0-667e-4599-b8eb-1cd0e3449062	17	79250962	83091923	1731	0.2508
49d3c8a0-667e-4599-b8eb-1cd0e3449062	18	48133	552434	355	-0.4806
49d3c8a0-667e-4599-b8eb-1cd0e3449062	18	555074	2055423	1104	0.1304
49d3c8a0-667e-4599-b8eb-1cd0e3449062	18	2055447	4712963	1911	0.0306
49d3c8a0-667e-4599-b8eb-1cd0e3449062	18	4713290	10611391	4411	0.1508
49d3c8a0-667e-4599-b8eb-1cd0e3449062	18	10611417	11795806	804	0.33
49d3c8a0-667e-4599-b8eb-1cd0e3449062	18	11798242	12069663	209	0.1978
49d3c8a0-667e-4599-b8eb-1cd0e3449062	18	12069674	14594130	1347	0.3549
49d3c8a0-667e-4599-b8eb-1cd0e3449062	18	14594168	20986206	246	0.4886
49d3c8a0-667e-4599-b8eb-1cd0e3449062	18	20991561	24346198	1788	0.2199
49d3c8a0-667e-4599-b8eb-1cd0e3449062	18	24346837	30991776	4263	0.1294
49d3c8a0-667e-4599-b8eb-1cd0e3449062	18	30994765	33114271	1466	-0.1968
49d3c8a0-667e-4599-b8eb-1cd0e3449062	18	33118135	34114171	597	-0.0967
49d3c8a0-667e-4599-b8eb-1cd0e3449062	18	34115140	36286955	1245	0.1038
49d3c8a0-667e-4599-b8eb-1cd0e3449062	18	36287576	37073774	654	0.1901
49d3c8a0-667e-4599-b8eb-1cd0e3449062	18	37083141	37572600	293	0.3703
49d3c8a0-667e-4599-b8eb-1cd0e3449062	18	37574771	38369493	543	0.2262
49d3c8a0-667e-4599-b8eb-1cd0e3449062	18	38369550	38439617	54	-0.1357
49d3c8a0-667e-4599-b8eb-1cd0e3449062	18	38439957	38472393	33	0.2363
49d3c8a0-667e-4599-b8eb-1cd0e3449062	18	38473584	64476458	17765	-0.1951
49d3c8a0-667e-4599-b8eb-1cd0e3449062	18	64476590	66109894	1122	-0.1237
49d3c8a0-667e-4599-b8eb-1cd0e3449062	18	66111198	71392837	3767	-0.1669
49d3c8a0-667e-4599-b8eb-1cd0e3449062	18	71393658	73315893	1506	-0.091
49d3c8a0-667e-4599-b8eb-1cd0e3449062	18	73316121	77619547	3427	-0.2163
49d3c8a0-667e-4599-b8eb-1cd0e3449062	18	77619641	79045129	1013	-0.1371
49d3c8a0-667e-4599-b8eb-1cd0e3449062	18	79047781	79953432	440	-0.2321
49d3c8a0-667e-4599-b8eb-1cd0e3449062	18	79956624	79956889	2	-1.8276
49d3c8a0-667e-4599-b8eb-1cd0e3449062	18	79960079	80257174	174	-0.213
49d3c8a0-667e-4599-b8eb-1cd0e3449062	19	90910	11703655	4541	0.2111
49d3c8a0-667e-4599-b8eb-1cd0e3449062	19	11704071	11870251	118	0.3267
49d3c8a0-667e-4599-b8eb-1cd0e3449062	19	11875541	13285861	619	0.2423
49d3c8a0-667e-4599-b8eb-1cd0e3449062	19	13287421	14928127	800	0.3341
49d3c8a0-667e-4599-b8eb-1cd0e3449062	19	14934380	14938487	3	1.5563
49d3c8a0-667e-4599-b8eb-1cd0e3449062	19	14940475	16038223	764	0.2719
49d3c8a0-667e-4599-b8eb-1cd0e3449062	19	16038370	17464977	698	0.1986
49d3c8a0-667e-4599-b8eb-1cd0e3449062	19	17474099	18581132	463	0.0455
49d3c8a0-667e-4599-b8eb-1cd0e3449062	19	18586968	19368011	307	0.1721
49d3c8a0-667e-4599-b8eb-1cd0e3449062	19	19373308	19640618	129	0.2957
49d3c8a0-667e-4599-b8eb-1cd0e3449062	19	19644408	19972982	192	0.49
49d3c8a0-667e-4599-b8eb-1cd0e3449062	19	19975999	20959836	565	0.273
49d3c8a0-667e-4599-b8eb-1cd0e3449062	19	20962588	21632117	384	0.1484
49d3c8a0-667e-4599-b8eb-1cd0e3449062	19	21632838	21637067	2	-1.7198
49d3c8a0-667e-4599-b8eb-1cd0e3449062	19	21637309	29684642	3154	0.1749
49d3c8a0-667e-4599-b8eb-1cd0e3449062	19	29685090	31080713	999	0.0675
49d3c8a0-667e-4599-b8eb-1cd0e3449062	19	31081484	35068462	2693	-0.002
49d3c8a0-667e-4599-b8eb-1cd0e3449062	19	35071409	35364547	229	0.3313
49d3c8a0-667e-4599-b8eb-1cd0e3449062	19	35365141	35370946	19	-0.813
49d3c8a0-667e-4599-b8eb-1cd0e3449062	19	35375842	37760216	1158	0.293
49d3c8a0-667e-4599-b8eb-1cd0e3449062	19	37774726	38961110	632	-0.2305
49d3c8a0-667e-4599-b8eb-1cd0e3449062	19	38962261	43761943	2371	-0.412
49d3c8a0-667e-4599-b8eb-1cd0e3449062	19	43762247	46724564	1507	-0.0497
49d3c8a0-667e-4599-b8eb-1cd0e3449062	19	46734030	47070350	117	-0.4111
49d3c8a0-667e-4599-b8eb-1cd0e3449062	19	47076096	51655492	2249	-0.0713
49d3c8a0-667e-4599-b8eb-1cd0e3449062	19	51655614	54097903	1646	-0.0026
49d3c8a0-667e-4599-b8eb-1cd0e3449062	19	54099351	55761691	822	-0.0725
49d3c8a0-667e-4599-b8eb-1cd0e3449062	19	55766684	55771701	6	0.9958
49d3c8a0-667e-4599-b8eb-1cd0e3449062	19	55774927	55803773	32	-0.0448
49d3c8a0-667e-4599-b8eb-1cd0e3449062	19	55805104	56821271	715	-0.3916
49d3c8a0-667e-4599-b8eb-1cd0e3449062	19	56823654	58586487	1083	-0.6078
49d3c8a0-667e-4599-b8eb-1cd0e3449062	20	80664	885587	625	0.055
49d3c8a0-667e-4599-b8eb-1cd0e3449062	20	886300	961022	77	0.5527
49d3c8a0-667e-4599-b8eb-1cd0e3449062	20	965819	1580934	498	0.0817
49d3c8a0-667e-4599-b8eb-1cd0e3449062	20	1581021	1601446	34	1.4757
49d3c8a0-667e-4599-b8eb-1cd0e3449062	20	1601561	6530255	3585	0.0434
49d3c8a0-667e-4599-b8eb-1cd0e3449062	20	6533018	6872762	281	0.3682
49d3c8a0-667e-4599-b8eb-1cd0e3449062	20	6872801	7636694	594	0.5198
49d3c8a0-667e-4599-b8eb-1cd0e3449062	20	7642179	8739284	841	0.2781
49d3c8a0-667e-4599-b8eb-1cd0e3449062	20	8739805	8758852	17	0.4386
49d3c8a0-667e-4599-b8eb-1cd0e3449062	20	8759153	9434077	596	0.6757
49d3c8a0-667e-4599-b8eb-1cd0e3449062	20	9435393	11947019	1966	0.5009
49d3c8a0-667e-4599-b8eb-1cd0e3449062	20	11947567	12851922	746	0.3108
49d3c8a0-667e-4599-b8eb-1cd0e3449062	20	12852028	13755236	662	0.0938
49d3c8a0-667e-4599-b8eb-1cd0e3449062	20	13755583	16027993	1753	0.3214
49d3c8a0-667e-4599-b8eb-1cd0e3449062	20	16028612	16817129	775	0.2357
49d3c8a0-667e-4599-b8eb-1cd0e3449062	20	16817379	17813895	868	0.3068
49d3c8a0-667e-4599-b8eb-1cd0e3449062	20	17814408	18939714	808	0.2337
49d3c8a0-667e-4599-b8eb-1cd0e3449062	20	18940230	19551565	544	0.3502
49d3c8a0-667e-4599-b8eb-1cd0e3449062	20	19553639	30271154	4676	0.0152
49d3c8a0-667e-4599-b8eb-1cd0e3449062	20	30293217	34510309	1635	0.3648
49d3c8a0-667e-4599-b8eb-1cd0e3449062	20	34511054	34515231	3	-0.1698
49d3c8a0-667e-4599-b8eb-1cd0e3449062	20	34522088	36407432	867	0.5538
49d3c8a0-667e-4599-b8eb-1cd0e3449062	20	36409462	37120013	404	0.298
49d3c8a0-667e-4599-b8eb-1cd0e3449062	20	37120491	40288353	2127	0.4147
49d3c8a0-667e-4599-b8eb-1cd0e3449062	20	40291739	40375903	48	0.537
49d3c8a0-667e-4599-b8eb-1cd0e3449062	20	40376522	41730880	860	0.7972
49d3c8a0-667e-4599-b8eb-1cd0e3449062	20	41731384	41731388	5	-0.0129
49d3c8a0-667e-4599-b8eb-1cd0e3449062	20	41732145	43349493	1443	0.8353
49d3c8a0-667e-4599-b8eb-1cd0e3449062	20	43350330	43355783	4	-0.003
49d3c8a0-667e-4599-b8eb-1cd0e3449062	20	43360566	43553532	130	0.8125
49d3c8a0-667e-4599-b8eb-1cd0e3449062	20	43554262	44371199	543	0.5748
49d3c8a0-667e-4599-b8eb-1cd0e3449062	20	44371950	47115716	1897	0.1686
49d3c8a0-667e-4599-b8eb-1cd0e3449062	20	47116878	47496382	229	0.0346
49d3c8a0-667e-4599-b8eb-1cd0e3449062	20	47496497	52718884	3602	0.1547
49d3c8a0-667e-4599-b8eb-1cd0e3449062	20	52719295	52719468	2	-1.2105
49d3c8a0-667e-4599-b8eb-1cd0e3449062	20	52719921	54763753	1673	0.1468
49d3c8a0-667e-4599-b8eb-1cd0e3449062	20	54764368	55355125	478	0.211
49d3c8a0-667e-4599-b8eb-1cd0e3449062	20	55355689	55356644	2	-1.1256
49d3c8a0-667e-4599-b8eb-1cd0e3449062	20	55358115	55942883	480	0.2318
49d3c8a0-667e-4599-b8eb-1cd0e3449062	20	55943190	64324800	5855	0.1465
49d3c8a0-667e-4599-b8eb-1cd0e3449062	21	10354168	10458882	16	0.214
49d3c8a0-667e-4599-b8eb-1cd0e3449062	21	10459118	10512663	5	-0.1853
49d3c8a0-667e-4599-b8eb-1cd0e3449062	21	10512698	10775586	66	-0.7628
49d3c8a0-667e-4599-b8eb-1cd0e3449062	21	12973348	17211308	2403	-0.0387
49d3c8a0-667e-4599-b8eb-1cd0e3449062	21	17213825	17964022	490	-0.1345
49d3c8a0-667e-4599-b8eb-1cd0e3449062	21	17964154	21454629	2653	-0.0305
49d3c8a0-667e-4599-b8eb-1cd0e3449062	21	21456053	23724466	1738	0.0431
49d3c8a0-667e-4599-b8eb-1cd0e3449062	21	23725082	27423179	2906	-0.0693
49d3c8a0-667e-4599-b8eb-1cd0e3449062	21	27424595	35977678	6002	0.2063
49d3c8a0-667e-4599-b8eb-1cd0e3449062	21	35978761	36507792	333	0.0829
49d3c8a0-667e-4599-b8eb-1cd0e3449062	21	36510031	39404710	2323	0.1946
49d3c8a0-667e-4599-b8eb-1cd0e3449062	21	39406251	41331961	1699	0.2428
49d3c8a0-667e-4599-b8eb-1cd0e3449062	21	41336123	46677045	3137	0.1841
49d3c8a0-667e-4599-b8eb-1cd0e3449062	22	15294547	15583346	13	1.0652
49d3c8a0-667e-4599-b8eb-1cd0e3449062	22	15591298	16550182	55	0.3921
49d3c8a0-667e-4599-b8eb-1cd0e3449062	22	16574857	16974186	210	1.0188
49d3c8a0-667e-4599-b8eb-1cd0e3449062	22	16981093	22119549	2835	0.3161
49d3c8a0-667e-4599-b8eb-1cd0e3449062	22	22119654	22120255	5	-1.0639
49d3c8a0-667e-4599-b8eb-1cd0e3449062	22	22127104	22398127	330	0.4033
49d3c8a0-667e-4599-b8eb-1cd0e3449062	22	22398345	22398545	4	1.4094
49d3c8a0-667e-4599-b8eb-1cd0e3449062	22	22402989	23232307	475	0.3613
49d3c8a0-667e-4599-b8eb-1cd0e3449062	22	23234925	23235402	2	-3.1642
49d3c8a0-667e-4599-b8eb-1cd0e3449062	22	23239115	23929558	441	0.2905
49d3c8a0-667e-4599-b8eb-1cd0e3449062	22	23940911	23990739	18	0.9619
49d3c8a0-667e-4599-b8eb-1cd0e3449062	22	23995113	30160112	4677	0.3384
49d3c8a0-667e-4599-b8eb-1cd0e3449062	22	30160233	31381621	688	0.2314
49d3c8a0-667e-4599-b8eb-1cd0e3449062	22	31382595	31384583	2	-1.4426
49d3c8a0-667e-4599-b8eb-1cd0e3449062	22	31388932	33814083	1907	0.2467
49d3c8a0-667e-4599-b8eb-1cd0e3449062	22	33814679	33815605	7	-0.4831
49d3c8a0-667e-4599-b8eb-1cd0e3449062	22	33816214	35187914	1284	0.28
49d3c8a0-667e-4599-b8eb-1cd0e3449062	22	35188030	41973091	3866	0.2097
49d3c8a0-667e-4599-b8eb-1cd0e3449062	22	41975550	46952938	3394	0.2593
49d3c8a0-667e-4599-b8eb-1cd0e3449062	22	46953822	48872888	1766	0.3142
49d3c8a0-667e-4599-b8eb-1cd0e3449062	22	48874111	48874730	2	-1.2761
49d3c8a0-667e-4599-b8eb-1cd0e3449062	22	48877479	50796027	1228	0.2647
49d3c8a0-667e-4599-b8eb-1cd0e3449062	X	251810	670501	61	0.3007
49d3c8a0-667e-4599-b8eb-1cd0e3449062	X	675630	680117	3	-1.5283
49d3c8a0-667e-4599-b8eb-1cd0e3449062	X	683844	722126	12	0.6178
49d3c8a0-667e-4599-b8eb-1cd0e3449062	X	728811	3374771	471	0.2552
49d3c8a0-667e-4599-b8eb-1cd0e3449062	X	3375841	3376866	2	1.4213
49d3c8a0-667e-4599-b8eb-1cd0e3449062	X	3377013	3626832	186	0.27
49d3c8a0-667e-4599-b8eb-1cd0e3449062	X	3630083	4234870	299	0.0815
49d3c8a0-667e-4599-b8eb-1cd0e3449062	X	4234953	4235238	4	1.1684
49d3c8a0-667e-4599-b8eb-1cd0e3449062	X	4237545	16327534	8912	0.0567
49d3c8a0-667e-4599-b8eb-1cd0e3449062	X	16329774	16336406	12	-1.9707
49d3c8a0-667e-4599-b8eb-1cd0e3449062	X	16338298	31194912	9078	0.0713
49d3c8a0-667e-4599-b8eb-1cd0e3449062	X	31197652	31524568	252	-0.3512
49d3c8a0-667e-4599-b8eb-1cd0e3449062	X	31526254	33272777	1319	0.1049
49d3c8a0-667e-4599-b8eb-1cd0e3449062	X	33272886	34813767	1052	0.3482
49d3c8a0-667e-4599-b8eb-1cd0e3449062	X	34818669	43731789	4931	0.0802
49d3c8a0-667e-4599-b8eb-1cd0e3449062	X	43732253	48175099	2369	0.2848
49d3c8a0-667e-4599-b8eb-1cd0e3449062	X	48179914	48179933	2	-1.3183
49d3c8a0-667e-4599-b8eb-1cd0e3449062	X	48186627	58291553	4261	0.2936
49d3c8a0-667e-4599-b8eb-1cd0e3449062	X	58291715	63085014	171	0.4598
49d3c8a0-667e-4599-b8eb-1cd0e3449062	X	63093315	72073409	4019	0.3056
49d3c8a0-667e-4599-b8eb-1cd0e3449062	X	72074791	80222537	3640	0.4297
49d3c8a0-667e-4599-b8eb-1cd0e3449062	X	80223096	80232504	14	-0.1358
49d3c8a0-667e-4599-b8eb-1cd0e3449062	X	80233576	80935822	297	0.4353
49d3c8a0-667e-4599-b8eb-1cd0e3449062	X	80936484	80936491	2	-1.0853
49d3c8a0-667e-4599-b8eb-1cd0e3449062	X	80942364	87394979	3658	0.4574
49d3c8a0-667e-4599-b8eb-1cd0e3449062	X	87401664	87402493	2	-1.0208
49d3c8a0-667e-4599-b8eb-1cd0e3449062	X	87403690	88121701	469	0.4475
49d3c8a0-667e-4599-b8eb-1cd0e3449062	X	88125268	88333810	139	0.1757
49d3c8a0-667e-4599-b8eb-1cd0e3449062	X	88336495	88853842	348	0.8029
49d3c8a0-667e-4599-b8eb-1cd0e3449062	X	88855586	89180255	197	0.9932
49d3c8a0-667e-4599-b8eb-1cd0e3449062	X	89183262	100384749	5561	-0.2242
49d3c8a0-667e-4599-b8eb-1cd0e3449062	X	100388702	116232971	8279	-0.2781
49d3c8a0-667e-4599-b8eb-1cd0e3449062	X	116233508	121188482	2909	-0.2151
49d3c8a0-667e-4599-b8eb-1cd0e3449062	X	121188957	121803343	370	-0.1474
49d3c8a0-667e-4599-b8eb-1cd0e3449062	X	121803724	122485590	417	0.0212
49d3c8a0-667e-4599-b8eb-1cd0e3449062	X	122485973	123861867	879	-0.164
49d3c8a0-667e-4599-b8eb-1cd0e3449062	X	123875420	124433834	341	0.0054
49d3c8a0-667e-4599-b8eb-1cd0e3449062	X	124435584	126494272	1177	-0.1558
49d3c8a0-667e-4599-b8eb-1cd0e3449062	X	126494630	152646266	15775	-0.2671
49d3c8a0-667e-4599-b8eb-1cd0e3449062	X	152647484	154862363	1017	-0.3502
49d3c8a0-667e-4599-b8eb-1cd0e3449062	X	154862579	155952689	358	-0.2485
49d3c8a0-667e-4599-b8eb-1cd0e3449062	Y	2782397	6075631	717	-2.5767
49d3c8a0-667e-4599-b8eb-1cd0e3449062	Y	6076562	25971733	5735	-2.9025
49d3c8a0-667e-4599-b8eb-1cd0e3449062	Y	26077669	56872112	172	-2.6581
