GDC_Aliquot	Chromosome	Start	End	Num_Probes	Segment_Mean
5bb3a5de-89dd-4613-ab9e-68f00c24f5f5	1	62920	969227	67	0.0004
5bb3a5de-89dd-4613-ab9e-68f00c24f5f5	1	983193	3256138	652	0.217
5bb3a5de-89dd-4613-ab9e-68f00c24f5f5	1	3256538	16487426	7914	0.0083
5bb3a5de-89dd-4613-ab9e-68f00c24f5f5	1	16488499	16977349	139	0.1725
5bb3a5de-89dd-4613-ab9e-68f00c24f5f5	1	16981663	21358952	2953	-0.0028
5bb3a5de-89dd-4613-ab9e-68f00c24f5f5	1	21361264	21451767	47	0.3094
5bb3a5de-89dd-4613-ab9e-68f00c24f5f5	1	21452015	44816032	12964	0.0093
5bb3a5de-89dd-4613-ab9e-68f00c24f5f5	1	44823546	44824215	5	-1.108
5bb3a5de-89dd-4613-ab9e-68f00c24f5f5	1	44826275	65415774	13485	0.0058
5bb3a5de-89dd-4613-ab9e-68f00c24f5f5	1	65419674	65490042	48	0.3103
5bb3a5de-89dd-4613-ab9e-68f00c24f5f5	1	65491255	72303233	4454	-0.0003
5bb3a5de-89dd-4613-ab9e-68f00c24f5f5	1	72303253	72345465	45	-1.4283
5bb3a5de-89dd-4613-ab9e-68f00c24f5f5	1	72346221	103560608	19976	0.0051
5bb3a5de-89dd-4613-ab9e-68f00c24f5f5	1	103566616	103717410	32	0.4483
5bb3a5de-89dd-4613-ab9e-68f00c24f5f5	1	103717617	105476583	918	-0.0169
5bb3a5de-89dd-4613-ab9e-68f00c24f5f5	1	105476614	105479753	16	0.738
5bb3a5de-89dd-4613-ab9e-68f00c24f5f5	1	105481433	114286279	5943	0.0024
5bb3a5de-89dd-4613-ab9e-68f00c24f5f5	1	114289343	114291088	3	-1.3833
5bb3a5de-89dd-4613-ab9e-68f00c24f5f5	1	114291180	121597150	3827	0.0015
5bb3a5de-89dd-4613-ab9e-68f00c24f5f5	1	121598439	149845018	1026	0.0839
5bb3a5de-89dd-4613-ab9e-68f00c24f5f5	1	149845205	152583051	1415	0.0096
5bb3a5de-89dd-4613-ab9e-68f00c24f5f5	1	152583230	152613762	31	-1.3896
5bb3a5de-89dd-4613-ab9e-68f00c24f5f5	1	152613802	152790593	190	-0.0017
5bb3a5de-89dd-4613-ab9e-68f00c24f5f5	1	152794991	152795471	10	0.7324
5bb3a5de-89dd-4613-ab9e-68f00c24f5f5	1	152795487	196769638	29437	0.0011
5bb3a5de-89dd-4613-ab9e-68f00c24f5f5	1	196769652	196829534	44	0.3402
5bb3a5de-89dd-4613-ab9e-68f00c24f5f5	1	196829693	246666715	34439	0.0089
5bb3a5de-89dd-4613-ab9e-68f00c24f5f5	1	246666766	246706315	26	0.4352
5bb3a5de-89dd-4613-ab9e-68f00c24f5f5	1	246709941	248415321	1083	0.0197
5bb3a5de-89dd-4613-ab9e-68f00c24f5f5	1	248415350	248525299	33	-0.3839
5bb3a5de-89dd-4613-ab9e-68f00c24f5f5	1	248525314	248645563	38	0.0843
5bb3a5de-89dd-4613-ab9e-68f00c24f5f5	1	248645808	248646068	2	1.7869
5bb3a5de-89dd-4613-ab9e-68f00c24f5f5	1	248661836	248930189	138	0.0741
5bb3a5de-89dd-4613-ab9e-68f00c24f5f5	2	12784	34466002	24057	0.0184
5bb3a5de-89dd-4613-ab9e-68f00c24f5f5	2	34474248	34502800	44	0.5805
5bb3a5de-89dd-4613-ab9e-68f00c24f5f5	2	34511446	52527330	12988	0.0042
5bb3a5de-89dd-4613-ab9e-68f00c24f5f5	2	52527342	52554404	39	-2.1819
5bb3a5de-89dd-4613-ab9e-68f00c24f5f5	2	52560811	67893784	10089	0.0037
5bb3a5de-89dd-4613-ab9e-68f00c24f5f5	2	67893997	67914091	8	0.8736
5bb3a5de-89dd-4613-ab9e-68f00c24f5f5	2	67914130	97130080	13663	0.0099
5bb3a5de-89dd-4613-ab9e-68f00c24f5f5	2	97136585	97658064	92	0.2834
5bb3a5de-89dd-4613-ab9e-68f00c24f5f5	2	97660859	125287799	16741	0.0059
5bb3a5de-89dd-4613-ab9e-68f00c24f5f5	2	125287946	125288844	2	-1.8379
5bb3a5de-89dd-4613-ab9e-68f00c24f5f5	2	125289870	146107615	12595	0.0116
5bb3a5de-89dd-4613-ab9e-68f00c24f5f5	2	146107675	146109366	16	0.947
5bb3a5de-89dd-4613-ab9e-68f00c24f5f5	2	146120238	183929673	23245	0.0057
5bb3a5de-89dd-4613-ab9e-68f00c24f5f5	2	183929787	183944067	18	-0.659
5bb3a5de-89dd-4613-ab9e-68f00c24f5f5	2	183946220	232370659	29519	0.0053
5bb3a5de-89dd-4613-ab9e-68f00c24f5f5	2	232371246	232429005	58	0.3224
5bb3a5de-89dd-4613-ab9e-68f00c24f5f5	2	232429453	241531780	5956	0.0102
5bb3a5de-89dd-4613-ab9e-68f00c24f5f5	2	241531829	242147305	193	0.1491
5bb3a5de-89dd-4613-ab9e-68f00c24f5f5	3	20930	68682877	47724	0.007
5bb3a5de-89dd-4613-ab9e-68f00c24f5f5	3	68697013	68698262	15	1.075
5bb3a5de-89dd-4613-ab9e-68f00c24f5f5	3	68699607	75403949	4873	0.0078
5bb3a5de-89dd-4613-ab9e-68f00c24f5f5	3	75407149	75519398	50	0.2724
5bb3a5de-89dd-4613-ab9e-68f00c24f5f5	3	75523398	75527410	2	-1.7898
5bb3a5de-89dd-4613-ab9e-68f00c24f5f5	3	75528153	119631498	23608	0.0028
5bb3a5de-89dd-4613-ab9e-68f00c24f5f5	3	119632551	119636564	6	-1.0418
5bb3a5de-89dd-4613-ab9e-68f00c24f5f5	3	119636899	128572619	5393	0.0093
5bb3a5de-89dd-4613-ab9e-68f00c24f5f5	3	128575460	128623817	25	0.3683
5bb3a5de-89dd-4613-ab9e-68f00c24f5f5	3	128625943	130067366	659	-0.0046
5bb3a5de-89dd-4613-ab9e-68f00c24f5f5	3	130067443	130087393	31	-1.4714
5bb3a5de-89dd-4613-ab9e-68f00c24f5f5	3	130088081	130416162	214	0.0178
5bb3a5de-89dd-4613-ab9e-68f00c24f5f5	3	130416226	130416240	2	-1.3992
5bb3a5de-89dd-4613-ab9e-68f00c24f5f5	3	130416596	140539030	6302	0.0023
5bb3a5de-89dd-4613-ab9e-68f00c24f5f5	3	140539678	140541597	5	-1.1489
5bb3a5de-89dd-4613-ab9e-68f00c24f5f5	3	140542299	150803513	6304	0.0003
5bb3a5de-89dd-4613-ab9e-68f00c24f5f5	3	150803676	150850125	31	0.379
5bb3a5de-89dd-4613-ab9e-68f00c24f5f5	3	150853027	162790390	7376	0.0002
5bb3a5de-89dd-4613-ab9e-68f00c24f5f5	3	162790404	162898127	66	0.4137
5bb3a5de-89dd-4613-ab9e-68f00c24f5f5	3	162906054	165323075	1321	-0.0111
5bb3a5de-89dd-4613-ab9e-68f00c24f5f5	3	165323760	165364151	65	-0.9648
5bb3a5de-89dd-4613-ab9e-68f00c24f5f5	3	165367641	183438212	11053	0.0054
5bb3a5de-89dd-4613-ab9e-68f00c24f5f5	3	183443151	184456163	528	0.1231
5bb3a5de-89dd-4613-ab9e-68f00c24f5f5	3	184460486	193160113	6175	0.0084
5bb3a5de-89dd-4613-ab9e-68f00c24f5f5	3	193160173	193165114	19	1.5694
5bb3a5de-89dd-4613-ab9e-68f00c24f5f5	3	193168646	198169247	2689	0.0332
5bb3a5de-89dd-4613-ab9e-68f00c24f5f5	4	68929	3869335	1563	0.0497
5bb3a5de-89dd-4613-ab9e-68f00c24f5f5	4	3873169	4163608	70	0.2913
5bb3a5de-89dd-4613-ab9e-68f00c24f5f5	4	4164791	7429741	2588	0.0101
5bb3a5de-89dd-4613-ab9e-68f00c24f5f5	4	7430675	7447535	19	0.4864
5bb3a5de-89dd-4613-ab9e-68f00c24f5f5	4	7450426	10208766	1455	0.0068
5bb3a5de-89dd-4613-ab9e-68f00c24f5f5	4	10221792	10227493	9	1.774
5bb3a5de-89dd-4613-ab9e-68f00c24f5f5	4	10227562	10227684	5	4.5173
5bb3a5de-89dd-4613-ab9e-68f00c24f5f5	4	10228006	10229173	8	2.0539
5bb3a5de-89dd-4613-ab9e-68f00c24f5f5	4	10229188	10233644	13	0.9567
5bb3a5de-89dd-4613-ab9e-68f00c24f5f5	4	10234518	34777432	16946	0.0015
5bb3a5de-89dd-4613-ab9e-68f00c24f5f5	4	34784878	34828250	39	-0.6449
5bb3a5de-89dd-4613-ab9e-68f00c24f5f5	4	34828291	36989869	1411	0.0173
5bb3a5de-89dd-4613-ab9e-68f00c24f5f5	4	36990264	36993441	4	-1.0346
5bb3a5de-89dd-4613-ab9e-68f00c24f5f5	4	36994036	40698556	2461	0.0081
5bb3a5de-89dd-4613-ab9e-68f00c24f5f5	4	40701994	40702175	3	-1.8048
5bb3a5de-89dd-4613-ab9e-68f00c24f5f5	4	40702670	49087357	5064	0.0041
5bb3a5de-89dd-4613-ab9e-68f00c24f5f5	4	49091769	49159741	9	0.8605
5bb3a5de-89dd-4613-ab9e-68f00c24f5f5	4	49203901	62802116	7016	0.0045
5bb3a5de-89dd-4613-ab9e-68f00c24f5f5	4	62804218	62805944	8	-1.4167
5bb3a5de-89dd-4613-ab9e-68f00c24f5f5	4	62813912	63110674	159	0.0021
5bb3a5de-89dd-4613-ab9e-68f00c24f5f5	4	63112237	63118468	6	0.8075
5bb3a5de-89dd-4613-ab9e-68f00c24f5f5	4	63120971	63825689	385	-0.0098
5bb3a5de-89dd-4613-ab9e-68f00c24f5f5	4	63826341	63850713	32	0.4464
5bb3a5de-89dd-4613-ab9e-68f00c24f5f5	4	63851308	68354665	2846	-0.0008
5bb3a5de-89dd-4613-ab9e-68f00c24f5f5	4	68361130	68418873	9	0.8152
5bb3a5de-89dd-4613-ab9e-68f00c24f5f5	4	68422420	68478894	12	0.0935
5bb3a5de-89dd-4613-ab9e-68f00c24f5f5	4	68494770	68639397	69	-1.4208
5bb3a5de-89dd-4613-ab9e-68f00c24f5f5	4	68640616	69100133	223	0.005
5bb3a5de-89dd-4613-ab9e-68f00c24f5f5	4	69100212	69101610	2	-2.1871
5bb3a5de-89dd-4613-ab9e-68f00c24f5f5	4	69102303	69523998	251	0.0592
5bb3a5de-89dd-4613-ab9e-68f00c24f5f5	4	69524143	69525061	2	-2.7616
5bb3a5de-89dd-4613-ab9e-68f00c24f5f5	4	69526170	107130343	22738	0.0041
5bb3a5de-89dd-4613-ab9e-68f00c24f5f5	4	107144594	107155376	38	-0.7239
5bb3a5de-89dd-4613-ab9e-68f00c24f5f5	4	107156277	111384507	2546	0.0018
5bb3a5de-89dd-4613-ab9e-68f00c24f5f5	4	111384608	111384670	3	-1.4752
5bb3a5de-89dd-4613-ab9e-68f00c24f5f5	4	111385089	114258300	1860	0.009
5bb3a5de-89dd-4613-ab9e-68f00c24f5f5	4	114258318	114263110	12	0.828
5bb3a5de-89dd-4613-ab9e-68f00c24f5f5	4	114263154	129141596	8705	0.0075
5bb3a5de-89dd-4613-ab9e-68f00c24f5f5	4	129146391	129147005	2	-2.4105
5bb3a5de-89dd-4613-ab9e-68f00c24f5f5	4	129151408	160982792	19250	0.0045
5bb3a5de-89dd-4613-ab9e-68f00c24f5f5	4	160983527	160990456	2	-1.8083
5bb3a5de-89dd-4613-ab9e-68f00c24f5f5	4	160991244	162785132	1188	-0.0024
5bb3a5de-89dd-4613-ab9e-68f00c24f5f5	4	162787442	162787524	2	-1.6204
5bb3a5de-89dd-4613-ab9e-68f00c24f5f5	4	162787733	164737490	1259	-0.0055
5bb3a5de-89dd-4613-ab9e-68f00c24f5f5	4	164737491	164951435	148	0.1687
5bb3a5de-89dd-4613-ab9e-68f00c24f5f5	4	164951673	171448195	4034	0.0011
5bb3a5de-89dd-4613-ab9e-68f00c24f5f5	4	171453733	171456625	12	1.5251
5bb3a5de-89dd-4613-ab9e-68f00c24f5f5	4	171459220	178592458	4393	0.003
5bb3a5de-89dd-4613-ab9e-68f00c24f5f5	4	178592502	178596121	7	-1.1468
5bb3a5de-89dd-4613-ab9e-68f00c24f5f5	4	178596492	188515708	7135	0.0249
5bb3a5de-89dd-4613-ab9e-68f00c24f5f5	4	188515761	188516256	9	-1.032
5bb3a5de-89dd-4613-ab9e-68f00c24f5f5	4	188518718	189267889	567	0.0516
5bb3a5de-89dd-4613-ab9e-68f00c24f5f5	4	189273964	189278110	4	-2.4865
5bb3a5de-89dd-4613-ab9e-68f00c24f5f5	4	189278617	190106768	350	0.0497
5bb3a5de-89dd-4613-ab9e-68f00c24f5f5	5	15532	169787	84	0.1522
5bb3a5de-89dd-4613-ab9e-68f00c24f5f5	5	177149	225833	26	0.6933
5bb3a5de-89dd-4613-ab9e-68f00c24f5f5	5	226228	1907693	820	0.1432
5bb3a5de-89dd-4613-ab9e-68f00c24f5f5	5	1908188	58025819	34741	0.0067
5bb3a5de-89dd-4613-ab9e-68f00c24f5f5	5	58030200	58037706	32	2.3682
5bb3a5de-89dd-4613-ab9e-68f00c24f5f5	5	58042530	105101012	27249	0.0059
5bb3a5de-89dd-4613-ab9e-68f00c24f5f5	5	105106751	105162694	39	-1.0211
5bb3a5de-89dd-4613-ab9e-68f00c24f5f5	5	105167266	163431168	37814	0.0048
5bb3a5de-89dd-4613-ab9e-68f00c24f5f5	5	163435178	163435536	2	-2.3927
5bb3a5de-89dd-4613-ab9e-68f00c24f5f5	5	163439542	166881864	2306	0.0202
5bb3a5de-89dd-4613-ab9e-68f00c24f5f5	5	166882675	166883084	4	-1.2189
5bb3a5de-89dd-4613-ab9e-68f00c24f5f5	5	166884762	177771448	7560	0.0086
5bb3a5de-89dd-4613-ab9e-68f00c24f5f5	5	177800550	177805604	3	1.4517
5bb3a5de-89dd-4613-ab9e-68f00c24f5f5	5	177827964	180951888	1796	0.022
5bb3a5de-89dd-4613-ab9e-68f00c24f5f5	5	180953203	180991103	17	0.6505
5bb3a5de-89dd-4613-ab9e-68f00c24f5f5	5	181006225	181363319	170	0.1055
5bb3a5de-89dd-4613-ab9e-68f00c24f5f5	6	149661	294725	123	0.153
5bb3a5de-89dd-4613-ab9e-68f00c24f5f5	6	294837	381149	76	-0.2189
5bb3a5de-89dd-4613-ab9e-68f00c24f5f5	6	382559	817619	362	0.0777
5bb3a5de-89dd-4613-ab9e-68f00c24f5f5	6	819857	846919	23	0.6063
5bb3a5de-89dd-4613-ab9e-68f00c24f5f5	6	847346	29869295	21034	0.0073
5bb3a5de-89dd-4613-ab9e-68f00c24f5f5	6	29869410	29881490	16	-0.8342
5bb3a5de-89dd-4613-ab9e-68f00c24f5f5	6	29882419	32486746	1171	0.0467
5bb3a5de-89dd-4613-ab9e-68f00c24f5f5	6	32488906	32605994	29	0.9048
5bb3a5de-89dd-4613-ab9e-68f00c24f5f5	6	32606237	54066353	13705	0.0047
5bb3a5de-89dd-4613-ab9e-68f00c24f5f5	6	54066432	54067057	6	-1.43
5bb3a5de-89dd-4613-ab9e-68f00c24f5f5	6	54070550	78252333	13141	0.0048
5bb3a5de-89dd-4613-ab9e-68f00c24f5f5	6	78252347	78317798	113	-0.3248
5bb3a5de-89dd-4613-ab9e-68f00c24f5f5	6	78318053	103286954	15458	-0.0015
5bb3a5de-89dd-4613-ab9e-68f00c24f5f5	6	103290101	103314186	46	0.6238
5bb3a5de-89dd-4613-ab9e-68f00c24f5f5	6	103317795	143218696	24920	0.0049
5bb3a5de-89dd-4613-ab9e-68f00c24f5f5	6	143227144	143227440	3	1.393
5bb3a5de-89dd-4613-ab9e-68f00c24f5f5	6	143228784	156171763	9088	0.0017
5bb3a5de-89dd-4613-ab9e-68f00c24f5f5	6	156171962	156205933	32	0.5206
5bb3a5de-89dd-4613-ab9e-68f00c24f5f5	6	156206202	167264904	7982	0.0066
5bb3a5de-89dd-4613-ab9e-68f00c24f5f5	6	167265426	168943093	953	0.0928
5bb3a5de-89dd-4613-ab9e-68f00c24f5f5	6	168943214	169776994	696	0.0018
5bb3a5de-89dd-4613-ab9e-68f00c24f5f5	6	169777855	170302843	211	0.1579
5bb3a5de-89dd-4613-ab9e-68f00c24f5f5	6	170303545	170741917	203	0.012
5bb3a5de-89dd-4613-ab9e-68f00c24f5f5	7	43355	22395161	16040	0.0184
5bb3a5de-89dd-4613-ab9e-68f00c24f5f5	7	22395853	22396868	2	-2.3808
5bb3a5de-89dd-4613-ab9e-68f00c24f5f5	7	22399135	39037797	11946	0.0049
5bb3a5de-89dd-4613-ab9e-68f00c24f5f5	7	39037805	39040000	3	-1.4767
5bb3a5de-89dd-4613-ab9e-68f00c24f5f5	7	39041894	56908389	12056	0.0094
5bb3a5de-89dd-4613-ab9e-68f00c24f5f5	7	56997653	57016425	4	1.404
5bb3a5de-89dd-4613-ab9e-68f00c24f5f5	7	57048761	72071483	5260	0.0271
5bb3a5de-89dd-4613-ab9e-68f00c24f5f5	7	72071678	72138042	39	0.5036
5bb3a5de-89dd-4613-ab9e-68f00c24f5f5	7	72138605	97766150	14882	0.0067
5bb3a5de-89dd-4613-ab9e-68f00c24f5f5	7	97766153	97773163	14	-0.6743
5bb3a5de-89dd-4613-ab9e-68f00c24f5f5	7	97774928	101473053	1577	0.0113
5bb3a5de-89dd-4613-ab9e-68f00c24f5f5	7	101473876	101498586	12	0.6029
5bb3a5de-89dd-4613-ab9e-68f00c24f5f5	7	101498690	108161224	3926	0.0086
5bb3a5de-89dd-4613-ab9e-68f00c24f5f5	7	108161434	108165429	4	-1.1329
5bb3a5de-89dd-4613-ab9e-68f00c24f5f5	7	108166550	109793690	1075	0.0161
5bb3a5de-89dd-4613-ab9e-68f00c24f5f5	7	109793720	109797042	9	-1.0696
5bb3a5de-89dd-4613-ab9e-68f00c24f5f5	7	109797043	109801187	19	-0.1991
5bb3a5de-89dd-4613-ab9e-68f00c24f5f5	7	109801572	109813853	10	-1.5495
5bb3a5de-89dd-4613-ab9e-68f00c24f5f5	7	109813925	126404920	10015	-0.0005
5bb3a5de-89dd-4613-ab9e-68f00c24f5f5	7	126405428	126406561	12	-1.1863
5bb3a5de-89dd-4613-ab9e-68f00c24f5f5	7	126406822	134100442	4693	0.0046
5bb3a5de-89dd-4613-ab9e-68f00c24f5f5	7	134100458	134114093	33	0.6111
5bb3a5de-89dd-4613-ab9e-68f00c24f5f5	7	134114401	142063324	5190	0.0053
5bb3a5de-89dd-4613-ab9e-68f00c24f5f5	7	142069843	142087846	25	-2.9262
5bb3a5de-89dd-4613-ab9e-68f00c24f5f5	7	142088099	142092108	8	-1.3148
5bb3a5de-89dd-4613-ab9e-68f00c24f5f5	7	142092307	144012606	1055	0.0088
5bb3a5de-89dd-4613-ab9e-68f00c24f5f5	7	144013003	144014058	7	-0.8984
5bb3a5de-89dd-4613-ab9e-68f00c24f5f5	7	144014076	157854182	8868	0.0061
5bb3a5de-89dd-4613-ab9e-68f00c24f5f5	7	157861272	159334314	917	0.0854
5bb3a5de-89dd-4613-ab9e-68f00c24f5f5	8	81254	3669886	2963	0.0253
5bb3a5de-89dd-4613-ab9e-68f00c24f5f5	8	3671275	3685439	20	-0.5735
5bb3a5de-89dd-4613-ab9e-68f00c24f5f5	8	3686232	7380497	4754	0.0192
5bb3a5de-89dd-4613-ab9e-68f00c24f5f5	8	7396819	7513956	13	-0.9404
5bb3a5de-89dd-4613-ab9e-68f00c24f5f5	8	7514723	7890177	13	0.1409
5bb3a5de-89dd-4613-ab9e-68f00c24f5f5	8	7919608	7941868	4	-1.0095
5bb3a5de-89dd-4613-ab9e-68f00c24f5f5	8	7974123	8398562	169	0.1437
5bb3a5de-89dd-4613-ab9e-68f00c24f5f5	8	8398802	9077003	649	0.0151
5bb3a5de-89dd-4613-ab9e-68f00c24f5f5	8	9077160	9199020	90	0.1331
5bb3a5de-89dd-4613-ab9e-68f00c24f5f5	8	9199293	9206293	26	-0.9116
5bb3a5de-89dd-4613-ab9e-68f00c24f5f5	8	9206389	9260500	66	0.02
5bb3a5de-89dd-4613-ab9e-68f00c24f5f5	8	9260814	9325829	72	0.2776
5bb3a5de-89dd-4613-ab9e-68f00c24f5f5	8	9328726	12387683	2189	0.0089
5bb3a5de-89dd-4613-ab9e-68f00c24f5f5	8	12387748	12389977	6	-0.9897
5bb3a5de-89dd-4613-ab9e-68f00c24f5f5	8	12418301	25117007	10399	0.0156
5bb3a5de-89dd-4613-ab9e-68f00c24f5f5	8	25117062	25122447	16	-0.5321
5bb3a5de-89dd-4613-ab9e-68f00c24f5f5	8	25122457	39373140	9011	0.0083
5bb3a5de-89dd-4613-ab9e-68f00c24f5f5	8	39378084	39529446	58	-2.0386
5bb3a5de-89dd-4613-ab9e-68f00c24f5f5	8	39530780	114622424	43757	0.0038
5bb3a5de-89dd-4613-ab9e-68f00c24f5f5	8	114622438	114629460	31	-0.6041
5bb3a5de-89dd-4613-ab9e-68f00c24f5f5	8	114629502	140990666	19217	-0.0012
5bb3a5de-89dd-4613-ab9e-68f00c24f5f5	8	140990814	145072769	1814	0.1088
5bb3a5de-89dd-4613-ab9e-68f00c24f5f5	9	46587	41473533	31205	0.0074
5bb3a5de-89dd-4613-ab9e-68f00c24f5f5	9	41533430	41666811	24	0.7208
5bb3a5de-89dd-4613-ab9e-68f00c24f5f5	9	41703463	42014203	6	0.0566
5bb3a5de-89dd-4613-ab9e-68f00c24f5f5	9	42037471	42202227	21	-1.4163
5bb3a5de-89dd-4613-ab9e-68f00c24f5f5	9	42211663	42501791	12	-0.5184
5bb3a5de-89dd-4613-ab9e-68f00c24f5f5	9	42524983	42697878	6	-0.0715
5bb3a5de-89dd-4613-ab9e-68f00c24f5f5	9	42698168	42715632	8	0.9798
5bb3a5de-89dd-4613-ab9e-68f00c24f5f5	9	42719891	61405110	45	0.0912
5bb3a5de-89dd-4613-ab9e-68f00c24f5f5	9	61520021	61665362	31	1.4137
5bb3a5de-89dd-4613-ab9e-68f00c24f5f5	9	61668104	63580418	37	0.1722
5bb3a5de-89dd-4613-ab9e-68f00c24f5f5	9	63590317	63590322	3	2.326
5bb3a5de-89dd-4613-ab9e-68f00c24f5f5	9	63590323	87907679	14315	0.0016
5bb3a5de-89dd-4613-ab9e-68f00c24f5f5	9	87939236	87939304	2	-2.2057
5bb3a5de-89dd-4613-ab9e-68f00c24f5f5	9	87943042	138200944	33652	0.0052
5bb3a5de-89dd-4613-ab9e-68f00c24f5f5	10	45792	751569	413	0.0518
5bb3a5de-89dd-4613-ab9e-68f00c24f5f5	10	752021	754237	3	-1.9616
5bb3a5de-89dd-4613-ab9e-68f00c24f5f5	10	754273	3041457	2057	0.0231
5bb3a5de-89dd-4613-ab9e-68f00c24f5f5	10	3041576	3073775	19	0.4447
5bb3a5de-89dd-4613-ab9e-68f00c24f5f5	10	3074691	24086334	16668	0.005
5bb3a5de-89dd-4613-ab9e-68f00c24f5f5	10	24088745	24088989	8	-2.3536
5bb3a5de-89dd-4613-ab9e-68f00c24f5f5	10	24088991	25856879	1240	0.0048
5bb3a5de-89dd-4613-ab9e-68f00c24f5f5	10	25858131	25886996	31	0.5101
5bb3a5de-89dd-4613-ab9e-68f00c24f5f5	10	25887122	26926912	707	-0.0021
5bb3a5de-89dd-4613-ab9e-68f00c24f5f5	10	26929446	26941746	23	0.4656
5bb3a5de-89dd-4613-ab9e-68f00c24f5f5	10	26941808	27340817	206	-0.003
5bb3a5de-89dd-4613-ab9e-68f00c24f5f5	10	27341799	27345225	9	0.7953
5bb3a5de-89dd-4613-ab9e-68f00c24f5f5	10	27345576	45565169	9944	0.0032
5bb3a5de-89dd-4613-ab9e-68f00c24f5f5	10	45569813	45587723	11	-0.6502
5bb3a5de-89dd-4613-ab9e-68f00c24f5f5	10	45588052	45936113	52	0.0978
5bb3a5de-89dd-4613-ab9e-68f00c24f5f5	10	45998155	46617422	268	-0.8507
5bb3a5de-89dd-4613-ab9e-68f00c24f5f5	10	46618028	46632302	3	-3.744
5bb3a5de-89dd-4613-ab9e-68f00c24f5f5	10	46657149	49840572	1609	-0.9538
5bb3a5de-89dd-4613-ab9e-68f00c24f5f5	10	49841838	65538843	11032	0.0061
5bb3a5de-89dd-4613-ab9e-68f00c24f5f5	10	65539931	65563037	38	0.3746
5bb3a5de-89dd-4613-ab9e-68f00c24f5f5	10	65563168	70681472	3471	0.0031
5bb3a5de-89dd-4613-ab9e-68f00c24f5f5	10	70681594	70794736	104	0.243
5bb3a5de-89dd-4613-ab9e-68f00c24f5f5	10	70795038	79488828	5633	0.0001
5bb3a5de-89dd-4613-ab9e-68f00c24f5f5	10	79491575	80179717	226	0.1237
5bb3a5de-89dd-4613-ab9e-68f00c24f5f5	10	80180945	84025968	2898	0.0004
5bb3a5de-89dd-4613-ab9e-68f00c24f5f5	10	84026165	84027919	2	-1.7313
5bb3a5de-89dd-4613-ab9e-68f00c24f5f5	10	84034670	92385447	5557	0.0032
5bb3a5de-89dd-4613-ab9e-68f00c24f5f5	10	92387518	92451052	23	0.4382
5bb3a5de-89dd-4613-ab9e-68f00c24f5f5	10	92452985	130448088	26227	0.0025
5bb3a5de-89dd-4613-ab9e-68f00c24f5f5	10	130449900	133654968	2013	0.0705
5bb3a5de-89dd-4613-ab9e-68f00c24f5f5	11	198510	491334	116	0.2288
5bb3a5de-89dd-4613-ab9e-68f00c24f5f5	11	496073	4946420	2299	0.0133
5bb3a5de-89dd-4613-ab9e-68f00c24f5f5	11	4947280	4952799	25	0.5573
5bb3a5de-89dd-4613-ab9e-68f00c24f5f5	11	4953934	5762693	787	0.0099
5bb3a5de-89dd-4613-ab9e-68f00c24f5f5	11	5766175	5788108	34	0.5115
5bb3a5de-89dd-4613-ab9e-68f00c24f5f5	11	5788231	64785474	36314	0.0007
5bb3a5de-89dd-4613-ab9e-68f00c24f5f5	11	64786671	65998573	467	0.1713
5bb3a5de-89dd-4613-ab9e-68f00c24f5f5	11	65999682	135074876	46641	0.0051
5bb3a5de-89dd-4613-ab9e-68f00c24f5f5	12	51460	770746	453	0.1718
5bb3a5de-89dd-4613-ab9e-68f00c24f5f5	12	770824	1565893	436	0.0422
5bb3a5de-89dd-4613-ab9e-68f00c24f5f5	12	1566873	1567793	2	-2.1199
5bb3a5de-89dd-4613-ab9e-68f00c24f5f5	12	1569737	12886788	7691	0.0135
5bb3a5de-89dd-4613-ab9e-68f00c24f5f5	12	12888010	12946829	48	0.2945
5bb3a5de-89dd-4613-ab9e-68f00c24f5f5	12	12951545	30080397	11842	0.0109
5bb3a5de-89dd-4613-ab9e-68f00c24f5f5	12	30081067	30091052	33	-0.4517
5bb3a5de-89dd-4613-ab9e-68f00c24f5f5	12	30091101	33141726	2247	0.0089
5bb3a5de-89dd-4613-ab9e-68f00c24f5f5	12	33148472	33154440	27	-2.9435
5bb3a5de-89dd-4613-ab9e-68f00c24f5f5	12	33155426	80446147	27087	0.0051
5bb3a5de-89dd-4613-ab9e-68f00c24f5f5	12	80446276	80456533	2	-1.9698
5bb3a5de-89dd-4613-ab9e-68f00c24f5f5	12	80458189	99397874	12151	0.0012
5bb3a5de-89dd-4613-ab9e-68f00c24f5f5	12	99397993	99409340	36	-0.5594
5bb3a5de-89dd-4613-ab9e-68f00c24f5f5	12	99409355	129758549	20570	0.0041
5bb3a5de-89dd-4613-ab9e-68f00c24f5f5	12	129758626	133201603	2108	0.069
5bb3a5de-89dd-4613-ab9e-68f00c24f5f5	13	18452809	23051234	2842	0.0256
5bb3a5de-89dd-4613-ab9e-68f00c24f5f5	13	23051568	23051669	3	-1.3734
5bb3a5de-89dd-4613-ab9e-68f00c24f5f5	13	23051898	37496998	10610	0.0073
5bb3a5de-89dd-4613-ab9e-68f00c24f5f5	13	37497899	37514193	17	0.7305
5bb3a5de-89dd-4613-ab9e-68f00c24f5f5	13	37514237	38478674	699	-0.0009
5bb3a5de-89dd-4613-ab9e-68f00c24f5f5	13	38483435	38490920	3	-1.8879
5bb3a5de-89dd-4613-ab9e-68f00c24f5f5	13	38491096	63770336	15686	0.0057
5bb3a5de-89dd-4613-ab9e-68f00c24f5f5	13	63771551	63813557	36	0.5103
5bb3a5de-89dd-4613-ab9e-68f00c24f5f5	13	63814138	113936214	33970	0.007
5bb3a5de-89dd-4613-ab9e-68f00c24f5f5	13	113971527	114078375	36	0.4314
5bb3a5de-89dd-4613-ab9e-68f00c24f5f5	13	114081538	114342922	117	0.0658
5bb3a5de-89dd-4613-ab9e-68f00c24f5f5	14	18239283	19049265	31	0.0074
5bb3a5de-89dd-4613-ab9e-68f00c24f5f5	14	19078442	19926759	119	0.2917
5bb3a5de-89dd-4613-ab9e-68f00c24f5f5	14	19926968	20485383	400	0.0043
5bb3a5de-89dd-4613-ab9e-68f00c24f5f5	14	20486838	20517781	29	0.4509
5bb3a5de-89dd-4613-ab9e-68f00c24f5f5	14	20517919	22468664	1374	0.0041
5bb3a5de-89dd-4613-ab9e-68f00c24f5f5	14	22469219	22748162	246	0.1347
5bb3a5de-89dd-4613-ab9e-68f00c24f5f5	14	22751549	62960541	25313	0.0054
5bb3a5de-89dd-4613-ab9e-68f00c24f5f5	14	62960829	62963545	2	-1.6805
5bb3a5de-89dd-4613-ab9e-68f00c24f5f5	14	62964055	73534419	6661	-0.007
5bb3a5de-89dd-4613-ab9e-68f00c24f5f5	14	73540003	73554275	8	-1.4409
5bb3a5de-89dd-4613-ab9e-68f00c24f5f5	14	73563196	85098746	7585	0.0031
5bb3a5de-89dd-4613-ab9e-68f00c24f5f5	14	85098811	85098951	3	-1.2836
5bb3a5de-89dd-4613-ab9e-68f00c24f5f5	14	85099082	87934727	1910	-0.0003
5bb3a5de-89dd-4613-ab9e-68f00c24f5f5	14	87934750	87937851	16	-0.5334
5bb3a5de-89dd-4613-ab9e-68f00c24f5f5	14	87937897	105533894	11091	0.0052
5bb3a5de-89dd-4613-ab9e-68f00c24f5f5	14	105537192	105876933	89	0.2057
5bb3a5de-89dd-4613-ab9e-68f00c24f5f5	14	105877043	106877229	425	0.0296
5bb3a5de-89dd-4613-ab9e-68f00c24f5f5	15	19811075	20187568	55	0.1269
5bb3a5de-89dd-4613-ab9e-68f00c24f5f5	15	20190276	21266108	114	-0.2791
5bb3a5de-89dd-4613-ab9e-68f00c24f5f5	15	21266481	27972018	3636	0.0151
5bb3a5de-89dd-4613-ab9e-68f00c24f5f5	15	27973177	30674693	1069	0.091
5bb3a5de-89dd-4613-ab9e-68f00c24f5f5	15	30678558	71183017	26128	0.0008
5bb3a5de-89dd-4613-ab9e-68f00c24f5f5	15	71183826	71183985	3	-1.4044
5bb3a5de-89dd-4613-ab9e-68f00c24f5f5	15	71186731	83871965	7282	0.0073
5bb3a5de-89dd-4613-ab9e-68f00c24f5f5	15	83871986	83878525	7	-0.8232
5bb3a5de-89dd-4613-ab9e-68f00c24f5f5	15	83878795	97264844	9743	0.0113
5bb3a5de-89dd-4613-ab9e-68f00c24f5f5	15	97265179	97288957	12	-0.7841
5bb3a5de-89dd-4613-ab9e-68f00c24f5f5	15	97290419	99742036	1766	-0.0137
5bb3a5de-89dd-4613-ab9e-68f00c24f5f5	15	99743103	100194861	353	0.1306
5bb3a5de-89dd-4613-ab9e-68f00c24f5f5	15	100195147	101434193	994	0.021
5bb3a5de-89dd-4613-ab9e-68f00c24f5f5	15	101434448	101438243	2	-1.7859
5bb3a5de-89dd-4613-ab9e-68f00c24f5f5	15	101438277	101928837	305	0.0597
5bb3a5de-89dd-4613-ab9e-68f00c24f5f5	16	10777	1529759	496	0.1188
5bb3a5de-89dd-4613-ab9e-68f00c24f5f5	16	1530435	15222869	10697	0.0132
5bb3a5de-89dd-4613-ab9e-68f00c24f5f5	16	15257825	16268505	539	0.1172
5bb3a5de-89dd-4613-ab9e-68f00c24f5f5	16	16269368	16474343	9	-0.8379
5bb3a5de-89dd-4613-ab9e-68f00c24f5f5	16	16491407	19933041	1706	0.0274
5bb3a5de-89dd-4613-ab9e-68f00c24f5f5	16	19934328	19954553	28	-0.6749
5bb3a5de-89dd-4613-ab9e-68f00c24f5f5	16	19956040	28620264	5396	0.0108
5bb3a5de-89dd-4613-ab9e-68f00c24f5f5	16	28637882	30527776	469	0.1562
5bb3a5de-89dd-4613-ab9e-68f00c24f5f5	16	30535167	32072367	602	-0.0039
5bb3a5de-89dd-4613-ab9e-68f00c24f5f5	16	32081442	32938932	36	-0.6672
5bb3a5de-89dd-4613-ab9e-68f00c24f5f5	16	32944749	61422028	10443	-0.0068
5bb3a5de-89dd-4613-ab9e-68f00c24f5f5	16	61424197	61446268	11	0.5744
5bb3a5de-89dd-4613-ab9e-68f00c24f5f5	16	61448013	78338949	10752	0.0043
5bb3a5de-89dd-4613-ab9e-68f00c24f5f5	16	78339440	78342480	4	-1.254
5bb3a5de-89dd-4613-ab9e-68f00c24f5f5	16	78342814	81178647	3265	0.0081
5bb3a5de-89dd-4613-ab9e-68f00c24f5f5	16	81183889	81205463	27	0.3978
5bb3a5de-89dd-4613-ab9e-68f00c24f5f5	16	81208415	83162346	2023	0.0003
5bb3a5de-89dd-4613-ab9e-68f00c24f5f5	16	83162620	83175693	17	-1.1875
5bb3a5de-89dd-4613-ab9e-68f00c24f5f5	16	83177351	83997190	1000	-0.0043
5bb3a5de-89dd-4613-ab9e-68f00c24f5f5	16	84000908	84885321	804	0.0953
5bb3a5de-89dd-4613-ab9e-68f00c24f5f5	16	84885696	86412979	1298	0.0109
5bb3a5de-89dd-4613-ab9e-68f00c24f5f5	16	86413560	86413765	5	-1.222
5bb3a5de-89dd-4613-ab9e-68f00c24f5f5	16	86414142	88337138	1434	0.0173
5bb3a5de-89dd-4613-ab9e-68f00c24f5f5	16	88341547	89206933	279	0.2188
5bb3a5de-89dd-4613-ab9e-68f00c24f5f5	16	89206958	89501984	172	0.0275
5bb3a5de-89dd-4613-ab9e-68f00c24f5f5	16	89502084	90051872	248	0.2312
5bb3a5de-89dd-4613-ab9e-68f00c24f5f5	16	90057048	90096867	30	-0.0635
5bb3a5de-89dd-4613-ab9e-68f00c24f5f5	17	150733	1066929	491	0.1348
5bb3a5de-89dd-4613-ab9e-68f00c24f5f5	17	1067361	5701485	2466	0.0249
5bb3a5de-89dd-4613-ab9e-68f00c24f5f5	17	5702575	5734803	28	0.5124
5bb3a5de-89dd-4613-ab9e-68f00c24f5f5	17	5737408	41266762	17800	0.0131
5bb3a5de-89dd-4613-ab9e-68f00c24f5f5	17	41266774	41274279	23	-0.8451
5bb3a5de-89dd-4613-ab9e-68f00c24f5f5	17	41276472	74189814	19680	0.0026
5bb3a5de-89dd-4613-ab9e-68f00c24f5f5	17	74192362	74694557	304	0.2023
5bb3a5de-89dd-4613-ab9e-68f00c24f5f5	17	74695492	77645350	1511	0.0198
5bb3a5de-89dd-4613-ab9e-68f00c24f5f5	17	77646541	77654835	10	-0.8037
5bb3a5de-89dd-4613-ab9e-68f00c24f5f5	17	77657739	80652702	1713	0.0183
5bb3a5de-89dd-4613-ab9e-68f00c24f5f5	17	80653205	80685817	13	0.8102
5bb3a5de-89dd-4613-ab9e-68f00c24f5f5	17	80687840	83091923	940	0.0545
5bb3a5de-89dd-4613-ab9e-68f00c24f5f5	18	48133	884725	625	0.0784
5bb3a5de-89dd-4613-ab9e-68f00c24f5f5	18	885054	79350514	49605	0.0047
5bb3a5de-89dd-4613-ab9e-68f00c24f5f5	18	79350713	80257174	433	0.1226
5bb3a5de-89dd-4613-ab9e-68f00c24f5f5	19	90910	1228302	265	0.0812
5bb3a5de-89dd-4613-ab9e-68f00c24f5f5	19	1228397	1247836	3	1.3181
5bb3a5de-89dd-4613-ab9e-68f00c24f5f5	19	1271275	2646820	371	0.0724
5bb3a5de-89dd-4613-ab9e-68f00c24f5f5	19	2646942	4346405	513	0.0028
5bb3a5de-89dd-4613-ab9e-68f00c24f5f5	19	4349819	4658389	74	0.2032
5bb3a5de-89dd-4613-ab9e-68f00c24f5f5	19	4658892	5504158	360	0.009
5bb3a5de-89dd-4613-ab9e-68f00c24f5f5	19	5504617	5513048	9	0.8129
5bb3a5de-89dd-4613-ab9e-68f00c24f5f5	19	5515782	15673342	4993	0.0009
5bb3a5de-89dd-4613-ab9e-68f00c24f5f5	19	15679275	15680807	2	1.692
5bb3a5de-89dd-4613-ab9e-68f00c24f5f5	19	15680854	19720735	1899	0.0021
5bb3a5de-89dd-4613-ab9e-68f00c24f5f5	19	19724944	20411869	426	0.0889
5bb3a5de-89dd-4613-ab9e-68f00c24f5f5	19	20413400	20533583	67	-0.6903
5bb3a5de-89dd-4613-ab9e-68f00c24f5f5	19	20538075	35167825	7529	0.003
5bb3a5de-89dd-4613-ab9e-68f00c24f5f5	19	35172871	35175144	7	-0.8328
5bb3a5de-89dd-4613-ab9e-68f00c24f5f5	19	35175178	43209110	4054	0.0105
5bb3a5de-89dd-4613-ab9e-68f00c24f5f5	19	43209225	43252085	17	-0.8994
5bb3a5de-89dd-4613-ab9e-68f00c24f5f5	19	43262507	51639677	4149	0.0115
5bb3a5de-89dd-4613-ab9e-68f00c24f5f5	19	51641117	51644944	8	-0.8772
5bb3a5de-89dd-4613-ab9e-68f00c24f5f5	19	51651652	58586487	4331	0.0345
5bb3a5de-89dd-4613-ab9e-68f00c24f5f5	20	80664	1580934	1204	0.0339
5bb3a5de-89dd-4613-ab9e-68f00c24f5f5	20	1581021	1613203	39	1.666
5bb3a5de-89dd-4613-ab9e-68f00c24f5f5	20	1613247	4013998	1657	0.0137
5bb3a5de-89dd-4613-ab9e-68f00c24f5f5	20	4016793	4068177	48	0.3806
5bb3a5de-89dd-4613-ab9e-68f00c24f5f5	20	4069144	5531096	1146	0.0038
5bb3a5de-89dd-4613-ab9e-68f00c24f5f5	20	5532409	5532983	2	1.6634
5bb3a5de-89dd-4613-ab9e-68f00c24f5f5	20	5534275	8390866	2185	0.013
5bb3a5de-89dd-4613-ab9e-68f00c24f5f5	20	8391284	8415456	18	-0.5128
5bb3a5de-89dd-4613-ab9e-68f00c24f5f5	20	8415810	11707352	2697	0.0012
5bb3a5de-89dd-4613-ab9e-68f00c24f5f5	20	11708637	11709628	2	-1.4917
5bb3a5de-89dd-4613-ab9e-68f00c24f5f5	20	11709769	14812166	2149	0.0043
5bb3a5de-89dd-4613-ab9e-68f00c24f5f5	20	14812188	14812192	2	-2.3438
5bb3a5de-89dd-4613-ab9e-68f00c24f5f5	20	14812769	63081948	30685	0.0072
5bb3a5de-89dd-4613-ab9e-68f00c24f5f5	20	63084768	63127565	31	0.3931
5bb3a5de-89dd-4613-ab9e-68f00c24f5f5	20	63132152	63587563	132	0.0221
5bb3a5de-89dd-4613-ab9e-68f00c24f5f5	20	63588295	64324800	315	0.2051
5bb3a5de-89dd-4613-ab9e-68f00c24f5f5	21	10354168	13439418	220	0.0693
5bb3a5de-89dd-4613-ab9e-68f00c24f5f5	21	13439994	39553238	18854	0.0025
5bb3a5de-89dd-4613-ab9e-68f00c24f5f5	21	39553581	39598905	56	0.3278
5bb3a5de-89dd-4613-ab9e-68f00c24f5f5	21	39599578	45231935	3856	0.0091
5bb3a5de-89dd-4613-ab9e-68f00c24f5f5	21	45232843	45664980	233	0.1846
5bb3a5de-89dd-4613-ab9e-68f00c24f5f5	21	45665804	46258381	320	0.0007
5bb3a5de-89dd-4613-ab9e-68f00c24f5f5	21	46258860	46337878	38	0.3404
5bb3a5de-89dd-4613-ab9e-68f00c24f5f5	21	46338236	46641299	215	0.0708
5bb3a5de-89dd-4613-ab9e-68f00c24f5f5	21	46646248	46677045	28	0.3625
5bb3a5de-89dd-4613-ab9e-68f00c24f5f5	22	15294547	18128862	1098	0.035
5bb3a5de-89dd-4613-ab9e-68f00c24f5f5	22	18130790	21684169	1673	0.116
5bb3a5de-89dd-4613-ab9e-68f00c24f5f5	22	21685373	22397854	680	0.036
5bb3a5de-89dd-4613-ab9e-68f00c24f5f5	22	22398127	22402989	6	-1.2174
5bb3a5de-89dd-4613-ab9e-68f00c24f5f5	22	22415587	23444463	618	0.0911
5bb3a5de-89dd-4613-ab9e-68f00c24f5f5	22	23458108	23987520	313	-0.0181
5bb3a5de-89dd-4613-ab9e-68f00c24f5f5	22	23988078	23989773	2	-3.2294
5bb3a5de-89dd-4613-ab9e-68f00c24f5f5	22	23990431	25234713	796	-0.003
5bb3a5de-89dd-4613-ab9e-68f00c24f5f5	22	25236701	25340707	70	0.1626
5bb3a5de-89dd-4613-ab9e-68f00c24f5f5	22	25340708	25340711	4	-0.8882
5bb3a5de-89dd-4613-ab9e-68f00c24f5f5	22	25349934	25593322	284	0.1311
5bb3a5de-89dd-4613-ab9e-68f00c24f5f5	22	25596626	36281354	8116	0.0067
5bb3a5de-89dd-4613-ab9e-68f00c24f5f5	22	36282982	36320356	38	0.3139
5bb3a5de-89dd-4613-ab9e-68f00c24f5f5	22	36320876	38104375	1056	0.0004
5bb3a5de-89dd-4613-ab9e-68f00c24f5f5	22	38110681	38142239	19	0.4175
5bb3a5de-89dd-4613-ab9e-68f00c24f5f5	22	38142633	38894915	404	0.004
5bb3a5de-89dd-4613-ab9e-68f00c24f5f5	22	38899250	38900899	3	1.3956
5bb3a5de-89dd-4613-ab9e-68f00c24f5f5	22	38903109	38932713	16	0.0904
5bb3a5de-89dd-4613-ab9e-68f00c24f5f5	22	38933588	38945487	11	0.5667
5bb3a5de-89dd-4613-ab9e-68f00c24f5f5	22	38946594	39205570	122	0.0336
5bb3a5de-89dd-4613-ab9e-68f00c24f5f5	22	39207924	39212188	5	0.7533
5bb3a5de-89dd-4613-ab9e-68f00c24f5f5	22	39212728	39920549	344	0.0084
5bb3a5de-89dd-4613-ab9e-68f00c24f5f5	22	39921571	39922194	3	0.9499
5bb3a5de-89dd-4613-ab9e-68f00c24f5f5	22	39922494	41903281	1132	-0.0138
5bb3a5de-89dd-4613-ab9e-68f00c24f5f5	22	41903531	41975550	35	0.5343
5bb3a5de-89dd-4613-ab9e-68f00c24f5f5	22	41979300	48935200	5205	0.0152
5bb3a5de-89dd-4613-ab9e-68f00c24f5f5	22	48940621	50796027	1193	0.14
5bb3a5de-89dd-4613-ab9e-68f00c24f5f5	X	251810	10118468	5642	0.0239
5bb3a5de-89dd-4613-ab9e-68f00c24f5f5	X	10118946	10119447	2	-5.3231
5bb3a5de-89dd-4613-ab9e-68f00c24f5f5	X	10121643	48232077	23282	0.0134
5bb3a5de-89dd-4613-ab9e-68f00c24f5f5	X	48235499	48235803	2	-6.4422
5bb3a5de-89dd-4613-ab9e-68f00c24f5f5	X	48236567	48246317	5	-1.7505
5bb3a5de-89dd-4613-ab9e-68f00c24f5f5	X	48248934	90193798	17487	0.007
5bb3a5de-89dd-4613-ab9e-68f00c24f5f5	X	90200964	90229013	8	-1.7909
5bb3a5de-89dd-4613-ab9e-68f00c24f5f5	X	90239457	95898345	2700	0.0123
5bb3a5de-89dd-4613-ab9e-68f00c24f5f5	X	95901679	95901951	2	-4.8395
5bb3a5de-89dd-4613-ab9e-68f00c24f5f5	X	95902105	155952689	34012	0.0082
5bb3a5de-89dd-4613-ab9e-68f00c24f5f5	Y	2782397	56872112	6636	-0.9801
