GDC_Aliquot	Chromosome	Start	End	Num_Probes	Segment_Mean
be71b867-4ae0-4513-bcd0-914eaf87ae55	1	62920	15381037	8029	-0.554
be71b867-4ae0-4513-bcd0-914eaf87ae55	1	15383915	21811974	3888	-0.1369
be71b867-4ae0-4513-bcd0-914eaf87ae55	1	21815733	21898797	37	0.2401
be71b867-4ae0-4513-bcd0-914eaf87ae55	1	21899250	22031562	71	0.5009
be71b867-4ae0-4513-bcd0-914eaf87ae55	1	22031772	22159350	78	0.1585
be71b867-4ae0-4513-bcd0-914eaf87ae55	1	22159378	25256800	1821	-0.1125
be71b867-4ae0-4513-bcd0-914eaf87ae55	1	25256850	25320455	25	-1.69
be71b867-4ae0-4513-bcd0-914eaf87ae55	1	25336819	27384554	856	-0.1291
be71b867-4ae0-4513-bcd0-914eaf87ae55	1	27386428	27486561	35	0.1921
be71b867-4ae0-4513-bcd0-914eaf87ae55	1	27490870	27518482	11	0.7151
be71b867-4ae0-4513-bcd0-914eaf87ae55	1	27522032	28916260	582	-0.12
be71b867-4ae0-4513-bcd0-914eaf87ae55	1	28919436	29116074	77	0.3124
be71b867-4ae0-4513-bcd0-914eaf87ae55	1	29116468	32514921	2041	-0.1327
be71b867-4ae0-4513-bcd0-914eaf87ae55	1	32516789	32912905	153	0.1828
be71b867-4ae0-4513-bcd0-914eaf87ae55	1	32914507	44137834	6546	-0.119
be71b867-4ae0-4513-bcd0-914eaf87ae55	1	44138073	44997800	485	0.2518
be71b867-4ae0-4513-bcd0-914eaf87ae55	1	45000839	63296376	11726	-0.097
be71b867-4ae0-4513-bcd0-914eaf87ae55	1	63301926	64365903	752	-0.51
be71b867-4ae0-4513-bcd0-914eaf87ae55	1	64367665	72303233	5356	-0.0828
be71b867-4ae0-4513-bcd0-914eaf87ae55	1	72303253	72345450	44	-1.3226
be71b867-4ae0-4513-bcd0-914eaf87ae55	1	72345465	72874276	367	-0.0483
be71b867-4ae0-4513-bcd0-914eaf87ae55	1	72876169	84750522	7615	-0.4971
be71b867-4ae0-4513-bcd0-914eaf87ae55	1	84751029	84803171	62	-0.087
be71b867-4ae0-4513-bcd0-914eaf87ae55	1	84809867	88160195	2270	-0.5205
be71b867-4ae0-4513-bcd0-914eaf87ae55	1	88164091	88166705	7	-2.8879
be71b867-4ae0-4513-bcd0-914eaf87ae55	1	88166738	109684893	13124	-0.5069
be71b867-4ae0-4513-bcd0-914eaf87ae55	1	109690352	109707613	17	0.8716
be71b867-4ae0-4513-bcd0-914eaf87ae55	1	109707614	112147704	1922	-0.5386
be71b867-4ae0-4513-bcd0-914eaf87ae55	1	112153343	112154591	22	0.3601
be71b867-4ae0-4513-bcd0-914eaf87ae55	1	112154619	121558757	5099	-0.5227
be71b867-4ae0-4513-bcd0-914eaf87ae55	1	121561051	151273890	1644	-0.0875
be71b867-4ae0-4513-bcd0-914eaf87ae55	1	151274853	179478408	18975	0.2095
be71b867-4ae0-4513-bcd0-914eaf87ae55	1	179481778	180306519	534	0.4656
be71b867-4ae0-4513-bcd0-914eaf87ae55	1	180309819	180781437	268	0.1894
be71b867-4ae0-4513-bcd0-914eaf87ae55	1	180781479	180980492	122	0.4381
be71b867-4ae0-4513-bcd0-914eaf87ae55	1	180982556	189323664	5581	0.2143
be71b867-4ae0-4513-bcd0-914eaf87ae55	1	189333884	195612168	4213	0.4837
be71b867-4ae0-4513-bcd0-914eaf87ae55	1	195616626	196745743	751	0.2382
be71b867-4ae0-4513-bcd0-914eaf87ae55	1	196758720	196792690	40	-0.9841
be71b867-4ae0-4513-bcd0-914eaf87ae55	1	196798282	196832525	17	-0.3545
be71b867-4ae0-4513-bcd0-914eaf87ae55	1	196832720	197844428	533	0.2354
be71b867-4ae0-4513-bcd0-914eaf87ae55	1	197848515	199047515	769	0.4681
be71b867-4ae0-4513-bcd0-914eaf87ae55	1	199048036	204004652	3282	0.6589
be71b867-4ae0-4513-bcd0-914eaf87ae55	1	204004764	204522707	408	0.4506
be71b867-4ae0-4513-bcd0-914eaf87ae55	1	204525155	205862778	961	0.6573
be71b867-4ae0-4513-bcd0-914eaf87ae55	1	205865709	209104427	2150	0.4528
be71b867-4ae0-4513-bcd0-914eaf87ae55	1	209105057	212778022	2573	0.2274
be71b867-4ae0-4513-bcd0-914eaf87ae55	1	212785651	213830375	671	0.4583
be71b867-4ae0-4513-bcd0-914eaf87ae55	1	213833847	213838562	3	-0.7997
be71b867-4ae0-4513-bcd0-914eaf87ae55	1	213840793	214376042	412	0.486
be71b867-4ae0-4513-bcd0-914eaf87ae55	1	214377933	235813351	14601	0.2133
be71b867-4ae0-4513-bcd0-914eaf87ae55	1	235813407	236938304	838	-0.1318
be71b867-4ae0-4513-bcd0-914eaf87ae55	1	236939803	236988881	62	0.2473
be71b867-4ae0-4513-bcd0-914eaf87ae55	1	236988938	238029566	857	-0.0709
be71b867-4ae0-4513-bcd0-914eaf87ae55	1	238029775	245020581	5098	0.2329
be71b867-4ae0-4513-bcd0-914eaf87ae55	1	245022979	247556601	1760	0.4786
be71b867-4ae0-4513-bcd0-914eaf87ae55	1	247559822	248156691	393	0.2463
be71b867-4ae0-4513-bcd0-914eaf87ae55	1	248159014	248930189	371	0.4346
be71b867-4ae0-4513-bcd0-914eaf87ae55	2	12784	4153079	2976	0.2206
be71b867-4ae0-4513-bcd0-914eaf87ae55	2	4155597	4175577	39	-0.2943
be71b867-4ae0-4513-bcd0-914eaf87ae55	2	4175922	45637533	29202	0.1982
be71b867-4ae0-4513-bcd0-914eaf87ae55	2	45637571	45637952	3	-1.5731
be71b867-4ae0-4513-bcd0-914eaf87ae55	2	45638536	52527330	4838	0.2057
be71b867-4ae0-4513-bcd0-914eaf87ae55	2	52527342	52554137	30	0.8393
be71b867-4ae0-4513-bcd0-914eaf87ae55	2	52554157	97359885	23808	0.202
be71b867-4ae0-4513-bcd0-914eaf87ae55	2	97524284	97545247	8	-1.2085
be71b867-4ae0-4513-bcd0-914eaf87ae55	2	97545726	111710511	8296	0.1979
be71b867-4ae0-4513-bcd0-914eaf87ae55	2	111713318	112118648	193	0.4252
be71b867-4ae0-4513-bcd0-914eaf87ae55	2	112120678	136136197	14535	0.1993
be71b867-4ae0-4513-bcd0-914eaf87ae55	2	136143943	136337570	137	0.4548
be71b867-4ae0-4513-bcd0-914eaf87ae55	2	136342379	140998162	3053	0.2133
be71b867-4ae0-4513-bcd0-914eaf87ae55	2	140998765	141099047	74	-0.1165
be71b867-4ae0-4513-bcd0-914eaf87ae55	2	141102080	146104517	3055	0.2141
be71b867-4ae0-4513-bcd0-914eaf87ae55	2	146106836	146109341	23	-1.7104
be71b867-4ae0-4513-bcd0-914eaf87ae55	2	146109366	223915855	47541	0.2009
be71b867-4ae0-4513-bcd0-914eaf87ae55	2	223918306	224271414	228	0.4726
be71b867-4ae0-4513-bcd0-914eaf87ae55	2	224271696	225007030	502	0.2038
be71b867-4ae0-4513-bcd0-914eaf87ae55	2	225012230	241259024	10352	0.4354
be71b867-4ae0-4513-bcd0-914eaf87ae55	2	241264871	241531829	150	0.1265
be71b867-4ae0-4513-bcd0-914eaf87ae55	2	241532315	242106609	184	0.4902
be71b867-4ae0-4513-bcd0-914eaf87ae55	2	242106874	242147305	8	0.0601
be71b867-4ae0-4513-bcd0-914eaf87ae55	3	20930	6603914	5800	-0.0697
be71b867-4ae0-4513-bcd0-914eaf87ae55	3	6604856	6613684	27	-0.8344
be71b867-4ae0-4513-bcd0-914eaf87ae55	3	6613728	17989735	8079	-0.1208
be71b867-4ae0-4513-bcd0-914eaf87ae55	3	17994379	18003732	6	0.3311
be71b867-4ae0-4513-bcd0-914eaf87ae55	3	18006562	37376514	13205	-0.0797
be71b867-4ae0-4513-bcd0-914eaf87ae55	3	37382960	37522875	113	0.1384
be71b867-4ae0-4513-bcd0-914eaf87ae55	3	37522918	47455724	6130	-0.1156
be71b867-4ae0-4513-bcd0-914eaf87ae55	3	47463359	48018087	227	0.1896
be71b867-4ae0-4513-bcd0-914eaf87ae55	3	48022222	95737262	28049	-0.0852
be71b867-4ae0-4513-bcd0-914eaf87ae55	3	95748036	95749266	2	-2.5594
be71b867-4ae0-4513-bcd0-914eaf87ae55	3	95749836	130035506	20514	-0.0924
be71b867-4ae0-4513-bcd0-914eaf87ae55	3	130035762	130109235	54	0.4244
be71b867-4ae0-4513-bcd0-914eaf87ae55	3	130117769	139185015	5426	-0.0923
be71b867-4ae0-4513-bcd0-914eaf87ae55	3	139186268	139516722	195	0.2343
be71b867-4ae0-4513-bcd0-914eaf87ae55	3	139518166	189642114	31240	-0.0906
be71b867-4ae0-4513-bcd0-914eaf87ae55	3	189642489	189653199	14	-1.0299
be71b867-4ae0-4513-bcd0-914eaf87ae55	3	189653225	198169247	5188	-0.0919
be71b867-4ae0-4513-bcd0-914eaf87ae55	4	68929	2476944	911	-0.1455
be71b867-4ae0-4513-bcd0-914eaf87ae55	4	2477391	2707468	84	0.203
be71b867-4ae0-4513-bcd0-914eaf87ae55	4	2714313	9858139	4312	-0.1195
be71b867-4ae0-4513-bcd0-914eaf87ae55	4	9858273	9858352	3	-1.9878
be71b867-4ae0-4513-bcd0-914eaf87ae55	4	9862603	10208766	373	-0.0936
be71b867-4ae0-4513-bcd0-914eaf87ae55	4	10221792	10227303	8	2.9164
be71b867-4ae0-4513-bcd0-914eaf87ae55	4	10227493	10227684	6	5.8377
be71b867-4ae0-4513-bcd0-914eaf87ae55	4	10228006	10229874	14	2.4823
be71b867-4ae0-4513-bcd0-914eaf87ae55	4	10232590	10233644	7	0.9874
be71b867-4ae0-4513-bcd0-914eaf87ae55	4	10234518	10389091	170	-0.0903
be71b867-4ae0-4513-bcd0-914eaf87ae55	4	10390730	10399044	16	-0.9709
be71b867-4ae0-4513-bcd0-914eaf87ae55	4	10401094	61231047	31859	-0.0883
be71b867-4ae0-4513-bcd0-914eaf87ae55	4	61232630	62044141	436	-0.2343
be71b867-4ae0-4513-bcd0-914eaf87ae55	4	62044147	68395346	3851	-0.0566
be71b867-4ae0-4513-bcd0-914eaf87ae55	4	68416487	68639397	83	0.4568
be71b867-4ae0-4513-bcd0-914eaf87ae55	4	68640616	69255175	309	-0.0311
be71b867-4ae0-4513-bcd0-914eaf87ae55	4	69255532	69392613	70	-0.4668
be71b867-4ae0-4513-bcd0-914eaf87ae55	4	69394576	114252472	27216	-0.0854
be71b867-4ae0-4513-bcd0-914eaf87ae55	4	114252500	114263073	26	0.6501
be71b867-4ae0-4513-bcd0-914eaf87ae55	4	114263096	131009771	9890	-0.0787
be71b867-4ae0-4513-bcd0-914eaf87ae55	4	131010275	131012610	2	-2.2457
be71b867-4ae0-4513-bcd0-914eaf87ae55	4	131013913	132049558	456	-0.0694
be71b867-4ae0-4513-bcd0-914eaf87ae55	4	132051135	132051789	2	-2.4131
be71b867-4ae0-4513-bcd0-914eaf87ae55	4	132055927	137171085	2836	-0.0767
be71b867-4ae0-4513-bcd0-914eaf87ae55	4	137171266	137173967	16	-0.9798
be71b867-4ae0-4513-bcd0-914eaf87ae55	4	137187209	143216148	3979	-0.0759
be71b867-4ae0-4513-bcd0-914eaf87ae55	4	143216206	143738362	333	0.205
be71b867-4ae0-4513-bcd0-914eaf87ae55	4	143738394	149983694	3472	-0.0977
be71b867-4ae0-4513-bcd0-914eaf87ae55	4	149984222	149984807	2	-2.3284
be71b867-4ae0-4513-bcd0-914eaf87ae55	4	149987908	150731891	410	-0.0636
be71b867-4ae0-4513-bcd0-914eaf87ae55	4	150734157	151150736	227	0.232
be71b867-4ae0-4513-bcd0-914eaf87ae55	4	151157629	181771172	19725	-0.0834
be71b867-4ae0-4513-bcd0-914eaf87ae55	4	181771245	181772024	2	-2.5351
be71b867-4ae0-4513-bcd0-914eaf87ae55	4	181772739	181951332	133	-0.0758
be71b867-4ae0-4513-bcd0-914eaf87ae55	4	181951402	182597560	518	-0.5141
be71b867-4ae0-4513-bcd0-914eaf87ae55	4	182597967	190106768	4977	-0.0744
be71b867-4ae0-4513-bcd0-914eaf87ae55	5	15532	5155244	3862	0.2185
be71b867-4ae0-4513-bcd0-914eaf87ae55	5	5157175	5168050	13	-0.7426
be71b867-4ae0-4513-bcd0-914eaf87ae55	5	5169984	12819568	6298	0.2317
be71b867-4ae0-4513-bcd0-914eaf87ae55	5	12819866	12826538	5	1.8508
be71b867-4ae0-4513-bcd0-914eaf87ae55	5	12833745	15719241	1969	0.2548
be71b867-4ae0-4513-bcd0-914eaf87ae55	5	15719966	15720488	9	-0.7555
be71b867-4ae0-4513-bcd0-914eaf87ae55	5	15723237	16760861	725	0.2436
be71b867-4ae0-4513-bcd0-914eaf87ae55	5	16762283	21205207	2654	-0.0622
be71b867-4ae0-4513-bcd0-914eaf87ae55	5	21206475	21449110	140	-0.4952
be71b867-4ae0-4513-bcd0-914eaf87ae55	5	21449167	30302095	5177	-0.0691
be71b867-4ae0-4513-bcd0-914eaf87ae55	5	30302263	35547245	3578	0.22
be71b867-4ae0-4513-bcd0-914eaf87ae55	5	35550485	36121071	419	-0.1011
be71b867-4ae0-4513-bcd0-914eaf87ae55	5	36122411	38243055	1332	0.2212
be71b867-4ae0-4513-bcd0-914eaf87ae55	5	38243359	38938223	530	-0.1055
be71b867-4ae0-4513-bcd0-914eaf87ae55	5	38938562	46191782	3864	0.22
be71b867-4ae0-4513-bcd0-914eaf87ae55	5	46195781	46199333	4	-1.3182
be71b867-4ae0-4513-bcd0-914eaf87ae55	5	46209197	46270906	14	0.2436
be71b867-4ae0-4513-bcd0-914eaf87ae55	5	46271006	46273400	7	1.2467
be71b867-4ae0-4513-bcd0-914eaf87ae55	5	46278110	58025819	5060	0.2392
be71b867-4ae0-4513-bcd0-914eaf87ae55	5	58030200	58037706	32	1.585
be71b867-4ae0-4513-bcd0-914eaf87ae55	5	58042530	62499710	2947	0.2311
be71b867-4ae0-4513-bcd0-914eaf87ae55	5	62500317	62624404	64	-0.1544
be71b867-4ae0-4513-bcd0-914eaf87ae55	5	62627199	112748141	29133	0.2313
be71b867-4ae0-4513-bcd0-914eaf87ae55	5	112748890	112748954	2	-2.7099
be71b867-4ae0-4513-bcd0-914eaf87ae55	5	112749021	156048095	28010	0.2162
be71b867-4ae0-4513-bcd0-914eaf87ae55	5	156049762	156068240	15	-1.5839
be71b867-4ae0-4513-bcd0-914eaf87ae55	5	156068247	173674912	12262	0.2155
be71b867-4ae0-4513-bcd0-914eaf87ae55	5	173675228	173821535	163	0.4622
be71b867-4ae0-4513-bcd0-914eaf87ae55	5	173821629	176638137	1869	0.2199
be71b867-4ae0-4513-bcd0-914eaf87ae55	5	176640603	176710877	45	0.6125
be71b867-4ae0-4513-bcd0-914eaf87ae55	5	176711246	179073538	1119	0.1995
be71b867-4ae0-4513-bcd0-914eaf87ae55	5	179076173	179076219	2	-1.5267
be71b867-4ae0-4513-bcd0-914eaf87ae55	5	179076337	180947523	1102	0.1855
be71b867-4ae0-4513-bcd0-914eaf87ae55	5	180951710	180991103	19	-2.1191
be71b867-4ae0-4513-bcd0-914eaf87ae55	5	181006225	181363319	170	0.2216
be71b867-4ae0-4513-bcd0-914eaf87ae55	6	149661	254283	101	0.1833
be71b867-4ae0-4513-bcd0-914eaf87ae55	6	257353	302306	24	0.7378
be71b867-4ae0-4513-bcd0-914eaf87ae55	6	303017	7916433	6323	0.2297
be71b867-4ae0-4513-bcd0-914eaf87ae55	6	7916853	7917295	2	-2.556
be71b867-4ae0-4513-bcd0-914eaf87ae55	6	7918078	26743855	13746	0.218
be71b867-4ae0-4513-bcd0-914eaf87ae55	6	26747492	26852134	10	-0.5426
be71b867-4ae0-4513-bcd0-914eaf87ae55	6	26855247	29882497	1423	0.1955
be71b867-4ae0-4513-bcd0-914eaf87ae55	6	29882589	29953446	36	-0.4948
be71b867-4ae0-4513-bcd0-914eaf87ae55	6	29968530	31313046	621	0.1994
be71b867-4ae0-4513-bcd0-914eaf87ae55	6	31318499	31328176	8	-1.313
be71b867-4ae0-4513-bcd0-914eaf87ae55	6	31328210	32463515	498	0.2491
be71b867-4ae0-4513-bcd0-914eaf87ae55	6	32463775	32605994	35	-0.5388
be71b867-4ae0-4513-bcd0-914eaf87ae55	6	32606237	32656527	26	0.1726
be71b867-4ae0-4513-bcd0-914eaf87ae55	6	32656814	32658841	5	-1.4418
be71b867-4ae0-4513-bcd0-914eaf87ae55	6	32682835	53508973	13211	0.2116
be71b867-4ae0-4513-bcd0-914eaf87ae55	6	53509097	56890732	2212	0.2543
be71b867-4ae0-4513-bcd0-914eaf87ae55	6	56891897	56897687	4	-0.9163
be71b867-4ae0-4513-bcd0-914eaf87ae55	6	56899015	57066757	80	0.5306
be71b867-4ae0-4513-bcd0-914eaf87ae55	6	57067805	65689589	3078	0.2616
be71b867-4ae0-4513-bcd0-914eaf87ae55	6	65689644	65693959	22	-0.6393
be71b867-4ae0-4513-bcd0-914eaf87ae55	6	65697234	73882142	5430	0.2294
be71b867-4ae0-4513-bcd0-914eaf87ae55	6	73882509	73891694	10	1.0703
be71b867-4ae0-4513-bcd0-914eaf87ae55	6	73893839	78261995	2764	0.2444
be71b867-4ae0-4513-bcd0-914eaf87ae55	6	78262064	78329517	109	0.6965
be71b867-4ae0-4513-bcd0-914eaf87ae55	6	78331916	88320556	6226	0.2332
be71b867-4ae0-4513-bcd0-914eaf87ae55	6	88322358	88405739	64	0.663
be71b867-4ae0-4513-bcd0-914eaf87ae55	6	88423832	94481005	4065	0.2431
be71b867-4ae0-4513-bcd0-914eaf87ae55	6	94483388	94484007	2	-2.1059
be71b867-4ae0-4513-bcd0-914eaf87ae55	6	94486928	94755793	181	0.2448
be71b867-4ae0-4513-bcd0-914eaf87ae55	6	94764003	94850436	72	-0.6854
be71b867-4ae0-4513-bcd0-914eaf87ae55	6	94857268	103286954	4837	0.2458
be71b867-4ae0-4513-bcd0-914eaf87ae55	6	103290101	103314186	46	0.9603
be71b867-4ae0-4513-bcd0-914eaf87ae55	6	103317795	136061837	20534	0.2304
be71b867-4ae0-4513-bcd0-914eaf87ae55	6	136062779	136286317	143	0.5361
be71b867-4ae0-4513-bcd0-914eaf87ae55	6	136295226	155264099	12624	0.2249
be71b867-4ae0-4513-bcd0-914eaf87ae55	6	155264144	155665647	287	0.4948
be71b867-4ae0-4513-bcd0-914eaf87ae55	6	155666691	164710282	6443	0.2365
be71b867-4ae0-4513-bcd0-914eaf87ae55	6	164712302	164713287	2	-1.8996
be71b867-4ae0-4513-bcd0-914eaf87ae55	6	164713449	170741917	4024	0.2227
be71b867-4ae0-4513-bcd0-914eaf87ae55	7	43355	65254	26	-0.4401
be71b867-4ae0-4513-bcd0-914eaf87ae55	7	65325	1215257	337	-0.1357
be71b867-4ae0-4513-bcd0-914eaf87ae55	7	1216602	1593845	93	0.1783
be71b867-4ae0-4513-bcd0-914eaf87ae55	7	1598434	5344674	2350	-0.1246
be71b867-4ae0-4513-bcd0-914eaf87ae55	7	5353138	5724472	157	0.1292
be71b867-4ae0-4513-bcd0-914eaf87ae55	7	5729731	5732563	3	-0.9813
be71b867-4ae0-4513-bcd0-914eaf87ae55	7	5735743	5777366	31	0.2087
be71b867-4ae0-4513-bcd0-914eaf87ae55	7	5777622	5925822	53	-0.0652
be71b867-4ae0-4513-bcd0-914eaf87ae55	7	5927524	5964274	6	-0.9409
be71b867-4ae0-4513-bcd0-914eaf87ae55	7	5986976	6797437	344	-0.12
be71b867-4ae0-4513-bcd0-914eaf87ae55	7	6799093	6824452	5	-2.3738
be71b867-4ae0-4513-bcd0-914eaf87ae55	7	6824616	7075238	107	-0.0121
be71b867-4ae0-4513-bcd0-914eaf87ae55	7	7076758	7077161	2	-2.2466
be71b867-4ae0-4513-bcd0-914eaf87ae55	7	7077662	7718928	573	-0.087
be71b867-4ae0-4513-bcd0-914eaf87ae55	7	7719570	7941019	253	-0.5449
be71b867-4ae0-4513-bcd0-914eaf87ae55	7	7944398	31642151	18367	-0.0876
be71b867-4ae0-4513-bcd0-914eaf87ae55	7	31651970	31803860	118	0.2192
be71b867-4ae0-4513-bcd0-914eaf87ae55	7	31804526	54318812	15512	-0.0968
be71b867-4ae0-4513-bcd0-914eaf87ae55	7	54318816	54318824	5	-2.1885
be71b867-4ae0-4513-bcd0-914eaf87ae55	7	54325795	74617136	7766	-0.0946
be71b867-4ae0-4513-bcd0-914eaf87ae55	7	74622905	101352560	15488	-0.5125
be71b867-4ae0-4513-bcd0-914eaf87ae55	7	101357735	101629485	151	-0.0558
be71b867-4ae0-4513-bcd0-914eaf87ae55	7	101633684	109784955	4880	-0.5424
be71b867-4ae0-4513-bcd0-914eaf87ae55	7	109785528	126246698	9920	-0.4955
be71b867-4ae0-4513-bcd0-914eaf87ae55	7	126246784	144199159	11194	-0.5373
be71b867-4ae0-4513-bcd0-914eaf87ae55	7	144207186	144352208	15	0.8633
be71b867-4ae0-4513-bcd0-914eaf87ae55	7	144377836	155169676	6903	-0.5413
be71b867-4ae0-4513-bcd0-914eaf87ae55	7	155171553	155174804	17	-3.3883
be71b867-4ae0-4513-bcd0-914eaf87ae55	7	155174824	159334314	2639	-0.5771
be71b867-4ae0-4513-bcd0-914eaf87ae55	8	81254	644973	323	-0.1208
be71b867-4ae0-4513-bcd0-914eaf87ae55	8	645220	645875	6	1.1554
be71b867-4ae0-4513-bcd0-914eaf87ae55	8	645892	645908	2	4.3453
be71b867-4ae0-4513-bcd0-914eaf87ae55	8	656117	14652059	12640	-0.0824
be71b867-4ae0-4513-bcd0-914eaf87ae55	8	14652523	14652887	4	-1.8853
be71b867-4ae0-4513-bcd0-914eaf87ae55	8	14652896	145072769	82147	-0.0969
be71b867-4ae0-4513-bcd0-914eaf87ae55	9	46587	29091099	24675	-0.0733
be71b867-4ae0-4513-bcd0-914eaf87ae55	9	29094551	29097682	3	-2.76
be71b867-4ae0-4513-bcd0-914eaf87ae55	9	29101434	37033162	5140	-0.0839
be71b867-4ae0-4513-bcd0-914eaf87ae55	9	37033364	37034620	2	-2.0974
be71b867-4ae0-4513-bcd0-914eaf87ae55	9	37034672	40990117	1288	-0.1121
be71b867-4ae0-4513-bcd0-914eaf87ae55	9	40990685	41644133	62	0.2782
be71b867-4ae0-4513-bcd0-914eaf87ae55	9	41644288	41666811	6	-0.8385
be71b867-4ae0-4513-bcd0-914eaf87ae55	9	41703463	42585140	44	0.337
be71b867-4ae0-4513-bcd0-914eaf87ae55	9	42697878	61405110	54	-0.1399
be71b867-4ae0-4513-bcd0-914eaf87ae55	9	61520021	98817273	21578	0.2173
be71b867-4ae0-4513-bcd0-914eaf87ae55	9	98818114	99015635	184	0.4757
be71b867-4ae0-4513-bcd0-914eaf87ae55	9	99017157	103804216	3191	0.2473
be71b867-4ae0-4513-bcd0-914eaf87ae55	9	103806415	103807009	2	-2.7738
be71b867-4ae0-4513-bcd0-914eaf87ae55	9	103808421	110409485	5202	0.2253
be71b867-4ae0-4513-bcd0-914eaf87ae55	9	110411704	110414058	2	-1.7655
be71b867-4ae0-4513-bcd0-914eaf87ae55	9	110414512	113852423	2410	0.2116
be71b867-4ae0-4513-bcd0-914eaf87ae55	9	113858792	114085085	198	0.4811
be71b867-4ae0-4513-bcd0-914eaf87ae55	9	114085341	121456972	5836	0.2262
be71b867-4ae0-4513-bcd0-914eaf87ae55	9	121459755	124289343	1802	0.4546
be71b867-4ae0-4513-bcd0-914eaf87ae55	9	124290224	127064619	1662	0.1879
be71b867-4ae0-4513-bcd0-914eaf87ae55	9	127068452	127709659	370	0.4295
be71b867-4ae0-4513-bcd0-914eaf87ae55	9	127711138	129571466	811	0.6098
be71b867-4ae0-4513-bcd0-914eaf87ae55	9	129572483	129660889	45	0.4322
be71b867-4ae0-4513-bcd0-914eaf87ae55	9	129662735	129928301	173	0.175
be71b867-4ae0-4513-bcd0-914eaf87ae55	9	129928334	130352602	195	0.4643
be71b867-4ae0-4513-bcd0-914eaf87ae55	9	130353803	131041534	551	0.1923
be71b867-4ae0-4513-bcd0-914eaf87ae55	9	131045964	131168760	82	0.4826
be71b867-4ae0-4513-bcd0-914eaf87ae55	9	131170147	131925014	491	0.182
be71b867-4ae0-4513-bcd0-914eaf87ae55	9	131937270	132068176	89	0.474
be71b867-4ae0-4513-bcd0-914eaf87ae55	9	132068411	132354004	179	0.1934
be71b867-4ae0-4513-bcd0-914eaf87ae55	9	132354713	135327017	1859	0.4582
be71b867-4ae0-4513-bcd0-914eaf87ae55	9	135327305	135327870	3	-1.4673
be71b867-4ae0-4513-bcd0-914eaf87ae55	9	135327897	138200944	1097	0.436
be71b867-4ae0-4513-bcd0-914eaf87ae55	10	45792	7646495	6568	-0.5484
be71b867-4ae0-4513-bcd0-914eaf87ae55	10	7649604	8445333	608	-0.1085
be71b867-4ae0-4513-bcd0-914eaf87ae55	10	8445453	15943038	6118	-0.5449
be71b867-4ae0-4513-bcd0-914eaf87ae55	10	15943171	15949355	5	-0.2343
be71b867-4ae0-4513-bcd0-914eaf87ae55	10	15949751	16149342	125	0.2767
be71b867-4ae0-4513-bcd0-914eaf87ae55	10	16149416	18071651	1382	-0.0819
be71b867-4ae0-4513-bcd0-914eaf87ae55	10	18071913	19730699	1361	-0.498
be71b867-4ae0-4513-bcd0-914eaf87ae55	10	19731097	20192091	395	-0.0669
be71b867-4ae0-4513-bcd0-914eaf87ae55	10	20192249	22244615	1264	-0.4869
be71b867-4ae0-4513-bcd0-914eaf87ae55	10	22245261	22522634	157	-0.1591
be71b867-4ae0-4513-bcd0-914eaf87ae55	10	22525332	29253071	4656	-0.5427
be71b867-4ae0-4513-bcd0-914eaf87ae55	10	29253324	31845014	1957	-0.1109
be71b867-4ae0-4513-bcd0-914eaf87ae55	10	31848304	32044919	113	0.2568
be71b867-4ae0-4513-bcd0-914eaf87ae55	10	32044992	101158589	42702	-0.0951
be71b867-4ae0-4513-bcd0-914eaf87ae55	10	101159043	101524417	174	0.235
be71b867-4ae0-4513-bcd0-914eaf87ae55	10	101524659	133654968	22601	-0.1024
be71b867-4ae0-4513-bcd0-914eaf87ae55	11	198510	4946420	2411	-0.1378
be71b867-4ae0-4513-bcd0-914eaf87ae55	11	4947280	4955042	30	0.735
be71b867-4ae0-4513-bcd0-914eaf87ae55	11	4955781	5762452	777	-0.0957
be71b867-4ae0-4513-bcd0-914eaf87ae55	11	5762693	5788108	35	-0.6807
be71b867-4ae0-4513-bcd0-914eaf87ae55	11	5788231	18916085	9348	-0.1161
be71b867-4ae0-4513-bcd0-914eaf87ae55	11	18917623	18940271	48	0.703
be71b867-4ae0-4513-bcd0-914eaf87ae55	11	18940375	34382802	11040	-0.0892
be71b867-4ae0-4513-bcd0-914eaf87ae55	11	34382835	34383038	3	-2.2982
be71b867-4ae0-4513-bcd0-914eaf87ae55	11	34383207	37036610	2264	-0.1271
be71b867-4ae0-4513-bcd0-914eaf87ae55	11	37037248	42926253	3911	-0.0602
be71b867-4ae0-4513-bcd0-914eaf87ae55	11	42926470	46280634	2307	-0.1251
be71b867-4ae0-4513-bcd0-914eaf87ae55	11	46282817	55609158	2168	0.2054
be71b867-4ae0-4513-bcd0-914eaf87ae55	11	55609178	55685533	48	0.8696
be71b867-4ae0-4513-bcd0-914eaf87ae55	11	55686100	56694955	661	0.2715
be71b867-4ae0-4513-bcd0-914eaf87ae55	11	56695117	58317884	997	-0.1243
be71b867-4ae0-4513-bcd0-914eaf87ae55	11	58318011	59683120	744	0.2214
be71b867-4ae0-4513-bcd0-914eaf87ae55	11	59683344	60141154	307	-0.0935
be71b867-4ae0-4513-bcd0-914eaf87ae55	11	60142503	60305502	105	0.2089
be71b867-4ae0-4513-bcd0-914eaf87ae55	11	60309139	61044098	462	0.4195
be71b867-4ae0-4513-bcd0-914eaf87ae55	11	61046431	61154490	82	0.1417
be71b867-4ae0-4513-bcd0-914eaf87ae55	11	61154570	61594217	181	0.4378
be71b867-4ae0-4513-bcd0-914eaf87ae55	11	61597476	61823108	89	0.1561
be71b867-4ae0-4513-bcd0-914eaf87ae55	11	61823823	62681104	507	0.4213
be71b867-4ae0-4513-bcd0-914eaf87ae55	11	62688853	62746849	30	-0.2917
be71b867-4ae0-4513-bcd0-914eaf87ae55	11	62747328	65528928	1194	0.1798
be71b867-4ae0-4513-bcd0-914eaf87ae55	11	65533113	71109713	2558	-0.1378
be71b867-4ae0-4513-bcd0-914eaf87ae55	11	71110013	79011903	4300	0.1898
be71b867-4ae0-4513-bcd0-914eaf87ae55	11	79012458	85909977	4980	0.252
be71b867-4ae0-4513-bcd0-914eaf87ae55	11	85910197	86234880	255	0.1914
be71b867-4ae0-4513-bcd0-914eaf87ae55	11	86237996	97658532	7832	-0.0873
be71b867-4ae0-4513-bcd0-914eaf87ae55	11	97666862	97668964	2	-2.3185
be71b867-4ae0-4513-bcd0-914eaf87ae55	11	97670987	117469569	13762	-0.0874
be71b867-4ae0-4513-bcd0-914eaf87ae55	11	117470901	123353123	4183	-0.1333
be71b867-4ae0-4513-bcd0-914eaf87ae55	11	123355993	123359146	2	-2.4143
be71b867-4ae0-4513-bcd0-914eaf87ae55	11	123361538	134772958	8660	-0.1213
be71b867-4ae0-4513-bcd0-914eaf87ae55	11	134774077	135074876	221	-0.0619
be71b867-4ae0-4513-bcd0-914eaf87ae55	12	51460	1674486	949	0.2318
be71b867-4ae0-4513-bcd0-914eaf87ae55	12	1674673	1752621	48	-0.1787
be71b867-4ae0-4513-bcd0-914eaf87ae55	12	1752814	12377763	7210	0.1982
be71b867-4ae0-4513-bcd0-914eaf87ae55	12	12383285	12388935	17	-0.4708
be71b867-4ae0-4513-bcd0-914eaf87ae55	12	12389946	29045225	11488	0.2197
be71b867-4ae0-4513-bcd0-914eaf87ae55	12	29050745	29068919	21	0.7889
be71b867-4ae0-4513-bcd0-914eaf87ae55	12	29074819	33227031	3075	0.2236
be71b867-4ae0-4513-bcd0-914eaf87ae55	12	33232895	33242483	7	-2.0741
be71b867-4ae0-4513-bcd0-914eaf87ae55	12	33246118	99397993	39167	0.2185
be71b867-4ae0-4513-bcd0-914eaf87ae55	12	99398014	99404956	33	-0.3559
be71b867-4ae0-4513-bcd0-914eaf87ae55	12	99409315	114441646	9780	0.2027
be71b867-4ae0-4513-bcd0-914eaf87ae55	12	114441748	114806680	245	0.4776
be71b867-4ae0-4513-bcd0-914eaf87ae55	12	114808323	115336149	462	0.2219
be71b867-4ae0-4513-bcd0-914eaf87ae55	12	115336593	115337415	2	-1.5341
be71b867-4ae0-4513-bcd0-914eaf87ae55	12	115338280	115728824	374	0.2312
be71b867-4ae0-4513-bcd0-914eaf87ae55	12	115729393	115779665	66	0.53
be71b867-4ae0-4513-bcd0-914eaf87ae55	12	115781937	124657169	5197	0.2035
be71b867-4ae0-4513-bcd0-914eaf87ae55	12	124666957	124681500	17	0.9093
be71b867-4ae0-4513-bcd0-914eaf87ae55	12	124682392	130049221	4629	0.2258
be71b867-4ae0-4513-bcd0-914eaf87ae55	12	130050395	130061187	10	-0.6793
be71b867-4ae0-4513-bcd0-914eaf87ae55	12	130061320	131648039	1303	0.2461
be71b867-4ae0-4513-bcd0-914eaf87ae55	12	131648066	131648790	12	-1.604
be71b867-4ae0-4513-bcd0-914eaf87ae55	12	131657925	133201603	558	0.1642
be71b867-4ae0-4513-bcd0-914eaf87ae55	13	18452809	48331521	20761	-0.5289
be71b867-4ae0-4513-bcd0-914eaf87ae55	13	48332359	48441577	154	-0.9966
be71b867-4ae0-4513-bcd0-914eaf87ae55	13	48441795	63681260	8691	-0.4989
be71b867-4ae0-4513-bcd0-914eaf87ae55	13	63688075	63774835	49	-3.2102
be71b867-4ae0-4513-bcd0-914eaf87ae55	13	63775061	63796674	16	-1.5197
be71b867-4ae0-4513-bcd0-914eaf87ae55	13	63799095	97875020	21885	-0.5043
be71b867-4ae0-4513-bcd0-914eaf87ae55	13	97877870	97886045	8	-5.4566
be71b867-4ae0-4513-bcd0-914eaf87ae55	13	97888442	114342922	12030	-0.5417
be71b867-4ae0-4513-bcd0-914eaf87ae55	14	18239283	19957752	170	-0.0876
be71b867-4ae0-4513-bcd0-914eaf87ae55	14	19958388	21840629	1240	0.2366
be71b867-4ae0-4513-bcd0-914eaf87ae55	14	21840711	22528875	624	0.483
be71b867-4ae0-4513-bcd0-914eaf87ae55	14	22530451	41139155	11696	0.2316
be71b867-4ae0-4513-bcd0-914eaf87ae55	14	41141293	41168058	9	1.1419
be71b867-4ae0-4513-bcd0-914eaf87ae55	14	41168156	49545607	4930	0.2597
be71b867-4ae0-4513-bcd0-914eaf87ae55	14	49547874	49906425	144	0.4812
be71b867-4ae0-4513-bcd0-914eaf87ae55	14	49906459	60589222	7153	0.2197
be71b867-4ae0-4513-bcd0-914eaf87ae55	14	60591424	60592418	2	-3.7152
be71b867-4ae0-4513-bcd0-914eaf87ae55	14	60599500	73540003	8190	0.2088
be71b867-4ae0-4513-bcd0-914eaf87ae55	14	73540147	73554275	7	-1.7865
be71b867-4ae0-4513-bcd0-914eaf87ae55	14	73563196	106877229	21106	0.2146
be71b867-4ae0-4513-bcd0-914eaf87ae55	15	19811075	20187568	55	-0.0995
be71b867-4ae0-4513-bcd0-914eaf87ae55	15	20190276	20373168	33	0.6856
be71b867-4ae0-4513-bcd0-914eaf87ae55	15	20376198	20376311	7	-0.322
be71b867-4ae0-4513-bcd0-914eaf87ae55	15	20380735	21975606	81	0.755
be71b867-4ae0-4513-bcd0-914eaf87ae55	15	21997003	22003073	3	-0.7852
be71b867-4ae0-4513-bcd0-914eaf87ae55	15	22005276	22413894	30	0.7077
be71b867-4ae0-4513-bcd0-914eaf87ae55	15	22455811	26315045	2349	0.2427
be71b867-4ae0-4513-bcd0-914eaf87ae55	15	26317005	26318009	2	-4.2622
be71b867-4ae0-4513-bcd0-914eaf87ae55	15	26318441	30500366	2293	0.2315
be71b867-4ae0-4513-bcd0-914eaf87ae55	15	30503586	30595753	3	-1.3733
be71b867-4ae0-4513-bcd0-914eaf87ae55	15	30608675	32019763	924	0.2143
be71b867-4ae0-4513-bcd0-914eaf87ae55	15	32020208	61801401	19310	-0.1008
be71b867-4ae0-4513-bcd0-914eaf87ae55	15	61801771	61801872	2	-2.9769
be71b867-4ae0-4513-bcd0-914eaf87ae55	15	61803345	71173112	5857	-0.127
be71b867-4ae0-4513-bcd0-914eaf87ae55	15	71183017	71183985	4	-1.9322
be71b867-4ae0-4513-bcd0-914eaf87ae55	15	71186731	71583671	322	-0.0806
be71b867-4ae0-4513-bcd0-914eaf87ae55	15	71586355	71742310	152	0.2007
be71b867-4ae0-4513-bcd0-914eaf87ae55	15	71744842	74251107	1373	-0.1222
be71b867-4ae0-4513-bcd0-914eaf87ae55	15	74251479	74439235	105	0.2629
be71b867-4ae0-4513-bcd0-914eaf87ae55	15	74441572	74530846	37	0.4808
be71b867-4ae0-4513-bcd0-914eaf87ae55	15	74531590	74581338	28	0.146
be71b867-4ae0-4513-bcd0-914eaf87ae55	15	74589474	74648079	27	-0.3556
be71b867-4ae0-4513-bcd0-914eaf87ae55	15	74653417	84159599	5410	0.2048
be71b867-4ae0-4513-bcd0-914eaf87ae55	15	84192594	92141848	5457	-0.1066
be71b867-4ae0-4513-bcd0-914eaf87ae55	15	92142136	92142601	2	-2.9794
be71b867-4ae0-4513-bcd0-914eaf87ae55	15	92145751	101928837	7508	-0.1012
be71b867-4ae0-4513-bcd0-914eaf87ae55	16	10777	403856	188	0.2123
be71b867-4ae0-4513-bcd0-914eaf87ae55	16	404266	34026287	19752	-0.1177
be71b867-4ae0-4513-bcd0-914eaf87ae55	16	34032852	53736666	5145	0.2201
be71b867-4ae0-4513-bcd0-914eaf87ae55	16	53736837	53737671	2	-1.5297
be71b867-4ae0-4513-bcd0-914eaf87ae55	16	53737878	55761136	1726	0.2381
be71b867-4ae0-4513-bcd0-914eaf87ae55	16	55762477	55782734	18	-2.3713
be71b867-4ae0-4513-bcd0-914eaf87ae55	16	55782793	55788485	3	-0.9129
be71b867-4ae0-4513-bcd0-914eaf87ae55	16	55788532	55824881	14	0.8181
be71b867-4ae0-4513-bcd0-914eaf87ae55	16	55834527	78338949	14242	0.2297
be71b867-4ae0-4513-bcd0-914eaf87ae55	16	78339440	78342480	4	-1.5524
be71b867-4ae0-4513-bcd0-914eaf87ae55	16	78342814	90096867	10595	0.2192
be71b867-4ae0-4513-bcd0-914eaf87ae55	17	150733	5556505	2828	-0.5426
be71b867-4ae0-4513-bcd0-914eaf87ae55	17	5556782	5558194	2	-3.616
be71b867-4ae0-4513-bcd0-914eaf87ae55	17	5558388	18455635	8456	-0.5418
be71b867-4ae0-4513-bcd0-914eaf87ae55	17	18458372	18565883	25	-1.7323
be71b867-4ae0-4513-bcd0-914eaf87ae55	17	18571332	28705809	2339	-0.5059
be71b867-4ae0-4513-bcd0-914eaf87ae55	17	28713286	41047461	6881	-0.1211
be71b867-4ae0-4513-bcd0-914eaf87ae55	17	41047659	41065060	13	-1.6517
be71b867-4ae0-4513-bcd0-914eaf87ae55	17	41065355	41265456	117	-0.1089
be71b867-4ae0-4513-bcd0-914eaf87ae55	17	41266762	41274279	24	1.0945
be71b867-4ae0-4513-bcd0-914eaf87ae55	17	41276472	42170234	548	-0.1217
be71b867-4ae0-4513-bcd0-914eaf87ae55	17	42170491	42600118	195	0.1361
be71b867-4ae0-4513-bcd0-914eaf87ae55	17	42600646	46085732	1749	-0.1388
be71b867-4ae0-4513-bcd0-914eaf87ae55	17	46088437	46136800	37	0.5354
be71b867-4ae0-4513-bcd0-914eaf87ae55	17	46137998	46194634	53	0.179
be71b867-4ae0-4513-bcd0-914eaf87ae55	17	46199017	50445498	1995	-0.1287
be71b867-4ae0-4513-bcd0-914eaf87ae55	17	50446812	50929427	251	0.1561
be71b867-4ae0-4513-bcd0-914eaf87ae55	17	50934656	75028701	15255	-0.1018
be71b867-4ae0-4513-bcd0-914eaf87ae55	17	75029724	75432295	185	0.1447
be71b867-4ae0-4513-bcd0-914eaf87ae55	17	75433634	82506685	3501	-0.145
be71b867-4ae0-4513-bcd0-914eaf87ae55	17	82506738	82955029	266	0.181
be71b867-4ae0-4513-bcd0-914eaf87ae55	17	82955792	83091923	64	-0.1404
be71b867-4ae0-4513-bcd0-914eaf87ae55	18	48133	80257174	50546	-0.0929
be71b867-4ae0-4513-bcd0-914eaf87ae55	19	90910	17544913	7569	0.1709
be71b867-4ae0-4513-bcd0-914eaf87ae55	19	17547949	17898084	169	0.4416
be71b867-4ae0-4513-bcd0-914eaf87ae55	19	17900099	39233573	10879	0.1985
be71b867-4ae0-4513-bcd0-914eaf87ae55	19	39237614	39575925	145	0.4694
be71b867-4ae0-4513-bcd0-914eaf87ae55	19	39577379	49759079	4941	0.1769
be71b867-4ae0-4513-bcd0-914eaf87ae55	19	49763203	50076162	171	0.5192
be71b867-4ae0-4513-bcd0-914eaf87ae55	19	50076505	58586487	5184	0.191
be71b867-4ae0-4513-bcd0-914eaf87ae55	20	80664	1577717	1185	0.1992
be71b867-4ae0-4513-bcd0-914eaf87ae55	20	1578859	1580934	15	-0.7215
be71b867-4ae0-4513-bcd0-914eaf87ae55	20	1581021	4184301	1823	0.1764
be71b867-4ae0-4513-bcd0-914eaf87ae55	20	4184648	16073296	9323	0.2389
be71b867-4ae0-4513-bcd0-914eaf87ae55	20	16073937	16349995	270	0.5241
be71b867-4ae0-4513-bcd0-914eaf87ae55	20	16350083	32552408	8005	0.2117
be71b867-4ae0-4513-bcd0-914eaf87ae55	20	32556660	64324800	21672	0.4568
be71b867-4ae0-4513-bcd0-914eaf87ae55	21	10354168	14497850	631	0.153
be71b867-4ae0-4513-bcd0-914eaf87ae55	21	14498474	16447792	1394	0.2484
be71b867-4ae0-4513-bcd0-914eaf87ae55	21	16449779	16449916	2	-1.6444
be71b867-4ae0-4513-bcd0-914eaf87ae55	21	16452778	18683769	1513	0.2352
be71b867-4ae0-4513-bcd0-914eaf87ae55	21	18685360	18708616	27	0.8125
be71b867-4ae0-4513-bcd0-914eaf87ae55	21	18709557	32441999	10273	0.2436
be71b867-4ae0-4513-bcd0-914eaf87ae55	21	32442070	46677045	9971	0.2052
be71b867-4ae0-4513-bcd0-914eaf87ae55	22	15294547	21980811	2899	-0.5453
be71b867-4ae0-4513-bcd0-914eaf87ae55	22	21980834	21980901	2	-3.9271
be71b867-4ae0-4513-bcd0-914eaf87ae55	22	21981320	24207223	1592	-0.5298
be71b867-4ae0-4513-bcd0-914eaf87ae55	22	24207423	24385943	70	-0.1533
be71b867-4ae0-4513-bcd0-914eaf87ae55	22	24386503	27508912	2867	-0.5485
be71b867-4ae0-4513-bcd0-914eaf87ae55	22	27509467	27509865	3	-3.6213
be71b867-4ae0-4513-bcd0-914eaf87ae55	22	27509965	50796027	15622	-0.5585
be71b867-4ae0-4513-bcd0-914eaf87ae55	X	251810	155952689	83114	-0.0027
be71b867-4ae0-4513-bcd0-914eaf87ae55	Y	2782397	8484811	1855	-2.8707
be71b867-4ae0-4513-bcd0-914eaf87ae55	Y	8485666	9554275	396	-3.3806
be71b867-4ae0-4513-bcd0-914eaf87ae55	Y	9554586	56872112	4386	-2.9661
