GDC_Aliquot	Chromosome	Start	End	Num_Probes	Segment_Mean
e79049b4-162c-40c3-b550-d4961c03fa52	1	62920	462894	19	0.5231
e79049b4-162c-40c3-b550-d4961c03fa52	1	599171	1011654	54	-0.1683
e79049b4-162c-40c3-b550-d4961c03fa52	1	1014228	5646537	2451	-0.4674
e79049b4-162c-40c3-b550-d4961c03fa52	1	5647102	5647439	4	-4.2764
e79049b4-162c-40c3-b550-d4961c03fa52	1	5647455	9247978	2100	-0.4996
e79049b4-162c-40c3-b550-d4961c03fa52	1	9255788	9475765	135	-0.0275
e79049b4-162c-40c3-b550-d4961c03fa52	1	9478595	16398666	3769	-0.4701
e79049b4-162c-40c3-b550-d4961c03fa52	1	16399755	17111393	282	0.1148
e79049b4-162c-40c3-b550-d4961c03fa52	1	17112700	54869173	21331	-0.0178
e79049b4-162c-40c3-b550-d4961c03fa52	1	54870424	65422851	7995	0.0145
e79049b4-162c-40c3-b550-d4961c03fa52	1	65423475	65440582	8	0.9421
e79049b4-162c-40c3-b550-d4961c03fa52	1	65441079	67402376	1444	0.0354
e79049b4-162c-40c3-b550-d4961c03fa52	1	67407098	67610858	154	0.2928
e79049b4-162c-40c3-b550-d4961c03fa52	1	67612253	72284670	2875	0.0164
e79049b4-162c-40c3-b550-d4961c03fa52	1	72290430	72297687	9	-2.6856
e79049b4-162c-40c3-b550-d4961c03fa52	1	72302735	72345465	48	1.2794
e79049b4-162c-40c3-b550-d4961c03fa52	1	72346221	74803600	1506	0.0291
e79049b4-162c-40c3-b550-d4961c03fa52	1	74805388	74808182	2	1.9304
e79049b4-162c-40c3-b550-d4961c03fa52	1	74808303	102277002	17784	0.0175
e79049b4-162c-40c3-b550-d4961c03fa52	1	102277451	102326432	41	0.4183
e79049b4-162c-40c3-b550-d4961c03fa52	1	102326737	103620877	661	0.0346
e79049b4-162c-40c3-b550-d4961c03fa52	1	103621165	103717410	4	1.5705
e79049b4-162c-40c3-b550-d4961c03fa52	1	103717617	105470754	918	-0.0011
e79049b4-162c-40c3-b550-d4961c03fa52	1	105476583	105479753	17	0.7297
e79049b4-162c-40c3-b550-d4961c03fa52	1	105481433	109679105	2629	0.0009
e79049b4-162c-40c3-b550-d4961c03fa52	1	109684695	109697556	15	1.4518
e79049b4-162c-40c3-b550-d4961c03fa52	1	109702376	121601998	7121	0.0099
e79049b4-162c-40c3-b550-d4961c03fa52	1	121705338	148986798	996	0.1323
e79049b4-162c-40c3-b550-d4961c03fa52	1	148986936	151266930	634	-0.0529
e79049b4-162c-40c3-b550-d4961c03fa52	1	151268066	151498967	148	0.272
e79049b4-162c-40c3-b550-d4961c03fa52	1	151500420	152583051	660	0.0123
e79049b4-162c-40c3-b550-d4961c03fa52	1	152583230	152614118	35	1.3111
e79049b4-162c-40c3-b550-d4961c03fa52	1	152618018	152790191	179	0.0459
e79049b4-162c-40c3-b550-d4961c03fa52	1	152790286	152796094	23	0.5351
e79049b4-162c-40c3-b550-d4961c03fa52	1	152796224	174828195	14778	0.0203
e79049b4-162c-40c3-b550-d4961c03fa52	1	174828247	174832716	10	0.7004
e79049b4-162c-40c3-b550-d4961c03fa52	1	174832734	186370873	7757	0.0222
e79049b4-162c-40c3-b550-d4961c03fa52	1	186371948	187261000	549	0.3632
e79049b4-162c-40c3-b550-d4961c03fa52	1	187261022	187941859	483	0.0017
e79049b4-162c-40c3-b550-d4961c03fa52	1	187943127	187994539	29	0.451
e79049b4-162c-40c3-b550-d4961c03fa52	1	187994961	188030463	21	-0.0962
e79049b4-162c-40c3-b550-d4961c03fa52	1	188030927	188204655	129	0.361
e79049b4-162c-40c3-b550-d4961c03fa52	1	188211490	189016229	468	0.0451
e79049b4-162c-40c3-b550-d4961c03fa52	1	189020102	189309274	205	0.4053
e79049b4-162c-40c3-b550-d4961c03fa52	1	189316983	189630137	203	0.0924
e79049b4-162c-40c3-b550-d4961c03fa52	1	189635482	193186662	2376	0.3707
e79049b4-162c-40c3-b550-d4961c03fa52	1	193187149	193187202	3	1.9411
e79049b4-162c-40c3-b550-d4961c03fa52	1	193187218	196745743	2394	0.3723
e79049b4-162c-40c3-b550-d4961c03fa52	1	196758720	196846661	61	-0.3176
e79049b4-162c-40c3-b550-d4961c03fa52	1	196847600	200439054	2299	0.3564
e79049b4-162c-40c3-b550-d4961c03fa52	1	200439509	202598425	1379	0.2929
e79049b4-162c-40c3-b550-d4961c03fa52	1	202598585	202599414	3	1.4036
e79049b4-162c-40c3-b550-d4961c03fa52	1	202599607	203522264	632	0.2925
e79049b4-162c-40c3-b550-d4961c03fa52	1	203522382	203686142	88	0.518
e79049b4-162c-40c3-b550-d4961c03fa52	1	203686615	207422108	2375	0.3034
e79049b4-162c-40c3-b550-d4961c03fa52	1	207422692	223888412	11587	0.3382
e79049b4-162c-40c3-b550-d4961c03fa52	1	223897298	229817623	3547	0.2984
e79049b4-162c-40c3-b550-d4961c03fa52	1	229819622	234165522	3405	0.3488
e79049b4-162c-40c3-b550-d4961c03fa52	1	234165888	237110719	2055	0.2927
e79049b4-162c-40c3-b550-d4961c03fa52	1	237110913	243139075	4673	0.3559
e79049b4-162c-40c3-b550-d4961c03fa52	1	243139864	243187175	16	0.9731
e79049b4-162c-40c3-b550-d4961c03fa52	1	243189078	247654789	2992	0.3506
e79049b4-162c-40c3-b550-d4961c03fa52	1	247656685	248373102	469	0.4813
e79049b4-162c-40c3-b550-d4961c03fa52	1	248375793	248930189	235	0.3401
e79049b4-162c-40c3-b550-d4961c03fa52	2	12784	23770655	17632	0.2261
e79049b4-162c-40c3-b550-d4961c03fa52	2	23773057	30733925	3964	0.1819
e79049b4-162c-40c3-b550-d4961c03fa52	2	30734814	34456427	2457	0.2264
e79049b4-162c-40c3-b550-d4961c03fa52	2	34458223	34512096	50	0.7146
e79049b4-162c-40c3-b550-d4961c03fa52	2	34512489	42042612	5694	0.2464
e79049b4-162c-40c3-b550-d4961c03fa52	2	42045567	46732798	3419	0.2017
e79049b4-162c-40c3-b550-d4961c03fa52	2	46735600	46755425	17	0.696
e79049b4-162c-40c3-b550-d4961c03fa52	2	46756102	48799789	1186	0.1833
e79049b4-162c-40c3-b550-d4961c03fa52	2	48804680	52516787	2668	0.2462
e79049b4-162c-40c3-b550-d4961c03fa52	2	52527330	52554404	40	-0.353
e79049b4-162c-40c3-b550-d4961c03fa52	2	52560811	57167750	3344	0.2347
e79049b4-162c-40c3-b550-d4961c03fa52	2	57167767	57213066	63	1.3781
e79049b4-162c-40c3-b550-d4961c03fa52	2	57214292	75592270	11396	0.2087
e79049b4-162c-40c3-b550-d4961c03fa52	2	75593565	75660695	90	0.4494
e79049b4-162c-40c3-b550-d4961c03fa52	2	75660758	78773547	1999	0.2216
e79049b4-162c-40c3-b550-d4961c03fa52	2	78777762	79364151	474	0.3476
e79049b4-162c-40c3-b550-d4961c03fa52	2	79364324	89265460	5376	0.2175
e79049b4-162c-40c3-b550-d4961c03fa52	2	89268711	89972503	16	0.8495
e79049b4-162c-40c3-b550-d4961c03fa52	2	89981062	97534580	1067	0.2126
e79049b4-162c-40c3-b550-d4961c03fa52	2	97535071	97545726	6	1.4524
e79049b4-162c-40c3-b550-d4961c03fa52	2	97550415	140869731	26150	0.2216
e79049b4-162c-40c3-b550-d4961c03fa52	2	140880811	141084430	146	-0.1359
e79049b4-162c-40c3-b550-d4961c03fa52	2	141088432	141148534	42	-0.7707
e79049b4-162c-40c3-b550-d4961c03fa52	2	141150683	141327726	106	0.0648
e79049b4-162c-40c3-b550-d4961c03fa52	2	141327831	141456147	92	-0.289
e79049b4-162c-40c3-b550-d4961c03fa52	2	141456317	211298416	42088	0.202
e79049b4-162c-40c3-b550-d4961c03fa52	2	211299558	212322478	730	0.0353
e79049b4-162c-40c3-b550-d4961c03fa52	2	212322531	212327001	21	-0.58
e79049b4-162c-40c3-b550-d4961c03fa52	2	212327088	213145987	588	0.0074
e79049b4-162c-40c3-b550-d4961c03fa52	2	213146692	231147661	11606	0.1908
e79049b4-162c-40c3-b550-d4961c03fa52	2	231148590	231197500	26	0.6035
e79049b4-162c-40c3-b550-d4961c03fa52	2	231206516	236007001	3136	0.1852
e79049b4-162c-40c3-b550-d4961c03fa52	2	236008659	241573649	3464	-0.0338
e79049b4-162c-40c3-b550-d4961c03fa52	2	241575466	242147305	168	0.2968
e79049b4-162c-40c3-b550-d4961c03fa52	3	20930	182919	153	-0.2944
e79049b4-162c-40c3-b550-d4961c03fa52	3	188339	191117	4	-3.2258
e79049b4-162c-40c3-b550-d4961c03fa52	3	193194	3254031	2703	-0.3729
e79049b4-162c-40c3-b550-d4961c03fa52	3	3255909	3515197	266	-0.6935
e79049b4-162c-40c3-b550-d4961c03fa52	3	3515225	6683580	2742	-0.3822
e79049b4-162c-40c3-b550-d4961c03fa52	3	6685754	6686715	4	-3.2303
e79049b4-162c-40c3-b550-d4961c03fa52	3	6690711	60294217	34912	-0.4162
e79049b4-162c-40c3-b550-d4961c03fa52	3	60294821	60602894	339	-0.6117
e79049b4-162c-40c3-b550-d4961c03fa52	3	60603605	61141148	541	-0.4246
e79049b4-162c-40c3-b550-d4961c03fa52	3	61141532	61142344	3	-2.2457
e79049b4-162c-40c3-b550-d4961c03fa52	3	61145227	68697013	5871	-0.4259
e79049b4-162c-40c3-b550-d4961c03fa52	3	68697108	68698262	14	0.6561
e79049b4-162c-40c3-b550-d4961c03fa52	3	68699607	75407149	4855	-0.4327
e79049b4-162c-40c3-b550-d4961c03fa52	3	75408707	75774420	101	-0.0666
e79049b4-162c-40c3-b550-d4961c03fa52	3	75777035	99225614	10901	-0.4119
e79049b4-162c-40c3-b550-d4961c03fa52	3	99225632	99230470	36	0.2383
e79049b4-162c-40c3-b550-d4961c03fa52	3	99230577	102106971	1624	-0.432
e79049b4-162c-40c3-b550-d4961c03fa52	3	102107777	102108710	2	-3.3925
e79049b4-162c-40c3-b550-d4961c03fa52	3	102111504	130067896	16975	-0.4357
e79049b4-162c-40c3-b550-d4961c03fa52	3	130067910	130087393	28	-1.5347
e79049b4-162c-40c3-b550-d4961c03fa52	3	130088081	137309113	4457	-0.4124
e79049b4-162c-40c3-b550-d4961c03fa52	3	137309114	137313250	14	0.2268
e79049b4-162c-40c3-b550-d4961c03fa52	3	137313876	137313971	4	-0.7865
e79049b4-162c-40c3-b550-d4961c03fa52	3	137314178	137314591	13	0.2234
e79049b4-162c-40c3-b550-d4961c03fa52	3	137322651	148740123	7025	-0.4121
e79049b4-162c-40c3-b550-d4961c03fa52	3	148745514	148867677	108	0.1448
e79049b4-162c-40c3-b550-d4961c03fa52	3	148868540	198169247	30377	-0.4144
e79049b4-162c-40c3-b550-d4961c03fa52	4	68929	264574	94	0.4099
e79049b4-162c-40c3-b550-d4961c03fa52	4	266837	3150086	1125	0.262
e79049b4-162c-40c3-b550-d4961c03fa52	4	3150516	5998964	1940	0.3503
e79049b4-162c-40c3-b550-d4961c03fa52	4	6000759	6001997	2	-1.4496
e79049b4-162c-40c3-b550-d4961c03fa52	4	6002408	7001979	702	0.3191
e79049b4-162c-40c3-b550-d4961c03fa52	4	7002280	7087259	79	0.7852
e79049b4-162c-40c3-b550-d4961c03fa52	4	7091790	8722817	1151	0.3149
e79049b4-162c-40c3-b550-d4961c03fa52	4	9370577	9390027	16	-0.1957
e79049b4-162c-40c3-b550-d4961c03fa52	4	9390554	9455251	43	-0.9634
e79049b4-162c-40c3-b550-d4961c03fa52	4	9459504	10208339	537	0.3038
e79049b4-162c-40c3-b550-d4961c03fa52	4	10208489	10229469	31	-0.206
e79049b4-162c-40c3-b550-d4961c03fa52	4	10229625	17546221	5789	0.3511
e79049b4-162c-40c3-b550-d4961c03fa52	4	17546335	34582139	11046	0.0148
e79049b4-162c-40c3-b550-d4961c03fa52	4	34582243	34822561	164	0.1868
e79049b4-162c-40c3-b550-d4961c03fa52	4	34823103	34828250	2	-1.1761
e79049b4-162c-40c3-b550-d4961c03fa52	4	34828291	34900993	65	0.147
e79049b4-162c-40c3-b550-d4961c03fa52	4	34901324	40698556	3814	0.0044
e79049b4-162c-40c3-b550-d4961c03fa52	4	40701994	40702175	3	-2.2508
e79049b4-162c-40c3-b550-d4961c03fa52	4	40702670	42880331	1454	0.0019
e79049b4-162c-40c3-b550-d4961c03fa52	4	42882371	43123607	170	0.1944
e79049b4-162c-40c3-b550-d4961c03fa52	4	43124572	63831891	11025	0.0155
e79049b4-162c-40c3-b550-d4961c03fa52	4	63832015	63850713	25	0.7369
e79049b4-162c-40c3-b550-d4961c03fa52	4	63851308	68352181	2842	0.023
e79049b4-162c-40c3-b550-d4961c03fa52	4	68352334	68391041	7	1.5075
e79049b4-162c-40c3-b550-d4961c03fa52	4	68394355	68506285	20	-0.0994
e79049b4-162c-40c3-b550-d4961c03fa52	4	68509223	68674307	71	0.6097
e79049b4-162c-40c3-b550-d4961c03fa52	4	68686026	69471862	430	0.1766
e79049b4-162c-40c3-b550-d4961c03fa52	4	69472607	103824414	20912	0.0147
e79049b4-162c-40c3-b550-d4961c03fa52	4	103830473	103836687	11	0.9258
e79049b4-162c-40c3-b550-d4961c03fa52	4	103836726	180318923	46524	0.0095
e79049b4-162c-40c3-b550-d4961c03fa52	4	180318981	180653461	285	-0.4934
e79049b4-162c-40c3-b550-d4961c03fa52	4	180654305	180664162	13	-1.8274
e79049b4-162c-40c3-b550-d4961c03fa52	4	180664199	180862831	141	-0.5007
e79049b4-162c-40c3-b550-d4961c03fa52	4	180864601	181050161	117	0.011
e79049b4-162c-40c3-b550-d4961c03fa52	4	181050357	182614883	1305	-0.1348
e79049b4-162c-40c3-b550-d4961c03fa52	4	182617802	186773055	2842	-0.0137
e79049b4-162c-40c3-b550-d4961c03fa52	4	186777739	186869239	59	-0.577
e79049b4-162c-40c3-b550-d4961c03fa52	4	186871959	188515761	1144	0.0061
e79049b4-162c-40c3-b550-d4961c03fa52	4	188515932	188516020	2	-2.0523
e79049b4-162c-40c3-b550-d4961c03fa52	4	188516062	189901232	881	0.0364
e79049b4-162c-40c3-b550-d4961c03fa52	4	189902928	190106768	48	0.3206
e79049b4-162c-40c3-b550-d4961c03fa52	5	15532	647701	284	0.0197
e79049b4-162c-40c3-b550-d4961c03fa52	5	653466	800724	50	-0.4052
e79049b4-162c-40c3-b550-d4961c03fa52	5	801456	8702128	6582	0.0278
e79049b4-162c-40c3-b550-d4961c03fa52	5	8702410	8747030	47	-1.1045
e79049b4-162c-40c3-b550-d4961c03fa52	5	8749619	14035453	3958	0.0447
e79049b4-162c-40c3-b550-d4961c03fa52	5	14039435	14039538	2	-2.2735
e79049b4-162c-40c3-b550-d4961c03fa52	5	14042267	105251452	52103	0.0323
e79049b4-162c-40c3-b550-d4961c03fa52	5	105252731	105252752	2	2.3737
e79049b4-162c-40c3-b550-d4961c03fa52	5	105253580	126199753	14207	0.0206
e79049b4-162c-40c3-b550-d4961c03fa52	5	126199808	126531272	222	-0.0315
e79049b4-162c-40c3-b550-d4961c03fa52	5	126533745	126533751	2	-1.9617
e79049b4-162c-40c3-b550-d4961c03fa52	5	126536376	133974338	4333	-0.012
e79049b4-162c-40c3-b550-d4961c03fa52	5	133980091	134167308	120	0.3023
e79049b4-162c-40c3-b550-d4961c03fa52	5	134170220	143813761	5647	-0.0162
e79049b4-162c-40c3-b550-d4961c03fa52	5	143813843	173556276	20443	0.0157
e79049b4-162c-40c3-b550-d4961c03fa52	5	173556350	173817307	272	0.3416
e79049b4-162c-40c3-b550-d4961c03fa52	5	173818617	180945168	4137	-0.0045
e79049b4-162c-40c3-b550-d4961c03fa52	5	180947484	181015920	26	0.4543
e79049b4-162c-40c3-b550-d4961c03fa52	5	181018221	181363319	165	-0.0201
e79049b4-162c-40c3-b550-d4961c03fa52	6	149661	2209505	1711	-0.1419
e79049b4-162c-40c3-b550-d4961c03fa52	6	2209626	2472379	181	-0.6315
e79049b4-162c-40c3-b550-d4961c03fa52	6	2472677	2473809	3	-4.5092
e79049b4-162c-40c3-b550-d4961c03fa52	6	2474503	4948793	2000	-0.673
e79049b4-162c-40c3-b550-d4961c03fa52	6	4951189	5603602	562	-0.146
e79049b4-162c-40c3-b550-d4961c03fa52	6	5603880	5618157	15	0.4181
e79049b4-162c-40c3-b550-d4961c03fa52	6	5620760	6025978	321	-0.1548
e79049b4-162c-40c3-b550-d4961c03fa52	6	6033698	6034203	3	-1.7376
e79049b4-162c-40c3-b550-d4961c03fa52	6	6036812	6805099	702	-0.131
e79049b4-162c-40c3-b550-d4961c03fa52	6	6805699	6807975	8	-2.1275
e79049b4-162c-40c3-b550-d4961c03fa52	6	6811573	7153392	296	-0.1797
e79049b4-162c-40c3-b550-d4961c03fa52	6	7153500	8483905	1006	-0.692
e79049b4-162c-40c3-b550-d4961c03fa52	6	8484396	11254916	1961	-0.1311
e79049b4-162c-40c3-b550-d4961c03fa52	6	11255125	12600711	1132	0.2098
e79049b4-162c-40c3-b550-d4961c03fa52	6	12600921	16138507	2622	-0.2265
e79049b4-162c-40c3-b550-d4961c03fa52	6	16142128	20739788	3396	-0.6652
e79049b4-162c-40c3-b550-d4961c03fa52	6	20741550	22695254	1438	-0.1387
e79049b4-162c-40c3-b550-d4961c03fa52	6	22701631	23742789	738	0.2233
e79049b4-162c-40c3-b550-d4961c03fa52	6	23744444	23745202	2	-2.841
e79049b4-162c-40c3-b550-d4961c03fa52	6	23747504	25561686	1299	0.2126
e79049b4-162c-40c3-b550-d4961c03fa52	6	25562597	25729799	113	0.4067
e79049b4-162c-40c3-b550-d4961c03fa52	6	25733671	26190100	303	0.2109
e79049b4-162c-40c3-b550-d4961c03fa52	6	26197579	26250026	35	-0.2676
e79049b4-162c-40c3-b550-d4961c03fa52	6	26251373	29731476	1572	0.1671
e79049b4-162c-40c3-b550-d4961c03fa52	6	29731936	29732406	3	-1.649
e79049b4-162c-40c3-b550-d4961c03fa52	6	29735485	29869700	118	0.2074
e79049b4-162c-40c3-b550-d4961c03fa52	6	29869747	29882603	15	0.9616
e79049b4-162c-40c3-b550-d4961c03fa52	6	29903859	31951801	921	0.1934
e79049b4-162c-40c3-b550-d4961c03fa52	6	31952140	32606237	275	-0.015
e79049b4-162c-40c3-b550-d4961c03fa52	6	32606283	36960034	2503	-0.1718
e79049b4-162c-40c3-b550-d4961c03fa52	6	36961231	37274113	209	0.0813
e79049b4-162c-40c3-b550-d4961c03fa52	6	37275165	41218620	2899	-0.1606
e79049b4-162c-40c3-b550-d4961c03fa52	6	41222106	41226885	3	-1.4205
e79049b4-162c-40c3-b550-d4961c03fa52	6	41227682	41345738	107	-0.1584
e79049b4-162c-40c3-b550-d4961c03fa52	6	41347498	41352727	2	-2.0092
e79049b4-162c-40c3-b550-d4961c03fa52	6	41353481	46446747	3024	-0.1553
e79049b4-162c-40c3-b550-d4961c03fa52	6	46447423	46837249	242	0.0072
e79049b4-162c-40c3-b550-d4961c03fa52	6	46839202	46847254	9	0.5874
e79049b4-162c-40c3-b550-d4961c03fa52	6	46847314	47111880	240	0.0272
e79049b4-162c-40c3-b550-d4961c03fa52	6	47112791	49294845	1313	-0.1348
e79049b4-162c-40c3-b550-d4961c03fa52	6	49296286	49467882	93	-0.0231
e79049b4-162c-40c3-b550-d4961c03fa52	6	49467981	49478796	8	0.6773
e79049b4-162c-40c3-b550-d4961c03fa52	6	49479582	51120809	961	0.0123
e79049b4-162c-40c3-b550-d4961c03fa52	6	51230728	53302013	1490	-0.1419
e79049b4-162c-40c3-b550-d4961c03fa52	6	53307961	64627049	4800	0.0361
e79049b4-162c-40c3-b550-d4961c03fa52	6	64637651	64639099	2	-2.1516
e79049b4-162c-40c3-b550-d4961c03fa52	6	64640883	73882142	6148	0.0221
e79049b4-162c-40c3-b550-d4961c03fa52	6	73882509	73885038	7	-1.1063
e79049b4-162c-40c3-b550-d4961c03fa52	6	73887573	76720013	1769	0.0179
e79049b4-162c-40c3-b550-d4961c03fa52	6	76726442	76742924	20	0.4996
e79049b4-162c-40c3-b550-d4961c03fa52	6	76742956	78253172	978	0.0208
e79049b4-162c-40c3-b550-d4961c03fa52	6	78259348	78325468	112	-0.621
e79049b4-162c-40c3-b550-d4961c03fa52	6	78329517	93772923	9887	0.0153
e79049b4-162c-40c3-b550-d4961c03fa52	6	93776524	94907391	751	0.11
e79049b4-162c-40c3-b550-d4961c03fa52	6	94907818	103286954	4805	0.0148
e79049b4-162c-40c3-b550-d4961c03fa52	6	103290101	103314186	46	0.7244
e79049b4-162c-40c3-b550-d4961c03fa52	6	103317795	151551365	30573	0.0057
e79049b4-162c-40c3-b550-d4961c03fa52	6	151551828	151811814	190	0.364
e79049b4-162c-40c3-b550-d4961c03fa52	6	151811970	170741917	13300	-0.0018
e79049b4-162c-40c3-b550-d4961c03fa52	7	43355	6727724	3392	-0.1789
e79049b4-162c-40c3-b550-d4961c03fa52	7	6727754	7041197	107	0.0849
e79049b4-162c-40c3-b550-d4961c03fa52	7	7044531	18992694	9731	-0.1185
e79049b4-162c-40c3-b550-d4961c03fa52	7	18992749	19723417	755	-0.0184
e79049b4-162c-40c3-b550-d4961c03fa52	7	19723571	22395161	2031	-0.1584
e79049b4-162c-40c3-b550-d4961c03fa52	7	22395853	22396868	2	-2.6877
e79049b4-162c-40c3-b550-d4961c03fa52	7	22399135	31022234	6221	-0.1527
e79049b4-162c-40c3-b550-d4961c03fa52	7	31023970	31026978	3	-1.6396
e79049b4-162c-40c3-b550-d4961c03fa52	7	31027115	38258234	5057	-0.1412
e79049b4-162c-40c3-b550-d4961c03fa52	7	38258721	38319127	102	0.1416
e79049b4-162c-40c3-b550-d4961c03fa52	7	38319355	51010299	8529	-0.1462
e79049b4-162c-40c3-b550-d4961c03fa52	7	51012153	51013280	2	-2.488
e79049b4-162c-40c3-b550-d4961c03fa52	7	51013400	57404394	4257	-0.1378
e79049b4-162c-40c3-b550-d4961c03fa52	7	57404833	68704736	2929	0.0635
e79049b4-162c-40c3-b550-d4961c03fa52	7	68704829	72800757	2537	0.0227
e79049b4-162c-40c3-b550-d4961c03fa52	7	72803280	76005535	796	-0.0687
e79049b4-162c-40c3-b550-d4961c03fa52	7	76006922	88494027	7769	0.0129
e79049b4-162c-40c3-b550-d4961c03fa52	7	88494386	90626192	1401	0.0924
e79049b4-162c-40c3-b550-d4961c03fa52	7	90626817	91728539	803	-0.0288
e79049b4-162c-40c3-b550-d4961c03fa52	7	91728554	91729718	8	1.0845
e79049b4-162c-40c3-b550-d4961c03fa52	7	91730021	97744431	3733	0.0016
e79049b4-162c-40c3-b550-d4961c03fa52	7	97756261	97766197	14	0.6582
e79049b4-162c-40c3-b550-d4961c03fa52	7	97772620	100364181	1194	-0.0506
e79049b4-162c-40c3-b550-d4961c03fa52	7	100365876	100799818	120	0.3336
e79049b4-162c-40c3-b550-d4961c03fa52	7	100807205	101491943	280	-0.0666
e79049b4-162c-40c3-b550-d4961c03fa52	7	101492117	101494033	2	1.8221
e79049b4-162c-40c3-b550-d4961c03fa52	7	101498586	101570855	48	0.0246
e79049b4-162c-40c3-b550-d4961c03fa52	7	101571016	102449027	409	-0.1142
e79049b4-162c-40c3-b550-d4961c03fa52	7	102449522	109797044	4555	0.0001
e79049b4-162c-40c3-b550-d4961c03fa52	7	109797612	109813925	28	0.8057
e79049b4-162c-40c3-b550-d4961c03fa52	7	109814172	110864949	727	0.0146
e79049b4-162c-40c3-b550-d4961c03fa52	7	110865167	110912761	28	-0.4451
e79049b4-162c-40c3-b550-d4961c03fa52	7	110915894	126405502	9261	0.0076
e79049b4-162c-40c3-b550-d4961c03fa52	7	126405597	126406561	10	-1.3019
e79049b4-162c-40c3-b550-d4961c03fa52	7	126406822	130120334	2136	-0.0208
e79049b4-162c-40c3-b550-d4961c03fa52	7	130127796	130348534	123	0.56
e79049b4-162c-40c3-b550-d4961c03fa52	7	130357890	134100424	2435	-0.014
e79049b4-162c-40c3-b550-d4961c03fa52	7	134100442	134105690	23	-2.051
e79049b4-162c-40c3-b550-d4961c03fa52	7	134110881	142344216	5410	-0.013
e79049b4-162c-40c3-b550-d4961c03fa52	7	142344229	142805387	269	0.155
e79049b4-162c-40c3-b550-d4961c03fa52	7	142805592	146800935	2269	0.0034
e79049b4-162c-40c3-b550-d4961c03fa52	7	146802033	147330791	356	-0.2858
e79049b4-162c-40c3-b550-d4961c03fa52	7	147331063	153545450	3777	-0.0291
e79049b4-162c-40c3-b550-d4961c03fa52	7	153545882	153881331	210	0.1504
e79049b4-162c-40c3-b550-d4961c03fa52	7	153881771	159325204	3758	-0.0277
e79049b4-162c-40c3-b550-d4961c03fa52	7	159325469	159334314	11	-0.2798
e79049b4-162c-40c3-b550-d4961c03fa52	8	81254	644973	324	0.3678
e79049b4-162c-40c3-b550-d4961c03fa52	8	645220	645875	6	1.625
e79049b4-162c-40c3-b550-d4961c03fa52	8	645892	645908	2	4.4974
e79049b4-162c-40c3-b550-d4961c03fa52	8	656117	2630786	1476	0.3385
e79049b4-162c-40c3-b550-d4961c03fa52	8	2631028	6250513	4928	0.3939
e79049b4-162c-40c3-b550-d4961c03fa52	8	6250531	13566410	5152	0.3423
e79049b4-162c-40c3-b550-d4961c03fa52	8	13569284	13782512	264	0.5346
e79049b4-162c-40c3-b550-d4961c03fa52	8	13783055	19995101	5632	0.3783
e79049b4-162c-40c3-b550-d4961c03fa52	8	19995437	39389156	12685	0.3354
e79049b4-162c-40c3-b550-d4961c03fa52	8	39389592	39529446	57	1.1061
e79049b4-162c-40c3-b550-d4961c03fa52	8	39530780	105861454	38671	0.3433
e79049b4-162c-40c3-b550-d4961c03fa52	8	105866331	106482690	401	0.5023
e79049b4-162c-40c3-b550-d4961c03fa52	8	106483012	111279265	2863	0.3718
e79049b4-162c-40c3-b550-d4961c03fa52	8	111282050	111282852	7	-0.8018
e79049b4-162c-40c3-b550-d4961c03fa52	8	111282973	127957781	11019	0.3428
e79049b4-162c-40c3-b550-d4961c03fa52	8	127958655	127961419	4	-1.0296
e79049b4-162c-40c3-b550-d4961c03fa52	8	127961698	130224821	1554	0.3425
e79049b4-162c-40c3-b550-d4961c03fa52	8	130229050	130518454	201	0.6315
e79049b4-162c-40c3-b550-d4961c03fa52	8	130520492	145072769	10102	0.3391
e79049b4-162c-40c3-b550-d4961c03fa52	9	46587	8815390	8406	-0.422
e79049b4-162c-40c3-b550-d4961c03fa52	9	8815681	9737503	781	-0.6391
e79049b4-162c-40c3-b550-d4961c03fa52	9	9737952	10089861	441	-0.4239
e79049b4-162c-40c3-b550-d4961c03fa52	9	10090434	11695067	1323	-0.3237
e79049b4-162c-40c3-b550-d4961c03fa52	9	11695108	11695757	2	2.0983
e79049b4-162c-40c3-b550-d4961c03fa52	9	11695785	11995307	221	-0.3373
e79049b4-162c-40c3-b550-d4961c03fa52	9	11996163	11996759	3	-2.3628
e79049b4-162c-40c3-b550-d4961c03fa52	9	11996831	12666092	523	-0.2952
e79049b4-162c-40c3-b550-d4961c03fa52	9	12666562	37975235	18580	-0.432
e79049b4-162c-40c3-b550-d4961c03fa52	9	37982919	38169572	133	-0.0314
e79049b4-162c-40c3-b550-d4961c03fa52	9	38173018	38284237	69	1.1342
e79049b4-162c-40c3-b550-d4961c03fa52	9	38284570	38520231	214	1.3043
e79049b4-162c-40c3-b550-d4961c03fa52	9	38520414	39455364	275	1.0761
e79049b4-162c-40c3-b550-d4961c03fa52	9	39455596	39487690	20	-0.312
e79049b4-162c-40c3-b550-d4961c03fa52	9	39547279	41050618	51	0.8248
e79049b4-162c-40c3-b550-d4961c03fa52	9	41050990	60888834	141	1.4932
e79049b4-162c-40c3-b550-d4961c03fa52	9	60889708	61405110	11	0.3747
e79049b4-162c-40c3-b550-d4961c03fa52	9	61520021	61668104	32	0.9966
e79049b4-162c-40c3-b550-d4961c03fa52	9	61680289	64467459	89	0.4784
e79049b4-162c-40c3-b550-d4961c03fa52	9	64480563	64965577	37	1.4769
e79049b4-162c-40c3-b550-d4961c03fa52	9	64965589	68325679	40	0.827
e79049b4-162c-40c3-b550-d4961c03fa52	9	68328914	76506003	5921	0.0247
e79049b4-162c-40c3-b550-d4961c03fa52	9	76507430	76510715	20	-0.7308
e79049b4-162c-40c3-b550-d4961c03fa52	9	76510749	101994536	17524	0.0196
e79049b4-162c-40c3-b550-d4961c03fa52	9	101994948	102206220	204	0.2482
e79049b4-162c-40c3-b550-d4961c03fa52	9	102208412	111378605	7105	0.0352
e79049b4-162c-40c3-b550-d4961c03fa52	9	111382059	111945101	359	0.264
e79049b4-162c-40c3-b550-d4961c03fa52	9	111945114	114980364	2136	0.0242
e79049b4-162c-40c3-b550-d4961c03fa52	9	114982786	116090405	850	0.3534
e79049b4-162c-40c3-b550-d4961c03fa52	9	116092945	116099821	9	1.5199
e79049b4-162c-40c3-b550-d4961c03fa52	9	116100416	116484146	272	0.3942
e79049b4-162c-40c3-b550-d4961c03fa52	9	116485535	116764342	251	0.0426
e79049b4-162c-40c3-b550-d4961c03fa52	9	116764399	116764466	2	1.7987
e79049b4-162c-40c3-b550-d4961c03fa52	9	116764701	117240262	516	0.0314
e79049b4-162c-40c3-b550-d4961c03fa52	9	117242086	120167042	2438	0.3691
e79049b4-162c-40c3-b550-d4961c03fa52	9	120168897	136402033	9574	0.3116
e79049b4-162c-40c3-b550-d4961c03fa52	9	136406095	138200944	655	-0.4725
e79049b4-162c-40c3-b550-d4961c03fa52	10	45792	32131146	24924	-0.0059
e79049b4-162c-40c3-b550-d4961c03fa52	10	32131163	32826242	417	0.1342
e79049b4-162c-40c3-b550-d4961c03fa52	10	32827565	35451536	1730	-0.0009
e79049b4-162c-40c3-b550-d4961c03fa52	10	35456293	42358241	1984	0.3045
e79049b4-162c-40c3-b550-d4961c03fa52	10	42358254	46522514	2543	0.0241
e79049b4-162c-40c3-b550-d4961c03fa52	10	46522571	47954600	353	0.4025
e79049b4-162c-40c3-b550-d4961c03fa52	10	48079548	49479088	1102	0.4852
e79049b4-162c-40c3-b550-d4961c03fa52	10	49480515	49704961	158	0.1279
e79049b4-162c-40c3-b550-d4961c03fa52	10	49711519	54707478	3600	0.3698
e79049b4-162c-40c3-b550-d4961c03fa52	10	54707897	56325080	1108	0.442
e79049b4-162c-40c3-b550-d4961c03fa52	10	56325318	66608324	7246	0.3682
e79049b4-162c-40c3-b550-d4961c03fa52	10	66610262	66659682	51	-0.6589
e79049b4-162c-40c3-b550-d4961c03fa52	10	66661035	124014262	38502	0.3448
e79049b4-162c-40c3-b550-d4961c03fa52	10	124021299	124468455	215	0.0038
e79049b4-162c-40c3-b550-d4961c03fa52	10	124469139	124756732	195	0.3098
e79049b4-162c-40c3-b550-d4961c03fa52	10	124757376	124936631	74	0.6994
e79049b4-162c-40c3-b550-d4961c03fa52	10	124938318	133654968	6319	0.3596
e79049b4-162c-40c3-b550-d4961c03fa52	11	198510	4228783	1735	-0.0109
e79049b4-162c-40c3-b550-d4961c03fa52	11	4234899	4365474	32	0.5192
e79049b4-162c-40c3-b550-d4961c03fa52	11	4365696	4943195	642	0.0471
e79049b4-162c-40c3-b550-d4961c03fa52	11	4945831	4971052	42	0.534
e79049b4-162c-40c3-b550-d4961c03fa52	11	4971283	5772353	784	0.0388
e79049b4-162c-40c3-b550-d4961c03fa52	11	5773015	5787818	21	-0.5977
e79049b4-162c-40c3-b550-d4961c03fa52	11	5787909	5851007	71	0.0197
e79049b4-162c-40c3-b550-d4961c03fa52	11	5851201	5854637	2	-1.3423
e79049b4-162c-40c3-b550-d4961c03fa52	11	5855957	6087039	169	0.1256
e79049b4-162c-40c3-b550-d4961c03fa52	11	6093991	36596695	22176	0.0204
e79049b4-162c-40c3-b550-d4961c03fa52	11	36596839	37905406	912	0.1132
e79049b4-162c-40c3-b550-d4961c03fa52	11	37906939	48409947	6546	0.0087
e79049b4-162c-40c3-b550-d4961c03fa52	11	48411143	48636618	109	0.2883
e79049b4-162c-40c3-b550-d4961c03fa52	11	48638921	50096159	572	0.0152
e79049b4-162c-40c3-b550-d4961c03fa52	11	50101778	55610402	589	0.1336
e79049b4-162c-40c3-b550-d4961c03fa52	11	55613862	55667651	28	-0.5568
e79049b4-162c-40c3-b550-d4961c03fa52	11	55670243	60431517	2939	0.034
e79049b4-162c-40c3-b550-d4961c03fa52	11	60431573	74164928	6515	-0.0279
e79049b4-162c-40c3-b550-d4961c03fa52	11	74165598	100098143	17725	0.0228
e79049b4-162c-40c3-b550-d4961c03fa52	11	100101349	135074876	24900	-0.4341
e79049b4-162c-40c3-b550-d4961c03fa52	12	51460	756804	417	0.4187
e79049b4-162c-40c3-b550-d4961c03fa52	12	759943	764863	18	-0.5151
e79049b4-162c-40c3-b550-d4961c03fa52	12	766188	2126462	826	0.341
e79049b4-162c-40c3-b550-d4961c03fa52	12	2126723	2148754	42	-0.4323
e79049b4-162c-40c3-b550-d4961c03fa52	12	2148857	9477960	4862	0.3355
e79049b4-162c-40c3-b550-d4961c03fa52	12	9481274	9582374	26	-1.0992
e79049b4-162c-40c3-b550-d4961c03fa52	12	9583090	10169583	443	0.336
e79049b4-162c-40c3-b550-d4961c03fa52	12	10176036	10176099	2	-1.3212
e79049b4-162c-40c3-b550-d4961c03fa52	12	10178634	11068125	587	0.356
e79049b4-162c-40c3-b550-d4961c03fa52	12	11070111	11088933	9	1.1636
e79049b4-162c-40c3-b550-d4961c03fa52	12	11099275	24745710	9242	0.3526
e79049b4-162c-40c3-b550-d4961c03fa52	12	24745775	24940924	164	0.5571
e79049b4-162c-40c3-b550-d4961c03fa52	12	24941194	33141726	6116	0.3519
e79049b4-162c-40c3-b550-d4961c03fa52	12	33148472	33154440	27	-0.3504
e79049b4-162c-40c3-b550-d4961c03fa52	12	33155426	34078588	574	0.4515
e79049b4-162c-40c3-b550-d4961c03fa52	12	34087056	34091994	4	-0.9122
e79049b4-162c-40c3-b550-d4961c03fa52	12	34092010	42815499	3389	0.3543
e79049b4-162c-40c3-b550-d4961c03fa52	12	42818897	43375425	366	0.5123
e79049b4-162c-40c3-b550-d4961c03fa52	12	43375736	44307358	551	0.3556
e79049b4-162c-40c3-b550-d4961c03fa52	12	44307501	44307836	2	-1.1891
e79049b4-162c-40c3-b550-d4961c03fa52	12	44312244	45093867	456	0.3819
e79049b4-162c-40c3-b550-d4961c03fa52	12	45096090	45506042	243	0.3232
e79049b4-162c-40c3-b550-d4961c03fa52	12	45510655	45512057	2	-1.492
e79049b4-162c-40c3-b550-d4961c03fa52	12	45514957	53017314	4375	0.3056
e79049b4-162c-40c3-b550-d4961c03fa52	12	53017933	53360937	159	0.54
e79049b4-162c-40c3-b550-d4961c03fa52	12	53365012	54461306	517	0.2825
e79049b4-162c-40c3-b550-d4961c03fa52	12	54467721	55656922	802	0.3528
e79049b4-162c-40c3-b550-d4961c03fa52	12	55657036	57889602	1042	0.266
e79049b4-162c-40c3-b550-d4961c03fa52	12	57890772	72812551	9761	0.3465
e79049b4-162c-40c3-b550-d4961c03fa52	12	72812626	72887754	45	0.6746
e79049b4-162c-40c3-b550-d4961c03fa52	12	72887814	90097892	10512	0.3522
e79049b4-162c-40c3-b550-d4961c03fa52	12	90097910	90099836	8	-1.2276
e79049b4-162c-40c3-b550-d4961c03fa52	12	90099849	99401870	6445	0.3299
e79049b4-162c-40c3-b550-d4961c03fa52	12	99401959	99404956	28	-1.2584
e79049b4-162c-40c3-b550-d4961c03fa52	12	99409315	109707127	6965	0.3377
e79049b4-162c-40c3-b550-d4961c03fa52	12	109709795	112502379	1343	0.2552
e79049b4-162c-40c3-b550-d4961c03fa52	12	112502394	116939835	3443	0.332
e79049b4-162c-40c3-b550-d4961c03fa52	12	116945465	116986701	28	0.7276
e79049b4-162c-40c3-b550-d4961c03fa52	12	116987349	119815066	2041	0.3414
e79049b4-162c-40c3-b550-d4961c03fa52	12	119815305	120886312	522	0.259
e79049b4-162c-40c3-b550-d4961c03fa52	12	120886614	122765973	837	0.1194
e79049b4-162c-40c3-b550-d4961c03fa52	12	122768593	123041632	103	0.6069
e79049b4-162c-40c3-b550-d4961c03fa52	12	123044257	133201603	7398	0.2202
e79049b4-162c-40c3-b550-d4961c03fa52	13	18452809	18569684	12	0.5062
e79049b4-162c-40c3-b550-d4961c03fa52	13	18600494	18874255	87	-0.1919
e79049b4-162c-40c3-b550-d4961c03fa52	13	18876666	37496998	13261	-0.4451
e79049b4-162c-40c3-b550-d4961c03fa52	13	37497899	37510620	16	-1.8171
e79049b4-162c-40c3-b550-d4961c03fa52	13	37514193	82590399	28691	-0.4156
e79049b4-162c-40c3-b550-d4961c03fa52	13	82594832	82596543	2	-3.5163
e79049b4-162c-40c3-b550-d4961c03fa52	13	82598520	82613939	9	-0.3602
e79049b4-162c-40c3-b550-d4961c03fa52	13	82613952	82628056	13	0.7423
e79049b4-162c-40c3-b550-d4961c03fa52	13	82629163	114342922	21650	-0.4357
e79049b4-162c-40c3-b550-d4961c03fa52	14	18239283	19185951	39	0.2123
e79049b4-162c-40c3-b550-d4961c03fa52	14	19197351	19966799	144	0.6311
e79049b4-162c-40c3-b550-d4961c03fa52	14	19966871	21817867	1216	0.3675
e79049b4-162c-40c3-b550-d4961c03fa52	14	21820576	22537282	650	0.6757
e79049b4-162c-40c3-b550-d4961c03fa52	14	22541501	41141293	11690	0.3678
e79049b4-162c-40c3-b550-d4961c03fa52	14	41141487	41160039	6	-1.4487
e79049b4-162c-40c3-b550-d4961c03fa52	14	41164182	41184774	6	-4.4211
e79049b4-162c-40c3-b550-d4961c03fa52	14	41188046	48542160	4362	0.4043
e79049b4-162c-40c3-b550-d4961c03fa52	14	48545390	63340314	9667	0.3591
e79049b4-162c-40c3-b550-d4961c03fa52	14	63341771	63343154	3	-1.1436
e79049b4-162c-40c3-b550-d4961c03fa52	14	63344451	78044536	9255	0.3356
e79049b4-162c-40c3-b550-d4961c03fa52	14	78046162	89230777	7504	0.3769
e79049b4-162c-40c3-b550-d4961c03fa52	14	89231799	99197510	7246	0.3383
e79049b4-162c-40c3-b550-d4961c03fa52	14	99198647	99200063	3	-1.0635
e79049b4-162c-40c3-b550-d4961c03fa52	14	99201350	100742130	872	0.3328
e79049b4-162c-40c3-b550-d4961c03fa52	14	100743117	101006383	154	0.5452
e79049b4-162c-40c3-b550-d4961c03fa52	14	101008574	105994805	2107	0.3161
e79049b4-162c-40c3-b550-d4961c03fa52	14	106016256	106340774	117	0.4272
e79049b4-162c-40c3-b550-d4961c03fa52	14	106345431	106346129	4	-1.6732
e79049b4-162c-40c3-b550-d4961c03fa52	14	106360014	106877229	274	0.3611
e79049b4-162c-40c3-b550-d4961c03fa52	15	19811075	19998708	44	0.2677
e79049b4-162c-40c3-b550-d4961c03fa52	15	20001686	20064520	10	-0.9815
e79049b4-162c-40c3-b550-d4961c03fa52	15	20187568	23809640	763	0.0019
e79049b4-162c-40c3-b550-d4961c03fa52	15	23810290	23814160	20	-0.5913
e79049b4-162c-40c3-b550-d4961c03fa52	15	23820546	24232659	286	0.0738
e79049b4-162c-40c3-b550-d4961c03fa52	15	24233617	24468278	100	0.6765
e79049b4-162c-40c3-b550-d4961c03fa52	15	24468475	30488460	3628	0.0168
e79049b4-162c-40c3-b550-d4961c03fa52	15	30500366	30633402	8	1.1772
e79049b4-162c-40c3-b550-d4961c03fa52	15	30638297	40439126	6761	0.0316
e79049b4-162c-40c3-b550-d4961c03fa52	15	40443350	71112564	19271	-0.4364
e79049b4-162c-40c3-b550-d4961c03fa52	15	71114206	71375801	178	0.0659
e79049b4-162c-40c3-b550-d4961c03fa52	15	71375895	71376173	2	-2.0142
e79049b4-162c-40c3-b550-d4961c03fa52	15	71376776	76598900	2710	-0.0164
e79049b4-162c-40c3-b550-d4961c03fa52	15	76599170	76603434	21	-1.5825
e79049b4-162c-40c3-b550-d4961c03fa52	15	76609838	88835027	7789	0.009
e79049b4-162c-40c3-b550-d4961c03fa52	15	88835102	91020440	1334	-0.0543
e79049b4-162c-40c3-b550-d4961c03fa52	15	91021027	97264844	5020	0.0314
e79049b4-162c-40c3-b550-d4961c03fa52	15	97265179	97288957	12	-1.0433
e79049b4-162c-40c3-b550-d4961c03fa52	15	97290419	97290422	3	0.9373
e79049b4-162c-40c3-b550-d4961c03fa52	15	97301760	101888834	3407	0.0235
e79049b4-162c-40c3-b550-d4961c03fa52	15	101888850	101928837	7	1.0547
e79049b4-162c-40c3-b550-d4961c03fa52	16	10777	4878462	2053	-0.0596
e79049b4-162c-40c3-b550-d4961c03fa52	16	4881512	6770897	2070	0.0428
e79049b4-162c-40c3-b550-d4961c03fa52	16	6770959	6774222	3	1.8956
e79049b4-162c-40c3-b550-d4961c03fa52	16	6774492	16269368	7582	0.0217
e79049b4-162c-40c3-b550-d4961c03fa52	16	16419234	16797785	52	0.5458
e79049b4-162c-40c3-b550-d4961c03fa52	16	16798001	19933041	1662	0.0315
e79049b4-162c-40c3-b550-d4961c03fa52	16	19934328	19956040	29	-1.1117
e79049b4-162c-40c3-b550-d4961c03fa52	16	19958932	20655923	493	0.0435
e79049b4-162c-40c3-b550-d4961c03fa52	16	20656702	31593063	5784	-0.0175
e79049b4-162c-40c3-b550-d4961c03fa52	16	31594124	35225156	380	0.114
e79049b4-162c-40c3-b550-d4961c03fa52	16	35225230	35533134	174	0.5803
e79049b4-162c-40c3-b550-d4961c03fa52	16	35533625	51030172	2796	0.0203
e79049b4-162c-40c3-b550-d4961c03fa52	16	51030261	51030661	2	2.1939
e79049b4-162c-40c3-b550-d4961c03fa52	16	51033054	55762682	3784	0.0155
e79049b4-162c-40c3-b550-d4961c03fa52	16	55764310	55764867	3	3.0505
e79049b4-162c-40c3-b550-d4961c03fa52	16	55770436	55776109	8	0.4969
e79049b4-162c-40c3-b550-d4961c03fa52	16	55776295	56651168	543	0.0176
e79049b4-162c-40c3-b550-d4961c03fa52	16	56653148	56698273	34	0.415
e79049b4-162c-40c3-b550-d4961c03fa52	16	56704953	59153657	1475	-0.0285
e79049b4-162c-40c3-b550-d4961c03fa52	16	59153764	66134152	4831	0.0402
e79049b4-162c-40c3-b550-d4961c03fa52	16	66134417	69316258	1502	-0.0426
e79049b4-162c-40c3-b550-d4961c03fa52	16	69317007	69528798	104	0.3421
e79049b4-162c-40c3-b550-d4961c03fa52	16	69529939	78338543	5768	0.0198
e79049b4-162c-40c3-b550-d4961c03fa52	16	78338714	78350868	15	0.9775
e79049b4-162c-40c3-b550-d4961c03fa52	16	78351104	78641982	391	-0.003
e79049b4-162c-40c3-b550-d4961c03fa52	16	78643135	78768219	140	-0.2149
e79049b4-162c-40c3-b550-d4961c03fa52	16	78768798	81469935	2982	0.043
e79049b4-162c-40c3-b550-d4961c03fa52	16	81470272	81479216	15	-0.5803
e79049b4-162c-40c3-b550-d4961c03fa52	16	81479814	83913281	2739	0.0522
e79049b4-162c-40c3-b550-d4961c03fa52	16	83914058	86075629	1727	-0.0315
e79049b4-162c-40c3-b550-d4961c03fa52	16	86079290	90096867	2588	0.0329
e79049b4-162c-40c3-b550-d4961c03fa52	17	150733	27201129	12917	-0.4356
e79049b4-162c-40c3-b550-d4961c03fa52	17	27208042	31524217	1950	-0.7626
e79049b4-162c-40c3-b550-d4961c03fa52	17	31525074	31545612	10	-3.0525
e79049b4-162c-40c3-b550-d4961c03fa52	17	31547530	37361579	3888	-0.8343
e79049b4-162c-40c3-b550-d4961c03fa52	17	37363057	39846326	1093	-0.4515
e79049b4-162c-40c3-b550-d4961c03fa52	17	39848325	40237596	158	-0.0249
e79049b4-162c-40c3-b550-d4961c03fa52	17	40241375	41265456	610	-0.4521
e79049b4-162c-40c3-b550-d4961c03fa52	17	41266762	41274279	24	0.6961
e79049b4-162c-40c3-b550-d4961c03fa52	17	41276472	50579703	4644	-0.4253
e79049b4-162c-40c3-b550-d4961c03fa52	17	50582045	75651788	15742	0.3287
e79049b4-162c-40c3-b550-d4961c03fa52	17	75654606	75853501	80	0.6604
e79049b4-162c-40c3-b550-d4961c03fa52	17	75882548	80655063	2733	0.2897
e79049b4-162c-40c3-b550-d4961c03fa52	17	80655993	80683209	9	1.1799
e79049b4-162c-40c3-b550-d4961c03fa52	17	80684347	83091923	941	0.2605
e79049b4-162c-40c3-b550-d4961c03fa52	18	48133	14071226	9943	-0.4343
e79049b4-162c-40c3-b550-d4961c03fa52	18	14071465	15396946	379	-0.2041
e79049b4-162c-40c3-b550-d4961c03fa52	18	15401764	40678118	12301	-0.4258
e79049b4-162c-40c3-b550-d4961c03fa52	18	40678132	40678640	10	0.6416
e79049b4-162c-40c3-b550-d4961c03fa52	18	40678652	40680516	8	-0.8879
e79049b4-162c-40c3-b550-d4961c03fa52	18	40680526	40685425	14	-2.1767
e79049b4-162c-40c3-b550-d4961c03fa52	18	40689534	43309610	1743	-0.4062
e79049b4-162c-40c3-b550-d4961c03fa52	18	43311432	43322659	7	0.7235
e79049b4-162c-40c3-b550-d4961c03fa52	18	43323049	58377221	10197	-0.434
e79049b4-162c-40c3-b550-d4961c03fa52	18	58379772	58383903	4	-2.6838
e79049b4-162c-40c3-b550-d4961c03fa52	18	58384308	66060256	5442	-0.4255
e79049b4-162c-40c3-b550-d4961c03fa52	18	66060309	66060531	4	-2.4405
e79049b4-162c-40c3-b550-d4961c03fa52	18	66060553	71809155	4158	-0.4087
e79049b4-162c-40c3-b550-d4961c03fa52	18	71809963	71810729	2	-2.8202
e79049b4-162c-40c3-b550-d4961c03fa52	18	71810797	72766395	701	-0.3617
e79049b4-162c-40c3-b550-d4961c03fa52	18	72766410	72818505	40	0.2193
e79049b4-162c-40c3-b550-d4961c03fa52	18	72820061	77020484	3347	-0.4138
e79049b4-162c-40c3-b550-d4961c03fa52	18	77023590	77025986	3	-2.6913
e79049b4-162c-40c3-b550-d4961c03fa52	18	77026100	80257174	2116	-0.4504
e79049b4-162c-40c3-b550-d4961c03fa52	19	90910	1732601	385	0.3596
e79049b4-162c-40c3-b550-d4961c03fa52	19	1741837	2552051	223	0.5248
e79049b4-162c-40c3-b550-d4961c03fa52	19	2557612	2558656	3	1.8502
e79049b4-162c-40c3-b550-d4961c03fa52	19	2559102	7573760	1983	0.4738
e79049b4-162c-40c3-b550-d4961c03fa52	19	7573889	7575731	3	2.0613
e79049b4-162c-40c3-b550-d4961c03fa52	19	7588332	8991804	704	0.4928
e79049b4-162c-40c3-b550-d4961c03fa52	19	8994223	8995943	5	1.4886
e79049b4-162c-40c3-b550-d4961c03fa52	19	8995948	15673342	3285	0.4747
e79049b4-162c-40c3-b550-d4961c03fa52	19	15679275	15680807	2	2.7473
e79049b4-162c-40c3-b550-d4961c03fa52	19	15680854	16042006	272	0.5676
e79049b4-162c-40c3-b550-d4961c03fa52	19	16044206	19859304	1712	0.4553
e79049b4-162c-40c3-b550-d4961c03fa52	19	19862692	20411869	342	0.6075
e79049b4-162c-40c3-b550-d4961c03fa52	19	20413400	20533583	68	0.0698
e79049b4-162c-40c3-b550-d4961c03fa52	19	20538075	20553547	10	0.5067
e79049b4-162c-40c3-b550-d4961c03fa52	19	20555515	22154817	913	0.5535
e79049b4-162c-40c3-b550-d4961c03fa52	19	22155950	22155963	3	-0.8642
e79049b4-162c-40c3-b550-d4961c03fa52	19	22159103	32507901	4925	0.5535
e79049b4-162c-40c3-b550-d4961c03fa52	19	32509870	35358420	1854	0.5035
e79049b4-162c-40c3-b550-d4961c03fa52	19	35364451	35370268	17	-0.4518
e79049b4-162c-40c3-b550-d4961c03fa52	19	35370747	42850300	3714	0.4834
e79049b4-162c-40c3-b550-d4961c03fa52	19	42858500	43138400	128	0.7294
e79049b4-162c-40c3-b550-d4961c03fa52	19	43139226	43236813	45	0.0546
e79049b4-162c-40c3-b550-d4961c03fa52	19	43249149	45680448	1335	0.5019
e79049b4-162c-40c3-b550-d4961c03fa52	19	45683614	45915628	78	0.9268
e79049b4-162c-40c3-b550-d4961c03fa52	19	45916046	56845026	6006	0.5086
e79049b4-162c-40c3-b550-d4961c03fa52	19	56845606	57117284	216	0.8962
e79049b4-162c-40c3-b550-d4961c03fa52	19	57117759	58586487	860	0.5074
e79049b4-162c-40c3-b550-d4961c03fa52	20	80664	1571528	1179	0.047
e79049b4-162c-40c3-b550-d4961c03fa52	20	1571784	1580141	19	-0.917
e79049b4-162c-40c3-b550-d4961c03fa52	20	1580156	2388855	736	0.0225
e79049b4-162c-40c3-b550-d4961c03fa52	20	2389815	2392527	2	-1.9568
e79049b4-162c-40c3-b550-d4961c03fa52	20	2392644	5224728	1938	0.0048
e79049b4-162c-40c3-b550-d4961c03fa52	20	5227905	24080550	14816	0.0427
e79049b4-162c-40c3-b550-d4961c03fa52	20	24080709	64324800	23591	0.0058
e79049b4-162c-40c3-b550-d4961c03fa52	21	10354168	10558276	51	-0.3033
e79049b4-162c-40c3-b550-d4961c03fa52	21	10558331	13975300	272	0.0436
e79049b4-162c-40c3-b550-d4961c03fa52	21	14000188	17058241	2103	-0.1527
e79049b4-162c-40c3-b550-d4961c03fa52	21	17058852	22980936	4350	-0.374
e79049b4-162c-40c3-b550-d4961c03fa52	21	22980993	22993236	3	1.3535
e79049b4-162c-40c3-b550-d4961c03fa52	21	22993260	28800079	4500	-0.3752
e79049b4-162c-40c3-b550-d4961c03fa52	21	28800978	28805561	5	-2.128
e79049b4-162c-40c3-b550-d4961c03fa52	21	28805954	33271196	3071	-0.4162
e79049b4-162c-40c3-b550-d4961c03fa52	21	33271869	46677045	9413	0.0254
e79049b4-162c-40c3-b550-d4961c03fa52	22	15294547	17047704	318	-0.2487
e79049b4-162c-40c3-b550-d4961c03fa52	22	17048376	19748480	1298	-0.4962
e79049b4-162c-40c3-b550-d4961c03fa52	22	19751867	19753039	2	-3.2118
e79049b4-162c-40c3-b550-d4961c03fa52	22	19757905	20797960	769	-0.5171
e79049b4-162c-40c3-b550-d4961c03fa52	22	20798160	23014863	1383	-0.3719
e79049b4-162c-40c3-b550-d4961c03fa52	22	23021261	23022419	5	-2.7115
e79049b4-162c-40c3-b550-d4961c03fa52	22	23024984	24703225	969	-0.4632
e79049b4-162c-40c3-b550-d4961c03fa52	22	24706748	24710444	3	-2.9401
e79049b4-162c-40c3-b550-d4961c03fa52	22	24714909	35642653	8454	-0.4501
e79049b4-162c-40c3-b550-d4961c03fa52	22	35644067	35644117	2	-3.1511
e79049b4-162c-40c3-b550-d4961c03fa52	22	35644407	35766523	65	-0.6084
e79049b4-162c-40c3-b550-d4961c03fa52	22	35768392	37281363	1016	-0.2489
e79049b4-162c-40c3-b550-d4961c03fa52	22	37281678	50796027	8781	-0.4764
e79049b4-162c-40c3-b550-d4961c03fa52	X	251810	10201648	5700	-0.0271
e79049b4-162c-40c3-b550-d4961c03fa52	X	10201664	10202922	3	-5.5414
e79049b4-162c-40c3-b550-d4961c03fa52	X	10203025	12916175	1974	-0.0238
e79049b4-162c-40c3-b550-d4961c03fa52	X	12916204	12931549	15	-1.7674
e79049b4-162c-40c3-b550-d4961c03fa52	X	12931785	30958046	11092	0.0403
e79049b4-162c-40c3-b550-d4961c03fa52	X	30958830	30961491	5	-3.7008
e79049b4-162c-40c3-b550-d4961c03fa52	X	30962402	54997395	12723	0.0426
e79049b4-162c-40c3-b550-d4961c03fa52	X	54998126	55000139	3	-5.1589
e79049b4-162c-40c3-b550-d4961c03fa52	X	55002797	153229130	50441	0.0464
e79049b4-162c-40c3-b550-d4961c03fa52	X	153229907	153311418	21	1.2896
e79049b4-162c-40c3-b550-d4961c03fa52	X	153312123	153318491	5	0.438
e79049b4-162c-40c3-b550-d4961c03fa52	X	153321965	153442410	66	1.4321
e79049b4-162c-40c3-b550-d4961c03fa52	X	153447695	154774235	506	-0.0536
e79049b4-162c-40c3-b550-d4961c03fa52	X	154776279	154796890	17	-2.0516
e79049b4-162c-40c3-b550-d4961c03fa52	X	154797310	155299047	220	0.1962
e79049b4-162c-40c3-b550-d4961c03fa52	X	155299238	155312291	2	-5.4869
e79049b4-162c-40c3-b550-d4961c03fa52	X	155313162	155952689	162	0.2128
e79049b4-162c-40c3-b550-d4961c03fa52	Y	2782397	56872112	6633	-1.2453
