GDC_Aliquot	Chromosome	Start	End	Num_Probes	Segment_Mean
864512c9-938e-42ad-aad5-fbddb2bfae1a	1	62920	864351	48	0.0019
864512c9-938e-42ad-aad5-fbddb2bfae1a	1	869076	3301765	688	-0.1682
864512c9-938e-42ad-aad5-fbddb2bfae1a	1	3302046	16863509	7930	0.0071
864512c9-938e-42ad-aad5-fbddb2bfae1a	1	16864367	16935737	53	0.4928
864512c9-938e-42ad-aad5-fbddb2bfae1a	1	16935752	72302735	33751	0.0108
864512c9-938e-42ad-aad5-fbddb2bfae1a	1	72302815	72345450	46	-1.567
864512c9-938e-42ad-aad5-fbddb2bfae1a	1	72345465	74955556	1563	0.0065
864512c9-938e-42ad-aad5-fbddb2bfae1a	1	74958635	75010580	21	0.5418
864512c9-938e-42ad-aad5-fbddb2bfae1a	1	75011423	89144543	9339	0.0045
864512c9-938e-42ad-aad5-fbddb2bfae1a	1	89149747	89264291	57	-0.7971
864512c9-938e-42ad-aad5-fbddb2bfae1a	1	89267976	97373331	5069	0.0063
864512c9-938e-42ad-aad5-fbddb2bfae1a	1	97375737	97376323	2	-2.0351
864512c9-938e-42ad-aad5-fbddb2bfae1a	1	97376507	103616762	3802	0.0009
864512c9-938e-42ad-aad5-fbddb2bfae1a	1	103620877	103717410	5	1.8038
864512c9-938e-42ad-aad5-fbddb2bfae1a	1	103717617	109684893	3541	0.0088
864512c9-938e-42ad-aad5-fbddb2bfae1a	1	109690352	109702376	13	0.8646
864512c9-938e-42ad-aad5-fbddb2bfae1a	1	109703504	112147704	1929	0.0203
864512c9-938e-42ad-aad5-fbddb2bfae1a	1	112153343	112154619	23	-1.9952
864512c9-938e-42ad-aad5-fbddb2bfae1a	1	112154754	143748421	5221	0.0111
864512c9-938e-42ad-aad5-fbddb2bfae1a	1	143748590	143751380	6	1.5486
864512c9-938e-42ad-aad5-fbddb2bfae1a	1	143751625	152583408	2312	0.0007
864512c9-938e-42ad-aad5-fbddb2bfae1a	1	152583587	152602985	20	0.5871
864512c9-938e-42ad-aad5-fbddb2bfae1a	1	152606973	152789532	179	0.0509
864512c9-938e-42ad-aad5-fbddb2bfae1a	1	152789570	152796224	33	0.581
864512c9-938e-42ad-aad5-fbddb2bfae1a	1	152801429	161647641	5210	0.0151
864512c9-938e-42ad-aad5-fbddb2bfae1a	1	161647657	161678447	9	0.9592
864512c9-938e-42ad-aad5-fbddb2bfae1a	1	161678831	174834534	9466	0.0134
864512c9-938e-42ad-aad5-fbddb2bfae1a	1	174834556	174834635	3	1.428
864512c9-938e-42ad-aad5-fbddb2bfae1a	1	174835841	177393812	1667	-0.0086
864512c9-938e-42ad-aad5-fbddb2bfae1a	1	177393877	177395369	2	-1.663
864512c9-938e-42ad-aad5-fbddb2bfae1a	1	177398026	187746063	6920	0.008
864512c9-938e-42ad-aad5-fbddb2bfae1a	1	187746723	187752238	3	1.3483
864512c9-938e-42ad-aad5-fbddb2bfae1a	1	187755479	194479104	4470	0.0022
864512c9-938e-42ad-aad5-fbddb2bfae1a	1	194482281	194485888	2	2.2504
864512c9-938e-42ad-aad5-fbddb2bfae1a	1	194487886	196762956	1439	0.0281
864512c9-938e-42ad-aad5-fbddb2bfae1a	1	196769493	196847600	58	0.4337
864512c9-938e-42ad-aad5-fbddb2bfae1a	1	196854187	209897717	8697	0.0072
864512c9-938e-42ad-aad5-fbddb2bfae1a	1	209908268	209910639	3	-2.1227
864512c9-938e-42ad-aad5-fbddb2bfae1a	1	209913207	240228440	20955	0.0037
864512c9-938e-42ad-aad5-fbddb2bfae1a	1	240230715	240230824	5	-2.0494
864512c9-938e-42ad-aad5-fbddb2bfae1a	1	240230839	248930189	5803	0.0112
864512c9-938e-42ad-aad5-fbddb2bfae1a	2	12784	31020785	21668	0.0051
864512c9-938e-42ad-aad5-fbddb2bfae1a	2	31021098	31022647	3	-1.7038
864512c9-938e-42ad-aad5-fbddb2bfae1a	2	31022784	33187980	1220	0.0134
864512c9-938e-42ad-aad5-fbddb2bfae1a	2	33188126	33193515	2	-2.2833
864512c9-938e-42ad-aad5-fbddb2bfae1a	2	33194902	34295406	886	-0.0033
864512c9-938e-42ad-aad5-fbddb2bfae1a	2	34298911	34300513	2	-2.7037
864512c9-938e-42ad-aad5-fbddb2bfae1a	2	34300900	34476558	97	0.0149
864512c9-938e-42ad-aad5-fbddb2bfae1a	2	34476604	34511990	42	0.5095
864512c9-938e-42ad-aad5-fbddb2bfae1a	2	34512096	35750907	862	0.0526
864512c9-938e-42ad-aad5-fbddb2bfae1a	2	35752724	35762850	6	-1.7799
864512c9-938e-42ad-aad5-fbddb2bfae1a	2	35762881	52527330	12004	0.008
864512c9-938e-42ad-aad5-fbddb2bfae1a	2	52527342	52554384	38	0.4559
864512c9-938e-42ad-aad5-fbddb2bfae1a	2	52554404	65491040	8176	0.012
864512c9-938e-42ad-aad5-fbddb2bfae1a	2	65492705	65492807	2	-2.1839
864512c9-938e-42ad-aad5-fbddb2bfae1a	2	65496822	86945604	13621	0.0108
864512c9-938e-42ad-aad5-fbddb2bfae1a	2	87023373	87948339	144	-0.2403
864512c9-938e-42ad-aad5-fbddb2bfae1a	2	87968707	97359885	1709	-0.0041
864512c9-938e-42ad-aad5-fbddb2bfae1a	2	97524284	97560849	15	-0.7411
864512c9-938e-42ad-aad5-fbddb2bfae1a	2	97562741	146104517	29147	0.0074
864512c9-938e-42ad-aad5-fbddb2bfae1a	2	146106836	146109366	24	-1.8431
864512c9-938e-42ad-aad5-fbddb2bfae1a	2	146120238	242147305	58531	0.0071
864512c9-938e-42ad-aad5-fbddb2bfae1a	3	20930	36242239	26231	0.0081
864512c9-938e-42ad-aad5-fbddb2bfae1a	3	36242465	36243538	3	-2.4516
864512c9-938e-42ad-aad5-fbddb2bfae1a	3	36243787	58721446	13005	0.0109
864512c9-938e-42ad-aad5-fbddb2bfae1a	3	58722654	58723678	2	-2.7509
864512c9-938e-42ad-aad5-fbddb2bfae1a	3	58725966	62961690	3746	0.0232
864512c9-938e-42ad-aad5-fbddb2bfae1a	3	62962491	62962870	3	-2.5379
864512c9-938e-42ad-aad5-fbddb2bfae1a	3	62962990	68697013	4338	0.0094
864512c9-938e-42ad-aad5-fbddb2bfae1a	3	68697108	68698262	14	-1.5037
864512c9-938e-42ad-aad5-fbddb2bfae1a	3	68699607	75519398	4894	0.0115
864512c9-938e-42ad-aad5-fbddb2bfae1a	3	75523398	75537654	6	-2.0104
864512c9-938e-42ad-aad5-fbddb2bfae1a	3	75546030	81075396	3074	-0.0053
864512c9-938e-42ad-aad5-fbddb2bfae1a	3	81080126	81080529	2	-1.4847
864512c9-938e-42ad-aad5-fbddb2bfae1a	3	81080793	84649839	1860	0.011
864512c9-938e-42ad-aad5-fbddb2bfae1a	3	84650033	84653449	20	-0.5128
864512c9-938e-42ad-aad5-fbddb2bfae1a	3	84657133	89211124	2507	0.0101
864512c9-938e-42ad-aad5-fbddb2bfae1a	3	89211176	89211511	3	-1.2411
864512c9-938e-42ad-aad5-fbddb2bfae1a	3	89211843	95737262	1578	0.0083
864512c9-938e-42ad-aad5-fbddb2bfae1a	3	95748036	95749266	2	-2.9688
864512c9-938e-42ad-aad5-fbddb2bfae1a	3	95749836	98180575	1249	-0.0104
864512c9-938e-42ad-aad5-fbddb2bfae1a	3	98189826	98195973	4	-1.6289
864512c9-938e-42ad-aad5-fbddb2bfae1a	3	98197104	104922358	3965	0.0013
864512c9-938e-42ad-aad5-fbddb2bfae1a	3	104925617	104925720	2	-3.4479
864512c9-938e-42ad-aad5-fbddb2bfae1a	3	104926547	130067097	15201	0.0078
864512c9-938e-42ad-aad5-fbddb2bfae1a	3	130067366	130087393	32	-0.5409
864512c9-938e-42ad-aad5-fbddb2bfae1a	3	130088081	132270503	1418	0.0009
864512c9-938e-42ad-aad5-fbddb2bfae1a	3	132273893	132276840	4	-2.3196
864512c9-938e-42ad-aad5-fbddb2bfae1a	3	132281633	136300257	2559	-0.0056
864512c9-938e-42ad-aad5-fbddb2bfae1a	3	136304109	136306584	2	-1.8226
864512c9-938e-42ad-aad5-fbddb2bfae1a	3	136319699	138578126	1138	-0.006
864512c9-938e-42ad-aad5-fbddb2bfae1a	3	138579140	138579232	2	-1.655
864512c9-938e-42ad-aad5-fbddb2bfae1a	3	138582035	140823697	1538	0.0034
864512c9-938e-42ad-aad5-fbddb2bfae1a	3	140826859	140828142	2	-2.9354
864512c9-938e-42ad-aad5-fbddb2bfae1a	3	140841776	162795304	13429	0.0044
864512c9-938e-42ad-aad5-fbddb2bfae1a	3	162795361	162898127	61	-1.8349
864512c9-938e-42ad-aad5-fbddb2bfae1a	3	162906054	189642965	16525	0.0075
864512c9-938e-42ad-aad5-fbddb2bfae1a	3	189645889	189646849	11	-3.0115
864512c9-938e-42ad-aad5-fbddb2bfae1a	3	189653199	193155915	2464	0.0118
864512c9-938e-42ad-aad5-fbddb2bfae1a	3	193156958	193165114	21	-1.2875
864512c9-938e-42ad-aad5-fbddb2bfae1a	3	193168646	198169247	2676	0.0088
864512c9-938e-42ad-aad5-fbddb2bfae1a	4	68929	819605	275	-0.0128
864512c9-938e-42ad-aad5-fbddb2bfae1a	4	827702	827788	2	-1.4555
864512c9-938e-42ad-aad5-fbddb2bfae1a	4	828000	4093936	1334	-0.009
864512c9-938e-42ad-aad5-fbddb2bfae1a	4	4097949	4117959	6	-0.8964
864512c9-938e-42ad-aad5-fbddb2bfae1a	4	4121101	10208766	4039	0.0025
864512c9-938e-42ad-aad5-fbddb2bfae1a	4	10221792	10227493	9	-1.3595
864512c9-938e-42ad-aad5-fbddb2bfae1a	4	10227562	10229173	13	-2.9735
864512c9-938e-42ad-aad5-fbddb2bfae1a	4	10229188	10233644	13	-1.607
864512c9-938e-42ad-aad5-fbddb2bfae1a	4	10234518	34777432	16825	0.0068
864512c9-938e-42ad-aad5-fbddb2bfae1a	4	34784878	34828250	39	1.0305
864512c9-938e-42ad-aad5-fbddb2bfae1a	4	34828291	48334354	8574	0.0102
864512c9-938e-42ad-aad5-fbddb2bfae1a	4	48334676	48334905	3	-1.7311
864512c9-938e-42ad-aad5-fbddb2bfae1a	4	48336327	49214614	318	0.025
864512c9-938e-42ad-aad5-fbddb2bfae1a	4	49289175	49289338	2	-1.9965
864512c9-938e-42ad-aad5-fbddb2bfae1a	4	49295203	62802116	6962	0.0042
864512c9-938e-42ad-aad5-fbddb2bfae1a	4	62804218	62805944	8	-2.3977
864512c9-938e-42ad-aad5-fbddb2bfae1a	4	62813912	68478894	3413	0.0022
864512c9-938e-42ad-aad5-fbddb2bfae1a	4	68494770	68623617	68	-1.653
864512c9-938e-42ad-aad5-fbddb2bfae1a	4	68639397	69257792	313	0.0273
864512c9-938e-42ad-aad5-fbddb2bfae1a	4	69261926	69278088	14	-1.8698
864512c9-938e-42ad-aad5-fbddb2bfae1a	4	69283159	69288789	6	-3.9985
864512c9-938e-42ad-aad5-fbddb2bfae1a	4	69288827	69366081	34	-2.1591
864512c9-938e-42ad-aad5-fbddb2bfae1a	4	69366304	76856337	4549	-0.0015
864512c9-938e-42ad-aad5-fbddb2bfae1a	4	76861207	76872625	39	-0.3598
864512c9-938e-42ad-aad5-fbddb2bfae1a	4	76872676	92322379	9485	0.0071
864512c9-938e-42ad-aad5-fbddb2bfae1a	4	92324918	92436023	56	0.6113
864512c9-938e-42ad-aad5-fbddb2bfae1a	4	92437812	108464432	9386	0.0047
864512c9-938e-42ad-aad5-fbddb2bfae1a	4	108466650	108467479	2	-2.1194
864512c9-938e-42ad-aad5-fbddb2bfae1a	4	108482941	114252544	3561	0.0004
864512c9-938e-42ad-aad5-fbddb2bfae1a	4	114254167	114261019	23	0.9435
864512c9-938e-42ad-aad5-fbddb2bfae1a	4	114263073	160939779	27658	0.0013
864512c9-938e-42ad-aad5-fbddb2bfae1a	4	160942741	160958972	26	0.6582
864512c9-938e-42ad-aad5-fbddb2bfae1a	4	160958989	160963971	26	0.1739
864512c9-938e-42ad-aad5-fbddb2bfae1a	4	160964013	161006839	32	0.7957
864512c9-938e-42ad-aad5-fbddb2bfae1a	4	161007444	190106768	18930	0.0048
864512c9-938e-42ad-aad5-fbddb2bfae1a	5	15532	779766	332	-0.0652
864512c9-938e-42ad-aad5-fbddb2bfae1a	5	800724	825538	18	0.6829
864512c9-938e-42ad-aad5-fbddb2bfae1a	5	833513	12791608	9739	-0.0134
864512c9-938e-42ad-aad5-fbddb2bfae1a	5	12800777	12819964	10	1.0703
864512c9-938e-42ad-aad5-fbddb2bfae1a	5	12824299	46251204	20297	0.0101
864512c9-938e-42ad-aad5-fbddb2bfae1a	5	46270906	46273400	8	1.7442
864512c9-938e-42ad-aad5-fbddb2bfae1a	5	46278110	58033802	5038	0.0045
864512c9-938e-42ad-aad5-fbddb2bfae1a	5	58033929	58042530	26	-0.6509
864512c9-938e-42ad-aad5-fbddb2bfae1a	5	58044246	150797535	56050	0.008
864512c9-938e-42ad-aad5-fbddb2bfae1a	5	150798146	150822643	10	-0.5036
864512c9-938e-42ad-aad5-fbddb2bfae1a	5	150825938	150839042	8	-2.6516
864512c9-938e-42ad-aad5-fbddb2bfae1a	5	150843825	177771448	18284	0.0014
864512c9-938e-42ad-aad5-fbddb2bfae1a	5	177800550	177805604	3	2.3069
864512c9-938e-42ad-aad5-fbddb2bfae1a	5	177827964	181363319	1973	-0.0174
864512c9-938e-42ad-aad5-fbddb2bfae1a	6	149661	257353	102	-0.0957
864512c9-938e-42ad-aad5-fbddb2bfae1a	6	258265	294837	22	-0.8592
864512c9-938e-42ad-aad5-fbddb2bfae1a	6	302306	16087003	12331	0.0036
864512c9-938e-42ad-aad5-fbddb2bfae1a	6	16087418	16088037	2	-2.6114
864512c9-938e-42ad-aad5-fbddb2bfae1a	6	16088162	26743855	7603	0.0047
864512c9-938e-42ad-aad5-fbddb2bfae1a	6	26747492	26759781	5	-1.2521
864512c9-938e-42ad-aad5-fbddb2bfae1a	6	26831719	31370073	2099	-0.0001
864512c9-938e-42ad-aad5-fbddb2bfae1a	6	31370095	31372656	6	-1.2825
864512c9-938e-42ad-aad5-fbddb2bfae1a	6	31373030	32641650	520	-0.0763
864512c9-938e-42ad-aad5-fbddb2bfae1a	6	32656527	32658841	6	-1.6618
864512c9-938e-42ad-aad5-fbddb2bfae1a	6	32682835	32718419	36	0.0214
864512c9-938e-42ad-aad5-fbddb2bfae1a	6	32720838	32723053	11	0.6143
864512c9-938e-42ad-aad5-fbddb2bfae1a	6	32732907	33006566	178	0.0182
864512c9-938e-42ad-aad5-fbddb2bfae1a	6	33007237	33007480	2	-2.4448
864512c9-938e-42ad-aad5-fbddb2bfae1a	6	33008795	54066286	13359	0.0074
864512c9-938e-42ad-aad5-fbddb2bfae1a	6	54066353	54067057	7	-1.3825
864512c9-938e-42ad-aad5-fbddb2bfae1a	6	54070550	56892061	1747	0.0075
864512c9-938e-42ad-aad5-fbddb2bfae1a	6	56893458	56897687	2	-1.4603
864512c9-938e-42ad-aad5-fbddb2bfae1a	6	56899015	57795716	235	-0.0031
864512c9-938e-42ad-aad5-fbddb2bfae1a	6	57825869	58432750	219	0.6398
864512c9-938e-42ad-aad5-fbddb2bfae1a	6	60351931	65689644	2684	0.001
864512c9-938e-42ad-aad5-fbddb2bfae1a	6	65689652	65697234	22	-0.834
864512c9-938e-42ad-aad5-fbddb2bfae1a	6	65697317	73882142	5386	0.0076
864512c9-938e-42ad-aad5-fbddb2bfae1a	6	73882509	73887573	8	1.1148
864512c9-938e-42ad-aad5-fbddb2bfae1a	6	73887625	76305231	1465	0.0026
864512c9-938e-42ad-aad5-fbddb2bfae1a	6	76307183	76307360	8	-0.8247
864512c9-938e-42ad-aad5-fbddb2bfae1a	6	76312261	76314756	11	-1.5016
864512c9-938e-42ad-aad5-fbddb2bfae1a	6	76314767	76323472	17	-0.8497
864512c9-938e-42ad-aad5-fbddb2bfae1a	6	76323492	76726815	260	0.0377
864512c9-938e-42ad-aad5-fbddb2bfae1a	6	76730151	76743040	21	0.85
864512c9-938e-42ad-aad5-fbddb2bfae1a	6	76751356	78240104	954	0.0009
864512c9-938e-42ad-aad5-fbddb2bfae1a	6	78240510	78325468	125	0.4524
864512c9-938e-42ad-aad5-fbddb2bfae1a	6	78329517	103286954	15337	0.0088
864512c9-938e-42ad-aad5-fbddb2bfae1a	6	103290101	103314186	46	0.6471
864512c9-938e-42ad-aad5-fbddb2bfae1a	6	103317795	110068723	4187	0.0032
864512c9-938e-42ad-aad5-fbddb2bfae1a	6	110073310	110073324	2	-2.5824
864512c9-938e-42ad-aad5-fbddb2bfae1a	6	110073703	113900791	2413	0.0047
864512c9-938e-42ad-aad5-fbddb2bfae1a	6	113903677	113903852	2	-3.1978
864512c9-938e-42ad-aad5-fbddb2bfae1a	6	113904647	167946043	35295	0.0063
864512c9-938e-42ad-aad5-fbddb2bfae1a	6	167952337	168247166	205	-0.1639
864512c9-938e-42ad-aad5-fbddb2bfae1a	6	168251327	170741917	1632	-0.014
864512c9-938e-42ad-aad5-fbddb2bfae1a	7	43355	148300	90	-0.0709
864512c9-938e-42ad-aad5-fbddb2bfae1a	7	155066	158626	10	-0.9746
864512c9-938e-42ad-aad5-fbddb2bfae1a	7	161442	5831395	2904	-0.0114
864512c9-938e-42ad-aad5-fbddb2bfae1a	7	5831785	5999094	47	-0.4285
864512c9-938e-42ad-aad5-fbddb2bfae1a	7	5999270	38271122	24094	0.0084
864512c9-938e-42ad-aad5-fbddb2bfae1a	7	38271497	38356875	115	0.2579
864512c9-938e-42ad-aad5-fbddb2bfae1a	7	38361356	54305455	10896	0.0035
864512c9-938e-42ad-aad5-fbddb2bfae1a	7	54318812	54318824	6	1.3019
864512c9-938e-42ad-aad5-fbddb2bfae1a	7	54325795	54861282	399	0.0011
864512c9-938e-42ad-aad5-fbddb2bfae1a	7	54864113	54864564	3	-1.1923
864512c9-938e-42ad-aad5-fbddb2bfae1a	7	54865301	57324444	1340	-0.0063
864512c9-938e-42ad-aad5-fbddb2bfae1a	7	57327118	57333439	4	-1.5015
864512c9-938e-42ad-aad5-fbddb2bfae1a	7	57333692	63211270	549	-0.0635
864512c9-938e-42ad-aad5-fbddb2bfae1a	7	63211802	63622962	39	-0.587
864512c9-938e-42ad-aad5-fbddb2bfae1a	7	63624175	105946407	23387	0.0039
864512c9-938e-42ad-aad5-fbddb2bfae1a	7	105946471	105946995	5	-1.5741
864512c9-938e-42ad-aad5-fbddb2bfae1a	7	105947907	126404869	12454	0.0027
864512c9-938e-42ad-aad5-fbddb2bfae1a	7	126404920	126406561	13	-0.962
864512c9-938e-42ad-aad5-fbddb2bfae1a	7	126406822	141300564	9359	0.0022
864512c9-938e-42ad-aad5-fbddb2bfae1a	7	141302752	141304226	3	-2.0076
864512c9-938e-42ad-aad5-fbddb2bfae1a	7	141304666	142063324	481	0.0113
864512c9-938e-42ad-aad5-fbddb2bfae1a	7	142069843	142092307	34	-0.7406
864512c9-938e-42ad-aad5-fbddb2bfae1a	7	142099190	151003934	5303	0.0063
864512c9-938e-42ad-aad5-fbddb2bfae1a	7	151005503	151005693	2	-2.7227
864512c9-938e-42ad-aad5-fbddb2bfae1a	7	151011001	154598185	2259	0.0024
864512c9-938e-42ad-aad5-fbddb2bfae1a	7	154601461	154607903	4	-1.6025
864512c9-938e-42ad-aad5-fbddb2bfae1a	7	154609120	158324903	2583	-0.0043
864512c9-938e-42ad-aad5-fbddb2bfae1a	7	158335896	158339473	2	1.991
864512c9-938e-42ad-aad5-fbddb2bfae1a	7	158344294	159334314	632	-0.0255
864512c9-938e-42ad-aad5-fbddb2bfae1a	8	81254	5736745	5933	-0.0095
864512c9-938e-42ad-aad5-fbddb2bfae1a	8	5741204	5746973	27	-0.8499
864512c9-938e-42ad-aad5-fbddb2bfae1a	8	5749566	6968014	1570	0.0015
864512c9-938e-42ad-aad5-fbddb2bfae1a	8	6968154	6969677	15	-0.7948
864512c9-938e-42ad-aad5-fbddb2bfae1a	8	6975846	7131404	79	-0.0284
864512c9-938e-42ad-aad5-fbddb2bfae1a	8	7137595	8214781	84	-0.423
864512c9-938e-42ad-aad5-fbddb2bfae1a	8	8234503	25117007	13542	0.007
864512c9-938e-42ad-aad5-fbddb2bfae1a	8	25117062	25126818	24	0.5822
864512c9-938e-42ad-aad5-fbddb2bfae1a	8	25133589	39373140	8934	0.0037
864512c9-938e-42ad-aad5-fbddb2bfae1a	8	39378084	39529446	59	1.1599
864512c9-938e-42ad-aad5-fbddb2bfae1a	8	39530780	105673065	38297	0.0032
864512c9-938e-42ad-aad5-fbddb2bfae1a	8	105673293	105673377	2	-1.8324
864512c9-938e-42ad-aad5-fbddb2bfae1a	8	105677738	111282065	3343	0.0031
864512c9-938e-42ad-aad5-fbddb2bfae1a	8	111282237	111283031	8	2.444
864512c9-938e-42ad-aad5-fbddb2bfae1a	8	111288052	141323524	21149	0.0044
864512c9-938e-42ad-aad5-fbddb2bfae1a	8	141323933	141679215	214	-0.2363
864512c9-938e-42ad-aad5-fbddb2bfae1a	8	141679704	144231868	1029	-0.0268
864512c9-938e-42ad-aad5-fbddb2bfae1a	8	144232274	144583655	95	-0.3026
864512c9-938e-42ad-aad5-fbddb2bfae1a	8	144584805	145072769	226	-0.0114
864512c9-938e-42ad-aad5-fbddb2bfae1a	9	46587	7582673	7263	0.0114
864512c9-938e-42ad-aad5-fbddb2bfae1a	9	7586590	7623316	33	-1.0472
864512c9-938e-42ad-aad5-fbddb2bfae1a	9	7632353	42046831	23655	0.009
864512c9-938e-42ad-aad5-fbddb2bfae1a	9	42073850	61633080	118	0.2659
864512c9-938e-42ad-aad5-fbddb2bfae1a	9	61647899	61992642	17	-0.2383
864512c9-938e-42ad-aad5-fbddb2bfae1a	9	62527527	63580418	22	0.1219
864512c9-938e-42ad-aad5-fbddb2bfae1a	9	63590317	63592813	7	1.3754
864512c9-938e-42ad-aad5-fbddb2bfae1a	9	63614182	112454055	31371	0.0045
864512c9-938e-42ad-aad5-fbddb2bfae1a	9	112456108	112462119	11	-0.7714
864512c9-938e-42ad-aad5-fbddb2bfae1a	9	112462542	137257288	15809	0.0041
864512c9-938e-42ad-aad5-fbddb2bfae1a	9	137269910	137388889	34	-0.3658
864512c9-938e-42ad-aad5-fbddb2bfae1a	9	137396337	138200944	401	-0.0284
864512c9-938e-42ad-aad5-fbddb2bfae1a	10	45792	6168349	5134	0.0009
864512c9-938e-42ad-aad5-fbddb2bfae1a	10	6169638	6184926	24	0.5881
864512c9-938e-42ad-aad5-fbddb2bfae1a	10	6186450	24086334	13836	0.0009
864512c9-938e-42ad-aad5-fbddb2bfae1a	10	24088745	24088992	10	1.2289
864512c9-938e-42ad-aad5-fbddb2bfae1a	10	24089125	87286741	39335	0.0098
864512c9-938e-42ad-aad5-fbddb2bfae1a	10	87310039	87352872	11	-0.7745
864512c9-938e-42ad-aad5-fbddb2bfae1a	10	87353136	119132174	20825	0.0023
864512c9-938e-42ad-aad5-fbddb2bfae1a	10	119133095	119133610	3	-1.4734
864512c9-938e-42ad-aad5-fbddb2bfae1a	10	119133907	124525177	4145	-0.0053
864512c9-938e-42ad-aad5-fbddb2bfae1a	10	124531125	124532078	3	-1.9179
864512c9-938e-42ad-aad5-fbddb2bfae1a	10	124532265	133654968	6493	-0.0085
864512c9-938e-42ad-aad5-fbddb2bfae1a	11	198510	4217824	1717	-0.0165
864512c9-938e-42ad-aad5-fbddb2bfae1a	11	4228783	4325579	27	-1.501
864512c9-938e-42ad-aad5-fbddb2bfae1a	11	4331751	4906295	590	0.0155
864512c9-938e-42ad-aad5-fbddb2bfae1a	11	4907355	4909853	3	1.0822
864512c9-938e-42ad-aad5-fbddb2bfae1a	11	4912427	4949013	59	-0.0206
864512c9-938e-42ad-aad5-fbddb2bfae1a	11	4949047	4952799	23	0.6426
864512c9-938e-42ad-aad5-fbddb2bfae1a	11	4953934	5762693	774	0.016
864512c9-938e-42ad-aad5-fbddb2bfae1a	11	5766175	5787146	31	0.4302
864512c9-938e-42ad-aad5-fbddb2bfae1a	11	5787818	7788131	1481	0.026
864512c9-938e-42ad-aad5-fbddb2bfae1a	11	7791493	7820036	10	-1.4184
864512c9-938e-42ad-aad5-fbddb2bfae1a	11	7820250	50384671	28988	0.0084
864512c9-938e-42ad-aad5-fbddb2bfae1a	11	50384854	50439043	19	0.732
864512c9-938e-42ad-aad5-fbddb2bfae1a	11	50439736	55595864	427	0.0173
864512c9-938e-42ad-aad5-fbddb2bfae1a	11	55606556	55686100	60	-0.4325
864512c9-938e-42ad-aad5-fbddb2bfae1a	11	55693207	59050683	2060	0.022
864512c9-938e-42ad-aad5-fbddb2bfae1a	11	59050978	59079904	14	0.7606
864512c9-938e-42ad-aad5-fbddb2bfae1a	11	59082384	64858519	3015	0.0131
864512c9-938e-42ad-aad5-fbddb2bfae1a	11	64866165	65699325	299	-0.1778
864512c9-938e-42ad-aad5-fbddb2bfae1a	11	65704170	101723653	22920	0.0066
864512c9-938e-42ad-aad5-fbddb2bfae1a	11	101727129	101727233	4	1.5006
864512c9-938e-42ad-aad5-fbddb2bfae1a	11	101727481	135074876	23496	0.0027
864512c9-938e-42ad-aad5-fbddb2bfae1a	12	51460	140964	42	0.0359
864512c9-938e-42ad-aad5-fbddb2bfae1a	12	141073	229307	61	-0.328
864512c9-938e-42ad-aad5-fbddb2bfae1a	12	231990	9481274	6023	-0.0005
864512c9-938e-42ad-aad5-fbddb2bfae1a	12	9485313	9562969	22	-1.7357
864512c9-938e-42ad-aad5-fbddb2bfae1a	12	9575696	9602543	25	0.1066
864512c9-938e-42ad-aad5-fbddb2bfae1a	12	9603822	9611980	6	-1.5878
864512c9-938e-42ad-aad5-fbddb2bfae1a	12	9615907	27941830	12596	0.0025
864512c9-938e-42ad-aad5-fbddb2bfae1a	12	27941988	27944711	12	-1.0601
864512c9-938e-42ad-aad5-fbddb2bfae1a	12	27950527	30082648	1527	0.0049
864512c9-938e-42ad-aad5-fbddb2bfae1a	12	30086334	30090732	23	-0.8122
864512c9-938e-42ad-aad5-fbddb2bfae1a	12	30090756	118836617	54230	0.0029
864512c9-938e-42ad-aad5-fbddb2bfae1a	12	118837595	118837693	2	-3.6291
864512c9-938e-42ad-aad5-fbddb2bfae1a	12	118837902	133201603	9506	-0.0047
864512c9-938e-42ad-aad5-fbddb2bfae1a	13	18452809	31957984	9469	0.0071
864512c9-938e-42ad-aad5-fbddb2bfae1a	13	31958485	31964286	18	-0.9986
864512c9-938e-42ad-aad5-fbddb2bfae1a	13	31965910	70621684	24413	0.005
864512c9-938e-42ad-aad5-fbddb2bfae1a	13	70622329	70625249	5	-1.2361
864512c9-938e-42ad-aad5-fbddb2bfae1a	13	70631647	71902850	763	0.0103
864512c9-938e-42ad-aad5-fbddb2bfae1a	13	71903417	71906418	4	1.5371
864512c9-938e-42ad-aad5-fbddb2bfae1a	13	71906467	114342922	28791	0.0029
864512c9-938e-42ad-aad5-fbddb2bfae1a	14	18239283	18559274	10	0.2136
864512c9-938e-42ad-aad5-fbddb2bfae1a	14	18605732	19955213	154	-0.4854
864512c9-938e-42ad-aad5-fbddb2bfae1a	14	19956767	21907847	1299	0.0174
864512c9-938e-42ad-aad5-fbddb2bfae1a	14	21908468	22490565	503	0.2124
864512c9-938e-42ad-aad5-fbddb2bfae1a	14	22490580	73534419	31920	0.0075
864512c9-938e-42ad-aad5-fbddb2bfae1a	14	73540003	73554275	8	-2.0593
864512c9-938e-42ad-aad5-fbddb2bfae1a	14	73563196	105688531	20489	0.0015
864512c9-938e-42ad-aad5-fbddb2bfae1a	14	105691429	105701150	3	1.6191
864512c9-938e-42ad-aad5-fbddb2bfae1a	14	105728140	106311541	207	-0.0271
864512c9-938e-42ad-aad5-fbddb2bfae1a	14	106314594	106365807	14	-0.6199
864512c9-938e-42ad-aad5-fbddb2bfae1a	14	106369985	106877229	269	0.0215
864512c9-938e-42ad-aad5-fbddb2bfae1a	15	19811075	20056983	50	-0.0714
864512c9-938e-42ad-aad5-fbddb2bfae1a	15	20059033	22003073	129	0.695
864512c9-938e-42ad-aad5-fbddb2bfae1a	15	22005276	24226855	935	0.0016
864512c9-938e-42ad-aad5-fbddb2bfae1a	15	24227083	24258119	11	-1.0428
864512c9-938e-42ad-aad5-fbddb2bfae1a	15	24258513	24418615	63	-0.0332
864512c9-938e-42ad-aad5-fbddb2bfae1a	15	24422282	24473449	37	-0.6153
864512c9-938e-42ad-aad5-fbddb2bfae1a	15	24480146	76598900	32376	0.0087
864512c9-938e-42ad-aad5-fbddb2bfae1a	15	76599170	76603434	21	-1.9433
864512c9-938e-42ad-aad5-fbddb2bfae1a	15	76609838	83871965	4372	0.0028
864512c9-938e-42ad-aad5-fbddb2bfae1a	15	83871986	83878525	7	-1.0573
864512c9-938e-42ad-aad5-fbddb2bfae1a	15	83878795	101385562	12698	0.0035
864512c9-938e-42ad-aad5-fbddb2bfae1a	15	101386547	101386868	2	-2.7159
864512c9-938e-42ad-aad5-fbddb2bfae1a	15	101387672	101928837	373	-0.0075
864512c9-938e-42ad-aad5-fbddb2bfae1a	16	10777	8890016	6376	-0.0075
864512c9-938e-42ad-aad5-fbddb2bfae1a	16	8890359	8890412	2	-2.065
864512c9-938e-42ad-aad5-fbddb2bfae1a	16	8894331	14887120	4618	0.0052
864512c9-938e-42ad-aad5-fbddb2bfae1a	16	14895982	15022400	53	-0.9168
864512c9-938e-42ad-aad5-fbddb2bfae1a	16	15031584	22614450	3599	-0.0199
864512c9-938e-42ad-aad5-fbddb2bfae1a	16	22615026	22701658	55	-0.5644
864512c9-938e-42ad-aad5-fbddb2bfae1a	16	22706267	55762682	12000	0.0004
864512c9-938e-42ad-aad5-fbddb2bfae1a	16	55764310	55764867	3	2.6918
864512c9-938e-42ad-aad5-fbddb2bfae1a	16	55770436	55782734	11	0.2458
864512c9-938e-42ad-aad5-fbddb2bfae1a	16	55782793	55788532	4	1.393
864512c9-938e-42ad-aad5-fbddb2bfae1a	16	55808442	58929716	1886	0.0058
864512c9-938e-42ad-aad5-fbddb2bfae1a	16	58936836	58940063	8	-0.8943
864512c9-938e-42ad-aad5-fbddb2bfae1a	16	58943781	70105639	6784	0.0077
864512c9-938e-42ad-aad5-fbddb2bfae1a	16	70117657	70164493	15	-0.7492
864512c9-938e-42ad-aad5-fbddb2bfae1a	16	70177541	74350360	2282	0.0018
864512c9-938e-42ad-aad5-fbddb2bfae1a	16	74363160	74422703	9	-1.122
864512c9-938e-42ad-aad5-fbddb2bfae1a	16	74431498	75505510	618	0.0226
864512c9-938e-42ad-aad5-fbddb2bfae1a	16	75505749	75542100	19	0.716
864512c9-938e-42ad-aad5-fbddb2bfae1a	16	75546219	78337711	2544	-0.001
864512c9-938e-42ad-aad5-fbddb2bfae1a	16	78338543	78350868	17	0.9479
864512c9-938e-42ad-aad5-fbddb2bfae1a	16	78351104	84147625	6379	0.004
864512c9-938e-42ad-aad5-fbddb2bfae1a	16	84148194	84893373	687	-0.0873
864512c9-938e-42ad-aad5-fbddb2bfae1a	16	84900412	88335725	2713	0.0013
864512c9-938e-42ad-aad5-fbddb2bfae1a	16	88337061	90096867	727	-0.1264
864512c9-938e-42ad-aad5-fbddb2bfae1a	17	150733	350768	114	-0.1233
864512c9-938e-42ad-aad5-fbddb2bfae1a	17	351669	353102	2	-2.5103
864512c9-938e-42ad-aad5-fbddb2bfae1a	17	354968	15134796	9475	0.0066
864512c9-938e-42ad-aad5-fbddb2bfae1a	17	15140609	15151185	28	-1.1265
864512c9-938e-42ad-aad5-fbddb2bfae1a	17	15155674	18413879	1670	-0.01
864512c9-938e-42ad-aad5-fbddb2bfae1a	17	18414080	18561907	28	0.5395
864512c9-938e-42ad-aad5-fbddb2bfae1a	17	18565883	36097969	6768	-0.0001
864512c9-938e-42ad-aad5-fbddb2bfae1a	17	36098180	36200725	45	0.4831
864512c9-938e-42ad-aad5-fbddb2bfae1a	17	36208249	43773140	3889	0.0202
864512c9-938e-42ad-aad5-fbddb2bfae1a	17	43776302	43782721	3	-1.945
864512c9-938e-42ad-aad5-fbddb2bfae1a	17	43784316	45571174	781	0.0269
864512c9-938e-42ad-aad5-fbddb2bfae1a	17	45577724	45582060	7	-0.9128
864512c9-938e-42ad-aad5-fbddb2bfae1a	17	45587327	46136800	371	-0.0298
864512c9-938e-42ad-aad5-fbddb2bfae1a	17	46137998	46286804	87	-0.4614
864512c9-938e-42ad-aad5-fbddb2bfae1a	17	46323701	46446360	4	1.4658
864512c9-938e-42ad-aad5-fbddb2bfae1a	17	46569894	74447571	17080	0.0223
864512c9-938e-42ad-aad5-fbddb2bfae1a	17	74449065	74456304	3	-2.148
864512c9-938e-42ad-aad5-fbddb2bfae1a	17	74459547	83091923	4331	0.0021
864512c9-938e-42ad-aad5-fbddb2bfae1a	18	48133	58724079	34716	0.0072
864512c9-938e-42ad-aad5-fbddb2bfae1a	18	58726561	58728776	2	-2.7675
864512c9-938e-42ad-aad5-fbddb2bfae1a	18	58739856	67292264	6032	0.015
864512c9-938e-42ad-aad5-fbddb2bfae1a	18	67292676	67300028	16	-0.9117
864512c9-938e-42ad-aad5-fbddb2bfae1a	18	67300481	80257174	9484	0.0077
864512c9-938e-42ad-aad5-fbddb2bfae1a	19	90910	14928127	6052	0.0104
864512c9-938e-42ad-aad5-fbddb2bfae1a	19	14934380	14938487	3	-1.6716
864512c9-938e-42ad-aad5-fbddb2bfae1a	19	14940475	20411869	2809	0.0043
864512c9-938e-42ad-aad5-fbddb2bfae1a	19	20413400	20538428	70	-3.1672
864512c9-938e-42ad-aad5-fbddb2bfae1a	19	20538656	20561181	13	-0.2822
864512c9-938e-42ad-aad5-fbddb2bfae1a	19	20562776	21632117	598	0.0034
864512c9-938e-42ad-aad5-fbddb2bfae1a	19	21632838	21637067	2	-1.9131
864512c9-938e-42ad-aad5-fbddb2bfae1a	19	21637309	23205038	871	0.0073
864512c9-938e-42ad-aad5-fbddb2bfae1a	19	23210484	23211075	2	-1.8896
864512c9-938e-42ad-aad5-fbddb2bfae1a	19	23211534	35364451	6178	0.0103
864512c9-938e-42ad-aad5-fbddb2bfae1a	19	35364547	35375884	22	-0.5947
864512c9-938e-42ad-aad5-fbddb2bfae1a	19	35375899	43185398	3845	0.0164
864512c9-938e-42ad-aad5-fbddb2bfae1a	19	43190009	43252085	25	-0.7419
864512c9-938e-42ad-aad5-fbddb2bfae1a	19	43262507	45911752	1401	0.0003
864512c9-938e-42ad-aad5-fbddb2bfae1a	19	45915628	46932930	468	-0.2159
864512c9-938e-42ad-aad5-fbddb2bfae1a	19	46939950	47838134	383	-0.0151
864512c9-938e-42ad-aad5-fbddb2bfae1a	19	47843003	48200093	265	-0.2572
864512c9-938e-42ad-aad5-fbddb2bfae1a	19	48200374	48572658	178	-0.026
864512c9-938e-42ad-aad5-fbddb2bfae1a	19	48580236	51628560	1423	-0.2849
864512c9-938e-42ad-aad5-fbddb2bfae1a	19	51639099	51644944	11	-1.1848
864512c9-938e-42ad-aad5-fbddb2bfae1a	19	51651652	52414098	521	-0.2524
864512c9-938e-42ad-aad5-fbddb2bfae1a	19	52418653	54270347	1225	-0.0363
864512c9-938e-42ad-aad5-fbddb2bfae1a	19	54282102	54812586	277	-0.2395
864512c9-938e-42ad-aad5-fbddb2bfae1a	19	54815158	54866892	24	-0.8357
864512c9-938e-42ad-aad5-fbddb2bfae1a	19	54866994	55761691	426	-0.2763
864512c9-938e-42ad-aad5-fbddb2bfae1a	19	55766684	55774927	7	1.3045
864512c9-938e-42ad-aad5-fbddb2bfae1a	19	55777575	55881984	112	-0.2602
864512c9-938e-42ad-aad5-fbddb2bfae1a	19	55882368	56091005	157	-0.0149
864512c9-938e-42ad-aad5-fbddb2bfae1a	19	56097272	56611678	353	-0.2761
864512c9-938e-42ad-aad5-fbddb2bfae1a	19	56611902	56761583	95	-0.0572
864512c9-938e-42ad-aad5-fbddb2bfae1a	19	56766300	56938515	102	-0.286
864512c9-938e-42ad-aad5-fbddb2bfae1a	19	56942848	57434452	348	-0.0088
864512c9-938e-42ad-aad5-fbddb2bfae1a	19	57437778	58586487	655	-0.291
864512c9-938e-42ad-aad5-fbddb2bfae1a	20	80664	1580353	1189	-0.0278
864512c9-938e-42ad-aad5-fbddb2bfae1a	20	1580934	1613247	41	-0.4732
864512c9-938e-42ad-aad5-fbddb2bfae1a	20	1617300	64324800	40777	0.0051
864512c9-938e-42ad-aad5-fbddb2bfae1a	21	10354168	10559033	53	0.0165
864512c9-938e-42ad-aad5-fbddb2bfae1a	21	10568903	12973348	35	0.3703
864512c9-938e-42ad-aad5-fbddb2bfae1a	21	12992210	13028693	9	-0.183
864512c9-938e-42ad-aad5-fbddb2bfae1a	21	13080541	13197978	19	-0.6573
864512c9-938e-42ad-aad5-fbddb2bfae1a	21	13221914	46677045	23543	0.0057
864512c9-938e-42ad-aad5-fbddb2bfae1a	22	15294547	16947925	255	-0.3364
864512c9-938e-42ad-aad5-fbddb2bfae1a	22	16948310	19691937	1343	-0.0358
864512c9-938e-42ad-aad5-fbddb2bfae1a	22	19694232	20727355	640	-0.4567
864512c9-938e-42ad-aad5-fbddb2bfae1a	22	20727488	21088394	387	-0.3415
864512c9-938e-42ad-aad5-fbddb2bfae1a	22	21088994	21111204	58	0.0157
864512c9-938e-42ad-aad5-fbddb2bfae1a	22	21111341	22365496	711	-0.3667
864512c9-938e-42ad-aad5-fbddb2bfae1a	22	22365742	23054476	405	-0.2131
864512c9-938e-42ad-aad5-fbddb2bfae1a	22	23055870	23182895	78	-0.6268
864512c9-938e-42ad-aad5-fbddb2bfae1a	22	23188460	24336077	678	-0.3317
864512c9-938e-42ad-aad5-fbddb2bfae1a	22	24336143	24559607	115	-0.0187
864512c9-938e-42ad-aad5-fbddb2bfae1a	22	24562049	27295618	2556	-0.3214
864512c9-938e-42ad-aad5-fbddb2bfae1a	22	27300233	27426601	140	-0.0273
864512c9-938e-42ad-aad5-fbddb2bfae1a	22	27429093	28909355	935	-0.2806
864512c9-938e-42ad-aad5-fbddb2bfae1a	22	28911170	28921462	3	-1.8535
864512c9-938e-42ad-aad5-fbddb2bfae1a	22	28921571	32619579	2207	-0.2936
864512c9-938e-42ad-aad5-fbddb2bfae1a	22	32619760	32935399	284	-0.026
864512c9-938e-42ad-aad5-fbddb2bfae1a	22	32936259	48968037	11116	-0.3181
864512c9-938e-42ad-aad5-fbddb2bfae1a	22	48968433	50796027	1147	-0.4573
864512c9-938e-42ad-aad5-fbddb2bfae1a	X	251810	141259312	73990	0.0078
864512c9-938e-42ad-aad5-fbddb2bfae1a	X	141259330	141578177	137	-1.0309
864512c9-938e-42ad-aad5-fbddb2bfae1a	X	141585262	155952689	8756	-0.0015
864512c9-938e-42ad-aad5-fbddb2bfae1a	Y	2782397	3314408	190	-2.9752
864512c9-938e-42ad-aad5-fbddb2bfae1a	Y	3326047	6075631	527	-2.575
864512c9-938e-42ad-aad5-fbddb2bfae1a	Y	6076562	9330531	1506	-3.2224
864512c9-938e-42ad-aad5-fbddb2bfae1a	Y	9332936	9550385	21	-5.288
864512c9-938e-42ad-aad5-fbddb2bfae1a	Y	9550653	23784615	4200	-3.0693
864512c9-938e-42ad-aad5-fbddb2bfae1a	Y	23791962	56872112	190	-2.7797
