GDC_Aliquot	Chromosome	Start	End	Num_Probes	Segment_Mean
791e9f4c-b303-4d68-9909-b8d1541ee67a	1	62920	98588	12	-0.4801
791e9f4c-b303-4d68-9909-b8d1541ee67a	1	98602	9529354	4801	-0.0063
791e9f4c-b303-4d68-9909-b8d1541ee67a	1	9536422	9536806	2	-2.2563
791e9f4c-b303-4d68-9909-b8d1541ee67a	1	9542315	16864367	3883	0.002
791e9f4c-b303-4d68-9909-b8d1541ee67a	1	16868660	16935752	53	-0.5127
791e9f4c-b303-4d68-9909-b8d1541ee67a	1	16949746	61648334	26701	-0.0018
791e9f4c-b303-4d68-9909-b8d1541ee67a	1	61648509	61652515	3	-1.0891
791e9f4c-b303-4d68-9909-b8d1541ee67a	1	61654137	83659601	14602	0.0045
791e9f4c-b303-4d68-9909-b8d1541ee67a	1	83660647	83661409	3	-1.4432
791e9f4c-b303-4d68-9909-b8d1541ee67a	1	83666331	103560608	12720	0.0039
791e9f4c-b303-4d68-9909-b8d1541ee67a	1	103566616	103760879	35	0.4101
791e9f4c-b303-4d68-9909-b8d1541ee67a	1	103761017	105476583	916	-0.0138
791e9f4c-b303-4d68-9909-b8d1541ee67a	1	105476614	105487394	25	-0.4128
791e9f4c-b303-4d68-9909-b8d1541ee67a	1	105487979	109684893	2626	-0.003
791e9f4c-b303-4d68-9909-b8d1541ee67a	1	109690352	109697556	13	1.1637
791e9f4c-b303-4d68-9909-b8d1541ee67a	1	109702376	112147704	1946	0.004
791e9f4c-b303-4d68-9909-b8d1541ee67a	1	112153343	112154591	22	-1.7444
791e9f4c-b303-4d68-9909-b8d1541ee67a	1	112154619	112154768	3	-0.6814
791e9f4c-b303-4d68-9909-b8d1541ee67a	1	112163334	152583051	7601	-0.0011
791e9f4c-b303-4d68-9909-b8d1541ee67a	1	152583230	152613762	31	-1.7019
791e9f4c-b303-4d68-9909-b8d1541ee67a	1	152613802	152614118	4	-0.5734
791e9f4c-b303-4d68-9909-b8d1541ee67a	1	152618018	152787202	166	0.0228
791e9f4c-b303-4d68-9909-b8d1541ee67a	1	152789447	152796224	37	0.4677
791e9f4c-b303-4d68-9909-b8d1541ee67a	1	152801429	167795598	10158	0.0036
791e9f4c-b303-4d68-9909-b8d1541ee67a	1	167796946	167797682	4	-1.136
791e9f4c-b303-4d68-9909-b8d1541ee67a	1	167799276	174827267	4630	0.0052
791e9f4c-b303-4d68-9909-b8d1541ee67a	1	174827418	174832716	17	-0.7491
791e9f4c-b303-4d68-9909-b8d1541ee67a	1	174832734	192904768	12011	0.0012
791e9f4c-b303-4d68-9909-b8d1541ee67a	1	192906142	192923062	14	-1.2105
791e9f4c-b303-4d68-9909-b8d1541ee67a	1	192925414	193186662	207	0.0037
791e9f4c-b303-4d68-9909-b8d1541ee67a	1	193187149	193187202	3	-0.9963
791e9f4c-b303-4d68-9909-b8d1541ee67a	1	193187218	193648539	348	0.0149
791e9f4c-b303-4d68-9909-b8d1541ee67a	1	193651686	193662398	11	-0.8918
791e9f4c-b303-4d68-9909-b8d1541ee67a	1	193667453	194479104	582	0.018
791e9f4c-b303-4d68-9909-b8d1541ee67a	1	194482281	194485888	2	1.3772
791e9f4c-b303-4d68-9909-b8d1541ee67a	1	194487886	196762956	1454	0.0011
791e9f4c-b303-4d68-9909-b8d1541ee67a	1	196769493	196846661	57	-0.6411
791e9f4c-b303-4d68-9909-b8d1541ee67a	1	196847600	204884730	5291	-0.0001
791e9f4c-b303-4d68-9909-b8d1541ee67a	1	204885994	204886838	2	-1.4275
791e9f4c-b303-4d68-9909-b8d1541ee67a	1	204890543	209897717	3482	0.0045
791e9f4c-b303-4d68-9909-b8d1541ee67a	1	209908268	209910639	3	-1.9529
791e9f4c-b303-4d68-9909-b8d1541ee67a	1	209913207	242829562	23159	-0.0003
791e9f4c-b303-4d68-9909-b8d1541ee67a	1	242830268	242830924	3	-1.0308
791e9f4c-b303-4d68-9909-b8d1541ee67a	1	242832291	245381842	1553	0.0037
791e9f4c-b303-4d68-9909-b8d1541ee67a	1	245383096	245387522	5	-1.0022
791e9f4c-b303-4d68-9909-b8d1541ee67a	1	245389641	248930189	2278	-0.0081
791e9f4c-b303-4d68-9909-b8d1541ee67a	2	12784	1782750	1156	0.0024
791e9f4c-b303-4d68-9909-b8d1541ee67a	2	1784234	1784851	2	-1.5208
791e9f4c-b303-4d68-9909-b8d1541ee67a	2	1785632	4158097	1828	0
791e9f4c-b303-4d68-9909-b8d1541ee67a	2	4166274	4175977	38	-0.6494
791e9f4c-b303-4d68-9909-b8d1541ee67a	2	4176105	8634870	3804	0.0032
791e9f4c-b303-4d68-9909-b8d1541ee67a	2	8635214	8635363	2	-1.3037
791e9f4c-b303-4d68-9909-b8d1541ee67a	2	8639694	34295406	17147	0.0061
791e9f4c-b303-4d68-9909-b8d1541ee67a	2	34298911	34300513	2	-2.1717
791e9f4c-b303-4d68-9909-b8d1541ee67a	2	34300900	34466002	95	-0.0101
791e9f4c-b303-4d68-9909-b8d1541ee67a	2	34474248	34511990	46	0.5006
791e9f4c-b303-4d68-9909-b8d1541ee67a	2	34512096	35750907	871	-0.0121
791e9f4c-b303-4d68-9909-b8d1541ee67a	2	35752724	35762881	7	0.7348
791e9f4c-b303-4d68-9909-b8d1541ee67a	2	35772407	52527330	12116	0.0027
791e9f4c-b303-4d68-9909-b8d1541ee67a	2	52527342	52554404	39	0.3919
791e9f4c-b303-4d68-9909-b8d1541ee67a	2	52560811	83019942	19757	0.0044
791e9f4c-b303-4d68-9909-b8d1541ee67a	2	83023449	83023917	4	-1.0181
791e9f4c-b303-4d68-9909-b8d1541ee67a	2	83030188	86710564	2137	-0.0033
791e9f4c-b303-4d68-9909-b8d1541ee67a	2	86725947	86726731	2	-1.5916
791e9f4c-b303-4d68-9909-b8d1541ee67a	2	86743283	87286164	129	-0.0472
791e9f4c-b303-4d68-9909-b8d1541ee67a	2	87287256	87295819	3	-1.0089
791e9f4c-b303-4d68-9909-b8d1541ee67a	2	87299357	97359885	1797	0.0023
791e9f4c-b303-4d68-9909-b8d1541ee67a	2	97524284	97545726	9	-1.043
791e9f4c-b303-4d68-9909-b8d1541ee67a	2	97550415	106263639	5563	0.0048
791e9f4c-b303-4d68-9909-b8d1541ee67a	2	106264257	106268378	8	-2.3417
791e9f4c-b303-4d68-9909-b8d1541ee67a	2	106268523	122719438	9490	0.0033
791e9f4c-b303-4d68-9909-b8d1541ee67a	2	122722323	122724665	8	-0.8216
791e9f4c-b303-4d68-9909-b8d1541ee67a	2	122726077	146104517	14308	0.0036
791e9f4c-b303-4d68-9909-b8d1541ee67a	2	146106836	146109366	24	0.802
791e9f4c-b303-4d68-9909-b8d1541ee67a	2	146120238	193245588	28577	0.002
791e9f4c-b303-4d68-9909-b8d1541ee67a	2	193249368	193284955	23	-1.054
791e9f4c-b303-4d68-9909-b8d1541ee67a	2	193293755	194495886	589	0.0001
791e9f4c-b303-4d68-9909-b8d1541ee67a	2	194500751	194501795	5	-0.8878
791e9f4c-b303-4d68-9909-b8d1541ee67a	2	194510785	199472056	2889	0.0041
791e9f4c-b303-4d68-9909-b8d1541ee67a	2	199475468	199475660	2	-2.2643
791e9f4c-b303-4d68-9909-b8d1541ee67a	2	199478611	242147305	26930	0.0049
791e9f4c-b303-4d68-9909-b8d1541ee67a	3	20930	179751	153	-0.0397
791e9f4c-b303-4d68-9909-b8d1541ee67a	3	182919	191117	5	-0.8312
791e9f4c-b303-4d68-9909-b8d1541ee67a	3	193194	6604856	5655	0.002
791e9f4c-b303-4d68-9909-b8d1541ee67a	3	6609441	6611645	23	-0.6358
791e9f4c-b303-4d68-9909-b8d1541ee67a	3	6613391	8780118	1887	0.0035
791e9f4c-b303-4d68-9909-b8d1541ee67a	3	8783681	8816515	27	0.5946
791e9f4c-b303-4d68-9909-b8d1541ee67a	3	8825123	16199049	5137	-0.0026
791e9f4c-b303-4d68-9909-b8d1541ee67a	3	16199122	16199672	5	-2.6986
791e9f4c-b303-4d68-9909-b8d1541ee67a	3	16199818	68697013	34862	-0.0007
791e9f4c-b303-4d68-9909-b8d1541ee67a	3	68697108	68698262	14	-1.2465
791e9f4c-b303-4d68-9909-b8d1541ee67a	3	68699607	96561690	14458	-0.0012
791e9f4c-b303-4d68-9909-b8d1541ee67a	3	96566239	96568968	3	-1.0957
791e9f4c-b303-4d68-9909-b8d1541ee67a	3	96569563	96585044	7	-0.0725
791e9f4c-b303-4d68-9909-b8d1541ee67a	3	96588814	96607163	11	-0.8975
791e9f4c-b303-4d68-9909-b8d1541ee67a	3	96608620	99218940	1425	0.0088
791e9f4c-b303-4d68-9909-b8d1541ee67a	3	99225614	99230464	36	-0.5002
791e9f4c-b303-4d68-9909-b8d1541ee67a	3	99230470	149245189	30618	-0.0002
791e9f4c-b303-4d68-9909-b8d1541ee67a	3	149245608	149250334	25	-0.8762
791e9f4c-b303-4d68-9909-b8d1541ee67a	3	149253293	162813082	8342	0.0023
791e9f4c-b303-4d68-9909-b8d1541ee67a	3	162815162	162822702	7	-1.4372
791e9f4c-b303-4d68-9909-b8d1541ee67a	3	162827928	162906109	46	0.3127
791e9f4c-b303-4d68-9909-b8d1541ee67a	3	162908192	169631156	3906	-0.0023
791e9f4c-b303-4d68-9909-b8d1541ee67a	3	169632074	169632816	2	-1.1192
791e9f4c-b303-4d68-9909-b8d1541ee67a	3	169634670	176545911	4499	0.0029
791e9f4c-b303-4d68-9909-b8d1541ee67a	3	176546785	176546812	2	-1.6127
791e9f4c-b303-4d68-9909-b8d1541ee67a	3	176550625	192890293	10554	0.0013
791e9f4c-b303-4d68-9909-b8d1541ee67a	3	192890429	192890762	4	0.8547
791e9f4c-b303-4d68-9909-b8d1541ee67a	3	192890809	193156958	187	0.008
791e9f4c-b303-4d68-9909-b8d1541ee67a	3	193160113	193165114	20	-0.4442
791e9f4c-b303-4d68-9909-b8d1541ee67a	3	193168646	195557541	1479	0.0003
791e9f4c-b303-4d68-9909-b8d1541ee67a	3	195558822	195737995	43	0.2847
791e9f4c-b303-4d68-9909-b8d1541ee67a	3	195746925	198169247	1168	-0.0172
791e9f4c-b303-4d68-9909-b8d1541ee67a	4	68929	9455251	5153	0.0031
791e9f4c-b303-4d68-9909-b8d1541ee67a	4	9459504	9477699	6	1.5906
791e9f4c-b303-4d68-9909-b8d1541ee67a	4	9484440	10208766	537	-0.0146
791e9f4c-b303-4d68-9909-b8d1541ee67a	4	10221792	10229874	28	2.1642
791e9f4c-b303-4d68-9909-b8d1541ee67a	4	10232590	10233644	7	0.7466
791e9f4c-b303-4d68-9909-b8d1541ee67a	4	10234518	10389091	171	0.0124
791e9f4c-b303-4d68-9909-b8d1541ee67a	4	10390730	10399044	16	-0.5868
791e9f4c-b303-4d68-9909-b8d1541ee67a	4	10401094	13679848	2565	-0.0089
791e9f4c-b303-4d68-9909-b8d1541ee67a	4	13680638	13680790	3	-1.1369
791e9f4c-b303-4d68-9909-b8d1541ee67a	4	13681151	34777382	14203	0.0001
791e9f4c-b303-4d68-9909-b8d1541ee67a	4	34777403	34828306	44	0.2973
791e9f4c-b303-4d68-9909-b8d1541ee67a	4	34828327	35073112	156	0.0012
791e9f4c-b303-4d68-9909-b8d1541ee67a	4	35077164	35077407	2	-1.0557
791e9f4c-b303-4d68-9909-b8d1541ee67a	4	35077964	35903443	529	0.0044
791e9f4c-b303-4d68-9909-b8d1541ee67a	4	35903470	35904870	3	-1.3123
791e9f4c-b303-4d68-9909-b8d1541ee67a	4	35908117	45003738	5938	0.0123
791e9f4c-b303-4d68-9909-b8d1541ee67a	4	45003835	45004318	4	-1.2398
791e9f4c-b303-4d68-9909-b8d1541ee67a	4	45008952	48202282	1896	-0.0021
791e9f4c-b303-4d68-9909-b8d1541ee67a	4	48202619	48202631	2	-1.393
791e9f4c-b303-4d68-9909-b8d1541ee67a	4	48203925	63827261	8013	0.0029
791e9f4c-b303-4d68-9909-b8d1541ee67a	4	63828222	63842540	29	0.3721
791e9f4c-b303-4d68-9909-b8d1541ee67a	4	63850713	68354665	2848	-0.004
791e9f4c-b303-4d68-9909-b8d1541ee67a	4	68361130	68478894	21	0.3474
791e9f4c-b303-4d68-9909-b8d1541ee67a	4	68494770	68623617	68	-1.7103
791e9f4c-b303-4d68-9909-b8d1541ee67a	4	68639397	69257792	313	0.0031
791e9f4c-b303-4d68-9909-b8d1541ee67a	4	69261926	69366081	54	-0.5975
791e9f4c-b303-4d68-9909-b8d1541ee67a	4	69366304	94243438	15229	-0.0006
791e9f4c-b303-4d68-9909-b8d1541ee67a	4	94244324	94247456	2	-1.7291
791e9f4c-b303-4d68-9909-b8d1541ee67a	4	94247790	129141596	20802	0.001
791e9f4c-b303-4d68-9909-b8d1541ee67a	4	129146391	129147005	2	-3.3653
791e9f4c-b303-4d68-9909-b8d1541ee67a	4	129151408	137018622	4403	0.0003
791e9f4c-b303-4d68-9909-b8d1541ee67a	4	137018642	137018659	2	-1.2551
791e9f4c-b303-4d68-9909-b8d1541ee67a	4	137018772	137171085	107	-0.0076
791e9f4c-b303-4d68-9909-b8d1541ee67a	4	137171266	137173818	15	-0.7365
791e9f4c-b303-4d68-9909-b8d1541ee67a	4	137173967	171448195	21364	0.0022
791e9f4c-b303-4d68-9909-b8d1541ee67a	4	171453733	171456625	12	-1.192
791e9f4c-b303-4d68-9909-b8d1541ee67a	4	171459220	172066676	395	-0.01
791e9f4c-b303-4d68-9909-b8d1541ee67a	4	172066706	172074828	15	0.4573
791e9f4c-b303-4d68-9909-b8d1541ee67a	4	172075742	190106768	12070	0.0017
791e9f4c-b303-4d68-9909-b8d1541ee67a	5	15532	685633	306	-0.0355
791e9f4c-b303-4d68-9909-b8d1541ee67a	5	698256	733497	16	0.6635
791e9f4c-b303-4d68-9909-b8d1541ee67a	5	741924	808932	16	0.068
791e9f4c-b303-4d68-9909-b8d1541ee67a	5	817735	825192	13	-0.8402
791e9f4c-b303-4d68-9909-b8d1541ee67a	5	825538	26789387	18479	-0.0029
791e9f4c-b303-4d68-9909-b8d1541ee67a	5	26797651	26797735	2	-1.4955
791e9f4c-b303-4d68-9909-b8d1541ee67a	5	26803775	46196012	11794	0.0038
791e9f4c-b303-4d68-9909-b8d1541ee67a	5	46199332	46199333	2	-1.2727
791e9f4c-b303-4d68-9909-b8d1541ee67a	5	46209197	46251204	13	0.0039
791e9f4c-b303-4d68-9909-b8d1541ee67a	5	46270906	46273400	8	0.9094
791e9f4c-b303-4d68-9909-b8d1541ee67a	5	46278110	58025819	5065	-0.003
791e9f4c-b303-4d68-9909-b8d1541ee67a	5	58030200	58037706	32	2.5829
791e9f4c-b303-4d68-9909-b8d1541ee67a	5	58042530	59172842	889	-0.0045
791e9f4c-b303-4d68-9909-b8d1541ee67a	5	59173222	59174456	4	-0.9477
791e9f4c-b303-4d68-9909-b8d1541ee67a	5	59180291	120731125	37033	0.0013
791e9f4c-b303-4d68-9909-b8d1541ee67a	5	120731445	120856327	78	-1.079
791e9f4c-b303-4d68-9909-b8d1541ee67a	5	120859710	181363319	39009	0.0005
791e9f4c-b303-4d68-9909-b8d1541ee67a	6	149661	254283	101	0.0315
791e9f4c-b303-4d68-9909-b8d1541ee67a	6	257353	379015	98	-0.5118
791e9f4c-b303-4d68-9909-b8d1541ee67a	6	380821	29869411	21437	0.0001
791e9f4c-b303-4d68-9909-b8d1541ee67a	6	29869537	29875657	7	-0.5541
791e9f4c-b303-4d68-9909-b8d1541ee67a	6	29876257	29881490	7	-1.6
791e9f4c-b303-4d68-9909-b8d1541ee67a	6	29882419	31313046	660	-0.0024
791e9f4c-b303-4d68-9909-b8d1541ee67a	6	31318499	31342147	12	-1.4542
791e9f4c-b303-4d68-9909-b8d1541ee67a	6	31349570	32463775	495	-0.022
791e9f4c-b303-4d68-9909-b8d1541ee67a	6	32481273	32529339	16	-0.5515
791e9f4c-b303-4d68-9909-b8d1541ee67a	6	32529429	32722250	93	-0.0737
791e9f4c-b303-4d68-9909-b8d1541ee67a	6	32723020	32723053	3	-1.3528
791e9f4c-b303-4d68-9909-b8d1541ee67a	6	32732907	52759800	12656	0.0009
791e9f4c-b303-4d68-9909-b8d1541ee67a	6	52760252	52760977	2	-1.1148
791e9f4c-b303-4d68-9909-b8d1541ee67a	6	52761471	54066286	975	0.01
791e9f4c-b303-4d68-9909-b8d1541ee67a	6	54066353	54067057	7	-1.2068
791e9f4c-b303-4d68-9909-b8d1541ee67a	6	54070550	66503728	5521	-0.0026
791e9f4c-b303-4d68-9909-b8d1541ee67a	6	66503937	66511029	3	-1.1841
791e9f4c-b303-4d68-9909-b8d1541ee67a	6	66513176	73882142	4853	-0.0001
791e9f4c-b303-4d68-9909-b8d1541ee67a	6	73882509	73887625	9	0.5913
791e9f4c-b303-4d68-9909-b8d1541ee67a	6	73891694	76305231	1472	0.0001
791e9f4c-b303-4d68-9909-b8d1541ee67a	6	76307183	76307209	3	-1.4457
791e9f4c-b303-4d68-9909-b8d1541ee67a	6	76307276	76726442	295	-0.0267
791e9f4c-b303-4d68-9909-b8d1541ee67a	6	76726815	76743040	22	-0.5411
791e9f4c-b303-4d68-9909-b8d1541ee67a	6	76751356	78253172	976	-0.0224
791e9f4c-b303-4d68-9909-b8d1541ee67a	6	78259348	78325468	112	-2.4441
791e9f4c-b303-4d68-9909-b8d1541ee67a	6	78329517	103286954	15464	0.004
791e9f4c-b303-4d68-9909-b8d1541ee67a	6	103290101	103314174	45	-1.228
791e9f4c-b303-4d68-9909-b8d1541ee67a	6	103314186	112204900	5522	-0.0018
791e9f4c-b303-4d68-9909-b8d1541ee67a	6	112208067	112208227	3	-1.2151
791e9f4c-b303-4d68-9909-b8d1541ee67a	6	112215137	113900791	1138	0.0016
791e9f4c-b303-4d68-9909-b8d1541ee67a	6	113903677	113903852	2	-3.1949
791e9f4c-b303-4d68-9909-b8d1541ee67a	6	113904647	114996934	624	0.0045
791e9f4c-b303-4d68-9909-b8d1541ee67a	6	114997858	115004524	3	-1.3787
791e9f4c-b303-4d68-9909-b8d1541ee67a	6	115004900	130517069	9411	0.0011
791e9f4c-b303-4d68-9909-b8d1541ee67a	6	130523036	130540206	12	-1.0915
791e9f4c-b303-4d68-9909-b8d1541ee67a	6	130545274	134581083	2772	0.0033
791e9f4c-b303-4d68-9909-b8d1541ee67a	6	134583177	134583881	3	-1.1319
791e9f4c-b303-4d68-9909-b8d1541ee67a	6	134584429	163496841	19638	0.0007
791e9f4c-b303-4d68-9909-b8d1541ee67a	6	163499085	163522397	13	-1.0935
791e9f4c-b303-4d68-9909-b8d1541ee67a	6	163526842	170741917	4974	-0.0023
791e9f4c-b303-4d68-9909-b8d1541ee67a	7	43355	3349458	1421	-0.0208
791e9f4c-b303-4d68-9909-b8d1541ee67a	7	3355447	3355694	5	-1.0218
791e9f4c-b303-4d68-9909-b8d1541ee67a	7	3359128	13547787	7415	-0.0072
791e9f4c-b303-4d68-9909-b8d1541ee67a	7	13550519	13552049	9	-0.9312
791e9f4c-b303-4d68-9909-b8d1541ee67a	7	13558316	39037797	19154	0.0035
791e9f4c-b303-4d68-9909-b8d1541ee67a	7	39037805	39039873	2	-1.7826
791e9f4c-b303-4d68-9909-b8d1541ee67a	7	39040000	54318812	10449	0.002
791e9f4c-b303-4d68-9909-b8d1541ee67a	7	54318816	54318824	5	-2.2806
791e9f4c-b303-4d68-9909-b8d1541ee67a	7	54325795	76426530	8252	-0.0044
791e9f4c-b303-4d68-9909-b8d1541ee67a	7	76443274	76445663	2	-1.5382
791e9f4c-b303-4d68-9909-b8d1541ee67a	7	76479444	87303449	6953	-0.0039
791e9f4c-b303-4d68-9909-b8d1541ee67a	7	87311487	87318911	4	-1.0246
791e9f4c-b303-4d68-9909-b8d1541ee67a	7	87322493	97777749	6633	0.0036
791e9f4c-b303-4d68-9909-b8d1541ee67a	7	97788295	97788298	2	-1.8128
791e9f4c-b303-4d68-9909-b8d1541ee67a	7	97791337	126404920	16636	-0.0024
791e9f4c-b303-4d68-9909-b8d1541ee67a	7	126405428	126406546	11	-1.1281
791e9f4c-b303-4d68-9909-b8d1541ee67a	7	126406561	134100424	4698	0.0026
791e9f4c-b303-4d68-9909-b8d1541ee67a	7	134100442	134102334	15	0.669
791e9f4c-b303-4d68-9909-b8d1541ee67a	7	134104128	134105690	9	0.4941
791e9f4c-b303-4d68-9909-b8d1541ee67a	7	134110881	142063324	5202	0.0033
791e9f4c-b303-4d68-9909-b8d1541ee67a	7	142069843	142092307	34	0.2795
791e9f4c-b303-4d68-9909-b8d1541ee67a	7	142099190	143521765	895	-0.0148
791e9f4c-b303-4d68-9909-b8d1541ee67a	7	143529806	143603307	5	0.8462
791e9f4c-b303-4d68-9909-b8d1541ee67a	7	143728285	144199159	300	0.0149
791e9f4c-b303-4d68-9909-b8d1541ee67a	7	144207186	144264193	8	-0.6081
791e9f4c-b303-4d68-9909-b8d1541ee67a	7	144295437	159334314	9648	0.0002
791e9f4c-b303-4d68-9909-b8d1541ee67a	8	81254	2844412	2038	-0.0025
791e9f4c-b303-4d68-9909-b8d1541ee67a	8	2846011	2846377	7	-1.318
791e9f4c-b303-4d68-9909-b8d1541ee67a	8	2849649	40326280	29090	0.0006
791e9f4c-b303-4d68-9909-b8d1541ee67a	8	40326286	40331992	32	-1.0733
791e9f4c-b303-4d68-9909-b8d1541ee67a	8	40335391	69874655	16456	-0.0001
791e9f4c-b303-4d68-9909-b8d1541ee67a	8	69880467	69881444	3	-0.9756
791e9f4c-b303-4d68-9909-b8d1541ee67a	8	69884070	88753673	11124	0.0018
791e9f4c-b303-4d68-9909-b8d1541ee67a	8	88754954	88760212	4	-2.0959
791e9f4c-b303-4d68-9909-b8d1541ee67a	8	88761021	111279265	13755	0.002
791e9f4c-b303-4d68-9909-b8d1541ee67a	8	111282050	111282237	3	1.1761
791e9f4c-b303-4d68-9909-b8d1541ee67a	8	111282417	111283031	7	2.9426
791e9f4c-b303-4d68-9909-b8d1541ee67a	8	111288052	114619814	1817	-0.0065
791e9f4c-b303-4d68-9909-b8d1541ee67a	8	114622258	114629502	35	-0.5937
791e9f4c-b303-4d68-9909-b8d1541ee67a	8	114638468	131976820	12030	0.0045
791e9f4c-b303-4d68-9909-b8d1541ee67a	8	131978838	131978878	2	-1.2826
791e9f4c-b303-4d68-9909-b8d1541ee67a	8	131982329	145072769	9015	0.0022
791e9f4c-b303-4d68-9909-b8d1541ee67a	9	46587	23361807	20409	0.0042
791e9f4c-b303-4d68-9909-b8d1541ee67a	9	23363117	23373486	8	0.685
791e9f4c-b303-4d68-9909-b8d1541ee67a	9	23378490	41644288	10839	-0.0005
791e9f4c-b303-4d68-9909-b8d1541ee67a	9	41644336	41659472	4	-0.8486
791e9f4c-b303-4d68-9909-b8d1541ee67a	9	41666811	42825767	84	0.2663
791e9f4c-b303-4d68-9909-b8d1541ee67a	9	42834329	61405110	15	-0.2268
791e9f4c-b303-4d68-9909-b8d1541ee67a	9	61520021	61531206	7	0.9031
791e9f4c-b303-4d68-9909-b8d1541ee67a	9	61540407	61581625	15	0.4147
791e9f4c-b303-4d68-9909-b8d1541ee67a	9	61598577	61629689	6	1.0353
791e9f4c-b303-4d68-9909-b8d1541ee67a	9	61633080	76939544	6483	-0.0022
791e9f4c-b303-4d68-9909-b8d1541ee67a	9	76941965	76942357	2	-1.8553
791e9f4c-b303-4d68-9909-b8d1541ee67a	9	76943312	87907679	7885	0.0053
791e9f4c-b303-4d68-9909-b8d1541ee67a	9	87939236	87939304	2	-1.8539
791e9f4c-b303-4d68-9909-b8d1541ee67a	9	87943042	135319522	32570	-0.0006
791e9f4c-b303-4d68-9909-b8d1541ee67a	9	135322259	135324566	3	1.0434
791e9f4c-b303-4d68-9909-b8d1541ee67a	9	135325951	138200944	1108	-0.0095
791e9f4c-b303-4d68-9909-b8d1541ee67a	10	45792	1366386	788	0.0096
791e9f4c-b303-4d68-9909-b8d1541ee67a	10	1367778	1371890	2	1.1347
791e9f4c-b303-4d68-9909-b8d1541ee67a	10	1372349	4244878	2780	0.0071
791e9f4c-b303-4d68-9909-b8d1541ee67a	10	4248622	4248824	4	0.8935
791e9f4c-b303-4d68-9909-b8d1541ee67a	10	4251879	9093147	4277	0.0024
791e9f4c-b303-4d68-9909-b8d1541ee67a	10	9094128	9095411	2	-1.2866
791e9f4c-b303-4d68-9909-b8d1541ee67a	10	9095583	24086334	11326	0.0016
791e9f4c-b303-4d68-9909-b8d1541ee67a	10	24088745	24089125	11	1.0642
791e9f4c-b303-4d68-9909-b8d1541ee67a	10	24089979	46560525	12496	0.0011
791e9f4c-b303-4d68-9909-b8d1541ee67a	10	46606240	46810571	15	-1.0436
791e9f4c-b303-4d68-9909-b8d1541ee67a	10	46836986	56763737	6560	0
791e9f4c-b303-4d68-9909-b8d1541ee67a	10	56763973	56764212	2	-1.2027
791e9f4c-b303-4d68-9909-b8d1541ee67a	10	56764230	57443289	561	0.0079
791e9f4c-b303-4d68-9909-b8d1541ee67a	10	57450745	57451013	4	-0.8831
791e9f4c-b303-4d68-9909-b8d1541ee67a	10	57458735	65546518	5557	-0.0008
791e9f4c-b303-4d68-9909-b8d1541ee67a	10	65548165	65554688	28	0.4223
791e9f4c-b303-4d68-9909-b8d1541ee67a	10	65563037	87278584	14434	0.0017
791e9f4c-b303-4d68-9909-b8d1541ee67a	10	87286741	87357543	14	0.6352
791e9f4c-b303-4d68-9909-b8d1541ee67a	10	87371433	95105544	5020	0.0004
791e9f4c-b303-4d68-9909-b8d1541ee67a	10	95109306	95116218	9	-0.5387
791e9f4c-b303-4d68-9909-b8d1541ee67a	10	95116264	106236160	6856	-0.0012
791e9f4c-b303-4d68-9909-b8d1541ee67a	10	106236415	106238366	3	-0.9736
791e9f4c-b303-4d68-9909-b8d1541ee67a	10	106242997	107732395	1177	-0.008
791e9f4c-b303-4d68-9909-b8d1541ee67a	10	107733170	107733457	2	-1.6842
791e9f4c-b303-4d68-9909-b8d1541ee67a	10	107735101	108447525	559	0.0069
791e9f4c-b303-4d68-9909-b8d1541ee67a	10	108448447	108449009	3	-0.9955
791e9f4c-b303-4d68-9909-b8d1541ee67a	10	108449463	133654968	18106	0.001
791e9f4c-b303-4d68-9909-b8d1541ee67a	11	198510	4949013	2418	-0.0099
791e9f4c-b303-4d68-9909-b8d1541ee67a	11	4949047	4954475	26	0.6005
791e9f4c-b303-4d68-9909-b8d1541ee67a	11	4955027	5768511	790	0.0016
791e9f4c-b303-4d68-9909-b8d1541ee67a	11	5768639	5787909	27	0.7045
791e9f4c-b303-4d68-9909-b8d1541ee67a	11	5788108	49686823	30431	0.0011
791e9f4c-b303-4d68-9909-b8d1541ee67a	11	49689309	49736119	16	-0.8309
791e9f4c-b303-4d68-9909-b8d1541ee67a	11	49736215	54933825	494	-0.0031
791e9f4c-b303-4d68-9909-b8d1541ee67a	11	54934037	54934156	2	-2.2588
791e9f4c-b303-4d68-9909-b8d1541ee67a	11	54940988	55608547	243	-0.0058
791e9f4c-b303-4d68-9909-b8d1541ee67a	11	55608760	55674842	43	0.6138
791e9f4c-b303-4d68-9909-b8d1541ee67a	11	55676735	80408559	13416	0.0008
791e9f4c-b303-4d68-9909-b8d1541ee67a	11	80408739	80414808	2	-1.7101
791e9f4c-b303-4d68-9909-b8d1541ee67a	11	80415155	135074876	38833	0.0012
791e9f4c-b303-4d68-9909-b8d1541ee67a	12	51460	8404097	5591	0.002
791e9f4c-b303-4d68-9909-b8d1541ee67a	12	8405892	8406040	2	2.7576
791e9f4c-b303-4d68-9909-b8d1541ee67a	12	8406196	8423870	13	0.6532
791e9f4c-b303-4d68-9909-b8d1541ee67a	12	8428232	9481274	563	-0.0135
791e9f4c-b303-4d68-9909-b8d1541ee67a	12	9485313	9562969	22	-1.7884
791e9f4c-b303-4d68-9909-b8d1541ee67a	12	9575696	11064250	1033	-0.0004
791e9f4c-b303-4d68-9909-b8d1541ee67a	12	11066824	11088933	11	0.7273
791e9f4c-b303-4d68-9909-b8d1541ee67a	12	11099275	33233822	15600	0.001
791e9f4c-b303-4d68-9909-b8d1541ee67a	12	33235894	33242207	4	-0.9339
791e9f4c-b303-4d68-9909-b8d1541ee67a	12	33242483	34097761	533	-0.0177
791e9f4c-b303-4d68-9909-b8d1541ee67a	12	34103774	34111154	9	-1.1306
791e9f4c-b303-4d68-9909-b8d1541ee67a	12	34122447	117091721	50553	-0.0016
791e9f4c-b303-4d68-9909-b8d1541ee67a	12	117095416	117113963	8	-0.8231
791e9f4c-b303-4d68-9909-b8d1541ee67a	12	117114186	131648066	10268	0.0014
791e9f4c-b303-4d68-9909-b8d1541ee67a	12	131648123	131648790	11	0.6876
791e9f4c-b303-4d68-9909-b8d1541ee67a	12	131657925	133201603	558	-0.0252
791e9f4c-b303-4d68-9909-b8d1541ee67a	13	18452809	31957984	9555	-0.0004
791e9f4c-b303-4d68-9909-b8d1541ee67a	13	31958485	31964286	18	-0.9299
791e9f4c-b303-4d68-9909-b8d1541ee67a	13	31965910	37497899	3893	0.004
791e9f4c-b303-4d68-9909-b8d1541ee67a	13	37498087	37510620	15	-2.2451
791e9f4c-b303-4d68-9909-b8d1541ee67a	13	37514193	52520664	9885	0.0019
791e9f4c-b303-4d68-9909-b8d1541ee67a	13	52523849	52531650	3	-1.665
791e9f4c-b303-4d68-9909-b8d1541ee67a	13	52543744	105923892	34775	0.0003
791e9f4c-b303-4d68-9909-b8d1541ee67a	13	105924147	105930330	4	-1.1288
791e9f4c-b303-4d68-9909-b8d1541ee67a	13	105930442	111188543	4259	-0.0005
791e9f4c-b303-4d68-9909-b8d1541ee67a	13	111193738	111196786	4	-0.9224
791e9f4c-b303-4d68-9909-b8d1541ee67a	13	111196994	114342922	1659	0.0037
791e9f4c-b303-4d68-9909-b8d1541ee67a	14	18239283	19650668	60	0.2433
791e9f4c-b303-4d68-9909-b8d1541ee67a	14	19667065	19955213	107	-0.3387
791e9f4c-b303-4d68-9909-b8d1541ee67a	14	19956767	20681949	549	-0.0087
791e9f4c-b303-4d68-9909-b8d1541ee67a	14	20685140	20707933	20	-0.4114
791e9f4c-b303-4d68-9909-b8d1541ee67a	14	20710239	21987457	831	-0.0132
791e9f4c-b303-4d68-9909-b8d1541ee67a	14	21988864	22509094	458	-0.1069
791e9f4c-b303-4d68-9909-b8d1541ee67a	14	22509114	41160039	11725	0.0048
791e9f4c-b303-4d68-9909-b8d1541ee67a	14	41164182	41184774	6	-0.8716
791e9f4c-b303-4d68-9909-b8d1541ee67a	14	41188046	42385610	762	-0.0063
791e9f4c-b303-4d68-9909-b8d1541ee67a	14	42385962	42386514	4	-0.9096
791e9f4c-b303-4d68-9909-b8d1541ee67a	14	42387773	43695667	747	-0.0202
791e9f4c-b303-4d68-9909-b8d1541ee67a	14	43708337	43708867	2	-1.3326
791e9f4c-b303-4d68-9909-b8d1541ee67a	14	43709632	47227057	2009	-0.0094
791e9f4c-b303-4d68-9909-b8d1541ee67a	14	47238133	47247780	8	-1.2003
791e9f4c-b303-4d68-9909-b8d1541ee67a	14	47248244	106877229	38054	0.0007
791e9f4c-b303-4d68-9909-b8d1541ee67a	15	19811075	20001686	45	-0.0537
791e9f4c-b303-4d68-9909-b8d1541ee67a	15	20011702	20190276	11	0.3147
791e9f4c-b303-4d68-9909-b8d1541ee67a	15	20206125	20235285	7	-0.1058
791e9f4c-b303-4d68-9909-b8d1541ee67a	15	20240885	22385639	144	-0.4523
791e9f4c-b303-4d68-9909-b8d1541ee67a	15	22395047	97274628	47881	0.0022
791e9f4c-b303-4d68-9909-b8d1541ee67a	15	97274669	97288957	9	-1.1145
791e9f4c-b303-4d68-9909-b8d1541ee67a	15	97290419	101928837	3422	0.0076
791e9f4c-b303-4d68-9909-b8d1541ee67a	16	10777	22995469	15084	0.0016
791e9f4c-b303-4d68-9909-b8d1541ee67a	16	22995704	22997190	2	-1.3381
791e9f4c-b303-4d68-9909-b8d1541ee67a	16	22997281	55761136	11827	0.0011
791e9f4c-b303-4d68-9909-b8d1541ee67a	16	55762477	55788532	22	-0.7814
791e9f4c-b303-4d68-9909-b8d1541ee67a	16	55808442	90096867	24884	0.0019
791e9f4c-b303-4d68-9909-b8d1541ee67a	17	150733	36109315	18233	0.0003
791e9f4c-b303-4d68-9909-b8d1541ee67a	17	36109735	36157718	35	0.5247
791e9f4c-b303-4d68-9909-b8d1541ee67a	17	36200725	46085732	5045	-0.002
791e9f4c-b303-4d68-9909-b8d1541ee67a	17	46088437	46569894	129	0.2585
791e9f4c-b303-4d68-9909-b8d1541ee67a	17	46571001	83091923	21550	-0.0043
791e9f4c-b303-4d68-9909-b8d1541ee67a	18	48133	2383813	1699	-0.0076
791e9f4c-b303-4d68-9909-b8d1541ee67a	18	2389504	2394470	5	-0.8915
791e9f4c-b303-4d68-9909-b8d1541ee67a	18	2398212	26785899	12156	0.0029
791e9f4c-b303-4d68-9909-b8d1541ee67a	18	26785951	26786181	3	-3.2956
791e9f4c-b303-4d68-9909-b8d1541ee67a	18	26786415	61614923	23293	0.0014
791e9f4c-b303-4d68-9909-b8d1541ee67a	18	61614963	61615076	2	-1.2724
791e9f4c-b303-4d68-9909-b8d1541ee67a	18	61617632	66050015	3107	-0.001
791e9f4c-b303-4d68-9909-b8d1541ee67a	18	66050285	66061104	15	-0.4017
791e9f4c-b303-4d68-9909-b8d1541ee67a	18	66065502	66239612	147	-0.0042
791e9f4c-b303-4d68-9909-b8d1541ee67a	18	66239629	66244352	11	-0.8294
791e9f4c-b303-4d68-9909-b8d1541ee67a	18	66244639	80257174	10266	0.0019
791e9f4c-b303-4d68-9909-b8d1541ee67a	19	90910	5510228	1592	-0.0222
791e9f4c-b303-4d68-9909-b8d1541ee67a	19	5510569	5510642	2	-2.1461
791e9f4c-b303-4d68-9909-b8d1541ee67a	19	5510689	51628560	23156	-0.0051
791e9f4c-b303-4d68-9909-b8d1541ee67a	19	51639099	51644944	11	-0.913
791e9f4c-b303-4d68-9909-b8d1541ee67a	19	51651652	52103834	305	-0.007
791e9f4c-b303-4d68-9909-b8d1541ee67a	19	52104512	52104530	2	-1.5261
791e9f4c-b303-4d68-9909-b8d1541ee67a	19	52106750	53013829	632	-0.016
791e9f4c-b303-4d68-9909-b8d1541ee67a	19	53015494	53044108	21	0.3901
791e9f4c-b303-4d68-9909-b8d1541ee67a	19	53048976	55771003	1535	-0.0165
791e9f4c-b303-4d68-9909-b8d1541ee67a	19	55771169	55774927	4	-0.8646
791e9f4c-b303-4d68-9909-b8d1541ee67a	19	55777575	58586487	1838	-0.0074
791e9f4c-b303-4d68-9909-b8d1541ee67a	20	80664	1571811	1182	-0.004
791e9f4c-b303-4d68-9909-b8d1541ee67a	20	1576544	1580353	21	-0.6415
791e9f4c-b303-4d68-9909-b8d1541ee67a	20	1580934	1613247	41	1.708
791e9f4c-b303-4d68-9909-b8d1541ee67a	20	1617300	5030165	2510	-0.007
791e9f4c-b303-4d68-9909-b8d1541ee67a	20	5036280	5036285	2	-1.1592
791e9f4c-b303-4d68-9909-b8d1541ee67a	20	5040498	14812166	7399	0.0039
791e9f4c-b303-4d68-9909-b8d1541ee67a	20	14812188	14812192	2	-2.1129
791e9f4c-b303-4d68-9909-b8d1541ee67a	20	14812769	64324800	31187	0.0011
791e9f4c-b303-4d68-9909-b8d1541ee67a	21	10354168	36557014	16698	0.0001
791e9f4c-b303-4d68-9909-b8d1541ee67a	21	36557831	36558060	2	-1.4392
791e9f4c-b303-4d68-9909-b8d1541ee67a	21	36560880	46677045	7138	-0.0031
791e9f4c-b303-4d68-9909-b8d1541ee67a	22	15294547	18142004	1108	-0.0076
791e9f4c-b303-4d68-9909-b8d1541ee67a	22	18143362	18146386	7	-0.9933
791e9f4c-b303-4d68-9909-b8d1541ee67a	22	18147293	23929558	3261	0.0031
791e9f4c-b303-4d68-9909-b8d1541ee67a	22	23940911	23995113	19	0.4714
791e9f4c-b303-4d68-9909-b8d1541ee67a	22	23995755	38894915	10791	0.0029
791e9f4c-b303-4d68-9909-b8d1541ee67a	22	38899250	38900899	3	0.9819
791e9f4c-b303-4d68-9909-b8d1541ee67a	22	38903109	50796027	8069	-0.0036
791e9f4c-b303-4d68-9909-b8d1541ee67a	X	251810	103999203	53715	0.0014
791e9f4c-b303-4d68-9909-b8d1541ee67a	X	104003417	104050792	58	0.577
791e9f4c-b303-4d68-9909-b8d1541ee67a	X	104083894	155952689	29794	0.0004
791e9f4c-b303-4d68-9909-b8d1541ee67a	Y	2782397	6233384	784	-2.7354
791e9f4c-b303-4d68-9909-b8d1541ee67a	Y	6249869	8484811	1072	-3.1114
791e9f4c-b303-4d68-9909-b8d1541ee67a	Y	8485666	9921955	465	-3.5045
791e9f4c-b303-4d68-9909-b8d1541ee67a	Y	9937005	17053374	2696	-3.0684
791e9f4c-b303-4d68-9909-b8d1541ee67a	Y	17054981	17067660	8	-5.9263
791e9f4c-b303-4d68-9909-b8d1541ee67a	Y	17070391	26411101	1477	-3.1655
791e9f4c-b303-4d68-9909-b8d1541ee67a	Y	26411655	56872112	137	-2.7736
