GDC_Aliquot	Chromosome	Start	End	Num_Probes	Segment_Mean
07723492-863e-44a2-9b69-6385e30671c9	1	62920	259407	14	-0.6463
07723492-863e-44a2-9b69-6385e30671c9	1	259422	2917279	549	0.0484
07723492-863e-44a2-9b69-6385e30671c9	1	2924777	15470313	7574	0.1341
07723492-863e-44a2-9b69-6385e30671c9	1	15471008	15823420	191	0.0203
07723492-863e-44a2-9b69-6385e30671c9	1	15827002	15827430	6	-2.0307
07723492-863e-44a2-9b69-6385e30671c9	1	15827706	15828515	4	-0.806
07723492-863e-44a2-9b69-6385e30671c9	1	15839166	16037445	85	0.1741
07723492-863e-44a2-9b69-6385e30671c9	1	16041638	16052921	6	1.1445
07723492-863e-44a2-9b69-6385e30671c9	1	16063071	16609512	214	0.105
07723492-863e-44a2-9b69-6385e30671c9	1	16617118	16956580	108	-0.2249
07723492-863e-44a2-9b69-6385e30671c9	1	16958425	23602979	4338	0.1373
07723492-863e-44a2-9b69-6385e30671c9	1	23606067	45018113	11619	-0.8383
07723492-863e-44a2-9b69-6385e30671c9	1	45023602	45212146	84	-3.6538
07723492-863e-44a2-9b69-6385e30671c9	1	45216114	53553800	4404	-0.7905
07723492-863e-44a2-9b69-6385e30671c9	1	53553995	53560571	3	-4.6235
07723492-863e-44a2-9b69-6385e30671c9	1	53561879	56170134	1819	-0.8115
07723492-863e-44a2-9b69-6385e30671c9	1	56170583	56170722	2	-3.9619
07723492-863e-44a2-9b69-6385e30671c9	1	56170733	72303233	11411	-0.7916
07723492-863e-44a2-9b69-6385e30671c9	1	72303253	72345450	44	-1.4873
07723492-863e-44a2-9b69-6385e30671c9	1	72345465	76317149	2494	-0.7829
07723492-863e-44a2-9b69-6385e30671c9	1	76317190	76317706	2	-4.3837
07723492-863e-44a2-9b69-6385e30671c9	1	76318951	88160195	7812	-0.7947
07723492-863e-44a2-9b69-6385e30671c9	1	88164091	88166705	7	-3.7291
07723492-863e-44a2-9b69-6385e30671c9	1	88166738	90633656	1565	-0.8023
07723492-863e-44a2-9b69-6385e30671c9	1	90634163	90634219	2	-5.0821
07723492-863e-44a2-9b69-6385e30671c9	1	90634346	103587546	8000	-0.7908
07723492-863e-44a2-9b69-6385e30671c9	1	103589737	103760781	17	0.1746
07723492-863e-44a2-9b69-6385e30671c9	1	103760879	105470754	910	-0.7998
07723492-863e-44a2-9b69-6385e30671c9	1	105476583	105481448	19	-0.0678
07723492-863e-44a2-9b69-6385e30671c9	1	105481468	112147704	4551	-0.8137
07723492-863e-44a2-9b69-6385e30671c9	1	112153343	112154619	23	-1.7542
07723492-863e-44a2-9b69-6385e30671c9	1	112154754	118508277	3978	-0.8099
07723492-863e-44a2-9b69-6385e30671c9	1	118510964	121705338	1139	0.7329
07723492-863e-44a2-9b69-6385e30671c9	1	143459641	143942271	128	-0.4612
07723492-863e-44a2-9b69-6385e30671c9	1	144432083	146024973	168	0.1313
07723492-863e-44a2-9b69-6385e30671c9	1	146028202	149904595	748	0.7108
07723492-863e-44a2-9b69-6385e30671c9	1	149906351	151630171	823	0.6083
07723492-863e-44a2-9b69-6385e30671c9	1	151630186	152583051	574	0.7249
07723492-863e-44a2-9b69-6385e30671c9	1	152583230	152614064	33	-1.6717
07723492-863e-44a2-9b69-6385e30671c9	1	152614100	153458944	712	0.7206
07723492-863e-44a2-9b69-6385e30671c9	1	153459085	156478149	1387	0.6344
07723492-863e-44a2-9b69-6385e30671c9	1	156489907	165680614	6668	0.7266
07723492-863e-44a2-9b69-6385e30671c9	1	165681916	199999140	22693	-0.79
07723492-863e-44a2-9b69-6385e30671c9	1	199999655	204501001	3014	-0.8581
07723492-863e-44a2-9b69-6385e30671c9	1	204501076	206491719	1152	-0.802
07723492-863e-44a2-9b69-6385e30671c9	1	206491914	206496625	4	-3.7854
07723492-863e-44a2-9b69-6385e30671c9	1	206500262	225700987	13178	-0.8073
07723492-863e-44a2-9b69-6385e30671c9	1	225705613	226425248	390	0.1136
07723492-863e-44a2-9b69-6385e30671c9	1	226425532	226425698	2	-1.2356
07723492-863e-44a2-9b69-6385e30671c9	1	226428251	231777147	3444	0.1633
07723492-863e-44a2-9b69-6385e30671c9	1	231779862	232149461	303	-0.8013
07723492-863e-44a2-9b69-6385e30671c9	1	232149492	232155082	3	-4.1408
07723492-863e-44a2-9b69-6385e30671c9	1	232156940	232245588	69	-0.7881
07723492-863e-44a2-9b69-6385e30671c9	1	232246203	240228440	6216	0.1497
07723492-863e-44a2-9b69-6385e30671c9	1	240230715	240230824	5	-1.8272
07723492-863e-44a2-9b69-6385e30671c9	1	240230839	246612622	4497	0.1628
07723492-863e-44a2-9b69-6385e30671c9	1	246614469	246689840	46	-0.9986
07723492-863e-44a2-9b69-6385e30671c9	1	246689898	246763297	35	-4.7431
07723492-863e-44a2-9b69-6385e30671c9	1	246765881	248574146	1086	-0.7824
07723492-863e-44a2-9b69-6385e30671c9	1	248585893	248645808	34	-2.2509
07723492-863e-44a2-9b69-6385e30671c9	1	248646068	248774730	47	-0.7769
07723492-863e-44a2-9b69-6385e30671c9	1	248774991	248930189	88	-1.3647
07723492-863e-44a2-9b69-6385e30671c9	2	12784	21833	4	-0.6476
07723492-863e-44a2-9b69-6385e30671c9	2	22492	4168830	2983	0.1703
07723492-863e-44a2-9b69-6385e30671c9	2	4168862	4175922	33	0.5884
07723492-863e-44a2-9b69-6385e30671c9	2	4175977	34466002	21030	0.1782
07723492-863e-44a2-9b69-6385e30671c9	2	34474248	34512096	47	-0.1768
07723492-863e-44a2-9b69-6385e30671c9	2	34512489	49295759	10706	0.1761
07723492-863e-44a2-9b69-6385e30671c9	2	49305903	49311506	5	-0.9545
07723492-863e-44a2-9b69-6385e30671c9	2	49314051	52514599	2268	0.1737
07723492-863e-44a2-9b69-6385e30671c9	2	52516787	52527743	8	-1.0732
07723492-863e-44a2-9b69-6385e30671c9	2	52531615	52554188	26	-0.4342
07723492-863e-44a2-9b69-6385e30671c9	2	52554236	87228594	21995	0.1654
07723492-863e-44a2-9b69-6385e30671c9	2	87229739	87465499	43	-0.1404
07723492-863e-44a2-9b69-6385e30671c9	2	87466706	97051535	1697	0.1547
07723492-863e-44a2-9b69-6385e30671c9	2	97052599	97130080	25	-0.7002
07723492-863e-44a2-9b69-6385e30671c9	2	97136585	97348052	41	-0.2815
07723492-863e-44a2-9b69-6385e30671c9	2	97350393	97359885	11	-1.0151
07723492-863e-44a2-9b69-6385e30671c9	2	97524284	119136056	12887	0.175
07723492-863e-44a2-9b69-6385e30671c9	2	119137306	119137389	2	-1.9488
07723492-863e-44a2-9b69-6385e30671c9	2	119139187	122714543	2166	0.1792
07723492-863e-44a2-9b69-6385e30671c9	2	122714603	122724665	12	-0.4091
07723492-863e-44a2-9b69-6385e30671c9	2	122726077	125684646	1945	0.1711
07723492-863e-44a2-9b69-6385e30671c9	2	125694074	125694336	2	-2.074
07723492-863e-44a2-9b69-6385e30671c9	2	125694355	150174288	14634	0.1752
07723492-863e-44a2-9b69-6385e30671c9	2	150174937	150181218	5	-0.7515
07723492-863e-44a2-9b69-6385e30671c9	2	150182694	154033296	2609	0.1746
07723492-863e-44a2-9b69-6385e30671c9	2	154039462	154039969	2	-1.9693
07723492-863e-44a2-9b69-6385e30671c9	2	154043710	159102108	2902	0.1621
07723492-863e-44a2-9b69-6385e30671c9	2	159103831	159104461	2	-2.0714
07723492-863e-44a2-9b69-6385e30671c9	2	159106775	159278173	137	0.2045
07723492-863e-44a2-9b69-6385e30671c9	2	159278398	159470390	123	-0.1304
07723492-863e-44a2-9b69-6385e30671c9	2	159471670	215499312	33968	0.1771
07723492-863e-44a2-9b69-6385e30671c9	2	215507273	216170477	461	-0.7879
07723492-863e-44a2-9b69-6385e30671c9	2	216177775	219235107	1910	0.176
07723492-863e-44a2-9b69-6385e30671c9	2	219247389	220195445	569	-0.8522
07723492-863e-44a2-9b69-6385e30671c9	2	220198193	221972983	1257	0.1731
07723492-863e-44a2-9b69-6385e30671c9	2	221974919	224328340	1591	-0.813
07723492-863e-44a2-9b69-6385e30671c9	2	224330928	224608565	181	0.176
07723492-863e-44a2-9b69-6385e30671c9	2	224614291	225606480	663	-0.8072
07723492-863e-44a2-9b69-6385e30671c9	2	225607990	226924244	857	0.1892
07723492-863e-44a2-9b69-6385e30671c9	2	226928013	242147305	9334	-0.8455
07723492-863e-44a2-9b69-6385e30671c9	3	20930	627230	523	0.1592
07723492-863e-44a2-9b69-6385e30671c9	3	627696	630723	5	-0.9294
07723492-863e-44a2-9b69-6385e30671c9	3	632020	6603914	5276	0.1699
07723492-863e-44a2-9b69-6385e30671c9	3	6604856	6613684	27	-0.3099
07723492-863e-44a2-9b69-6385e30671c9	3	6613728	9308603	2354	0.1857
07723492-863e-44a2-9b69-6385e30671c9	3	9311694	10406742	612	0.107
07723492-863e-44a2-9b69-6385e30671c9	3	10406765	10916018	419	0.2136
07723492-863e-44a2-9b69-6385e30671c9	3	10918877	14465690	2525	0.1225
07723492-863e-44a2-9b69-6385e30671c9	3	14469590	46751887	21390	0.1775
07723492-863e-44a2-9b69-6385e30671c9	3	46760327	46808099	40	-0.6025
07723492-863e-44a2-9b69-6385e30671c9	3	46817989	46860164	20	0.2775
07723492-863e-44a2-9b69-6385e30671c9	3	46860502	53416306	2746	0.11
07723492-863e-44a2-9b69-6385e30671c9	3	53416484	57119654	2766	0.1951
07723492-863e-44a2-9b69-6385e30671c9	3	57119841	58574316	740	0.1265
07723492-863e-44a2-9b69-6385e30671c9	3	58577556	68682877	8268	0.2031
07723492-863e-44a2-9b69-6385e30671c9	3	68697013	68698262	15	1.3274
07723492-863e-44a2-9b69-6385e30671c9	3	68699607	75519398	4924	0.1835
07723492-863e-44a2-9b69-6385e30671c9	3	75523398	75528153	3	-1.4859
07723492-863e-44a2-9b69-6385e30671c9	3	75529707	99218940	10973	0.1657
07723492-863e-44a2-9b69-6385e30671c9	3	99225614	99226455	14	-1.5844
07723492-863e-44a2-9b69-6385e30671c9	3	99226551	99230194	12	-3.2585
07723492-863e-44a2-9b69-6385e30671c9	3	99230212	99230577	12	-1.14
07723492-863e-44a2-9b69-6385e30671c9	3	99232120	116028065	10110	0.1827
07723492-863e-44a2-9b69-6385e30671c9	3	116029325	116702935	485	-0.7969
07723492-863e-44a2-9b69-6385e30671c9	3	116706587	119001132	1633	0.1831
07723492-863e-44a2-9b69-6385e30671c9	3	119012086	119631498	365	-0.7881
07723492-863e-44a2-9b69-6385e30671c9	3	119632551	119635091	5	-5.075
07723492-863e-44a2-9b69-6385e30671c9	3	119636564	130044016	6005	-0.8344
07723492-863e-44a2-9b69-6385e30671c9	3	130044855	130166832	64	-0.111
07723492-863e-44a2-9b69-6385e30671c9	3	130170943	162795304	20033	-0.8056
07723492-863e-44a2-9b69-6385e30671c9	3	162795361	162898127	61	-1.8705
07723492-863e-44a2-9b69-6385e30671c9	3	162906054	163944583	591	-0.8398
07723492-863e-44a2-9b69-6385e30671c9	3	163944636	163944933	2	-6.7936
07723492-863e-44a2-9b69-6385e30671c9	3	163945063	196211647	20142	-0.8102
07723492-863e-44a2-9b69-6385e30671c9	3	196219296	196219664	2	-4.3726
07723492-863e-44a2-9b69-6385e30671c9	3	196230006	198169247	954	-0.7885
07723492-863e-44a2-9b69-6385e30671c9	4	68929	8022158	4676	0.1625
07723492-863e-44a2-9b69-6385e30671c9	4	8027210	8105504	65	-1.0472
07723492-863e-44a2-9b69-6385e30671c9	4	8108356	9455251	405	0.1641
07723492-863e-44a2-9b69-6385e30671c9	4	9459504	9477699	6	1.786
07723492-863e-44a2-9b69-6385e30671c9	4	9484440	10208670	536	0.1884
07723492-863e-44a2-9b69-6385e30671c9	4	10208766	10232642	31	-0.6846
07723492-863e-44a2-9b69-6385e30671c9	4	10232984	25554958	11191	0.1803
07723492-863e-44a2-9b69-6385e30671c9	4	25555425	25576647	18	0.7376
07723492-863e-44a2-9b69-6385e30671c9	4	25583761	34777432	5749	0.1576
07723492-863e-44a2-9b69-6385e30671c9	4	34784878	34823103	38	-0.3313
07723492-863e-44a2-9b69-6385e30671c9	4	34828250	49656206	8981	0.1708
07723492-863e-44a2-9b69-6385e30671c9	4	49656595	52146754	192	0.7163
07723492-863e-44a2-9b69-6385e30671c9	4	52157210	63828222	7360	0.1708
07723492-863e-44a2-9b69-6385e30671c9	4	63831751	63839810	16	-0.3188
07723492-863e-44a2-9b69-6385e30671c9	4	63839893	68361130	2860	0.1624
07723492-863e-44a2-9b69-6385e30671c9	4	68378716	68422424	11	-0.8331
07723492-863e-44a2-9b69-6385e30671c9	4	68429081	68501424	11	0.1878
07723492-863e-44a2-9b69-6385e30671c9	4	68506285	68620122	64	0.6941
07723492-863e-44a2-9b69-6385e30671c9	4	68620261	69412731	391	0.2839
07723492-863e-44a2-9b69-6385e30671c9	4	69414814	114252544	27259	0.1731
07723492-863e-44a2-9b69-6385e30671c9	4	114254167	114263073	24	0.9177
07723492-863e-44a2-9b69-6385e30671c9	4	114263096	137171085	13221	0.1692
07723492-863e-44a2-9b69-6385e30671c9	4	137171266	137172260	13	-0.5609
07723492-863e-44a2-9b69-6385e30671c9	4	137173804	180958663	27493	0.1728
07723492-863e-44a2-9b69-6385e30671c9	4	180961639	181126623	103	-0.8404
07723492-863e-44a2-9b69-6385e30671c9	4	181129582	189323884	5900	0.184
07723492-863e-44a2-9b69-6385e30671c9	4	189324392	189933750	297	-0.7339
07723492-863e-44a2-9b69-6385e30671c9	4	189938640	190106768	36	0.1213
07723492-863e-44a2-9b69-6385e30671c9	5	15532	773453	333	0.1171
07723492-863e-44a2-9b69-6385e30671c9	5	779766	833513	20	-0.5128
07723492-863e-44a2-9b69-6385e30671c9	5	852451	15716018	11788	0.1859
07723492-863e-44a2-9b69-6385e30671c9	5	15718383	15720488	12	-0.6395
07723492-863e-44a2-9b69-6385e30671c9	5	15723237	46172275	18431	0.1694
07723492-863e-44a2-9b69-6385e30671c9	5	46174762	46209780	10	0.8079
07723492-863e-44a2-9b69-6385e30671c9	5	46209816	46271006	13	0.0629
07723492-863e-44a2-9b69-6385e30671c9	5	46271828	46273400	6	-2.4738
07723492-863e-44a2-9b69-6385e30671c9	5	46278110	58030453	5061	0.1741
07723492-863e-44a2-9b69-6385e30671c9	5	58033288	58036727	23	-0.3162
07723492-863e-44a2-9b69-6385e30671c9	5	58036817	79493832	12641	0.1844
07723492-863e-44a2-9b69-6385e30671c9	5	79495576	79510352	4	-1.3138
07723492-863e-44a2-9b69-6385e30671c9	5	79511053	85790576	3711	0.1736
07723492-863e-44a2-9b69-6385e30671c9	5	85791010	85797753	2	-1.2314
07723492-863e-44a2-9b69-6385e30671c9	5	85797936	96703658	5899	0.1782
07723492-863e-44a2-9b69-6385e30671c9	5	96703926	97050875	224	-0.8505
07723492-863e-44a2-9b69-6385e30671c9	5	97051164	97051263	2	-2.6322
07723492-863e-44a2-9b69-6385e30671c9	5	97051329	97575366	311	-0.7666
07723492-863e-44a2-9b69-6385e30671c9	5	97575825	97580979	2	-2.7362
07723492-863e-44a2-9b69-6385e30671c9	5	97582130	108111420	6336	-0.7854
07723492-863e-44a2-9b69-6385e30671c9	5	108113766	108150277	21	-3.88
07723492-863e-44a2-9b69-6385e30671c9	5	108156560	114781684	4531	-0.8022
07723492-863e-44a2-9b69-6385e30671c9	5	114782275	116154368	925	0.1997
07723492-863e-44a2-9b69-6385e30671c9	5	116157916	117174315	881	-0.8276
07723492-863e-44a2-9b69-6385e30671c9	5	117177468	117338371	119	0.1813
07723492-863e-44a2-9b69-6385e30671c9	5	117345101	122727485	3511	-0.802
07723492-863e-44a2-9b69-6385e30671c9	5	122728726	123914295	769	0.1619
07723492-863e-44a2-9b69-6385e30671c9	5	123918036	123922088	2	-0.9967
07723492-863e-44a2-9b69-6385e30671c9	5	123923687	125663445	1201	0.1931
07723492-863e-44a2-9b69-6385e30671c9	5	125667453	126360998	502	-0.8106
07723492-863e-44a2-9b69-6385e30671c9	5	126361299	129545332	1879	0.19
07723492-863e-44a2-9b69-6385e30671c9	5	129545482	134943933	3043	0.148
07723492-863e-44a2-9b69-6385e30671c9	5	134944275	137834169	2044	0.2096
07723492-863e-44a2-9b69-6385e30671c9	5	137834367	141745425	1752	0.134
07723492-863e-44a2-9b69-6385e30671c9	5	141747085	152135825	7112	0.182
07723492-863e-44a2-9b69-6385e30671c9	5	152135909	152140710	14	-0.5087
07723492-863e-44a2-9b69-6385e30671c9	5	152140861	175946505	16704	0.1815
07723492-863e-44a2-9b69-6385e30671c9	5	175960543	176033084	13	0.7834
07723492-863e-44a2-9b69-6385e30671c9	5	176038686	176042504	2	-1.8314
07723492-863e-44a2-9b69-6385e30671c9	5	176043321	177739139	718	0.1155
07723492-863e-44a2-9b69-6385e30671c9	5	177740962	177771448	3	-1.2597
07723492-863e-44a2-9b69-6385e30671c9	5	177800550	177805604	3	3.1202
07723492-863e-44a2-9b69-6385e30671c9	5	177827964	181363319	1985	0.1483
07723492-863e-44a2-9b69-6385e30671c9	6	149661	12363045	9666	-0.8384
07723492-863e-44a2-9b69-6385e30671c9	6	12367514	19039888	4974	0.1674
07723492-863e-44a2-9b69-6385e30671c9	6	19041950	19042587	3	-3.8378
07723492-863e-44a2-9b69-6385e30671c9	6	19044471	29869295	6864	0.168
07723492-863e-44a2-9b69-6385e30671c9	6	29869410	29881490	16	-0.7188
07723492-863e-44a2-9b69-6385e30671c9	6	29882419	31319445	664	0.1778
07723492-863e-44a2-9b69-6385e30671c9	6	31319724	31328176	3	-1.8825
07723492-863e-44a2-9b69-6385e30671c9	6	31328210	32529339	515	0.1371
07723492-863e-44a2-9b69-6385e30671c9	6	32529429	32550992	7	-1.3214
07723492-863e-44a2-9b69-6385e30671c9	6	32559507	32656527	37	-0.1552
07723492-863e-44a2-9b69-6385e30671c9	6	32656814	32658841	5	1.3392
07723492-863e-44a2-9b69-6385e30671c9	6	32682835	33157719	331	0.1921
07723492-863e-44a2-9b69-6385e30671c9	6	33157965	37236485	2336	0.1245
07723492-863e-44a2-9b69-6385e30671c9	6	37236607	41591018	3183	0.1972
07723492-863e-44a2-9b69-6385e30671c9	6	41591214	43819024	1176	0.1164
07723492-863e-44a2-9b69-6385e30671c9	6	43820018	54066353	6643	0.1814
07723492-863e-44a2-9b69-6385e30671c9	6	54066432	54067057	6	1.3225
07723492-863e-44a2-9b69-6385e30671c9	6	54070550	64627049	4221	0.1776
07723492-863e-44a2-9b69-6385e30671c9	6	64637651	64639099	2	-2.3408
07723492-863e-44a2-9b69-6385e30671c9	6	64640883	76305231	7631	0.1688
07723492-863e-44a2-9b69-6385e30671c9	6	76307183	76307194	2	-2.1155
07723492-863e-44a2-9b69-6385e30671c9	6	76307209	76726815	297	0.1715
07723492-863e-44a2-9b69-6385e30671c9	6	76730151	76742665	15	-0.4697
07723492-863e-44a2-9b69-6385e30671c9	6	76742675	78253172	982	0.1734
07723492-863e-44a2-9b69-6385e30671c9	6	78259348	78325457	111	-0.179
07723492-863e-44a2-9b69-6385e30671c9	6	78325468	95521230	10749	0.176
07723492-863e-44a2-9b69-6385e30671c9	6	95521966	95521999	2	-1.4687
07723492-863e-44a2-9b69-6385e30671c9	6	95530237	110073703	8976	0.1707
07723492-863e-44a2-9b69-6385e30671c9	6	110074988	110092034	18	-0.8574
07723492-863e-44a2-9b69-6385e30671c9	6	110094225	112850006	1699	0.1629
07723492-863e-44a2-9b69-6385e30671c9	6	112850185	112853063	2	-1.3777
07723492-863e-44a2-9b69-6385e30671c9	6	112853079	122000721	5383	0.1723
07723492-863e-44a2-9b69-6385e30671c9	6	122003745	122340193	193	0.6942
07723492-863e-44a2-9b69-6385e30671c9	6	122348687	123386587	605	0.1595
07723492-863e-44a2-9b69-6385e30671c9	6	123390695	126054943	1834	0.7693
07723492-863e-44a2-9b69-6385e30671c9	6	126057681	128107408	1105	0.1696
07723492-863e-44a2-9b69-6385e30671c9	6	128111285	128115270	7	-0.6984
07723492-863e-44a2-9b69-6385e30671c9	6	128118669	133945130	3971	0.1834
07723492-863e-44a2-9b69-6385e30671c9	6	133947933	133948494	2	-1.5777
07723492-863e-44a2-9b69-6385e30671c9	6	133950934	138629103	3263	0.1712
07723492-863e-44a2-9b69-6385e30671c9	6	138633636	138737216	70	0.6772
07723492-863e-44a2-9b69-6385e30671c9	6	138741908	145739057	4247	0.1703
07723492-863e-44a2-9b69-6385e30671c9	6	145743484	149713621	2684	0.7258
07723492-863e-44a2-9b69-6385e30671c9	6	149721691	153636235	2891	0.172
07723492-863e-44a2-9b69-6385e30671c9	6	153639651	153640284	2	-2.811
07723492-863e-44a2-9b69-6385e30671c9	6	153640764	154993445	935	0.1576
07723492-863e-44a2-9b69-6385e30671c9	6	154996635	155165067	106	0.7284
07723492-863e-44a2-9b69-6385e30671c9	6	155166138	155172156	3	1.5528
07723492-863e-44a2-9b69-6385e30671c9	6	155172178	155314351	106	0.7167
07723492-863e-44a2-9b69-6385e30671c9	6	155319747	161391900	4039	0.1725
07723492-863e-44a2-9b69-6385e30671c9	6	161393275	163615766	1775	-0.8569
07723492-863e-44a2-9b69-6385e30671c9	6	163618240	164051213	402	0.1849
07723492-863e-44a2-9b69-6385e30671c9	6	164051300	164348816	248	0.7551
07723492-863e-44a2-9b69-6385e30671c9	6	164352089	170741917	4254	0.1523
07723492-863e-44a2-9b69-6385e30671c9	7	43355	2947576	1065	0.1109
07723492-863e-44a2-9b69-6385e30671c9	7	2948395	4472248	1317	0.1792
07723492-863e-44a2-9b69-6385e30671c9	7	4472675	6739639	1025	0.1053
07723492-863e-44a2-9b69-6385e30671c9	7	6758397	38254500	23931	0.1845
07723492-863e-44a2-9b69-6385e30671c9	7	38255395	38317124	90	0.4771
07723492-863e-44a2-9b69-6385e30671c9	7	38317144	54318812	11003	0.178
07723492-863e-44a2-9b69-6385e30671c9	7	54318816	54318824	5	-2.0438
07723492-863e-44a2-9b69-6385e30671c9	7	54325795	130744427	40872	0.1681
07723492-863e-44a2-9b69-6385e30671c9	7	130751030	130924547	109	-0.8587
07723492-863e-44a2-9b69-6385e30671c9	7	130926224	134093896	2173	0.1923
07723492-863e-44a2-9b69-6385e30671c9	7	134093899	134113314	32	-0.167
07723492-863e-44a2-9b69-6385e30671c9	7	134113356	142407094	5476	0.1723
07723492-863e-44a2-9b69-6385e30671c9	7	142407498	142938468	306	0.2955
07723492-863e-44a2-9b69-6385e30671c9	7	142939457	144199159	644	0.1827
07723492-863e-44a2-9b69-6385e30671c9	7	144207186	144352208	15	1.3863
07723492-863e-44a2-9b69-6385e30671c9	7	144377836	159294115	9585	0.1621
07723492-863e-44a2-9b69-6385e30671c9	7	159294377	159296834	2	-1.5398
07723492-863e-44a2-9b69-6385e30671c9	7	159296938	159334314	41	0.0926
07723492-863e-44a2-9b69-6385e30671c9	8	81254	7167045	7711	0.1779
07723492-863e-44a2-9b69-6385e30671c9	8	7172468	7380497	29	-0.5368
07723492-863e-44a2-9b69-6385e30671c9	8	7396819	12143614	3267	0.1752
07723492-863e-44a2-9b69-6385e30671c9	8	12176798	12389898	30	0.6275
07723492-863e-44a2-9b69-6385e30671c9	8	12389977	12585546	20	0.129
07723492-863e-44a2-9b69-6385e30671c9	8	12616034	12672773	12	-0.5214
07723492-863e-44a2-9b69-6385e30671c9	8	12673233	12788880	81	0.204
07723492-863e-44a2-9b69-6385e30671c9	8	12791219	12795017	4	-1.2174
07723492-863e-44a2-9b69-6385e30671c9	8	12796024	16404726	3415	0.1707
07723492-863e-44a2-9b69-6385e30671c9	8	16404738	16417152	27	-0.5535
07723492-863e-44a2-9b69-6385e30671c9	8	16421186	25114672	6842	0.1833
07723492-863e-44a2-9b69-6385e30671c9	8	25116928	25126818	27	-2.3065
07723492-863e-44a2-9b69-6385e30671c9	8	25133589	40326278	9647	0.1676
07723492-863e-44a2-9b69-6385e30671c9	8	40326280	40331992	33	-0.6903
07723492-863e-44a2-9b69-6385e30671c9	8	40335391	51361450	4713	0.1614
07723492-863e-44a2-9b69-6385e30671c9	8	51366345	51388411	17	-0.7777
07723492-863e-44a2-9b69-6385e30671c9	8	51394750	101959687	31007	0.1742
07723492-863e-44a2-9b69-6385e30671c9	8	101960492	101962129	2	-1.7328
07723492-863e-44a2-9b69-6385e30671c9	8	101962454	111282417	5578	0.1813
07723492-863e-44a2-9b69-6385e30671c9	8	111282441	111283031	6	3.655
07723492-863e-44a2-9b69-6385e30671c9	8	111288052	122265367	7001	0.1785
07723492-863e-44a2-9b69-6385e30671c9	8	122267781	122319112	31	-0.7414
07723492-863e-44a2-9b69-6385e30671c9	8	122321829	128735944	4601	0.1967
07723492-863e-44a2-9b69-6385e30671c9	8	128739928	128750889	5	-1.0176
07723492-863e-44a2-9b69-6385e30671c9	8	128751839	136881227	6269	0.1943
07723492-863e-44a2-9b69-6385e30671c9	8	136882257	136882271	2	-1.9415
07723492-863e-44a2-9b69-6385e30671c9	8	136888490	139307091	2021	0.1867
07723492-863e-44a2-9b69-6385e30671c9	8	139307464	139441609	106	0.7235
07723492-863e-44a2-9b69-6385e30671c9	8	139444302	143616987	2326	0.1521
07723492-863e-44a2-9b69-6385e30671c9	8	143622987	143643786	13	-0.7248
07723492-863e-44a2-9b69-6385e30671c9	8	143645483	145072769	498	0.096
07723492-863e-44a2-9b69-6385e30671c9	9	46587	27581476	23282	-0.8027
07723492-863e-44a2-9b69-6385e30671c9	9	27581982	27582933	6	-2.9229
07723492-863e-44a2-9b69-6385e30671c9	9	27590145	38805383	7521	-0.8062
07723492-863e-44a2-9b69-6385e30671c9	9	38808961	39588611	67	-0.3558
07723492-863e-44a2-9b69-6385e30671c9	9	39747848	42709863	150	0.361
07723492-863e-44a2-9b69-6385e30671c9	9	42711956	61647899	78	-0.4906
07723492-863e-44a2-9b69-6385e30671c9	9	61665362	64493528	95	0.2682
07723492-863e-44a2-9b69-6385e30671c9	9	64495298	67073081	51	-0.0863
07723492-863e-44a2-9b69-6385e30671c9	9	67073620	68954916	524	0.7104
07723492-863e-44a2-9b69-6385e30671c9	9	68963590	69003182	32	0.1702
07723492-863e-44a2-9b69-6385e30671c9	9	69003329	69118752	115	0.6938
07723492-863e-44a2-9b69-6385e30671c9	9	69125255	69127809	3	-0.4085
07723492-863e-44a2-9b69-6385e30671c9	9	69131137	73049577	2841	0.7097
07723492-863e-44a2-9b69-6385e30671c9	9	73050771	73596240	317	0.1837
07723492-863e-44a2-9b69-6385e30671c9	9	73597845	116766108	30888	0.7143
07723492-863e-44a2-9b69-6385e30671c9	9	116766649	117550053	779	0.1966
07723492-863e-44a2-9b69-6385e30671c9	9	117555131	119199762	1271	0.7201
07723492-863e-44a2-9b69-6385e30671c9	9	119200292	119966964	731	0.1944
07723492-863e-44a2-9b69-6385e30671c9	9	119971920	121473377	997	0.7156
07723492-863e-44a2-9b69-6385e30671c9	9	121475949	126331062	2965	0.1596
07723492-863e-44a2-9b69-6385e30671c9	9	126332084	126340997	10	0.83
07723492-863e-44a2-9b69-6385e30671c9	9	126343444	131600790	2946	0.1121
07723492-863e-44a2-9b69-6385e30671c9	9	131601290	135455962	2467	0.1557
07723492-863e-44a2-9b69-6385e30671c9	9	135458638	138200944	1008	0.0982
07723492-863e-44a2-9b69-6385e30671c9	10	45792	235956	92	-0.6833
07723492-863e-44a2-9b69-6385e30671c9	10	241824	24086334	19078	0.1664
07723492-863e-44a2-9b69-6385e30671c9	10	24088745	24089125	11	1.2692
07723492-863e-44a2-9b69-6385e30671c9	10	24089979	25495623	969	0.1848
07723492-863e-44a2-9b69-6385e30671c9	10	25496566	46522571	11463	0.1554
07723492-863e-44a2-9b69-6385e30671c9	10	46525652	46526061	10	-0.5225
07723492-863e-44a2-9b69-6385e30671c9	10	46526086	46560525	28	0.1004
07723492-863e-44a2-9b69-6385e30671c9	10	46606240	46810571	15	0.5902
07723492-863e-44a2-9b69-6385e30671c9	10	46836986	51445316	2574	0.2028
07723492-863e-44a2-9b69-6385e30671c9	10	51447874	51451689	6	-1.1175
07723492-863e-44a2-9b69-6385e30671c9	10	51457463	59120047	5731	0.1746
07723492-863e-44a2-9b69-6385e30671c9	10	59120957	59125865	2	-1.3177
07723492-863e-44a2-9b69-6385e30671c9	10	59125961	65546518	4354	0.1767
07723492-863e-44a2-9b69-6385e30671c9	10	65548165	65554672	27	0.6343
07723492-863e-44a2-9b69-6385e30671c9	10	65554688	71580221	4205	0.16
07723492-863e-44a2-9b69-6385e30671c9	10	71582394	75467672	1824	0.1175
07723492-863e-44a2-9b69-6385e30671c9	10	75468005	79689251	3194	0.2022
07723492-863e-44a2-9b69-6385e30671c9	10	79689972	79838023	26	-0.5803
07723492-863e-44a2-9b69-6385e30671c9	10	79838299	132361249	36324	0.1744
07723492-863e-44a2-9b69-6385e30671c9	10	132361462	133654968	549	-0.8871
07723492-863e-44a2-9b69-6385e30671c9	11	198510	253662	37	0.055
07723492-863e-44a2-9b69-6385e30671c9	11	253841	254010	2	-2.9296
07723492-863e-44a2-9b69-6385e30671c9	11	254064	1735558	512	0.1168
07723492-863e-44a2-9b69-6385e30671c9	11	1739326	1793531	12	-0.4497
07723492-863e-44a2-9b69-6385e30671c9	11	1794865	5768511	2668	0.1744
07723492-863e-44a2-9b69-6385e30671c9	11	5768639	5788108	28	0.8588
07723492-863e-44a2-9b69-6385e30671c9	11	5788231	18919323	9391	0.1802
07723492-863e-44a2-9b69-6385e30671c9	11	18927525	18940375	44	0.9985
07723492-863e-44a2-9b69-6385e30671c9	11	18940441	31371747	9066	0.1822
07723492-863e-44a2-9b69-6385e30671c9	11	31372721	31375533	2	-2.2954
07723492-863e-44a2-9b69-6385e30671c9	11	31376660	46227594	10477	0.1749
07723492-863e-44a2-9b69-6385e30671c9	11	46228312	47640372	539	0.117
07723492-863e-44a2-9b69-6385e30671c9	11	47640672	47731223	44	-0.1016
07723492-863e-44a2-9b69-6385e30671c9	11	47731533	48263872	289	0.114
07723492-863e-44a2-9b69-6385e30671c9	11	48264596	55606572	1311	0.1797
07723492-863e-44a2-9b69-6385e30671c9	11	55606712	55686100	58	0.7427
07723492-863e-44a2-9b69-6385e30671c9	11	55693207	61197828	3387	0.1852
07723492-863e-44a2-9b69-6385e30671c9	11	61197838	65621110	2004	0.1143
07723492-863e-44a2-9b69-6385e30671c9	11	65623342	65869038	116	0.202
07723492-863e-44a2-9b69-6385e30671c9	11	65877769	65917141	22	-0.9757
07723492-863e-44a2-9b69-6385e30671c9	11	65922038	67526837	607	0.0723
07723492-863e-44a2-9b69-6385e30671c9	11	67529387	67981787	143	0.2229
07723492-863e-44a2-9b69-6385e30671c9	11	67981851	78666168	5652	0.1524
07723492-863e-44a2-9b69-6385e30671c9	11	78668367	83029074	3449	0.1981
07723492-863e-44a2-9b69-6385e30671c9	11	83029334	85331357	1531	0.1104
07723492-863e-44a2-9b69-6385e30671c9	11	85334990	85732806	178	-0.7206
07723492-863e-44a2-9b69-6385e30671c9	11	85736568	105231552	13893	0.0964
07723492-863e-44a2-9b69-6385e30671c9	11	105237225	135043201	20981	-0.8278
07723492-863e-44a2-9b69-6385e30671c9	11	135051589	135074876	23	-5.3389
07723492-863e-44a2-9b69-6385e30671c9	12	51460	6073587	4485	0.1741
07723492-863e-44a2-9b69-6385e30671c9	12	6076950	9056857	1465	0.1117
07723492-863e-44a2-9b69-6385e30671c9	12	9065878	11066824	1271	0.178
07723492-863e-44a2-9b69-6385e30671c9	12	11068125	11088933	10	0.9224
07723492-863e-44a2-9b69-6385e30671c9	12	11099275	30082648	13246	0.1647
07723492-863e-44a2-9b69-6385e30671c9	12	30086334	30090756	24	-0.3758
07723492-863e-44a2-9b69-6385e30671c9	12	30090789	33141726	2251	0.1481
07723492-863e-44a2-9b69-6385e30671c9	12	33148472	33155563	31	-0.3697
07723492-863e-44a2-9b69-6385e30671c9	12	33155608	48330531	7285	0.1732
07723492-863e-44a2-9b69-6385e30671c9	12	48330546	60892077	7181	0.1402
07723492-863e-44a2-9b69-6385e30671c9	12	60892377	99386810	24765	0.1673
07723492-863e-44a2-9b69-6385e30671c9	12	99388588	99409315	39	0.4924
07723492-863e-44a2-9b69-6385e30671c9	12	99409340	111350598	7725	0.1711
07723492-863e-44a2-9b69-6385e30671c9	12	111351137	112476969	545	0.0644
07723492-863e-44a2-9b69-6385e30671c9	12	112477626	119965214	5622	0.1691
07723492-863e-44a2-9b69-6385e30671c9	12	119965234	123642475	1622	0.0903
07723492-863e-44a2-9b69-6385e30671c9	12	123642566	124769896	710	0.1566
07723492-863e-44a2-9b69-6385e30671c9	12	124775443	124878887	88	-0.9874
07723492-863e-44a2-9b69-6385e30671c9	12	124887427	131681750	5814	0.158
07723492-863e-44a2-9b69-6385e30671c9	12	131685523	133049381	483	0.6461
07723492-863e-44a2-9b69-6385e30671c9	12	133062699	133142838	32	1.365
07723492-863e-44a2-9b69-6385e30671c9	12	133145615	133201603	31	0.7321
07723492-863e-44a2-9b69-6385e30671c9	13	18452809	50056170	21720	-0.8186
07723492-863e-44a2-9b69-6385e30671c9	13	50060292	50123244	21	-3.5501
07723492-863e-44a2-9b69-6385e30671c9	13	50133949	57176962	3946	-0.7962
07723492-863e-44a2-9b69-6385e30671c9	13	57184136	57204246	34	-2.1028
07723492-863e-44a2-9b69-6385e30671c9	13	57215580	59292445	1234	-0.8002
07723492-863e-44a2-9b69-6385e30671c9	13	59298379	59299730	2	-5.619
07723492-863e-44a2-9b69-6385e30671c9	13	59301849	65266426	3467	-0.8003
07723492-863e-44a2-9b69-6385e30671c9	13	65272834	68386822	1949	0.1575
07723492-863e-44a2-9b69-6385e30671c9	13	68403714	68479516	53	-0.734
07723492-863e-44a2-9b69-6385e30671c9	13	68482035	70841566	1625	0.1597
07723492-863e-44a2-9b69-6385e30671c9	13	70842379	71057048	133	-0.7826
07723492-863e-44a2-9b69-6385e30671c9	13	71062435	73903739	1955	0.1802
07723492-863e-44a2-9b69-6385e30671c9	13	73904521	73931480	16	-0.763
07723492-863e-44a2-9b69-6385e30671c9	13	73937560	77897495	2785	0.1712
07723492-863e-44a2-9b69-6385e30671c9	13	77898709	77898793	2	-1.7187
07723492-863e-44a2-9b69-6385e30671c9	13	77899195	78360602	341	0.1935
07723492-863e-44a2-9b69-6385e30671c9	13	78364750	78590404	186	-0.8244
07723492-863e-44a2-9b69-6385e30671c9	13	78602928	82147880	2217	0.1613
07723492-863e-44a2-9b69-6385e30671c9	13	82148504	82202628	27	-0.2348
07723492-863e-44a2-9b69-6385e30671c9	13	82205235	112725616	21251	0.173
07723492-863e-44a2-9b69-6385e30671c9	13	112726922	113386239	342	-0.963
07723492-863e-44a2-9b69-6385e30671c9	13	113393156	113443185	24	0.1164
07723492-863e-44a2-9b69-6385e30671c9	13	113449942	114096463	253	-0.8963
07723492-863e-44a2-9b69-6385e30671c9	13	114114238	114157450	19	0.0796
07723492-863e-44a2-9b69-6385e30671c9	13	114158410	114196802	29	-0.7686
07723492-863e-44a2-9b69-6385e30671c9	13	114198282	114219598	13	0.0302
07723492-863e-44a2-9b69-6385e30671c9	13	114221858	114289187	25	-1.1943
07723492-863e-44a2-9b69-6385e30671c9	13	114296760	114342922	24	-4.2516
07723492-863e-44a2-9b69-6385e30671c9	14	18239283	19140829	36	0.085
07723492-863e-44a2-9b69-6385e30671c9	14	19143599	19955213	131	-0.235
07723492-863e-44a2-9b69-6385e30671c9	14	19956767	21789074	1208	0.1597
07723492-863e-44a2-9b69-6385e30671c9	14	21789578	22531112	668	0.3828
07723492-863e-44a2-9b69-6385e30671c9	14	22533736	106321086	52988	0.1674
07723492-863e-44a2-9b69-6385e30671c9	14	106340102	106346115	6	-2.3641
07723492-863e-44a2-9b69-6385e30671c9	14	106346129	106797501	226	0.1911
07723492-863e-44a2-9b69-6385e30671c9	14	106803543	106877229	49	-0.9091
07723492-863e-44a2-9b69-6385e30671c9	15	19811075	20376202	93	0.2574
07723492-863e-44a2-9b69-6385e30671c9	15	20376309	20381230	7	-0.4416
07723492-863e-44a2-9b69-6385e30671c9	15	20381406	21005443	57	0.3495
07723492-863e-44a2-9b69-6385e30671c9	15	21018354	22385639	50	0.6608
07723492-863e-44a2-9b69-6385e30671c9	15	22395047	30621384	4657	0.1716
07723492-863e-44a2-9b69-6385e30671c9	15	30628421	30644082	4	-1.0095
07723492-863e-44a2-9b69-6385e30671c9	15	30654103	40152133	6613	0.1792
07723492-863e-44a2-9b69-6385e30671c9	15	40152146	46139040	2895	0.1305
07723492-863e-44a2-9b69-6385e30671c9	15	46139434	50147081	2612	0.1886
07723492-863e-44a2-9b69-6385e30671c9	15	50147483	50516165	203	0.0632
07723492-863e-44a2-9b69-6385e30671c9	15	50520042	53902792	2207	0.1825
07723492-863e-44a2-9b69-6385e30671c9	15	53908153	53909163	2	-2.679
07723492-863e-44a2-9b69-6385e30671c9	15	53912031	63526290	6995	0.1767
07723492-863e-44a2-9b69-6385e30671c9	15	63527284	65977882	1169	0.1049
07723492-863e-44a2-9b69-6385e30671c9	15	65978269	76586021	6299	0.1626
07723492-863e-44a2-9b69-6385e30671c9	15	76598900	76603434	22	1.1902
07723492-863e-44a2-9b69-6385e30671c9	15	76609838	89550084	8267	0.1707
07723492-863e-44a2-9b69-6385e30671c9	15	89552546	90980483	840	0.0823
07723492-863e-44a2-9b69-6385e30671c9	15	90981316	101928837	8490	0.1782
07723492-863e-44a2-9b69-6385e30671c9	16	10777	310932	152	-0.8382
07723492-863e-44a2-9b69-6385e30671c9	16	314237	5372696	2257	0.0896
07723492-863e-44a2-9b69-6385e30671c9	16	5374811	6263107	1022	-0.8826
07723492-863e-44a2-9b69-6385e30671c9	16	6264934	6413773	185	0.1421
07723492-863e-44a2-9b69-6385e30671c9	16	6414142	6481393	66	-0.8769
07723492-863e-44a2-9b69-6385e30671c9	16	6481617	14954911	7391	0.1696
07723492-863e-44a2-9b69-6385e30671c9	16	14954987	15022400	51	-0.1693
07723492-863e-44a2-9b69-6385e30671c9	16	15031584	29030693	7795	0.1589
07723492-863e-44a2-9b69-6385e30671c9	16	29032129	31446836	749	0.0525
07723492-863e-44a2-9b69-6385e30671c9	16	31447275	34024595	315	0.1796
07723492-863e-44a2-9b69-6385e30671c9	16	34025587	35087092	31	0.4358
07723492-863e-44a2-9b69-6385e30671c9	16	35088117	35214946	92	0.1944
07723492-863e-44a2-9b69-6385e30671c9	16	35215237	35526596	174	0.6814
07723492-863e-44a2-9b69-6385e30671c9	16	35530722	46463450	134	0.1481
07723492-863e-44a2-9b69-6385e30671c9	16	46469294	55416801	6087	-0.8162
07723492-863e-44a2-9b69-6385e30671c9	16	55417705	55418307	5	-3.9983
07723492-863e-44a2-9b69-6385e30671c9	16	55420318	56684830	881	-0.8141
07723492-863e-44a2-9b69-6385e30671c9	16	56687958	56688660	2	-4.6269
07723492-863e-44a2-9b69-6385e30671c9	16	56690215	78337711	13570	-0.8338
07723492-863e-44a2-9b69-6385e30671c9	16	78338543	78345778	13	-2.2232
07723492-863e-44a2-9b69-6385e30671c9	16	78349243	81453721	3456	-0.862
07723492-863e-44a2-9b69-6385e30671c9	16	81453951	81464691	15	-1.8955
07723492-863e-44a2-9b69-6385e30671c9	16	81464795	84022882	2796	-0.859
07723492-863e-44a2-9b69-6385e30671c9	16	84023252	84110507	72	-5.8298
07723492-863e-44a2-9b69-6385e30671c9	16	84111233	90096867	4089	-0.91
07723492-863e-44a2-9b69-6385e30671c9	17	150733	655918	253	-0.8406
07723492-863e-44a2-9b69-6385e30671c9	17	656021	9044842	4730	0.1043
07723492-863e-44a2-9b69-6385e30671c9	17	9054567	9498644	314	-0.8631
07723492-863e-44a2-9b69-6385e30671c9	17	9499907	9501772	3	-2.3358
07723492-863e-44a2-9b69-6385e30671c9	17	9505277	9519923	19	-0.8182
07723492-863e-44a2-9b69-6385e30671c9	17	9522382	16096476	4834	0.1619
07723492-863e-44a2-9b69-6385e30671c9	17	16100996	16322930	94	-0.7998
07723492-863e-44a2-9b69-6385e30671c9	17	16325984	32957646	5452	0.129
07723492-863e-44a2-9b69-6385e30671c9	17	32958726	33604479	638	0.2174
07723492-863e-44a2-9b69-6385e30671c9	17	33605102	36109315	1871	0.1473
07723492-863e-44a2-9b69-6385e30671c9	17	36109735	36157718	35	0.7075
07723492-863e-44a2-9b69-6385e30671c9	17	36200725	41266838	2526	0.1192
07723492-863e-44a2-9b69-6385e30671c9	17	41266851	41274198	18	-1.0488
07723492-863e-44a2-9b69-6385e30671c9	17	41274279	44998325	1937	0.1143
07723492-863e-44a2-9b69-6385e30671c9	17	44999672	45000579	2	-1.6427
07723492-863e-44a2-9b69-6385e30671c9	17	45010734	45568527	213	0.1064
07723492-863e-44a2-9b69-6385e30671c9	17	45571138	45571174	2	-1.3856
07723492-863e-44a2-9b69-6385e30671c9	17	45577724	51347003	2860	0.1308
07723492-863e-44a2-9b69-6385e30671c9	17	51347446	58107502	4934	0.1852
07723492-863e-44a2-9b69-6385e30671c9	17	58107720	68663144	5547	0.1326
07723492-863e-44a2-9b69-6385e30671c9	17	68663156	74371488	4274	0.1676
07723492-863e-44a2-9b69-6385e30671c9	17	74372189	82547933	4081	0.1024
07723492-863e-44a2-9b69-6385e30671c9	17	82551739	82820392	155	0.5079
07723492-863e-44a2-9b69-6385e30671c9	17	82820905	83091923	152	0.1278
07723492-863e-44a2-9b69-6385e30671c9	18	48133	78539	4	-0.3282
07723492-863e-44a2-9b69-6385e30671c9	18	85614	42471713	23977	0.1797
07723492-863e-44a2-9b69-6385e30671c9	18	42476604	42477506	24	-0.5889
07723492-863e-44a2-9b69-6385e30671c9	18	42477802	71711630	20351	0.1799
07723492-863e-44a2-9b69-6385e30671c9	18	71711743	76294791	3681	0.2237
07723492-863e-44a2-9b69-6385e30671c9	18	76294968	80026210	2500	0.1898
07723492-863e-44a2-9b69-6385e30671c9	18	80026717	80173175	94	-0.0772
07723492-863e-44a2-9b69-6385e30671c9	18	80176798	80257174	46	-0.8254
07723492-863e-44a2-9b69-6385e30671c9	19	90910	389805	78	0.0774
07723492-863e-44a2-9b69-6385e30671c9	19	390341	19841956	8482	0.6129
07723492-863e-44a2-9b69-6385e30671c9	19	19844474	21034271	698	0.7326
07723492-863e-44a2-9b69-6385e30671c9	19	21034840	21632117	342	0.6372
07723492-863e-44a2-9b69-6385e30671c9	19	21632838	21637067	2	-1.1536
07723492-863e-44a2-9b69-6385e30671c9	19	21637309	22488531	485	0.6684
07723492-863e-44a2-9b69-6385e30671c9	19	22495897	27257085	1064	0.1063
07723492-863e-44a2-9b69-6385e30671c9	19	27260767	27474607	21	-0.4619
07723492-863e-44a2-9b69-6385e30671c9	19	27507658	27816507	93	0.1871
07723492-863e-44a2-9b69-6385e30671c9	19	27816724	28848671	793	-0.8237
07723492-863e-44a2-9b69-6385e30671c9	19	28849867	28859494	15	0.0807
07723492-863e-44a2-9b69-6385e30671c9	19	28859544	29173914	273	-0.846
07723492-863e-44a2-9b69-6385e30671c9	19	29180471	32543270	2500	0.1688
07723492-863e-44a2-9b69-6385e30671c9	19	32543555	35364547	1828	0.123
07723492-863e-44a2-9b69-6385e30671c9	19	35365141	35370747	16	-0.4572
07723492-863e-44a2-9b69-6385e30671c9	19	35370767	42724021	3666	0.0933
07723492-863e-44a2-9b69-6385e30671c9	19	42733459	42782612	14	0.3099
07723492-863e-44a2-9b69-6385e30671c9	19	42783304	42864783	32	0.751
07723492-863e-44a2-9b69-6385e30671c9	19	42866463	43208098	155	0.3637
07723492-863e-44a2-9b69-6385e30671c9	19	43208446	44414698	773	0.1405
07723492-863e-44a2-9b69-6385e30671c9	19	44420618	50757794	2806	0.0743
07723492-863e-44a2-9b69-6385e30671c9	19	50761636	51628560	583	0.1419
07723492-863e-44a2-9b69-6385e30671c9	19	51639099	51644683	10	-0.8425
07723492-863e-44a2-9b69-6385e30671c9	19	51644944	53459743	1269	0.1171
07723492-863e-44a2-9b69-6385e30671c9	19	53461150	53461165	2	-1.7901
07723492-863e-44a2-9b69-6385e30671c9	19	53461278	55760777	1220	0.1099
07723492-863e-44a2-9b69-6385e30671c9	19	55761691	55771701	7	-1.0358
07723492-863e-44a2-9b69-6385e30671c9	19	55774927	58530026	1817	0.1048
07723492-863e-44a2-9b69-6385e30671c9	19	58533826	58567749	8	-1.1719
07723492-863e-44a2-9b69-6385e30671c9	19	58568492	58586487	12	-3.9959
07723492-863e-44a2-9b69-6385e30671c9	20	80664	82279	16	-0.0309
07723492-863e-44a2-9b69-6385e30671c9	20	84659	1287471	905	-0.8302
07723492-863e-44a2-9b69-6385e30671c9	20	1289450	1580305	271	0.1893
07723492-863e-44a2-9b69-6385e30671c9	20	1580353	1613203	41	1.6796
07723492-863e-44a2-9b69-6385e30671c9	20	1613247	2619294	876	0.1553
07723492-863e-44a2-9b69-6385e30671c9	20	2624662	26316572	17683	-0.8272
07723492-863e-44a2-9b69-6385e30671c9	20	26324855	30417073	50	0.2384
07723492-863e-44a2-9b69-6385e30671c9	20	31247246	37205215	2926	0.1207
07723492-863e-44a2-9b69-6385e30671c9	20	37206685	59907417	16564	0.1846
07723492-863e-44a2-9b69-6385e30671c9	20	59912717	61789636	1709	0.7505
07723492-863e-44a2-9b69-6385e30671c9	20	61791877	61992694	107	1.0963
07723492-863e-44a2-9b69-6385e30671c9	20	61994569	64170633	884	0.0884
07723492-863e-44a2-9b69-6385e30671c9	20	64180402	64284715	81	-1.0005
07723492-863e-44a2-9b69-6385e30671c9	20	64323342	64324800	5	0.3599
07723492-863e-44a2-9b69-6385e30671c9	21	10354168	10494350	19	0.0325
07723492-863e-44a2-9b69-6385e30671c9	21	10511939	10643703	63	-0.4752
07723492-863e-44a2-9b69-6385e30671c9	21	10646516	13028693	15	-0.0322
07723492-863e-44a2-9b69-6385e30671c9	21	13080541	19888629	4381	0.2818
07723492-863e-44a2-9b69-6385e30671c9	21	19890836	19910581	14	-0.4227
07723492-863e-44a2-9b69-6385e30671c9	21	19910696	42659234	17324	0.2707
07723492-863e-44a2-9b69-6385e30671c9	21	42660277	46173529	1681	0.2005
07723492-863e-44a2-9b69-6385e30671c9	21	46173586	46677045	327	-0.6753
07723492-863e-44a2-9b69-6385e30671c9	22	15294547	15617970	17	-0.1303
07723492-863e-44a2-9b69-6385e30671c9	22	15696368	15696762	2	-1.8604
07723492-863e-44a2-9b69-6385e30671c9	22	15729257	18760927	1115	0.146
07723492-863e-44a2-9b69-6385e30671c9	22	18760941	18818348	3	1.2396
07723492-863e-44a2-9b69-6385e30671c9	22	18822581	19568787	400	0.1116
07723492-863e-44a2-9b69-6385e30671c9	22	19570952	19571830	2	-1.4403
07723492-863e-44a2-9b69-6385e30671c9	22	19572304	20596277	627	0.1243
07723492-863e-44a2-9b69-6385e30671c9	22	20598622	20599032	2	-3.6879
07723492-863e-44a2-9b69-6385e30671c9	22	20601876	21949041	735	0.0905
07723492-863e-44a2-9b69-6385e30671c9	22	21953147	28121217	5056	0.1691
07723492-863e-44a2-9b69-6385e30671c9	22	28123571	28191146	41	-0.7901
07723492-863e-44a2-9b69-6385e30671c9	22	28197467	32430243	2407	0.1217
07723492-863e-44a2-9b69-6385e30671c9	22	32437774	35315448	2652	0.1777
07723492-863e-44a2-9b69-6385e30671c9	22	35316011	40404514	2876	0.1083
07723492-863e-44a2-9b69-6385e30671c9	22	40410386	40606553	73	-0.8568
07723492-863e-44a2-9b69-6385e30671c9	22	40606675	43157517	1506	0.0851
07723492-863e-44a2-9b69-6385e30671c9	22	43160916	49702185	5256	0.1587
07723492-863e-44a2-9b69-6385e30671c9	22	49702247	50796027	467	0.0576
07723492-863e-44a2-9b69-6385e30671c9	X	251810	8733825	4605	0.2618
07723492-863e-44a2-9b69-6385e30671c9	X	8734248	16327534	5361	0.3395
07723492-863e-44a2-9b69-6385e30671c9	X	16329774	16336406	12	-0.6936
07723492-863e-44a2-9b69-6385e30671c9	X	16338298	88836557	36118	0.332
07723492-863e-44a2-9b69-6385e30671c9	X	88840145	134680352	24491	-0.6296
07723492-863e-44a2-9b69-6385e30671c9	X	134691333	140629817	3472	0.3422
07723492-863e-44a2-9b69-6385e30671c9	X	140638809	140953918	234	-0.639
07723492-863e-44a2-9b69-6385e30671c9	X	140954237	140956674	6	-1.4588
07723492-863e-44a2-9b69-6385e30671c9	X	140957632	140993691	25	-0.6106
07723492-863e-44a2-9b69-6385e30671c9	X	140998360	141222927	74	0.305
07723492-863e-44a2-9b69-6385e30671c9	X	141228931	141324447	67	-0.6465
07723492-863e-44a2-9b69-6385e30671c9	X	141328951	141475366	77	0.2091
07723492-863e-44a2-9b69-6385e30671c9	X	141475512	141585618	7	-0.9185
07723492-863e-44a2-9b69-6385e30671c9	X	141595849	144023951	1777	0.3202
07723492-863e-44a2-9b69-6385e30671c9	X	144026019	144641705	304	-0.6737
07723492-863e-44a2-9b69-6385e30671c9	X	144648596	145244831	443	0.2808
07723492-863e-44a2-9b69-6385e30671c9	X	145251163	145592602	227	-0.6636
07723492-863e-44a2-9b69-6385e30671c9	X	145593103	146514464	698	0.3375
07723492-863e-44a2-9b69-6385e30671c9	X	146518020	146563204	43	-0.597
07723492-863e-44a2-9b69-6385e30671c9	X	146565903	150239093	2363	0.3288
07723492-863e-44a2-9b69-6385e30671c9	X	150241950	154381897	2411	-0.6801
07723492-863e-44a2-9b69-6385e30671c9	X	154381921	154781749	143	0.2746
07723492-863e-44a2-9b69-6385e30671c9	X	154783846	154963748	80	-0.7313
07723492-863e-44a2-9b69-6385e30671c9	X	154967132	155952689	312	0.2469
07723492-863e-44a2-9b69-6385e30671c9	Y	2782397	7531801	1223	-2.8051
07723492-863e-44a2-9b69-6385e30671c9	Y	7532705	9330531	1005	-3.2055
07723492-863e-44a2-9b69-6385e30671c9	Y	9332936	9554586	26	-4.6466
07723492-863e-44a2-9b69-6385e30671c9	Y	9555122	23586854	4194	-3.0508
07723492-863e-44a2-9b69-6385e30671c9	Y	23784615	56872112	191	-2.7816
