GDC_Aliquot	Chromosome	Start	End	Num_Probes	Segment_Mean
6bc4a981-de91-46d2-916c-15bd70f6670f	1	62920	599171	20	0.6543
6bc4a981-de91-46d2-916c-15bd70f6670f	1	668210	72303233	42459	-0.4219
6bc4a981-de91-46d2-916c-15bd70f6670f	1	72303253	72345450	44	-1.722
6bc4a981-de91-46d2-916c-15bd70f6670f	1	72345465	152583051	32991	-0.4115
6bc4a981-de91-46d2-916c-15bd70f6670f	1	152583230	152614118	35	0.7149
6bc4a981-de91-46d2-916c-15bd70f6670f	1	152618018	158883163	3774	-0.4066
6bc4a981-de91-46d2-916c-15bd70f6670f	1	158884978	158899969	5	-2.0821
6bc4a981-de91-46d2-916c-15bd70f6670f	1	158905028	169247699	7598	-0.4037
6bc4a981-de91-46d2-916c-15bd70f6670f	1	169264736	169272528	7	-1.9684
6bc4a981-de91-46d2-916c-15bd70f6670f	1	169273163	248930189	53704	-0.4182
6bc4a981-de91-46d2-916c-15bd70f6670f	2	12784	34466002	23930	-0.3951
6bc4a981-de91-46d2-916c-15bd70f6670f	2	34474248	34511446	45	0.1962
6bc4a981-de91-46d2-916c-15bd70f6670f	2	34511990	106263639	42177	-0.3955
6bc4a981-de91-46d2-916c-15bd70f6670f	2	106264257	106270799	12	-1.7128
6bc4a981-de91-46d2-916c-15bd70f6670f	2	106270952	122030678	8944	-0.3935
6bc4a981-de91-46d2-916c-15bd70f6670f	2	122033662	122041141	2	-3.8214
6bc4a981-de91-46d2-916c-15bd70f6670f	2	122043085	122718173	489	-0.3781
6bc4a981-de91-46d2-916c-15bd70f6670f	2	122718842	122724665	10	-1.923
6bc4a981-de91-46d2-916c-15bd70f6670f	2	122726077	146107015	14241	-0.4044
6bc4a981-de91-46d2-916c-15bd70f6670f	2	146107511	146120827	21	-1.3602
6bc4a981-de91-46d2-916c-15bd70f6670f	2	146120842	212316597	39822	-0.3715
6bc4a981-de91-46d2-916c-15bd70f6670f	2	212321824	212325966	16	-2.5862
6bc4a981-de91-46d2-916c-15bd70f6670f	2	212326024	242147305	18904	-0.3859
6bc4a981-de91-46d2-916c-15bd70f6670f	3	20930	5891008	5163	0.3534
6bc4a981-de91-46d2-916c-15bd70f6670f	3	5892757	5892931	2	-1.6755
6bc4a981-de91-46d2-916c-15bd70f6670f	3	5896286	6609524	648	0.3381
6bc4a981-de91-46d2-916c-15bd70f6670f	3	6609550	6610989	15	0.8645
6bc4a981-de91-46d2-916c-15bd70f6670f	3	6611381	45693326	26590	0.3377
6bc4a981-de91-46d2-916c-15bd70f6670f	3	45693660	46521992	571	0.4306
6bc4a981-de91-46d2-916c-15bd70f6670f	3	46526667	47121947	321	0.3478
6bc4a981-de91-46d2-916c-15bd70f6670f	3	47122286	50301135	1187	0.2757
6bc4a981-de91-46d2-916c-15bd70f6670f	3	50302005	59746285	5746	0.3335
6bc4a981-de91-46d2-916c-15bd70f6670f	3	59746822	61076188	1511	0.3873
6bc4a981-de91-46d2-916c-15bd70f6670f	3	61077966	73311704	9409	0.3312
6bc4a981-de91-46d2-916c-15bd70f6670f	3	73312107	73313675	2	-1.1542
6bc4a981-de91-46d2-916c-15bd70f6670f	3	73314000	75519398	1478	0.3234
6bc4a981-de91-46d2-916c-15bd70f6670f	3	75523398	75537654	6	-1.533
6bc4a981-de91-46d2-916c-15bd70f6670f	3	75546030	99218940	10970	0.3114
6bc4a981-de91-46d2-916c-15bd70f6670f	3	99225614	99230464	36	-0.2404
6bc4a981-de91-46d2-916c-15bd70f6670f	3	99230470	104830124	3276	0.3203
6bc4a981-de91-46d2-916c-15bd70f6670f	3	104833945	130067896	15407	0.3496
6bc4a981-de91-46d2-916c-15bd70f6670f	3	130067910	130088081	29	0.798
6bc4a981-de91-46d2-916c-15bd70f6670f	3	130088155	162457955	20000	0.3427
6bc4a981-de91-46d2-916c-15bd70f6670f	3	162458347	162794951	233	0.2982
6bc4a981-de91-46d2-916c-15bd70f6670f	3	162795304	162815162	14	-0.4176
6bc4a981-de91-46d2-916c-15bd70f6670f	3	162816942	162822702	6	-1.936
6bc4a981-de91-46d2-916c-15bd70f6670f	3	162827928	162908207	48	-0.322
6bc4a981-de91-46d2-916c-15bd70f6670f	3	162908784	186688349	14406	0.327
6bc4a981-de91-46d2-916c-15bd70f6670f	3	186695072	186697731	7	-0.7281
6bc4a981-de91-46d2-916c-15bd70f6670f	3	186697745	193160113	4721	0.3435
6bc4a981-de91-46d2-916c-15bd70f6670f	3	193160173	193165114	19	2.4704
6bc4a981-de91-46d2-916c-15bd70f6670f	3	193168646	195691392	1485	0.3484
6bc4a981-de91-46d2-916c-15bd70f6670f	3	195695418	195747892	38	-0.069
6bc4a981-de91-46d2-916c-15bd70f6670f	3	195751823	195934679	79	0.3067
6bc4a981-de91-46d2-916c-15bd70f6670f	3	195963975	195974244	3	1.6774
6bc4a981-de91-46d2-916c-15bd70f6670f	3	195974292	198111566	1066	0.3224
6bc4a981-de91-46d2-916c-15bd70f6670f	3	198118345	198169247	17	-0.299
6bc4a981-de91-46d2-916c-15bd70f6670f	4	68929	10208766	5690	0.3444
6bc4a981-de91-46d2-916c-15bd70f6670f	4	10221792	10229874	28	2.4486
6bc4a981-de91-46d2-916c-15bd70f6670f	4	10232590	10233644	7	0.9211
6bc4a981-de91-46d2-916c-15bd70f6670f	4	10234518	10389091	171	0.3624
6bc4a981-de91-46d2-916c-15bd70f6670f	4	10390730	10401094	17	-0.3776
6bc4a981-de91-46d2-916c-15bd70f6670f	4	10401122	17395562	5450	0.3426
6bc4a981-de91-46d2-916c-15bd70f6670f	4	17397851	31611041	9465	0.3097
6bc4a981-de91-46d2-916c-15bd70f6670f	4	31611098	32295925	444	0.2549
6bc4a981-de91-46d2-916c-15bd70f6670f	4	32295946	32295978	2	-1.1314
6bc4a981-de91-46d2-916c-15bd70f6670f	4	32296368	34301508	1068	0.237
6bc4a981-de91-46d2-916c-15bd70f6670f	4	34302285	49214614	9330	0.3343
6bc4a981-de91-46d2-916c-15bd70f6670f	4	49289175	49656595	21	-0.3409
6bc4a981-de91-46d2-916c-15bd70f6670f	4	51819533	61071220	6049	0.3089
6bc4a981-de91-46d2-916c-15bd70f6670f	4	61075217	61076234	2	-1.7205
6bc4a981-de91-46d2-916c-15bd70f6670f	4	61079968	62802116	938	0.337
6bc4a981-de91-46d2-916c-15bd70f6670f	4	62804218	62805944	8	-0.4198
6bc4a981-de91-46d2-916c-15bd70f6670f	4	62813912	63840033	573	0.3029
6bc4a981-de91-46d2-916c-15bd70f6670f	4	63841863	63842540	8	1.2126
6bc4a981-de91-46d2-916c-15bd70f6670f	4	63850713	68394833	2853	0.3158
6bc4a981-de91-46d2-916c-15bd70f6670f	4	68395346	68422424	6	-1.4016
6bc4a981-de91-46d2-916c-15bd70f6670f	4	68429081	68506285	12	0.3182
6bc4a981-de91-46d2-916c-15bd70f6670f	4	68509223	68733813	77	0.7701
6bc4a981-de91-46d2-916c-15bd70f6670f	4	68734147	108464432	24052	0.3356
6bc4a981-de91-46d2-916c-15bd70f6670f	4	108466650	108467479	2	-2.078
6bc4a981-de91-46d2-916c-15bd70f6670f	4	108482941	114252544	3586	0.3373
6bc4a981-de91-46d2-916c-15bd70f6670f	4	114254167	114261019	23	0.9609
6bc4a981-de91-46d2-916c-15bd70f6670f	4	114263073	121360818	4331	0.3196
6bc4a981-de91-46d2-916c-15bd70f6670f	4	121361313	121363400	25	-0.5917
6bc4a981-de91-46d2-916c-15bd70f6670f	4	121363434	129589498	4675	0.3312
6bc4a981-de91-46d2-916c-15bd70f6670f	4	129594107	136750875	3884	0.2854
6bc4a981-de91-46d2-916c-15bd70f6670f	4	136758509	150955157	8639	0.3412
6bc4a981-de91-46d2-916c-15bd70f6670f	4	150955173	150963146	23	0.9091
6bc4a981-de91-46d2-916c-15bd70f6670f	4	150963148	154881396	2409	0.3386
6bc4a981-de91-46d2-916c-15bd70f6670f	4	154881853	154881926	3	1.6543
6bc4a981-de91-46d2-916c-15bd70f6670f	4	154882047	160950731	3900	0.3341
6bc4a981-de91-46d2-916c-15bd70f6670f	4	160952454	160963756	31	-0.1904
6bc4a981-de91-46d2-916c-15bd70f6670f	4	160963767	189267889	18783	0.3193
6bc4a981-de91-46d2-916c-15bd70f6670f	4	189273964	189278110	4	-2.6502
6bc4a981-de91-46d2-916c-15bd70f6670f	4	189278617	190106768	349	0.3181
6bc4a981-de91-46d2-916c-15bd70f6670f	5	15532	717446	312	0.3126
6bc4a981-de91-46d2-916c-15bd70f6670f	5	717794	761010	17	-0.2047
6bc4a981-de91-46d2-916c-15bd70f6670f	5	772967	2812877	1451	0.3446
6bc4a981-de91-46d2-916c-15bd70f6670f	5	2814767	4375749	1431	0.2375
6bc4a981-de91-46d2-916c-15bd70f6670f	5	4375846	16614133	9577	0.3413
6bc4a981-de91-46d2-916c-15bd70f6670f	5	16614589	21376735	2847	0.3019
6bc4a981-de91-46d2-916c-15bd70f6670f	5	21377730	21377744	2	2.9493
6bc4a981-de91-46d2-916c-15bd70f6670f	5	21385957	24777997	1940	0.2965
6bc4a981-de91-46d2-916c-15bd70f6670f	5	24778267	24781719	15	-0.5588
6bc4a981-de91-46d2-916c-15bd70f6670f	5	24786817	30570282	3401	0.2784
6bc4a981-de91-46d2-916c-15bd70f6670f	5	30572444	58025819	14685	0.3458
6bc4a981-de91-46d2-916c-15bd70f6670f	5	58030200	58037706	32	2.048
6bc4a981-de91-46d2-916c-15bd70f6670f	5	58042530	104515520	26794	0.3516
6bc4a981-de91-46d2-916c-15bd70f6670f	5	104524672	104524903	4	-1.445
6bc4a981-de91-46d2-916c-15bd70f6670f	5	104525348	156048095	33375	0.347
6bc4a981-de91-46d2-916c-15bd70f6670f	5	156049762	156068240	15	-0.4197
6bc4a981-de91-46d2-916c-15bd70f6670f	5	156068247	164533066	5630	0.3379
6bc4a981-de91-46d2-916c-15bd70f6670f	5	164533267	167653975	2097	0.2621
6bc4a981-de91-46d2-916c-15bd70f6670f	5	167655000	181363319	9035	0.334
6bc4a981-de91-46d2-916c-15bd70f6670f	6	149661	238515	80	-0.378
6bc4a981-de91-46d2-916c-15bd70f6670f	6	240232	379015	119	-0.0889
6bc4a981-de91-46d2-916c-15bd70f6670f	6	380821	29869411	21310	-0.4189
6bc4a981-de91-46d2-916c-15bd70f6670f	6	29869537	29906865	20	0.5604
6bc4a981-de91-46d2-916c-15bd70f6670f	6	29906932	32486746	1152	-0.4742
6bc4a981-de91-46d2-916c-15bd70f6670f	6	32488906	32533522	13	0.7319
6bc4a981-de91-46d2-916c-15bd70f6670f	6	32540699	32634492	36	-0.0901
6bc4a981-de91-46d2-916c-15bd70f6670f	6	32636595	33966864	792	-0.3956
6bc4a981-de91-46d2-916c-15bd70f6670f	6	33966898	33970222	10	0.2181
6bc4a981-de91-46d2-916c-15bd70f6670f	6	33970966	33974928	7	-2.5438
6bc4a981-de91-46d2-916c-15bd70f6670f	6	33976809	42159944	5357	-0.4155
6bc4a981-de91-46d2-916c-15bd70f6670f	6	42160561	42161506	3	-5.6558
6bc4a981-de91-46d2-916c-15bd70f6670f	6	42164001	57294155	9396	-0.4158
6bc4a981-de91-46d2-916c-15bd70f6670f	6	57295386	57296099	3	-2.3193
6bc4a981-de91-46d2-916c-15bd70f6670f	6	57296402	57299701	9	-4.6293
6bc4a981-de91-46d2-916c-15bd70f6670f	6	57302322	103286954	26664	-0.4162
6bc4a981-de91-46d2-916c-15bd70f6670f	6	103290101	103320921	51	0.2142
6bc4a981-de91-46d2-916c-15bd70f6670f	6	103322942	170741917	43863	-0.4231
6bc4a981-de91-46d2-916c-15bd70f6670f	7	43355	68659	31	0.7872
6bc4a981-de91-46d2-916c-15bd70f6670f	7	79263	6739639	3377	0.2966
6bc4a981-de91-46d2-916c-15bd70f6670f	7	6758397	8861156	1737	0.389
6bc4a981-de91-46d2-916c-15bd70f6670f	7	8861291	15392007	5220	0.3199
6bc4a981-de91-46d2-916c-15bd70f6670f	7	15392045	15393664	2	-2.6485
6bc4a981-de91-46d2-916c-15bd70f6670f	7	15394440	16657763	1016	0.3068
6bc4a981-de91-46d2-916c-15bd70f6670f	7	16657813	16662219	11	-0.5464
6bc4a981-de91-46d2-916c-15bd70f6670f	7	16670083	22395161	4644	0.3382
6bc4a981-de91-46d2-916c-15bd70f6670f	7	22395853	22396868	2	-2.2904
6bc4a981-de91-46d2-916c-15bd70f6670f	7	22399135	38271122	11299	0.3498
6bc4a981-de91-46d2-916c-15bd70f6670f	7	38271497	38317544	88	0.6029
6bc4a981-de91-46d2-916c-15bd70f6670f	7	38317558	50978855	8527	0.3303
6bc4a981-de91-46d2-916c-15bd70f6670f	7	50979947	53885933	2144	0.2519
6bc4a981-de91-46d2-916c-15bd70f6670f	7	53888109	55627185	1431	0.3323
6bc4a981-de91-46d2-916c-15bd70f6670f	7	55629026	76885896	7300	0.2525
6bc4a981-de91-46d2-916c-15bd70f6670f	7	76894868	97002377	12943	0.3432
6bc4a981-de91-46d2-916c-15bd70f6670f	7	97009542	103514335	2891	0.2826
6bc4a981-de91-46d2-916c-15bd70f6670f	7	103515176	134100424	18935	0.3419
6bc4a981-de91-46d2-916c-15bd70f6670f	7	134100442	134110881	25	0.8716
6bc4a981-de91-46d2-916c-15bd70f6670f	7	134110912	144249785	6432	0.3364
6bc4a981-de91-46d2-916c-15bd70f6670f	7	144255220	144352208	13	-0.642
6bc4a981-de91-46d2-916c-15bd70f6670f	7	144377836	159334314	9626	0.3234
6bc4a981-de91-46d2-916c-15bd70f6670f	8	81254	643041	322	0.3651
6bc4a981-de91-46d2-916c-15bd70f6670f	8	644944	645875	8	1.0877
6bc4a981-de91-46d2-916c-15bd70f6670f	8	645892	645908	2	4.5634
6bc4a981-de91-46d2-916c-15bd70f6670f	8	656117	2132302	1143	0.3261
6bc4a981-de91-46d2-916c-15bd70f6670f	8	2132407	2137191	19	-0.1529
6bc4a981-de91-46d2-916c-15bd70f6670f	8	2142105	3773380	1651	0.3318
6bc4a981-de91-46d2-916c-15bd70f6670f	8	3773726	5183895	2125	0.2524
6bc4a981-de91-46d2-916c-15bd70f6670f	8	5186327	5736745	721	0.3606
6bc4a981-de91-46d2-916c-15bd70f6670f	8	5741204	5746805	26	-0.5015
6bc4a981-de91-46d2-916c-15bd70f6670f	8	5746973	8347494	1890	0.379
6bc4a981-de91-46d2-916c-15bd70f6670f	8	8347620	10323896	1744	0.3017
6bc4a981-de91-46d2-916c-15bd70f6670f	8	10324031	12177488	1353	0.3705
6bc4a981-de91-46d2-916c-15bd70f6670f	8	12323772	12389977	29	-0.6421
6bc4a981-de91-46d2-916c-15bd70f6670f	8	12418301	18991998	5851	0.3356
6bc4a981-de91-46d2-916c-15bd70f6670f	8	18994029	19001311	28	-0.6491
6bc4a981-de91-46d2-916c-15bd70f6670f	8	19008638	25116961	4522	0.3453
6bc4a981-de91-46d2-916c-15bd70f6670f	8	25117007	25126818	25	0.9873
6bc4a981-de91-46d2-916c-15bd70f6670f	8	25133589	31264879	4241	0.3289
6bc4a981-de91-46d2-916c-15bd70f6670f	8	31265825	31268860	3	-1.5171
6bc4a981-de91-46d2-916c-15bd70f6670f	8	31268926	50789446	9816	0.308
6bc4a981-de91-46d2-916c-15bd70f6670f	8	50791359	57442735	4353	0.3356
6bc4a981-de91-46d2-916c-15bd70f6670f	8	57442880	62197433	3225	0.3758
6bc4a981-de91-46d2-916c-15bd70f6670f	8	62198194	108950686	28094	0.3339
6bc4a981-de91-46d2-916c-15bd70f6670f	8	108955413	111282417	1278	0.3115
6bc4a981-de91-46d2-916c-15bd70f6670f	8	111282441	111283031	6	4.0107
6bc4a981-de91-46d2-916c-15bd70f6670f	8	111288052	114412619	1691	0.2838
6bc4a981-de91-46d2-916c-15bd70f6670f	8	114412772	114421044	3	-1.3061
6bc4a981-de91-46d2-916c-15bd70f6670f	8	114422482	114458934	27	0.264
6bc4a981-de91-46d2-916c-15bd70f6670f	8	114461134	136873251	16170	0.3453
6bc4a981-de91-46d2-916c-15bd70f6670f	8	136873408	138089693	993	0.2655
6bc4a981-de91-46d2-916c-15bd70f6670f	8	138089978	140409532	1903	0.3599
6bc4a981-de91-46d2-916c-15bd70f6670f	8	140411300	145072769	2081	0.2996
6bc4a981-de91-46d2-916c-15bd70f6670f	9	46587	6994399	6598	0.3544
6bc4a981-de91-46d2-916c-15bd70f6670f	9	6994513	6994542	2	-1.9145
6bc4a981-de91-46d2-916c-15bd70f6670f	9	6994684	7731398	848	0.3529
6bc4a981-de91-46d2-916c-15bd70f6670f	9	7732196	7734250	3	-1.187
6bc4a981-de91-46d2-916c-15bd70f6670f	9	7735283	41473533	23753	0.3353
6bc4a981-de91-46d2-916c-15bd70f6670f	9	41533430	42211663	52	0.7781
6bc4a981-de91-46d2-916c-15bd70f6670f	9	42230926	86536113	13279	0.315
6bc4a981-de91-46d2-916c-15bd70f6670f	9	86540532	86541148	2	2.3574
6bc4a981-de91-46d2-916c-15bd70f6670f	9	86541951	88200773	1330	0.3202
6bc4a981-de91-46d2-916c-15bd70f6670f	9	88204848	88207198	5	-0.8353
6bc4a981-de91-46d2-916c-15bd70f6670f	9	88208131	135319522	32372	0.3293
6bc4a981-de91-46d2-916c-15bd70f6670f	9	135322259	135323776	2	-1.9914
6bc4a981-de91-46d2-916c-15bd70f6670f	9	135324566	137358336	698	0.3175
6bc4a981-de91-46d2-916c-15bd70f6670f	9	137358495	137361381	4	-1.1235
6bc4a981-de91-46d2-916c-15bd70f6670f	9	137378551	138200944	405	0.2846
6bc4a981-de91-46d2-916c-15bd70f6670f	10	45792	108612	31	0.2754
6bc4a981-de91-46d2-916c-15bd70f6670f	10	112398	113006	2	-1.862
6bc4a981-de91-46d2-916c-15bd70f6670f	10	113136	1290201	688	0.2926
6bc4a981-de91-46d2-916c-15bd70f6670f	10	1292368	2897684	1592	0.3308
6bc4a981-de91-46d2-916c-15bd70f6670f	10	2898369	2917539	13	-0.2373
6bc4a981-de91-46d2-916c-15bd70f6670f	10	2918125	7495794	4172	0.3351
6bc4a981-de91-46d2-916c-15bd70f6670f	10	7498897	24088745	12669	0.2983
6bc4a981-de91-46d2-916c-15bd70f6670f	10	24088746	24088992	9	-2.1371
6bc4a981-de91-46d2-916c-15bd70f6670f	10	24089125	26937062	1981	0.2974
6bc4a981-de91-46d2-916c-15bd70f6670f	10	26937169	26939544	11	1.0754
6bc4a981-de91-46d2-916c-15bd70f6670f	10	26941064	46489651	10440	0.268
6bc4a981-de91-46d2-916c-15bd70f6670f	10	46514459	46792344	53	-0.3521
6bc4a981-de91-46d2-916c-15bd70f6670f	10	46804606	47559596	292	0.2905
6bc4a981-de91-46d2-916c-15bd70f6670f	10	47622159	48154966	19	-0.5163
6bc4a981-de91-46d2-916c-15bd70f6670f	10	48173568	49737042	1268	0.3353
6bc4a981-de91-46d2-916c-15bd70f6670f	10	49739424	56753095	4945	0.266
6bc4a981-de91-46d2-916c-15bd70f6670f	10	56756615	56767077	41	-0.7178
6bc4a981-de91-46d2-916c-15bd70f6670f	10	56772992	65546321	6097	0.2958
6bc4a981-de91-46d2-916c-15bd70f6670f	10	65546400	65554688	30	-0.066
6bc4a981-de91-46d2-916c-15bd70f6670f	10	65563037	67260558	1286	0.3078
6bc4a981-de91-46d2-916c-15bd70f6670f	10	67260588	69522716	1256	0.2353
6bc4a981-de91-46d2-916c-15bd70f6670f	10	69522730	69532447	6	-0.462
6bc4a981-de91-46d2-916c-15bd70f6670f	10	69532490	76493093	4227	0.2913
6bc4a981-de91-46d2-916c-15bd70f6670f	10	76497303	76497852	2	-1.7898
6bc4a981-de91-46d2-916c-15bd70f6670f	10	76501509	81118403	3318	0.3012
6bc4a981-de91-46d2-916c-15bd70f6670f	10	81121574	81130027	10	-0.542
6bc4a981-de91-46d2-916c-15bd70f6670f	10	81134713	87959973	4786	0.26
6bc4a981-de91-46d2-916c-15bd70f6670f	10	87959988	90021263	1539	0.3242
6bc4a981-de91-46d2-916c-15bd70f6670f	10	90021317	90238755	150	0.2525
6bc4a981-de91-46d2-916c-15bd70f6670f	10	90238817	90241962	2	-1.3457
6bc4a981-de91-46d2-916c-15bd70f6670f	10	90242355	108827793	11724	0.2716
6bc4a981-de91-46d2-916c-15bd70f6670f	10	108830530	128605221	14333	0.2911
6bc4a981-de91-46d2-916c-15bd70f6670f	10	128606232	133654968	3492	0.2561
6bc4a981-de91-46d2-916c-15bd70f6670f	11	198510	252851	35	-0.4265
6bc4a981-de91-46d2-916c-15bd70f6670f	11	253390	254869	7	-2.0581
6bc4a981-de91-46d2-916c-15bd70f6670f	11	256714	4949013	2360	-0.4181
6bc4a981-de91-46d2-916c-15bd70f6670f	11	4949047	4954475	26	0.2572
6bc4a981-de91-46d2-916c-15bd70f6670f	11	4955027	5768511	782	-0.4099
6bc4a981-de91-46d2-916c-15bd70f6670f	11	5768639	5787909	27	0.261
6bc4a981-de91-46d2-916c-15bd70f6670f	11	5788108	42262915	26055	-0.4256
6bc4a981-de91-46d2-916c-15bd70f6670f	11	42265498	42305603	28	-3.2524
6bc4a981-de91-46d2-916c-15bd70f6670f	11	42306342	55593955	4906	-0.4238
6bc4a981-de91-46d2-916c-15bd70f6670f	11	55595864	55661931	41	0.0668
6bc4a981-de91-46d2-916c-15bd70f6670f	11	55662282	55672514	7	0.8766
6bc4a981-de91-46d2-916c-15bd70f6670f	11	55674842	135074876	51938	-0.422
6bc4a981-de91-46d2-916c-15bd70f6670f	12	51460	11078856	7224	0.3479
6bc4a981-de91-46d2-916c-15bd70f6670f	12	11080319	11088933	5	-1.7228
6bc4a981-de91-46d2-916c-15bd70f6670f	12	11099275	29699112	12974	0.3364
6bc4a981-de91-46d2-916c-15bd70f6670f	12	29707131	29790341	58	0.8483
6bc4a981-de91-46d2-916c-15bd70f6670f	12	29801229	30082648	210	0.3139
6bc4a981-de91-46d2-916c-15bd70f6670f	12	30086334	30091052	28	-0.3365
6bc4a981-de91-46d2-916c-15bd70f6670f	12	30091101	37593924	3100	0.313
6bc4a981-de91-46d2-916c-15bd70f6670f	12	37618765	37620216	2	-1.6266
6bc4a981-de91-46d2-916c-15bd70f6670f	12	37640556	45510655	4748	0.3302
6bc4a981-de91-46d2-916c-15bd70f6670f	12	45512057	45515754	3	-2.45
6bc4a981-de91-46d2-916c-15bd70f6670f	12	45519509	48133403	1596	0.3748
6bc4a981-de91-46d2-916c-15bd70f6670f	12	48133932	51406735	1577	0.306
6bc4a981-de91-46d2-916c-15bd70f6670f	12	51407635	52443831	698	0.351
6bc4a981-de91-46d2-916c-15bd70f6670f	12	52443905	52876940	403	0.4393
6bc4a981-de91-46d2-916c-15bd70f6670f	12	52877443	70478078	10879	0.3389
6bc4a981-de91-46d2-916c-15bd70f6670f	12	70478895	70484247	9	-2.4167
6bc4a981-de91-46d2-916c-15bd70f6670f	12	70485605	88549546	11128	0.3279
6bc4a981-de91-46d2-916c-15bd70f6670f	12	88551919	94921212	4241	0.3669
6bc4a981-de91-46d2-916c-15bd70f6670f	12	94923774	108345541	9246	0.3391
6bc4a981-de91-46d2-916c-15bd70f6670f	12	108345607	112502519	2225	0.2924
6bc4a981-de91-46d2-916c-15bd70f6670f	12	112503767	126576856	9380	0.3156
6bc4a981-de91-46d2-916c-15bd70f6670f	12	126576885	130129277	3165	0.2679
6bc4a981-de91-46d2-916c-15bd70f6670f	12	130129612	133201603	1813	0.325
6bc4a981-de91-46d2-916c-15bd70f6670f	13	18452809	57896832	26233	-0.3643
6bc4a981-de91-46d2-916c-15bd70f6670f	13	57897312	57900253	3	-4.2523
6bc4a981-de91-46d2-916c-15bd70f6670f	13	57900558	114342922	37514	-0.3782
6bc4a981-de91-46d2-916c-15bd70f6670f	14	18239283	22017284	1584	-0.4473
6bc4a981-de91-46d2-916c-15bd70f6670f	14	22019130	22445002	342	-0.1863
6bc4a981-de91-46d2-916c-15bd70f6670f	14	22445755	106877229	53091	-0.4229
6bc4a981-de91-46d2-916c-15bd70f6670f	15	19811075	20059033	51	-0.3438
6bc4a981-de91-46d2-916c-15bd70f6670f	15	20060725	20376311	44	0.4915
6bc4a981-de91-46d2-916c-15bd70f6670f	15	20380735	20384774	11	1.2155
6bc4a981-de91-46d2-916c-15bd70f6670f	15	20384789	20670989	45	0.6741
6bc4a981-de91-46d2-916c-15bd70f6670f	15	20981071	21067891	11	-0.0968
6bc4a981-de91-46d2-916c-15bd70f6670f	15	21070355	21417107	13	0.5799
6bc4a981-de91-46d2-916c-15bd70f6670f	15	21975606	22003073	4	2.3067
6bc4a981-de91-46d2-916c-15bd70f6670f	15	22005276	22455811	31	0.5742
6bc4a981-de91-46d2-916c-15bd70f6670f	15	22483983	26315045	2338	-0.447
6bc4a981-de91-46d2-916c-15bd70f6670f	15	26317005	26318009	2	-3.6928
6bc4a981-de91-46d2-916c-15bd70f6670f	15	26318441	39537027	8473	-0.4166
6bc4a981-de91-46d2-916c-15bd70f6670f	15	39537334	39539921	2	-3.1138
6bc4a981-de91-46d2-916c-15bd70f6670f	15	39541996	53492956	7966	-0.4184
6bc4a981-de91-46d2-916c-15bd70f6670f	15	53492997	53493082	3	-2.5416
6bc4a981-de91-46d2-916c-15bd70f6670f	15	53498050	71375388	12001	-0.414
6bc4a981-de91-46d2-916c-15bd70f6670f	15	71375801	71376173	3	-3.6799
6bc4a981-de91-46d2-916c-15bd70f6670f	15	71376776	72938508	905	-0.4142
6bc4a981-de91-46d2-916c-15bd70f6670f	15	72938670	72939884	5	-3.2945
6bc4a981-de91-46d2-916c-15bd70f6670f	15	72941056	76599286	1787	-0.4099
6bc4a981-de91-46d2-916c-15bd70f6670f	15	76599400	76603434	19	-1.8812
6bc4a981-de91-46d2-916c-15bd70f6670f	15	76609838	101928837	17478	-0.4282
6bc4a981-de91-46d2-916c-15bd70f6670f	16	10777	60074988	29575	0.3145
6bc4a981-de91-46d2-916c-15bd70f6670f	16	60075296	65101364	3344	0.2516
6bc4a981-de91-46d2-916c-15bd70f6670f	16	65102068	78337711	8250	0.3106
6bc4a981-de91-46d2-916c-15bd70f6670f	16	78338543	78350868	16	1.2188
6bc4a981-de91-46d2-916c-15bd70f6670f	16	78351104	78352154	5	-0.1605
6bc4a981-de91-46d2-916c-15bd70f6670f	16	78352187	78361307	12	0.3905
6bc4a981-de91-46d2-916c-15bd70f6670f	16	78361518	78364754	6	-0.1748
6bc4a981-de91-46d2-916c-15bd70f6670f	16	78364808	88545605	9905	0.3342
6bc4a981-de91-46d2-916c-15bd70f6670f	16	88546604	88599287	27	-0.0637
6bc4a981-de91-46d2-916c-15bd70f6670f	16	88601643	89359270	279	0.3268
6bc4a981-de91-46d2-916c-15bd70f6670f	16	89359545	90096867	359	0.2258
6bc4a981-de91-46d2-916c-15bd70f6670f	17	150733	8339592	4520	0.3208
6bc4a981-de91-46d2-916c-15bd70f6670f	17	8344229	8344415	2	-3.0587
6bc4a981-de91-46d2-916c-15bd70f6670f	17	8346140	28452035	9126	0.3178
6bc4a981-de91-46d2-916c-15bd70f6670f	17	28454323	28455301	2	-2.8525
6bc4a981-de91-46d2-916c-15bd70f6670f	17	28462253	36133700	4583	0.3304
6bc4a981-de91-46d2-916c-15bd70f6670f	17	36134072	36460442	19	-0.2063
6bc4a981-de91-46d2-916c-15bd70f6670f	17	36463349	39753747	1699	0.3172
6bc4a981-de91-46d2-916c-15bd70f6670f	17	39761259	41664532	1158	0.3761
6bc4a981-de91-46d2-916c-15bd70f6670f	17	41669662	46085732	2182	0.2983
6bc4a981-de91-46d2-916c-15bd70f6670f	17	46088437	46569894	129	0.5999
6bc4a981-de91-46d2-916c-15bd70f6670f	17	46571001	83091923	21528	0.3369
6bc4a981-de91-46d2-916c-15bd70f6670f	18	48133	80257174	50395	-0.4319
6bc4a981-de91-46d2-916c-15bd70f6670f	19	90910	20449594	8930	0.2894
6bc4a981-de91-46d2-916c-15bd70f6670f	19	20449708	20449717	3	-0.9796
6bc4a981-de91-46d2-916c-15bd70f6670f	19	20450416	24274155	2185	0.2807
6bc4a981-de91-46d2-916c-15bd70f6670f	19	24278016	24282155	10	-0.5046
6bc4a981-de91-46d2-916c-15bd70f6670f	19	24304880	51628560	13601	0.3064
6bc4a981-de91-46d2-916c-15bd70f6670f	19	51639099	51644944	11	1.1528
6bc4a981-de91-46d2-916c-15bd70f6670f	19	51651652	58586487	4334	0.3109
6bc4a981-de91-46d2-916c-15bd70f6670f	20	80664	1587075	1207	0.3476
6bc4a981-de91-46d2-916c-15bd70f6670f	20	1587098	1617300	37	-0.3248
6bc4a981-de91-46d2-916c-15bd70f6670f	20	1617460	6378394	3439	0.3478
6bc4a981-de91-46d2-916c-15bd70f6670f	20	6378489	6380138	2	-2.0497
6bc4a981-de91-46d2-916c-15bd70f6670f	20	6380540	21214100	11910	0.3489
6bc4a981-de91-46d2-916c-15bd70f6670f	20	21215165	37148663	6324	0.3139
6bc4a981-de91-46d2-916c-15bd70f6670f	20	37149272	57001898	14390	0.3559
6bc4a981-de91-46d2-916c-15bd70f6670f	20	57002289	57002574	2	-1.6732
6bc4a981-de91-46d2-916c-15bd70f6670f	20	57002587	63932435	4815	0.3743
6bc4a981-de91-46d2-916c-15bd70f6670f	20	63933088	64324800	183	0.2164
6bc4a981-de91-46d2-916c-15bd70f6670f	21	10354168	46677045	23714	-0.412
6bc4a981-de91-46d2-916c-15bd70f6670f	22	15294547	16933213	244	-0.2797
6bc4a981-de91-46d2-916c-15bd70f6670f	22	16933750	21960734	2638	-0.4803
6bc4a981-de91-46d2-916c-15bd70f6670f	22	21960940	22073194	137	-3.8888
6bc4a981-de91-46d2-916c-15bd70f6670f	22	22074217	22154184	163	-2.3076
6bc4a981-de91-46d2-916c-15bd70f6670f	22	22154322	22163433	7	-3.5697
6bc4a981-de91-46d2-916c-15bd70f6670f	22	22164140	22170813	12	-6.9688
6bc4a981-de91-46d2-916c-15bd70f6670f	22	22175473	22219595	106	-3.5528
6bc4a981-de91-46d2-916c-15bd70f6670f	22	22224948	50796027	19765	-0.446
6bc4a981-de91-46d2-916c-15bd70f6670f	X	251810	7641450	3746	-0.0108
6bc4a981-de91-46d2-916c-15bd70f6670f	X	7641953	7643017	2	-2.421
6bc4a981-de91-46d2-916c-15bd70f6670f	X	7643064	8044498	311	0.0685
6bc4a981-de91-46d2-916c-15bd70f6670f	X	8045228	12953292	3700	0.0213
6bc4a981-de91-46d2-916c-15bd70f6670f	X	12953405	18156500	3263	0.0679
6bc4a981-de91-46d2-916c-15bd70f6670f	X	18157305	22324460	2224	-0.0147
6bc4a981-de91-46d2-916c-15bd70f6670f	X	22325381	25817631	2399	0.0438
6bc4a981-de91-46d2-916c-15bd70f6670f	X	25818783	32954246	4786	-0.0228
6bc4a981-de91-46d2-916c-15bd70f6670f	X	32954427	32971922	9	-0.7344
6bc4a981-de91-46d2-916c-15bd70f6670f	X	32972170	37782231	2769	-0.0162
6bc4a981-de91-46d2-916c-15bd70f6670f	X	37782273	63193211	10282	0.0292
6bc4a981-de91-46d2-916c-15bd70f6670f	X	63250575	63285991	21	0.6667
6bc4a981-de91-46d2-916c-15bd70f6670f	X	63297125	63511579	76	0.0033
6bc4a981-de91-46d2-916c-15bd70f6670f	X	63512033	94341096	14885	-0.0225
6bc4a981-de91-46d2-916c-15bd70f6670f	X	94347044	94349618	10	-0.9281
6bc4a981-de91-46d2-916c-15bd70f6670f	X	94354613	98185026	2258	-0.0142
6bc4a981-de91-46d2-916c-15bd70f6670f	X	98185201	103553839	2695	0.0115
6bc4a981-de91-46d2-916c-15bd70f6670f	X	103556728	103576424	10	-1.0681
6bc4a981-de91-46d2-916c-15bd70f6670f	X	103578051	114791991	6021	0.0132
6bc4a981-de91-46d2-916c-15bd70f6670f	X	114794352	116696798	1004	0.0737
6bc4a981-de91-46d2-916c-15bd70f6670f	X	116697459	130656821	8212	0.0009
6bc4a981-de91-46d2-916c-15bd70f6670f	X	130659694	132585226	1006	0.0781
6bc4a981-de91-46d2-916c-15bd70f6670f	X	132585621	139817733	4044	-0.0047
6bc4a981-de91-46d2-916c-15bd70f6670f	X	139825827	140161463	174	-0.6555
6bc4a981-de91-46d2-916c-15bd70f6670f	X	140165682	148078138	5336	-0.0383
6bc4a981-de91-46d2-916c-15bd70f6670f	X	148078673	151124426	1902	0.0301
6bc4a981-de91-46d2-916c-15bd70f6670f	X	151125462	151126987	2	-2.2874
6bc4a981-de91-46d2-916c-15bd70f6670f	X	151128083	154838329	1989	0.0318
6bc4a981-de91-46d2-916c-15bd70f6670f	X	154839780	154839980	2	-1.8726
6bc4a981-de91-46d2-916c-15bd70f6670f	X	154849965	155156682	130	0.0576
6bc4a981-de91-46d2-916c-15bd70f6670f	X	155156881	155164107	2	-1.2943
6bc4a981-de91-46d2-916c-15bd70f6670f	X	155167645	155172909	3	-3.2669
6bc4a981-de91-46d2-916c-15bd70f6670f	X	155173469	155952689	229	-0.0278
6bc4a981-de91-46d2-916c-15bd70f6670f	Y	2782397	3326047	192	-2.8408
6bc4a981-de91-46d2-916c-15bd70f6670f	Y	3327226	6167430	556	-2.4731
6bc4a981-de91-46d2-916c-15bd70f6670f	Y	6171310	6171622	2	-7.5751
6bc4a981-de91-46d2-916c-15bd70f6670f	Y	6180233	6233355	32	-2.3318
6bc4a981-de91-46d2-916c-15bd70f6670f	Y	6233384	13478396	2482	-3.067
6bc4a981-de91-46d2-916c-15bd70f6670f	Y	13478462	13482643	3	-7.5522
6bc4a981-de91-46d2-916c-15bd70f6670f	Y	13483009	56872112	3372	-3.0467
