GDC_Aliquot	Chromosome	Start	End	Num_Probes	Segment_Mean
c2cf9198-6e04-4b47-bd25-3d400ba4b489	1	62920	914637	58	-0.0871
c2cf9198-6e04-4b47-bd25-3d400ba4b489	1	915307	3291811	677	0.2442
c2cf9198-6e04-4b47-bd25-3d400ba4b489	1	3296382	6016361	2080	0.0103
c2cf9198-6e04-4b47-bd25-3d400ba4b489	1	6019332	6019642	3	-1.1745
c2cf9198-6e04-4b47-bd25-3d400ba4b489	1	6020227	12855993	3702	0.011
c2cf9198-6e04-4b47-bd25-3d400ba4b489	1	12867264	13326062	11	-0.4983
c2cf9198-6e04-4b47-bd25-3d400ba4b489	1	13338980	13339386	2	-2.1399
c2cf9198-6e04-4b47-bd25-3d400ba4b489	1	13362275	16617118	2121	0.0156
c2cf9198-6e04-4b47-bd25-3d400ba4b489	1	16617143	16988207	123	0.2058
c2cf9198-6e04-4b47-bd25-3d400ba4b489	1	16993283	25256850	5238	0.0126
c2cf9198-6e04-4b47-bd25-3d400ba4b489	1	25266637	25320455	24	0.79
c2cf9198-6e04-4b47-bd25-3d400ba4b489	1	25336819	39648952	7666	0.0123
c2cf9198-6e04-4b47-bd25-3d400ba4b489	1	39650439	39687004	22	0.5112
c2cf9198-6e04-4b47-bd25-3d400ba4b489	1	39687469	103613180	41070	-0.002
c2cf9198-6e04-4b47-bd25-3d400ba4b489	1	103614539	103760781	13	-0.821
c2cf9198-6e04-4b47-bd25-3d400ba4b489	1	103760879	112147704	5529	-0.0073
c2cf9198-6e04-4b47-bd25-3d400ba4b489	1	112153343	112163440	28	0.4728
c2cf9198-6e04-4b47-bd25-3d400ba4b489	1	112163460	121705338	5155	0.0001
c2cf9198-6e04-4b47-bd25-3d400ba4b489	1	143459641	143748012	98	-0.7339
c2cf9198-6e04-4b47-bd25-3d400ba4b489	1	143748074	143760271	20	-0.1002
c2cf9198-6e04-4b47-bd25-3d400ba4b489	1	143762042	143942271	10	-0.6103
c2cf9198-6e04-4b47-bd25-3d400ba4b489	1	144432083	152787202	2512	0.017
c2cf9198-6e04-4b47-bd25-3d400ba4b489	1	152789447	152796224	37	-0.3155
c2cf9198-6e04-4b47-bd25-3d400ba4b489	1	152801429	157508748	2487	0.0138
c2cf9198-6e04-4b47-bd25-3d400ba4b489	1	157512664	157513157	2	-1.2874
c2cf9198-6e04-4b47-bd25-3d400ba4b489	1	157513483	158896783	1117	-0.0064
c2cf9198-6e04-4b47-bd25-3d400ba4b489	1	158898711	158899969	2	-1.3665
c2cf9198-6e04-4b47-bd25-3d400ba4b489	1	158905028	163406119	3101	-0.0022
c2cf9198-6e04-4b47-bd25-3d400ba4b489	1	163408857	163414403	10	-1.2358
c2cf9198-6e04-4b47-bd25-3d400ba4b489	1	163415319	185594682	15388	0.0032
c2cf9198-6e04-4b47-bd25-3d400ba4b489	1	185598989	185603915	2	-1.611
c2cf9198-6e04-4b47-bd25-3d400ba4b489	1	185604383	196762956	7318	-0.0102
c2cf9198-6e04-4b47-bd25-3d400ba4b489	1	196769493	196846661	57	-0.6216
c2cf9198-6e04-4b47-bd25-3d400ba4b489	1	196847600	248930189	35765	0.0028
c2cf9198-6e04-4b47-bd25-3d400ba4b489	2	12784	34450400	24067	0.0142
c2cf9198-6e04-4b47-bd25-3d400ba4b489	2	34456427	34515732	56	-0.3704
c2cf9198-6e04-4b47-bd25-3d400ba4b489	2	34515960	35588358	723	-0.017
c2cf9198-6e04-4b47-bd25-3d400ba4b489	2	35590727	35772438	149	-0.1376
c2cf9198-6e04-4b47-bd25-3d400ba4b489	2	35775353	50636075	10812	0.0058
c2cf9198-6e04-4b47-bd25-3d400ba4b489	2	50636524	51097501	323	-0.1041
c2cf9198-6e04-4b47-bd25-3d400ba4b489	2	51101883	52527743	977	-0.0101
c2cf9198-6e04-4b47-bd25-3d400ba4b489	2	52531615	52554404	33	-0.5061
c2cf9198-6e04-4b47-bd25-3d400ba4b489	2	52560811	97168383	23789	-0.0026
c2cf9198-6e04-4b47-bd25-3d400ba4b489	2	97168555	97350393	26	-0.4906
c2cf9198-6e04-4b47-bd25-3d400ba4b489	2	97350874	97359885	10	0.0057
c2cf9198-6e04-4b47-bd25-3d400ba4b489	2	97524284	97545247	8	0.7161
c2cf9198-6e04-4b47-bd25-3d400ba4b489	2	97545726	106263639	5561	0.0124
c2cf9198-6e04-4b47-bd25-3d400ba4b489	2	106264257	106268901	11	-2.1105
c2cf9198-6e04-4b47-bd25-3d400ba4b489	2	106270799	124819088	10957	0.0032
c2cf9198-6e04-4b47-bd25-3d400ba4b489	2	124822148	125313688	259	-0.1374
c2cf9198-6e04-4b47-bd25-3d400ba4b489	2	125319206	132450449	3824	0.0097
c2cf9198-6e04-4b47-bd25-3d400ba4b489	2	132452879	132458741	2	-1.6675
c2cf9198-6e04-4b47-bd25-3d400ba4b489	2	132458840	183688485	31876	0.0033
c2cf9198-6e04-4b47-bd25-3d400ba4b489	2	183692328	188560552	2714	-0.0341
c2cf9198-6e04-4b47-bd25-3d400ba4b489	2	188567934	203032174	8224	-0.0048
c2cf9198-6e04-4b47-bd25-3d400ba4b489	2	203035077	203037323	3	-2.4277
c2cf9198-6e04-4b47-bd25-3d400ba4b489	2	203039417	207490231	2891	-0.0012
c2cf9198-6e04-4b47-bd25-3d400ba4b489	2	207490454	207494612	16	-0.8621
c2cf9198-6e04-4b47-bd25-3d400ba4b489	2	207494752	232328858	15827	0.0045
c2cf9198-6e04-4b47-bd25-3d400ba4b489	2	232339649	232447215	88	0.2543
c2cf9198-6e04-4b47-bd25-3d400ba4b489	2	232453368	241841244	6018	0.0159
c2cf9198-6e04-4b47-bd25-3d400ba4b489	2	241973315	242092213	102	-0.8671
c2cf9198-6e04-4b47-bd25-3d400ba4b489	2	242095460	242147305	24	-0.0456
c2cf9198-6e04-4b47-bd25-3d400ba4b489	3	20930	949331	747	-0.0622
c2cf9198-6e04-4b47-bd25-3d400ba4b489	3	953650	969611	18	0.4559
c2cf9198-6e04-4b47-bd25-3d400ba4b489	3	971726	2013738	1027	-0.0667
c2cf9198-6e04-4b47-bd25-3d400ba4b489	3	2015942	10151932	6808	-0.0107
c2cf9198-6e04-4b47-bd25-3d400ba4b489	3	10153990	10202027	41	0.2735
c2cf9198-6e04-4b47-bd25-3d400ba4b489	3	10202045	10215823	13	-0.1847
c2cf9198-6e04-4b47-bd25-3d400ba4b489	3	10215837	10263745	41	0.2404
c2cf9198-6e04-4b47-bd25-3d400ba4b489	3	10266508	25984599	10917	-0.0039
c2cf9198-6e04-4b47-bd25-3d400ba4b489	3	25985069	26384700	252	-0.0561
c2cf9198-6e04-4b47-bd25-3d400ba4b489	3	26392633	26393238	3	-1.4652
c2cf9198-6e04-4b47-bd25-3d400ba4b489	3	26393410	68697013	27881	-0.0012
c2cf9198-6e04-4b47-bd25-3d400ba4b489	3	68697108	68698262	14	-1.4616
c2cf9198-6e04-4b47-bd25-3d400ba4b489	3	68699607	75511990	4924	-0.0025
c2cf9198-6e04-4b47-bd25-3d400ba4b489	3	75519398	75537654	7	-1.286
c2cf9198-6e04-4b47-bd25-3d400ba4b489	3	75546030	99218940	10971	-0.0089
c2cf9198-6e04-4b47-bd25-3d400ba4b489	3	99225614	99230212	27	-2.3177
c2cf9198-6e04-4b47-bd25-3d400ba4b489	3	99230225	99230434	5	-0.233
c2cf9198-6e04-4b47-bd25-3d400ba4b489	3	99230443	99230464	4	-2.2343
c2cf9198-6e04-4b47-bd25-3d400ba4b489	3	99230470	119631498	12605	-0.0022
c2cf9198-6e04-4b47-bd25-3d400ba4b489	3	119632551	119636564	6	-1.3058
c2cf9198-6e04-4b47-bd25-3d400ba4b489	3	119636899	121759188	1119	0.0026
c2cf9198-6e04-4b47-bd25-3d400ba4b489	3	121761191	121810164	23	0.4075
c2cf9198-6e04-4b47-bd25-3d400ba4b489	3	121817042	125993370	2580	0.0056
c2cf9198-6e04-4b47-bd25-3d400ba4b489	3	125993427	126003019	28	-0.8787
c2cf9198-6e04-4b47-bd25-3d400ba4b489	3	126003489	128553238	1631	0.0122
c2cf9198-6e04-4b47-bd25-3d400ba4b489	3	128553638	128578209	17	0.2855
c2cf9198-6e04-4b47-bd25-3d400ba4b489	3	128589372	128594288	9	0.7745
c2cf9198-6e04-4b47-bd25-3d400ba4b489	3	128598630	128621917	12	0.3955
c2cf9198-6e04-4b47-bd25-3d400ba4b489	3	128623817	130044016	654	0.0093
c2cf9198-6e04-4b47-bd25-3d400ba4b489	3	130044855	130088081	39	0.6268
c2cf9198-6e04-4b47-bd25-3d400ba4b489	3	130088155	138053148	4912	-0.0009
c2cf9198-6e04-4b47-bd25-3d400ba4b489	3	138057321	138087658	29	0.6188
c2cf9198-6e04-4b47-bd25-3d400ba4b489	3	138090357	150797936	7884	-0.0132
c2cf9198-6e04-4b47-bd25-3d400ba4b489	3	150798197	150832319	24	0.5072
c2cf9198-6e04-4b47-bd25-3d400ba4b489	3	150835383	162794951	7393	-0.0049
c2cf9198-6e04-4b47-bd25-3d400ba4b489	3	162795304	162908815	70	0.2644
c2cf9198-6e04-4b47-bd25-3d400ba4b489	3	162910826	165323075	1313	-0.0197
c2cf9198-6e04-4b47-bd25-3d400ba4b489	3	165323760	165364151	65	-0.9393
c2cf9198-6e04-4b47-bd25-3d400ba4b489	3	165367641	183662247	11221	-0.0097
c2cf9198-6e04-4b47-bd25-3d400ba4b489	3	183663542	185058852	699	0.073
c2cf9198-6e04-4b47-bd25-3d400ba4b489	3	185060412	192670445	5505	-0.0004
c2cf9198-6e04-4b47-bd25-3d400ba4b489	3	192670476	192672988	3	-1.2854
c2cf9198-6e04-4b47-bd25-3d400ba4b489	3	192674578	193160113	338	-0.0008
c2cf9198-6e04-4b47-bd25-3d400ba4b489	3	193160173	193165114	19	1.6895
c2cf9198-6e04-4b47-bd25-3d400ba4b489	3	193168646	195559056	1480	0.0308
c2cf9198-6e04-4b47-bd25-3d400ba4b489	3	195656271	195747892	44	-0.2519
c2cf9198-6e04-4b47-bd25-3d400ba4b489	3	195751823	198106848	1128	0.0529
c2cf9198-6e04-4b47-bd25-3d400ba4b489	3	198106874	198106887	2	-1.5316
c2cf9198-6e04-4b47-bd25-3d400ba4b489	3	198106927	198169247	36	0.1466
c2cf9198-6e04-4b47-bd25-3d400ba4b489	4	68929	504670	184	-0.0041
c2cf9198-6e04-4b47-bd25-3d400ba4b489	4	506746	1058221	169	0.2077
c2cf9198-6e04-4b47-bd25-3d400ba4b489	4	1058451	1303781	135	-0.0065
c2cf9198-6e04-4b47-bd25-3d400ba4b489	4	1306692	1418224	40	0.2896
c2cf9198-6e04-4b47-bd25-3d400ba4b489	4	1422631	7426104	3690	0.0132
c2cf9198-6e04-4b47-bd25-3d400ba4b489	4	7429369	7461666	33	0.3001
c2cf9198-6e04-4b47-bd25-3d400ba4b489	4	7462038	9455251	900	0.0393
c2cf9198-6e04-4b47-bd25-3d400ba4b489	4	9459504	9463248	3	1.3031
c2cf9198-6e04-4b47-bd25-3d400ba4b489	4	9469529	10208766	540	0.0421
c2cf9198-6e04-4b47-bd25-3d400ba4b489	4	10221792	10229874	28	3.2587
c2cf9198-6e04-4b47-bd25-3d400ba4b489	4	10232590	10233644	7	1.1523
c2cf9198-6e04-4b47-bd25-3d400ba4b489	4	10234518	10390730	172	0.0368
c2cf9198-6e04-4b47-bd25-3d400ba4b489	4	10391530	10399044	15	-0.723
c2cf9198-6e04-4b47-bd25-3d400ba4b489	4	10401094	63828222	33352	-0.004
c2cf9198-6e04-4b47-bd25-3d400ba4b489	4	63831751	63842540	27	-1.2404
c2cf9198-6e04-4b47-bd25-3d400ba4b489	4	63850713	65285428	893	-0.0175
c2cf9198-6e04-4b47-bd25-3d400ba4b489	4	65294298	65294457	2	-1.9234
c2cf9198-6e04-4b47-bd25-3d400ba4b489	4	65294665	68354665	1952	-0.0074
c2cf9198-6e04-4b47-bd25-3d400ba4b489	4	68361130	68422424	12	0.9327
c2cf9198-6e04-4b47-bd25-3d400ba4b489	4	68429081	68655691	80	-0.1996
c2cf9198-6e04-4b47-bd25-3d400ba4b489	4	68663241	68671434	2	-2.4453
c2cf9198-6e04-4b47-bd25-3d400ba4b489	4	68674307	70361495	1006	-0.035
c2cf9198-6e04-4b47-bd25-3d400ba4b489	4	70362548	70383335	30	-1.2915
c2cf9198-6e04-4b47-bd25-3d400ba4b489	4	70385052	87845856	10862	0.0002
c2cf9198-6e04-4b47-bd25-3d400ba4b489	4	87848780	87849665	10	0.5651
c2cf9198-6e04-4b47-bd25-3d400ba4b489	4	87849692	114586468	15989	-0.0027
c2cf9198-6e04-4b47-bd25-3d400ba4b489	4	114587010	114589298	3	-3.1965
c2cf9198-6e04-4b47-bd25-3d400ba4b489	4	114593270	129141596	8479	-0.0086
c2cf9198-6e04-4b47-bd25-3d400ba4b489	4	129146391	129147005	2	-2.1219
c2cf9198-6e04-4b47-bd25-3d400ba4b489	4	129151408	161031261	19290	-0.0035
c2cf9198-6e04-4b47-bd25-3d400ba4b489	4	161031285	161082114	41	0.3957
c2cf9198-6e04-4b47-bd25-3d400ba4b489	4	161085672	171448195	6558	-0.0116
c2cf9198-6e04-4b47-bd25-3d400ba4b489	4	171453733	171456559	10	-1.1728
c2cf9198-6e04-4b47-bd25-3d400ba4b489	4	171456573	178380772	4233	-0.0031
c2cf9198-6e04-4b47-bd25-3d400ba4b489	4	178385485	179719261	932	-0.0727
c2cf9198-6e04-4b47-bd25-3d400ba4b489	4	179725602	184838776	3815	0.0107
c2cf9198-6e04-4b47-bd25-3d400ba4b489	4	184842139	184857596	11	-0.6661
c2cf9198-6e04-4b47-bd25-3d400ba4b489	4	184857825	190106768	3487	0.0085
c2cf9198-6e04-4b47-bd25-3d400ba4b489	5	15532	698390	309	0.1405
c2cf9198-6e04-4b47-bd25-3d400ba4b489	5	717264	773453	24	-1.1185
c2cf9198-6e04-4b47-bd25-3d400ba4b489	5	779766	1058442	102	0.0166
c2cf9198-6e04-4b47-bd25-3d400ba4b489	5	1060034	1933841	512	0.151
c2cf9198-6e04-4b47-bd25-3d400ba4b489	5	1934376	4538813	2401	0.0158
c2cf9198-6e04-4b47-bd25-3d400ba4b489	5	4541959	4545219	4	-1.3158
c2cf9198-6e04-4b47-bd25-3d400ba4b489	5	4547079	9331736	4143	-0.0029
c2cf9198-6e04-4b47-bd25-3d400ba4b489	5	9332282	9370833	46	0.3157
c2cf9198-6e04-4b47-bd25-3d400ba4b489	5	9371299	17637752	5836	0.0022
c2cf9198-6e04-4b47-bd25-3d400ba4b489	5	17640105	17642442	4	-0.9998
c2cf9198-6e04-4b47-bd25-3d400ba4b489	5	17655029	21376735	2268	-0.0104
c2cf9198-6e04-4b47-bd25-3d400ba4b489	5	21377730	21377744	2	-1.8666
c2cf9198-6e04-4b47-bd25-3d400ba4b489	5	21385957	32102625	6590	-0.004
c2cf9198-6e04-4b47-bd25-3d400ba4b489	5	32106978	32158349	40	0.5128
c2cf9198-6e04-4b47-bd25-3d400ba4b489	5	32170181	57638199	13143	-0.0044
c2cf9198-6e04-4b47-bd25-3d400ba4b489	5	57639194	57641018	2	-2.2676
c2cf9198-6e04-4b47-bd25-3d400ba4b489	5	57641454	60943616	2286	0.0092
c2cf9198-6e04-4b47-bd25-3d400ba4b489	5	60949318	60981243	14	-1.0705
c2cf9198-6e04-4b47-bd25-3d400ba4b489	5	60986148	63061276	1324	-0.0006
c2cf9198-6e04-4b47-bd25-3d400ba4b489	5	63061388	63118416	31	0.3023
c2cf9198-6e04-4b47-bd25-3d400ba4b489	5	63120723	99059871	20301	-0.0005
c2cf9198-6e04-4b47-bd25-3d400ba4b489	5	99060423	101899784	1696	-0.0557
c2cf9198-6e04-4b47-bd25-3d400ba4b489	5	101900648	156049762	34862	-0.0022
c2cf9198-6e04-4b47-bd25-3d400ba4b489	5	156049910	156055719	13	-0.7277
c2cf9198-6e04-4b47-bd25-3d400ba4b489	5	156068240	172079915	11136	-0.0006
c2cf9198-6e04-4b47-bd25-3d400ba4b489	5	172080527	172184128	93	0.2073
c2cf9198-6e04-4b47-bd25-3d400ba4b489	5	172184423	174727340	1938	0.0179
c2cf9198-6e04-4b47-bd25-3d400ba4b489	5	174743736	174766475	19	0.4488
c2cf9198-6e04-4b47-bd25-3d400ba4b489	5	174766844	176622707	1117	0.0122
c2cf9198-6e04-4b47-bd25-3d400ba4b489	5	176623510	176883197	134	0.2404
c2cf9198-6e04-4b47-bd25-3d400ba4b489	5	176886334	177771448	351	0.02
c2cf9198-6e04-4b47-bd25-3d400ba4b489	5	177800550	177805604	3	3.6484
c2cf9198-6e04-4b47-bd25-3d400ba4b489	5	177827964	180947523	1794	0.0251
c2cf9198-6e04-4b47-bd25-3d400ba4b489	5	180951710	180990660	17	0.7555
c2cf9198-6e04-4b47-bd25-3d400ba4b489	5	180990911	181363319	172	0.113
c2cf9198-6e04-4b47-bd25-3d400ba4b489	6	149661	254283	101	0.0259
c2cf9198-6e04-4b47-bd25-3d400ba4b489	6	257353	422408	135	0.2969
c2cf9198-6e04-4b47-bd25-3d400ba4b489	6	422736	821138	330	0.033
c2cf9198-6e04-4b47-bd25-3d400ba4b489	6	821327	836318	14	0.5766
c2cf9198-6e04-4b47-bd25-3d400ba4b489	6	836331	866857	27	0.3075
c2cf9198-6e04-4b47-bd25-3d400ba4b489	6	867007	22948997	16998	0.005
c2cf9198-6e04-4b47-bd25-3d400ba4b489	6	22950644	22950669	2	-1.5425
c2cf9198-6e04-4b47-bd25-3d400ba4b489	6	22953024	26374321	2411	0.0128
c2cf9198-6e04-4b47-bd25-3d400ba4b489	6	26374430	26441579	60	-0.9424
c2cf9198-6e04-4b47-bd25-3d400ba4b489	6	26444730	29869411	1554	0.0058
c2cf9198-6e04-4b47-bd25-3d400ba4b489	6	29869537	29940692	35	0.3139
c2cf9198-6e04-4b47-bd25-3d400ba4b489	6	29946443	31241733	588	-0.0033
c2cf9198-6e04-4b47-bd25-3d400ba4b489	6	31242439	32252185	427	0.1147
c2cf9198-6e04-4b47-bd25-3d400ba4b489	6	32252707	32717773	230	-0.0257
c2cf9198-6e04-4b47-bd25-3d400ba4b489	6	32718088	32743961	22	-0.4396
c2cf9198-6e04-4b47-bd25-3d400ba4b489	6	32744005	54066286	13618	-0.0002
c2cf9198-6e04-4b47-bd25-3d400ba4b489	6	54066353	54067057	7	1.1997
c2cf9198-6e04-4b47-bd25-3d400ba4b489	6	54070550	64627049	4222	-0.0199
c2cf9198-6e04-4b47-bd25-3d400ba4b489	6	64637651	64639099	2	-2.391
c2cf9198-6e04-4b47-bd25-3d400ba4b489	6	64640883	65000836	238	-0.0204
c2cf9198-6e04-4b47-bd25-3d400ba4b489	6	65001506	65003844	2	-2.472
c2cf9198-6e04-4b47-bd25-3d400ba4b489	6	65007491	70932584	3980	-0.0194
c2cf9198-6e04-4b47-bd25-3d400ba4b489	6	70940469	70942929	5	1.3378
c2cf9198-6e04-4b47-bd25-3d400ba4b489	6	70950530	78252864	4697	-0.0059
c2cf9198-6e04-4b47-bd25-3d400ba4b489	6	78252909	78332092	120	-0.3921
c2cf9198-6e04-4b47-bd25-3d400ba4b489	6	78336049	80574921	1426	-0.0128
c2cf9198-6e04-4b47-bd25-3d400ba4b489	6	80574999	80579817	29	-1.034
c2cf9198-6e04-4b47-bd25-3d400ba4b489	6	80584624	93736201	8411	-0.0044
c2cf9198-6e04-4b47-bd25-3d400ba4b489	6	93736753	95386776	811	-0.0946
c2cf9198-6e04-4b47-bd25-3d400ba4b489	6	95388284	103171475	4695	0.0043
c2cf9198-6e04-4b47-bd25-3d400ba4b489	6	103172284	103218729	33	0.3097
c2cf9198-6e04-4b47-bd25-3d400ba4b489	6	103225325	103286954	49	0.0302
c2cf9198-6e04-4b47-bd25-3d400ba4b489	6	103290101	103314174	45	-1.4515
c2cf9198-6e04-4b47-bd25-3d400ba4b489	6	103314186	156166264	34018	0.0008
c2cf9198-6e04-4b47-bd25-3d400ba4b489	6	156167564	156208628	40	0.4087
c2cf9198-6e04-4b47-bd25-3d400ba4b489	6	156209425	166884787	7740	0.0042
c2cf9198-6e04-4b47-bd25-3d400ba4b489	6	166891017	168673916	994	0.0971
c2cf9198-6e04-4b47-bd25-3d400ba4b489	6	168674369	169777855	903	0.028
c2cf9198-6e04-4b47-bd25-3d400ba4b489	6	169779334	170253622	187	0.174
c2cf9198-6e04-4b47-bd25-3d400ba4b489	6	170257760	170741917	226	0.0075
c2cf9198-6e04-4b47-bd25-3d400ba4b489	7	43355	669227	139	0.1965
c2cf9198-6e04-4b47-bd25-3d400ba4b489	7	672459	927563	85	-0.0286
c2cf9198-6e04-4b47-bd25-3d400ba4b489	7	928825	1343288	168	0.2478
c2cf9198-6e04-4b47-bd25-3d400ba4b489	7	1349039	6862089	3044	0.0338
c2cf9198-6e04-4b47-bd25-3d400ba4b489	7	6874832	6880649	6	-0.8937
c2cf9198-6e04-4b47-bd25-3d400ba4b489	7	6889070	7492188	502	0.008
c2cf9198-6e04-4b47-bd25-3d400ba4b489	7	7492833	19720300	10064	-0.0222
c2cf9198-6e04-4b47-bd25-3d400ba4b489	7	19722041	22395161	2036	0.0059
c2cf9198-6e04-4b47-bd25-3d400ba4b489	7	22395853	22396868	2	1.2519
c2cf9198-6e04-4b47-bd25-3d400ba4b489	7	22399135	28072552	4053	0.0071
c2cf9198-6e04-4b47-bd25-3d400ba4b489	7	28073479	28105777	32	0.2497
c2cf9198-6e04-4b47-bd25-3d400ba4b489	7	28105945	28122364	10	0.5504
c2cf9198-6e04-4b47-bd25-3d400ba4b489	7	28122786	28132564	10	0.3131
c2cf9198-6e04-4b47-bd25-3d400ba4b489	7	28132624	88521483	34152	0.0036
c2cf9198-6e04-4b47-bd25-3d400ba4b489	7	88522169	90400839	1238	-0.0769
c2cf9198-6e04-4b47-bd25-3d400ba4b489	7	90400902	91578827	857	0.0153
c2cf9198-6e04-4b47-bd25-3d400ba4b489	7	91589569	91589817	3	-1.4993
c2cf9198-6e04-4b47-bd25-3d400ba4b489	7	91595717	104663389	7127	0.0094
c2cf9198-6e04-4b47-bd25-3d400ba4b489	7	104663466	104663481	2	-1.6827
c2cf9198-6e04-4b47-bd25-3d400ba4b489	7	104663493	134100424	18090	-0.0009
c2cf9198-6e04-4b47-bd25-3d400ba4b489	7	134100442	134105690	24	0.5978
c2cf9198-6e04-4b47-bd25-3d400ba4b489	7	134110881	142069880	5202	0.0121
c2cf9198-6e04-4b47-bd25-3d400ba4b489	7	142069891	142092307	32	-0.6969
c2cf9198-6e04-4b47-bd25-3d400ba4b489	7	142099190	144012606	1056	-0.0035
c2cf9198-6e04-4b47-bd25-3d400ba4b489	7	144013003	144014058	7	-1.0342
c2cf9198-6e04-4b47-bd25-3d400ba4b489	7	144014076	154598185	6551	0.002
c2cf9198-6e04-4b47-bd25-3d400ba4b489	7	154601461	154607903	4	-2.4134
c2cf9198-6e04-4b47-bd25-3d400ba4b489	7	154609120	159334314	3233	0.0228
c2cf9198-6e04-4b47-bd25-3d400ba4b489	8	81254	2716218	1890	0.0382
c2cf9198-6e04-4b47-bd25-3d400ba4b489	8	2718761	5995173	4461	-0.0177
c2cf9198-6e04-4b47-bd25-3d400ba4b489	8	5995771	7336299	1374	0.0366
c2cf9198-6e04-4b47-bd25-3d400ba4b489	8	7357089	7397588	21	-1.1656
c2cf9198-6e04-4b47-bd25-3d400ba4b489	8	7414835	8120649	40	-0.0084
c2cf9198-6e04-4b47-bd25-3d400ba4b489	8	8132772	8214781	6	-0.9592
c2cf9198-6e04-4b47-bd25-3d400ba4b489	8	8234503	11809987	3056	0.0182
c2cf9198-6e04-4b47-bd25-3d400ba4b489	8	11810298	12176798	164	0.1224
c2cf9198-6e04-4b47-bd25-3d400ba4b489	8	12177488	12383679	16	0.4881
c2cf9198-6e04-4b47-bd25-3d400ba4b489	8	12383996	12385031	7	-0.138
c2cf9198-6e04-4b47-bd25-3d400ba4b489	8	12387683	12389977	7	0.6629
c2cf9198-6e04-4b47-bd25-3d400ba4b489	8	12418301	13783976	1117	-0.0161
c2cf9198-6e04-4b47-bd25-3d400ba4b489	8	13785153	13801993	24	-0.3698
c2cf9198-6e04-4b47-bd25-3d400ba4b489	8	13802635	19023893	4770	-0.009
c2cf9198-6e04-4b47-bd25-3d400ba4b489	8	19024991	19052738	28	-1.202
c2cf9198-6e04-4b47-bd25-3d400ba4b489	8	19054000	39340627	13476	0.0027
c2cf9198-6e04-4b47-bd25-3d400ba4b489	8	39343307	39527181	74	-0.1894
c2cf9198-6e04-4b47-bd25-3d400ba4b489	8	39527450	46097973	2624	-0.0001
c2cf9198-6e04-4b47-bd25-3d400ba4b489	8	46100608	46312772	57	0.2346
c2cf9198-6e04-4b47-bd25-3d400ba4b489	8	46326249	111279265	39274	-0.0007
c2cf9198-6e04-4b47-bd25-3d400ba4b489	8	111282050	111283031	10	3.1033
c2cf9198-6e04-4b47-bd25-3d400ba4b489	8	111288052	140996848	21112	0.002
c2cf9198-6e04-4b47-bd25-3d400ba4b489	8	140996875	142425828	839	0.1816
c2cf9198-6e04-4b47-bd25-3d400ba4b489	8	142425867	143611680	426	0.037
c2cf9198-6e04-4b47-bd25-3d400ba4b489	8	143616499	143648162	22	0.3634
c2cf9198-6e04-4b47-bd25-3d400ba4b489	8	143648286	143679240	16	-0.0424
c2cf9198-6e04-4b47-bd25-3d400ba4b489	8	143680108	143910115	59	0.1675
c2cf9198-6e04-4b47-bd25-3d400ba4b489	8	143911705	144188443	67	-0.0136
c2cf9198-6e04-4b47-bd25-3d400ba4b489	8	144190728	144910092	254	0.2248
c2cf9198-6e04-4b47-bd25-3d400ba4b489	8	144910348	145072769	99	0.0205
c2cf9198-6e04-4b47-bd25-3d400ba4b489	9	46587	8496706	8191	0.001
c2cf9198-6e04-4b47-bd25-3d400ba4b489	9	8497063	10314941	1697	-0.0401
c2cf9198-6e04-4b47-bd25-3d400ba4b489	9	10315193	10325264	16	0.4474
c2cf9198-6e04-4b47-bd25-3d400ba4b489	9	10329917	12527414	1761	-0.0668
c2cf9198-6e04-4b47-bd25-3d400ba4b489	9	12531493	22492890	8156	-0.0043
c2cf9198-6e04-4b47-bd25-3d400ba4b489	9	22501914	22502700	2	-4.0841
c2cf9198-6e04-4b47-bd25-3d400ba4b489	9	22509341	39481818	11309	-0.0193
c2cf9198-6e04-4b47-bd25-3d400ba4b489	9	39481840	40712794	27	-0.4347
c2cf9198-6e04-4b47-bd25-3d400ba4b489	9	40723126	42585140	132	-0.0862
c2cf9198-6e04-4b47-bd25-3d400ba4b489	9	42697878	42715632	9	0.9924
c2cf9198-6e04-4b47-bd25-3d400ba4b489	9	42719891	61405110	45	-0.098
c2cf9198-6e04-4b47-bd25-3d400ba4b489	9	61520021	61647899	30	0.6696
c2cf9198-6e04-4b47-bd25-3d400ba4b489	9	61665362	63580418	38	-0.0946
c2cf9198-6e04-4b47-bd25-3d400ba4b489	9	63590317	63590323	4	1.932
c2cf9198-6e04-4b47-bd25-3d400ba4b489	9	63590325	135264475	46846	-0.0015
c2cf9198-6e04-4b47-bd25-3d400ba4b489	9	135265951	135455962	138	0.228
c2cf9198-6e04-4b47-bd25-3d400ba4b489	9	135458638	136161138	303	0.0061
c2cf9198-6e04-4b47-bd25-3d400ba4b489	9	136161432	136362835	30	0.297
c2cf9198-6e04-4b47-bd25-3d400ba4b489	9	136374683	137333905	256	0.0465
c2cf9198-6e04-4b47-bd25-3d400ba4b489	9	137334669	137396353	22	0.4361
c2cf9198-6e04-4b47-bd25-3d400ba4b489	9	137396369	138200944	399	0.0515
c2cf9198-6e04-4b47-bd25-3d400ba4b489	10	45792	467695	237	0.005
c2cf9198-6e04-4b47-bd25-3d400ba4b489	10	468092	494221	24	0.5128
c2cf9198-6e04-4b47-bd25-3d400ba4b489	10	494317	3144751	2318	0.0414
c2cf9198-6e04-4b47-bd25-3d400ba4b489	10	3146031	5566926	2139	0.0023
c2cf9198-6e04-4b47-bd25-3d400ba4b489	10	5568261	5738622	141	0.1413
c2cf9198-6e04-4b47-bd25-3d400ba4b489	10	5738738	23955132	14222	-0.0017
c2cf9198-6e04-4b47-bd25-3d400ba4b489	10	23962603	23995835	43	-1.1906
c2cf9198-6e04-4b47-bd25-3d400ba4b489	10	24011792	25867453	1309	0.0028
c2cf9198-6e04-4b47-bd25-3d400ba4b489	10	25867511	25875685	15	0.4797
c2cf9198-6e04-4b47-bd25-3d400ba4b489	10	25878972	26398822	362	0.0094
c2cf9198-6e04-4b47-bd25-3d400ba4b489	10	26398860	26400075	2	-2.2841
c2cf9198-6e04-4b47-bd25-3d400ba4b489	10	26400319	55170075	16336	0.0048
c2cf9198-6e04-4b47-bd25-3d400ba4b489	10	55171019	56246829	763	-0.0789
c2cf9198-6e04-4b47-bd25-3d400ba4b489	10	56248485	56753095	303	-0.0015
c2cf9198-6e04-4b47-bd25-3d400ba4b489	10	56756615	56767077	41	-0.8795
c2cf9198-6e04-4b47-bd25-3d400ba4b489	10	56772992	65546400	6106	-0.0019
c2cf9198-6e04-4b47-bd25-3d400ba4b489	10	65546518	65554688	29	0.4504
c2cf9198-6e04-4b47-bd25-3d400ba4b489	10	65563037	70653619	3459	-0.005
c2cf9198-6e04-4b47-bd25-3d400ba4b489	10	70653677	70795038	122	0.2997
c2cf9198-6e04-4b47-bd25-3d400ba4b489	10	70795235	100296406	19237	0.0055
c2cf9198-6e04-4b47-bd25-3d400ba4b489	10	100296448	100302893	9	0.2743
c2cf9198-6e04-4b47-bd25-3d400ba4b489	10	100303135	100319943	13	0.6474
c2cf9198-6e04-4b47-bd25-3d400ba4b489	10	100321959	100334837	13	0.2392
c2cf9198-6e04-4b47-bd25-3d400ba4b489	10	100343657	129937798	20919	-0.0009
c2cf9198-6e04-4b47-bd25-3d400ba4b489	10	129937833	132747703	2001	0.0685
c2cf9198-6e04-4b47-bd25-3d400ba4b489	10	132750789	133038543	130	0.2461
c2cf9198-6e04-4b47-bd25-3d400ba4b489	10	133054949	133483577	152	0.0468
c2cf9198-6e04-4b47-bd25-3d400ba4b489	10	133487839	133654968	105	0.0007
c2cf9198-6e04-4b47-bd25-3d400ba4b489	11	198510	456012	104	0.177
c2cf9198-6e04-4b47-bd25-3d400ba4b489	11	456120	5762452	3122	0.0059
c2cf9198-6e04-4b47-bd25-3d400ba4b489	11	5762693	5787818	33	-0.6516
c2cf9198-6e04-4b47-bd25-3d400ba4b489	11	5787909	7791493	1497	-0.0086
c2cf9198-6e04-4b47-bd25-3d400ba4b489	11	7791913	7810711	6	-1.0226
c2cf9198-6e04-4b47-bd25-3d400ba4b489	11	7815462	21825348	10527	0.0015
c2cf9198-6e04-4b47-bd25-3d400ba4b489	11	21825960	21827206	5	-0.9563
c2cf9198-6e04-4b47-bd25-3d400ba4b489	11	21829111	36314305	10221	-0.002
c2cf9198-6e04-4b47-bd25-3d400ba4b489	11	36314713	36315083	3	-1.2416
c2cf9198-6e04-4b47-bd25-3d400ba4b489	11	36318123	48576870	7730	-0.0097
c2cf9198-6e04-4b47-bd25-3d400ba4b489	11	48579882	48581124	2	-2.1328
c2cf9198-6e04-4b47-bd25-3d400ba4b489	11	48584766	54743970	890	-0.0383
c2cf9198-6e04-4b47-bd25-3d400ba4b489	11	54762035	54766290	3	-1.4535
c2cf9198-6e04-4b47-bd25-3d400ba4b489	11	54782119	55595864	285	-0.1204
c2cf9198-6e04-4b47-bd25-3d400ba4b489	11	55606556	55685533	59	-1.6604
c2cf9198-6e04-4b47-bd25-3d400ba4b489	11	55686100	64825436	5120	-0.0084
c2cf9198-6e04-4b47-bd25-3d400ba4b489	11	64828200	65503767	238	0.1372
c2cf9198-6e04-4b47-bd25-3d400ba4b489	11	65505579	65633281	43	0.4088
c2cf9198-6e04-4b47-bd25-3d400ba4b489	11	65643224	65935052	143	0.172
c2cf9198-6e04-4b47-bd25-3d400ba4b489	11	65935152	86594619	12189	-0.0014
c2cf9198-6e04-4b47-bd25-3d400ba4b489	11	86594771	86595012	5	-1.0098
c2cf9198-6e04-4b47-bd25-3d400ba4b489	11	86604132	133922841	33630	0.002
c2cf9198-6e04-4b47-bd25-3d400ba4b489	11	133924593	134756993	621	0.0984
c2cf9198-6e04-4b47-bd25-3d400ba4b489	11	134761929	135074876	236	0.029
c2cf9198-6e04-4b47-bd25-3d400ba4b489	12	51460	1725469	986	0.0752
c2cf9198-6e04-4b47-bd25-3d400ba4b489	12	1726157	9481274	5181	0.0072
c2cf9198-6e04-4b47-bd25-3d400ba4b489	12	9485313	9575696	23	-1.9797
c2cf9198-6e04-4b47-bd25-3d400ba4b489	12	9582373	11068125	1035	0.0028
c2cf9198-6e04-4b47-bd25-3d400ba4b489	12	11070111	11104230	11	-1.3624
c2cf9198-6e04-4b47-bd25-3d400ba4b489	12	11107676	11351157	129	-0.055
c2cf9198-6e04-4b47-bd25-3d400ba4b489	12	11358643	11390472	31	0.8589
c2cf9198-6e04-4b47-bd25-3d400ba4b489	12	11399258	19314078	5405	-0.0023
c2cf9198-6e04-4b47-bd25-3d400ba4b489	12	19321836	19424002	51	0.6505
c2cf9198-6e04-4b47-bd25-3d400ba4b489	12	19427570	33446192	10140	-0.0041
c2cf9198-6e04-4b47-bd25-3d400ba4b489	12	33446397	34104037	376	-0.1133
c2cf9198-6e04-4b47-bd25-3d400ba4b489	12	34104535	34462784	156	0.042
c2cf9198-6e04-4b47-bd25-3d400ba4b489	12	34464258	34545149	20	-0.3201
c2cf9198-6e04-4b47-bd25-3d400ba4b489	12	34561704	37593924	69	0.0057
c2cf9198-6e04-4b47-bd25-3d400ba4b489	12	37618765	37620216	2	-1.8611
c2cf9198-6e04-4b47-bd25-3d400ba4b489	12	37640556	70478078	19917	-0.0013
c2cf9198-6e04-4b47-bd25-3d400ba4b489	12	70478895	70485605	10	-0.6387
c2cf9198-6e04-4b47-bd25-3d400ba4b489	12	70485653	91606482	13032	-0.0039
c2cf9198-6e04-4b47-bd25-3d400ba4b489	12	91606551	91607449	2	-1.4969
c2cf9198-6e04-4b47-bd25-3d400ba4b489	12	91609421	99398036	5468	0.0086
c2cf9198-6e04-4b47-bd25-3d400ba4b489	12	99401515	99404577	27	-0.4665
c2cf9198-6e04-4b47-bd25-3d400ba4b489	12	99404748	129814248	20636	0.0041
c2cf9198-6e04-4b47-bd25-3d400ba4b489	12	129814782	133201603	2055	0.063
c2cf9198-6e04-4b47-bd25-3d400ba4b489	13	18452809	33154794	10458	0.0072
c2cf9198-6e04-4b47-bd25-3d400ba4b489	13	33155789	33200262	54	0.3342
c2cf9198-6e04-4b47-bd25-3d400ba4b489	13	33201160	43013258	6861	-0.0036
c2cf9198-6e04-4b47-bd25-3d400ba4b489	13	43013578	43033979	8	0.6971
c2cf9198-6e04-4b47-bd25-3d400ba4b489	13	43036518	50486706	4847	-0.0002
c2cf9198-6e04-4b47-bd25-3d400ba4b489	13	50486908	50501249	5	-0.9054
c2cf9198-6e04-4b47-bd25-3d400ba4b489	13	50502244	57176962	3745	-0.0113
c2cf9198-6e04-4b47-bd25-3d400ba4b489	13	57184136	57215580	35	-0.7556
c2cf9198-6e04-4b47-bd25-3d400ba4b489	13	57215875	57582176	208	-0.1304
c2cf9198-6e04-4b47-bd25-3d400ba4b489	13	57583957	62159746	2772	-0.0076
c2cf9198-6e04-4b47-bd25-3d400ba4b489	13	62160135	62232848	38	-0.1444
c2cf9198-6e04-4b47-bd25-3d400ba4b489	13	62235141	62235349	3	-1.2051
c2cf9198-6e04-4b47-bd25-3d400ba4b489	13	62243960	71903417	5964	-0.0184
c2cf9198-6e04-4b47-bd25-3d400ba4b489	13	71905409	71906418	3	-1.2203
c2cf9198-6e04-4b47-bd25-3d400ba4b489	13	71906467	77899959	4271	0.0044
c2cf9198-6e04-4b47-bd25-3d400ba4b489	13	77901178	77901346	2	-1.9794
c2cf9198-6e04-4b47-bd25-3d400ba4b489	13	77901426	114342922	24768	-0.0001
c2cf9198-6e04-4b47-bd25-3d400ba4b489	14	18239283	19110634	33	-0.0828
c2cf9198-6e04-4b47-bd25-3d400ba4b489	14	19134873	19955213	134	0.5636
c2cf9198-6e04-4b47-bd25-3d400ba4b489	14	19956767	20489331	388	-0.0059
c2cf9198-6e04-4b47-bd25-3d400ba4b489	14	20489607	20535878	39	0.4968
c2cf9198-6e04-4b47-bd25-3d400ba4b489	14	20536419	21662397	703	0.0072
c2cf9198-6e04-4b47-bd25-3d400ba4b489	14	21663908	21667112	2	-1.0718
c2cf9198-6e04-4b47-bd25-3d400ba4b489	14	21667138	21856896	122	0.0082
c2cf9198-6e04-4b47-bd25-3d400ba4b489	14	21856963	21860397	10	-0.7355
c2cf9198-6e04-4b47-bd25-3d400ba4b489	14	21860829	22011573	152	-0.0246
c2cf9198-6e04-4b47-bd25-3d400ba4b489	14	22011908	22222399	196	0.1074
c2cf9198-6e04-4b47-bd25-3d400ba4b489	14	22222527	22390574	129	-0.0524
c2cf9198-6e04-4b47-bd25-3d400ba4b489	14	22390699	22625942	213	0.088
c2cf9198-6e04-4b47-bd25-3d400ba4b489	14	22626099	22647708	23	0.425
c2cf9198-6e04-4b47-bd25-3d400ba4b489	14	22651327	22903537	129	0.0761
c2cf9198-6e04-4b47-bd25-3d400ba4b489	14	22903728	73540003	31921	-0.0088
c2cf9198-6e04-4b47-bd25-3d400ba4b489	14	73540147	73554275	7	-1.8624
c2cf9198-6e04-4b47-bd25-3d400ba4b489	14	73563196	93134431	12820	-0.0042
c2cf9198-6e04-4b47-bd25-3d400ba4b489	14	93134726	93163614	27	0.3165
c2cf9198-6e04-4b47-bd25-3d400ba4b489	14	93165625	104267644	7362	0.0069
c2cf9198-6e04-4b47-bd25-3d400ba4b489	14	104272892	106340102	638	0.0643
c2cf9198-6e04-4b47-bd25-3d400ba4b489	14	106340305	106365807	10	0.8366
c2cf9198-6e04-4b47-bd25-3d400ba4b489	14	106369985	106877229	270	0.0092
c2cf9198-6e04-4b47-bd25-3d400ba4b489	15	19811075	20670989	151	0.1524
c2cf9198-6e04-4b47-bd25-3d400ba4b489	15	20981071	20988347	5	-1.1511
c2cf9198-6e04-4b47-bd25-3d400ba4b489	15	21005443	21997003	21	0.1689
c2cf9198-6e04-4b47-bd25-3d400ba4b489	15	21999319	22299523	29	0.714
c2cf9198-6e04-4b47-bd25-3d400ba4b489	15	22385639	22793791	57	-0.0459
c2cf9198-6e04-4b47-bd25-3d400ba4b489	15	22794310	23014914	188	0.1375
c2cf9198-6e04-4b47-bd25-3d400ba4b489	15	23017220	24424598	747	-0.0201
c2cf9198-6e04-4b47-bd25-3d400ba4b489	15	24429604	24473026	33	-0.6993
c2cf9198-6e04-4b47-bd25-3d400ba4b489	15	24473449	26219841	1283	0.007
c2cf9198-6e04-4b47-bd25-3d400ba4b489	15	26222546	26224091	3	-0.9197
c2cf9198-6e04-4b47-bd25-3d400ba4b489	15	26224366	30215220	2318	0.0361
c2cf9198-6e04-4b47-bd25-3d400ba4b489	15	30215235	30503586	26	0.5875
c2cf9198-6e04-4b47-bd25-3d400ba4b489	15	30515739	61392006	19908	0.0035
c2cf9198-6e04-4b47-bd25-3d400ba4b489	15	61395992	61405782	16	-0.984
c2cf9198-6e04-4b47-bd25-3d400ba4b489	15	61408185	72037752	6856	-0.0006
c2cf9198-6e04-4b47-bd25-3d400ba4b489	15	72039917	72044118	3	-1.0301
c2cf9198-6e04-4b47-bd25-3d400ba4b489	15	72049039	76599286	2241	-0.0019
c2cf9198-6e04-4b47-bd25-3d400ba4b489	15	76599400	76603434	19	-2.0387
c2cf9198-6e04-4b47-bd25-3d400ba4b489	15	76609838	101010088	16935	0.0068
c2cf9198-6e04-4b47-bd25-3d400ba4b489	15	101011509	101013088	2	-1.4145
c2cf9198-6e04-4b47-bd25-3d400ba4b489	15	101014133	101855282	645	0.0533
c2cf9198-6e04-4b47-bd25-3d400ba4b489	15	101855640	101900719	14	-0.4438
c2cf9198-6e04-4b47-bd25-3d400ba4b489	15	101905038	101928837	3	0.1121
c2cf9198-6e04-4b47-bd25-3d400ba4b489	16	10777	848328	328	0.2358
c2cf9198-6e04-4b47-bd25-3d400ba4b489	16	848688	11535608	8347	0.0128
c2cf9198-6e04-4b47-bd25-3d400ba4b489	16	11535928	11536077	2	-1.57
c2cf9198-6e04-4b47-bd25-3d400ba4b489	16	11536092	12489722	644	0.0107
c2cf9198-6e04-4b47-bd25-3d400ba4b489	16	12491322	12491846	2	1.0925
c2cf9198-6e04-4b47-bd25-3d400ba4b489	16	12495140	13032614	553	0.0355
c2cf9198-6e04-4b47-bd25-3d400ba4b489	16	13034401	13034542	2	-1.7076
c2cf9198-6e04-4b47-bd25-3d400ba4b489	16	13036417	14955801	1228	0.0005
c2cf9198-6e04-4b47-bd25-3d400ba4b489	16	14956028	15979580	439	0.1144
c2cf9198-6e04-4b47-bd25-3d400ba4b489	16	15979912	16020958	37	0.4144
c2cf9198-6e04-4b47-bd25-3d400ba4b489	16	16021035	16188463	142	0.1108
c2cf9198-6e04-4b47-bd25-3d400ba4b489	16	16196385	21521901	2650	0.0168
c2cf9198-6e04-4b47-bd25-3d400ba4b489	16	21522983	22353000	351	0.1194
c2cf9198-6e04-4b47-bd25-3d400ba4b489	16	22354196	28590024	4146	0.0054
c2cf9198-6e04-4b47-bd25-3d400ba4b489	16	28593690	30671055	523	0.1009
c2cf9198-6e04-4b47-bd25-3d400ba4b489	16	30671173	55761136	7506	-0.0015
c2cf9198-6e04-4b47-bd25-3d400ba4b489	16	55762477	55788532	22	-0.6402
c2cf9198-6e04-4b47-bd25-3d400ba4b489	16	55808442	61067492	3296	0.001
c2cf9198-6e04-4b47-bd25-3d400ba4b489	16	61067571	61075312	11	-1.0057
c2cf9198-6e04-4b47-bd25-3d400ba4b489	16	61078923	76263708	8970	0.0019
c2cf9198-6e04-4b47-bd25-3d400ba4b489	16	76264050	76267393	2	-1.5432
c2cf9198-6e04-4b47-bd25-3d400ba4b489	16	76268025	78337711	1986	-0.0039
c2cf9198-6e04-4b47-bd25-3d400ba4b489	16	78338543	78345778	13	1.0111
c2cf9198-6e04-4b47-bd25-3d400ba4b489	16	78349243	83904594	6273	-0.0005
c2cf9198-6e04-4b47-bd25-3d400ba4b489	16	83904958	84856330	841	0.1303
c2cf9198-6e04-4b47-bd25-3d400ba4b489	16	84857394	88459366	2815	0.031
c2cf9198-6e04-4b47-bd25-3d400ba4b489	16	88459423	90010727	612	0.2122
c2cf9198-6e04-4b47-bd25-3d400ba4b489	16	90013747	90015155	5	-0.7936
c2cf9198-6e04-4b47-bd25-3d400ba4b489	16	90015252	90096867	60	0.045
c2cf9198-6e04-4b47-bd25-3d400ba4b489	17	150733	1278022	561	0.1592
c2cf9198-6e04-4b47-bd25-3d400ba4b489	17	1278872	5701485	2395	0.0191
c2cf9198-6e04-4b47-bd25-3d400ba4b489	17	5702575	5729473	22	0.4618
c2cf9198-6e04-4b47-bd25-3d400ba4b489	17	5731024	16759600	7486	0.0066
c2cf9198-6e04-4b47-bd25-3d400ba4b489	17	16759737	16819487	8	-0.8115
c2cf9198-6e04-4b47-bd25-3d400ba4b489	17	16834846	18414080	909	0.0034
c2cf9198-6e04-4b47-bd25-3d400ba4b489	17	18452078	18561907	27	0.7929
c2cf9198-6e04-4b47-bd25-3d400ba4b489	17	18565883	34384586	5668	0.012
c2cf9198-6e04-4b47-bd25-3d400ba4b489	17	34384701	34644982	264	0.1475
c2cf9198-6e04-4b47-bd25-3d400ba4b489	17	34645135	41265433	3444	0.0123
c2cf9198-6e04-4b47-bd25-3d400ba4b489	17	41265456	41274279	25	-1.0219
c2cf9198-6e04-4b47-bd25-3d400ba4b489	17	41276472	46085732	2499	0.0272
c2cf9198-6e04-4b47-bd25-3d400ba4b489	17	46088437	46286804	124	0.2955
c2cf9198-6e04-4b47-bd25-3d400ba4b489	17	46323701	73741253	16728	-0.0005
c2cf9198-6e04-4b47-bd25-3d400ba4b489	17	73742096	74668676	625	0.1393
c2cf9198-6e04-4b47-bd25-3d400ba4b489	17	74669347	76909513	1051	0.0104
c2cf9198-6e04-4b47-bd25-3d400ba4b489	17	76909588	76941124	29	0.3712
c2cf9198-6e04-4b47-bd25-3d400ba4b489	17	76942889	77324358	234	0.0072
c2cf9198-6e04-4b47-bd25-3d400ba4b489	17	77336119	77396170	57	0.3317
c2cf9198-6e04-4b47-bd25-3d400ba4b489	17	77398743	78412288	571	0.0227
c2cf9198-6e04-4b47-bd25-3d400ba4b489	17	78412343	78724727	226	0.1494
c2cf9198-6e04-4b47-bd25-3d400ba4b489	17	78732558	79174518	234	0.0035
c2cf9198-6e04-4b47-bd25-3d400ba4b489	17	79174913	79238441	38	0.283
c2cf9198-6e04-4b47-bd25-3d400ba4b489	17	79238589	80636588	791	0.0188
c2cf9198-6e04-4b47-bd25-3d400ba4b489	17	80636822	80660379	18	0.312
c2cf9198-6e04-4b47-bd25-3d400ba4b489	17	80660500	80670218	5	0.7301
c2cf9198-6e04-4b47-bd25-3d400ba4b489	17	80682687	80713561	23	0.3048
c2cf9198-6e04-4b47-bd25-3d400ba4b489	17	80714303	82818180	769	0.0569
c2cf9198-6e04-4b47-bd25-3d400ba4b489	17	82820392	82985809	104	-0.0727
c2cf9198-6e04-4b47-bd25-3d400ba4b489	17	82990120	83091923	48	0.2221
c2cf9198-6e04-4b47-bd25-3d400ba4b489	18	48133	67286034	41084	-0.0024
c2cf9198-6e04-4b47-bd25-3d400ba4b489	18	67286412	67300028	22	-0.7459
c2cf9198-6e04-4b47-bd25-3d400ba4b489	18	67300481	71405821	3006	-0.0224
c2cf9198-6e04-4b47-bd25-3d400ba4b489	18	71406382	72397453	747	-0.118
c2cf9198-6e04-4b47-bd25-3d400ba4b489	18	72398169	72701062	218	-0.001
c2cf9198-6e04-4b47-bd25-3d400ba4b489	18	72701111	73878983	1018	-0.0596
c2cf9198-6e04-4b47-bd25-3d400ba4b489	18	73880517	79340966	4151	0.0086
c2cf9198-6e04-4b47-bd25-3d400ba4b489	18	79342707	80011347	289	0.2035
c2cf9198-6e04-4b47-bd25-3d400ba4b489	18	80012657	80257174	149	0.0356
c2cf9198-6e04-4b47-bd25-3d400ba4b489	19	90910	255830	5	-0.2771
c2cf9198-6e04-4b47-bd25-3d400ba4b489	19	257392	1829947	396	0.1051
c2cf9198-6e04-4b47-bd25-3d400ba4b489	19	1837062	14928127	5691	0.0066
c2cf9198-6e04-4b47-bd25-3d400ba4b489	19	14934380	14938487	3	-1.7714
c2cf9198-6e04-4b47-bd25-3d400ba4b489	19	14940475	21632117	3503	0.0098
c2cf9198-6e04-4b47-bd25-3d400ba4b489	19	21632838	21637067	2	1.2339
c2cf9198-6e04-4b47-bd25-3d400ba4b489	19	21637309	35364547	7092	0.0022
c2cf9198-6e04-4b47-bd25-3d400ba4b489	19	35365141	35370268	15	-0.5339
c2cf9198-6e04-4b47-bd25-3d400ba4b489	19	35370747	37263518	946	0.013
c2cf9198-6e04-4b47-bd25-3d400ba4b489	19	37264829	37306676	8	-0.9214
c2cf9198-6e04-4b47-bd25-3d400ba4b489	19	37309438	39217933	968	0.0138
c2cf9198-6e04-4b47-bd25-3d400ba4b489	19	39220195	39251987	15	0.4805
c2cf9198-6e04-4b47-bd25-3d400ba4b489	19	39252450	51628494	6100	0.0058
c2cf9198-6e04-4b47-bd25-3d400ba4b489	19	51628545	51653283	17	0.446
c2cf9198-6e04-4b47-bd25-3d400ba4b489	19	51654016	58586487	4332	0.0215
c2cf9198-6e04-4b47-bd25-3d400ba4b489	20	80664	1571811	1182	0.0212
c2cf9198-6e04-4b47-bd25-3d400ba4b489	20	1576544	1590679	37	-0.5341
c2cf9198-6e04-4b47-bd25-3d400ba4b489	20	1590717	3999423	1674	0.0132
c2cf9198-6e04-4b47-bd25-3d400ba4b489	20	4000242	4147712	120	0.1841
c2cf9198-6e04-4b47-bd25-3d400ba4b489	20	4151559	4830287	605	-0.0089
c2cf9198-6e04-4b47-bd25-3d400ba4b489	20	4831200	4882048	44	0.282
c2cf9198-6e04-4b47-bd25-3d400ba4b489	20	4882676	5629184	489	0.0074
c2cf9198-6e04-4b47-bd25-3d400ba4b489	20	5629967	5737384	77	0.2124
c2cf9198-6e04-4b47-bd25-3d400ba4b489	20	5737655	26324943	15764	0.0005
c2cf9198-6e04-4b47-bd25-3d400ba4b489	20	30185676	30295149	18	-0.6514
c2cf9198-6e04-4b47-bd25-3d400ba4b489	20	30295239	56991302	17310	0
c2cf9198-6e04-4b47-bd25-3d400ba4b489	20	56991724	56991746	2	1.5691
c2cf9198-6e04-4b47-bd25-3d400ba4b489	20	56993632	63084968	4537	0.0114
c2cf9198-6e04-4b47-bd25-3d400ba4b489	20	63085149	63121284	26	0.3755
c2cf9198-6e04-4b47-bd25-3d400ba4b489	20	63122696	63588484	137	0.0421
c2cf9198-6e04-4b47-bd25-3d400ba4b489	20	63588502	64324800	313	0.2206
c2cf9198-6e04-4b47-bd25-3d400ba4b489	21	10354168	20446351	4876	-0.0123
c2cf9198-6e04-4b47-bd25-3d400ba4b489	21	20447074	20447094	3	-1.318
c2cf9198-6e04-4b47-bd25-3d400ba4b489	21	20447152	22866932	1833	-0.0068
c2cf9198-6e04-4b47-bd25-3d400ba4b489	21	22869060	23266046	333	-0.1208
c2cf9198-6e04-4b47-bd25-3d400ba4b489	21	23266295	39556573	12044	-0.0089
c2cf9198-6e04-4b47-bd25-3d400ba4b489	21	39556590	39599578	50	0.4553
c2cf9198-6e04-4b47-bd25-3d400ba4b489	21	39604204	44343759	3341	0.0093
c2cf9198-6e04-4b47-bd25-3d400ba4b489	21	44343856	44448356	41	0.2982
c2cf9198-6e04-4b47-bd25-3d400ba4b489	21	44448469	45250897	506	0.0098
c2cf9198-6e04-4b47-bd25-3d400ba4b489	21	45250959	45632577	194	0.2302
c2cf9198-6e04-4b47-bd25-3d400ba4b489	21	45632643	46677045	611	0.0597
c2cf9198-6e04-4b47-bd25-3d400ba4b489	22	15294547	16396408	40	0.1773
c2cf9198-6e04-4b47-bd25-3d400ba4b489	22	16396502	18113523	1043	-0.0068
c2cf9198-6e04-4b47-bd25-3d400ba4b489	22	18114442	19651860	516	0.1227
c2cf9198-6e04-4b47-bd25-3d400ba4b489	22	19653185	20464311	488	0.238
c2cf9198-6e04-4b47-bd25-3d400ba4b489	22	20464914	22069891	955	0.102
c2cf9198-6e04-4b47-bd25-3d400ba4b489	22	22071892	22119549	76	-0.0456
c2cf9198-6e04-4b47-bd25-3d400ba4b489	22	22119654	22120255	5	-0.7036
c2cf9198-6e04-4b47-bd25-3d400ba4b489	22	22127104	22170813	106	-0.0063
c2cf9198-6e04-4b47-bd25-3d400ba4b489	22	22175473	23650864	969	0.1187
c2cf9198-6e04-4b47-bd25-3d400ba4b489	22	23651171	25245198	998	0.0251
c2cf9198-6e04-4b47-bd25-3d400ba4b489	22	25246239	25519689	299	0.1232
c2cf9198-6e04-4b47-bd25-3d400ba4b489	22	25519883	27706582	2216	0.0078
c2cf9198-6e04-4b47-bd25-3d400ba4b489	22	27706896	27737986	33	0.3352
c2cf9198-6e04-4b47-bd25-3d400ba4b489	22	27738998	38098157	7016	0.0113
c2cf9198-6e04-4b47-bd25-3d400ba4b489	22	38104375	38128732	11	0.5409
c2cf9198-6e04-4b47-bd25-3d400ba4b489	22	38132487	41900699	2048	0.0022
c2cf9198-6e04-4b47-bd25-3d400ba4b489	22	41901150	41975550	37	0.3651
c2cf9198-6e04-4b47-bd25-3d400ba4b489	22	41979300	42300294	171	-0.0093
c2cf9198-6e04-4b47-bd25-3d400ba4b489	22	42301210	42511022	116	0.1852
c2cf9198-6e04-4b47-bd25-3d400ba4b489	22	42511497	48805335	4850	0.0077
c2cf9198-6e04-4b47-bd25-3d400ba4b489	22	48805479	50796027	1261	0.1876
c2cf9198-6e04-4b47-bd25-3d400ba4b489	X	251810	718468	71	0.2968
c2cf9198-6e04-4b47-bd25-3d400ba4b489	X	718500	4032682	742	0.0627
c2cf9198-6e04-4b47-bd25-3d400ba4b489	X	4035289	19436468	10885	0.0126
c2cf9198-6e04-4b47-bd25-3d400ba4b489	X	19437290	19524720	60	0.3761
c2cf9198-6e04-4b47-bd25-3d400ba4b489	X	19526246	151124426	69428	-0.0024
c2cf9198-6e04-4b47-bd25-3d400ba4b489	X	151125462	151126987	2	-2.2862
c2cf9198-6e04-4b47-bd25-3d400ba4b489	X	151128083	152655458	983	-0.0163
c2cf9198-6e04-4b47-bd25-3d400ba4b489	X	152661588	152874018	103	0.059
c2cf9198-6e04-4b47-bd25-3d400ba4b489	X	152877879	152949221	60	0.3246
c2cf9198-6e04-4b47-bd25-3d400ba4b489	X	152949755	154334428	629	0.06
c2cf9198-6e04-4b47-bd25-3d400ba4b489	X	154347478	154359107	25	0.4092
c2cf9198-6e04-4b47-bd25-3d400ba4b489	X	154359331	154360167	6	0.9312
c2cf9198-6e04-4b47-bd25-3d400ba4b489	X	154360216	154381855	14	0.2775
c2cf9198-6e04-4b47-bd25-3d400ba4b489	X	154381897	154796890	153	0.1179
c2cf9198-6e04-4b47-bd25-3d400ba4b489	X	154797310	155952689	386	-0.0194
c2cf9198-6e04-4b47-bd25-3d400ba4b489	Y	2782397	3314408	191	-3.0159
c2cf9198-6e04-4b47-bd25-3d400ba4b489	Y	3326047	6064433	526	-2.656
c2cf9198-6e04-4b47-bd25-3d400ba4b489	Y	6071948	9330531	1511	-3.1822
c2cf9198-6e04-4b47-bd25-3d400ba4b489	Y	9332936	9554275	25	-4.7257
c2cf9198-6e04-4b47-bd25-3d400ba4b489	Y	9554586	13478396	1012	-3.019
c2cf9198-6e04-4b47-bd25-3d400ba4b489	Y	13478462	13482643	3	-7.6945
c2cf9198-6e04-4b47-bd25-3d400ba4b489	Y	13483009	56872112	3372	-3.1233
