GDC_Aliquot	Chromosome	Start	End	Num_Probes	Segment_Mean
55359604-76a7-43a3-b621-09ca64d547d2	1	62920	98588	12	0.2449
55359604-76a7-43a3-b621-09ca64d547d2	1	98602	1991155	321	-0.3849
55359604-76a7-43a3-b621-09ca64d547d2	1	1992065	16604834	8276	-0.4444
55359604-76a7-43a3-b621-09ca64d547d2	1	16605031	16643961	25	-1.2046
55359604-76a7-43a3-b621-09ca64d547d2	1	16679239	16864367	28	-0.3459
55359604-76a7-43a3-b621-09ca64d547d2	1	16868660	16935752	53	0.229
55359604-76a7-43a3-b621-09ca64d547d2	1	16949746	25256850	5224	-0.4339
55359604-76a7-43a3-b621-09ca64d547d2	1	25266637	25320455	24	-1.7746
55359604-76a7-43a3-b621-09ca64d547d2	1	25336819	30171827	2287	-0.4427
55359604-76a7-43a3-b621-09ca64d547d2	1	30177377	30182365	3	-2.6945
55359604-76a7-43a3-b621-09ca64d547d2	1	30182680	33019420	1509	-0.4321
55359604-76a7-43a3-b621-09ca64d547d2	1	33019536	34902874	1295	-0.375
55359604-76a7-43a3-b621-09ca64d547d2	1	34903159	46542315	6368	-0.4109
55359604-76a7-43a3-b621-09ca64d547d2	1	46545268	72303233	17045	-0.3778
55359604-76a7-43a3-b621-09ca64d547d2	1	72303253	72345465	45	-1.3087
55359604-76a7-43a3-b621-09ca64d547d2	1	72346221	86307363	9044	-0.3714
55359604-76a7-43a3-b621-09ca64d547d2	1	86311139	86312583	2	-2.6633
55359604-76a7-43a3-b621-09ca64d547d2	1	86314399	105476748	11721	-0.3765
55359604-76a7-43a3-b621-09ca64d547d2	1	105476861	105479753	13	-1.5879
55359604-76a7-43a3-b621-09ca64d547d2	1	105481433	112147704	4559	-0.3724
55359604-76a7-43a3-b621-09ca64d547d2	1	112153343	112154576	21	0.2507
55359604-76a7-43a3-b621-09ca64d547d2	1	112154591	120130581	5013	-0.3781
55359604-76a7-43a3-b621-09ca64d547d2	1	120138527	143748012	204	-0.2473
55359604-76a7-43a3-b621-09ca64d547d2	1	143748074	143760271	20	0.3401
55359604-76a7-43a3-b621-09ca64d547d2	1	143762042	152582700	2299	-0.3493
55359604-76a7-43a3-b621-09ca64d547d2	1	152583051	152614118	36	1.038
55359604-76a7-43a3-b621-09ca64d547d2	1	152618018	152735383	112	-0.2686
55359604-76a7-43a3-b621-09ca64d547d2	1	152735453	152736143	3	-1.2475
55359604-76a7-43a3-b621-09ca64d547d2	1	152740271	152784298	46	-0.2637
55359604-76a7-43a3-b621-09ca64d547d2	1	152784330	152801429	41	0.4331
55359604-76a7-43a3-b621-09ca64d547d2	1	152804279	155687178	1539	-0.3577
55359604-76a7-43a3-b621-09ca64d547d2	1	155691436	155693566	3	-3.1558
55359604-76a7-43a3-b621-09ca64d547d2	1	155697170	169247699	9630	-0.3174
55359604-76a7-43a3-b621-09ca64d547d2	1	169264736	169272528	7	-2.3133
55359604-76a7-43a3-b621-09ca64d547d2	1	169273163	174827267	3484	-0.309
55359604-76a7-43a3-b621-09ca64d547d2	1	174827418	174832702	16	-2.4835
55359604-76a7-43a3-b621-09ca64d547d2	1	174832716	187408877	8343	-0.3113
55359604-76a7-43a3-b621-09ca64d547d2	1	187411591	187411980	3	-2.1238
55359604-76a7-43a3-b621-09ca64d547d2	1	187412773	196745743	6171	-0.3136
55359604-76a7-43a3-b621-09ca64d547d2	1	196758720	196846661	61	-1.756
55359604-76a7-43a3-b621-09ca64d547d2	1	196847600	217194746	13757	-0.318
55359604-76a7-43a3-b621-09ca64d547d2	1	217194811	217198135	3	-2.4836
55359604-76a7-43a3-b621-09ca64d547d2	1	217198315	248415321	21493	-0.3255
55359604-76a7-43a3-b621-09ca64d547d2	1	248415350	248415915	2	-2.6443
55359604-76a7-43a3-b621-09ca64d547d2	1	248420269	248930189	209	-0.2797
55359604-76a7-43a3-b621-09ca64d547d2	2	12784	737505	517	-0.3804
55359604-76a7-43a3-b621-09ca64d547d2	2	742100	753378	5	-1.7823
55359604-76a7-43a3-b621-09ca64d547d2	2	753489	1546258	505	-0.3836
55359604-76a7-43a3-b621-09ca64d547d2	2	1546479	1852647	165	-0.543
55359604-76a7-43a3-b621-09ca64d547d2	2	1853337	13060284	8737	-0.3522
55359604-76a7-43a3-b621-09ca64d547d2	2	13062541	13139820	40	0.6754
55359604-76a7-43a3-b621-09ca64d547d2	2	13142715	146107615	79685	-0.3432
55359604-76a7-43a3-b621-09ca64d547d2	2	146107675	146109366	16	-1.9164
55359604-76a7-43a3-b621-09ca64d547d2	2	146120238	150007655	2108	-0.3276
55359604-76a7-43a3-b621-09ca64d547d2	2	150009356	150011253	2	-2.7865
55359604-76a7-43a3-b621-09ca64d547d2	2	150013602	189641181	24124	-0.327
55359604-76a7-43a3-b621-09ca64d547d2	2	189643321	189644024	3	-2.2129
55359604-76a7-43a3-b621-09ca64d547d2	2	189646051	242147305	32258	-0.3381
55359604-76a7-43a3-b621-09ca64d547d2	3	20930	47563078	33236	0.1951
55359604-76a7-43a3-b621-09ca64d547d2	3	47567668	50407360	1061	0.0932
55359604-76a7-43a3-b621-09ca64d547d2	3	50407420	52160953	738	0.1572
55359604-76a7-43a3-b621-09ca64d547d2	3	52169275	52176856	7	0.9612
55359604-76a7-43a3-b621-09ca64d547d2	3	52183209	52989195	373	0.1544
55359604-76a7-43a3-b621-09ca64d547d2	3	52994359	53005263	40	-0.8352
55359604-76a7-43a3-b621-09ca64d547d2	3	53005439	65211691	9506	0.1925
55359604-76a7-43a3-b621-09ca64d547d2	3	65211833	65232767	42	0.5194
55359604-76a7-43a3-b621-09ca64d547d2	3	65232993	68697013	2388	0.1951
55359604-76a7-43a3-b621-09ca64d547d2	3	68697108	68698262	14	-1.1856
55359604-76a7-43a3-b621-09ca64d547d2	3	68699607	75519398	4898	0.1925
55359604-76a7-43a3-b621-09ca64d547d2	3	75523398	75547095	7	-1.5045
55359604-76a7-43a3-b621-09ca64d547d2	3	75559488	82059630	3643	0.1757
55359604-76a7-43a3-b621-09ca64d547d2	3	82062201	82064038	3	-2.0511
55359604-76a7-43a3-b621-09ca64d547d2	3	82064741	84650607	1296	0.1615
55359604-76a7-43a3-b621-09ca64d547d2	3	84650642	84652985	12	-1.425
55359604-76a7-43a3-b621-09ca64d547d2	3	84653010	86212375	912	0.154
55359604-76a7-43a3-b621-09ca64d547d2	3	86216052	86216665	2	-2.2813
55359604-76a7-43a3-b621-09ca64d547d2	3	86221012	99218940	5017	0.1762
55359604-76a7-43a3-b621-09ca64d547d2	3	99225614	99226551	15	-1.895
55359604-76a7-43a3-b621-09ca64d547d2	3	99226566	99230068	9	-3.4665
55359604-76a7-43a3-b621-09ca64d547d2	3	99230187	99230577	14	-1.6218
55359604-76a7-43a3-b621-09ca64d547d2	3	99232120	116527835	10405	0.1969
55359604-76a7-43a3-b621-09ca64d547d2	3	116527859	116803740	234	0.0473
55359604-76a7-43a3-b621-09ca64d547d2	3	116804449	116951747	128	-0.147
55359604-76a7-43a3-b621-09ca64d547d2	3	116952046	117203898	216	0.0768
55359604-76a7-43a3-b621-09ca64d547d2	3	117204170	130044016	7581	0.2044
55359604-76a7-43a3-b621-09ca64d547d2	3	130044855	130087393	38	-0.5027
55359604-76a7-43a3-b621-09ca64d547d2	3	130088081	162405578	19840	0.2044
55359604-76a7-43a3-b621-09ca64d547d2	3	162419812	162424917	14	-0.5501
55359604-76a7-43a3-b621-09ca64d547d2	3	162426460	162794951	258	0.1947
55359604-76a7-43a3-b621-09ca64d547d2	3	162795304	162906093	65	0.6314
55359604-76a7-43a3-b621-09ca64d547d2	3	162906109	173590412	6357	0.2027
55359604-76a7-43a3-b621-09ca64d547d2	3	173590556	173590573	2	-1.6737
55359604-76a7-43a3-b621-09ca64d547d2	3	173593604	193160256	12661	0.1894
55359604-76a7-43a3-b621-09ca64d547d2	3	193160406	193165114	17	-1.0355
55359604-76a7-43a3-b621-09ca64d547d2	3	193168646	195934679	1596	0.1938
55359604-76a7-43a3-b621-09ca64d547d2	3	195963975	195991894	7	-1.2703
55359604-76a7-43a3-b621-09ca64d547d2	3	195998433	198111467	1057	0.1517
55359604-76a7-43a3-b621-09ca64d547d2	3	198111566	198122834	10	-0.736
55359604-76a7-43a3-b621-09ca64d547d2	3	198124354	198169247	8	-0.0236
55359604-76a7-43a3-b621-09ca64d547d2	4	68929	49087357	31473	0.9402
55359604-76a7-43a3-b621-09ca64d547d2	4	49091769	49289338	14	0.1591
55359604-76a7-43a3-b621-09ca64d547d2	4	49295203	49656595	19	-0.32
55359604-76a7-43a3-b621-09ca64d547d2	4	51819533	51995467	101	0.2203
55359604-76a7-43a3-b621-09ca64d547d2	4	51998310	54241451	1343	0.9285
55359604-76a7-43a3-b621-09ca64d547d2	4	54249536	54249593	6	-0.1204
55359604-76a7-43a3-b621-09ca64d547d2	4	54254390	60601687	4291	0.9302
55359604-76a7-43a3-b621-09ca64d547d2	4	60605362	60783966	96	1.4276
55359604-76a7-43a3-b621-09ca64d547d2	4	60786220	60797085	7	1.028
55359604-76a7-43a3-b621-09ca64d547d2	4	60801059	63827261	1664	0.1854
55359604-76a7-43a3-b621-09ca64d547d2	4	63828222	63842540	29	-0.5766
55359604-76a7-43a3-b621-09ca64d547d2	4	63850713	68418873	2826	0.1769
55359604-76a7-43a3-b621-09ca64d547d2	4	68422420	68422424	3	1.5146
55359604-76a7-43a3-b621-09ca64d547d2	4	68429081	68478894	9	-0.0461
55359604-76a7-43a3-b621-09ca64d547d2	4	68494770	68623617	68	0.8188
55359604-76a7-43a3-b621-09ca64d547d2	4	68639397	72686146	2313	0.183
55359604-76a7-43a3-b621-09ca64d547d2	4	72686527	72689721	2	-1.8306
55359604-76a7-43a3-b621-09ca64d547d2	4	72693098	77329500	3039	0.1957
55359604-76a7-43a3-b621-09ca64d547d2	4	77333425	77339128	3	-1.2422
55359604-76a7-43a3-b621-09ca64d547d2	4	77342320	81748408	2645	0.2097
55359604-76a7-43a3-b621-09ca64d547d2	4	81750016	81750209	4	-1.3331
55359604-76a7-43a3-b621-09ca64d547d2	4	81750784	111375831	17607	0.2042
55359604-76a7-43a3-b621-09ca64d547d2	4	111376259	111384623	10	-1.4564
55359604-76a7-43a3-b621-09ca64d547d2	4	111384670	111385924	8	-0.4886
55359604-76a7-43a3-b621-09ca64d547d2	4	111386201	111388458	6	-1.5856
55359604-76a7-43a3-b621-09ca64d547d2	4	111388478	114252544	1825	0.2268
55359604-76a7-43a3-b621-09ca64d547d2	4	114254167	114261019	23	0.7756
55359604-76a7-43a3-b621-09ca64d547d2	4	114263073	115235088	590	0.1953
55359604-76a7-43a3-b621-09ca64d547d2	4	115239907	115259399	43	-0.2021
55359604-76a7-43a3-b621-09ca64d547d2	4	115261423	153630131	22361	0.2062
55359604-76a7-43a3-b621-09ca64d547d2	4	153631681	153632003	3	-1.2381
55359604-76a7-43a3-b621-09ca64d547d2	4	153632541	160120152	4082	0.2175
55359604-76a7-43a3-b621-09ca64d547d2	4	160131622	160149637	38	-1.087
55359604-76a7-43a3-b621-09ca64d547d2	4	160162718	171448195	7218	0.1995
55359604-76a7-43a3-b621-09ca64d547d2	4	171453733	171456625	12	-0.63
55359604-76a7-43a3-b621-09ca64d547d2	4	171459220	172066777	391	0.242
55359604-76a7-43a3-b621-09ca64d547d2	4	172067997	172068382	12	1.018
55359604-76a7-43a3-b621-09ca64d547d2	4	172074828	190106768	11972	0.1921
55359604-76a7-43a3-b621-09ca64d547d2	5	15532	29341	7	-0.3628
55359604-76a7-43a3-b621-09ca64d547d2	5	30499	724612	308	0.5287
55359604-76a7-43a3-b621-09ca64d547d2	5	725091	1288579	261	1.9181
55359604-76a7-43a3-b621-09ca64d547d2	5	1299214	2404845	800	0.5616
55359604-76a7-43a3-b621-09ca64d547d2	5	2407728	2712192	299	1.897
55359604-76a7-43a3-b621-09ca64d547d2	5	2715920	2802663	85	0.6164
55359604-76a7-43a3-b621-09ca64d547d2	5	2806507	3001102	155	1.1574
55359604-76a7-43a3-b621-09ca64d547d2	5	3004057	9673019	5856	0.5775
55359604-76a7-43a3-b621-09ca64d547d2	5	9677134	9700773	23	1.9233
55359604-76a7-43a3-b621-09ca64d547d2	5	9701176	10209454	451	0.6017
55359604-76a7-43a3-b621-09ca64d547d2	5	10212222	10248685	45	1.7795
55359604-76a7-43a3-b621-09ca64d547d2	5	10254655	11540227	1082	0.5981
55359604-76a7-43a3-b621-09ca64d547d2	5	11548262	11743459	138	2.0041
55359604-76a7-43a3-b621-09ca64d547d2	5	11745400	12800777	605	0.5802
55359604-76a7-43a3-b621-09ca64d547d2	5	12815668	12838421	14	-0.7274
55359604-76a7-43a3-b621-09ca64d547d2	5	12849089	13340792	208	0.6165
55359604-76a7-43a3-b621-09ca64d547d2	5	13341057	13609616	214	1.1702
55359604-76a7-43a3-b621-09ca64d547d2	5	13609776	14339531	649	0.6111
55359604-76a7-43a3-b621-09ca64d547d2	5	14343163	15331291	664	1.9376
55359604-76a7-43a3-b621-09ca64d547d2	5	15332460	15332592	5	0.4123
55359604-76a7-43a3-b621-09ca64d547d2	5	15332597	15420450	41	1.7582
55359604-76a7-43a3-b621-09ca64d547d2	5	15420555	16501896	704	1.9728
55359604-76a7-43a3-b621-09ca64d547d2	5	16503038	17511800	661	1.8351
55359604-76a7-43a3-b621-09ca64d547d2	5	17513285	19903672	1444	1.6225
55359604-76a7-43a3-b621-09ca64d547d2	5	19910895	20704484	503	0.5633
55359604-76a7-43a3-b621-09ca64d547d2	5	20712317	20859532	47	1.5888
55359604-76a7-43a3-b621-09ca64d547d2	5	20866073	21312104	250	1.9393
55359604-76a7-43a3-b621-09ca64d547d2	5	21312119	21325164	16	1.6325
55359604-76a7-43a3-b621-09ca64d547d2	5	21338696	21376735	13	0.2516
55359604-76a7-43a3-b621-09ca64d547d2	5	21377730	21377744	2	2.5162
55359604-76a7-43a3-b621-09ca64d547d2	5	21385957	24124879	1525	0.568
55359604-76a7-43a3-b621-09ca64d547d2	5	24131170	24217228	59	1.2702
55359604-76a7-43a3-b621-09ca64d547d2	5	24218438	24751440	324	0.5575
55359604-76a7-43a3-b621-09ca64d547d2	5	24756441	24781639	35	1.8863
55359604-76a7-43a3-b621-09ca64d547d2	5	24781719	24790752	14	1.0032
55359604-76a7-43a3-b621-09ca64d547d2	5	24790898	24854542	29	1.5796
55359604-76a7-43a3-b621-09ca64d547d2	5	24854990	25656247	458	1.1557
55359604-76a7-43a3-b621-09ca64d547d2	5	25657662	26220393	365	0.5412
55359604-76a7-43a3-b621-09ca64d547d2	5	26224583	30808805	2672	1.1815
55359604-76a7-43a3-b621-09ca64d547d2	5	30810407	30894996	66	1.5848
55359604-76a7-43a3-b621-09ca64d547d2	5	30895087	30959697	56	1.258
55359604-76a7-43a3-b621-09ca64d547d2	5	30960106	45234951	8967	1.6106
55359604-76a7-43a3-b621-09ca64d547d2	5	45238202	46191782	319	1.2468
55359604-76a7-43a3-b621-09ca64d547d2	5	46195781	46199333	4	-0.8954
55359604-76a7-43a3-b621-09ca64d547d2	5	46209197	46246558	12	1.2763
55359604-76a7-43a3-b621-09ca64d547d2	5	46251204	46273400	9	2.7503
55359604-76a7-43a3-b621-09ca64d547d2	5	46278110	46313433	5	1.5227
55359604-76a7-43a3-b621-09ca64d547d2	5	46313539	46377225	9	0.6578
55359604-76a7-43a3-b621-09ca64d547d2	5	46381680	51200995	494	1.6092
55359604-76a7-43a3-b621-09ca64d547d2	5	51201784	51970922	397	1.2188
55359604-76a7-43a3-b621-09ca64d547d2	5	51971243	55648434	2479	1.6128
55359604-76a7-43a3-b621-09ca64d547d2	5	55648442	55666076	10	2.4219
55359604-76a7-43a3-b621-09ca64d547d2	5	55668755	58025819	1643	1.5939
55359604-76a7-43a3-b621-09ca64d547d2	5	58030200	58037706	32	-0.0516
55359604-76a7-43a3-b621-09ca64d547d2	5	58042530	63425097	3501	1.6253
55359604-76a7-43a3-b621-09ca64d547d2	5	63427712	63717820	170	1.2546
55359604-76a7-43a3-b621-09ca64d547d2	5	63718258	100402466	20560	0.5863
55359604-76a7-43a3-b621-09ca64d547d2	5	100402960	100457908	30	1.182
55359604-76a7-43a3-b621-09ca64d547d2	5	100465491	104515520	2333	0.5876
55359604-76a7-43a3-b621-09ca64d547d2	5	104524672	104524903	4	2.3662
55359604-76a7-43a3-b621-09ca64d547d2	5	104525348	107702650	1997	0.5794
55359604-76a7-43a3-b621-09ca64d547d2	5	107703113	107703359	2	-1.7852
55359604-76a7-43a3-b621-09ca64d547d2	5	107704230	122588886	10213	0.5891
55359604-76a7-43a3-b621-09ca64d547d2	5	122590225	122591623	4	-3.0711
55359604-76a7-43a3-b621-09ca64d547d2	5	122600492	150797535	17284	0.5817
55359604-76a7-43a3-b621-09ca64d547d2	5	150798146	150822643	10	-0.0244
55359604-76a7-43a3-b621-09ca64d547d2	5	150825938	150839042	8	-2.6758
55359604-76a7-43a3-b621-09ca64d547d2	5	150843825	177724103	18309	0.5758
55359604-76a7-43a3-b621-09ca64d547d2	5	177730398	177771448	5	-0.7085
55359604-76a7-43a3-b621-09ca64d547d2	5	177800550	177805604	3	4.566
55359604-76a7-43a3-b621-09ca64d547d2	5	177827964	180947523	1789	0.5524
55359604-76a7-43a3-b621-09ca64d547d2	5	180951710	181015400	21	1.1861
55359604-76a7-43a3-b621-09ca64d547d2	5	181015441	181363319	166	0.5981
55359604-76a7-43a3-b621-09ca64d547d2	6	149661	257353	102	-0.3839
55359604-76a7-43a3-b621-09ca64d547d2	6	258265	302306	23	-0.7675
55359604-76a7-43a3-b621-09ca64d547d2	6	303017	381149	77	-0.0772
55359604-76a7-43a3-b621-09ca64d547d2	6	382559	6025978	4603	-0.4015
55359604-76a7-43a3-b621-09ca64d547d2	6	6033698	6034203	3	-3.371
55359604-76a7-43a3-b621-09ca64d547d2	6	6036812	29861630	16641	-0.3971
55359604-76a7-43a3-b621-09ca64d547d2	6	29861635	29865090	3	-2.989
55359604-76a7-43a3-b621-09ca64d547d2	6	29865764	32463515	1177	-0.4634
55359604-76a7-43a3-b621-09ca64d547d2	6	32463775	32605994	35	1.3838
55359604-76a7-43a3-b621-09ca64d547d2	6	32606237	32658841	31	0.1927
55359604-76a7-43a3-b621-09ca64d547d2	6	32682835	32722250	44	-0.3049
55359604-76a7-43a3-b621-09ca64d547d2	6	32723020	32723053	3	1.2942
55359604-76a7-43a3-b621-09ca64d547d2	6	32732907	37286204	2636	-0.4363
55359604-76a7-43a3-b621-09ca64d547d2	6	37287139	41682167	3195	-0.3886
55359604-76a7-43a3-b621-09ca64d547d2	6	41682998	44477709	1490	-0.4492
55359604-76a7-43a3-b621-09ca64d547d2	6	44477938	53987279	6149	-0.3796
55359604-76a7-43a3-b621-09ca64d547d2	6	53991782	53999725	10	-4.5479
55359604-76a7-43a3-b621-09ca64d547d2	6	54002509	54980887	669	-0.3696
55359604-76a7-43a3-b621-09ca64d547d2	6	54983657	54984392	3	-2.8072
55359604-76a7-43a3-b621-09ca64d547d2	6	54985341	56963651	1174	-0.3868
55359604-76a7-43a3-b621-09ca64d547d2	6	56972447	56973371	2	-3.0187
55359604-76a7-43a3-b621-09ca64d547d2	6	56974365	76726815	10287	-0.3796
55359604-76a7-43a3-b621-09ca64d547d2	6	76730151	76742972	20	0.3987
55359604-76a7-43a3-b621-09ca64d547d2	6	76743040	76879514	111	-0.3645
55359604-76a7-43a3-b621-09ca64d547d2	6	76881010	76881576	3	-1.9338
55359604-76a7-43a3-b621-09ca64d547d2	6	76881916	78261995	858	-0.3859
55359604-76a7-43a3-b621-09ca64d547d2	6	78262064	78325457	105	-2.059
55359604-76a7-43a3-b621-09ca64d547d2	6	78325468	95912371	10886	-0.3884
55359604-76a7-43a3-b621-09ca64d547d2	6	95916709	95937907	13	-1.2311
55359604-76a7-43a3-b621-09ca64d547d2	6	95938540	99122316	1927	-0.3926
55359604-76a7-43a3-b621-09ca64d547d2	6	99123371	99124775	2	-1.9749
55359604-76a7-43a3-b621-09ca64d547d2	6	99124821	102365216	1965	-0.3733
55359604-76a7-43a3-b621-09ca64d547d2	6	102365857	102367685	3	-2.3623
55359604-76a7-43a3-b621-09ca64d547d2	6	102374286	103290164	537	-0.3779
55359604-76a7-43a3-b621-09ca64d547d2	6	103290209	103314186	44	0.4957
55359604-76a7-43a3-b621-09ca64d547d2	6	103317795	113900791	6600	-0.3913
55359604-76a7-43a3-b621-09ca64d547d2	6	113903677	113903852	2	-2.5896
55359604-76a7-43a3-b621-09ca64d547d2	6	113904647	125861617	7151	-0.3804
55359604-76a7-43a3-b621-09ca64d547d2	6	125862546	125865630	3	-2.589
55359604-76a7-43a3-b621-09ca64d547d2	6	125867747	170741917	29972	-0.388
55359604-76a7-43a3-b621-09ca64d547d2	7	43355	3349458	1412	-0.457
55359604-76a7-43a3-b621-09ca64d547d2	7	3355447	3355694	5	-1.9275
55359604-76a7-43a3-b621-09ca64d547d2	7	3359128	7013091	2042	-0.4536
55359604-76a7-43a3-b621-09ca64d547d2	7	7017623	38248326	23669	-0.384
55359604-76a7-43a3-b621-09ca64d547d2	7	38251092	38368593	131	-0.1558
55359604-76a7-43a3-b621-09ca64d547d2	7	38368878	54305455	10886	-0.4027
55359604-76a7-43a3-b621-09ca64d547d2	7	54318812	54318824	6	0.7942
55359604-76a7-43a3-b621-09ca64d547d2	7	54325795	55239852	840	-0.3761
55359604-76a7-43a3-b621-09ca64d547d2	7	55240233	56693807	708	-0.4476
55359604-76a7-43a3-b621-09ca64d547d2	7	56694420	56701121	3	-2.6854
55359604-76a7-43a3-b621-09ca64d547d2	7	56704473	67434381	2282	-0.3887
55359604-76a7-43a3-b621-09ca64d547d2	7	67439301	76587304	4393	-0.4565
55359604-76a7-43a3-b621-09ca64d547d2	7	76587945	90146435	8581	-0.3873
55359604-76a7-43a3-b621-09ca64d547d2	7	90147096	90147556	3	-2.045
55359604-76a7-43a3-b621-09ca64d547d2	7	90147717	97766197	4822	-0.3762
55359604-76a7-43a3-b621-09ca64d547d2	7	97772620	97773163	8	-2.0338
55359604-76a7-43a3-b621-09ca64d547d2	7	97774928	98157467	195	-0.3731
55359604-76a7-43a3-b621-09ca64d547d2	7	98161829	102253468	1766	-0.4689
55359604-76a7-43a3-b621-09ca64d547d2	7	102253947	109801155	4618	-0.3822
55359604-76a7-43a3-b621-09ca64d547d2	7	109801187	109813853	11	-2.1042
55359604-76a7-43a3-b621-09ca64d547d2	7	109813925	118187482	5098	-0.3725
55359604-76a7-43a3-b621-09ca64d547d2	7	118191690	118194670	2	-2.4016
55359604-76a7-43a3-b621-09ca64d547d2	7	118194676	134090386	9511	-0.3887
55359604-76a7-43a3-b621-09ca64d547d2	7	134090399	134114401	43	0.226
55359604-76a7-43a3-b621-09ca64d547d2	7	134114444	154594970	12732	-0.4011
55359604-76a7-43a3-b621-09ca64d547d2	7	154595415	154607903	6	-1.6158
55359604-76a7-43a3-b621-09ca64d547d2	7	154609120	159334314	3214	-0.3979
55359604-76a7-43a3-b621-09ca64d547d2	8	81254	10229883	9472	-0.401
55359604-76a7-43a3-b621-09ca64d547d2	8	10230421	10244317	13	0.8959
55359604-76a7-43a3-b621-09ca64d547d2	8	10247558	21254588	9231	-0.3955
55359604-76a7-43a3-b621-09ca64d547d2	8	21255121	21256547	3	-2.3904
55359604-76a7-43a3-b621-09ca64d547d2	8	21260713	23402513	1292	-0.4038
55359604-76a7-43a3-b621-09ca64d547d2	8	23407133	23408595	2	-3.7003
55359604-76a7-43a3-b621-09ca64d547d2	8	23409471	25116928	1223	-0.3905
55359604-76a7-43a3-b621-09ca64d547d2	8	25116961	25126818	26	-2.3255
55359604-76a7-43a3-b621-09ca64d547d2	8	25133589	27538691	1845	-0.3873
55359604-76a7-43a3-b621-09ca64d547d2	8	27539030	27539570	3	-2.2292
55359604-76a7-43a3-b621-09ca64d547d2	8	27542001	39372664	7078	-0.4066
55359604-76a7-43a3-b621-09ca64d547d2	8	39372806	39529446	61	0.6543
55359604-76a7-43a3-b621-09ca64d547d2	8	39530780	54296370	7201	-0.3931
55359604-76a7-43a3-b621-09ca64d547d2	8	54296488	54298260	5	-4.3439
55359604-76a7-43a3-b621-09ca64d547d2	8	54298328	145072769	57143	-0.3836
55359604-76a7-43a3-b621-09ca64d547d2	9	46587	512080	389	0.5805
55359604-76a7-43a3-b621-09ca64d547d2	9	517715	526993	14	-0.4652
55359604-76a7-43a3-b621-09ca64d547d2	9	531565	672786	243	0.5117
55359604-76a7-43a3-b621-09ca64d547d2	9	672895	676278	9	-0.2962
55359604-76a7-43a3-b621-09ca64d547d2	9	676305	764128	86	0.5805
55359604-76a7-43a3-b621-09ca64d547d2	9	765271	775653	4	-0.7912
55359604-76a7-43a3-b621-09ca64d547d2	9	776071	2481455	1921	0.6119
55359604-76a7-43a3-b621-09ca64d547d2	9	2481651	2481683	2	2.3717
55359604-76a7-43a3-b621-09ca64d547d2	9	2483527	9261737	6089	0.6039
55359604-76a7-43a3-b621-09ca64d547d2	9	9261784	9410073	152	-0.4242
55359604-76a7-43a3-b621-09ca64d547d2	9	9411107	9621487	180	-4.4072
55359604-76a7-43a3-b621-09ca64d547d2	9	9621572	9647020	21	-0.4943
55359604-76a7-43a3-b621-09ca64d547d2	9	9649179	9687791	26	-1.5317
55359604-76a7-43a3-b621-09ca64d547d2	9	9691328	9757273	52	-0.5171
55359604-76a7-43a3-b621-09ca64d547d2	9	9760681	23368027	11040	0.6043
55359604-76a7-43a3-b621-09ca64d547d2	9	23372011	23372401	2	-2.2097
55359604-76a7-43a3-b621-09ca64d547d2	9	23373486	27236646	2777	0.581
55359604-76a7-43a3-b621-09ca64d547d2	9	27248179	27248646	5	-0.3986
55359604-76a7-43a3-b621-09ca64d547d2	9	27248729	39053795	7816	0.5956
55359604-76a7-43a3-b621-09ca64d547d2	9	39057367	41324592	120	0.3353
55359604-76a7-43a3-b621-09ca64d547d2	9	41388367	41646850	32	-0.1817
55359604-76a7-43a3-b621-09ca64d547d2	9	41659472	61405110	100	0.391
55359604-76a7-43a3-b621-09ca64d547d2	9	61520021	61561095	16	1.2144
55359604-76a7-43a3-b621-09ca64d547d2	9	61566296	66018944	147	0.3441
55359604-76a7-43a3-b621-09ca64d547d2	9	66084268	103804216	24663	0.5916
55359604-76a7-43a3-b621-09ca64d547d2	9	103806415	103807009	2	-2.4977
55359604-76a7-43a3-b621-09ca64d547d2	9	103808421	104035454	149	0.5781
55359604-76a7-43a3-b621-09ca64d547d2	9	104036026	104072159	50	0.8808
55359604-76a7-43a3-b621-09ca64d547d2	9	104074409	127437172	17052	0.5944
55359604-76a7-43a3-b621-09ca64d547d2	9	127437736	131597884	2220	0.5016
55359604-76a7-43a3-b621-09ca64d547d2	9	131598767	133244140	1140	0.5749
55359604-76a7-43a3-b621-09ca64d547d2	9	133250790	133257486	5	-0.3438
55359604-76a7-43a3-b621-09ca64d547d2	9	133258308	138177075	2314	0.5548
55359604-76a7-43a3-b621-09ca64d547d2	9	138177488	138200944	6	1.4166
55359604-76a7-43a3-b621-09ca64d547d2	10	45792	24083376	19018	0.1345
55359604-76a7-43a3-b621-09ca64d547d2	10	24083828	24088992	12	1.0175
55359604-76a7-43a3-b621-09ca64d547d2	10	24089125	27330146	2186	0.1295
55359604-76a7-43a3-b621-09ca64d547d2	10	27336936	27344175	8	-1.2542
55359604-76a7-43a3-b621-09ca64d547d2	10	27344525	27794727	330	0.1689
55359604-76a7-43a3-b621-09ca64d547d2	10	27795080	43689604	8203	0.1258
55359604-76a7-43a3-b621-09ca64d547d2	10	43691378	46617422	1707	0.1748
55359604-76a7-43a3-b621-09ca64d547d2	10	46618028	46657149	4	-1.3024
55359604-76a7-43a3-b621-09ca64d547d2	10	46693480	48399421	478	0.186
55359604-76a7-43a3-b621-09ca64d547d2	10	48400747	50033037	1186	0.2522
55359604-76a7-43a3-b621-09ca64d547d2	10	50033327	65546518	10922	0.1555
55359604-76a7-43a3-b621-09ca64d547d2	10	65548165	65566308	32	0.9049
55359604-76a7-43a3-b621-09ca64d547d2	10	65566389	126201754	40508	0.1549
55359604-76a7-43a3-b621-09ca64d547d2	10	126206011	126206650	3	-1.6019
55359604-76a7-43a3-b621-09ca64d547d2	10	126211731	128745228	2022	0.1705
55359604-76a7-43a3-b621-09ca64d547d2	10	128748043	128748257	2	-1.525
55359604-76a7-43a3-b621-09ca64d547d2	10	128749910	131048126	1904	0.163
55359604-76a7-43a3-b621-09ca64d547d2	10	131050769	131051219	3	-1.3155
55359604-76a7-43a3-b621-09ca64d547d2	10	131051672	131810441	588	0.1743
55359604-76a7-43a3-b621-09ca64d547d2	10	131814796	131826379	20	-1.7517
55359604-76a7-43a3-b621-09ca64d547d2	10	131827388	133654968	832	0.1205
55359604-76a7-43a3-b621-09ca64d547d2	11	198510	4946166	2397	-0.4113
55359604-76a7-43a3-b621-09ca64d547d2	11	4946420	4954475	29	0.4229
55359604-76a7-43a3-b621-09ca64d547d2	11	4955027	10414489	3973	-0.3763
55359604-76a7-43a3-b621-09ca64d547d2	11	10415792	10416806	3	-2.0587
55359604-76a7-43a3-b621-09ca64d547d2	11	10418797	42791601	23179	-0.3808
55359604-76a7-43a3-b621-09ca64d547d2	11	42794936	42796489	2	-2.6126
55359604-76a7-43a3-b621-09ca64d547d2	11	42799053	43146336	272	-0.396
55359604-76a7-43a3-b621-09ca64d547d2	11	43146478	43146509	2	-2.3235
55359604-76a7-43a3-b621-09ca64d547d2	11	43147103	47584309	2622	-0.404
55359604-76a7-43a3-b621-09ca64d547d2	11	47601924	47602435	2	-2.7043
55359604-76a7-43a3-b621-09ca64d547d2	11	47603162	55593885	1650	-0.371
55359604-76a7-43a3-b621-09ca64d547d2	11	55593934	55686100	63	0.083
55359604-76a7-43a3-b621-09ca64d547d2	11	55693207	61470748	3469	-0.3731
55359604-76a7-43a3-b621-09ca64d547d2	11	61473723	71498977	4709	-0.4408
55359604-76a7-43a3-b621-09ca64d547d2	11	71499024	107910653	24269	-0.3757
55359604-76a7-43a3-b621-09ca64d547d2	11	107913781	107914372	2	-3.3521
55359604-76a7-43a3-b621-09ca64d547d2	11	107916987	135074876	19362	-0.387
55359604-76a7-43a3-b621-09ca64d547d2	12	51460	8405892	5567	0.5992
55359604-76a7-43a3-b621-09ca64d547d2	12	8406040	8432076	17	-0.2107
55359604-76a7-43a3-b621-09ca64d547d2	12	8442298	9477960	552	0.5833
55359604-76a7-43a3-b621-09ca64d547d2	12	9481274	9575696	24	1.8858
55359604-76a7-43a3-b621-09ca64d547d2	12	9582373	11359558	1168	0.6125
55359604-76a7-43a3-b621-09ca64d547d2	12	11359597	11390452	27	1.6683
55359604-76a7-43a3-b621-09ca64d547d2	12	11390472	21410210	6741	0.5967
55359604-76a7-43a3-b621-09ca64d547d2	12	21414671	21432680	8	-0.2308
55359604-76a7-43a3-b621-09ca64d547d2	12	21435234	33141726	8500	0.6047
55359604-76a7-43a3-b621-09ca64d547d2	12	33148472	33155426	28	0.0993
55359604-76a7-43a3-b621-09ca64d547d2	12	33155453	34179379	622	0.6451
55359604-76a7-43a3-b621-09ca64d547d2	12	34180876	37991710	261	0.5058
55359604-76a7-43a3-b621-09ca64d547d2	12	37999454	37999507	2	2.1215
55359604-76a7-43a3-b621-09ca64d547d2	12	37999858	38266662	111	0.5971
55359604-76a7-43a3-b621-09ca64d547d2	12	38267113	38940516	391	0.7231
55359604-76a7-43a3-b621-09ca64d547d2	12	38941915	48273228	5831	0.6072
55359604-76a7-43a3-b621-09ca64d547d2	12	48273572	51816307	1712	0.5325
55359604-76a7-43a3-b621-09ca64d547d2	12	51817321	55767035	2503	0.5953
55359604-76a7-43a3-b621-09ca64d547d2	12	55773631	56929390	553	0.5061
55359604-76a7-43a3-b621-09ca64d547d2	12	56929443	58327448	717	0.5827
55359604-76a7-43a3-b621-09ca64d547d2	12	58336368	58336379	2	-1.1064
55359604-76a7-43a3-b621-09ca64d547d2	12	58337065	70478895	7903	0.6062
55359604-76a7-43a3-b621-09ca64d547d2	12	70482534	70485605	9	-0.1778
55359604-76a7-43a3-b621-09ca64d547d2	12	70485653	90089573	11947	0.6021
55359604-76a7-43a3-b621-09ca64d547d2	12	90097892	90098217	5	1.6261
55359604-76a7-43a3-b621-09ca64d547d2	12	90098282	110204536	13581	0.5996
55359604-76a7-43a3-b621-09ca64d547d2	12	110208024	112532320	1145	0.522
55359604-76a7-43a3-b621-09ca64d547d2	12	112539973	119925874	5514	0.5896
55359604-76a7-43a3-b621-09ca64d547d2	12	119930526	123673404	1659	0.5158
55359604-76a7-43a3-b621-09ca64d547d2	12	123675474	133201603	7084	0.6048
55359604-76a7-43a3-b621-09ca64d547d2	13	18452809	19547319	529	-0.3751
55359604-76a7-43a3-b621-09ca64d547d2	13	19549755	19549770	2	4.7087
55359604-76a7-43a3-b621-09ca64d547d2	13	19550361	37493438	12789	-0.3792
55359604-76a7-43a3-b621-09ca64d547d2	13	37495907	37510620	19	0.3708
55359604-76a7-43a3-b621-09ca64d547d2	13	37514193	107138366	45157	-0.381
55359604-76a7-43a3-b621-09ca64d547d2	13	107142490	107150792	5	-2.4423
55359604-76a7-43a3-b621-09ca64d547d2	13	107151796	107203546	42	-4.6713
55359604-76a7-43a3-b621-09ca64d547d2	13	107203810	114342922	4904	-0.415
55359604-76a7-43a3-b621-09ca64d547d2	14	18239283	19387271	54	-0.2667
55359604-76a7-43a3-b621-09ca64d547d2	14	19425567	19954424	110	0.1801
55359604-76a7-43a3-b621-09ca64d547d2	14	19955213	21925817	1338	-0.3948
55359604-76a7-43a3-b621-09ca64d547d2	14	21925968	22491845	467	-0.1649
55359604-76a7-43a3-b621-09ca64d547d2	14	22496054	24015250	899	-0.3841
55359604-76a7-43a3-b621-09ca64d547d2	14	24018934	24044708	30	0.025
55359604-76a7-43a3-b621-09ca64d547d2	14	24049930	26310436	1556	-0.3972
55359604-76a7-43a3-b621-09ca64d547d2	14	26314697	26314712	7	0.4195
55359604-76a7-43a3-b621-09ca64d547d2	14	26315707	33374150	4209	-0.3911
55359604-76a7-43a3-b621-09ca64d547d2	14	33374194	33374797	2	-2.9476
55359604-76a7-43a3-b621-09ca64d547d2	14	33375673	37665374	2801	-0.3834
55359604-76a7-43a3-b621-09ca64d547d2	14	37665599	37668971	3	-2.2078
55359604-76a7-43a3-b621-09ca64d547d2	14	37669965	41141487	2123	-0.3784
55359604-76a7-43a3-b621-09ca64d547d2	14	41145917	41168612	10	0.3005
55359604-76a7-43a3-b621-09ca64d547d2	14	41184774	42518302	840	-0.3716
55359604-76a7-43a3-b621-09ca64d547d2	14	42523108	42523231	2	-2.4764
55359604-76a7-43a3-b621-09ca64d547d2	14	42526308	73540003	19435	-0.3781
55359604-76a7-43a3-b621-09ca64d547d2	14	73540147	73554275	7	-1.8947
55359604-76a7-43a3-b621-09ca64d547d2	14	73563196	105544971	20461	-0.4053
55359604-76a7-43a3-b621-09ca64d547d2	14	105563300	105688531	16	0.5237
55359604-76a7-43a3-b621-09ca64d547d2	14	105691429	106258891	179	-0.3761
55359604-76a7-43a3-b621-09ca64d547d2	14	106260759	106297273	20	-0.8292
55359604-76a7-43a3-b621-09ca64d547d2	14	106297409	106321086	14	-0.1932
55359604-76a7-43a3-b621-09ca64d547d2	14	106340102	106365807	11	-1.3221
55359604-76a7-43a3-b621-09ca64d547d2	14	106369985	106877229	269	-0.3588
55359604-76a7-43a3-b621-09ca64d547d2	15	19811075	20001686	45	-0.5904
55359604-76a7-43a3-b621-09ca64d547d2	15	20011702	20187568	10	0.1964
55359604-76a7-43a3-b621-09ca64d547d2	15	20190276	20249006	10	-0.4212
55359604-76a7-43a3-b621-09ca64d547d2	15	20263311	20373168	23	-0.9973
55359604-76a7-43a3-b621-09ca64d547d2	15	20376198	20376311	7	0.2872
55359604-76a7-43a3-b621-09ca64d547d2	15	20380735	22299523	111	-0.8898
55359604-76a7-43a3-b621-09ca64d547d2	15	22385639	23121974	311	-0.3833
55359604-76a7-43a3-b621-09ca64d547d2	15	23191818	23199669	3	-2.1437
55359604-76a7-43a3-b621-09ca64d547d2	15	23396367	23813652	308	-0.389
55359604-76a7-43a3-b621-09ca64d547d2	15	23813673	23813702	2	-3.65
55359604-76a7-43a3-b621-09ca64d547d2	15	23813848	28359467	3121	-0.4279
55359604-76a7-43a3-b621-09ca64d547d2	15	28414778	28460135	2	-2.6556
55359604-76a7-43a3-b621-09ca64d547d2	15	28460858	30077828	835	-0.4374
55359604-76a7-43a3-b621-09ca64d547d2	15	30094208	30608675	38	-1.839
55359604-76a7-43a3-b621-09ca64d547d2	15	30621384	53492691	14081	-0.4077
55359604-76a7-43a3-b621-09ca64d547d2	15	53492794	53493082	6	-1.9998
55359604-76a7-43a3-b621-09ca64d547d2	15	53498050	62693003	6620	-0.3968
55359604-76a7-43a3-b621-09ca64d547d2	15	62697576	62698210	3	-2.8491
55359604-76a7-43a3-b621-09ca64d547d2	15	62699011	76598900	8046	-0.4139
55359604-76a7-43a3-b621-09ca64d547d2	15	76599170	76603434	21	0.3811
55359604-76a7-43a3-b621-09ca64d547d2	15	76609838	83874133	4368	-0.3878
55359604-76a7-43a3-b621-09ca64d547d2	15	83874498	83874798	4	-3.1039
55359604-76a7-43a3-b621-09ca64d547d2	15	83878525	101928837	13069	-0.4019
55359604-76a7-43a3-b621-09ca64d547d2	16	10777	5162800	2216	0.1073
55359604-76a7-43a3-b621-09ca64d547d2	16	5163122	18970170	10568	0.1715
55359604-76a7-43a3-b621-09ca64d547d2	16	18970773	19933041	582	0.1341
55359604-76a7-43a3-b621-09ca64d547d2	16	19934328	19954553	28	-1.2445
55359604-76a7-43a3-b621-09ca64d547d2	16	19956040	21401082	887	0.1671
55359604-76a7-43a3-b621-09ca64d547d2	16	21503753	21582313	23	-0.2926
55359604-76a7-43a3-b621-09ca64d547d2	16	21584992	22430699	359	0.1743
55359604-76a7-43a3-b621-09ca64d547d2	16	22546611	22693199	72	-0.5389
55359604-76a7-43a3-b621-09ca64d547d2	16	22699421	47399623	5984	0.1438
55359604-76a7-43a3-b621-09ca64d547d2	16	47399648	55764310	6037	0.178
55359604-76a7-43a3-b621-09ca64d547d2	16	55764850	55764867	2	5.0583
55359604-76a7-43a3-b621-09ca64d547d2	16	55770436	78337711	14190	0.1542
55359604-76a7-43a3-b621-09ca64d547d2	16	78338543	78350868	17	1.114
55359604-76a7-43a3-b621-09ca64d547d2	16	78351104	90096867	10523	0.1775
55359604-76a7-43a3-b621-09ca64d547d2	17	150733	32441379	15334	0.5017
55359604-76a7-43a3-b621-09ca64d547d2	17	32442634	36108119	2790	0.5649
55359604-76a7-43a3-b621-09ca64d547d2	17	36108874	36200725	38	1.0428
55359604-76a7-43a3-b621-09ca64d547d2	17	36208249	36528105	75	0.5744
55359604-76a7-43a3-b621-09ca64d547d2	17	36528169	40485253	1940	0.4843
55359604-76a7-43a3-b621-09ca64d547d2	17	40487133	41632423	823	0.5761
55359604-76a7-43a3-b621-09ca64d547d2	17	41632460	45633670	1860	0.4447
55359604-76a7-43a3-b621-09ca64d547d2	17	45639519	46100092	335	0.5987
55359604-76a7-43a3-b621-09ca64d547d2	17	46103588	46284643	111	0.2198
55359604-76a7-43a3-b621-09ca64d547d2	17	46284997	46446360	6	0.901
55359604-76a7-43a3-b621-09ca64d547d2	17	46569894	51319512	2370	0.5012
55359604-76a7-43a3-b621-09ca64d547d2	17	51321627	74680224	14893	0.5419
55359604-76a7-43a3-b621-09ca64d547d2	17	74681173	78285287	1867	0.481
55359604-76a7-43a3-b621-09ca64d547d2	17	78286051	78290662	3	-0.9414
55359604-76a7-43a3-b621-09ca64d547d2	17	78291927	81280288	1644	0.5226
55359604-76a7-43a3-b621-09ca64d547d2	17	81280497	82822690	514	0.4348
55359604-76a7-43a3-b621-09ca64d547d2	17	82823640	83091923	148	0.5658
55359604-76a7-43a3-b621-09ca64d547d2	18	48133	26785899	13740	-0.3997
55359604-76a7-43a3-b621-09ca64d547d2	18	26785951	26786181	3	-3.8663
55359604-76a7-43a3-b621-09ca64d547d2	18	26786415	66095064	26222	-0.3887
55359604-76a7-43a3-b621-09ca64d547d2	18	66099904	66100686	3	-2.5059
55359604-76a7-43a3-b621-09ca64d547d2	18	66108359	77193981	8283	-0.3915
55359604-76a7-43a3-b621-09ca64d547d2	18	77194108	77200202	3	-2.5644
55359604-76a7-43a3-b621-09ca64d547d2	18	77200392	80257174	1971	-0.3993
55359604-76a7-43a3-b621-09ca64d547d2	19	90910	2902421	745	0.5006
55359604-76a7-43a3-b621-09ca64d547d2	19	2904275	2934284	21	1.0208
55359604-76a7-43a3-b621-09ca64d547d2	19	2940921	19317382	7515	0.4853
55359604-76a7-43a3-b621-09ca64d547d2	19	19317458	21632117	1289	0.5431
55359604-76a7-43a3-b621-09ca64d547d2	19	21632838	21637309	3	1.7498
55359604-76a7-43a3-b621-09ca64d547d2	19	21638735	22946757	736	0.5357
55359604-76a7-43a3-b621-09ca64d547d2	19	22947593	23950883	592	0.5002
55359604-76a7-43a3-b621-09ca64d547d2	19	23951889	35569034	5893	0.5731
55359604-76a7-43a3-b621-09ca64d547d2	19	35570937	36072847	201	0.4384
55359604-76a7-43a3-b621-09ca64d547d2	19	36073856	36077192	2	2.2183
55359604-76a7-43a3-b621-09ca64d547d2	19	36077896	53011074	8602	0.512
55359604-76a7-43a3-b621-09ca64d547d2	19	53012070	53048976	24	1.0079
55359604-76a7-43a3-b621-09ca64d547d2	19	53050987	53606235	433	0.5469
55359604-76a7-43a3-b621-09ca64d547d2	19	53616308	53616895	4	-0.7279
55359604-76a7-43a3-b621-09ca64d547d2	19	53618421	54226378	335	0.4934
55359604-76a7-43a3-b621-09ca64d547d2	19	54226396	54249482	14	1.5319
55359604-76a7-43a3-b621-09ca64d547d2	19	54249619	58586487	2572	0.5369
55359604-76a7-43a3-b621-09ca64d547d2	20	80664	1580276	1191	0.5745
55359604-76a7-43a3-b621-09ca64d547d2	20	1580305	1613247	43	2.2282
55359604-76a7-43a3-b621-09ca64d547d2	20	1617300	2416204	711	0.583
55359604-76a7-43a3-b621-09ca64d547d2	20	2416296	3849020	851	0.5083
55359604-76a7-43a3-b621-09ca64d547d2	20	3851613	14790826	8258	0.5789
55359604-76a7-43a3-b621-09ca64d547d2	20	14801038	14815107	26	-0.2587
55359604-76a7-43a3-b621-09ca64d547d2	20	14816926	14820847	8	-0.8197
55359604-76a7-43a3-b621-09ca64d547d2	20	14821079	14821267	3	-2.1451
55359604-76a7-43a3-b621-09ca64d547d2	20	14826069	14843259	32	-0.46
55359604-76a7-43a3-b621-09ca64d547d2	20	14849950	25092358	8230	0.5871
55359604-76a7-43a3-b621-09ca64d547d2	20	25097862	37426090	3584	0.5349
55359604-76a7-43a3-b621-09ca64d547d2	20	37426319	48840477	8110	0.6074
55359604-76a7-43a3-b621-09ca64d547d2	20	48844158	50867245	1267	0.5197
55359604-76a7-43a3-b621-09ca64d547d2	20	50871678	54065071	2415	0.5817
55359604-76a7-43a3-b621-09ca64d547d2	20	54065291	54069285	9	-0.7017
55359604-76a7-43a3-b621-09ca64d547d2	20	54070192	60989035	5565	0.6119
55359604-76a7-43a3-b621-09ca64d547d2	20	60989756	61015001	50	1.1779
55359604-76a7-43a3-b621-09ca64d547d2	20	61015027	64284215	1734	0.595
55359604-76a7-43a3-b621-09ca64d547d2	20	64284715	64324800	6	-0.2593
55359604-76a7-43a3-b621-09ca64d547d2	21	10354168	10775586	86	-0.6423
55359604-76a7-43a3-b621-09ca64d547d2	21	12973348	13099842	17	0.3103
55359604-76a7-43a3-b621-09ca64d547d2	21	13101978	13554227	146	0.7877
55359604-76a7-43a3-b621-09ca64d547d2	21	13555978	13944135	58	0.1002
55359604-76a7-43a3-b621-09ca64d547d2	21	13955114	18297801	2952	0.922
55359604-76a7-43a3-b621-09ca64d547d2	21	18299330	18620188	221	0.1964
55359604-76a7-43a3-b621-09ca64d547d2	21	18620229	18741593	80	0.9474
55359604-76a7-43a3-b621-09ca64d547d2	21	18741916	19190565	351	1.7345
55359604-76a7-43a3-b621-09ca64d547d2	21	19191163	19391791	200	2.1764
55359604-76a7-43a3-b621-09ca64d547d2	21	19395033	19561030	121	0.9487
55359604-76a7-43a3-b621-09ca64d547d2	21	19561085	19675487	61	1.4626
55359604-76a7-43a3-b621-09ca64d547d2	21	19675727	19806199	95	1.8416
55359604-76a7-43a3-b621-09ca64d547d2	21	19809369	20134399	194	1.4056
55359604-76a7-43a3-b621-09ca64d547d2	21	20135283	21057311	736	1.784
55359604-76a7-43a3-b621-09ca64d547d2	21	21057749	21159990	95	1.4101
55359604-76a7-43a3-b621-09ca64d547d2	21	21161855	21391461	152	1.7925
55359604-76a7-43a3-b621-09ca64d547d2	21	21391891	21898323	405	1.4274
55359604-76a7-43a3-b621-09ca64d547d2	21	21899351	21916389	16	1.0648
55359604-76a7-43a3-b621-09ca64d547d2	21	21919492	22002484	68	0.2853
55359604-76a7-43a3-b621-09ca64d547d2	21	22006863	22037826	23	0.9262
55359604-76a7-43a3-b621-09ca64d547d2	21	22039214	23652839	1207	0.2326
55359604-76a7-43a3-b621-09ca64d547d2	21	23653746	23828963	161	0.9414
55359604-76a7-43a3-b621-09ca64d547d2	21	23833681	24130121	253	1.3474
55359604-76a7-43a3-b621-09ca64d547d2	21	24130397	24130814	4	-0.5852
55359604-76a7-43a3-b621-09ca64d547d2	21	24133267	24200931	86	1.3502
55359604-76a7-43a3-b621-09ca64d547d2	21	24201040	24596753	273	0.9342
55359604-76a7-43a3-b621-09ca64d547d2	21	24599955	24858140	234	0.2428
55359604-76a7-43a3-b621-09ca64d547d2	21	24858242	25027899	97	0.9412
55359604-76a7-43a3-b621-09ca64d547d2	21	25038129	30265162	3872	1.4288
55359604-76a7-43a3-b621-09ca64d547d2	21	30266641	35918968	3888	0.9412
55359604-76a7-43a3-b621-09ca64d547d2	21	35919538	35930010	10	-1.3794
55359604-76a7-43a3-b621-09ca64d547d2	21	35933528	35942130	12	1.449
55359604-76a7-43a3-b621-09ca64d547d2	21	35945120	35957610	18	-1.1743
55359604-76a7-43a3-b621-09ca64d547d2	21	35958161	36456742	330	0.9389
55359604-76a7-43a3-b621-09ca64d547d2	21	36460323	36607268	114	-1.3223
55359604-76a7-43a3-b621-09ca64d547d2	21	36608753	36610300	2	-7.5306
55359604-76a7-43a3-b621-09ca64d547d2	21	36610835	38748827	1668	-1.2272
55359604-76a7-43a3-b621-09ca64d547d2	21	38752048	38752385	2	-7.0399
55359604-76a7-43a3-b621-09ca64d547d2	21	38752417	41683541	2551	-1.2925
55359604-76a7-43a3-b621-09ca64d547d2	21	41696398	41709282	12	1.4674
55359604-76a7-43a3-b621-09ca64d547d2	21	41711574	42207701	378	-1.5446
55359604-76a7-43a3-b621-09ca64d547d2	21	42208526	42210214	4	-6.0553
55359604-76a7-43a3-b621-09ca64d547d2	21	42211517	43374861	682	-1.3603
55359604-76a7-43a3-b621-09ca64d547d2	21	43572694	44706220	531	0.925
55359604-76a7-43a3-b621-09ca64d547d2	21	44712970	44954658	143	-1.4548
55359604-76a7-43a3-b621-09ca64d547d2	21	44955768	45387584	243	1.443
55359604-76a7-43a3-b621-09ca64d547d2	21	45391960	45419989	22	-1.7763
55359604-76a7-43a3-b621-09ca64d547d2	21	45427844	45428674	5	-6.5054
55359604-76a7-43a3-b621-09ca64d547d2	21	45429306	45639006	109	-1.3692
55359604-76a7-43a3-b621-09ca64d547d2	21	45640408	45894988	176	1.4271
55359604-76a7-43a3-b621-09ca64d547d2	21	45897554	46549195	298	-1.3485
55359604-76a7-43a3-b621-09ca64d547d2	21	46549773	46677045	122	1.3291
55359604-76a7-43a3-b621-09ca64d547d2	22	15294547	23929558	4353	-0.4016
55359604-76a7-43a3-b621-09ca64d547d2	22	23940911	23946247	5	0.8481
55359604-76a7-43a3-b621-09ca64d547d2	22	23950883	23971817	7	-0.4018
55359604-76a7-43a3-b621-09ca64d547d2	22	23981995	23990431	5	0.6978
55359604-76a7-43a3-b621-09ca64d547d2	22	23990739	25254681	804	-0.4394
55359604-76a7-43a3-b621-09ca64d547d2	22	25256216	25480764	199	-0.261
55359604-76a7-43a3-b621-09ca64d547d2	22	25482396	28909355	2941	-0.4276
55359604-76a7-43a3-b621-09ca64d547d2	22	28911170	28919846	2	-2.3778
55359604-76a7-43a3-b621-09ca64d547d2	22	28921462	33777419	3251	-0.4466
55359604-76a7-43a3-b621-09ca64d547d2	22	33778960	33778998	4	-2.1861
55359604-76a7-43a3-b621-09ca64d547d2	22	33785435	50796027	11545	-0.4485
55359604-76a7-43a3-b621-09ca64d547d2	X	251810	41067701	25072	-0.0009
55359604-76a7-43a3-b621-09ca64d547d2	X	41068812	93206593	22275	-0.0471
55359604-76a7-43a3-b621-09ca64d547d2	X	93208500	109383150	8553	-0.0114
55359604-76a7-43a3-b621-09ca64d547d2	X	109383163	109383729	3	2.9211
55359604-76a7-43a3-b621-09ca64d547d2	X	109383974	138490511	16301	-0.0007
55359604-76a7-43a3-b621-09ca64d547d2	X	138490569	138490686	2	5.3249
55359604-76a7-43a3-b621-09ca64d547d2	X	138490846	155952689	10587	-0.0024
55359604-76a7-43a3-b621-09ca64d547d2	Y	2782397	7500247	1210	-0.4316
55359604-76a7-43a3-b621-09ca64d547d2	Y	7502687	7532705	12	-2.5787
55359604-76a7-43a3-b621-09ca64d547d2	Y	7533795	56872112	5412	-0.3936
