GDC_Aliquot	Chromosome	Start	End	Num_Probes	Segment_Mean
d42d916b-0232-44e0-8fb8-97d3da177be7	1	62920	266187	17	0.0792
d42d916b-0232-44e0-8fb8-97d3da177be7	1	462795	462894	2	2.5562
d42d916b-0232-44e0-8fb8-97d3da177be7	1	599171	1862347	280	-0.4931
d42d916b-0232-44e0-8fb8-97d3da177be7	1	1864463	3225052	407	-0.6141
d42d916b-0232-44e0-8fb8-97d3da177be7	1	3226231	12806954	5767	-0.4553
d42d916b-0232-44e0-8fb8-97d3da177be7	1	12807204	12867264	18	-1.8947
d42d916b-0232-44e0-8fb8-97d3da177be7	1	12868035	15823420	1800	-0.4536
d42d916b-0232-44e0-8fb8-97d3da177be7	1	15827002	15827430	6	-2.0184
d42d916b-0232-44e0-8fb8-97d3da177be7	1	15827706	16637228	318	-0.4456
d42d916b-0232-44e0-8fb8-97d3da177be7	1	16641630	16643897	12	-1.2984
d42d916b-0232-44e0-8fb8-97d3da177be7	1	16643961	16767571	18	-0.7339
d42d916b-0232-44e0-8fb8-97d3da177be7	1	16773735	16855942	9	-1.7421
d42d916b-0232-44e0-8fb8-97d3da177be7	1	16863509	16949746	56	0.0504
d42d916b-0232-44e0-8fb8-97d3da177be7	1	16951445	34638226	10148	-0.4392
d42d916b-0232-44e0-8fb8-97d3da177be7	1	34638263	34638890	9	-2.7346
d42d916b-0232-44e0-8fb8-97d3da177be7	1	34648667	57488744	13265	-0.4447
d42d916b-0232-44e0-8fb8-97d3da177be7	1	57489005	57492376	3	-2.4028
d42d916b-0232-44e0-8fb8-97d3da177be7	1	57492995	72303233	10269	-0.4647
d42d916b-0232-44e0-8fb8-97d3da177be7	1	72303253	72345450	44	-1.4029
d42d916b-0232-44e0-8fb8-97d3da177be7	1	72345465	105470754	20762	-0.4661
d42d916b-0232-44e0-8fb8-97d3da177be7	1	105476583	105481468	20	0.4479
d42d916b-0232-44e0-8fb8-97d3da177be7	1	105481515	112153915	4557	-0.4458
d42d916b-0232-44e0-8fb8-97d3da177be7	1	112153931	112163460	21	0.2045
d42d916b-0232-44e0-8fb8-97d3da177be7	1	112163496	152582700	7526	-0.4487
d42d916b-0232-44e0-8fb8-97d3da177be7	1	152583051	152614064	34	0.6931
d42d916b-0232-44e0-8fb8-97d3da177be7	1	152614100	152785214	165	-0.4109
d42d916b-0232-44e0-8fb8-97d3da177be7	1	152787202	152796224	38	0.1306
d42d916b-0232-44e0-8fb8-97d3da177be7	1	152801429	161648901	5211	-0.4261
d42d916b-0232-44e0-8fb8-97d3da177be7	1	161649069	161678447	7	-1.8315
d42d916b-0232-44e0-8fb8-97d3da177be7	1	161678831	189546555	19148	-0.4433
d42d916b-0232-44e0-8fb8-97d3da177be7	1	189546636	189568003	18	-5.2059
d42d916b-0232-44e0-8fb8-97d3da177be7	1	189568201	196745743	4779	-0.4635
d42d916b-0232-44e0-8fb8-97d3da177be7	1	196758720	196846661	61	-1.3235
d42d916b-0232-44e0-8fb8-97d3da177be7	1	196847600	196873141	18	-0.3969
d42d916b-0232-44e0-8fb8-97d3da177be7	1	196874041	196878339	15	-4.9374
d42d916b-0232-44e0-8fb8-97d3da177be7	1	196878845	248930189	35402	-0.4586
d42d916b-0232-44e0-8fb8-97d3da177be7	2	12784	14563570	10943	-0.4489
d42d916b-0232-44e0-8fb8-97d3da177be7	2	14564825	14569897	11	-4.1019
d42d916b-0232-44e0-8fb8-97d3da177be7	2	14570240	34466002	12893	-0.4236
d42d916b-0232-44e0-8fb8-97d3da177be7	2	34474248	34511990	46	-1.7436
d42d916b-0232-44e0-8fb8-97d3da177be7	2	34512096	65621350	21164	-0.4343
d42d916b-0232-44e0-8fb8-97d3da177be7	2	65622289	65623752	2	-2.9296
d42d916b-0232-44e0-8fb8-97d3da177be7	2	65624178	75154574	6071	-0.4131
d42d916b-0232-44e0-8fb8-97d3da177be7	2	75154602	75154670	3	-2.422
d42d916b-0232-44e0-8fb8-97d3da177be7	2	75154711	81884390	4623	-0.4409
d42d916b-0232-44e0-8fb8-97d3da177be7	2	81886769	82066942	106	-2.6541
d42d916b-0232-44e0-8fb8-97d3da177be7	2	82075728	106263639	10086	-0.4225
d42d916b-0232-44e0-8fb8-97d3da177be7	2	106264257	106268901	11	-1.9049
d42d916b-0232-44e0-8fb8-97d3da177be7	2	106270799	128881337	13263	-0.4305
d42d916b-0232-44e0-8fb8-97d3da177be7	2	128881387	128882723	9	-2.4636
d42d916b-0232-44e0-8fb8-97d3da177be7	2	128882741	242147305	68819	-0.4252
d42d916b-0232-44e0-8fb8-97d3da177be7	3	20930	6275672	5476	-0.4603
d42d916b-0232-44e0-8fb8-97d3da177be7	3	6277576	6293785	19	0.6088
d42d916b-0232-44e0-8fb8-97d3da177be7	3	6296749	6604856	234	-0.495
d42d916b-0232-44e0-8fb8-97d3da177be7	3	6609441	6611645	23	-2.2909
d42d916b-0232-44e0-8fb8-97d3da177be7	3	6613391	68682877	41542	-0.4763
d42d916b-0232-44e0-8fb8-97d3da177be7	3	68697013	68698262	15	0.8898
d42d916b-0232-44e0-8fb8-97d3da177be7	3	68699607	74585946	4445	-0.4756
d42d916b-0232-44e0-8fb8-97d3da177be7	3	74597741	74598116	2	-3.4967
d42d916b-0232-44e0-8fb8-97d3da177be7	3	74600034	84053071	5088	-0.5062
d42d916b-0232-44e0-8fb8-97d3da177be7	3	84056282	84057015	2	-3.8082
d42d916b-0232-44e0-8fb8-97d3da177be7	3	84061816	91462299	3415	-0.4965
d42d916b-0232-44e0-8fb8-97d3da177be7	3	93800634	115867214	12802	0.4306
d42d916b-0232-44e0-8fb8-97d3da177be7	3	115870648	115873919	7	-0.745
d42d916b-0232-44e0-8fb8-97d3da177be7	3	115877397	115886749	9	0.3684
d42d916b-0232-44e0-8fb8-97d3da177be7	3	115891529	116107926	132	-0.4257
d42d916b-0232-44e0-8fb8-97d3da177be7	3	116114328	117085211	795	0.4233
d42d916b-0232-44e0-8fb8-97d3da177be7	3	117092325	117532545	329	-0.4812
d42d916b-0232-44e0-8fb8-97d3da177be7	3	117534643	122755693	2994	0.4313
d42d916b-0232-44e0-8fb8-97d3da177be7	3	122758948	123217572	311	1.0135
d42d916b-0232-44e0-8fb8-97d3da177be7	3	123218022	126201974	1894	0.4392
d42d916b-0232-44e0-8fb8-97d3da177be7	3	126202261	126211306	13	-0.1779
d42d916b-0232-44e0-8fb8-97d3da177be7	3	126212907	130067531	2155	0.4566
d42d916b-0232-44e0-8fb8-97d3da177be7	3	130067896	130079892	23	0.8962
d42d916b-0232-44e0-8fb8-97d3da177be7	3	130079938	140823697	6679	0.428
d42d916b-0232-44e0-8fb8-97d3da177be7	3	140826859	140828142	2	-2.1183
d42d916b-0232-44e0-8fb8-97d3da177be7	3	140841776	149245189	5139	0.4284
d42d916b-0232-44e0-8fb8-97d3da177be7	3	149245608	149250334	25	-0.5619
d42d916b-0232-44e0-8fb8-97d3da177be7	3	149253293	162794869	8272	0.4319
d42d916b-0232-44e0-8fb8-97d3da177be7	3	162794951	162895970	59	-0.2375
d42d916b-0232-44e0-8fb8-97d3da177be7	3	162896180	175419251	7673	0.4295
d42d916b-0232-44e0-8fb8-97d3da177be7	3	175423252	175610708	139	-0.3993
d42d916b-0232-44e0-8fb8-97d3da177be7	3	175611579	193162684	11223	0.4264
d42d916b-0232-44e0-8fb8-97d3da177be7	3	193162798	193165114	12	-1.226
d42d916b-0232-44e0-8fb8-97d3da177be7	3	193168646	194920587	1154	0.4355
d42d916b-0232-44e0-8fb8-97d3da177be7	3	194920617	194921116	4	-0.7837
d42d916b-0232-44e0-8fb8-97d3da177be7	3	194921751	195559056	315	0.398
d42d916b-0232-44e0-8fb8-97d3da177be7	3	195656271	195728990	27	-0.6608
d42d916b-0232-44e0-8fb8-97d3da177be7	3	195729005	198142659	1175	0.3854
d42d916b-0232-44e0-8fb8-97d3da177be7	3	198169114	198169247	4	-0.7633
d42d916b-0232-44e0-8fb8-97d3da177be7	4	68929	528041	196	0.4073
d42d916b-0232-44e0-8fb8-97d3da177be7	4	528627	917606	121	0.2342
d42d916b-0232-44e0-8fb8-97d3da177be7	4	918363	6643190	3322	0.4459
d42d916b-0232-44e0-8fb8-97d3da177be7	4	6644493	7059492	258	1.0462
d42d916b-0232-44e0-8fb8-97d3da177be7	4	7065059	9406481	1197	0.4617
d42d916b-0232-44e0-8fb8-97d3da177be7	4	9406621	9862603	193	0.2616
d42d916b-0232-44e0-8fb8-97d3da177be7	4	9863418	10389091	578	0.4774
d42d916b-0232-44e0-8fb8-97d3da177be7	4	10390730	10401094	17	-0.3175
d42d916b-0232-44e0-8fb8-97d3da177be7	4	10401122	40580743	20469	0.4162
d42d916b-0232-44e0-8fb8-97d3da177be7	4	40584333	40640258	45	-0.5636
d42d916b-0232-44e0-8fb8-97d3da177be7	4	40645294	49295203	5082	0.4316
d42d916b-0232-44e0-8fb8-97d3da177be7	4	49501149	49656595	18	-0.3164
d42d916b-0232-44e0-8fb8-97d3da177be7	4	51819533	60461594	5624	0.409
d42d916b-0232-44e0-8fb8-97d3da177be7	4	60464276	60465899	2	2.8211
d42d916b-0232-44e0-8fb8-97d3da177be7	4	60469846	68354665	4730	0.4117
d42d916b-0232-44e0-8fb8-97d3da177be7	4	68361130	68422424	11	-0.5805
d42d916b-0232-44e0-8fb8-97d3da177be7	4	68429081	68509237	14	0.4605
d42d916b-0232-44e0-8fb8-97d3da177be7	4	68509442	68623617	63	1.1324
d42d916b-0232-44e0-8fb8-97d3da177be7	4	68639397	79263719	6597	0.4263
d42d916b-0232-44e0-8fb8-97d3da177be7	4	79266901	79276363	7	-0.5685
d42d916b-0232-44e0-8fb8-97d3da177be7	4	79278729	83224058	2282	0.4161
d42d916b-0232-44e0-8fb8-97d3da177be7	4	83225843	83240797	26	0.9679
d42d916b-0232-44e0-8fb8-97d3da177be7	4	83242900	114258300	18566	0.4104
d42d916b-0232-44e0-8fb8-97d3da177be7	4	114258318	114261019	9	1.7565
d42d916b-0232-44e0-8fb8-97d3da177be7	4	114263073	165129407	30415	0.411
d42d916b-0232-44e0-8fb8-97d3da177be7	4	165129470	165130114	2	-4.7474
d42d916b-0232-44e0-8fb8-97d3da177be7	4	165130234	171448195	3922	0.4092
d42d916b-0232-44e0-8fb8-97d3da177be7	4	171453733	171456293	8	1.558
d42d916b-0232-44e0-8fb8-97d3da177be7	4	171456307	181161221	6205	0.4161
d42d916b-0232-44e0-8fb8-97d3da177be7	4	181161703	181427585	229	-0.6434
d42d916b-0232-44e0-8fb8-97d3da177be7	4	181428234	181955740	467	0.3312
d42d916b-0232-44e0-8fb8-97d3da177be7	4	181957325	182659999	568	0.1438
d42d916b-0232-44e0-8fb8-97d3da177be7	4	182660403	190106768	4906	0.4346
d42d916b-0232-44e0-8fb8-97d3da177be7	5	15532	647701	284	0.3305
d42d916b-0232-44e0-8fb8-97d3da177be7	5	653466	773453	48	0.0262
d42d916b-0232-44e0-8fb8-97d3da177be7	5	779766	3958360	2509	0.4195
d42d916b-0232-44e0-8fb8-97d3da177be7	5	3958564	3969743	9	-0.9149
d42d916b-0232-44e0-8fb8-97d3da177be7	5	3973693	15718383	9241	0.4303
d42d916b-0232-44e0-8fb8-97d3da177be7	5	15719113	15720488	11	-0.3407
d42d916b-0232-44e0-8fb8-97d3da177be7	5	15723237	21449110	3491	0.4096
d42d916b-0232-44e0-8fb8-97d3da177be7	5	21449167	21452387	7	-1.4215
d42d916b-0232-44e0-8fb8-97d3da177be7	5	21454830	46389171	14882	0.4243
d42d916b-0232-44e0-8fb8-97d3da177be7	5	50146124	58025819	5019	0.9953
d42d916b-0232-44e0-8fb8-97d3da177be7	5	58030200	58037706	32	0.0666
d42d916b-0232-44e0-8fb8-97d3da177be7	5	58042530	97709417	22713	1.0002
d42d916b-0232-44e0-8fb8-97d3da177be7	5	97712762	97763616	43	0.4182
d42d916b-0232-44e0-8fb8-97d3da177be7	5	97763980	103217519	3092	1.0027
d42d916b-0232-44e0-8fb8-97d3da177be7	5	103219430	103229770	3	-0.5475
d42d916b-0232-44e0-8fb8-97d3da177be7	5	103230711	104515520	746	1.0018
d42d916b-0232-44e0-8fb8-97d3da177be7	5	104524672	104524903	4	-1.3824
d42d916b-0232-44e0-8fb8-97d3da177be7	5	104525348	140244876	22739	0.9929
d42d916b-0232-44e0-8fb8-97d3da177be7	5	140245261	140635324	156	1.3763
d42d916b-0232-44e0-8fb8-97d3da177be7	5	140635623	140838745	101	0.9188
d42d916b-0232-44e0-8fb8-97d3da177be7	5	140839137	140872578	15	0.349
d42d916b-0232-44e0-8fb8-97d3da177be7	5	140874202	149243654	5495	0.9952
d42d916b-0232-44e0-8fb8-97d3da177be7	5	149244647	149425083	127	1.3308
d42d916b-0232-44e0-8fb8-97d3da177be7	5	149427300	155752854	4275	0.9925
d42d916b-0232-44e0-8fb8-97d3da177be7	5	155753687	155818838	41	0.3997
d42d916b-0232-44e0-8fb8-97d3da177be7	5	155820893	181363319	16882	0.9929
d42d916b-0232-44e0-8fb8-97d3da177be7	6	149661	253861	99	-0.5012
d42d916b-0232-44e0-8fb8-97d3da177be7	6	254267	315197	30	0.3465
d42d916b-0232-44e0-8fb8-97d3da177be7	6	318804	380821	72	-0.1087
d42d916b-0232-44e0-8fb8-97d3da177be7	6	381149	2471385	1686	-0.5045
d42d916b-0232-44e0-8fb8-97d3da177be7	6	2472379	2472677	2	-4.6785
d42d916b-0232-44e0-8fb8-97d3da177be7	6	2473520	33622694	21305	-0.474
d42d916b-0232-44e0-8fb8-97d3da177be7	6	33627622	34087648	356	0.439
d42d916b-0232-44e0-8fb8-97d3da177be7	6	34088988	48964092	9415	-0.4549
d42d916b-0232-44e0-8fb8-97d3da177be7	6	48965433	48967338	2	-7.8808
d42d916b-0232-44e0-8fb8-97d3da177be7	6	48967442	64627049	7473	-0.4803
d42d916b-0232-44e0-8fb8-97d3da177be7	6	64637651	64640920	4	-1.875
d42d916b-0232-44e0-8fb8-97d3da177be7	6	64642128	66298369	1087	-0.4805
d42d916b-0232-44e0-8fb8-97d3da177be7	6	66299130	66338736	55	-2.4224
d42d916b-0232-44e0-8fb8-97d3da177be7	6	66339513	76719482	6716	-0.4813
d42d916b-0232-44e0-8fb8-97d3da177be7	6	76719514	76743040	26	0.2596
d42d916b-0232-44e0-8fb8-97d3da177be7	6	76751356	78253172	969	-0.4727
d42d916b-0232-44e0-8fb8-97d3da177be7	6	78259348	78325468	110	-2.2125
d42d916b-0232-44e0-8fb8-97d3da177be7	6	78329517	145272080	41484	-0.4824
d42d916b-0232-44e0-8fb8-97d3da177be7	6	145272316	145272811	2	-7.5751
d42d916b-0232-44e0-8fb8-97d3da177be7	6	145273437	168870185	16393	-0.4963
d42d916b-0232-44e0-8fb8-97d3da177be7	6	168870862	168875233	5	-2.813
d42d916b-0232-44e0-8fb8-97d3da177be7	6	168879966	170741917	1165	-0.5145
d42d916b-0232-44e0-8fb8-97d3da177be7	7	43355	65765	29	1.0373
d42d916b-0232-44e0-8fb8-97d3da177be7	7	68316	6874832	3386	0.3984
d42d916b-0232-44e0-8fb8-97d3da177be7	7	6875096	6924888	22	-0.2311
d42d916b-0232-44e0-8fb8-97d3da177be7	7	6928556	38246926	23727	0.438
d42d916b-0232-44e0-8fb8-97d3da177be7	7	38248326	38263833	10	1.1079
d42d916b-0232-44e0-8fb8-97d3da177be7	7	38271122	38309211	70	0.6458
d42d916b-0232-44e0-8fb8-97d3da177be7	7	38309274	54318812	10959	0.4302
d42d916b-0232-44e0-8fb8-97d3da177be7	7	54318816	54318824	5	-1.9875
d42d916b-0232-44e0-8fb8-97d3da177be7	7	54325795	55603563	1077	0.4293
d42d916b-0232-44e0-8fb8-97d3da177be7	7	55608282	76865827	7260	0.371
d42d916b-0232-44e0-8fb8-97d3da177be7	7	76865840	97766194	13322	0.429
d42d916b-0232-44e0-8fb8-97d3da177be7	7	97766197	97773163	9	-0.5867
d42d916b-0232-44e0-8fb8-97d3da177be7	7	97774928	101409205	1542	0.3736
d42d916b-0232-44e0-8fb8-97d3da177be7	7	101416451	101416668	2	-2.1649
d42d916b-0232-44e0-8fb8-97d3da177be7	7	101419630	134100424	19693	0.4209
d42d916b-0232-44e0-8fb8-97d3da177be7	7	134100442	134110881	24	-1.7948
d42d916b-0232-44e0-8fb8-97d3da177be7	7	134110912	137121226	2064	0.4408
d42d916b-0232-44e0-8fb8-97d3da177be7	7	137125958	137129850	8	-0.4766
d42d916b-0232-44e0-8fb8-97d3da177be7	7	137129921	143733941	4036	0.4398
d42d916b-0232-44e0-8fb8-97d3da177be7	7	143773027	143850179	15	1.0461
d42d916b-0232-44e0-8fb8-97d3da177be7	7	143875073	144264193	276	0.41
d42d916b-0232-44e0-8fb8-97d3da177be7	7	144295437	144312471	3	1.8518
d42d916b-0232-44e0-8fb8-97d3da177be7	7	144326306	146468205	1285	0.4066
d42d916b-0232-44e0-8fb8-97d3da177be7	7	146473826	146602942	91	-0.483
d42d916b-0232-44e0-8fb8-97d3da177be7	7	146608083	159334314	8209	0.4196
d42d916b-0232-44e0-8fb8-97d3da177be7	8	81254	2822527	1967	-0.5287
d42d916b-0232-44e0-8fb8-97d3da177be7	8	2822697	2822733	2	-2.9036
d42d916b-0232-44e0-8fb8-97d3da177be7	8	2822771	4145783	1686	-0.5032
d42d916b-0232-44e0-8fb8-97d3da177be7	8	4145941	4145956	2	-2.9585
d42d916b-0232-44e0-8fb8-97d3da177be7	8	4146039	4645825	853	-0.4905
d42d916b-0232-44e0-8fb8-97d3da177be7	8	4647069	4647195	2	-3.3162
d42d916b-0232-44e0-8fb8-97d3da177be7	8	4648392	7941868	3167	-0.4969
d42d916b-0232-44e0-8fb8-97d3da177be7	8	7974123	8120649	12	0.3644
d42d916b-0232-44e0-8fb8-97d3da177be7	8	8132772	12177488	3200	-0.5001
d42d916b-0232-44e0-8fb8-97d3da177be7	8	12323772	12713650	81	-0.1082
d42d916b-0232-44e0-8fb8-97d3da177be7	8	12716562	18404169	5220	-0.4895
d42d916b-0232-44e0-8fb8-97d3da177be7	8	18405036	18413877	8	-1.8763
d42d916b-0232-44e0-8fb8-97d3da177be7	8	18414438	39389156	13981	-0.4798
d42d916b-0232-44e0-8fb8-97d3da177be7	8	39389592	39529446	56	-2.0146
d42d916b-0232-44e0-8fb8-97d3da177be7	8	39530780	56939652	8961	-0.4778
d42d916b-0232-44e0-8fb8-97d3da177be7	8	56940475	56940584	2	-2.9815
d42d916b-0232-44e0-8fb8-97d3da177be7	8	56940651	102980362	27690	-0.4722
d42d916b-0232-44e0-8fb8-97d3da177be7	8	102982683	102985207	3	-2.9605
d42d916b-0232-44e0-8fb8-97d3da177be7	8	102986318	111282065	4942	-0.4822
d42d916b-0232-44e0-8fb8-97d3da177be7	8	111282237	111283031	8	1.0706
d42d916b-0232-44e0-8fb8-97d3da177be7	8	111288052	118628367	4501	-0.4852
d42d916b-0232-44e0-8fb8-97d3da177be7	8	118629015	118630064	2	-3.1074
d42d916b-0232-44e0-8fb8-97d3da177be7	8	118634408	140907135	16354	-0.4695
d42d916b-0232-44e0-8fb8-97d3da177be7	8	140907795	142662564	986	-0.5939
d42d916b-0232-44e0-8fb8-97d3da177be7	8	142668300	142675901	5	-1.6848
d42d916b-0232-44e0-8fb8-97d3da177be7	8	142676105	143222462	216	-0.453
d42d916b-0232-44e0-8fb8-97d3da177be7	8	143227585	143228213	7	0.5235
d42d916b-0232-44e0-8fb8-97d3da177be7	8	143228267	145072769	631	-0.5073
d42d916b-0232-44e0-8fb8-97d3da177be7	9	46587	5079156	5191	0.4252
d42d916b-0232-44e0-8fb8-97d3da177be7	9	5081416	5081953	10	-0.5384
d42d916b-0232-44e0-8fb8-97d3da177be7	9	5082995	11913255	5870	0.4262
d42d916b-0232-44e0-8fb8-97d3da177be7	9	11913268	11917137	2	-1.5973
d42d916b-0232-44e0-8fb8-97d3da177be7	9	11919831	42709174	19953	0.4254
d42d916b-0232-44e0-8fb8-97d3da177be7	9	42709863	42715632	4	-0.9938
d42d916b-0232-44e0-8fb8-97d3da177be7	9	42719891	61520021	46	0.3444
d42d916b-0232-44e0-8fb8-97d3da177be7	9	61521913	61629689	27	1.0691
d42d916b-0232-44e0-8fb8-97d3da177be7	9	61633080	103804216	24792	0.4203
d42d916b-0232-44e0-8fb8-97d3da177be7	9	103806415	103807009	2	-3.0903
d42d916b-0232-44e0-8fb8-97d3da177be7	9	103808421	117306327	10398	0.4263
d42d916b-0232-44e0-8fb8-97d3da177be7	9	117307156	117326684	13	-0.4869
d42d916b-0232-44e0-8fb8-97d3da177be7	9	117330938	117349728	23	0.4603
d42d916b-0232-44e0-8fb8-97d3da177be7	9	117350669	117398678	33	-0.4819
d42d916b-0232-44e0-8fb8-97d3da177be7	9	117399085	127424475	6779	0.4439
d42d916b-0232-44e0-8fb8-97d3da177be7	9	127435821	127699766	125	0.9594
d42d916b-0232-44e0-8fb8-97d3da177be7	9	127700919	138200944	5563	0.4325
d42d916b-0232-44e0-8fb8-97d3da177be7	10	45792	2048827	1471	0.4169
d42d916b-0232-44e0-8fb8-97d3da177be7	10	2050582	2051513	3	-1.4078
d42d916b-0232-44e0-8fb8-97d3da177be7	10	2052872	24086334	17552	0.4272
d42d916b-0232-44e0-8fb8-97d3da177be7	10	24088745	24089125	11	1.4095
d42d916b-0232-44e0-8fb8-97d3da177be7	10	24089979	34792408	7566	0.4179
d42d916b-0232-44e0-8fb8-97d3da177be7	10	34792640	43555267	3077	0.3762
d42d916b-0232-44e0-8fb8-97d3da177be7	10	43555329	57443289	8856	0.4239
d42d916b-0232-44e0-8fb8-97d3da177be7	10	57450745	57451013	4	-1.7856
d42d916b-0232-44e0-8fb8-97d3da177be7	10	57458735	65540316	5517	0.4233
d42d916b-0232-44e0-8fb8-97d3da177be7	10	65545311	65554688	34	0.9279
d42d916b-0232-44e0-8fb8-97d3da177be7	10	65563037	68333315	1840	0.4155
d42d916b-0232-44e0-8fb8-97d3da177be7	10	68345867	68348078	2	-2.0155
d42d916b-0232-44e0-8fb8-97d3da177be7	10	68374922	68856761	255	0.3391
d42d916b-0232-44e0-8fb8-97d3da177be7	10	68858935	79684125	7076	0.4408
d42d916b-0232-44e0-8fb8-97d3da177be7	10	79689251	79737848	5	-0.7077
d42d916b-0232-44e0-8fb8-97d3da177be7	10	79747269	82461604	1856	0.4016
d42d916b-0232-44e0-8fb8-97d3da177be7	10	82463688	82833204	281	0.2733
d42d916b-0232-44e0-8fb8-97d3da177be7	10	82834479	82925834	101	-0.431
d42d916b-0232-44e0-8fb8-97d3da177be7	10	82928972	106221017	14739	0.423
d42d916b-0232-44e0-8fb8-97d3da177be7	10	106224562	106259586	31	-0.6015
d42d916b-0232-44e0-8fb8-97d3da177be7	10	106263747	121728689	11236	0.4226
d42d916b-0232-44e0-8fb8-97d3da177be7	10	121730093	121731474	4	-1.3702
d42d916b-0232-44e0-8fb8-97d3da177be7	10	121732153	122144698	267	0.3682
d42d916b-0232-44e0-8fb8-97d3da177be7	10	122144966	130302437	6068	0.4472
d42d916b-0232-44e0-8fb8-97d3da177be7	10	130303369	133415637	1970	0.3853
d42d916b-0232-44e0-8fb8-97d3da177be7	10	133416215	133416364	2	-2.2303
d42d916b-0232-44e0-8fb8-97d3da177be7	10	133419150	133654968	148	0.3475
d42d916b-0232-44e0-8fb8-97d3da177be7	11	198510	4665863	2088	-0.4414
d42d916b-0232-44e0-8fb8-97d3da177be7	11	4666008	4671320	2	-2.7449
d42d916b-0232-44e0-8fb8-97d3da177be7	11	4671749	4949100	307	-0.4383
d42d916b-0232-44e0-8fb8-97d3da177be7	11	4949113	4952799	20	-1.3806
d42d916b-0232-44e0-8fb8-97d3da177be7	11	4953934	5766175	774	-0.441
d42d916b-0232-44e0-8fb8-97d3da177be7	11	5766850	5787909	32	-1.8856
d42d916b-0232-44e0-8fb8-97d3da177be7	11	5788108	46673786	28916	-0.4596
d42d916b-0232-44e0-8fb8-97d3da177be7	11	46677574	46710112	11	0.6279
d42d916b-0232-44e0-8fb8-97d3da177be7	11	46710593	48644484	844	-0.4561
d42d916b-0232-44e0-8fb8-97d3da177be7	11	48653391	48751124	31	0.0317
d42d916b-0232-44e0-8fb8-97d3da177be7	11	48751174	55593955	1103	-0.416
d42d916b-0232-44e0-8fb8-97d3da177be7	11	55595864	55672514	48	0.2202
d42d916b-0232-44e0-8fb8-97d3da177be7	11	55674842	90502955	19961	-0.4479
d42d916b-0232-44e0-8fb8-97d3da177be7	11	90504267	90504281	2	-3.274
d42d916b-0232-44e0-8fb8-97d3da177be7	11	90504403	135074876	31786	-0.4593
d42d916b-0232-44e0-8fb8-97d3da177be7	12	51460	760097	418	0.3708
d42d916b-0232-44e0-8fb8-97d3da177be7	12	760112	764863	14	-3.0028
d42d916b-0232-44e0-8fb8-97d3da177be7	12	766188	14280831	9235	0.435
d42d916b-0232-44e0-8fb8-97d3da177be7	12	14282590	14328370	26	1.0036
d42d916b-0232-44e0-8fb8-97d3da177be7	12	14332525	99398036	51905	0.4135
d42d916b-0232-44e0-8fb8-97d3da177be7	12	99401515	99409315	32	-0.2962
d42d916b-0232-44e0-8fb8-97d3da177be7	12	99409340	132532256	22269	0.4128
d42d916b-0232-44e0-8fb8-97d3da177be7	12	132536660	132819593	97	0.8458
d42d916b-0232-44e0-8fb8-97d3da177be7	12	132821434	133201603	183	0.3256
d42d916b-0232-44e0-8fb8-97d3da177be7	13	18452809	23058992	2832	-0.4758
d42d916b-0232-44e0-8fb8-97d3da177be7	13	23059009	23059376	5	-3.0748
d42d916b-0232-44e0-8fb8-97d3da177be7	13	23064056	24394687	1067	-0.482
d42d916b-0232-44e0-8fb8-97d3da177be7	13	24395556	24396570	2	-3.5211
d42d916b-0232-44e0-8fb8-97d3da177be7	13	24400706	26798771	1671	-0.4721
d42d916b-0232-44e0-8fb8-97d3da177be7	13	26800592	26801387	2	-5.6663
d42d916b-0232-44e0-8fb8-97d3da177be7	13	26802486	37496998	7734	-0.4606
d42d916b-0232-44e0-8fb8-97d3da177be7	13	37497899	37514193	17	0.2094
d42d916b-0232-44e0-8fb8-97d3da177be7	13	37514237	58010656	12837	-0.4547
d42d916b-0232-44e0-8fb8-97d3da177be7	13	58016147	58019138	3	-3.7569
d42d916b-0232-44e0-8fb8-97d3da177be7	13	58019212	114342922	37235	-0.4749
d42d916b-0232-44e0-8fb8-97d3da177be7	14	18239283	18693043	25	0.2765
d42d916b-0232-44e0-8fb8-97d3da177be7	14	18950560	19951992	137	-0.2369
d42d916b-0232-44e0-8fb8-97d3da177be7	14	19952080	21907847	1302	0.4437
d42d916b-0232-44e0-8fb8-97d3da177be7	14	21908468	22484618	499	0.6695
d42d916b-0232-44e0-8fb8-97d3da177be7	14	22490304	22965556	322	0.4337
d42d916b-0232-44e0-8fb8-97d3da177be7	14	22974092	23179497	106	1.0062
d42d916b-0232-44e0-8fb8-97d3da177be7	14	23185592	35224963	7564	0.4418
d42d916b-0232-44e0-8fb8-97d3da177be7	14	35228479	35254165	13	-0.2116
d42d916b-0232-44e0-8fb8-97d3da177be7	14	35254360	40791677	3358	0.4346
d42d916b-0232-44e0-8fb8-97d3da177be7	14	40792990	93523333	33521	0.4106
d42d916b-0232-44e0-8fb8-97d3da177be7	14	93524117	106321086	7816	0.4365
d42d916b-0232-44e0-8fb8-97d3da177be7	14	106340102	106346129	7	1.44
d42d916b-0232-44e0-8fb8-97d3da177be7	14	106360014	106412640	29	0.2913
d42d916b-0232-44e0-8fb8-97d3da177be7	14	106416146	106496501	57	0.5985
d42d916b-0232-44e0-8fb8-97d3da177be7	14	106496822	106877229	187	0.3546
d42d916b-0232-44e0-8fb8-97d3da177be7	15	19811075	20267598	67	-0.271
d42d916b-0232-44e0-8fb8-97d3da177be7	15	20283083	20373168	21	-1.2429
d42d916b-0232-44e0-8fb8-97d3da177be7	15	20376198	20376311	7	0.1577
d42d916b-0232-44e0-8fb8-97d3da177be7	15	20380735	22395047	111	-0.9619
d42d916b-0232-44e0-8fb8-97d3da177be7	15	22413894	23809640	606	-0.4795
d42d916b-0232-44e0-8fb8-97d3da177be7	15	23810290	23814160	20	-2.7636
d42d916b-0232-44e0-8fb8-97d3da177be7	15	23820546	43931949	12324	-0.4697
d42d916b-0232-44e0-8fb8-97d3da177be7	15	43932257	43933758	3	-2.9027
d42d916b-0232-44e0-8fb8-97d3da177be7	15	43934531	62624332	12328	-0.4555
d42d916b-0232-44e0-8fb8-97d3da177be7	15	62624473	62624537	2	-3.3339
d42d916b-0232-44e0-8fb8-97d3da177be7	15	62625815	76599170	8089	-0.444
d42d916b-0232-44e0-8fb8-97d3da177be7	15	76599286	76602857	12	-1.8897
d42d916b-0232-44e0-8fb8-97d3da177be7	15	76603003	101928837	17436	-0.4605
d42d916b-0232-44e0-8fb8-97d3da177be7	16	10777	64028	25	0.5177
d42d916b-0232-44e0-8fb8-97d3da177be7	16	64144	822941	300	0.2462
d42d916b-0232-44e0-8fb8-97d3da177be7	16	836376	7583591	4796	0.4058
d42d916b-0232-44e0-8fb8-97d3da177be7	16	7586369	7591098	10	-0.7253
d42d916b-0232-44e0-8fb8-97d3da177be7	16	7593245	28941686	13683	0.4173
d42d916b-0232-44e0-8fb8-97d3da177be7	16	28946107	47344877	1882	0.353
d42d916b-0232-44e0-8fb8-97d3da177be7	16	47346084	55761136	6058	0.4164
d42d916b-0232-44e0-8fb8-97d3da177be7	16	55762477	55788485	21	-0.535
d42d916b-0232-44e0-8fb8-97d3da177be7	16	55788532	69213066	8291	0.4053
d42d916b-0232-44e0-8fb8-97d3da177be7	16	69215658	69620104	187	0.9467
d42d916b-0232-44e0-8fb8-97d3da177be7	16	69620342	70413837	309	0.3762
d42d916b-0232-44e0-8fb8-97d3da177be7	16	70420228	70780455	170	0.8994
d42d916b-0232-44e0-8fb8-97d3da177be7	16	70780884	84012872	11533	0.4311
d42d916b-0232-44e0-8fb8-97d3da177be7	16	84013110	84847871	754	0.3348
d42d916b-0232-44e0-8fb8-97d3da177be7	16	84851699	85490251	448	0.4449
d42d916b-0232-44e0-8fb8-97d3da177be7	16	85492958	85494946	2	-1.2352
d42d916b-0232-44e0-8fb8-97d3da177be7	16	85498174	88581288	2382	0.4553
d42d916b-0232-44e0-8fb8-97d3da177be7	16	88583347	90096867	649	0.3017
d42d916b-0232-44e0-8fb8-97d3da177be7	17	150733	543233	188	-0.5593
d42d916b-0232-44e0-8fb8-97d3da177be7	17	544436	551263	4	-2.1869
d42d916b-0232-44e0-8fb8-97d3da177be7	17	555087	8339592	4289	-0.4643
d42d916b-0232-44e0-8fb8-97d3da177be7	17	8344229	8344415	2	-2.9598
d42d916b-0232-44e0-8fb8-97d3da177be7	17	8346140	15623842	5420	-0.4838
d42d916b-0232-44e0-8fb8-97d3da177be7	17	15639847	15643476	3	-2.7897
d42d916b-0232-44e0-8fb8-97d3da177be7	17	15650964	17606063	949	-0.4619
d42d916b-0232-44e0-8fb8-97d3da177be7	17	17607982	17826782	93	-2.3792
d42d916b-0232-44e0-8fb8-97d3da177be7	17	17831195	18452078	330	-0.4301
d42d916b-0232-44e0-8fb8-97d3da177be7	17	18455632	18606845	34	0.1064
d42d916b-0232-44e0-8fb8-97d3da177be7	17	18626375	41265456	9314	-0.4429
d42d916b-0232-44e0-8fb8-97d3da177be7	17	41266762	41274279	24	0.6457
d42d916b-0232-44e0-8fb8-97d3da177be7	17	41276472	46120775	2506	-0.4498
d42d916b-0232-44e0-8fb8-97d3da177be7	17	46120791	46323701	100	0.0257
d42d916b-0232-44e0-8fb8-97d3da177be7	17	46351954	60772570	8526	-0.4413
d42d916b-0232-44e0-8fb8-97d3da177be7	17	60774970	61078859	161	-2.4653
d42d916b-0232-44e0-8fb8-97d3da177be7	17	61082719	81356362	12067	-0.4689
d42d916b-0232-44e0-8fb8-97d3da177be7	17	81357748	81421889	29	0.3097
d42d916b-0232-44e0-8fb8-97d3da177be7	17	81457300	83091923	608	-0.4732
d42d916b-0232-44e0-8fb8-97d3da177be7	18	48133	26785899	13737	-0.4575
d42d916b-0232-44e0-8fb8-97d3da177be7	18	26785951	26786181	3	-3.8433
d42d916b-0232-44e0-8fb8-97d3da177be7	18	26786415	36142300	5772	-0.4695
d42d916b-0232-44e0-8fb8-97d3da177be7	18	36145094	36389980	177	0.437
d42d916b-0232-44e0-8fb8-97d3da177be7	18	36390384	42471713	4094	-0.4703
d42d916b-0232-44e0-8fb8-97d3da177be7	18	42476604	42477802	25	-1.341
d42d916b-0232-44e0-8fb8-97d3da177be7	18	42478430	50924271	5653	-0.4508
d42d916b-0232-44e0-8fb8-97d3da177be7	18	50930533	51025399	52	-3.1788
d42d916b-0232-44e0-8fb8-97d3da177be7	18	51026083	51039262	20	-1.8641
d42d916b-0232-44e0-8fb8-97d3da177be7	18	51039401	51039656	4	0.3639
d42d916b-0232-44e0-8fb8-97d3da177be7	18	51039939	51103575	116	-1.7053
d42d916b-0232-44e0-8fb8-97d3da177be7	18	51106502	80257174	20552	-0.4619
d42d916b-0232-44e0-8fb8-97d3da177be7	19	90910	2743904	667	-0.4766
d42d916b-0232-44e0-8fb8-97d3da177be7	19	2748357	3134701	159	0.379
d42d916b-0232-44e0-8fb8-97d3da177be7	19	3143285	3527112	126	0.9664
d42d916b-0232-44e0-8fb8-97d3da177be7	19	3533408	3542985	4	0.3378
d42d916b-0232-44e0-8fb8-97d3da177be7	19	3554785	4633439	256	-0.5035
d42d916b-0232-44e0-8fb8-97d3da177be7	19	4633773	5352608	284	0.3698
d42d916b-0232-44e0-8fb8-97d3da177be7	19	5354579	5434638	40	-0.3288
d42d916b-0232-44e0-8fb8-97d3da177be7	19	5439538	5506648	47	0.4606
d42d916b-0232-44e0-8fb8-97d3da177be7	19	5510228	5510642	3	-2.2337
d42d916b-0232-44e0-8fb8-97d3da177be7	19	5510689	6080471	246	0.4265
d42d916b-0232-44e0-8fb8-97d3da177be7	19	6084981	6293183	124	0.9618
d42d916b-0232-44e0-8fb8-97d3da177be7	19	6295223	6320952	13	0.386
d42d916b-0232-44e0-8fb8-97d3da177be7	19	6327183	6932551	296	-0.4337
d42d916b-0232-44e0-8fb8-97d3da177be7	19	6937623	9001627	1032	0.9271
d42d916b-0232-44e0-8fb8-97d3da177be7	19	9006176	9767552	398	0.3832
d42d916b-0232-44e0-8fb8-97d3da177be7	19	9768019	9820302	24	1.0027
d42d916b-0232-44e0-8fb8-97d3da177be7	19	9824077	10509520	278	0.3862
d42d916b-0232-44e0-8fb8-97d3da177be7	19	10510389	11693055	532	0.9241
d42d916b-0232-44e0-8fb8-97d3da177be7	19	11696225	11721150	20	0.394
d42d916b-0232-44e0-8fb8-97d3da177be7	19	11722424	11735655	11	1.0612
d42d916b-0232-44e0-8fb8-97d3da177be7	19	11737611	12491203	425	0.4054
d42d916b-0232-44e0-8fb8-97d3da177be7	19	12491206	13480985	401	0.8866
d42d916b-0232-44e0-8fb8-97d3da177be7	19	13482045	14012303	233	1.2735
d42d916b-0232-44e0-8fb8-97d3da177be7	19	14012755	15182944	639	0.9415
d42d916b-0232-44e0-8fb8-97d3da177be7	19	15182988	15183190	8	-0.1163
d42d916b-0232-44e0-8fb8-97d3da177be7	19	15185496	17888312	1445	0.9298
d42d916b-0232-44e0-8fb8-97d3da177be7	19	17891759	18119828	94	-0.388
d42d916b-0232-44e0-8fb8-97d3da177be7	19	18120458	21984919	1967	0.9362
d42d916b-0232-44e0-8fb8-97d3da177be7	19	21993130	23863120	1079	0.4002
d42d916b-0232-44e0-8fb8-97d3da177be7	19	23864558	23899210	20	0.9376
d42d916b-0232-44e0-8fb8-97d3da177be7	19	23899779	23924404	16	0.3
d42d916b-0232-44e0-8fb8-97d3da177be7	19	23926238	24399775	221	0.9244
d42d916b-0232-44e0-8fb8-97d3da177be7	19	24400510	34153081	4731	0.4
d42d916b-0232-44e0-8fb8-97d3da177be7	19	34155707	34433670	157	-0.4772
d42d916b-0232-44e0-8fb8-97d3da177be7	19	34434010	42811459	4326	0.404
d42d916b-0232-44e0-8fb8-97d3da177be7	19	42816985	43236813	190	1.0669
d42d916b-0232-44e0-8fb8-97d3da177be7	19	43249149	53849342	5681	0.4007
d42d916b-0232-44e0-8fb8-97d3da177be7	19	53853169	53872572	10	-0.6367
d42d916b-0232-44e0-8fb8-97d3da177be7	19	53875419	54772391	460	0.3647
d42d916b-0232-44e0-8fb8-97d3da177be7	19	54772476	54852441	33	0.9008
d42d916b-0232-44e0-8fb8-97d3da177be7	19	54853949	58586487	2269	0.4058
d42d916b-0232-44e0-8fb8-97d3da177be7	20	80664	1590457	1204	-0.4443
d42d916b-0232-44e0-8fb8-97d3da177be7	20	1590626	1601446	21	0.2705
d42d916b-0232-44e0-8fb8-97d3da177be7	20	1601561	4089183	1713	-0.4472
d42d916b-0232-44e0-8fb8-97d3da177be7	20	4090658	4092628	2	-3.3545
d42d916b-0232-44e0-8fb8-97d3da177be7	20	4092658	4113649	22	-0.6569
d42d916b-0232-44e0-8fb8-97d3da177be7	20	4117920	4299584	132	1.0024
d42d916b-0232-44e0-8fb8-97d3da177be7	20	4299869	4626121	292	0.4966
d42d916b-0232-44e0-8fb8-97d3da177be7	20	4626503	4663937	31	0.9412
d42d916b-0232-44e0-8fb8-97d3da177be7	20	4665344	5183370	396	1.3721
d42d916b-0232-44e0-8fb8-97d3da177be7	20	5188601	5706507	349	0.4478
d42d916b-0232-44e0-8fb8-97d3da177be7	20	5708374	5731209	22	0.9871
d42d916b-0232-44e0-8fb8-97d3da177be7	20	5735174	5996966	203	0.4129
d42d916b-0232-44e0-8fb8-97d3da177be7	20	5998408	6527689	409	0.9709
d42d916b-0232-44e0-8fb8-97d3da177be7	20	6529233	6720486	164	1.4327
d42d916b-0232-44e0-8fb8-97d3da177be7	20	6721909	6957990	188	0.4216
d42d916b-0232-44e0-8fb8-97d3da177be7	20	6958787	6978089	23	0.9787
d42d916b-0232-44e0-8fb8-97d3da177be7	20	6978173	8361556	1040	0.4422
d42d916b-0232-44e0-8fb8-97d3da177be7	20	8362253	8565053	144	0.9248
d42d916b-0232-44e0-8fb8-97d3da177be7	20	8566396	8591578	40	1.3948
d42d916b-0232-44e0-8fb8-97d3da177be7	20	8592647	8651857	42	1.0119
d42d916b-0232-44e0-8fb8-97d3da177be7	20	8653086	8783990	112	0.4124
d42d916b-0232-44e0-8fb8-97d3da177be7	20	8784632	8786305	9	-0.4519
d42d916b-0232-44e0-8fb8-97d3da177be7	20	8786739	8821073	36	0.6677
d42d916b-0232-44e0-8fb8-97d3da177be7	20	8823593	8830835	10	-0.0723
d42d916b-0232-44e0-8fb8-97d3da177be7	20	8830879	9283507	394	0.3534
d42d916b-0232-44e0-8fb8-97d3da177be7	20	9285621	10156286	719	-0.4532
d42d916b-0232-44e0-8fb8-97d3da177be7	20	10167006	10235699	57	0.4982
d42d916b-0232-44e0-8fb8-97d3da177be7	20	10236688	10252616	23	-0.3899
d42d916b-0232-44e0-8fb8-97d3da177be7	20	10253609	10279454	26	0.437
d42d916b-0232-44e0-8fb8-97d3da177be7	20	10280494	10448953	134	-0.4199
d42d916b-0232-44e0-8fb8-97d3da177be7	20	10449129	11666176	942	0.348
d42d916b-0232-44e0-8fb8-97d3da177be7	20	11668012	11745652	45	1.0458
d42d916b-0232-44e0-8fb8-97d3da177be7	20	11748940	12826814	841	0.3428
d42d916b-0232-44e0-8fb8-97d3da177be7	20	12828534	12843239	19	-0.4213
d42d916b-0232-44e0-8fb8-97d3da177be7	20	12845003	12877085	31	0.3622
d42d916b-0232-44e0-8fb8-97d3da177be7	20	12879237	13125856	219	-0.3983
d42d916b-0232-44e0-8fb8-97d3da177be7	20	13127238	13130277	7	0.028
d42d916b-0232-44e0-8fb8-97d3da177be7	20	13133366	13142270	7	0.6047
d42d916b-0232-44e0-8fb8-97d3da177be7	20	13143086	13344884	168	-0.445
d42d916b-0232-44e0-8fb8-97d3da177be7	20	13348876	13484376	86	0.4375
d42d916b-0232-44e0-8fb8-97d3da177be7	20	13486349	14020182	277	0.9412
d42d916b-0232-44e0-8fb8-97d3da177be7	20	14022176	14528803	256	0.3296
d42d916b-0232-44e0-8fb8-97d3da177be7	20	14528848	14994049	397	0.89
d42d916b-0232-44e0-8fb8-97d3da177be7	20	15001931	15615787	562	0.3428
d42d916b-0232-44e0-8fb8-97d3da177be7	20	15618388	16902199	1242	-0.458
d42d916b-0232-44e0-8fb8-97d3da177be7	20	16902758	18906019	1574	0.3485
d42d916b-0232-44e0-8fb8-97d3da177be7	20	18906075	36359581	7711	0.4115
d42d916b-0232-44e0-8fb8-97d3da177be7	20	36361587	37277914	507	0.3344
d42d916b-0232-44e0-8fb8-97d3da177be7	20	37283905	62905586	18684	0.464
d42d916b-0232-44e0-8fb8-97d3da177be7	20	62908967	64284715	535	0.3453
d42d916b-0232-44e0-8fb8-97d3da177be7	20	64323342	64324800	5	-2.4373
d42d916b-0232-44e0-8fb8-97d3da177be7	21	10354168	10559033	53	-0.0161
d42d916b-0232-44e0-8fb8-97d3da177be7	21	10568903	10775586	34	0.5215
d42d916b-0232-44e0-8fb8-97d3da177be7	21	12973348	13270157	41	-0.0451
d42d916b-0232-44e0-8fb8-97d3da177be7	21	13270257	46677045	23553	0.4293
d42d916b-0232-44e0-8fb8-97d3da177be7	22	15294547	23981995	4366	-0.5128
d42d916b-0232-44e0-8fb8-97d3da177be7	22	23987520	23995113	6	-1.8657
d42d916b-0232-44e0-8fb8-97d3da177be7	22	23995755	24320752	176	0.3922
d42d916b-0232-44e0-8fb8-97d3da177be7	22	24320954	28807468	3700	-0.456
d42d916b-0232-44e0-8fb8-97d3da177be7	22	28807824	28961973	102	-2.6652
d42d916b-0232-44e0-8fb8-97d3da177be7	22	28962637	49056987	13709	-0.4635
d42d916b-0232-44e0-8fb8-97d3da177be7	22	49057816	50702690	1013	-0.6098
d42d916b-0232-44e0-8fb8-97d3da177be7	22	50703598	50796027	40	-0.3972
d42d916b-0232-44e0-8fb8-97d3da177be7	X	251810	6921505	3224	-0.0013
d42d916b-0232-44e0-8fb8-97d3da177be7	X	6922545	6981422	38	-0.8685
d42d916b-0232-44e0-8fb8-97d3da177be7	X	6986404	75311977	35311	0.0125
d42d916b-0232-44e0-8fb8-97d3da177be7	X	75313133	75507444	101	-0.7842
d42d916b-0232-44e0-8fb8-97d3da177be7	X	75518080	145073938	37874	0.0066
d42d916b-0232-44e0-8fb8-97d3da177be7	X	145073956	145244831	161	-0.941
d42d916b-0232-44e0-8fb8-97d3da177be7	X	145251163	155156881	6030	0.0103
d42d916b-0232-44e0-8fb8-97d3da177be7	X	155164107	155189126	10	-0.8471
d42d916b-0232-44e0-8fb8-97d3da177be7	X	155190019	155952689	224	0.0005
d42d916b-0232-44e0-8fb8-97d3da177be7	Y	2782397	3558326	233	-2.6746
d42d916b-0232-44e0-8fb8-97d3da177be7	Y	3564331	6233384	549	-2.2777
d42d916b-0232-44e0-8fb8-97d3da177be7	Y	6249869	9330531	1440	-2.9041
d42d916b-0232-44e0-8fb8-97d3da177be7	Y	9332936	9550385	21	-5.0056
d42d916b-0232-44e0-8fb8-97d3da177be7	Y	9550653	56872112	4390	-2.7888
