GDC_Aliquot	Chromosome	Start	End	Num_Probes	Segment_Mean
a8bbc616-f4a4-4133-9bc2-35a82c99829d	1	62920	266187	17	0.0495
a8bbc616-f4a4-4133-9bc2-35a82c99829d	1	462795	462894	2	1.8325
a8bbc616-f4a4-4133-9bc2-35a82c99829d	1	599171	16679239	8653	-0.2312
a8bbc616-f4a4-4133-9bc2-35a82c99829d	1	16679281	16951445	82	0.0456
a8bbc616-f4a4-4133-9bc2-35a82c99829d	1	16955930	22068758	3371	-0.2321
a8bbc616-f4a4-4133-9bc2-35a82c99829d	1	22069767	22340487	205	0.1956
a8bbc616-f4a4-4133-9bc2-35a82c99829d	1	22343478	25256800	1674	-0.2338
a8bbc616-f4a4-4133-9bc2-35a82c99829d	1	25256850	25320455	25	0.3307
a8bbc616-f4a4-4133-9bc2-35a82c99829d	1	25336819	34637053	4947	-0.2285
a8bbc616-f4a4-4133-9bc2-35a82c99829d	1	34637069	34638890	19	-1.6247
a8bbc616-f4a4-4133-9bc2-35a82c99829d	1	34648667	54624527	11021	-0.2411
a8bbc616-f4a4-4133-9bc2-35a82c99829d	1	54627618	54628716	2	-2.4959
a8bbc616-f4a4-4133-9bc2-35a82c99829d	1	54630777	57275656	2148	-0.2424
a8bbc616-f4a4-4133-9bc2-35a82c99829d	1	57275724	57388076	91	-0.802
a8bbc616-f4a4-4133-9bc2-35a82c99829d	1	57388347	72284670	10460	-0.2697
a8bbc616-f4a4-4133-9bc2-35a82c99829d	1	72290430	72297687	9	-3.1842
a8bbc616-f4a4-4133-9bc2-35a82c99829d	1	72302735	72345465	48	0.7581
a8bbc616-f4a4-4133-9bc2-35a82c99829d	1	72346221	89009572	10928	-0.2913
a8bbc616-f4a4-4133-9bc2-35a82c99829d	1	89012275	89012522	2	-2.5032
a8bbc616-f4a4-4133-9bc2-35a82c99829d	1	89015841	103616762	9078	-0.2869
a8bbc616-f4a4-4133-9bc2-35a82c99829d	1	103620877	103621165	2	1.93
a8bbc616-f4a4-4133-9bc2-35a82c99829d	1	103697067	105476583	922	-0.281
a8bbc616-f4a4-4133-9bc2-35a82c99829d	1	105476614	105479753	16	0.503
a8bbc616-f4a4-4133-9bc2-35a82c99829d	1	105481433	112147704	4592	-0.2816
a8bbc616-f4a4-4133-9bc2-35a82c99829d	1	112153343	112154754	24	0.4108
a8bbc616-f4a4-4133-9bc2-35a82c99829d	1	112154768	152582700	7593	-0.2591
a8bbc616-f4a4-4133-9bc2-35a82c99829d	1	152583051	152613802	33	0.8953
a8bbc616-f4a4-4133-9bc2-35a82c99829d	1	152614064	152778761	161	-0.1985
a8bbc616-f4a4-4133-9bc2-35a82c99829d	1	152782154	152796224	45	0.091
a8bbc616-f4a4-4133-9bc2-35a82c99829d	1	152801429	157939918	2823	-0.238
a8bbc616-f4a4-4133-9bc2-35a82c99829d	1	157941489	158040572	68	0.5029
a8bbc616-f4a4-4133-9bc2-35a82c99829d	1	158040754	169247699	8371	-0.2658
a8bbc616-f4a4-4133-9bc2-35a82c99829d	1	169264736	169272528	7	-2.4201
a8bbc616-f4a4-4133-9bc2-35a82c99829d	1	169273163	193581427	16067	-0.2837
a8bbc616-f4a4-4133-9bc2-35a82c99829d	1	193582954	193588971	2	-2.4269
a8bbc616-f4a4-4133-9bc2-35a82c99829d	1	193589751	196745743	2083	-0.3171
a8bbc616-f4a4-4133-9bc2-35a82c99829d	1	196758720	196832525	57	-1.4458
a8bbc616-f4a4-4133-9bc2-35a82c99829d	1	196832720	229675422	21804	-0.2766
a8bbc616-f4a4-4133-9bc2-35a82c99829d	1	229681109	229684449	3	-2.2422
a8bbc616-f4a4-4133-9bc2-35a82c99829d	1	229684709	235437275	4363	-0.2708
a8bbc616-f4a4-4133-9bc2-35a82c99829d	1	235437426	235437498	2	-2.356
a8bbc616-f4a4-4133-9bc2-35a82c99829d	1	235437690	248574146	9418	-0.29
a8bbc616-f4a4-4133-9bc2-35a82c99829d	1	248585893	248631988	30	-1.9959
a8bbc616-f4a4-4133-9bc2-35a82c99829d	1	248633821	248930189	143	-0.2528
a8bbc616-f4a4-4133-9bc2-35a82c99829d	2	12784	7990754	6299	-0.2465
a8bbc616-f4a4-4133-9bc2-35a82c99829d	2	7991449	7992057	3	-6.1151
a8bbc616-f4a4-4133-9bc2-35a82c99829d	2	7992809	7996487	4	-2.0642
a8bbc616-f4a4-4133-9bc2-35a82c99829d	2	7999793	14563570	4732	-0.2472
a8bbc616-f4a4-4133-9bc2-35a82c99829d	2	14564825	14569897	11	-4.7504
a8bbc616-f4a4-4133-9bc2-35a82c99829d	2	14569968	34466002	13022	-0.2493
a8bbc616-f4a4-4133-9bc2-35a82c99829d	2	34474248	34512096	47	0.2504
a8bbc616-f4a4-4133-9bc2-35a82c99829d	2	34512489	52511964	12985	-0.2665
a8bbc616-f4a4-4133-9bc2-35a82c99829d	2	52512042	52554359	41	0.2474
a8bbc616-f4a4-4133-9bc2-35a82c99829d	2	52554366	76617340	15526	-0.2513
a8bbc616-f4a4-4133-9bc2-35a82c99829d	2	76618047	76618300	5	-2.4248
a8bbc616-f4a4-4133-9bc2-35a82c99829d	2	76620460	81329871	3225	-0.2736
a8bbc616-f4a4-4133-9bc2-35a82c99829d	2	81330404	81330716	2	-2.4167
a8bbc616-f4a4-4133-9bc2-35a82c99829d	2	81331952	83042032	1005	-0.2808
a8bbc616-f4a4-4133-9bc2-35a82c99829d	2	83049082	83155397	55	-0.9358
a8bbc616-f4a4-4133-9bc2-35a82c99829d	2	83158328	84406902	742	-0.2684
a8bbc616-f4a4-4133-9bc2-35a82c99829d	2	84410539	84410992	2	-1.99
a8bbc616-f4a4-4133-9bc2-35a82c99829d	2	84411166	86710564	1329	-0.2444
a8bbc616-f4a4-4133-9bc2-35a82c99829d	2	86725947	86726731	2	-2.1673
a8bbc616-f4a4-4133-9bc2-35a82c99829d	2	86743283	137224578	25842	-0.2498
a8bbc616-f4a4-4133-9bc2-35a82c99829d	2	137226077	137226309	3	-2.7679
a8bbc616-f4a4-4133-9bc2-35a82c99829d	2	137226577	139969290	1681	-0.2789
a8bbc616-f4a4-4133-9bc2-35a82c99829d	2	139970004	139972292	2	-1.8917
a8bbc616-f4a4-4133-9bc2-35a82c99829d	2	139976541	140780189	521	-0.2931
a8bbc616-f4a4-4133-9bc2-35a82c99829d	2	140785242	140890043	56	-0.8635
a8bbc616-f4a4-4133-9bc2-35a82c99829d	2	140898864	146107526	3210	-0.2786
a8bbc616-f4a4-4133-9bc2-35a82c99829d	2	146107615	146109366	17	-1.8757
a8bbc616-f4a4-4133-9bc2-35a82c99829d	2	146120238	159102108	7780	-0.2709
a8bbc616-f4a4-4133-9bc2-35a82c99829d	2	159103831	159104461	2	-2.0882
a8bbc616-f4a4-4133-9bc2-35a82c99829d	2	159106775	163780342	2795	-0.2626
a8bbc616-f4a4-4133-9bc2-35a82c99829d	2	163786978	163788025	3	-2.6554
a8bbc616-f4a4-4133-9bc2-35a82c99829d	2	163788616	193823021	18258	-0.2714
a8bbc616-f4a4-4133-9bc2-35a82c99829d	2	193825580	193829074	2	1.8725
a8bbc616-f4a4-4133-9bc2-35a82c99829d	2	193837590	194229738	200	-0.2855
a8bbc616-f4a4-4133-9bc2-35a82c99829d	2	194230617	194230783	2	-2.4136
a8bbc616-f4a4-4133-9bc2-35a82c99829d	2	194239204	197107546	1665	-0.2639
a8bbc616-f4a4-4133-9bc2-35a82c99829d	2	197110892	197440548	213	0.0671
a8bbc616-f4a4-4133-9bc2-35a82c99829d	2	197442833	201865097	2525	-0.2723
a8bbc616-f4a4-4133-9bc2-35a82c99829d	2	201869596	201874380	4	-1.8289
a8bbc616-f4a4-4133-9bc2-35a82c99829d	2	201874859	203032174	588	-0.2873
a8bbc616-f4a4-4133-9bc2-35a82c99829d	2	203035077	203037323	3	-2.0179
a8bbc616-f4a4-4133-9bc2-35a82c99829d	2	203039417	205450967	1585	-0.2522
a8bbc616-f4a4-4133-9bc2-35a82c99829d	2	205451611	205452484	2	-3.1044
a8bbc616-f4a4-4133-9bc2-35a82c99829d	2	205453869	212316597	4356	-0.2757
a8bbc616-f4a4-4133-9bc2-35a82c99829d	2	212321824	212325488	11	-3.7093
a8bbc616-f4a4-4133-9bc2-35a82c99829d	2	212325521	212327101	14	-1.3417
a8bbc616-f4a4-4133-9bc2-35a82c99829d	2	212327402	228892233	10800	-0.2598
a8bbc616-f4a4-4133-9bc2-35a82c99829d	2	228892290	228900174	15	0.2635
a8bbc616-f4a4-4133-9bc2-35a82c99829d	2	228900667	234494012	3461	-0.2544
a8bbc616-f4a4-4133-9bc2-35a82c99829d	2	234495485	242147305	4716	-0.21
a8bbc616-f4a4-4133-9bc2-35a82c99829d	3	20930	3646143	3276	-0.163
a8bbc616-f4a4-4133-9bc2-35a82c99829d	3	3647045	16807411	10078	-0.1237
a8bbc616-f4a4-4133-9bc2-35a82c99829d	3	16808205	26559609	6633	-0.1554
a8bbc616-f4a4-4133-9bc2-35a82c99829d	3	26560269	26570394	9	-1.5449
a8bbc616-f4a4-4133-9bc2-35a82c99829d	3	26570407	45501733	12307	-0.1454
a8bbc616-f4a4-4133-9bc2-35a82c99829d	3	45504132	45508002	5	-1.3395
a8bbc616-f4a4-4133-9bc2-35a82c99829d	3	45513873	46760755	853	-0.1077
a8bbc616-f4a4-4133-9bc2-35a82c99829d	3	46761427	46808099	35	-1.0904
a8bbc616-f4a4-4133-9bc2-35a82c99829d	3	46817989	60223894	7695	-0.1279
a8bbc616-f4a4-4133-9bc2-35a82c99829d	3	60223953	60224644	2	1.5844
a8bbc616-f4a4-4133-9bc2-35a82c99829d	3	60225088	68697013	6859	-0.1383
a8bbc616-f4a4-4133-9bc2-35a82c99829d	3	68697108	68698262	14	-1.1143
a8bbc616-f4a4-4133-9bc2-35a82c99829d	3	68699607	74585946	4470	-0.1461
a8bbc616-f4a4-4133-9bc2-35a82c99829d	3	74597741	74598116	2	-1.7558
a8bbc616-f4a4-4133-9bc2-35a82c99829d	3	74600034	75519398	455	-0.1326
a8bbc616-f4a4-4133-9bc2-35a82c99829d	3	75523398	75546030	7	0.7523
a8bbc616-f4a4-4133-9bc2-35a82c99829d	3	75547095	95737262	9123	-0.174
a8bbc616-f4a4-4133-9bc2-35a82c99829d	3	95748036	95749266	2	-2.7749
a8bbc616-f4a4-4133-9bc2-35a82c99829d	3	95749836	99218940	1848	-0.165
a8bbc616-f4a4-4133-9bc2-35a82c99829d	3	99225614	99230577	38	0.276
a8bbc616-f4a4-4133-9bc2-35a82c99829d	3	99232120	116107926	10154	-0.1582
a8bbc616-f4a4-4133-9bc2-35a82c99829d	3	116114328	116570247	364	-0.7791
a8bbc616-f4a4-4133-9bc2-35a82c99829d	3	116572974	122760840	3789	-0.1568
a8bbc616-f4a4-4133-9bc2-35a82c99829d	3	122761362	135564925	8066	-0.1201
a8bbc616-f4a4-4133-9bc2-35a82c99829d	3	135565137	146658754	6727	-0.1497
a8bbc616-f4a4-4133-9bc2-35a82c99829d	3	146660742	146695860	22	-0.651
a8bbc616-f4a4-4133-9bc2-35a82c99829d	3	146701553	151792254	3165	-0.1666
a8bbc616-f4a4-4133-9bc2-35a82c99829d	3	151793297	151828091	29	-0.9483
a8bbc616-f4a4-4133-9bc2-35a82c99829d	3	151830703	162790480	6648	-0.1606
a8bbc616-f4a4-4133-9bc2-35a82c99829d	3	162794869	162898127	64	-1.6426
a8bbc616-f4a4-4133-9bc2-35a82c99829d	3	162906054	174761246	7177	-0.1767
a8bbc616-f4a4-4133-9bc2-35a82c99829d	3	174761504	175228122	335	-0.6396
a8bbc616-f4a4-4133-9bc2-35a82c99829d	3	175228137	175228157	2	1.0632
a8bbc616-f4a4-4133-9bc2-35a82c99829d	3	175228220	175330411	85	-0.7834
a8bbc616-f4a4-4133-9bc2-35a82c99829d	3	175331395	194920587	12737	-0.1597
a8bbc616-f4a4-4133-9bc2-35a82c99829d	3	194920617	194921116	4	-1.3448
a8bbc616-f4a4-4133-9bc2-35a82c99829d	3	194921751	198169247	1527	-0.1505
a8bbc616-f4a4-4133-9bc2-35a82c99829d	4	68929	4287349	1728	0.1506
a8bbc616-f4a4-4133-9bc2-35a82c99829d	4	4288000	10197004	3934	0.2175
a8bbc616-f4a4-4133-9bc2-35a82c99829d	4	10197200	10221792	35	0.1099
a8bbc616-f4a4-4133-9bc2-35a82c99829d	4	10222004	10227684	13	-0.7518
a8bbc616-f4a4-4133-9bc2-35a82c99829d	4	10228006	49214614	25991	0.1378
a8bbc616-f4a4-4133-9bc2-35a82c99829d	4	49289175	49501768	5	-1.0828
a8bbc616-f4a4-4133-9bc2-35a82c99829d	4	49508382	51823256	22	-0.0998
a8bbc616-f4a4-4133-9bc2-35a82c99829d	4	51823373	57999152	4196	0.1472
a8bbc616-f4a4-4133-9bc2-35a82c99829d	4	58002366	68478894	6254	0.1088
a8bbc616-f4a4-4133-9bc2-35a82c99829d	4	68494770	68671434	73	0.7167
a8bbc616-f4a4-4133-9bc2-35a82c99829d	4	68674307	137171085	40908	0.1231
a8bbc616-f4a4-4133-9bc2-35a82c99829d	4	137171266	137171772	10	-1.035
a8bbc616-f4a4-4133-9bc2-35a82c99829d	4	137171784	155964001	11560	0.1343
a8bbc616-f4a4-4133-9bc2-35a82c99829d	4	155964036	155967367	7	-0.8503
a8bbc616-f4a4-4133-9bc2-35a82c99829d	4	155969109	156035480	52	0.1622
a8bbc616-f4a4-4133-9bc2-35a82c99829d	4	156046823	156052053	16	-0.9043
a8bbc616-f4a4-4133-9bc2-35a82c99829d	4	156053545	160265169	2555	0.1361
a8bbc616-f4a4-4133-9bc2-35a82c99829d	4	160266186	160278076	4	-1.0018
a8bbc616-f4a4-4133-9bc2-35a82c99829d	4	160284328	172501371	7832	0.1252
a8bbc616-f4a4-4133-9bc2-35a82c99829d	4	172503796	172507492	7	1.5108
a8bbc616-f4a4-4133-9bc2-35a82c99829d	4	172519981	180335019	4993	0.117
a8bbc616-f4a4-4133-9bc2-35a82c99829d	4	180335625	180786233	366	-0.3677
a8bbc616-f4a4-4133-9bc2-35a82c99829d	4	180790509	180877807	76	0.2138
a8bbc616-f4a4-4133-9bc2-35a82c99829d	4	180885442	180967046	59	-0.3992
a8bbc616-f4a4-4133-9bc2-35a82c99829d	4	180970624	181018373	42	-0.922
a8bbc616-f4a4-4133-9bc2-35a82c99829d	4	181024624	181076602	24	-0.1737
a8bbc616-f4a4-4133-9bc2-35a82c99829d	4	181079095	182266033	1037	0.0982
a8bbc616-f4a4-4133-9bc2-35a82c99829d	4	182268945	182695758	328	-0.6035
a8bbc616-f4a4-4133-9bc2-35a82c99829d	4	182697624	190106768	4910	0.1514
a8bbc616-f4a4-4133-9bc2-35a82c99829d	5	15532	676771	303	0.4357
a8bbc616-f4a4-4133-9bc2-35a82c99829d	5	681187	863682	52	0.9557
a8bbc616-f4a4-4133-9bc2-35a82c99829d	5	866255	1159634	112	0.4554
a8bbc616-f4a4-4133-9bc2-35a82c99829d	5	1164786	2667054	1166	0.743
a8bbc616-f4a4-4133-9bc2-35a82c99829d	5	2667518	2953674	249	0.4476
a8bbc616-f4a4-4133-9bc2-35a82c99829d	5	2955634	3006292	53	0.7732
a8bbc616-f4a4-4133-9bc2-35a82c99829d	5	3012404	3264207	315	0.4405
a8bbc616-f4a4-4133-9bc2-35a82c99829d	5	3265732	3653898	346	0.7382
a8bbc616-f4a4-4133-9bc2-35a82c99829d	5	3653935	3902391	219	0.4507
a8bbc616-f4a4-4133-9bc2-35a82c99829d	5	3903190	7503998	3135	0.7059
a8bbc616-f4a4-4133-9bc2-35a82c99829d	5	7509754	7510278	2	-0.8757
a8bbc616-f4a4-4133-9bc2-35a82c99829d	5	7512308	7673865	144	0.6841
a8bbc616-f4a4-4133-9bc2-35a82c99829d	5	7675785	7854176	142	0.4419
a8bbc616-f4a4-4133-9bc2-35a82c99829d	5	7862330	7997432	120	0.7039
a8bbc616-f4a4-4133-9bc2-35a82c99829d	5	7998876	8259529	202	0.4824
a8bbc616-f4a4-4133-9bc2-35a82c99829d	5	8262555	8709422	379	0.6709
a8bbc616-f4a4-4133-9bc2-35a82c99829d	5	8711526	11200233	2200	0.9173
a8bbc616-f4a4-4133-9bc2-35a82c99829d	5	11202537	11375862	149	0.6941
a8bbc616-f4a4-4133-9bc2-35a82c99829d	5	11376433	11698175	245	0.9223
a8bbc616-f4a4-4133-9bc2-35a82c99829d	5	11702695	12815668	649	0.6774
a8bbc616-f4a4-4133-9bc2-35a82c99829d	5	12815753	12826538	10	-1.0162
a8bbc616-f4a4-4133-9bc2-35a82c99829d	5	12833745	13042994	71	0.5509
a8bbc616-f4a4-4133-9bc2-35a82c99829d	5	13043119	15309982	1650	0.7099
a8bbc616-f4a4-4133-9bc2-35a82c99829d	5	15310015	15410708	64	0.5338
a8bbc616-f4a4-4133-9bc2-35a82c99829d	5	15419906	15718383	184	0.9334
a8bbc616-f4a4-4133-9bc2-35a82c99829d	5	15719113	15720342	9	0.0871
a8bbc616-f4a4-4133-9bc2-35a82c99829d	5	15720369	16108018	230	0.9482
a8bbc616-f4a4-4133-9bc2-35a82c99829d	5	16108865	16655520	426	0.7104
a8bbc616-f4a4-4133-9bc2-35a82c99829d	5	16655603	17011661	221	0.8402
a8bbc616-f4a4-4133-9bc2-35a82c99829d	5	17024944	22269726	3078	0.667
a8bbc616-f4a4-4133-9bc2-35a82c99829d	5	22269842	23888977	956	0.8718
a8bbc616-f4a4-4133-9bc2-35a82c99829d	5	23891886	24348703	237	0.6701
a8bbc616-f4a4-4133-9bc2-35a82c99829d	5	24349361	24600878	170	0.8951
a8bbc616-f4a4-4133-9bc2-35a82c99829d	5	24602541	30770935	3655	0.6552
a8bbc616-f4a4-4133-9bc2-35a82c99829d	5	30774406	39027223	5646	0.6968
a8bbc616-f4a4-4133-9bc2-35a82c99829d	5	39028846	43466127	2728	0.6626
a8bbc616-f4a4-4133-9bc2-35a82c99829d	5	43466348	43474187	2	-0.866
a8bbc616-f4a4-4133-9bc2-35a82c99829d	5	43475917	46251204	1124	0.6601
a8bbc616-f4a4-4133-9bc2-35a82c99829d	5	46270906	46273400	8	-1.9229
a8bbc616-f4a4-4133-9bc2-35a82c99829d	5	46278110	50528219	151	0.6516
a8bbc616-f4a4-4133-9bc2-35a82c99829d	5	50529531	50684024	64	0.3877
a8bbc616-f4a4-4133-9bc2-35a82c99829d	5	50684769	58025819	4852	0.6831
a8bbc616-f4a4-4133-9bc2-35a82c99829d	5	58030200	58037706	32	0.1803
a8bbc616-f4a4-4133-9bc2-35a82c99829d	5	58042530	168656306	68763	0.6774
a8bbc616-f4a4-4133-9bc2-35a82c99829d	5	168656882	175651988	5355	0.7207
a8bbc616-f4a4-4133-9bc2-35a82c99829d	5	175654626	175845483	119	0.9484
a8bbc616-f4a4-4133-9bc2-35a82c99829d	5	175847465	177800550	791	0.7019
a8bbc616-f4a4-4133-9bc2-35a82c99829d	5	177801578	177833329	5	-0.3379
a8bbc616-f4a4-4133-9bc2-35a82c99829d	5	177838979	179669317	1060	0.7151
a8bbc616-f4a4-4133-9bc2-35a82c99829d	5	179669479	179677599	9	-0.0142
a8bbc616-f4a4-4133-9bc2-35a82c99829d	5	179678006	180754586	614	0.7297
a8bbc616-f4a4-4133-9bc2-35a82c99829d	5	180755448	180947523	109	0.649
a8bbc616-f4a4-4133-9bc2-35a82c99829d	5	180951710	180991103	19	-1.8017
a8bbc616-f4a4-4133-9bc2-35a82c99829d	5	181006225	181363319	170	0.7285
a8bbc616-f4a4-4133-9bc2-35a82c99829d	6	149661	322696	132	0.302
a8bbc616-f4a4-4133-9bc2-35a82c99829d	6	323084	381149	70	-0.109
a8bbc616-f4a4-4133-9bc2-35a82c99829d	6	382559	1046380	597	0.3234
a8bbc616-f4a4-4133-9bc2-35a82c99829d	6	1048782	1050925	5	-0.7488
a8bbc616-f4a4-4133-9bc2-35a82c99829d	6	1053753	7922462	5662	0.3192
a8bbc616-f4a4-4133-9bc2-35a82c99829d	6	7924838	19629966	8728	0.2778
a8bbc616-f4a4-4133-9bc2-35a82c99829d	6	19630087	19635553	4	-1.018
a8bbc616-f4a4-4133-9bc2-35a82c99829d	6	19636202	23057409	2499	0.2662
a8bbc616-f4a4-4133-9bc2-35a82c99829d	6	23060763	23060767	2	-1.7965
a8bbc616-f4a4-4133-9bc2-35a82c99829d	6	23060771	28207858	3190	0.2705
a8bbc616-f4a4-4133-9bc2-35a82c99829d	6	28208244	29869411	751	0.3063
a8bbc616-f4a4-4133-9bc2-35a82c99829d	6	29869537	29906865	20	-0.7206
a8bbc616-f4a4-4133-9bc2-35a82c99829d	6	29906932	32486746	1166	0.3566
a8bbc616-f4a4-4133-9bc2-35a82c99829d	6	32488906	32682835	61	-0.311
a8bbc616-f4a4-4133-9bc2-35a82c99829d	6	32686863	32722250	43	0.2861
a8bbc616-f4a4-4133-9bc2-35a82c99829d	6	32723020	32723053	3	-1.2246
a8bbc616-f4a4-4133-9bc2-35a82c99829d	6	32732907	36789406	2316	0.2973
a8bbc616-f4a4-4133-9bc2-35a82c99829d	6	36798515	37194780	283	0.73
a8bbc616-f4a4-4133-9bc2-35a82c99829d	6	37198304	37214208	16	0.0802
a8bbc616-f4a4-4133-9bc2-35a82c99829d	6	37219153	42179882	3539	0.3101
a8bbc616-f4a4-4133-9bc2-35a82c99829d	6	42180447	42306423	86	0.062
a8bbc616-f4a4-4133-9bc2-35a82c99829d	6	42308591	42683977	203	0.5368
a8bbc616-f4a4-4133-9bc2-35a82c99829d	6	42685980	43242001	259	0.0095
a8bbc616-f4a4-4133-9bc2-35a82c99829d	6	43242372	72629714	16520	0.2693
a8bbc616-f4a4-4133-9bc2-35a82c99829d	6	72635792	72639382	2	-2.0465
a8bbc616-f4a4-4133-9bc2-35a82c99829d	6	72640066	73883255	796	0.2532
a8bbc616-f4a4-4133-9bc2-35a82c99829d	6	73884089	73891694	7	-0.4556
a8bbc616-f4a4-4133-9bc2-35a82c99829d	6	73893839	76305231	1470	0.2465
a8bbc616-f4a4-4133-9bc2-35a82c99829d	6	76307183	76307209	3	1.4172
a8bbc616-f4a4-4133-9bc2-35a82c99829d	6	76307276	76720013	294	0.2551
a8bbc616-f4a4-4133-9bc2-35a82c99829d	6	76726442	76759379	30	0.6238
a8bbc616-f4a4-4133-9bc2-35a82c99829d	6	76760534	78253172	969	0.2598
a8bbc616-f4a4-4133-9bc2-35a82c99829d	6	78259348	78325468	111	-2.1361
a8bbc616-f4a4-4133-9bc2-35a82c99829d	6	78329517	103286954	15460	0.2537
a8bbc616-f4a4-4133-9bc2-35a82c99829d	6	103290101	103314186	46	-1.1425
a8bbc616-f4a4-4133-9bc2-35a82c99829d	6	103317795	164549305	39986	0.2667
a8bbc616-f4a4-4133-9bc2-35a82c99829d	6	164552592	170741917	4138	0.3271
a8bbc616-f4a4-4133-9bc2-35a82c99829d	7	43355	9065141	5342	-0.1473
a8bbc616-f4a4-4133-9bc2-35a82c99829d	7	9065396	9074768	7	-1.146
a8bbc616-f4a4-4133-9bc2-35a82c99829d	7	9077787	9887400	652	-0.1479
a8bbc616-f4a4-4133-9bc2-35a82c99829d	7	9888493	10024876	86	-0.4092
a8bbc616-f4a4-4133-9bc2-35a82c99829d	7	10025107	33631453	17975	-0.1622
a8bbc616-f4a4-4133-9bc2-35a82c99829d	7	33633653	34131664	383	-0.5596
a8bbc616-f4a4-4133-9bc2-35a82c99829d	7	34134240	37051092	2004	-0.1332
a8bbc616-f4a4-4133-9bc2-35a82c99829d	7	37051124	37402077	245	-0.2707
a8bbc616-f4a4-4133-9bc2-35a82c99829d	7	37404299	38263519	654	-0.18
a8bbc616-f4a4-4133-9bc2-35a82c99829d	7	38263543	38317722	98	0.094
a8bbc616-f4a4-4133-9bc2-35a82c99829d	7	38318626	38326911	6	0.8538
a8bbc616-f4a4-4133-9bc2-35a82c99829d	7	38331191	38347842	12	-0.0769
a8bbc616-f4a4-4133-9bc2-35a82c99829d	7	38351764	38356875	4	-1.3175
a8bbc616-f4a4-4133-9bc2-35a82c99829d	7	38361356	40999702	1708	-0.1575
a8bbc616-f4a4-4133-9bc2-35a82c99829d	7	41000910	41002326	2	-1.8489
a8bbc616-f4a4-4133-9bc2-35a82c99829d	7	41004061	43580695	1833	-0.1524
a8bbc616-f4a4-4133-9bc2-35a82c99829d	7	43588569	43591529	3	-2.2623
a8bbc616-f4a4-4133-9bc2-35a82c99829d	7	43591769	54318812	7428	-0.1526
a8bbc616-f4a4-4133-9bc2-35a82c99829d	7	54318816	54318824	5	-2.2714
a8bbc616-f4a4-4133-9bc2-35a82c99829d	7	54325795	63510457	2340	-0.1357
a8bbc616-f4a4-4133-9bc2-35a82c99829d	7	63523944	63582683	5	-1.3204
a8bbc616-f4a4-4133-9bc2-35a82c99829d	7	63594363	97766150	19463	-0.1663
a8bbc616-f4a4-4133-9bc2-35a82c99829d	7	97766153	97772620	7	-0.8434
a8bbc616-f4a4-4133-9bc2-35a82c99829d	7	97772647	97773163	7	-2.8667
a8bbc616-f4a4-4133-9bc2-35a82c99829d	7	97774928	109800866	6621	-0.1688
a8bbc616-f4a4-4133-9bc2-35a82c99829d	7	109801155	109814172	14	-0.8407
a8bbc616-f4a4-4133-9bc2-35a82c99829d	7	109814214	120137060	6204	-0.1867
a8bbc616-f4a4-4133-9bc2-35a82c99829d	7	120138190	120141361	3	-2.4749
a8bbc616-f4a4-4133-9bc2-35a82c99829d	7	120143700	126404480	3809	-0.1722
a8bbc616-f4a4-4133-9bc2-35a82c99829d	7	126404869	126406561	14	-1.0551
a8bbc616-f4a4-4133-9bc2-35a82c99829d	7	126406822	134100424	4696	-0.1574
a8bbc616-f4a4-4133-9bc2-35a82c99829d	7	134100442	134113805	33	0.3733
a8bbc616-f4a4-4133-9bc2-35a82c99829d	7	134114093	141302752	4706	-0.1682
a8bbc616-f4a4-4133-9bc2-35a82c99829d	7	141303245	141306204	5	0.9377
a8bbc616-f4a4-4133-9bc2-35a82c99829d	7	141307210	142063324	482	-0.1438
a8bbc616-f4a4-4133-9bc2-35a82c99829d	7	142069843	142070732	7	-1.3418
a8bbc616-f4a4-4133-9bc2-35a82c99829d	7	142070827	142083169	9	-2.2543
a8bbc616-f4a4-4133-9bc2-35a82c99829d	7	142084696	142092307	18	-1.1347
a8bbc616-f4a4-4133-9bc2-35a82c99829d	7	142099190	142440552	278	-0.1466
a8bbc616-f4a4-4133-9bc2-35a82c99829d	7	142440912	142805387	174	0.0982
a8bbc616-f4a4-4133-9bc2-35a82c99829d	7	142805592	144199159	749	-0.1271
a8bbc616-f4a4-4133-9bc2-35a82c99829d	7	144207186	149455357	3299	-0.1958
a8bbc616-f4a4-4133-9bc2-35a82c99829d	7	149461344	150148899	308	-0.1142
a8bbc616-f4a4-4133-9bc2-35a82c99829d	7	150150198	150150651	2	-1.6222
a8bbc616-f4a4-4133-9bc2-35a82c99829d	7	150154479	151811171	1013	-0.1238
a8bbc616-f4a4-4133-9bc2-35a82c99829d	7	151813444	151813485	2	-2.1579
a8bbc616-f4a4-4133-9bc2-35a82c99829d	7	151813637	158324903	4395	-0.1378
a8bbc616-f4a4-4133-9bc2-35a82c99829d	7	158335896	158339473	2	1.4971
a8bbc616-f4a4-4133-9bc2-35a82c99829d	7	158344294	159334314	633	-0.1297
a8bbc616-f4a4-4133-9bc2-35a82c99829d	8	81254	3929538	3352	0.3897
a8bbc616-f4a4-4133-9bc2-35a82c99829d	8	3929561	3932584	23	-1.2192
a8bbc616-f4a4-4133-9bc2-35a82c99829d	8	3933696	4145783	334	0.3581
a8bbc616-f4a4-4133-9bc2-35a82c99829d	8	4145941	4145956	2	-1.9094
a8bbc616-f4a4-4133-9bc2-35a82c99829d	8	4146039	5716836	2257	0.3692
a8bbc616-f4a4-4133-9bc2-35a82c99829d	8	5718947	5719222	6	-0.598
a8bbc616-f4a4-4133-9bc2-35a82c99829d	8	5721181	7082704	1724	0.3991
a8bbc616-f4a4-4133-9bc2-35a82c99829d	8	7084593	7433619	55	0.1094
a8bbc616-f4a4-4133-9bc2-35a82c99829d	8	7440674	8528287	328	0.3824
a8bbc616-f4a4-4133-9bc2-35a82c99829d	8	8528640	8530797	5	-0.4464
a8bbc616-f4a4-4133-9bc2-35a82c99829d	8	8530937	10020476	1286	0.3922
a8bbc616-f4a4-4133-9bc2-35a82c99829d	8	10020525	10615128	544	0.4754
a8bbc616-f4a4-4133-9bc2-35a82c99829d	8	10616883	14652059	3092	0.3777
a8bbc616-f4a4-4133-9bc2-35a82c99829d	8	14652523	14652552	2	-2.413
a8bbc616-f4a4-4133-9bc2-35a82c99829d	8	14652565	15543669	773	0.3376
a8bbc616-f4a4-4133-9bc2-35a82c99829d	8	15545551	15555938	9	-1.7088
a8bbc616-f4a4-4133-9bc2-35a82c99829d	8	15565761	22429356	5859	0.3861
a8bbc616-f4a4-4133-9bc2-35a82c99829d	8	22429523	22516687	47	0.1168
a8bbc616-f4a4-4133-9bc2-35a82c99829d	8	22517052	25117007	1755	0.3885
a8bbc616-f4a4-4133-9bc2-35a82c99829d	8	25117062	25126818	24	-0.6896
a8bbc616-f4a4-4133-9bc2-35a82c99829d	8	25133589	39373140	9009	0.3651
a8bbc616-f4a4-4133-9bc2-35a82c99829d	8	39378084	39529446	59	1.1097
a8bbc616-f4a4-4133-9bc2-35a82c99829d	8	39530780	111282973	41973	0.3563
a8bbc616-f4a4-4133-9bc2-35a82c99829d	8	111283016	111283031	2	4.661
a8bbc616-f4a4-4133-9bc2-35a82c99829d	8	111288052	114619814	1817	0.3381
a8bbc616-f4a4-4133-9bc2-35a82c99829d	8	114622258	114629502	35	-0.5504
a8bbc616-f4a4-4133-9bc2-35a82c99829d	8	114638468	120479238	3959	0.3435
a8bbc616-f4a4-4133-9bc2-35a82c99829d	8	120479398	138572106	13498	0.3764
a8bbc616-f4a4-4133-9bc2-35a82c99829d	8	138575395	140930001	1739	0.427
a8bbc616-f4a4-4133-9bc2-35a82c99829d	8	140932756	141277435	249	0.7913
a8bbc616-f4a4-4133-9bc2-35a82c99829d	8	141280187	141555378	132	0.4796
a8bbc616-f4a4-4133-9bc2-35a82c99829d	8	141556387	141569360	25	0.8839
a8bbc616-f4a4-4133-9bc2-35a82c99829d	8	141570548	145072769	1444	0.4099
a8bbc616-f4a4-4133-9bc2-35a82c99829d	9	46587	5077997	5229	-0.2505
a8bbc616-f4a4-4133-9bc2-35a82c99829d	9	5078059	5082995	18	-0.8738
a8bbc616-f4a4-4133-9bc2-35a82c99829d	9	5083003	8063984	2507	-0.27
a8bbc616-f4a4-4133-9bc2-35a82c99829d	9	8066159	13731202	4803	-0.3106
a8bbc616-f4a4-4133-9bc2-35a82c99829d	9	13734431	23363117	7841	-0.2735
a8bbc616-f4a4-4133-9bc2-35a82c99829d	9	23363935	23372401	6	-2.0569
a8bbc616-f4a4-4133-9bc2-35a82c99829d	9	23373486	23545569	126	-0.2636
a8bbc616-f4a4-4133-9bc2-35a82c99829d	9	23545663	23545957	2	-2.4731
a8bbc616-f4a4-4133-9bc2-35a82c99829d	9	23546393	28288069	3619	-0.2892
a8bbc616-f4a4-4133-9bc2-35a82c99829d	9	28290687	28290718	2	1.4201
a8bbc616-f4a4-4133-9bc2-35a82c99829d	9	28291129	29948447	1187	-0.3034
a8bbc616-f4a4-4133-9bc2-35a82c99829d	9	29948531	29958646	12	0.3661
a8bbc616-f4a4-4133-9bc2-35a82c99829d	9	29958669	32161577	1551	-0.3002
a8bbc616-f4a4-4133-9bc2-35a82c99829d	9	32163279	32187427	19	-0.8624
a8bbc616-f4a4-4133-9bc2-35a82c99829d	9	32191136	41451846	4296	-0.2666
a8bbc616-f4a4-4133-9bc2-35a82c99829d	9	41473331	61520021	126	-0.0196
a8bbc616-f4a4-4133-9bc2-35a82c99829d	9	61521913	61629689	27	-1.2141
a8bbc616-f4a4-4133-9bc2-35a82c99829d	9	61633080	68618958	358	-0.1893
a8bbc616-f4a4-4133-9bc2-35a82c99829d	9	68619208	88469827	14309	-0.2822
a8bbc616-f4a4-4133-9bc2-35a82c99829d	9	88473696	90847386	1727	-0.238
a8bbc616-f4a4-4133-9bc2-35a82c99829d	9	90847491	90847850	2	1.8404
a8bbc616-f4a4-4133-9bc2-35a82c99829d	9	90850677	113105244	15693	-0.266
a8bbc616-f4a4-4133-9bc2-35a82c99829d	9	113119320	113134011	19	0.8595
a8bbc616-f4a4-4133-9bc2-35a82c99829d	9	113134180	133904319	13995	-0.2492
a8bbc616-f4a4-4133-9bc2-35a82c99829d	9	133904479	133909778	4	-2.0886
a8bbc616-f4a4-4133-9bc2-35a82c99829d	9	133914031	138200944	1929	-0.2318
a8bbc616-f4a4-4133-9bc2-35a82c99829d	10	45792	17885034	14841	0.1664
a8bbc616-f4a4-4133-9bc2-35a82c99829d	10	17896194	17907840	2	-2.0429
a8bbc616-f4a4-4133-9bc2-35a82c99829d	10	17910884	20551945	2136	0.1312
a8bbc616-f4a4-4133-9bc2-35a82c99829d	10	20561183	20561184	2	1.5546
a8bbc616-f4a4-4133-9bc2-35a82c99829d	10	20564272	24086334	2197	0.1381
a8bbc616-f4a4-4133-9bc2-35a82c99829d	10	24088745	24089125	11	-1.8542
a8bbc616-f4a4-4133-9bc2-35a82c99829d	10	24089979	46522571	12459	0.1573
a8bbc616-f4a4-4133-9bc2-35a82c99829d	10	46525652	46526061	10	1.0479
a8bbc616-f4a4-4133-9bc2-35a82c99829d	10	46526086	46792344	41	-0.061
a8bbc616-f4a4-4133-9bc2-35a82c99829d	10	46804606	47559596	292	0.2646
a8bbc616-f4a4-4133-9bc2-35a82c99829d	10	47622159	48125634	17	-0.5894
a8bbc616-f4a4-4133-9bc2-35a82c99829d	10	48125747	50062639	1374	0.2315
a8bbc616-f4a4-4133-9bc2-35a82c99829d	10	50070600	50132160	5	-0.9946
a8bbc616-f4a4-4133-9bc2-35a82c99829d	10	50144008	51979977	1336	0.1587
a8bbc616-f4a4-4133-9bc2-35a82c99829d	10	51980945	52214509	215	-0.2838
a8bbc616-f4a4-4133-9bc2-35a82c99829d	10	52220521	56756643	3296	0.13
a8bbc616-f4a4-4133-9bc2-35a82c99829d	10	56756761	56767077	39	-0.9013
a8bbc616-f4a4-4133-9bc2-35a82c99829d	10	56772992	65548193	6112	0.1367
a8bbc616-f4a4-4133-9bc2-35a82c99829d	10	65548259	65554672	24	-0.4657
a8bbc616-f4a4-4133-9bc2-35a82c99829d	10	65554688	69292851	2402	0.1368
a8bbc616-f4a4-4133-9bc2-35a82c99829d	10	69292913	72105984	2181	0.2044
a8bbc616-f4a4-4133-9bc2-35a82c99829d	10	72106147	74870386	1135	0.1294
a8bbc616-f4a4-4133-9bc2-35a82c99829d	10	74873734	76493093	1065	0.1861
a8bbc616-f4a4-4133-9bc2-35a82c99829d	10	76497303	76497852	2	1.5582
a8bbc616-f4a4-4133-9bc2-35a82c99829d	10	76501509	79430841	2392	0.1996
a8bbc616-f4a4-4133-9bc2-35a82c99829d	10	79431069	105296521	16474	0.1515
a8bbc616-f4a4-4133-9bc2-35a82c99829d	10	105297280	105299412	3	-2.7958
a8bbc616-f4a4-4133-9bc2-35a82c99829d	10	105302718	121643411	11921	0.1569
a8bbc616-f4a4-4133-9bc2-35a82c99829d	10	121645641	126201754	3211	0.1975
a8bbc616-f4a4-4133-9bc2-35a82c99829d	10	126206011	126206650	3	-1.4504
a8bbc616-f4a4-4133-9bc2-35a82c99829d	10	126211731	132470515	4879	0.2133
a8bbc616-f4a4-4133-9bc2-35a82c99829d	10	132471586	133415637	368	0.1534
a8bbc616-f4a4-4133-9bc2-35a82c99829d	10	133416215	133416364	2	-2.623
a8bbc616-f4a4-4133-9bc2-35a82c99829d	10	133419150	133654968	148	0.136
a8bbc616-f4a4-4133-9bc2-35a82c99829d	11	198510	4945831	2411	-0.2454
a8bbc616-f4a4-4133-9bc2-35a82c99829d	11	4946000	4954445	31	-1.5577
a8bbc616-f4a4-4133-9bc2-35a82c99829d	11	4954475	5451505	460	-0.2866
a8bbc616-f4a4-4133-9bc2-35a82c99829d	11	5451592	5451759	2	1.3077
a8bbc616-f4a4-4133-9bc2-35a82c99829d	11	5452584	5500921	79	-0.2803
a8bbc616-f4a4-4133-9bc2-35a82c99829d	11	5500945	5500967	2	-2.685
a8bbc616-f4a4-4133-9bc2-35a82c99829d	11	5501180	5769733	251	-0.2606
a8bbc616-f4a4-4133-9bc2-35a82c99829d	11	5772211	5795002	29	0.3166
a8bbc616-f4a4-4133-9bc2-35a82c99829d	11	5795055	21470720	11751	-0.2692
a8bbc616-f4a4-4133-9bc2-35a82c99829d	11	21470801	26409800	3610	-0.3245
a8bbc616-f4a4-4133-9bc2-35a82c99829d	11	26410059	55606572	15801	-0.2822
a8bbc616-f4a4-4133-9bc2-35a82c99829d	11	55606712	55685533	57	-1.0993
a8bbc616-f4a4-4133-9bc2-35a82c99829d	11	55686100	80256460	13239	-0.2611
a8bbc616-f4a4-4133-9bc2-35a82c99829d	11	80256469	80256520	3	-1.6865
a8bbc616-f4a4-4133-9bc2-35a82c99829d	11	80256642	112197870	22118	-0.2885
a8bbc616-f4a4-4133-9bc2-35a82c99829d	11	112200571	113301953	786	-0.2439
a8bbc616-f4a4-4133-9bc2-35a82c99829d	11	113305650	113305699	2	-2.6249
a8bbc616-f4a4-4133-9bc2-35a82c99829d	11	113306160	118796648	3991	-0.2618
a8bbc616-f4a4-4133-9bc2-35a82c99829d	11	118798199	118969153	72	0.0828
a8bbc616-f4a4-4133-9bc2-35a82c99829d	11	118969999	119682968	392	-0.2426
a8bbc616-f4a4-4133-9bc2-35a82c99829d	11	119688317	119706201	18	-1.0359
a8bbc616-f4a4-4133-9bc2-35a82c99829d	11	119719741	135074876	11602	-0.2576
a8bbc616-f4a4-4133-9bc2-35a82c99829d	12	51460	7842191	5355	0.5011
a8bbc616-f4a4-4133-9bc2-35a82c99829d	12	7851829	7971304	58	0.9007
a8bbc616-f4a4-4133-9bc2-35a82c99829d	12	7978362	8204911	118	0.4753
a8bbc616-f4a4-4133-9bc2-35a82c99829d	12	8209454	8214005	6	1.1737
a8bbc616-f4a4-4133-9bc2-35a82c99829d	12	8215617	8428347	71	0.2648
a8bbc616-f4a4-4133-9bc2-35a82c99829d	12	8432076	10418876	1210	0.4693
a8bbc616-f4a4-4133-9bc2-35a82c99829d	12	10420401	10434196	5	-0.4057
a8bbc616-f4a4-4133-9bc2-35a82c99829d	12	10434721	11068125	403	0.4655
a8bbc616-f4a4-4133-9bc2-35a82c99829d	12	11070111	11088933	9	-0.6924
a8bbc616-f4a4-4133-9bc2-35a82c99829d	12	11099275	31112123	14144	0.4582
a8bbc616-f4a4-4133-9bc2-35a82c99829d	12	31116364	31253875	85	1.0116
a8bbc616-f4a4-4133-9bc2-35a82c99829d	12	31253938	37593924	2156	0.4418
a8bbc616-f4a4-4133-9bc2-35a82c99829d	12	37618765	37620216	2	-1.7418
a8bbc616-f4a4-4133-9bc2-35a82c99829d	12	37640556	52002760	8258	0.4543
a8bbc616-f4a4-4133-9bc2-35a82c99829d	12	52002933	52391735	326	0.7189
a8bbc616-f4a4-4133-9bc2-35a82c99829d	12	52391992	70478078	11340	0.4584
a8bbc616-f4a4-4133-9bc2-35a82c99829d	12	70478895	70484247	9	-2.1239
a8bbc616-f4a4-4133-9bc2-35a82c99829d	12	70485605	72893830	1540	0.4621
a8bbc616-f4a4-4133-9bc2-35a82c99829d	12	72894060	87369661	8914	0.4286
a8bbc616-f4a4-4133-9bc2-35a82c99829d	12	87369716	87369847	5	-0.7955
a8bbc616-f4a4-4133-9bc2-35a82c99829d	12	87370018	99401690	8051	0.4423
a8bbc616-f4a4-4133-9bc2-35a82c99829d	12	99401870	99409340	31	-0.0774
a8bbc616-f4a4-4133-9bc2-35a82c99829d	12	99409355	99510358	74	0.4311
a8bbc616-f4a4-4133-9bc2-35a82c99829d	12	99510523	124418151	15935	0.4776
a8bbc616-f4a4-4133-9bc2-35a82c99829d	12	124424267	124750578	210	0.7642
a8bbc616-f4a4-4133-9bc2-35a82c99829d	12	124756011	131648066	5904	0.5039
a8bbc616-f4a4-4133-9bc2-35a82c99829d	12	131648123	131648790	11	-1.6236
a8bbc616-f4a4-4133-9bc2-35a82c99829d	12	131657925	133201603	559	0.4613
a8bbc616-f4a4-4133-9bc2-35a82c99829d	13	18452809	37496998	13454	-0.3596
a8bbc616-f4a4-4133-9bc2-35a82c99829d	13	37497899	37510620	16	-1.7528
a8bbc616-f4a4-4133-9bc2-35a82c99829d	13	37514193	38718563	860	-0.404
a8bbc616-f4a4-4133-9bc2-35a82c99829d	13	38719107	38719214	2	-2.348
a8bbc616-f4a4-4133-9bc2-35a82c99829d	13	38720292	45696519	4782	-0.3582
a8bbc616-f4a4-4133-9bc2-35a82c99829d	13	45700117	45700503	2	-4.3979
a8bbc616-f4a4-4133-9bc2-35a82c99829d	13	45700555	71902850	15881	-0.3807
a8bbc616-f4a4-4133-9bc2-35a82c99829d	13	71903417	71906418	3	2.4319
a8bbc616-f4a4-4133-9bc2-35a82c99829d	13	71906467	77897495	4265	-0.3765
a8bbc616-f4a4-4133-9bc2-35a82c99829d	13	77898709	77898793	2	1.3416
a8bbc616-f4a4-4133-9bc2-35a82c99829d	13	77899195	111024367	22971	-0.3764
a8bbc616-f4a4-4133-9bc2-35a82c99829d	13	111024573	114342922	1793	-0.3183
a8bbc616-f4a4-4133-9bc2-35a82c99829d	14	18239283	19675350	63	-0.0092
a8bbc616-f4a4-4133-9bc2-35a82c99829d	14	19689684	19956767	105	0.4195
a8bbc616-f4a4-4133-9bc2-35a82c99829d	14	19957350	20777380	642	-0.0817
a8bbc616-f4a4-4133-9bc2-35a82c99829d	14	20779061	20965001	99	0.2881
a8bbc616-f4a4-4133-9bc2-35a82c99829d	14	20965183	21165360	122	-0.0942
a8bbc616-f4a4-4133-9bc2-35a82c99829d	14	21165606	21176901	4	0.807
a8bbc616-f4a4-4133-9bc2-35a82c99829d	14	21176927	21346633	97	-0.1124
a8bbc616-f4a4-4133-9bc2-35a82c99829d	14	21346639	21718760	204	0.2601
a8bbc616-f4a4-4133-9bc2-35a82c99829d	14	21720457	22066726	288	0.4165
a8bbc616-f4a4-4133-9bc2-35a82c99829d	14	22067807	22178459	118	0.1895
a8bbc616-f4a4-4133-9bc2-35a82c99829d	14	22178656	22471267	217	0.5673
a8bbc616-f4a4-4133-9bc2-35a82c99829d	14	22472398	22497974	39	0.2706
a8bbc616-f4a4-4133-9bc2-35a82c99829d	14	22499871	22697538	171	-0.0196
a8bbc616-f4a4-4133-9bc2-35a82c99829d	14	22700327	22975462	134	0.3552
a8bbc616-f4a4-4133-9bc2-35a82c99829d	14	22989947	23099897	51	-0.0803
a8bbc616-f4a4-4133-9bc2-35a82c99829d	14	23102462	23147055	33	0.4451
a8bbc616-f4a4-4133-9bc2-35a82c99829d	14	23147575	23975620	481	-0.0597
a8bbc616-f4a4-4133-9bc2-35a82c99829d	14	23975769	24282387	148	0.3409
a8bbc616-f4a4-4133-9bc2-35a82c99829d	14	24283475	24657136	241	0.0038
a8bbc616-f4a4-4133-9bc2-35a82c99829d	14	24657384	24877365	195	0.3315
a8bbc616-f4a4-4133-9bc2-35a82c99829d	14	24878316	25502303	434	-0.0755
a8bbc616-f4a4-4133-9bc2-35a82c99829d	14	25504683	25552368	50	0.32
a8bbc616-f4a4-4133-9bc2-35a82c99829d	14	25554452	25616750	45	-0.128
a8bbc616-f4a4-4133-9bc2-35a82c99829d	14	25617138	25714246	85	0.288
a8bbc616-f4a4-4133-9bc2-35a82c99829d	14	25722339	26638054	613	-0.04
a8bbc616-f4a4-4133-9bc2-35a82c99829d	14	26638651	26718472	49	0.3407
a8bbc616-f4a4-4133-9bc2-35a82c99829d	14	26724507	27569493	523	-0.0602
a8bbc616-f4a4-4133-9bc2-35a82c99829d	14	27569892	27684249	66	0.3063
a8bbc616-f4a4-4133-9bc2-35a82c99829d	14	27685197	28728005	596	-0.0938
a8bbc616-f4a4-4133-9bc2-35a82c99829d	14	28731314	28839172	60	0.3048
a8bbc616-f4a4-4133-9bc2-35a82c99829d	14	28851122	29406666	283	-0.0888
a8bbc616-f4a4-4133-9bc2-35a82c99829d	14	29416157	29563977	97	0.2745
a8bbc616-f4a4-4133-9bc2-35a82c99829d	14	29569391	30319726	455	-0.0464
a8bbc616-f4a4-4133-9bc2-35a82c99829d	14	30320849	30766309	227	0.2848
a8bbc616-f4a4-4133-9bc2-35a82c99829d	14	30766653	31032509	153	-0.0902
a8bbc616-f4a4-4133-9bc2-35a82c99829d	14	31033825	31444432	179	0.2571
a8bbc616-f4a4-4133-9bc2-35a82c99829d	14	31447444	33092918	1131	-0.0609
a8bbc616-f4a4-4133-9bc2-35a82c99829d	14	33093878	33322000	206	0.3564
a8bbc616-f4a4-4133-9bc2-35a82c99829d	14	33322781	33797164	508	-0.0524
a8bbc616-f4a4-4133-9bc2-35a82c99829d	14	33798214	33990976	130	0.3319
a8bbc616-f4a4-4133-9bc2-35a82c99829d	14	33999096	34928079	563	-0.0889
a8bbc616-f4a4-4133-9bc2-35a82c99829d	14	34928186	34996764	37	0.3616
a8bbc616-f4a4-4133-9bc2-35a82c99829d	14	34999960	39556529	2751	-0.0854
a8bbc616-f4a4-4133-9bc2-35a82c99829d	14	39559580	39820180	154	0.3018
a8bbc616-f4a4-4133-9bc2-35a82c99829d	14	39824308	41278544	968	-0.1139
a8bbc616-f4a4-4133-9bc2-35a82c99829d	14	41280398	41285347	10	-1.3552
a8bbc616-f4a4-4133-9bc2-35a82c99829d	14	41285495	41630332	220	-0.0921
a8bbc616-f4a4-4133-9bc2-35a82c99829d	14	41631350	41676645	26	0.0429
a8bbc616-f4a4-4133-9bc2-35a82c99829d	14	41678524	42232926	345	0.3043
a8bbc616-f4a4-4133-9bc2-35a82c99829d	14	42234417	43407329	712	-0.0899
a8bbc616-f4a4-4133-9bc2-35a82c99829d	14	43408451	43782552	180	0.281
a8bbc616-f4a4-4133-9bc2-35a82c99829d	14	43786557	44241345	304	-0.1492
a8bbc616-f4a4-4133-9bc2-35a82c99829d	14	44241608	44486940	143	0.3067
a8bbc616-f4a4-4133-9bc2-35a82c99829d	14	44490844	45100322	311	-0.1401
a8bbc616-f4a4-4133-9bc2-35a82c99829d	14	45102111	45450130	152	0.2265
a8bbc616-f4a4-4133-9bc2-35a82c99829d	14	45452599	47582270	1296	-0.1109
a8bbc616-f4a4-4133-9bc2-35a82c99829d	14	47586436	47953140	259	0.2529
a8bbc616-f4a4-4133-9bc2-35a82c99829d	14	47953423	49549470	916	-0.0708
a8bbc616-f4a4-4133-9bc2-35a82c99829d	14	49550573	50114371	287	0.279
a8bbc616-f4a4-4133-9bc2-35a82c99829d	14	50131842	51054197	567	-0.0732
a8bbc616-f4a4-4133-9bc2-35a82c99829d	14	51058755	51385274	217	0.294
a8bbc616-f4a4-4133-9bc2-35a82c99829d	14	51392407	51660341	253	-0.0854
a8bbc616-f4a4-4133-9bc2-35a82c99829d	14	51660813	51704373	26	0.3005
a8bbc616-f4a4-4133-9bc2-35a82c99829d	14	51705314	54176008	1678	-0.0614
a8bbc616-f4a4-4133-9bc2-35a82c99829d	14	54182351	54691258	361	0.2957
a8bbc616-f4a4-4133-9bc2-35a82c99829d	14	54691394	55117165	271	-0.0945
a8bbc616-f4a4-4133-9bc2-35a82c99829d	14	55117896	55418336	153	0.2697
a8bbc616-f4a4-4133-9bc2-35a82c99829d	14	55421427	56230125	672	-0.0735
a8bbc616-f4a4-4133-9bc2-35a82c99829d	14	56244428	56530265	251	0.3016
a8bbc616-f4a4-4133-9bc2-35a82c99829d	14	56535434	57050965	388	-0.0841
a8bbc616-f4a4-4133-9bc2-35a82c99829d	14	57057357	57140349	53	0.2532
a8bbc616-f4a4-4133-9bc2-35a82c99829d	14	57141163	57386707	138	-0.0825
a8bbc616-f4a4-4133-9bc2-35a82c99829d	14	57388278	57774987	261	0.3139
a8bbc616-f4a4-4133-9bc2-35a82c99829d	14	57775093	58268775	345	-0.0581
a8bbc616-f4a4-4133-9bc2-35a82c99829d	14	58271010	59743113	932	0.309
a8bbc616-f4a4-4133-9bc2-35a82c99829d	14	59743160	62069494	1355	-0.0772
a8bbc616-f4a4-4133-9bc2-35a82c99829d	14	62070936	62487221	318	0.3028
a8bbc616-f4a4-4133-9bc2-35a82c99829d	14	62487638	62858668	238	-0.0845
a8bbc616-f4a4-4133-9bc2-35a82c99829d	14	62859424	62891111	29	0.3577
a8bbc616-f4a4-4133-9bc2-35a82c99829d	14	62897877	63050983	108	-0.1434
a8bbc616-f4a4-4133-9bc2-35a82c99829d	14	63051335	63723289	414	0.2822
a8bbc616-f4a4-4133-9bc2-35a82c99829d	14	63727247	64929078	877	-0.0682
a8bbc616-f4a4-4133-9bc2-35a82c99829d	14	64933473	65191477	142	0.2961
a8bbc616-f4a4-4133-9bc2-35a82c99829d	14	65191523	69639133	2591	-0.0637
a8bbc616-f4a4-4133-9bc2-35a82c99829d	14	69642312	69968813	213	0.3341
a8bbc616-f4a4-4133-9bc2-35a82c99829d	14	69972850	71908691	1171	-0.0546
a8bbc616-f4a4-4133-9bc2-35a82c99829d	14	71908948	72417847	500	0.3199
a8bbc616-f4a4-4133-9bc2-35a82c99829d	14	72419062	72566929	133	-0.0587
a8bbc616-f4a4-4133-9bc2-35a82c99829d	14	72566945	72862128	206	0.3495
a8bbc616-f4a4-4133-9bc2-35a82c99829d	14	72865722	74757923	1035	-0.0584
a8bbc616-f4a4-4133-9bc2-35a82c99829d	14	74759937	74820224	38	0.3263
a8bbc616-f4a4-4133-9bc2-35a82c99829d	14	74820585	74842351	12	-0.1398
a8bbc616-f4a4-4133-9bc2-35a82c99829d	14	74843406	75290113	223	0.2703
a8bbc616-f4a4-4133-9bc2-35a82c99829d	14	75290907	78240570	2097	-0.0587
a8bbc616-f4a4-4133-9bc2-35a82c99829d	14	78242206	78328994	70	0.3836
a8bbc616-f4a4-4133-9bc2-35a82c99829d	14	78331321	80670630	1596	-0.0687
a8bbc616-f4a4-4133-9bc2-35a82c99829d	14	80671087	80700364	23	0.3273
a8bbc616-f4a4-4133-9bc2-35a82c99829d	14	80705782	81133167	271	-0.0786
a8bbc616-f4a4-4133-9bc2-35a82c99829d	14	81133302	81141387	10	0.2886
a8bbc616-f4a4-4133-9bc2-35a82c99829d	14	81141431	81178341	16	0.0612
a8bbc616-f4a4-4133-9bc2-35a82c99829d	14	81178673	81351945	101	0.3613
a8bbc616-f4a4-4133-9bc2-35a82c99829d	14	81352623	82634403	818	-0.0999
a8bbc616-f4a4-4133-9bc2-35a82c99829d	14	82635493	82960386	263	0.2664
a8bbc616-f4a4-4133-9bc2-35a82c99829d	14	82966242	84426181	990	-0.0913
a8bbc616-f4a4-4133-9bc2-35a82c99829d	14	84429657	84792595	205	0.3269
a8bbc616-f4a4-4133-9bc2-35a82c99829d	14	84793360	85680404	635	-0.1148
a8bbc616-f4a4-4133-9bc2-35a82c99829d	14	85687498	85929074	174	0.3041
a8bbc616-f4a4-4133-9bc2-35a82c99829d	14	85933232	86021137	82	-0.1615
a8bbc616-f4a4-4133-9bc2-35a82c99829d	14	86021758	86210072	101	0.2927
a8bbc616-f4a4-4133-9bc2-35a82c99829d	14	86211753	88162012	1290	-0.0774
a8bbc616-f4a4-4133-9bc2-35a82c99829d	14	88162773	88216272	42	0.3254
a8bbc616-f4a4-4133-9bc2-35a82c99829d	14	88220840	88650769	259	-0.0748
a8bbc616-f4a4-4133-9bc2-35a82c99829d	14	88651350	89121576	283	0.3454
a8bbc616-f4a4-4133-9bc2-35a82c99829d	14	89123574	102460240	9139	-0.0415
a8bbc616-f4a4-4133-9bc2-35a82c99829d	14	102465009	103079265	289	0.313
a8bbc616-f4a4-4133-9bc2-35a82c99829d	14	103094249	104705741	685	-0.02
a8bbc616-f4a4-4133-9bc2-35a82c99829d	14	104716243	105323100	189	0.3098
a8bbc616-f4a4-4133-9bc2-35a82c99829d	14	105331282	106197054	227	0.0034
a8bbc616-f4a4-4133-9bc2-35a82c99829d	14	106209497	106340102	57	0.4495
a8bbc616-f4a4-4133-9bc2-35a82c99829d	14	106340305	106346129	6	-1.0991
a8bbc616-f4a4-4133-9bc2-35a82c99829d	14	106360014	106412640	29	0.2495
a8bbc616-f4a4-4133-9bc2-35a82c99829d	14	106416146	106523550	70	-0.0743
a8bbc616-f4a4-4133-9bc2-35a82c99829d	14	106524409	106589281	35	0.3352
a8bbc616-f4a4-4133-9bc2-35a82c99829d	14	106596539	106812862	99	-0.0953
a8bbc616-f4a4-4133-9bc2-35a82c99829d	14	106813566	106877229	41	0.383
a8bbc616-f4a4-4133-9bc2-35a82c99829d	15	19811075	20235285	63	-0.0914
a8bbc616-f4a4-4133-9bc2-35a82c99829d	15	20240885	20373168	25	-0.5537
a8bbc616-f4a4-4133-9bc2-35a82c99829d	15	20376198	20376311	7	0.7494
a8bbc616-f4a4-4133-9bc2-35a82c99829d	15	20380735	20418953	33	-0.7333
a8bbc616-f4a4-4133-9bc2-35a82c99829d	15	20421755	21975606	48	-0.116
a8bbc616-f4a4-4133-9bc2-35a82c99829d	15	21997003	22299523	30	-0.5807
a8bbc616-f4a4-4133-9bc2-35a82c99829d	15	22385639	34454261	7235	0.1597
a8bbc616-f4a4-4133-9bc2-35a82c99829d	15	34455142	34526116	48	0.7631
a8bbc616-f4a4-4133-9bc2-35a82c99829d	15	34570058	45087504	6272	0.1627
a8bbc616-f4a4-4133-9bc2-35a82c99829d	15	45089203	45091248	2	1.7637
a8bbc616-f4a4-4133-9bc2-35a82c99829d	15	45091422	53902792	5649	0.1547
a8bbc616-f4a4-4133-9bc2-35a82c99829d	15	53908153	53910302	3	-2.0587
a8bbc616-f4a4-4133-9bc2-35a82c99829d	15	53912031	56497257	1706	0.1347
a8bbc616-f4a4-4133-9bc2-35a82c99829d	15	56497277	56518564	31	-0.2694
a8bbc616-f4a4-4133-9bc2-35a82c99829d	15	56519006	63673613	5339	0.1694
a8bbc616-f4a4-4133-9bc2-35a82c99829d	15	63676308	64032644	218	0.4374
a8bbc616-f4a4-4133-9bc2-35a82c99829d	15	64035293	83871986	11615	0.1711
a8bbc616-f4a4-4133-9bc2-35a82c99829d	15	83874133	83878795	7	-0.9546
a8bbc616-f4a4-4133-9bc2-35a82c99829d	15	83879115	100109424	11801	0.1627
a8bbc616-f4a4-4133-9bc2-35a82c99829d	15	100110736	101646059	1245	0.2314
a8bbc616-f4a4-4133-9bc2-35a82c99829d	15	101647799	101928837	141	0.1376
a8bbc616-f4a4-4133-9bc2-35a82c99829d	16	10777	6378380	3592	0.2071
a8bbc616-f4a4-4133-9bc2-35a82c99829d	16	6380368	6680188	379	-0.1481
a8bbc616-f4a4-4133-9bc2-35a82c99829d	16	6680940	6840528	224	0.2485
a8bbc616-f4a4-4133-9bc2-35a82c99829d	16	6841364	6928619	109	-0.2329
a8bbc616-f4a4-4133-9bc2-35a82c99829d	16	6928845	18756796	8483	0.2142
a8bbc616-f4a4-4133-9bc2-35a82c99829d	16	18759524	18781388	7	-0.8356
a8bbc616-f4a4-4133-9bc2-35a82c99829d	16	18785267	34026287	7233	0.2084
a8bbc616-f4a4-4133-9bc2-35a82c99829d	16	34032852	34123836	11	-0.4361
a8bbc616-f4a4-4133-9bc2-35a82c99829d	16	34124754	35225230	113	0.1389
a8bbc616-f4a4-4133-9bc2-35a82c99829d	16	35225338	35533625	174	0.6204
a8bbc616-f4a4-4133-9bc2-35a82c99829d	16	35533640	59441857	8858	0.2082
a8bbc616-f4a4-4133-9bc2-35a82c99829d	16	59442275	62834326	2150	0.1529
a8bbc616-f4a4-4133-9bc2-35a82c99829d	16	62836027	78266751	9812	0.1918
a8bbc616-f4a4-4133-9bc2-35a82c99829d	16	78275043	78275504	4	-0.9748
a8bbc616-f4a4-4133-9bc2-35a82c99829d	16	78280383	78337711	53	0.1769
a8bbc616-f4a4-4133-9bc2-35a82c99829d	16	78338543	78350868	16	-1.7692
a8bbc616-f4a4-4133-9bc2-35a82c99829d	16	78351104	88563589	9943	0.2318
a8bbc616-f4a4-4133-9bc2-35a82c99829d	16	88564259	88790927	86	0.4771
a8bbc616-f4a4-4133-9bc2-35a82c99829d	16	88794990	90096867	575	0.1838
a8bbc616-f4a4-4133-9bc2-35a82c99829d	17	150733	36109139	18227	-0.2439
a8bbc616-f4a4-4133-9bc2-35a82c99829d	17	36109315	36200725	37	0.9605
a8bbc616-f4a4-4133-9bc2-35a82c99829d	17	36208249	41258395	2517	-0.2437
a8bbc616-f4a4-4133-9bc2-35a82c99829d	17	41262120	41274279	26	0.7128
a8bbc616-f4a4-4133-9bc2-35a82c99829d	17	41276472	45968608	2405	-0.2453
a8bbc616-f4a4-4133-9bc2-35a82c99829d	17	45969353	45969761	3	1.2913
a8bbc616-f4a4-4133-9bc2-35a82c99829d	17	45970153	46092761	98	-0.166
a8bbc616-f4a4-4133-9bc2-35a82c99829d	17	46099618	46664059	123	-0.6711
a8bbc616-f4a4-4133-9bc2-35a82c99829d	17	46687628	83091923	21536	-0.2567
a8bbc616-f4a4-4133-9bc2-35a82c99829d	18	48133	615394	409	-0.9309
a8bbc616-f4a4-4133-9bc2-35a82c99829d	18	615650	617928	3	-3.1781
a8bbc616-f4a4-4133-9bc2-35a82c99829d	18	618124	1914399	903	-0.958
a8bbc616-f4a4-4133-9bc2-35a82c99829d	18	1916607	49669204	27320	-0.9059
a8bbc616-f4a4-4133-9bc2-35a82c99829d	18	49669510	49669582	2	-3.7686
a8bbc616-f4a4-4133-9bc2-35a82c99829d	18	49670406	56995656	4937	-0.9078
a8bbc616-f4a4-4133-9bc2-35a82c99829d	18	56995974	80257174	16875	-0.9476
a8bbc616-f4a4-4133-9bc2-35a82c99829d	19	90910	24278016	11127	0.462
a8bbc616-f4a4-4133-9bc2-35a82c99829d	19	24278618	24282155	9	-0.3702
a8bbc616-f4a4-4133-9bc2-35a82c99829d	19	24304880	28892380	988	0.4803
a8bbc616-f4a4-4133-9bc2-35a82c99829d	19	28892699	32229951	2553	0.5242
a8bbc616-f4a4-4133-9bc2-35a82c99829d	19	32230833	53013829	11022	0.4772
a8bbc616-f4a4-4133-9bc2-35a82c99829d	19	53015494	53050987	23	1.1892
a8bbc616-f4a4-4133-9bc2-35a82c99829d	19	53051066	55770704	1532	0.4635
a8bbc616-f4a4-4133-9bc2-35a82c99829d	19	55771003	55771701	4	-1.3826
a8bbc616-f4a4-4133-9bc2-35a82c99829d	19	55774927	58586487	1837	0.493
a8bbc616-f4a4-4133-9bc2-35a82c99829d	20	80664	1580156	1200	0.275
a8bbc616-f4a4-4133-9bc2-35a82c99829d	20	1580276	1601561	39	1.7632
a8bbc616-f4a4-4133-9bc2-35a82c99829d	20	1609611	5030165	2514	0.259
a8bbc616-f4a4-4133-9bc2-35a82c99829d	20	5036280	5036285	2	-1.1442
a8bbc616-f4a4-4133-9bc2-35a82c99829d	20	5040498	5531096	343	0.2594
a8bbc616-f4a4-4133-9bc2-35a82c99829d	20	5532409	5532983	2	1.8689
a8bbc616-f4a4-4133-9bc2-35a82c99829d	20	5534275	23022346	13765	0.2576
a8bbc616-f4a4-4133-9bc2-35a82c99829d	20	23024976	23025710	4	-1.0446
a8bbc616-f4a4-4133-9bc2-35a82c99829d	20	23025923	30234698	2137	0.2776
a8bbc616-f4a4-4133-9bc2-35a82c99829d	20	30245164	30293217	7	-0.8058
a8bbc616-f4a4-4133-9bc2-35a82c99829d	20	30295149	37093604	2902	0.2879
a8bbc616-f4a4-4133-9bc2-35a82c99829d	20	37093618	37354035	135	0.4846
a8bbc616-f4a4-4133-9bc2-35a82c99829d	20	37354486	48662063	8058	0.296
a8bbc616-f4a4-4133-9bc2-35a82c99829d	20	48662364	55599668	5055	0.2581
a8bbc616-f4a4-4133-9bc2-35a82c99829d	20	55600164	57539439	1573	0.2997
a8bbc616-f4a4-4133-9bc2-35a82c99829d	20	57540627	57544076	2	1.5595
a8bbc616-f4a4-4133-9bc2-35a82c99829d	20	57544613	60987482	2804	0.2904
a8bbc616-f4a4-4133-9bc2-35a82c99829d	20	60989035	61014393	46	0.741
a8bbc616-f4a4-4133-9bc2-35a82c99829d	20	61014530	64284215	1745	0.2963
a8bbc616-f4a4-4133-9bc2-35a82c99829d	20	64284715	64324800	6	-0.6222
a8bbc616-f4a4-4133-9bc2-35a82c99829d	21	10354168	10548553	41	-0.2517
a8bbc616-f4a4-4133-9bc2-35a82c99829d	21	10548945	31848741	13359	0.1389
a8bbc616-f4a4-4133-9bc2-35a82c99829d	21	31848830	45584775	9776	0.1872
a8bbc616-f4a4-4133-9bc2-35a82c99829d	21	45585680	45586399	2	-1.7944
a8bbc616-f4a4-4133-9bc2-35a82c99829d	21	45587036	46677045	656	0.1765
a8bbc616-f4a4-4133-9bc2-35a82c99829d	22	15294547	28821166	8242	-0.8658
a8bbc616-f4a4-4133-9bc2-35a82c99829d	22	28821870	29205215	266	-2.028
a8bbc616-f4a4-4133-9bc2-35a82c99829d	22	29207807	31603490	1333	-0.8584
a8bbc616-f4a4-4133-9bc2-35a82c99829d	22	31605064	31933100	188	0.0131
a8bbc616-f4a4-4133-9bc2-35a82c99829d	22	31935565	38941495	5093	-0.8907
a8bbc616-f4a4-4133-9bc2-35a82c99829d	22	38942136	38998468	41	-0.5427
a8bbc616-f4a4-4133-9bc2-35a82c99829d	22	38999277	38999502	6	0.7509
a8bbc616-f4a4-4133-9bc2-35a82c99829d	22	39003307	39100407	27	-0.5393
a8bbc616-f4a4-4133-9bc2-35a82c99829d	22	39103599	39193347	45	-0.959
a8bbc616-f4a4-4133-9bc2-35a82c99829d	22	39196176	39337183	72	-0.2483
a8bbc616-f4a4-4133-9bc2-35a82c99829d	22	39350723	50796027	7793	-0.8872
a8bbc616-f4a4-4133-9bc2-35a82c99829d	X	251810	7423623	3565	-0.0035
a8bbc616-f4a4-4133-9bc2-35a82c99829d	X	7424743	7641450	173	-0.7698
a8bbc616-f4a4-4133-9bc2-35a82c99829d	X	7641953	7643017	2	1.951
a8bbc616-f4a4-4133-9bc2-35a82c99829d	X	7643064	7728685	73	-0.6763
a8bbc616-f4a4-4133-9bc2-35a82c99829d	X	7729719	8614189	697	-0.0069
a8bbc616-f4a4-4133-9bc2-35a82c99829d	X	8616748	8617324	3	-2.2308
a8bbc616-f4a4-4133-9bc2-35a82c99829d	X	8619242	75987643	34599	-0.0045
a8bbc616-f4a4-4133-9bc2-35a82c99829d	X	75990521	97458415	11123	-0.0505
a8bbc616-f4a4-4133-9bc2-35a82c99829d	X	97459412	106261421	4570	-0.0084
a8bbc616-f4a4-4133-9bc2-35a82c99829d	X	106279016	106314563	17	1.2608
a8bbc616-f4a4-4133-9bc2-35a82c99829d	X	106316029	138490511	17954	0.0046
a8bbc616-f4a4-4133-9bc2-35a82c99829d	X	138490569	138490686	2	5.2482
a8bbc616-f4a4-4133-9bc2-35a82c99829d	X	138490846	151124426	8306	0.0102
a8bbc616-f4a4-4133-9bc2-35a82c99829d	X	151125462	151126987	2	-3.1208
a8bbc616-f4a4-4133-9bc2-35a82c99829d	X	151128083	155952689	2356	0.019
a8bbc616-f4a4-4133-9bc2-35a82c99829d	Y	2782397	56872112	6640	-0.5452
