GDC_Aliquot	Chromosome	Start	End	Num_Probes	Segment_Mean
2a6bd14e-359d-4edb-b404-d0f85d6a0e1c	1	62920	5042084	2048	-0.0754
2a6bd14e-359d-4edb-b404-d0f85d6a0e1c	1	5051997	10341626	3132	-0.0012
2a6bd14e-359d-4edb-b404-d0f85d6a0e1c	1	10343882	16052921	3207	0.1761
2a6bd14e-359d-4edb-b404-d0f85d6a0e1c	1	16063071	16169275	45	0.5443
2a6bd14e-359d-4edb-b404-d0f85d6a0e1c	1	16169351	21514870	3314	0.2633
2a6bd14e-359d-4edb-b404-d0f85d6a0e1c	1	21516294	21605919	49	0.5126
2a6bd14e-359d-4edb-b404-d0f85d6a0e1c	1	21606599	25256850	2126	0.1702
2a6bd14e-359d-4edb-b404-d0f85d6a0e1c	1	25266637	25301974	18	0.9555
2a6bd14e-359d-4edb-b404-d0f85d6a0e1c	1	25318693	26712799	627	0.1907
2a6bd14e-359d-4edb-b404-d0f85d6a0e1c	1	26714981	44032697	9543	-0.2184
2a6bd14e-359d-4edb-b404-d0f85d6a0e1c	1	44036491	44037237	2	-2.7375
2a6bd14e-359d-4edb-b404-d0f85d6a0e1c	1	44037956	54678427	5706	-0.2149
2a6bd14e-359d-4edb-b404-d0f85d6a0e1c	1	54679597	72297687	12553	0.1793
2a6bd14e-359d-4edb-b404-d0f85d6a0e1c	1	72302735	72345465	48	-1.4575
2a6bd14e-359d-4edb-b404-d0f85d6a0e1c	1	72346221	90961903	12051	0.1761
2a6bd14e-359d-4edb-b404-d0f85d6a0e1c	1	90963478	94104662	1807	0.2689
2a6bd14e-359d-4edb-b404-d0f85d6a0e1c	1	94106714	94107490	2	-1.7002
2a6bd14e-359d-4edb-b404-d0f85d6a0e1c	1	94107963	95689620	1192	0.2808
2a6bd14e-359d-4edb-b404-d0f85d6a0e1c	1	95690160	95690510	2	-1.8643
2a6bd14e-359d-4edb-b404-d0f85d6a0e1c	1	95690660	104637467	5250	0.2638
2a6bd14e-359d-4edb-b404-d0f85d6a0e1c	1	104637751	105476583	442	0.1628
2a6bd14e-359d-4edb-b404-d0f85d6a0e1c	1	105476614	105479753	16	1.4188
2a6bd14e-359d-4edb-b404-d0f85d6a0e1c	1	105481433	121705338	9686	0.1702
2a6bd14e-359d-4edb-b404-d0f85d6a0e1c	1	143459641	143734438	97	-0.6492
2a6bd14e-359d-4edb-b404-d0f85d6a0e1c	1	143748012	143754062	16	0.7347
2a6bd14e-359d-4edb-b404-d0f85d6a0e1c	1	143754077	143942271	15	-0.5333
2a6bd14e-359d-4edb-b404-d0f85d6a0e1c	1	144432083	152790191	2499	0.1786
2a6bd14e-359d-4edb-b404-d0f85d6a0e1c	1	152790286	152795783	19	1.0687
2a6bd14e-359d-4edb-b404-d0f85d6a0e1c	1	152795805	174827418	14638	0.1766
2a6bd14e-359d-4edb-b404-d0f85d6a0e1c	1	174827561	174832734	17	-0.7719
2a6bd14e-359d-4edb-b404-d0f85d6a0e1c	1	174832782	177790014	1922	0.1452
2a6bd14e-359d-4edb-b404-d0f85d6a0e1c	1	177792679	196769851	12585	0.1902
2a6bd14e-359d-4edb-b404-d0f85d6a0e1c	1	196770842	196846661	52	0.5555
2a6bd14e-359d-4edb-b404-d0f85d6a0e1c	1	196847600	204046536	4566	0.1963
2a6bd14e-359d-4edb-b404-d0f85d6a0e1c	1	204049996	228312480	16228	0.1644
2a6bd14e-359d-4edb-b404-d0f85d6a0e1c	1	228320079	228356535	16	-0.4298
2a6bd14e-359d-4edb-b404-d0f85d6a0e1c	1	228356973	237140439	6347	0.1774
2a6bd14e-359d-4edb-b404-d0f85d6a0e1c	1	237140619	244144124	5254	0.1369
2a6bd14e-359d-4edb-b404-d0f85d6a0e1c	1	244144472	248585918	2835	0.1829
2a6bd14e-359d-4edb-b404-d0f85d6a0e1c	1	248586259	248633821	29	-0.704
2a6bd14e-359d-4edb-b404-d0f85d6a0e1c	1	248633912	248930189	142	0.1221
2a6bd14e-359d-4edb-b404-d0f85d6a0e1c	2	12784	34466002	23780	-0.0516
2a6bd14e-359d-4edb-b404-d0f85d6a0e1c	2	34474248	34512489	48	-0.7695
2a6bd14e-359d-4edb-b404-d0f85d6a0e1c	2	34512965	106265177	41955	-0.0368
2a6bd14e-359d-4edb-b404-d0f85d6a0e1c	2	106266773	106268523	6	-2.8397
2a6bd14e-359d-4edb-b404-d0f85d6a0e1c	2	106268557	127099470	12233	-0.0664
2a6bd14e-359d-4edb-b404-d0f85d6a0e1c	2	127100187	127100370	2	-2.3974
2a6bd14e-359d-4edb-b404-d0f85d6a0e1c	2	127101070	128880904	1016	-0.0769
2a6bd14e-359d-4edb-b404-d0f85d6a0e1c	2	128880928	128882755	15	-1.1245
2a6bd14e-359d-4edb-b404-d0f85d6a0e1c	2	128888874	242147305	68704	-0.0552
2a6bd14e-359d-4edb-b404-d0f85d6a0e1c	3	20930	5761916	4962	0.0632
2a6bd14e-359d-4edb-b404-d0f85d6a0e1c	3	5762122	5762940	3	-1.9802
2a6bd14e-359d-4edb-b404-d0f85d6a0e1c	3	5763023	6604856	756	0.0231
2a6bd14e-359d-4edb-b404-d0f85d6a0e1c	3	6609441	6613391	24	-0.7928
2a6bd14e-359d-4edb-b404-d0f85d6a0e1c	3	6613561	24101119	11963	0.0489
2a6bd14e-359d-4edb-b404-d0f85d6a0e1c	3	24101727	24101810	2	-2.377
2a6bd14e-359d-4edb-b404-d0f85d6a0e1c	3	24102006	60110703	22613	0.0565
2a6bd14e-359d-4edb-b404-d0f85d6a0e1c	3	60112417	61204508	1133	-0.1463
2a6bd14e-359d-4edb-b404-d0f85d6a0e1c	3	61204720	75450463	10635	0.0514
2a6bd14e-359d-4edb-b404-d0f85d6a0e1c	3	75451613	75537654	32	0.47
2a6bd14e-359d-4edb-b404-d0f85d6a0e1c	3	75546030	84650533	4930	0.0633
2a6bd14e-359d-4edb-b404-d0f85d6a0e1c	3	84650607	84653010	14	-0.7486
2a6bd14e-359d-4edb-b404-d0f85d6a0e1c	3	84653084	99218940	5921	0.0607
2a6bd14e-359d-4edb-b404-d0f85d6a0e1c	3	99225614	99230464	36	-0.5939
2a6bd14e-359d-4edb-b404-d0f85d6a0e1c	3	99230470	107853673	5058	0.0826
2a6bd14e-359d-4edb-b404-d0f85d6a0e1c	3	107856227	111724156	2326	0.0316
2a6bd14e-359d-4edb-b404-d0f85d6a0e1c	3	111726130	114370806	1638	0.0949
2a6bd14e-359d-4edb-b404-d0f85d6a0e1c	3	114372195	114538451	103	-0.2364
2a6bd14e-359d-4edb-b404-d0f85d6a0e1c	3	114539021	130067531	9400	0.0511
2a6bd14e-359d-4edb-b404-d0f85d6a0e1c	3	130067896	130087393	29	-1.841
2a6bd14e-359d-4edb-b404-d0f85d6a0e1c	3	130088081	146570803	10191	0.0553
2a6bd14e-359d-4edb-b404-d0f85d6a0e1c	3	146571016	146571663	3	-1.7187
2a6bd14e-359d-4edb-b404-d0f85d6a0e1c	3	146572004	162795304	9871	0.0767
2a6bd14e-359d-4edb-b404-d0f85d6a0e1c	3	162795361	162813082	12	-0.4307
2a6bd14e-359d-4edb-b404-d0f85d6a0e1c	3	162815162	162828441	9	-1.5842
2a6bd14e-359d-4edb-b404-d0f85d6a0e1c	3	162829721	162908207	46	-0.3804
2a6bd14e-359d-4edb-b404-d0f85d6a0e1c	3	162908784	193160256	18969	0.0674
2a6bd14e-359d-4edb-b404-d0f85d6a0e1c	3	193160406	193165114	17	-1.089
2a6bd14e-359d-4edb-b404-d0f85d6a0e1c	3	193168646	198169247	2669	0.0617
2a6bd14e-359d-4edb-b404-d0f85d6a0e1c	4	68929	10208766	5629	-0.0426
2a6bd14e-359d-4edb-b404-d0f85d6a0e1c	4	10221792	10232642	30	-2.2129
2a6bd14e-359d-4edb-b404-d0f85d6a0e1c	4	10232984	14467293	3421	-0.0391
2a6bd14e-359d-4edb-b404-d0f85d6a0e1c	4	14468479	14471052	5	-1.3099
2a6bd14e-359d-4edb-b404-d0f85d6a0e1c	4	14471463	34777418	13356	-0.0286
2a6bd14e-359d-4edb-b404-d0f85d6a0e1c	4	34777432	34823103	39	0.8614
2a6bd14e-359d-4edb-b404-d0f85d6a0e1c	4	34828250	68354665	19198	-0.0082
2a6bd14e-359d-4edb-b404-d0f85d6a0e1c	4	68361130	68395346	6	1.6705
2a6bd14e-359d-4edb-b404-d0f85d6a0e1c	4	68416487	68472846	13	-0.3452
2a6bd14e-359d-4edb-b404-d0f85d6a0e1c	4	68478894	68620122	67	0.6819
2a6bd14e-359d-4edb-b404-d0f85d6a0e1c	4	68620261	90762560	13541	-0.0021
2a6bd14e-359d-4edb-b404-d0f85d6a0e1c	4	90770162	90800789	29	-0.3132
2a6bd14e-359d-4edb-b404-d0f85d6a0e1c	4	90803033	91002994	132	-0.5853
2a6bd14e-359d-4edb-b404-d0f85d6a0e1c	4	91003033	91231845	153	-0.3151
2a6bd14e-359d-4edb-b404-d0f85d6a0e1c	4	91238267	129141596	22178	-0.0058
2a6bd14e-359d-4edb-b404-d0f85d6a0e1c	4	129146391	129147005	2	-2.3166
2a6bd14e-359d-4edb-b404-d0f85d6a0e1c	4	129151408	172066777	26018	-0.008
2a6bd14e-359d-4edb-b404-d0f85d6a0e1c	4	172067997	172074828	13	1.1312
2a6bd14e-359d-4edb-b404-d0f85d6a0e1c	4	172075742	179325621	4414	0.022
2a6bd14e-359d-4edb-b404-d0f85d6a0e1c	4	179326424	188821970	6805	-0.0427
2a6bd14e-359d-4edb-b404-d0f85d6a0e1c	4	188822647	190106768	701	0.024
2a6bd14e-359d-4edb-b404-d0f85d6a0e1c	5	15532	6488098	5064	0.0213
2a6bd14e-359d-4edb-b404-d0f85d6a0e1c	5	6488849	21449110	10472	0.0654
2a6bd14e-359d-4edb-b404-d0f85d6a0e1c	5	21449167	21452329	6	1.4966
2a6bd14e-359d-4edb-b404-d0f85d6a0e1c	5	21452387	46270906	14809	0.0809
2a6bd14e-359d-4edb-b404-d0f85d6a0e1c	5	46271006	46273400	7	-1.8311
2a6bd14e-359d-4edb-b404-d0f85d6a0e1c	5	46278110	53399527	1930	0.0991
2a6bd14e-359d-4edb-b404-d0f85d6a0e1c	5	53400140	53401297	2	-1.9175
2a6bd14e-359d-4edb-b404-d0f85d6a0e1c	5	53402557	58033288	3094	0.0688
2a6bd14e-359d-4edb-b404-d0f85d6a0e1c	5	58033703	58044246	30	-0.4005
2a6bd14e-359d-4edb-b404-d0f85d6a0e1c	5	58045187	86815939	16745	0.0834
2a6bd14e-359d-4edb-b404-d0f85d6a0e1c	5	86819561	86823329	3	-2.572
2a6bd14e-359d-4edb-b404-d0f85d6a0e1c	5	86825812	181363319	59448	0.0747
2a6bd14e-359d-4edb-b404-d0f85d6a0e1c	6	149661	3589330	2776	0.2735
2a6bd14e-359d-4edb-b404-d0f85d6a0e1c	6	3589548	7836265	3541	-0.1228
2a6bd14e-359d-4edb-b404-d0f85d6a0e1c	6	7840022	7840072	2	-2.0375
2a6bd14e-359d-4edb-b404-d0f85d6a0e1c	6	7840568	17441828	7089	-0.1062
2a6bd14e-359d-4edb-b404-d0f85d6a0e1c	6	17442095	17529176	70	-0.5803
2a6bd14e-359d-4edb-b404-d0f85d6a0e1c	6	17529220	19039888	1122	-0.1032
2a6bd14e-359d-4edb-b404-d0f85d6a0e1c	6	19041950	19042587	3	-3.7871
2a6bd14e-359d-4edb-b404-d0f85d6a0e1c	6	19044471	23354448	3101	-0.121
2a6bd14e-359d-4edb-b404-d0f85d6a0e1c	6	23365592	27656702	2647	-0.0071
2a6bd14e-359d-4edb-b404-d0f85d6a0e1c	6	27660181	29875657	1060	-0.0781
2a6bd14e-359d-4edb-b404-d0f85d6a0e1c	6	29876257	29903859	12	-0.9382
2a6bd14e-359d-4edb-b404-d0f85d6a0e1c	6	29906865	32502142	1152	0.0577
2a6bd14e-359d-4edb-b404-d0f85d6a0e1c	6	32502190	32634492	46	-0.3242
2a6bd14e-359d-4edb-b404-d0f85d6a0e1c	6	32636595	38976334	3843	0.1094
2a6bd14e-359d-4edb-b404-d0f85d6a0e1c	6	38976420	46038606	4555	-0.1157
2a6bd14e-359d-4edb-b404-d0f85d6a0e1c	6	46041395	52548035	4036	-0.219
2a6bd14e-359d-4edb-b404-d0f85d6a0e1c	6	52553330	54066269	1116	-0.0778
2a6bd14e-359d-4edb-b404-d0f85d6a0e1c	6	54066286	54067057	8	-1.2621
2a6bd14e-359d-4edb-b404-d0f85d6a0e1c	6	54070550	60351931	2196	-0.099
2a6bd14e-359d-4edb-b404-d0f85d6a0e1c	6	60352984	71023299	6200	-0.2972
2a6bd14e-359d-4edb-b404-d0f85d6a0e1c	6	71023420	71032151	6	-2.1241
2a6bd14e-359d-4edb-b404-d0f85d6a0e1c	6	71032415	73882142	1857	-0.3255
2a6bd14e-359d-4edb-b404-d0f85d6a0e1c	6	73882509	73887625	9	-1.2057
2a6bd14e-359d-4edb-b404-d0f85d6a0e1c	6	73891694	76730151	1753	-0.305
2a6bd14e-359d-4edb-b404-d0f85d6a0e1c	6	76730331	76742956	18	0.5731
2a6bd14e-359d-4edb-b404-d0f85d6a0e1c	6	76742972	78259348	971	-0.3157
2a6bd14e-359d-4edb-b404-d0f85d6a0e1c	6	78259388	78332002	112	0.1925
2a6bd14e-359d-4edb-b404-d0f85d6a0e1c	6	78332056	100948969	13897	-0.318
2a6bd14e-359d-4edb-b404-d0f85d6a0e1c	6	100950313	101629694	414	-0.592
2a6bd14e-359d-4edb-b404-d0f85d6a0e1c	6	101630479	167102607	42380	-0.3288
2a6bd14e-359d-4edb-b404-d0f85d6a0e1c	6	167102693	167102970	3	-2.5506
2a6bd14e-359d-4edb-b404-d0f85d6a0e1c	6	167105957	170741917	2133	-0.392
2a6bd14e-359d-4edb-b404-d0f85d6a0e1c	7	43355	6924393	3418	-0.1045
2a6bd14e-359d-4edb-b404-d0f85d6a0e1c	7	6924888	23992851	13509	-0.041
2a6bd14e-359d-4edb-b404-d0f85d6a0e1c	7	23994297	38289029	10165	-0.0811
2a6bd14e-359d-4edb-b404-d0f85d6a0e1c	7	38289122	38312418	52	0.2922
2a6bd14e-359d-4edb-b404-d0f85d6a0e1c	7	38312544	53000167	9951	-0.0968
2a6bd14e-359d-4edb-b404-d0f85d6a0e1c	7	53003057	53003082	2	-2.2444
2a6bd14e-359d-4edb-b404-d0f85d6a0e1c	7	53006706	54305455	947	-0.0726
2a6bd14e-359d-4edb-b404-d0f85d6a0e1c	7	54318812	54318824	6	-1.7608
2a6bd14e-359d-4edb-b404-d0f85d6a0e1c	7	54325795	76417007	8157	-0.0836
2a6bd14e-359d-4edb-b404-d0f85d6a0e1c	7	76420672	77091265	187	0.0241
2a6bd14e-359d-4edb-b404-d0f85d6a0e1c	7	77093078	77106361	3	1.5367
2a6bd14e-359d-4edb-b404-d0f85d6a0e1c	7	77109303	88478507	7311	0.0457
2a6bd14e-359d-4edb-b404-d0f85d6a0e1c	7	88479249	90216589	1153	0.1425
2a6bd14e-359d-4edb-b404-d0f85d6a0e1c	7	90217022	97756621	4767	0.0279
2a6bd14e-359d-4edb-b404-d0f85d6a0e1c	7	97756658	97773163	17	-0.5253
2a6bd14e-359d-4edb-b404-d0f85d6a0e1c	7	97774928	109797623	6549	0.0407
2a6bd14e-359d-4edb-b404-d0f85d6a0e1c	7	109797700	109797717	3	0.8539
2a6bd14e-359d-4edb-b404-d0f85d6a0e1c	7	109800860	109813656	14	0.2561
2a6bd14e-359d-4edb-b404-d0f85d6a0e1c	7	109813705	109814214	8	0.8376
2a6bd14e-359d-4edb-b404-d0f85d6a0e1c	7	109818333	126405428	9942	0.0314
2a6bd14e-359d-4edb-b404-d0f85d6a0e1c	7	126405502	126406561	11	-1.1105
2a6bd14e-359d-4edb-b404-d0f85d6a0e1c	7	126406822	135811922	5875	0.0263
2a6bd14e-359d-4edb-b404-d0f85d6a0e1c	7	135812476	135812579	2	-2.8836
2a6bd14e-359d-4edb-b404-d0f85d6a0e1c	7	135812653	142069843	3943	0.0234
2a6bd14e-359d-4edb-b404-d0f85d6a0e1c	7	142069880	142099360	35	-0.5626
2a6bd14e-359d-4edb-b404-d0f85d6a0e1c	7	142105742	145511172	1928	0.0307
2a6bd14e-359d-4edb-b404-d0f85d6a0e1c	7	145513901	145523475	10	-0.9781
2a6bd14e-359d-4edb-b404-d0f85d6a0e1c	7	145529009	151003934	3357	0.0197
2a6bd14e-359d-4edb-b404-d0f85d6a0e1c	7	151005503	151011001	3	-2.7531
2a6bd14e-359d-4edb-b404-d0f85d6a0e1c	7	151013304	153031811	1057	0.0392
2a6bd14e-359d-4edb-b404-d0f85d6a0e1c	7	153033778	159324925	4390	-0.1055
2a6bd14e-359d-4edb-b404-d0f85d6a0e1c	7	159324952	159334314	13	-1.2404
2a6bd14e-359d-4edb-b404-d0f85d6a0e1c	8	81254	5736745	5926	0.0103
2a6bd14e-359d-4edb-b404-d0f85d6a0e1c	8	5741204	5746973	27	-1.2085
2a6bd14e-359d-4edb-b404-d0f85d6a0e1c	8	5749566	7357288	1684	0.0404
2a6bd14e-359d-4edb-b404-d0f85d6a0e1c	8	7357323	7396819	18	0.6816
2a6bd14e-359d-4edb-b404-d0f85d6a0e1c	8	7397588	8214781	47	0.2081
2a6bd14e-359d-4edb-b404-d0f85d6a0e1c	8	8234503	8288489	59	0.6407
2a6bd14e-359d-4edb-b404-d0f85d6a0e1c	8	8290477	111279265	64011	0.0441
2a6bd14e-359d-4edb-b404-d0f85d6a0e1c	8	111282050	111283031	10	-1.3173
2a6bd14e-359d-4edb-b404-d0f85d6a0e1c	8	111288052	132725556	14326	0.0462
2a6bd14e-359d-4edb-b404-d0f85d6a0e1c	8	132725836	139789850	5851	0.0116
2a6bd14e-359d-4edb-b404-d0f85d6a0e1c	8	139792792	141310438	912	0.0563
2a6bd14e-359d-4edb-b404-d0f85d6a0e1c	8	141311437	142288817	572	-0.0924
2a6bd14e-359d-4edb-b404-d0f85d6a0e1c	8	142295441	144198748	650	0.0467
2a6bd14e-359d-4edb-b404-d0f85d6a0e1c	8	144200300	144632933	135	-0.1337
2a6bd14e-359d-4edb-b404-d0f85d6a0e1c	8	144639816	145072769	213	0.0886
2a6bd14e-359d-4edb-b404-d0f85d6a0e1c	9	46587	66908666	31136	-0.0002
2a6bd14e-359d-4edb-b404-d0f85d6a0e1c	9	66996941	135972242	46513	-0.2229
2a6bd14e-359d-4edb-b404-d0f85d6a0e1c	9	135973766	137358495	366	-0.0004
2a6bd14e-359d-4edb-b404-d0f85d6a0e1c	9	137361190	137361266	2	1.8987
2a6bd14e-359d-4edb-b404-d0f85d6a0e1c	9	137361381	138075140	314	0.0022
2a6bd14e-359d-4edb-b404-d0f85d6a0e1c	9	138075257	138106070	29	-0.3598
2a6bd14e-359d-4edb-b404-d0f85d6a0e1c	9	138106197	138200944	63	-0.0058
2a6bd14e-359d-4edb-b404-d0f85d6a0e1c	10	45792	2925404	2307	0.1239
2a6bd14e-359d-4edb-b404-d0f85d6a0e1c	10	2925468	104744167	66628	0.1644
2a6bd14e-359d-4edb-b404-d0f85d6a0e1c	10	104744633	113444969	6235	0.138
2a6bd14e-359d-4edb-b404-d0f85d6a0e1c	10	113448998	113457106	8	-0.9904
2a6bd14e-359d-4edb-b404-d0f85d6a0e1c	10	113459555	133654968	14549	0.1309
2a6bd14e-359d-4edb-b404-d0f85d6a0e1c	11	198510	3465494	1278	0.2423
2a6bd14e-359d-4edb-b404-d0f85d6a0e1c	11	3467200	3467311	2	-3.9344
2a6bd14e-359d-4edb-b404-d0f85d6a0e1c	11	3485296	4946166	1110	0.2609
2a6bd14e-359d-4edb-b404-d0f85d6a0e1c	11	4946420	4954445	28	-1.5295
2a6bd14e-359d-4edb-b404-d0f85d6a0e1c	11	4954475	55608547	31694	0.2388
2a6bd14e-359d-4edb-b404-d0f85d6a0e1c	11	55608760	55674842	43	0.7622
2a6bd14e-359d-4edb-b404-d0f85d6a0e1c	11	55676735	69885212	7290	0.2535
2a6bd14e-359d-4edb-b404-d0f85d6a0e1c	11	69954050	74313212	2181	0.457
2a6bd14e-359d-4edb-b404-d0f85d6a0e1c	11	74314244	74315183	2	-1.8575
2a6bd14e-359d-4edb-b404-d0f85d6a0e1c	11	74318485	79654333	3255	0.4617
2a6bd14e-359d-4edb-b404-d0f85d6a0e1c	11	79654376	79654506	2	-3.0835
2a6bd14e-359d-4edb-b404-d0f85d6a0e1c	11	79654979	86594619	4875	0.4418
2a6bd14e-359d-4edb-b404-d0f85d6a0e1c	11	86594771	86595012	5	-1.4602
2a6bd14e-359d-4edb-b404-d0f85d6a0e1c	11	86604132	92089777	3490	0.4596
2a6bd14e-359d-4edb-b404-d0f85d6a0e1c	11	92090484	92090489	6	-1.3213
2a6bd14e-359d-4edb-b404-d0f85d6a0e1c	11	92090831	107910653	11350	0.4664
2a6bd14e-359d-4edb-b404-d0f85d6a0e1c	11	107913781	107916987	3	-2.3601
2a6bd14e-359d-4edb-b404-d0f85d6a0e1c	11	107919044	118037613	6778	0.4528
2a6bd14e-359d-4edb-b404-d0f85d6a0e1c	11	118038381	118039084	3	-1.1047
2a6bd14e-359d-4edb-b404-d0f85d6a0e1c	11	118039280	120201471	1464	0.4541
2a6bd14e-359d-4edb-b404-d0f85d6a0e1c	11	120204576	120205170	3	-0.7897
2a6bd14e-359d-4edb-b404-d0f85d6a0e1c	11	120205408	124901635	3397	0.4647
2a6bd14e-359d-4edb-b404-d0f85d6a0e1c	11	124906091	124907522	3	-1.6933
2a6bd14e-359d-4edb-b404-d0f85d6a0e1c	11	124918772	131168093	4629	0.4544
2a6bd14e-359d-4edb-b404-d0f85d6a0e1c	11	131169787	131170695	4	-1
2a6bd14e-359d-4edb-b404-d0f85d6a0e1c	11	131170905	134488702	2582	0.4065
2a6bd14e-359d-4edb-b404-d0f85d6a0e1c	11	134489178	135074876	474	0.3336
2a6bd14e-359d-4edb-b404-d0f85d6a0e1c	12	51460	133201603	83814	-0.1041
2a6bd14e-359d-4edb-b404-d0f85d6a0e1c	13	18452809	23058721	2825	-0.1134
2a6bd14e-359d-4edb-b404-d0f85d6a0e1c	13	23058737	23059376	10	-2.302
2a6bd14e-359d-4edb-b404-d0f85d6a0e1c	13	23064056	31957934	6592	-0.1191
2a6bd14e-359d-4edb-b404-d0f85d6a0e1c	13	31957984	31964286	19	-0.7984
2a6bd14e-359d-4edb-b404-d0f85d6a0e1c	13	31965910	37501767	3835	-0.1145
2a6bd14e-359d-4edb-b404-d0f85d6a0e1c	13	37501828	37514193	14	-1.0423
2a6bd14e-359d-4edb-b404-d0f85d6a0e1c	13	37514237	59292445	13621	-0.1022
2a6bd14e-359d-4edb-b404-d0f85d6a0e1c	13	59298379	59299730	2	-3.4757
2a6bd14e-359d-4edb-b404-d0f85d6a0e1c	13	59301849	66457346	4186	-0.1036
2a6bd14e-359d-4edb-b404-d0f85d6a0e1c	13	66457366	66459648	2	-3.0778
2a6bd14e-359d-4edb-b404-d0f85d6a0e1c	13	66459684	72741128	4112	-0.0998
2a6bd14e-359d-4edb-b404-d0f85d6a0e1c	13	72741741	73078166	167	-0.376
2a6bd14e-359d-4edb-b404-d0f85d6a0e1c	13	73078638	109105933	24524	-0.1061
2a6bd14e-359d-4edb-b404-d0f85d6a0e1c	13	109106030	109106730	2	-2.499
2a6bd14e-359d-4edb-b404-d0f85d6a0e1c	13	109107767	114342922	3325	-0.162
2a6bd14e-359d-4edb-b404-d0f85d6a0e1c	14	18239283	21835401	1400	-0.0937
2a6bd14e-359d-4edb-b404-d0f85d6a0e1c	14	21840190	22414944	505	0.0918
2a6bd14e-359d-4edb-b404-d0f85d6a0e1c	14	22420786	57673323	21992	-0.0981
2a6bd14e-359d-4edb-b404-d0f85d6a0e1c	14	57673856	57675265	4	-2.3959
2a6bd14e-359d-4edb-b404-d0f85d6a0e1c	14	57675344	106877229	30795	-0.1174
2a6bd14e-359d-4edb-b404-d0f85d6a0e1c	15	19811075	21999319	178	0.0747
2a6bd14e-359d-4edb-b404-d0f85d6a0e1c	15	22003073	26340466	2371	-0.1409
2a6bd14e-359d-4edb-b404-d0f85d6a0e1c	15	26340898	26341930	3	-2.1851
2a6bd14e-359d-4edb-b404-d0f85d6a0e1c	15	26344132	41602377	9454	-0.1171
2a6bd14e-359d-4edb-b404-d0f85d6a0e1c	15	41603804	42064570	273	-0.5938
2a6bd14e-359d-4edb-b404-d0f85d6a0e1c	15	42064731	101928837	38618	-0.1155
2a6bd14e-359d-4edb-b404-d0f85d6a0e1c	16	10777	46444015	20219	-0.1365
2a6bd14e-359d-4edb-b404-d0f85d6a0e1c	16	46463450	55762682	6415	0.4798
2a6bd14e-359d-4edb-b404-d0f85d6a0e1c	16	55764310	55764867	3	4.2196
2a6bd14e-359d-4edb-b404-d0f85d6a0e1c	16	55770436	55788532	15	1.1362
2a6bd14e-359d-4edb-b404-d0f85d6a0e1c	16	55808442	60794578	3099	0.5069
2a6bd14e-359d-4edb-b404-d0f85d6a0e1c	16	60796718	63302042	1584	0.4466
2a6bd14e-359d-4edb-b404-d0f85d6a0e1c	16	63302691	78081777	9248	0.5082
2a6bd14e-359d-4edb-b404-d0f85d6a0e1c	16	78083054	78337711	226	0.3567
2a6bd14e-359d-4edb-b404-d0f85d6a0e1c	16	78338543	78350868	17	-1.8563
2a6bd14e-359d-4edb-b404-d0f85d6a0e1c	16	78351104	78539946	295	0.4293
2a6bd14e-359d-4edb-b404-d0f85d6a0e1c	16	78540066	78565306	33	0.2035
2a6bd14e-359d-4edb-b404-d0f85d6a0e1c	16	78565782	78573452	3	0.7373
2a6bd14e-359d-4edb-b404-d0f85d6a0e1c	16	78575675	78632114	47	-0.047
2a6bd14e-359d-4edb-b404-d0f85d6a0e1c	16	78632255	78945850	408	0.4264
2a6bd14e-359d-4edb-b404-d0f85d6a0e1c	16	78945924	79055972	198	-0.1942
2a6bd14e-359d-4edb-b404-d0f85d6a0e1c	16	79059420	90096867	9518	0.2765
2a6bd14e-359d-4edb-b404-d0f85d6a0e1c	17	150733	41266762	20567	-0.1157
2a6bd14e-359d-4edb-b404-d0f85d6a0e1c	17	41266774	41273934	21	0.6858
2a6bd14e-359d-4edb-b404-d0f85d6a0e1c	17	41274198	45968608	2385	-0.1058
2a6bd14e-359d-4edb-b404-d0f85d6a0e1c	17	45969353	45978044	11	-0.9291
2a6bd14e-359d-4edb-b404-d0f85d6a0e1c	17	45978511	46127007	112	-0.1354
2a6bd14e-359d-4edb-b404-d0f85d6a0e1c	17	46130778	46323701	95	0.2074
2a6bd14e-359d-4edb-b404-d0f85d6a0e1c	17	46351954	64329647	10258	-0.1036
2a6bd14e-359d-4edb-b404-d0f85d6a0e1c	17	64329739	64329779	2	-2.1227
2a6bd14e-359d-4edb-b404-d0f85d6a0e1c	17	64329884	72783888	5588	-0.1132
2a6bd14e-359d-4edb-b404-d0f85d6a0e1c	17	72785766	72786024	2	-4.3752
2a6bd14e-359d-4edb-b404-d0f85d6a0e1c	17	72787179	73948872	853	-0.1397
2a6bd14e-359d-4edb-b404-d0f85d6a0e1c	17	73949037	74665438	460	-0.2433
2a6bd14e-359d-4edb-b404-d0f85d6a0e1c	17	74666058	78285287	1866	-0.0695
2a6bd14e-359d-4edb-b404-d0f85d6a0e1c	17	78286051	78286887	2	-2.9734
2a6bd14e-359d-4edb-b404-d0f85d6a0e1c	17	78290662	83091923	2294	-0.0707
2a6bd14e-359d-4edb-b404-d0f85d6a0e1c	18	48133	80257174	50091	-0.1145
2a6bd14e-359d-4edb-b404-d0f85d6a0e1c	19	90910	11806016	4587	-0.0859
2a6bd14e-359d-4edb-b404-d0f85d6a0e1c	19	11812246	11846116	23	0.5553
2a6bd14e-359d-4edb-b404-d0f85d6a0e1c	19	11850377	22855145	5602	-0.0796
2a6bd14e-359d-4edb-b404-d0f85d6a0e1c	19	22855533	23876105	602	-0.1521
2a6bd14e-359d-4edb-b404-d0f85d6a0e1c	19	23876348	23877761	2	-2.2024
2a6bd14e-359d-4edb-b404-d0f85d6a0e1c	19	23884154	35383481	5768	-0.1441
2a6bd14e-359d-4edb-b404-d0f85d6a0e1c	19	35383881	42778107	3648	-0.0989
2a6bd14e-359d-4edb-b404-d0f85d6a0e1c	19	42778238	42805160	13	-1.0156
2a6bd14e-359d-4edb-b404-d0f85d6a0e1c	19	42811459	42829592	12	-2.0571
2a6bd14e-359d-4edb-b404-d0f85d6a0e1c	19	42833334	43038679	93	-1.1465
2a6bd14e-359d-4edb-b404-d0f85d6a0e1c	19	43044862	53013829	5137	-0.1093
2a6bd14e-359d-4edb-b404-d0f85d6a0e1c	19	53015494	53044108	21	0.9125
2a6bd14e-359d-4edb-b404-d0f85d6a0e1c	19	53048976	58586487	3350	-0.1148
2a6bd14e-359d-4edb-b404-d0f85d6a0e1c	20	80664	1580934	1192	-0.0582
2a6bd14e-359d-4edb-b404-d0f85d6a0e1c	20	1581021	1613247	40	1.0355
2a6bd14e-359d-4edb-b404-d0f85d6a0e1c	20	1617300	25243957	18121	-0.078
2a6bd14e-359d-4edb-b404-d0f85d6a0e1c	20	25244337	34838409	2198	-0.0189
2a6bd14e-359d-4edb-b404-d0f85d6a0e1c	20	34844720	34847358	3	-1.3724
2a6bd14e-359d-4edb-b404-d0f85d6a0e1c	20	34854447	39674703	2786	-0.0063
2a6bd14e-359d-4edb-b404-d0f85d6a0e1c	20	39674820	39675229	2	-2.1426
2a6bd14e-359d-4edb-b404-d0f85d6a0e1c	20	39675331	56343452	12077	-0.0116
2a6bd14e-359d-4edb-b404-d0f85d6a0e1c	20	56345542	64324800	5487	-0.0683
2a6bd14e-359d-4edb-b404-d0f85d6a0e1c	21	10354168	46677045	23576	-0.1116
2a6bd14e-359d-4edb-b404-d0f85d6a0e1c	22	15294547	15925481	37	-0.1095
2a6bd14e-359d-4edb-b404-d0f85d6a0e1c	22	16392123	16807330	130	0.643
2a6bd14e-359d-4edb-b404-d0f85d6a0e1c	22	16819011	23981995	4185	-0.1524
2a6bd14e-359d-4edb-b404-d0f85d6a0e1c	22	23988078	23989773	2	-2.9973
2a6bd14e-359d-4edb-b404-d0f85d6a0e1c	22	23990431	33777419	7174	-0.1363
2a6bd14e-359d-4edb-b404-d0f85d6a0e1c	22	33778960	33778986	3	-2.5424
2a6bd14e-359d-4edb-b404-d0f85d6a0e1c	22	33778998	34027431	266	-0.2105
2a6bd14e-359d-4edb-b404-d0f85d6a0e1c	22	34028311	48001425	9191	-0.1291
2a6bd14e-359d-4edb-b404-d0f85d6a0e1c	22	48002325	50796027	2062	-0.2015
2a6bd14e-359d-4edb-b404-d0f85d6a0e1c	X	251810	33908677	20841	-0.0105
2a6bd14e-359d-4edb-b404-d0f85d6a0e1c	X	33910988	33911075	2	-3.0699
2a6bd14e-359d-4edb-b404-d0f85d6a0e1c	X	33911105	44906256	6204	-0.0013
2a6bd14e-359d-4edb-b404-d0f85d6a0e1c	X	44908260	45038943	64	-0.3953
2a6bd14e-359d-4edb-b404-d0f85d6a0e1c	X	45043848	66578965	7466	0.0191
2a6bd14e-359d-4edb-b404-d0f85d6a0e1c	X	66579061	66584057	3	-2.6385
2a6bd14e-359d-4edb-b404-d0f85d6a0e1c	X	66585671	96809299	14802	0.0145
2a6bd14e-359d-4edb-b404-d0f85d6a0e1c	X	96809841	96917262	66	-0.3602
2a6bd14e-359d-4edb-b404-d0f85d6a0e1c	X	96920616	112468139	8099	0.0037
2a6bd14e-359d-4edb-b404-d0f85d6a0e1c	X	112474685	112499549	16	-1.2329
2a6bd14e-359d-4edb-b404-d0f85d6a0e1c	X	112508614	155952689	25080	-0.0076
2a6bd14e-359d-4edb-b404-d0f85d6a0e1c	Y	2782397	3442606	211	-2.8628
2a6bd14e-359d-4edb-b404-d0f85d6a0e1c	Y	3460727	6081903	509	-2.5001
2a6bd14e-359d-4edb-b404-d0f85d6a0e1c	Y	6082843	9330531	1503	-3.1475
2a6bd14e-359d-4edb-b404-d0f85d6a0e1c	Y	9332936	9554275	25	-4.9649
2a6bd14e-359d-4edb-b404-d0f85d6a0e1c	Y	9554586	23586854	4194	-3.0143
2a6bd14e-359d-4edb-b404-d0f85d6a0e1c	Y	23784615	56872112	191	-2.6675
