GDC_Aliquot	Chromosome	Start	End	Num_Probes	Segment_Mean
6e58f572-710b-4cd2-b174-7fb7809be4cd	1	62920	817186	32	-0.1177
6e58f572-710b-4cd2-b174-7fb7809be4cd	1	822089	3309649	722	0.1012
6e58f572-710b-4cd2-b174-7fb7809be4cd	1	3310052	16493138	7883	0.0108
6e58f572-710b-4cd2-b174-7fb7809be4cd	1	16494124	16643897	36	-0.3743
6e58f572-710b-4cd2-b174-7fb7809be4cd	1	16643961	25088630	5217	0.0087
6e58f572-710b-4cd2-b174-7fb7809be4cd	1	25089191	25090270	2	1.8265
6e58f572-710b-4cd2-b174-7fb7809be4cd	1	25092208	34637053	5093	0.0074
6e58f572-710b-4cd2-b174-7fb7809be4cd	1	34637069	34638890	19	-0.6148
6e58f572-710b-4cd2-b174-7fb7809be4cd	1	34648667	55660063	11887	0.0056
6e58f572-710b-4cd2-b174-7fb7809be4cd	1	55663431	55663693	2	-1.4854
6e58f572-710b-4cd2-b174-7fb7809be4cd	1	55667795	72284670	11840	0.0034
6e58f572-710b-4cd2-b174-7fb7809be4cd	1	72290430	72332927	41	0.4577
6e58f572-710b-4cd2-b174-7fb7809be4cd	1	72336821	119637754	30381	0.0002
6e58f572-710b-4cd2-b174-7fb7809be4cd	1	119638519	150544880	1688	0.0564
6e58f572-710b-4cd2-b174-7fb7809be4cd	1	150546783	152583291	1128	0.009
6e58f572-710b-4cd2-b174-7fb7809be4cd	1	152583319	152614100	32	0.5393
6e58f572-710b-4cd2-b174-7fb7809be4cd	1	152614118	174827267	14992	0.0043
6e58f572-710b-4cd2-b174-7fb7809be4cd	1	174827418	174832702	16	-0.6803
6e58f572-710b-4cd2-b174-7fb7809be4cd	1	174832716	196740630	14626	0.001
6e58f572-710b-4cd2-b174-7fb7809be4cd	1	196741937	196792690	44	0.3402
6e58f572-710b-4cd2-b174-7fb7809be4cd	1	196798282	209897717	8798	0.0008
6e58f572-710b-4cd2-b174-7fb7809be4cd	1	209908268	209913207	4	1.0472
6e58f572-710b-4cd2-b174-7fb7809be4cd	1	209920149	229675422	13026	-0.0049
6e58f572-710b-4cd2-b174-7fb7809be4cd	1	229681109	229684449	3	-3.2751
6e58f572-710b-4cd2-b174-7fb7809be4cd	1	229684709	248930189	13970	0.0035
6e58f572-710b-4cd2-b174-7fb7809be4cd	2	12784	737505	518	0.0265
6e58f572-710b-4cd2-b174-7fb7809be4cd	2	742100	747161	3	-1.3253
6e58f572-710b-4cd2-b174-7fb7809be4cd	2	751300	4158097	2467	0.0432
6e58f572-710b-4cd2-b174-7fb7809be4cd	2	4166274	4175922	37	-0.6347
6e58f572-710b-4cd2-b174-7fb7809be4cd	2	4175977	34458223	21048	0.0117
6e58f572-710b-4cd2-b174-7fb7809be4cd	2	34460213	34521390	58	0.5698
6e58f572-710b-4cd2-b174-7fb7809be4cd	2	34523818	52527330	12983	0.0155
6e58f572-710b-4cd2-b174-7fb7809be4cd	2	52527342	52527727	5	-1.0828
6e58f572-710b-4cd2-b174-7fb7809be4cd	2	52527743	52554188	27	-0.285
6e58f572-710b-4cd2-b174-7fb7809be4cd	2	52554236	52554404	7	-0.9082
6e58f572-710b-4cd2-b174-7fb7809be4cd	2	52560811	113604438	33201	0.01
6e58f572-710b-4cd2-b174-7fb7809be4cd	2	113604837	113604839	2	-2.4482
6e58f572-710b-4cd2-b174-7fb7809be4cd	2	113623244	146106875	20021	0.0082
6e58f572-710b-4cd2-b174-7fb7809be4cd	2	146106889	146109366	21	0.8804
6e58f572-710b-4cd2-b174-7fb7809be4cd	2	146120238	207490994	36940	0.0052
6e58f572-710b-4cd2-b174-7fb7809be4cd	2	207491028	207494612	12	-1.1572
6e58f572-710b-4cd2-b174-7fb7809be4cd	2	207494752	242147305	22064	0.008
6e58f572-710b-4cd2-b174-7fb7809be4cd	3	20930	20266298	15244	-0.0006
6e58f572-710b-4cd2-b174-7fb7809be4cd	3	20271633	20274591	3	-1.5587
6e58f572-710b-4cd2-b174-7fb7809be4cd	3	20286589	47871213	18393	0.0048
6e58f572-710b-4cd2-b174-7fb7809be4cd	3	47877257	47886252	4	-1.1831
6e58f572-710b-4cd2-b174-7fb7809be4cd	3	47886677	65203560	11637	0.0057
6e58f572-710b-4cd2-b174-7fb7809be4cd	3	65203644	65224624	49	-0.7171
6e58f572-710b-4cd2-b174-7fb7809be4cd	3	65224640	89345459	15064	0.0021
6e58f572-710b-4cd2-b174-7fb7809be4cd	3	89345473	89371338	53	-0.6476
6e58f572-710b-4cd2-b174-7fb7809be4cd	3	89376664	145761336	31729	-0.0004
6e58f572-710b-4cd2-b174-7fb7809be4cd	3	145761448	145761775	2	-2.0861
6e58f572-710b-4cd2-b174-7fb7809be4cd	3	145762978	162404983	10223	-0.0012
6e58f572-710b-4cd2-b174-7fb7809be4cd	3	162405578	162424917	15	-0.9214
6e58f572-710b-4cd2-b174-7fb7809be4cd	3	162426460	162790404	257	0.0481
6e58f572-710b-4cd2-b174-7fb7809be4cd	3	162790480	162813082	16	0.2621
6e58f572-710b-4cd2-b174-7fb7809be4cd	3	162815162	162822702	7	1.2443
6e58f572-710b-4cd2-b174-7fb7809be4cd	3	162827928	162908784	49	0.356
6e58f572-710b-4cd2-b174-7fb7809be4cd	3	162908815	189642965	16649	-0.0002
6e58f572-710b-4cd2-b174-7fb7809be4cd	3	189645889	189646849	11	-0.871
6e58f572-710b-4cd2-b174-7fb7809be4cd	3	189653199	193160173	2491	0.0117
6e58f572-710b-4cd2-b174-7fb7809be4cd	3	193160256	193165114	18	1.8318
6e58f572-710b-4cd2-b174-7fb7809be4cd	3	193168646	195683075	1484	0.0167
6e58f572-710b-4cd2-b174-7fb7809be4cd	3	195685341	195752877	43	0.3751
6e58f572-710b-4cd2-b174-7fb7809be4cd	3	195754940	197025047	587	0.0392
6e58f572-710b-4cd2-b174-7fb7809be4cd	3	197025852	197048504	11	-0.5475
6e58f572-710b-4cd2-b174-7fb7809be4cd	3	197049392	198111467	547	0.0292
6e58f572-710b-4cd2-b174-7fb7809be4cd	3	198111566	198169247	18	-0.6321
6e58f572-710b-4cd2-b174-7fb7809be4cd	4	68929	9455251	5155	0.0135
6e58f572-710b-4cd2-b174-7fb7809be4cd	4	9459504	9463248	3	1.4447
6e58f572-710b-4cd2-b174-7fb7809be4cd	4	9469529	10208766	540	0.0091
6e58f572-710b-4cd2-b174-7fb7809be4cd	4	10221792	10229874	28	2.4923
6e58f572-710b-4cd2-b174-7fb7809be4cd	4	10232590	10233644	7	0.8252
6e58f572-710b-4cd2-b174-7fb7809be4cd	4	10234518	10390730	170	0.0814
6e58f572-710b-4cd2-b174-7fb7809be4cd	4	10391530	10399044	15	-0.5214
6e58f572-710b-4cd2-b174-7fb7809be4cd	4	10401094	34777418	16775	-0.0031
6e58f572-710b-4cd2-b174-7fb7809be4cd	4	34777432	34823103	39	-0.5724
6e58f572-710b-4cd2-b174-7fb7809be4cd	4	34828250	121360818	51528	0.0007
6e58f572-710b-4cd2-b174-7fb7809be4cd	4	121361313	121369976	29	-0.5267
6e58f572-710b-4cd2-b174-7fb7809be4cd	4	121370367	171448195	30245	-0.0037
6e58f572-710b-4cd2-b174-7fb7809be4cd	4	171453733	171456137	7	-1.195
6e58f572-710b-4cd2-b174-7fb7809be4cd	4	171456293	172501371	644	-0.0106
6e58f572-710b-4cd2-b174-7fb7809be4cd	4	172503796	172503878	2	2.2154
6e58f572-710b-4cd2-b174-7fb7809be4cd	4	172504076	188300104	10696	0.0109
6e58f572-710b-4cd2-b174-7fb7809be4cd	4	188300206	188300270	3	-1.7403
6e58f572-710b-4cd2-b174-7fb7809be4cd	4	188300285	190106768	1141	0.0021
6e58f572-710b-4cd2-b174-7fb7809be4cd	5	15532	698256	307	0.0565
6e58f572-710b-4cd2-b174-7fb7809be4cd	5	698357	773453	26	-0.3102
6e58f572-710b-4cd2-b174-7fb7809be4cd	5	779766	980904	72	0.0495
6e58f572-710b-4cd2-b174-7fb7809be4cd	5	986438	1097808	39	0.674
6e58f572-710b-4cd2-b174-7fb7809be4cd	5	1107313	8702128	6487	0.0157
6e58f572-710b-4cd2-b174-7fb7809be4cd	5	8702410	8747030	46	-0.7994
6e58f572-710b-4cd2-b174-7fb7809be4cd	5	8749619	17342373	6275	0.0067
6e58f572-710b-4cd2-b174-7fb7809be4cd	5	17344127	17356130	8	-0.8303
6e58f572-710b-4cd2-b174-7fb7809be4cd	5	17358160	21376735	2390	-0.0077
6e58f572-710b-4cd2-b174-7fb7809be4cd	5	21377730	21377744	2	-2.0583
6e58f572-710b-4cd2-b174-7fb7809be4cd	5	21385957	21449167	44	-0.0587
6e58f572-710b-4cd2-b174-7fb7809be4cd	5	21451091	21452329	5	-2.1656
6e58f572-710b-4cd2-b174-7fb7809be4cd	5	21452387	180947523	96863	0.0039
6e58f572-710b-4cd2-b174-7fb7809be4cd	5	180951710	180987465	14	-2.4375
6e58f572-710b-4cd2-b174-7fb7809be4cd	5	180990207	180991103	5	-1.0913
6e58f572-710b-4cd2-b174-7fb7809be4cd	5	181006225	181363319	170	0.0466
6e58f572-710b-4cd2-b174-7fb7809be4cd	6	149661	771504	526	0.0289
6e58f572-710b-4cd2-b174-7fb7809be4cd	6	771711	776878	4	1.1484
6e58f572-710b-4cd2-b174-7fb7809be4cd	6	779944	29869295	21102	0.0036
6e58f572-710b-4cd2-b174-7fb7809be4cd	6	29869410	29946443	38	0.6567
6e58f572-710b-4cd2-b174-7fb7809be4cd	6	29946838	31313046	638	-0.0057
6e58f572-710b-4cd2-b174-7fb7809be4cd	6	31318499	31328674	11	1.2182
6e58f572-710b-4cd2-b174-7fb7809be4cd	6	31342147	32486746	501	0.0563
6e58f572-710b-4cd2-b174-7fb7809be4cd	6	32488906	32533522	13	1.653
6e58f572-710b-4cd2-b174-7fb7809be4cd	6	32540699	32656814	43	0.4155
6e58f572-710b-4cd2-b174-7fb7809be4cd	6	32657318	40391743	4951	0.0061
6e58f572-710b-4cd2-b174-7fb7809be4cd	6	40396586	40398174	4	-1.0833
6e58f572-710b-4cd2-b174-7fb7809be4cd	6	40399399	54066286	8728	-0.0023
6e58f572-710b-4cd2-b174-7fb7809be4cd	6	54066353	54067057	7	-1.2752
6e58f572-710b-4cd2-b174-7fb7809be4cd	6	54070550	65689589	4921	0.0004
6e58f572-710b-4cd2-b174-7fb7809be4cd	6	65689644	65693959	22	-0.7849
6e58f572-710b-4cd2-b174-7fb7809be4cd	6	65697234	66298369	382	-0.0131
6e58f572-710b-4cd2-b174-7fb7809be4cd	6	66298393	66338736	56	-0.5575
6e58f572-710b-4cd2-b174-7fb7809be4cd	6	66339513	76730151	6776	-0.0035
6e58f572-710b-4cd2-b174-7fb7809be4cd	6	76730331	76733530	10	-0.687
6e58f572-710b-4cd2-b174-7fb7809be4cd	6	76736482	78259388	988	-0.0032
6e58f572-710b-4cd2-b174-7fb7809be4cd	6	78261980	78325457	109	0.4249
6e58f572-710b-4cd2-b174-7fb7809be4cd	6	78325468	132104102	33246	-0.0006
6e58f572-710b-4cd2-b174-7fb7809be4cd	6	132104562	132106655	3	-2.0575
6e58f572-710b-4cd2-b174-7fb7809be4cd	6	132107206	133945130	1315	0.0113
6e58f572-710b-4cd2-b174-7fb7809be4cd	6	133947933	133948494	2	2.1916
6e58f572-710b-4cd2-b174-7fb7809be4cd	6	133950934	134465324	360	-0.0051
6e58f572-710b-4cd2-b174-7fb7809be4cd	6	134465916	134466123	2	-1.4901
6e58f572-710b-4cd2-b174-7fb7809be4cd	6	134466725	167041191	22506	0.0059
6e58f572-710b-4cd2-b174-7fb7809be4cd	6	167041414	169109490	1267	0.0975
6e58f572-710b-4cd2-b174-7fb7809be4cd	6	169109554	170741917	926	0.0298
6e58f572-710b-4cd2-b174-7fb7809be4cd	7	43355	6797437	3417	0.0199
6e58f572-710b-4cd2-b174-7fb7809be4cd	7	6799093	6824452	5	-1.2742
6e58f572-710b-4cd2-b174-7fb7809be4cd	7	6824616	16557026	7898	0.0004
6e58f572-710b-4cd2-b174-7fb7809be4cd	7	16557060	16557815	3	-1.4742
6e58f572-710b-4cd2-b174-7fb7809be4cd	7	16558137	29628975	10099	0.0079
6e58f572-710b-4cd2-b174-7fb7809be4cd	7	29631102	29638658	6	-0.9113
6e58f572-710b-4cd2-b174-7fb7809be4cd	7	29646732	54318812	17024	0.0044
6e58f572-710b-4cd2-b174-7fb7809be4cd	7	54318816	54318824	5	-2.453
6e58f572-710b-4cd2-b174-7fb7809be4cd	7	54325795	109801155	28441	-0.0012
6e58f572-710b-4cd2-b174-7fb7809be4cd	7	109801187	109813853	11	0.8629
6e58f572-710b-4cd2-b174-7fb7809be4cd	7	109813925	144199159	21192	0.002
6e58f572-710b-4cd2-b174-7fb7809be4cd	7	144207186	144295437	9	-0.9895
6e58f572-710b-4cd2-b174-7fb7809be4cd	7	144306653	159334314	9643	0.0117
6e58f572-710b-4cd2-b174-7fb7809be4cd	8	81254	644944	323	0.0617
6e58f572-710b-4cd2-b174-7fb7809be4cd	8	644973	645875	7	0.9897
6e58f572-710b-4cd2-b174-7fb7809be4cd	8	645892	645908	2	4.6822
6e58f572-710b-4cd2-b174-7fb7809be4cd	8	656117	2844412	1706	0.0285
6e58f572-710b-4cd2-b174-7fb7809be4cd	8	2846011	2846377	7	-1.4322
6e58f572-710b-4cd2-b174-7fb7809be4cd	8	2849649	7312952	5680	0.028
6e58f572-710b-4cd2-b174-7fb7809be4cd	8	7329110	7380497	22	-0.6254
6e58f572-710b-4cd2-b174-7fb7809be4cd	8	7396819	8196822	45	0.0894
6e58f572-710b-4cd2-b174-7fb7809be4cd	8	8197738	8234503	4	-1.48
6e58f572-710b-4cd2-b174-7fb7809be4cd	8	8235660	12385031	3241	0.0121
6e58f572-710b-4cd2-b174-7fb7809be4cd	8	12387683	12389977	7	0.9005
6e58f572-710b-4cd2-b174-7fb7809be4cd	8	12418301	14579143	1871	0.0083
6e58f572-710b-4cd2-b174-7fb7809be4cd	8	14583684	14687142	145	-0.8684
6e58f572-710b-4cd2-b174-7fb7809be4cd	8	14692647	25116961	8391	0.0057
6e58f572-710b-4cd2-b174-7fb7809be4cd	8	25117007	25133589	26	0.7907
6e58f572-710b-4cd2-b174-7fb7809be4cd	8	25133612	39373140	9009	0.0043
6e58f572-710b-4cd2-b174-7fb7809be4cd	8	39378084	39529446	59	0.7952
6e58f572-710b-4cd2-b174-7fb7809be4cd	8	39530780	140996777	63088	0.003
6e58f572-710b-4cd2-b174-7fb7809be4cd	8	140996793	142409456	836	0.1005
6e58f572-710b-4cd2-b174-7fb7809be4cd	8	142410112	145072769	949	0.0292
6e58f572-710b-4cd2-b174-7fb7809be4cd	9	46587	23361807	20408	0.0114
6e58f572-710b-4cd2-b174-7fb7809be4cd	9	23363117	23373486	8	-1.9157
6e58f572-710b-4cd2-b174-7fb7809be4cd	9	23378490	39588611	10743	-0.0025
6e58f572-710b-4cd2-b174-7fb7809be4cd	9	39747848	40099921	8	-1.3734
6e58f572-710b-4cd2-b174-7fb7809be4cd	9	40189830	41064686	43	-0.0273
6e58f572-710b-4cd2-b174-7fb7809be4cd	9	41069539	41741096	53	-0.3141
6e58f572-710b-4cd2-b174-7fb7809be4cd	9	41741113	42711956	47	0.2167
6e58f572-710b-4cd2-b174-7fb7809be4cd	9	42715233	42720266	4	1.3453
6e58f572-710b-4cd2-b174-7fb7809be4cd	9	42726239	61405110	43	-0.0218
6e58f572-710b-4cd2-b174-7fb7809be4cd	9	61520021	61629689	28	-1.2041
6e58f572-710b-4cd2-b174-7fb7809be4cd	9	61633080	63556250	36	-0.0522
6e58f572-710b-4cd2-b174-7fb7809be4cd	9	63560014	63620755	15	-0.6063
6e58f572-710b-4cd2-b174-7fb7809be4cd	9	63620856	77155866	6626	0.0032
6e58f572-710b-4cd2-b174-7fb7809be4cd	9	77156751	77162488	25	0.583
6e58f572-710b-4cd2-b174-7fb7809be4cd	9	77171212	135271897	40203	0.0031
6e58f572-710b-4cd2-b174-7fb7809be4cd	9	135272148	135401795	99	0.2295
6e58f572-710b-4cd2-b174-7fb7809be4cd	9	135402232	138137547	1031	0.0102
6e58f572-710b-4cd2-b174-7fb7809be4cd	9	138138491	138200944	12	-0.5482
6e58f572-710b-4cd2-b174-7fb7809be4cd	10	45792	3094525	2520	0.0461
6e58f572-710b-4cd2-b174-7fb7809be4cd	10	3095280	46289812	29057	0.0058
6e58f572-710b-4cd2-b174-7fb7809be4cd	10	46290653	50658896	2163	0.0545
6e58f572-710b-4cd2-b174-7fb7809be4cd	10	50659047	130383003	54786	0.0016
6e58f572-710b-4cd2-b174-7fb7809be4cd	10	130389459	133654968	2065	0.0628
6e58f572-710b-4cd2-b174-7fb7809be4cd	11	198510	5762693	3228	0.005
6e58f572-710b-4cd2-b174-7fb7809be4cd	11	5766175	5788108	34	0.6815
6e58f572-710b-4cd2-b174-7fb7809be4cd	11	5788231	6094875	242	0.0162
6e58f572-710b-4cd2-b174-7fb7809be4cd	11	6095613	6100864	5	-1.5872
6e58f572-710b-4cd2-b174-7fb7809be4cd	11	6101273	18919323	9147	0.0007
6e58f572-710b-4cd2-b174-7fb7809be4cd	11	18927525	18940066	41	0.7796
6e58f572-710b-4cd2-b174-7fb7809be4cd	11	18940191	55609186	21747	0.0024
6e58f572-710b-4cd2-b174-7fb7809be4cd	11	55609201	55674842	35	0.8005
6e58f572-710b-4cd2-b174-7fb7809be4cd	11	55676735	55677818	4	-0.0765
6e58f572-710b-4cd2-b174-7fb7809be4cd	11	55678469	55685533	7	0.9487
6e58f572-710b-4cd2-b174-7fb7809be4cd	11	55686100	132918382	50613	0.0027
6e58f572-710b-4cd2-b174-7fb7809be4cd	11	132919900	133926781	776	0.0544
6e58f572-710b-4cd2-b174-7fb7809be4cd	11	133929375	134031877	78	0.3186
6e58f572-710b-4cd2-b174-7fb7809be4cd	11	134034647	135074876	775	0.0645
6e58f572-710b-4cd2-b174-7fb7809be4cd	12	51460	880529	521	0.1029
6e58f572-710b-4cd2-b174-7fb7809be4cd	12	880798	27941988	18412	0.0044
6e58f572-710b-4cd2-b174-7fb7809be4cd	12	27942560	27950527	12	-0.6489
6e58f572-710b-4cd2-b174-7fb7809be4cd	12	27950842	80446147	30944	-0.001
6e58f572-710b-4cd2-b174-7fb7809be4cd	12	80446276	80456533	2	-3.52
6e58f572-710b-4cd2-b174-7fb7809be4cd	12	80458189	83769408	2078	-0.004
6e58f572-710b-4cd2-b174-7fb7809be4cd	12	83769511	83771462	3	-1.5467
6e58f572-710b-4cd2-b174-7fb7809be4cd	12	83771500	128744341	29734	0.0076
6e58f572-710b-4cd2-b174-7fb7809be4cd	12	128745968	128747752	6	-1.111
6e58f572-710b-4cd2-b174-7fb7809be4cd	12	128748000	130028387	1154	0.0313
6e58f572-710b-4cd2-b174-7fb7809be4cd	12	130034810	130035119	2	1.6047
6e58f572-710b-4cd2-b174-7fb7809be4cd	12	130035265	130530318	448	0.1238
6e58f572-710b-4cd2-b174-7fb7809be4cd	12	130531006	131634088	883	0.0086
6e58f572-710b-4cd2-b174-7fb7809be4cd	12	131635702	131648790	15	0.8172
6e58f572-710b-4cd2-b174-7fb7809be4cd	12	131657925	133201603	559	0.0477
6e58f572-710b-4cd2-b174-7fb7809be4cd	13	18452809	31957984	9555	0.0103
6e58f572-710b-4cd2-b174-7fb7809be4cd	13	31958485	31964286	18	-0.7445
6e58f572-710b-4cd2-b174-7fb7809be4cd	13	31965910	114342922	54494	0.0016
6e58f572-710b-4cd2-b174-7fb7809be4cd	14	18239283	18693043	25	-0.073
6e58f572-710b-4cd2-b174-7fb7809be4cd	14	18950560	19958388	147	0.2335
6e58f572-710b-4cd2-b174-7fb7809be4cd	14	19958545	40139724	12846	0.0043
6e58f572-710b-4cd2-b174-7fb7809be4cd	14	40144718	40147715	2	-2.3567
6e58f572-710b-4cd2-b174-7fb7809be4cd	14	40148961	41141293	722	-0.0074
6e58f572-710b-4cd2-b174-7fb7809be4cd	14	41141487	41188146	14	-0.6305
6e58f572-710b-4cd2-b174-7fb7809be4cd	14	41200899	46687720	3201	0.0045
6e58f572-710b-4cd2-b174-7fb7809be4cd	14	46691286	46691955	3	-1.9316
6e58f572-710b-4cd2-b174-7fb7809be4cd	14	46693176	73534419	17238	-0.0027
6e58f572-710b-4cd2-b174-7fb7809be4cd	14	73540003	73554275	8	-1.8248
6e58f572-710b-4cd2-b174-7fb7809be4cd	14	73563196	106877229	21131	0.0055
6e58f572-710b-4cd2-b174-7fb7809be4cd	15	19811075	20064520	54	-0.0732
6e58f572-710b-4cd2-b174-7fb7809be4cd	15	20187568	22385639	153	0.3129
6e58f572-710b-4cd2-b174-7fb7809be4cd	15	22395047	30215235	4626	0.0156
6e58f572-710b-4cd2-b174-7fb7809be4cd	15	30230885	30300815	13	-0.8455
6e58f572-710b-4cd2-b174-7fb7809be4cd	15	30304026	76599286	29044	0.0045
6e58f572-710b-4cd2-b174-7fb7809be4cd	15	76599400	76603003	12	1.1267
6e58f572-710b-4cd2-b174-7fb7809be4cd	15	76603426	90295736	8701	0.0071
6e58f572-710b-4cd2-b174-7fb7809be4cd	15	90296678	90318382	17	-1.0112
6e58f572-710b-4cd2-b174-7fb7809be4cd	15	90321966	101928837	8891	0.0179
6e58f572-710b-4cd2-b174-7fb7809be4cd	16	10777	22430699	14758	0.0163
6e58f572-710b-4cd2-b174-7fb7809be4cd	16	22546611	22699421	73	-0.3977
6e58f572-710b-4cd2-b174-7fb7809be4cd	16	22701658	55762682	12081	0.0002
6e58f572-710b-4cd2-b174-7fb7809be4cd	16	55764310	55764867	3	2.6265
6e58f572-710b-4cd2-b174-7fb7809be4cd	16	55770436	78337711	14284	0.0003
6e58f572-710b-4cd2-b174-7fb7809be4cd	16	78338543	78350868	16	-2.1387
6e58f572-710b-4cd2-b174-7fb7809be4cd	16	78351104	83851709	6219	0.0211
6e58f572-710b-4cd2-b174-7fb7809be4cd	16	83852315	84869111	902	0.0988
6e58f572-710b-4cd2-b174-7fb7809be4cd	16	84869400	90096867	3483	0.0372
6e58f572-710b-4cd2-b174-7fb7809be4cd	17	150733	8339592	4529	0.0188
6e58f572-710b-4cd2-b174-7fb7809be4cd	17	8344229	8344415	2	-3.3149
6e58f572-710b-4cd2-b174-7fb7809be4cd	17	8346140	16815729	5942	0.0122
6e58f572-710b-4cd2-b174-7fb7809be4cd	17	16819487	16838214	4	1.0712
6e58f572-710b-4cd2-b174-7fb7809be4cd	17	16838470	22316315	2242	0.0079
6e58f572-710b-4cd2-b174-7fb7809be4cd	17	22317288	22323408	7	-0.8186
6e58f572-710b-4cd2-b174-7fb7809be4cd	17	22328684	33692942	3736	0.0064
6e58f572-710b-4cd2-b174-7fb7809be4cd	17	33694552	34691521	916	0.0821
6e58f572-710b-4cd2-b174-7fb7809be4cd	17	34691613	41267005	3420	0.0111
6e58f572-710b-4cd2-b174-7fb7809be4cd	17	41267053	41274198	14	0.5913
6e58f572-710b-4cd2-b174-7fb7809be4cd	17	41274279	46284997	2623	0.0057
6e58f572-710b-4cd2-b174-7fb7809be4cd	17	46286804	46446360	5	1.1522
6e58f572-710b-4cd2-b174-7fb7809be4cd	17	46569894	73817945	16794	0.0081
6e58f572-710b-4cd2-b174-7fb7809be4cd	17	73820787	74540762	446	0.1144
6e58f572-710b-4cd2-b174-7fb7809be4cd	17	74541040	83091923	4310	0.0239
6e58f572-710b-4cd2-b174-7fb7809be4cd	18	48133	8713967	6339	0.0172
6e58f572-710b-4cd2-b174-7fb7809be4cd	18	8714250	71723307	38036	-0.0002
6e58f572-710b-4cd2-b174-7fb7809be4cd	18	71725333	80257174	6317	0.0273
6e58f572-710b-4cd2-b174-7fb7809be4cd	19	90910	51628560	24745	-0.001
6e58f572-710b-4cd2-b174-7fb7809be4cd	19	51639099	51644944	11	-2.5716
6e58f572-710b-4cd2-b174-7fb7809be4cd	19	51651652	53113958	1011	0.0247
6e58f572-710b-4cd2-b174-7fb7809be4cd	19	53116970	53117725	2	-1.3793
6e58f572-710b-4cd2-b174-7fb7809be4cd	19	53117779	58586487	3322	0.0131
6e58f572-710b-4cd2-b174-7fb7809be4cd	20	80664	1601561	1238	0.0228
6e58f572-710b-4cd2-b174-7fb7809be4cd	20	1609611	1613247	5	-1.2999
6e58f572-710b-4cd2-b174-7fb7809be4cd	20	1617300	45719923	27694	0.0038
6e58f572-710b-4cd2-b174-7fb7809be4cd	20	45721734	45749420	24	-0.9546
6e58f572-710b-4cd2-b174-7fb7809be4cd	20	45749455	64324800	13373	0.0093
6e58f572-710b-4cd2-b174-7fb7809be4cd	21	10354168	13028413	96	-0.2536
6e58f572-710b-4cd2-b174-7fb7809be4cd	21	13028693	46677045	23737	0.0009
6e58f572-710b-4cd2-b174-7fb7809be4cd	22	15294547	22398127	3455	0.0392
6e58f572-710b-4cd2-b174-7fb7809be4cd	22	22398345	22398545	4	-1.365
6e58f572-710b-4cd2-b174-7fb7809be4cd	22	22402989	23558260	692	0.0488
6e58f572-710b-4cd2-b174-7fb7809be4cd	22	23559518	23560433	2	-2.3696
6e58f572-710b-4cd2-b174-7fb7809be4cd	22	23563275	23987520	238	-0.0026
6e58f572-710b-4cd2-b174-7fb7809be4cd	22	23988078	23989773	2	-3.481
6e58f572-710b-4cd2-b174-7fb7809be4cd	22	23990431	48848072	17622	0.0055
6e58f572-710b-4cd2-b174-7fb7809be4cd	22	48856139	50750078	1232	0.0832
6e58f572-710b-4cd2-b174-7fb7809be4cd	22	50762104	50796027	8	-0.2944
6e58f572-710b-4cd2-b174-7fb7809be4cd	X	251810	721514	74	-0.1408
6e58f572-710b-4cd2-b174-7fb7809be4cd	X	722123	722126	2	-2.035
6e58f572-710b-4cd2-b174-7fb7809be4cd	X	728811	7044851	3221	0.0101
6e58f572-710b-4cd2-b174-7fb7809be4cd	X	7044924	7045196	2	-6.0621
6e58f572-710b-4cd2-b174-7fb7809be4cd	X	7045406	48001197	25599	0.0099
6e58f572-710b-4cd2-b174-7fb7809be4cd	X	48020763	48119196	73	0.9195
6e58f572-710b-4cd2-b174-7fb7809be4cd	X	48119621	155952689	54447	0.004
6e58f572-710b-4cd2-b174-7fb7809be4cd	Y	2782397	56872112	6639	-0.9062
