GDC_Aliquot	Chromosome	Start	End	Num_Probes	Segment_Mean
2152e9c3-9720-40b8-8652-533ddb5d26fc	1	62920	98602	13	1.0418
2152e9c3-9720-40b8-8652-533ddb5d26fc	1	259407	3339638	757	-0.6803
2152e9c3-9720-40b8-8652-533ddb5d26fc	1	3343113	5838263	1889	-0.4167
2152e9c3-9720-40b8-8652-533ddb5d26fc	1	5838669	5844684	13	-1.189
2152e9c3-9720-40b8-8652-533ddb5d26fc	1	5844941	9266599	1959	-0.4428
2152e9c3-9720-40b8-8652-533ddb5d26fc	1	9267354	9329159	49	-0.8947
2152e9c3-9720-40b8-8652-533ddb5d26fc	1	9329483	10031603	305	-0.4295
2152e9c3-9720-40b8-8652-533ddb5d26fc	1	10036962	10042953	5	-2.9906
2152e9c3-9720-40b8-8652-533ddb5d26fc	1	10046717	16863509	3640	-0.4393
2152e9c3-9720-40b8-8652-533ddb5d26fc	1	16864367	16956580	58	-0.9835
2152e9c3-9720-40b8-8652-533ddb5d26fc	1	16958425	20556030	2488	-0.4336
2152e9c3-9720-40b8-8652-533ddb5d26fc	1	20556451	20557323	6	-2.8563
2152e9c3-9720-40b8-8652-533ddb5d26fc	1	20558448	25256850	2679	-0.4589
2152e9c3-9720-40b8-8652-533ddb5d26fc	1	25266637	25320455	24	-1.9566
2152e9c3-9720-40b8-8652-533ddb5d26fc	1	25336819	39679390	7606	-0.4391
2152e9c3-9720-40b8-8652-533ddb5d26fc	1	39679625	39688076	12	-1.2576
2152e9c3-9720-40b8-8652-533ddb5d26fc	1	39688962	54230674	7997	-0.4559
2152e9c3-9720-40b8-8652-533ddb5d26fc	1	54231070	72302815	12793	-0.5165
2152e9c3-9720-40b8-8652-533ddb5d26fc	1	72303233	72332927	30	-1.3699
2152e9c3-9720-40b8-8652-533ddb5d26fc	1	72336821	112147704	25298	-0.5228
2152e9c3-9720-40b8-8652-533ddb5d26fc	1	112153343	112154768	25	-1.5975
2152e9c3-9720-40b8-8652-533ddb5d26fc	1	112163334	115312381	1954	-0.4836
2152e9c3-9720-40b8-8652-533ddb5d26fc	1	115312526	115318644	5	-2.049
2152e9c3-9720-40b8-8652-533ddb5d26fc	1	115318683	152583051	5548	-0.4907
2152e9c3-9720-40b8-8652-533ddb5d26fc	1	152583230	152614118	35	0.5422
2152e9c3-9720-40b8-8652-533ddb5d26fc	1	152618018	152789479	167	-0.4082
2152e9c3-9720-40b8-8652-533ddb5d26fc	1	152789532	152796094	33	0.3014
2152e9c3-9720-40b8-8652-533ddb5d26fc	1	152796224	152867032	48	-0.4497
2152e9c3-9720-40b8-8652-533ddb5d26fc	1	152871451	152872109	2	-2.5128
2152e9c3-9720-40b8-8652-533ddb5d26fc	1	152874049	161649069	5152	-0.4585
2152e9c3-9720-40b8-8652-533ddb5d26fc	1	161649136	169247699	5930	-0.499
2152e9c3-9720-40b8-8652-533ddb5d26fc	1	169264736	169272528	6	-1.8896
2152e9c3-9720-40b8-8652-533ddb5d26fc	1	169273163	196741937	17957	-0.5198
2152e9c3-9720-40b8-8652-533ddb5d26fc	1	196742057	196874705	86	-0.1308
2152e9c3-9720-40b8-8652-533ddb5d26fc	1	196874718	198946694	1209	-0.5226
2152e9c3-9720-40b8-8652-533ddb5d26fc	1	198947243	198949562	2	-2.7692
2152e9c3-9720-40b8-8652-533ddb5d26fc	1	198950266	200443345	1041	-0.5285
2152e9c3-9720-40b8-8652-533ddb5d26fc	1	200444144	206491063	3793	-0.4538
2152e9c3-9720-40b8-8652-533ddb5d26fc	1	206491719	242960635	25538	-0.5179
2152e9c3-9720-40b8-8652-533ddb5d26fc	1	242966050	243105104	23	0.2104
2152e9c3-9720-40b8-8652-533ddb5d26fc	1	243105657	247027642	2603	-0.5039
2152e9c3-9720-40b8-8652-533ddb5d26fc	1	247029292	248930189	1079	-0.4493
2152e9c3-9720-40b8-8652-533ddb5d26fc	2	12784	34439683	23850	-0.1088
2152e9c3-9720-40b8-8652-533ddb5d26fc	2	34450400	34511446	50	0.4077
2152e9c3-9720-40b8-8652-533ddb5d26fc	2	34511990	52527330	12857	-0.1093
2152e9c3-9720-40b8-8652-533ddb5d26fc	2	52527342	52554404	39	-2.4691
2152e9c3-9720-40b8-8652-533ddb5d26fc	2	52560811	128880904	42423	-0.1165
2152e9c3-9720-40b8-8652-533ddb5d26fc	2	128880928	128882723	13	-2.11
2152e9c3-9720-40b8-8652-533ddb5d26fc	2	128882741	129026586	111	-0.2242
2152e9c3-9720-40b8-8652-533ddb5d26fc	2	129027150	132002227	1398	-0.0859
2152e9c3-9720-40b8-8652-533ddb5d26fc	2	132002751	132101513	21	0.4198
2152e9c3-9720-40b8-8652-533ddb5d26fc	2	132105177	138311046	4039	-0.1172
2152e9c3-9720-40b8-8652-533ddb5d26fc	2	138312265	139024380	410	-0.1472
2152e9c3-9720-40b8-8652-533ddb5d26fc	2	139027097	139028367	2	-1.8152
2152e9c3-9720-40b8-8652-533ddb5d26fc	2	139032737	146106875	4345	-0.1606
2152e9c3-9720-40b8-8652-533ddb5d26fc	2	146106889	146121331	30	0.4962
2152e9c3-9720-40b8-8652-533ddb5d26fc	2	146121420	159102108	7705	-0.1575
2152e9c3-9720-40b8-8652-533ddb5d26fc	2	159103831	159104461	2	-2.5766
2152e9c3-9720-40b8-8652-533ddb5d26fc	2	159106775	212316597	31897	-0.1452
2152e9c3-9720-40b8-8652-533ddb5d26fc	2	212321824	212327101	25	-2.8765
2152e9c3-9720-40b8-8652-533ddb5d26fc	2	212327402	215966375	2324	-0.1581
2152e9c3-9720-40b8-8652-533ddb5d26fc	2	215969957	219550356	2199	-0.0815
2152e9c3-9720-40b8-8652-533ddb5d26fc	2	219556695	232444356	8220	-0.1514
2152e9c3-9720-40b8-8652-533ddb5d26fc	2	232447215	241555977	5928	-0.0857
2152e9c3-9720-40b8-8652-533ddb5d26fc	2	241556910	242147305	178	-0.2129
2152e9c3-9720-40b8-8652-533ddb5d26fc	3	20930	182919	149	-0.5143
2152e9c3-9720-40b8-8652-533ddb5d26fc	3	188339	191117	4	-3.3621
2152e9c3-9720-40b8-8652-533ddb5d26fc	3	193194	2681540	2112	-0.4306
2152e9c3-9720-40b8-8652-533ddb5d26fc	3	2682331	11631956	7277	-0.5017
2152e9c3-9720-40b8-8652-533ddb5d26fc	3	11632755	11632978	2	-4.0072
2152e9c3-9720-40b8-8652-533ddb5d26fc	3	11635108	16199049	3144	-0.5006
2152e9c3-9720-40b8-8652-533ddb5d26fc	3	16199122	16199672	5	-2.8724
2152e9c3-9720-40b8-8652-533ddb5d26fc	3	16199818	23937812	4911	-0.5258
2152e9c3-9720-40b8-8652-533ddb5d26fc	3	23939938	23940839	3	-2.3712
2152e9c3-9720-40b8-8652-533ddb5d26fc	3	23941849	37935926	9646	-0.5211
2152e9c3-9720-40b8-8652-533ddb5d26fc	3	37940617	37945392	17	-3.8538
2152e9c3-9720-40b8-8652-533ddb5d26fc	3	37945437	46751887	5465	-0.5007
2152e9c3-9720-40b8-8652-533ddb5d26fc	3	46760327	46807689	39	-2.2171
2152e9c3-9720-40b8-8652-533ddb5d26fc	3	46808099	68682877	14392	-0.5171
2152e9c3-9720-40b8-8652-533ddb5d26fc	3	68697013	68698262	15	0.6989
2152e9c3-9720-40b8-8652-533ddb5d26fc	3	68699607	89337951	12489	-0.5415
2152e9c3-9720-40b8-8652-533ddb5d26fc	3	89345442	89368137	47	-1.8743
2152e9c3-9720-40b8-8652-533ddb5d26fc	3	89370214	104825635	6477	-0.5389
2152e9c3-9720-40b8-8652-533ddb5d26fc	3	104825814	104826492	2	-3.1666
2152e9c3-9720-40b8-8652-533ddb5d26fc	3	104826947	116501005	7108	-0.5435
2152e9c3-9720-40b8-8652-533ddb5d26fc	3	116503310	116791836	247	-1.1288
2152e9c3-9720-40b8-8652-533ddb5d26fc	3	116792316	169481798	31806	-0.5254
2152e9c3-9720-40b8-8652-533ddb5d26fc	3	169482685	169494579	5	-2.9354
2152e9c3-9720-40b8-8652-533ddb5d26fc	3	169495216	173944190	2826	-0.5145
2152e9c3-9720-40b8-8652-533ddb5d26fc	3	173944280	175351662	970	-0.623
2152e9c3-9720-40b8-8652-533ddb5d26fc	3	175351767	193156958	11388	-0.525
2152e9c3-9720-40b8-8652-533ddb5d26fc	3	193160113	193165114	20	0.8466
2152e9c3-9720-40b8-8652-533ddb5d26fc	3	193168646	195729040	1495	-0.5175
2152e9c3-9720-40b8-8652-533ddb5d26fc	3	195729053	195747892	14	-1.4132
2152e9c3-9720-40b8-8652-533ddb5d26fc	3	195751823	198169247	1154	-0.5139
2152e9c3-9720-40b8-8652-533ddb5d26fc	4	68929	1060146	354	1.1284
2152e9c3-9720-40b8-8652-533ddb5d26fc	4	1060371	2422515	531	1.391
2152e9c3-9720-40b8-8652-533ddb5d26fc	4	2424915	2477391	23	1.1812
2152e9c3-9720-40b8-8652-533ddb5d26fc	4	2479763	2495436	17	0.3691
2152e9c3-9720-40b8-8652-533ddb5d26fc	4	2500190	3154617	292	0.2275
2152e9c3-9720-40b8-8652-533ddb5d26fc	4	3158061	10227652	4452	0.3149
2152e9c3-9720-40b8-8652-533ddb5d26fc	4	10227668	11471971	1090	0.2367
2152e9c3-9720-40b8-8652-533ddb5d26fc	4	11473000	11611372	124	1.2089
2152e9c3-9720-40b8-8652-533ddb5d26fc	4	11612888	29314452	12371	0.2151
2152e9c3-9720-40b8-8652-533ddb5d26fc	4	29316617	29316627	2	-1.6051
2152e9c3-9720-40b8-8652-533ddb5d26fc	4	29316643	33752505	2693	0.174
2152e9c3-9720-40b8-8652-533ddb5d26fc	4	33753795	34578545	440	1.1758
2152e9c3-9720-40b8-8652-533ddb5d26fc	4	34582139	34777418	126	0.5837
2152e9c3-9720-40b8-8652-533ddb5d26fc	4	34777432	34828306	42	0.906
2152e9c3-9720-40b8-8652-533ddb5d26fc	4	34828327	35403672	376	0.5857
2152e9c3-9720-40b8-8652-533ddb5d26fc	4	35408176	36008312	385	0.3694
2152e9c3-9720-40b8-8652-533ddb5d26fc	4	36009771	36010007	2	1.4279
2152e9c3-9720-40b8-8652-533ddb5d26fc	4	36011231	36077684	52	0.4694
2152e9c3-9720-40b8-8652-533ddb5d26fc	4	36077972	36082667	3	1.0246
2152e9c3-9720-40b8-8652-533ddb5d26fc	4	36082856	37387146	921	0.2363
2152e9c3-9720-40b8-8652-533ddb5d26fc	4	37391707	38360278	753	0.4833
2152e9c3-9720-40b8-8652-533ddb5d26fc	4	38360444	38738537	274	0.6285
2152e9c3-9720-40b8-8652-533ddb5d26fc	4	38738641	41677456	1768	0.4602
2152e9c3-9720-40b8-8652-533ddb5d26fc	4	41677466	42058357	207	0.6221
2152e9c3-9720-40b8-8652-533ddb5d26fc	4	42059775	42396886	211	0.4593
2152e9c3-9720-40b8-8652-533ddb5d26fc	4	42404571	45549887	1940	0.2215
2152e9c3-9720-40b8-8652-533ddb5d26fc	4	45553409	49091769	1998	0.48
2152e9c3-9720-40b8-8652-533ddb5d26fc	4	49112078	49656595	32	-0.3043
2152e9c3-9720-40b8-8652-533ddb5d26fc	4	51819533	63828222	7506	0.4659
2152e9c3-9720-40b8-8652-533ddb5d26fc	4	63831751	63842540	28	-0.4341
2152e9c3-9720-40b8-8652-533ddb5d26fc	4	63850713	68378716	2821	0.4385
2152e9c3-9720-40b8-8652-533ddb5d26fc	4	68389352	68422424	9	-0.6418
2152e9c3-9720-40b8-8652-533ddb5d26fc	4	68429081	68509237	14	0.4731
2152e9c3-9720-40b8-8652-533ddb5d26fc	4	68509442	68623617	63	1.132
2152e9c3-9720-40b8-8652-533ddb5d26fc	4	68639397	86054941	10712	0.4708
2152e9c3-9720-40b8-8652-533ddb5d26fc	4	86055238	86058791	18	-0.6333
2152e9c3-9720-40b8-8652-533ddb5d26fc	4	86058936	114252544	16732	0.4489
2152e9c3-9720-40b8-8652-533ddb5d26fc	4	114254167	114263154	27	-0.0319
2152e9c3-9720-40b8-8652-533ddb5d26fc	4	114263166	115244948	601	0.4183
2152e9c3-9720-40b8-8652-533ddb5d26fc	4	115251455	115254969	22	-0.8615
2152e9c3-9720-40b8-8652-533ddb5d26fc	4	115259026	137154826	12475	0.4345
2152e9c3-9720-40b8-8652-533ddb5d26fc	4	137158876	137212336	49	0.7533
2152e9c3-9720-40b8-8652-533ddb5d26fc	4	137212848	139705971	1712	0.445
2152e9c3-9720-40b8-8652-533ddb5d26fc	4	139709983	139710355	3	-1.315
2152e9c3-9720-40b8-8652-533ddb5d26fc	4	139710793	154881396	8956	0.4619
2152e9c3-9720-40b8-8652-533ddb5d26fc	4	154881853	154881905	2	-2.4425
2152e9c3-9720-40b8-8652-533ddb5d26fc	4	154881926	171448195	10507	0.4427
2152e9c3-9720-40b8-8652-533ddb5d26fc	4	171453733	171456625	12	1.6651
2152e9c3-9720-40b8-8652-533ddb5d26fc	4	171459220	178359269	4168	0.44
2152e9c3-9720-40b8-8652-533ddb5d26fc	4	178359784	178776464	312	0.6204
2152e9c3-9720-40b8-8652-533ddb5d26fc	4	178777205	181227668	1771	0.4528
2152e9c3-9720-40b8-8652-533ddb5d26fc	4	181234669	181442228	197	0.128
2152e9c3-9720-40b8-8652-533ddb5d26fc	4	181446916	181650466	167	0.3832
2152e9c3-9720-40b8-8652-533ddb5d26fc	4	181650949	181769676	135	0.1759
2152e9c3-9720-40b8-8652-533ddb5d26fc	4	181770248	182320363	452	-0.1728
2152e9c3-9720-40b8-8652-533ddb5d26fc	4	182324953	182364858	29	-0.6525
2152e9c3-9720-40b8-8652-533ddb5d26fc	4	182365111	182442098	66	0.1754
2152e9c3-9720-40b8-8652-533ddb5d26fc	4	182446561	182473340	17	0.4993
2152e9c3-9720-40b8-8652-533ddb5d26fc	4	182482527	182536038	51	-0.5141
2152e9c3-9720-40b8-8652-533ddb5d26fc	4	182537817	182614883	46	-1.0749
2152e9c3-9720-40b8-8652-533ddb5d26fc	4	182617802	182625953	13	-0.6107
2152e9c3-9720-40b8-8652-533ddb5d26fc	4	182631147	182745279	97	0.237
2152e9c3-9720-40b8-8652-533ddb5d26fc	4	182745587	190013781	4836	0.5133
2152e9c3-9720-40b8-8652-533ddb5d26fc	4	190030808	190106768	8	0.1512
2152e9c3-9720-40b8-8652-533ddb5d26fc	5	15532	1325688	589	0.9627
2152e9c3-9720-40b8-8652-533ddb5d26fc	5	1340343	7750252	5531	0.4905
2152e9c3-9720-40b8-8652-533ddb5d26fc	5	7752128	8749619	820	1.0282
2152e9c3-9720-40b8-8652-533ddb5d26fc	5	8749664	8763401	12	0.3546
2152e9c3-9720-40b8-8652-533ddb5d26fc	5	8765957	12819568	3167	1.0101
2152e9c3-9720-40b8-8652-533ddb5d26fc	5	12819866	12826538	5	2.4899
2152e9c3-9720-40b8-8652-533ddb5d26fc	5	12833745	15331010	1734	1.0117
2152e9c3-9720-40b8-8652-533ddb5d26fc	5	15331022	15332471	8	0.2248
2152e9c3-9720-40b8-8652-533ddb5d26fc	5	15332592	17655029	1429	1.0084
2152e9c3-9720-40b8-8652-533ddb5d26fc	5	17662996	21361673	2244	0.4164
2152e9c3-9720-40b8-8652-533ddb5d26fc	5	21370455	21573989	74	0.672
2152e9c3-9720-40b8-8652-533ddb5d26fc	5	21574238	31291295	5820	0.4051
2152e9c3-9720-40b8-8652-533ddb5d26fc	5	31291674	39378513	5416	0.4625
2152e9c3-9720-40b8-8652-533ddb5d26fc	5	39379061	39476828	69	1.0201
2152e9c3-9720-40b8-8652-533ddb5d26fc	5	39477586	40794861	873	1.3862
2152e9c3-9720-40b8-8652-533ddb5d26fc	5	40799438	45391003	2378	0.9681
2152e9c3-9720-40b8-8652-533ddb5d26fc	5	45394082	45899689	209	1.1479
2152e9c3-9720-40b8-8652-533ddb5d26fc	5	45904420	58033288	5117	0.9842
2152e9c3-9720-40b8-8652-533ddb5d26fc	5	58033703	58037706	28	-0.1224
2152e9c3-9720-40b8-8652-533ddb5d26fc	5	58042530	63291502	3425	0.9855
2152e9c3-9720-40b8-8652-533ddb5d26fc	5	63294905	63904329	339	1.1213
2152e9c3-9720-40b8-8652-533ddb5d26fc	5	63904532	81242324	9847	0.9831
2152e9c3-9720-40b8-8652-533ddb5d26fc	5	81242540	84651964	1981	0.9513
2152e9c3-9720-40b8-8652-533ddb5d26fc	5	84653528	84656415	2	-1.0321
2152e9c3-9720-40b8-8652-533ddb5d26fc	5	84658883	95832602	5953	0.9444
2152e9c3-9720-40b8-8652-533ddb5d26fc	5	95832768	99157253	1982	0.9824
2152e9c3-9720-40b8-8652-533ddb5d26fc	5	99161187	100199505	599	1.1055
2152e9c3-9720-40b8-8652-533ddb5d26fc	5	100200716	104515520	2466	0.978
2152e9c3-9720-40b8-8652-533ddb5d26fc	5	104524672	104524903	4	-0.6876
2152e9c3-9720-40b8-8652-533ddb5d26fc	5	104525348	131951232	17818	0.9615
2152e9c3-9720-40b8-8652-533ddb5d26fc	5	131951250	151145589	11932	0.9948
2152e9c3-9720-40b8-8652-533ddb5d26fc	5	151145925	156049988	3390	0.9745
2152e9c3-9720-40b8-8652-533ddb5d26fc	5	156051752	156068249	14	-0.0319
2152e9c3-9720-40b8-8652-533ddb5d26fc	5	156073982	167650445	7673	0.969
2152e9c3-9720-40b8-8652-533ddb5d26fc	5	167650832	173880337	4752	1.0384
2152e9c3-9720-40b8-8652-533ddb5d26fc	5	173880940	173961752	46	0.618
2152e9c3-9720-40b8-8652-533ddb5d26fc	5	173962453	176004572	1498	1.0361
2152e9c3-9720-40b8-8652-533ddb5d26fc	5	176005602	176478753	154	0.4907
2152e9c3-9720-40b8-8652-533ddb5d26fc	5	176483334	177724103	567	1.002
2152e9c3-9720-40b8-8652-533ddb5d26fc	5	177730398	177771448	5	-0.34
2152e9c3-9720-40b8-8652-533ddb5d26fc	5	177800550	177805604	3	3.7656
2152e9c3-9720-40b8-8652-533ddb5d26fc	5	177827964	180947523	1789	1.0537
2152e9c3-9720-40b8-8652-533ddb5d26fc	5	180951710	180991103	19	-2.2409
2152e9c3-9720-40b8-8652-533ddb5d26fc	5	181006225	181363319	168	0.9374
2152e9c3-9720-40b8-8652-533ddb5d26fc	6	149661	294837	124	0.11
2152e9c3-9720-40b8-8652-533ddb5d26fc	6	302306	381149	78	0.817
2152e9c3-9720-40b8-8652-533ddb5d26fc	6	382559	888239	428	0.0766
2152e9c3-9720-40b8-8652-533ddb5d26fc	6	890387	2471385	1245	-1.093
2152e9c3-9720-40b8-8652-533ddb5d26fc	6	2472379	2473809	4	-4.0408
2152e9c3-9720-40b8-8652-533ddb5d26fc	6	2474503	2993133	462	-1.0121
2152e9c3-9720-40b8-8652-533ddb5d26fc	6	2997310	3071679	70	0.7475
2152e9c3-9720-40b8-8652-533ddb5d26fc	6	3072751	3331495	156	-1.1519
2152e9c3-9720-40b8-8652-533ddb5d26fc	6	3334013	4082456	602	0.1398
2152e9c3-9720-40b8-8652-533ddb5d26fc	6	4083038	4552000	423	0.754
2152e9c3-9720-40b8-8652-533ddb5d26fc	6	4553457	5072715	407	1.2292
2152e9c3-9720-40b8-8652-533ddb5d26fc	6	5075630	6913699	1609	0.1306
2152e9c3-9720-40b8-8652-533ddb5d26fc	6	6914174	7594893	473	-1.0732
2152e9c3-9720-40b8-8652-533ddb5d26fc	6	7601487	11149869	2570	0.7588
2152e9c3-9720-40b8-8652-533ddb5d26fc	6	11151197	11435132	233	0.1656
2152e9c3-9720-40b8-8652-533ddb5d26fc	6	11435256	11550513	86	-1.2176
2152e9c3-9720-40b8-8652-533ddb5d26fc	6	11552831	11609747	47	0.6338
2152e9c3-9720-40b8-8652-533ddb5d26fc	6	11615237	11651998	31	-1.0627
2152e9c3-9720-40b8-8652-533ddb5d26fc	6	11653246	11712755	52	0.7014
2152e9c3-9720-40b8-8652-533ddb5d26fc	6	11714917	12075696	326	-1.0601
2152e9c3-9720-40b8-8652-533ddb5d26fc	6	12078453	12173899	74	0.0179
2152e9c3-9720-40b8-8652-533ddb5d26fc	6	12174678	12814878	485	-1.0662
2152e9c3-9720-40b8-8652-533ddb5d26fc	6	12817435	14179252	999	0.1401
2152e9c3-9720-40b8-8652-533ddb5d26fc	6	14179856	18339702	2999	-1.0134
2152e9c3-9720-40b8-8652-533ddb5d26fc	6	18339775	18340067	3	-4.8284
2152e9c3-9720-40b8-8652-533ddb5d26fc	6	18341903	19154580	663	-1.0545
2152e9c3-9720-40b8-8652-533ddb5d26fc	6	19166606	21738018	1764	0.0877
2152e9c3-9720-40b8-8652-533ddb5d26fc	6	21740007	24429462	2040	0.7407
2152e9c3-9720-40b8-8652-533ddb5d26fc	6	24433233	24944849	345	0.1347
2152e9c3-9720-40b8-8652-533ddb5d26fc	6	24946443	24947577	3	2.3442
2152e9c3-9720-40b8-8652-533ddb5d26fc	6	24950971	25936086	723	0.1128
2152e9c3-9720-40b8-8652-533ddb5d26fc	6	25942508	28730187	1396	0.7199
2152e9c3-9720-40b8-8652-533ddb5d26fc	6	28735655	29869411	466	0.0999
2152e9c3-9720-40b8-8652-533ddb5d26fc	6	29869537	29881490	14	-0.6596
2152e9c3-9720-40b8-8652-533ddb5d26fc	6	29882419	31062648	487	0.0954
2152e9c3-9720-40b8-8652-533ddb5d26fc	6	31073716	31313046	163	0.8173
2152e9c3-9720-40b8-8652-533ddb5d26fc	6	31318499	31327629	6	-1.4006
2152e9c3-9720-40b8-8652-533ddb5d26fc	6	31328176	32146738	321	0.6622
2152e9c3-9720-40b8-8652-533ddb5d26fc	6	32155862	32627306	223	0.0456
2152e9c3-9720-40b8-8652-533ddb5d26fc	6	32627455	32658841	15	-0.8157
2152e9c3-9720-40b8-8652-533ddb5d26fc	6	32682835	32720838	37	0.1104
2152e9c3-9720-40b8-8652-533ddb5d26fc	6	32720855	32721076	2	-2.7555
2152e9c3-9720-40b8-8652-533ddb5d26fc	6	32721547	35936901	1785	0.0948
2152e9c3-9720-40b8-8652-533ddb5d26fc	6	35937729	37518534	1000	0.7827
2152e9c3-9720-40b8-8652-533ddb5d26fc	6	37519750	45871607	5429	0.1235
2152e9c3-9720-40b8-8652-533ddb5d26fc	6	45872446	46475738	451	0.7634
2152e9c3-9720-40b8-8652-533ddb5d26fc	6	46476191	50915917	2699	0.0682
2152e9c3-9720-40b8-8652-533ddb5d26fc	6	50924975	50925578	4	1.5989
2152e9c3-9720-40b8-8652-533ddb5d26fc	6	50931560	54066269	2187	0.0854
2152e9c3-9720-40b8-8652-533ddb5d26fc	6	54066286	54067057	8	-0.9638
2152e9c3-9720-40b8-8652-533ddb5d26fc	6	54070550	57321240	1948	0.0462
2152e9c3-9720-40b8-8652-533ddb5d26fc	6	57321496	61823807	789	0.1952
2152e9c3-9720-40b8-8652-533ddb5d26fc	6	61824593	65119199	1778	0.0482
2152e9c3-9720-40b8-8652-533ddb5d26fc	6	65119497	65207956	67	0.3466
2152e9c3-9720-40b8-8652-533ddb5d26fc	6	65209705	66298369	703	0.0249
2152e9c3-9720-40b8-8652-533ddb5d26fc	6	66299130	66338736	55	-2.9105
2152e9c3-9720-40b8-8652-533ddb5d26fc	6	66339513	67120640	671	0.0586
2152e9c3-9720-40b8-8652-533ddb5d26fc	6	67121775	67122094	2	2.1103
2152e9c3-9720-40b8-8652-533ddb5d26fc	6	67122575	67593090	285	0.0534
2152e9c3-9720-40b8-8652-533ddb5d26fc	6	67594347	67688337	67	0.6373
2152e9c3-9720-40b8-8652-533ddb5d26fc	6	67688460	67937264	144	0.8421
2152e9c3-9720-40b8-8652-533ddb5d26fc	6	67937578	68233733	212	0.6645
2152e9c3-9720-40b8-8652-533ddb5d26fc	6	68234516	68903757	410	0.0022
2152e9c3-9720-40b8-8652-533ddb5d26fc	6	68911968	69380733	276	0.7007
2152e9c3-9720-40b8-8652-533ddb5d26fc	6	69387071	71061861	1057	0.0633
2152e9c3-9720-40b8-8652-533ddb5d26fc	6	71067184	71151769	61	-0.9595
2152e9c3-9720-40b8-8652-533ddb5d26fc	6	71153237	71544988	281	0.0788
2152e9c3-9720-40b8-8652-533ddb5d26fc	6	71565028	73882142	1476	-1.078
2152e9c3-9720-40b8-8652-533ddb5d26fc	6	73882509	73887625	9	-2.3182
2152e9c3-9720-40b8-8652-533ddb5d26fc	6	73891694	76726815	1747	-1.0347
2152e9c3-9720-40b8-8652-533ddb5d26fc	6	76730151	76743040	21	-0.0066
2152e9c3-9720-40b8-8652-533ddb5d26fc	6	76751356	78259348	964	-1.0417
2152e9c3-9720-40b8-8652-533ddb5d26fc	6	78259388	78336944	116	-0.5812
2152e9c3-9720-40b8-8652-533ddb5d26fc	6	78341897	80566395	1392	-1.0461
2152e9c3-9720-40b8-8652-533ddb5d26fc	6	80568268	80588760	43	-0.4948
2152e9c3-9720-40b8-8652-533ddb5d26fc	6	80588760	84740568	2572	-1.0619
2152e9c3-9720-40b8-8652-533ddb5d26fc	6	84750336	88073925	1977	0.0618
2152e9c3-9720-40b8-8652-533ddb5d26fc	6	88077839	88185328	79	-1.1375
2152e9c3-9720-40b8-8652-533ddb5d26fc	6	88188892	93776524	3712	0.0662
2152e9c3-9720-40b8-8652-533ddb5d26fc	6	93776860	95404057	788	0.1848
2152e9c3-9720-40b8-8652-533ddb5d26fc	6	95404733	103286954	4727	0.049
2152e9c3-9720-40b8-8652-533ddb5d26fc	6	103290101	103314186	46	-0.9386
2152e9c3-9720-40b8-8652-533ddb5d26fc	6	103317795	113900791	6605	0.0899
2152e9c3-9720-40b8-8652-533ddb5d26fc	6	113903677	113903852	2	-2.5658
2152e9c3-9720-40b8-8652-533ddb5d26fc	6	113904647	114874292	570	0.0454
2152e9c3-9720-40b8-8652-533ddb5d26fc	6	114881368	114881626	4	-2.3933
2152e9c3-9720-40b8-8652-533ddb5d26fc	6	114885112	133549390	11451	0.0522
2152e9c3-9720-40b8-8652-533ddb5d26fc	6	133551063	133553827	4	-1.6092
2152e9c3-9720-40b8-8652-533ddb5d26fc	6	133556821	134315346	493	0.073
2152e9c3-9720-40b8-8652-533ddb5d26fc	6	134316546	134316571	2	-2.3225
2152e9c3-9720-40b8-8652-533ddb5d26fc	6	134319829	162948264	19255	0.0858
2152e9c3-9720-40b8-8652-533ddb5d26fc	6	162948996	163252955	235	-0.2273
2152e9c3-9720-40b8-8652-533ddb5d26fc	6	163256516	170741917	5126	0.1009
2152e9c3-9720-40b8-8652-533ddb5d26fc	7	43355	10930428	6652	0.4815
2152e9c3-9720-40b8-8652-533ddb5d26fc	7	10930532	16276307	4349	0.4105
2152e9c3-9720-40b8-8652-533ddb5d26fc	7	16276707	16343453	57	0.5888
2152e9c3-9720-40b8-8652-533ddb5d26fc	7	16343501	19216660	2460	0.4722
2152e9c3-9720-40b8-8652-533ddb5d26fc	7	19219241	19724266	390	0.5764
2152e9c3-9720-40b8-8652-533ddb5d26fc	7	19725890	38233729	13239	0.4502
2152e9c3-9720-40b8-8652-533ddb5d26fc	7	38234132	38347842	129	0.7018
2152e9c3-9720-40b8-8652-533ddb5d26fc	7	38351764	38356875	4	-1.6565
2152e9c3-9720-40b8-8652-533ddb5d26fc	7	38361356	70955452	17001	0.4566
2152e9c3-9720-40b8-8652-533ddb5d26fc	7	70958264	70961155	2	2.8454
2152e9c3-9720-40b8-8652-533ddb5d26fc	7	70963257	78077530	2879	0.4652
2152e9c3-9720-40b8-8652-533ddb5d26fc	7	78078240	78800910	633	0.1519
2152e9c3-9720-40b8-8652-533ddb5d26fc	7	78801143	88517017	6142	0.3944
2152e9c3-9720-40b8-8652-533ddb5d26fc	7	88521483	90216589	1124	0.5638
2152e9c3-9720-40b8-8652-533ddb5d26fc	7	90217022	96466329	3946	0.3871
2152e9c3-9720-40b8-8652-533ddb5d26fc	7	96467498	112671171	9309	0.4275
2152e9c3-9720-40b8-8652-533ddb5d26fc	7	112680914	126404480	8085	0.392
2152e9c3-9720-40b8-8652-533ddb5d26fc	7	126404869	126406824	17	1.4411
2152e9c3-9720-40b8-8652-533ddb5d26fc	7	126406825	142063324	9850	0.442
2152e9c3-9720-40b8-8652-533ddb5d26fc	7	142069843	142092108	33	0.0108
2152e9c3-9720-40b8-8652-533ddb5d26fc	7	142092307	142190848	66	0.4679
2152e9c3-9720-40b8-8652-533ddb5d26fc	7	142192907	142966541	517	0.5861
2152e9c3-9720-40b8-8652-533ddb5d26fc	7	142972971	144249785	617	0.4588
2152e9c3-9720-40b8-8652-533ddb5d26fc	7	144255220	144352208	13	-0.4772
2152e9c3-9720-40b8-8652-533ddb5d26fc	7	144377836	148341135	2653	0.4287
2152e9c3-9720-40b8-8652-533ddb5d26fc	7	148341259	158689135	6504	0.4789
2152e9c3-9720-40b8-8652-533ddb5d26fc	7	158690178	159334314	421	0.3977
2152e9c3-9720-40b8-8652-533ddb5d26fc	8	81254	643041	319	-0.1242
2152e9c3-9720-40b8-8652-533ddb5d26fc	8	644944	645875	8	0.7133
2152e9c3-9720-40b8-8652-533ddb5d26fc	8	645892	645908	2	4.1782
2152e9c3-9720-40b8-8652-533ddb5d26fc	8	656117	5507127	5296	-0.1047
2152e9c3-9720-40b8-8652-533ddb5d26fc	8	5507145	6225277	1013	-0.0132
2152e9c3-9720-40b8-8652-533ddb5d26fc	8	6225688	6554162	435	-0.1598
2152e9c3-9720-40b8-8652-533ddb5d26fc	8	6554349	13794197	4981	-0.1002
2152e9c3-9720-40b8-8652-533ddb5d26fc	8	13794213	15922354	1959	-0.1691
2152e9c3-9720-40b8-8652-533ddb5d26fc	8	15927373	15927608	2	-2.6243
2152e9c3-9720-40b8-8652-533ddb5d26fc	8	15927684	25114672	7226	-0.115
2152e9c3-9720-40b8-8652-533ddb5d26fc	8	25116928	25126641	24	-0.8312
2152e9c3-9720-40b8-8652-533ddb5d26fc	8	25126708	41236842	10246	-0.1262
2152e9c3-9720-40b8-8652-533ddb5d26fc	8	41237109	47087001	1720	-0.0639
2152e9c3-9720-40b8-8652-533ddb5d26fc	8	47087631	75479244	17551	-0.1384
2152e9c3-9720-40b8-8652-533ddb5d26fc	8	75479314	78860973	1917	-0.1994
2152e9c3-9720-40b8-8652-533ddb5d26fc	8	78863271	105978894	15977	-0.1468
2152e9c3-9720-40b8-8652-533ddb5d26fc	8	105979909	106189920	127	0.0564
2152e9c3-9720-40b8-8652-533ddb5d26fc	8	106189946	111282065	3070	-0.1653
2152e9c3-9720-40b8-8652-533ddb5d26fc	8	111282237	111283016	7	0.9869
2152e9c3-9720-40b8-8652-533ddb5d26fc	8	111283031	113873535	1392	-0.2207
2152e9c3-9720-40b8-8652-533ddb5d26fc	8	113877111	119872672	4004	-0.1488
2152e9c3-9720-40b8-8652-533ddb5d26fc	8	119873252	140706733	15372	-0.1014
2152e9c3-9720-40b8-8652-533ddb5d26fc	8	140709152	142468457	1014	-0.2171
2152e9c3-9720-40b8-8652-533ddb5d26fc	8	142468475	144182963	568	-0.073
2152e9c3-9720-40b8-8652-533ddb5d26fc	8	144188443	144818077	199	-0.3722
2152e9c3-9720-40b8-8652-533ddb5d26fc	8	144819698	145072769	152	-0.1818
2152e9c3-9720-40b8-8652-533ddb5d26fc	9	46587	68920	7	-2.4764
2152e9c3-9720-40b8-8652-533ddb5d26fc	9	93270	7524423	7146	-0.4892
2152e9c3-9720-40b8-8652-533ddb5d26fc	9	7524638	7525604	10	-1.6314
2152e9c3-9720-40b8-8652-533ddb5d26fc	9	7525813	11695067	3718	-0.4876
2152e9c3-9720-40b8-8652-533ddb5d26fc	9	11695108	11695757	2	-3.5589
2152e9c3-9720-40b8-8652-533ddb5d26fc	9	11695785	12392500	547	-0.3956
2152e9c3-9720-40b8-8652-533ddb5d26fc	9	12396281	23293242	8655	-0.5236
2152e9c3-9720-40b8-8652-533ddb5d26fc	9	23295435	23361121	44	-0.3572
2152e9c3-9720-40b8-8652-533ddb5d26fc	9	23361807	23380447	12	0.4258
2152e9c3-9720-40b8-8652-533ddb5d26fc	9	23380836	27581476	3062	-0.5333
2152e9c3-9720-40b8-8652-533ddb5d26fc	9	27581982	27582130	2	-5.2474
2152e9c3-9720-40b8-8652-533ddb5d26fc	9	27582313	39833357	7551	-0.4975
2152e9c3-9720-40b8-8652-533ddb5d26fc	9	39840169	61405110	193	-0.1671
2152e9c3-9720-40b8-8652-533ddb5d26fc	9	61520021	61629689	28	-1.4845
2152e9c3-9720-40b8-8652-533ddb5d26fc	9	61633080	67042427	147	-0.2432
2152e9c3-9720-40b8-8652-533ddb5d26fc	9	67073081	94690713	18465	-0.5041
2152e9c3-9720-40b8-8652-533ddb5d26fc	9	94693870	96058681	1051	-1.002
2152e9c3-9720-40b8-8652-533ddb5d26fc	9	96058903	110605711	10340	-0.4912
2152e9c3-9720-40b8-8652-533ddb5d26fc	9	110605805	110963099	287	-1.0869
2152e9c3-9720-40b8-8652-533ddb5d26fc	9	110965971	114320531	2288	-0.5011
2152e9c3-9720-40b8-8652-533ddb5d26fc	9	114325122	114326042	2	2.3963
2152e9c3-9720-40b8-8652-533ddb5d26fc	9	114330749	122298984	6103	-0.4986
2152e9c3-9720-40b8-8652-533ddb5d26fc	9	122301541	134345815	6994	-0.9969
2152e9c3-9720-40b8-8652-533ddb5d26fc	9	134352891	138200944	1695	-0.4852
2152e9c3-9720-40b8-8652-533ddb5d26fc	10	45792	98163	24	-0.1463
2152e9c3-9720-40b8-8652-533ddb5d26fc	10	98907	38675121	28623	-0.5147
2152e9c3-9720-40b8-8652-533ddb5d26fc	10	38675153	38783090	33	-0.2458
2152e9c3-9720-40b8-8652-533ddb5d26fc	10	41715085	47559596	2936	-0.0879
2152e9c3-9720-40b8-8652-533ddb5d26fc	10	47622159	48084420	13	0.5903
2152e9c3-9720-40b8-8652-533ddb5d26fc	10	48084439	49928134	1330	-0.0504
2152e9c3-9720-40b8-8652-533ddb5d26fc	10	49928341	50062639	33	-0.172
2152e9c3-9720-40b8-8652-533ddb5d26fc	10	50070600	50132160	5	-1.5127
2152e9c3-9720-40b8-8652-533ddb5d26fc	10	50144008	65548165	10887	-0.1425
2152e9c3-9720-40b8-8652-533ddb5d26fc	10	65548178	65554688	27	0.6484
2152e9c3-9720-40b8-8652-533ddb5d26fc	10	65563037	68737873	2027	-0.1188
2152e9c3-9720-40b8-8652-533ddb5d26fc	10	68738486	72050183	2488	-0.0536
2152e9c3-9720-40b8-8652-533ddb5d26fc	10	72050242	78081579	3434	-0.1326
2152e9c3-9720-40b8-8652-533ddb5d26fc	10	78083163	80754789	1829	-0.0806
2152e9c3-9720-40b8-8652-533ddb5d26fc	10	80755959	94676413	9317	-0.1435
2152e9c3-9720-40b8-8652-533ddb5d26fc	10	94681543	103827184	5255	-0.0814
2152e9c3-9720-40b8-8652-533ddb5d26fc	10	103827620	122574497	13596	-0.1229
2152e9c3-9720-40b8-8652-533ddb5d26fc	10	122584593	122587462	5	-2.2818
2152e9c3-9720-40b8-8652-533ddb5d26fc	10	122591497	133654968	7831	-0.103
2152e9c3-9720-40b8-8652-533ddb5d26fc	11	198510	18927562	12475	-0.5043
2152e9c3-9720-40b8-8652-533ddb5d26fc	11	18927778	18939631	33	-3.2378
2152e9c3-9720-40b8-8652-533ddb5d26fc	11	18939734	42599343	16853	-0.5307
2152e9c3-9720-40b8-8652-533ddb5d26fc	11	42599941	48505847	3455	-0.4813
2152e9c3-9720-40b8-8652-533ddb5d26fc	11	48507123	48985386	157	-0.2655
2152e9c3-9720-40b8-8652-533ddb5d26fc	11	48985936	50092125	477	-0.4974
2152e9c3-9720-40b8-8652-533ddb5d26fc	11	50096159	56212802	1008	-0.3515
2152e9c3-9720-40b8-8652-533ddb5d26fc	11	56213360	64772163	4657	-0.4762
2152e9c3-9720-40b8-8652-533ddb5d26fc	11	64772641	65834287	385	-0.7422
2152e9c3-9720-40b8-8652-533ddb5d26fc	11	65836162	78750798	6453	-0.4737
2152e9c3-9720-40b8-8652-533ddb5d26fc	11	78754748	97431602	12988	-0.5318
2152e9c3-9720-40b8-8652-533ddb5d26fc	11	97431684	97431824	2	-3.2267
2152e9c3-9720-40b8-8652-533ddb5d26fc	11	97434328	107783784	7385	-0.5375
2152e9c3-9720-40b8-8652-533ddb5d26fc	11	107787327	107788298	2	-3.3325
2152e9c3-9720-40b8-8652-533ddb5d26fc	11	107788514	117929586	6759	-0.5315
2152e9c3-9720-40b8-8652-533ddb5d26fc	11	117932109	117940452	6	-2.2869
2152e9c3-9720-40b8-8652-533ddb5d26fc	11	117942259	123415538	3831	-0.5004
2152e9c3-9720-40b8-8652-533ddb5d26fc	11	123417573	123573523	126	-0.8735
2152e9c3-9720-40b8-8652-533ddb5d26fc	11	123574014	135074876	8620	-0.5117
2152e9c3-9720-40b8-8652-533ddb5d26fc	12	51460	2065239	1204	0.5996
2152e9c3-9720-40b8-8652-533ddb5d26fc	12	2065738	8404097	4359	0.7096
2152e9c3-9720-40b8-8652-533ddb5d26fc	12	8405892	8428347	17	-0.1656
2152e9c3-9720-40b8-8652-533ddb5d26fc	12	8432076	9481274	554	0.6902
2152e9c3-9720-40b8-8652-533ddb5d26fc	12	9485313	9575696	23	-1.1392
2152e9c3-9720-40b8-8652-533ddb5d26fc	12	9582373	33141726	16444	0.6541
2152e9c3-9720-40b8-8652-533ddb5d26fc	12	33148472	33154144	26	1.2937
2152e9c3-9720-40b8-8652-533ddb5d26fc	12	33154440	37659435	826	0.7203
2152e9c3-9720-40b8-8652-533ddb5d26fc	12	37659489	45510655	4717	0.8602
2152e9c3-9720-40b8-8652-533ddb5d26fc	12	45512057	45515754	3	-1.2014
2152e9c3-9720-40b8-8652-533ddb5d26fc	12	45519509	58181744	7073	0.8729
2152e9c3-9720-40b8-8652-533ddb5d26fc	12	58181883	90089573	19947	0.8239
2152e9c3-9720-40b8-8652-533ddb5d26fc	12	90097892	90098297	7	-1.0379
2152e9c3-9720-40b8-8652-533ddb5d26fc	12	90099780	103511975	8925	0.8376
2152e9c3-9720-40b8-8652-533ddb5d26fc	12	103512389	111449163	5226	0.8849
2152e9c3-9720-40b8-8652-533ddb5d26fc	12	111449855	112504003	553	0.7669
2152e9c3-9720-40b8-8652-533ddb5d26fc	12	112504032	130480173	12791	0.8936
2152e9c3-9720-40b8-8652-533ddb5d26fc	12	130483301	130487165	2	2.9947
2152e9c3-9720-40b8-8652-533ddb5d26fc	12	130488644	132989772	1371	0.8953
2152e9c3-9720-40b8-8652-533ddb5d26fc	12	132993913	133201603	112	0.7484
2152e9c3-9720-40b8-8652-533ddb5d26fc	13	18452809	22907940	2725	0.1807
2152e9c3-9720-40b8-8652-533ddb5d26fc	13	22909191	23055038	101	0.2368
2152e9c3-9720-40b8-8652-533ddb5d26fc	13	23055048	23059140	12	0.9338
2152e9c3-9720-40b8-8652-533ddb5d26fc	13	23059362	31557286	6363	0.2111
2152e9c3-9720-40b8-8652-533ddb5d26fc	13	31558252	37498087	4135	0.1575
2152e9c3-9720-40b8-8652-533ddb5d26fc	13	37501767	37510184	11	1.1433
2152e9c3-9720-40b8-8652-533ddb5d26fc	13	37510406	48957415	7951	0.1809
2152e9c3-9720-40b8-8652-533ddb5d26fc	13	48959579	48962368	2	-3.1719
2152e9c3-9720-40b8-8652-533ddb5d26fc	13	48963569	54896323	3330	0.1987
2152e9c3-9720-40b8-8652-533ddb5d26fc	13	54896921	57090977	1084	0.1148
2152e9c3-9720-40b8-8652-533ddb5d26fc	13	57093519	57496316	243	0.2727
2152e9c3-9720-40b8-8652-533ddb5d26fc	13	57499451	63534155	3525	0.1376
2152e9c3-9720-40b8-8652-533ddb5d26fc	13	63535303	64416187	504	0.2727
2152e9c3-9720-40b8-8652-533ddb5d26fc	13	64416300	71902850	4699	0.1307
2152e9c3-9720-40b8-8652-533ddb5d26fc	13	71903417	71906418	4	1.6618
2152e9c3-9720-40b8-8652-533ddb5d26fc	13	71906467	84925547	8680	0.1545
2152e9c3-9720-40b8-8652-533ddb5d26fc	13	84926535	92835637	4783	0.116
2152e9c3-9720-40b8-8652-533ddb5d26fc	13	92836023	94389584	1137	0.1468
2152e9c3-9720-40b8-8652-533ddb5d26fc	13	94389723	98366537	2551	0.1858
2152e9c3-9720-40b8-8652-533ddb5d26fc	13	98366721	100032178	1125	0.2379
2152e9c3-9720-40b8-8652-533ddb5d26fc	13	100033332	105129375	4010	0.1533
2152e9c3-9720-40b8-8652-533ddb5d26fc	13	105129789	105778335	507	0.2877
2152e9c3-9720-40b8-8652-533ddb5d26fc	13	105779479	109999767	3384	0.1685
2152e9c3-9720-40b8-8652-533ddb5d26fc	13	109999897	112763971	1930	0.2587
2152e9c3-9720-40b8-8652-533ddb5d26fc	13	112770802	114342922	705	0.1878
2152e9c3-9720-40b8-8652-533ddb5d26fc	14	18239283	18657897	18	-0.1446
2152e9c3-9720-40b8-8652-533ddb5d26fc	14	18661510	19954424	146	0.8363
2152e9c3-9720-40b8-8652-533ddb5d26fc	14	19955213	21635439	1107	0.2289
2152e9c3-9720-40b8-8652-533ddb5d26fc	14	21635545	22484618	692	0.4038
2152e9c3-9720-40b8-8652-533ddb5d26fc	14	22490304	22796272	255	0.1809
2152e9c3-9720-40b8-8652-533ddb5d26fc	14	22796827	24978681	1313	0.2474
2152e9c3-9720-40b8-8652-533ddb5d26fc	14	24979217	41139155	10076	0.1727
2152e9c3-9720-40b8-8652-533ddb5d26fc	14	41141293	41184774	13	-0.7759
2152e9c3-9720-40b8-8652-533ddb5d26fc	14	41188046	73534419	20289	0.1875
2152e9c3-9720-40b8-8652-533ddb5d26fc	14	73540003	73554275	8	-1.4328
2152e9c3-9720-40b8-8652-533ddb5d26fc	14	73563196	77905046	2708	0.2441
2152e9c3-9720-40b8-8652-533ddb5d26fc	14	77906026	83575497	3864	0.1699
2152e9c3-9720-40b8-8652-533ddb5d26fc	14	83578381	83583871	4	-1.0594
2152e9c3-9720-40b8-8652-533ddb5d26fc	14	83585844	88854977	3408	0.1532
2152e9c3-9720-40b8-8652-533ddb5d26fc	14	88856275	106418444	10767	0.2288
2152e9c3-9720-40b8-8652-533ddb5d26fc	14	106423925	106502306	58	-0.2391
2152e9c3-9720-40b8-8652-533ddb5d26fc	14	106503707	106877229	184	0.1673
2152e9c3-9720-40b8-8652-533ddb5d26fc	15	19811075	20026653	47	0.2616
2152e9c3-9720-40b8-8652-533ddb5d26fc	15	20041119	22576496	166	0.5436
2152e9c3-9720-40b8-8652-533ddb5d26fc	15	22582296	47043307	14646	0.2077
2152e9c3-9720-40b8-8652-533ddb5d26fc	15	47043472	47196824	79	-0.4723
2152e9c3-9720-40b8-8652-533ddb5d26fc	15	47202191	57451735	6537	0.197
2152e9c3-9720-40b8-8652-533ddb5d26fc	15	57451882	65521764	5662	0.2438
2152e9c3-9720-40b8-8652-533ddb5d26fc	15	65524604	65526049	3	-1.8391
2152e9c3-9720-40b8-8652-533ddb5d26fc	15	65530196	76545880	6470	0.2459
2152e9c3-9720-40b8-8652-533ddb5d26fc	15	76549485	76609900	40	-0.1243
2152e9c3-9720-40b8-8652-533ddb5d26fc	15	76609916	94417422	11944	0.2421
2152e9c3-9720-40b8-8652-533ddb5d26fc	15	94418016	101928837	5503	0.2025
2152e9c3-9720-40b8-8652-533ddb5d26fc	16	10777	57416	20	0.4992
2152e9c3-9720-40b8-8652-533ddb5d26fc	16	60704	601407	252	0.2313
2152e9c3-9720-40b8-8652-533ddb5d26fc	16	601525	4204915	1461	0.4597
2152e9c3-9720-40b8-8652-533ddb5d26fc	16	4208090	8821048	4626	0.5212
2152e9c3-9720-40b8-8652-533ddb5d26fc	16	8831869	9185995	213	0.3523
2152e9c3-9720-40b8-8652-533ddb5d26fc	16	9186024	13895264	3997	0.5312
2152e9c3-9720-40b8-8652-533ddb5d26fc	16	13898707	14616389	416	0.4394
2152e9c3-9720-40b8-8652-533ddb5d26fc	16	14617537	16737225	712	0.3556
2152e9c3-9720-40b8-8652-533ddb5d26fc	16	16743769	21336298	2568	0.4862
2152e9c3-9720-40b8-8652-533ddb5d26fc	16	21336878	22576696	402	0.3312
2152e9c3-9720-40b8-8652-533ddb5d26fc	16	22576729	28589060	4094	0.5206
2152e9c3-9720-40b8-8652-533ddb5d26fc	16	28590024	30161266	402	0.328
2152e9c3-9720-40b8-8652-533ddb5d26fc	16	30165200	52948906	5302	0.4924
2152e9c3-9720-40b8-8652-533ddb5d26fc	16	52949083	53995489	784	0.4124
2152e9c3-9720-40b8-8652-533ddb5d26fc	16	53999882	55761039	1500	0.5092
2152e9c3-9720-40b8-8652-533ddb5d26fc	16	55761136	55808442	24	-0.3269
2152e9c3-9720-40b8-8652-533ddb5d26fc	16	55808470	59303694	2144	0.4866
2152e9c3-9720-40b8-8652-533ddb5d26fc	16	59303878	65371757	4021	0.4329
2152e9c3-9720-40b8-8652-533ddb5d26fc	16	65371793	74371293	4825	0.4789
2152e9c3-9720-40b8-8652-533ddb5d26fc	16	74373114	74422703	5	1.5873
2152e9c3-9720-40b8-8652-533ddb5d26fc	16	74431498	78337711	3186	0.4655
2152e9c3-9720-40b8-8652-533ddb5d26fc	16	78338543	78350868	17	-2.0371
2152e9c3-9720-40b8-8652-533ddb5d26fc	16	78351104	84053533	6327	0.5023
2152e9c3-9720-40b8-8652-533ddb5d26fc	16	84053718	84822357	705	0.3757
2152e9c3-9720-40b8-8652-533ddb5d26fc	16	84823946	88459876	2818	0.5557
2152e9c3-9720-40b8-8652-533ddb5d26fc	16	88469691	90096867	671	0.2934
2152e9c3-9720-40b8-8652-533ddb5d26fc	17	150733	1236097	546	-0.6245
2152e9c3-9720-40b8-8652-533ddb5d26fc	17	1236662	18452078	10693	-0.4737
2152e9c3-9720-40b8-8652-533ddb5d26fc	17	18455632	18606845	34	0.1037
2152e9c3-9720-40b8-8652-533ddb5d26fc	17	18626375	28452035	2223	-0.4722
2152e9c3-9720-40b8-8652-533ddb5d26fc	17	28454323	28455301	2	-2.7858
2152e9c3-9720-40b8-8652-533ddb5d26fc	17	28462253	35521700	4160	-0.4672
2152e9c3-9720-40b8-8652-533ddb5d26fc	17	35530911	36019161	276	-1.7718
2152e9c3-9720-40b8-8652-533ddb5d26fc	17	36019230	36113461	80	-0.4908
2152e9c3-9720-40b8-8652-533ddb5d26fc	17	36116407	36119525	2	-4.9766
2152e9c3-9720-40b8-8652-533ddb5d26fc	17	36119737	68229216	17620	-0.4782
2152e9c3-9720-40b8-8652-533ddb5d26fc	17	68229926	68549204	200	-2.3731
2152e9c3-9720-40b8-8652-533ddb5d26fc	17	68549989	72783888	3177	-0.5133
2152e9c3-9720-40b8-8652-533ddb5d26fc	17	72785766	72786024	2	-4.6269
2152e9c3-9720-40b8-8652-533ddb5d26fc	17	72787179	83091923	5463	-0.5292
2152e9c3-9720-40b8-8652-533ddb5d26fc	18	48133	80257174	50091	-0.5098
2152e9c3-9720-40b8-8652-533ddb5d26fc	19	90910	27805597	11217	0.4794
2152e9c3-9720-40b8-8652-533ddb5d26fc	19	27806172	35358420	5413	0.5168
2152e9c3-9720-40b8-8652-533ddb5d26fc	19	35364451	35370268	17	-0.2415
2152e9c3-9720-40b8-8652-533ddb5d26fc	19	35370747	36139662	377	0.5391
2152e9c3-9720-40b8-8652-533ddb5d26fc	19	36144670	36336781	63	0.4019
2152e9c3-9720-40b8-8652-533ddb5d26fc	19	36339409	36355726	5	-0.4174
2152e9c3-9720-40b8-8652-533ddb5d26fc	19	36355779	36671146	200	0.4651
2152e9c3-9720-40b8-8652-533ddb5d26fc	19	36671170	36786085	70	0.1492
2152e9c3-9720-40b8-8652-533ddb5d26fc	19	36789022	49915478	6330	0.4824
2152e9c3-9720-40b8-8652-533ddb5d26fc	19	49918774	50162246	127	0.2292
2152e9c3-9720-40b8-8652-533ddb5d26fc	19	50167253	52813087	1617	0.4638
2152e9c3-9720-40b8-8652-533ddb5d26fc	19	52815851	52824306	4	-0.8097
2152e9c3-9720-40b8-8652-533ddb5d26fc	19	52824717	53013829	148	0.4215
2152e9c3-9720-40b8-8652-533ddb5d26fc	19	53015494	53044108	21	0.9173
2152e9c3-9720-40b8-8652-533ddb5d26fc	19	53048976	54226378	773	0.4267
2152e9c3-9720-40b8-8652-533ddb5d26fc	19	54226396	54237443	13	1.2357
2152e9c3-9720-40b8-8652-533ddb5d26fc	19	54249482	58429147	2518	0.4543
2152e9c3-9720-40b8-8652-533ddb5d26fc	19	58432041	58433008	2	-3.0214
2152e9c3-9720-40b8-8652-533ddb5d26fc	19	58434689	58586487	52	0.2573
2152e9c3-9720-40b8-8652-533ddb5d26fc	20	80664	1571811	1172	0.4757
2152e9c3-9720-40b8-8652-533ddb5d26fc	20	1576544	1601561	57	-0.2531
2152e9c3-9720-40b8-8652-533ddb5d26fc	20	1609611	13386661	9043	0.4783
2152e9c3-9720-40b8-8652-533ddb5d26fc	20	13387172	14436551	546	-0.1516
2152e9c3-9720-40b8-8652-533ddb5d26fc	20	14436713	56568278	25899	0.4939
2152e9c3-9720-40b8-8652-533ddb5d26fc	20	56573752	62836633	4777	0.5686
2152e9c3-9720-40b8-8652-533ddb5d26fc	20	62839373	63077356	96	0.5007
2152e9c3-9720-40b8-8652-533ddb5d26fc	20	63080185	63141749	39	0.2833
2152e9c3-9720-40b8-8652-533ddb5d26fc	20	63144417	63588484	131	0.6109
2152e9c3-9720-40b8-8652-533ddb5d26fc	20	63588502	64164973	222	0.2501
2152e9c3-9720-40b8-8652-533ddb5d26fc	20	64165220	64324800	91	0.4386
2152e9c3-9720-40b8-8652-533ddb5d26fc	21	10354168	13543734	249	0.1623
2152e9c3-9720-40b8-8652-533ddb5d26fc	21	13554227	15861564	1385	-0.113
2152e9c3-9720-40b8-8652-533ddb5d26fc	21	15862640	22260872	4584	0.1607
2152e9c3-9720-40b8-8652-533ddb5d26fc	21	22264558	23271314	767	0.2528
2152e9c3-9720-40b8-8652-533ddb5d26fc	21	23271478	30357440	5329	0.1693
2152e9c3-9720-40b8-8652-533ddb5d26fc	21	30358039	36555500	4260	0.2412
2152e9c3-9720-40b8-8652-533ddb5d26fc	21	36555674	36558060	4	-1.2643
2152e9c3-9720-40b8-8652-533ddb5d26fc	21	36560880	45203491	6236	0.2382
2152e9c3-9720-40b8-8652-533ddb5d26fc	21	45205896	45673302	251	0.0546
2152e9c3-9720-40b8-8652-533ddb5d26fc	21	45674233	46271080	321	0.2709
2152e9c3-9720-40b8-8652-533ddb5d26fc	21	46272884	46677045	273	0.0356
2152e9c3-9720-40b8-8652-533ddb5d26fc	22	15294547	15755268	29	-0.3308
2152e9c3-9720-40b8-8652-533ddb5d26fc	22	15771752	15869820	7	0.6939
2152e9c3-9720-40b8-8652-533ddb5d26fc	22	15925481	16784963	115	-0.6143
2152e9c3-9720-40b8-8652-533ddb5d26fc	22	16785515	36188665	13183	-1.0301
2152e9c3-9720-40b8-8652-533ddb5d26fc	22	36188898	36191656	6	-4.8495
2152e9c3-9720-40b8-8652-533ddb5d26fc	22	36195334	44149615	4585	-1.0076
2152e9c3-9720-40b8-8652-533ddb5d26fc	22	44149626	44149642	2	-6.7981
2152e9c3-9720-40b8-8652-533ddb5d26fc	22	44149665	44863392	587	-1.0056
2152e9c3-9720-40b8-8652-533ddb5d26fc	22	44863694	44879238	3	-6.0857
2152e9c3-9720-40b8-8652-533ddb5d26fc	22	44880466	46092348	753	-1.041
2152e9c3-9720-40b8-8652-533ddb5d26fc	22	46093321	46129914	12	-3.4064
2152e9c3-9720-40b8-8652-533ddb5d26fc	22	46134998	50042973	3164	-1.0948
2152e9c3-9720-40b8-8652-533ddb5d26fc	22	50045900	50045976	2	-7.1584
2152e9c3-9720-40b8-8652-533ddb5d26fc	22	50046464	50796027	326	-1.1499
2152e9c3-9720-40b8-8652-533ddb5d26fc	X	251810	154483840	82207	-0.013
2152e9c3-9720-40b8-8652-533ddb5d26fc	X	154484758	154485448	3	-3.393
2152e9c3-9720-40b8-8652-533ddb5d26fc	X	154485975	155952689	503	-0.1303
2152e9c3-9720-40b8-8652-533ddb5d26fc	Y	2782397	56872112	6632	-1.074
