GDC_Aliquot	Chromosome	Start	End	Num_Probes	Segment_Mean
4381b193-2845-49a0-bd81-cecb5063de3d	1	62920	968658	66	0.0434
4381b193-2845-49a0-bd81-cecb5063de3d	1	969227	3302046	672	-0.1407
4381b193-2845-49a0-bd81-cecb5063de3d	1	3302359	16863509	7961	-0.0031
4381b193-2845-49a0-bd81-cecb5063de3d	1	16864367	16935737	53	-0.5757
4381b193-2845-49a0-bd81-cecb5063de3d	1	16935752	25256850	5257	-0.0034
4381b193-2845-49a0-bd81-cecb5063de3d	1	25266637	25336819	25	0.5491
4381b193-2845-49a0-bd81-cecb5063de3d	1	25336853	34626073	4946	-0.0047
4381b193-2845-49a0-bd81-cecb5063de3d	1	34637053	34650960	23	-0.6806
4381b193-2845-49a0-bd81-cecb5063de3d	1	34652324	72280884	23719	-0.0003
4381b193-2845-49a0-bd81-cecb5063de3d	1	72280898	72297687	12	-1.0731
4381b193-2845-49a0-bd81-cecb5063de3d	1	72302735	72345450	47	0.3679
4381b193-2845-49a0-bd81-cecb5063de3d	1	72345465	94666052	14408	0.0015
4381b193-2845-49a0-bd81-cecb5063de3d	1	94666066	94689843	52	-1.1757
4381b193-2845-49a0-bd81-cecb5063de3d	1	94689855	105079911	6265	0.0077
4381b193-2845-49a0-bd81-cecb5063de3d	1	105080318	105080931	2	1.4417
4381b193-2845-49a0-bd81-cecb5063de3d	1	105084196	105470754	216	0.0164
4381b193-2845-49a0-bd81-cecb5063de3d	1	105476583	105479753	17	0.7638
4381b193-2845-49a0-bd81-cecb5063de3d	1	105481433	109679105	2633	0.0109
4381b193-2845-49a0-bd81-cecb5063de3d	1	109684695	109697556	15	1.2159
4381b193-2845-49a0-bd81-cecb5063de3d	1	109702376	114289343	3296	0.0027
4381b193-2845-49a0-bd81-cecb5063de3d	1	114291004	114291088	2	-1.5356
4381b193-2845-49a0-bd81-cecb5063de3d	1	114291180	143459641	3832	0.0005
4381b193-2845-49a0-bd81-cecb5063de3d	1	143494500	143754062	112	-0.7433
4381b193-2845-49a0-bd81-cecb5063de3d	1	143754077	152583051	2326	0.0062
4381b193-2845-49a0-bd81-cecb5063de3d	1	152583230	152614118	35	1.3491
4381b193-2845-49a0-bd81-cecb5063de3d	1	152618018	152787202	166	0.0002
4381b193-2845-49a0-bd81-cecb5063de3d	1	152789447	152796094	36	0.4874
4381b193-2845-49a0-bd81-cecb5063de3d	1	152796224	174827267	14787	-0.0005
4381b193-2845-49a0-bd81-cecb5063de3d	1	174827418	174828088	5	-1.1897
4381b193-2845-49a0-bd81-cecb5063de3d	1	174828177	196745743	14639	0.0026
4381b193-2845-49a0-bd81-cecb5063de3d	1	196758720	196832525	57	-0.6852
4381b193-2845-49a0-bd81-cecb5063de3d	1	196832720	247775109	35146	0.0024
4381b193-2845-49a0-bd81-cecb5063de3d	1	247775446	247775555	2	2.0136
4381b193-2845-49a0-bd81-cecb5063de3d	1	247775696	248574146	452	0.0564
4381b193-2845-49a0-bd81-cecb5063de3d	1	248585893	248611490	18	-1.0302
4381b193-2845-49a0-bd81-cecb5063de3d	1	248611798	248619910	4	-0.0296
4381b193-2845-49a0-bd81-cecb5063de3d	1	248620513	248631988	8	-0.8982
4381b193-2845-49a0-bd81-cecb5063de3d	1	248633821	248930189	143	-0.0414
4381b193-2845-49a0-bd81-cecb5063de3d	2	12784	3156438	2193	-0.0161
4381b193-2845-49a0-bd81-cecb5063de3d	2	3157856	3158335	2	-1.9085
4381b193-2845-49a0-bd81-cecb5063de3d	2	3159967	3684956	374	-0.0273
4381b193-2845-49a0-bd81-cecb5063de3d	2	3684997	3688948	4	-1.2816
4381b193-2845-49a0-bd81-cecb5063de3d	2	3694481	5188193	1257	0.008
4381b193-2845-49a0-bd81-cecb5063de3d	2	5190871	5196348	2	-2.0211
4381b193-2845-49a0-bd81-cecb5063de3d	2	5196466	7499242	2090	0.0082
4381b193-2845-49a0-bd81-cecb5063de3d	2	7502934	7506841	2	1.7509
4381b193-2845-49a0-bd81-cecb5063de3d	2	7506876	15764610	6000	0.0097
4381b193-2845-49a0-bd81-cecb5063de3d	2	15764869	15766654	2	-1.6239
4381b193-2845-49a0-bd81-cecb5063de3d	2	15766983	28809867	8216	0.0057
4381b193-2845-49a0-bd81-cecb5063de3d	2	28809880	28824388	3	-1.3131
4381b193-2845-49a0-bd81-cecb5063de3d	2	28825140	34450400	3923	-0.0015
4381b193-2845-49a0-bd81-cecb5063de3d	2	34456427	34502800	48	-0.3108
4381b193-2845-49a0-bd81-cecb5063de3d	2	34511446	36108463	1154	0.0161
4381b193-2845-49a0-bd81-cecb5063de3d	2	36109476	36112411	13	-0.9263
4381b193-2845-49a0-bd81-cecb5063de3d	2	36123960	40762124	3453	0.0154
4381b193-2845-49a0-bd81-cecb5063de3d	2	40763176	40764298	4	1.407
4381b193-2845-49a0-bd81-cecb5063de3d	2	40764666	41024125	203	0.0043
4381b193-2845-49a0-bd81-cecb5063de3d	2	41024138	41024584	2	1.6124
4381b193-2845-49a0-bd81-cecb5063de3d	2	41024614	52527743	8173	0.0073
4381b193-2845-49a0-bd81-cecb5063de3d	2	52531615	52554384	32	-0.5263
4381b193-2845-49a0-bd81-cecb5063de3d	2	52554404	97537802	23834	0.0064
4381b193-2845-49a0-bd81-cecb5063de3d	2	97540809	97545247	3	-1.9209
4381b193-2845-49a0-bd81-cecb5063de3d	2	97545726	125684646	17012	0.0074
4381b193-2845-49a0-bd81-cecb5063de3d	2	125694074	125694336	2	-2.5355
4381b193-2845-49a0-bd81-cecb5063de3d	2	125694355	128880504	1937	0.004
4381b193-2845-49a0-bd81-cecb5063de3d	2	128880904	128882741	15	-0.7166
4381b193-2845-49a0-bd81-cecb5063de3d	2	128882755	176394114	28844	0.0053
4381b193-2845-49a0-bd81-cecb5063de3d	2	176402448	176407805	2	2.1496
4381b193-2845-49a0-bd81-cecb5063de3d	2	176410410	241098436	40162	0.0038
4381b193-2845-49a0-bd81-cecb5063de3d	2	241105676	241116852	6	-1.1876
4381b193-2845-49a0-bd81-cecb5063de3d	2	241117509	242147305	427	-0.0105
4381b193-2845-49a0-bd81-cecb5063de3d	3	20930	6609441	5814	0.0072
4381b193-2845-49a0-bd81-cecb5063de3d	3	6609524	6613391	23	0.5155
4381b193-2845-49a0-bd81-cecb5063de3d	3	6613561	52792531	29724	0
4381b193-2845-49a0-bd81-cecb5063de3d	3	52792830	52796993	2	-2.0367
4381b193-2845-49a0-bd81-cecb5063de3d	3	52797607	56050304	2483	0.0027
4381b193-2845-49a0-bd81-cecb5063de3d	3	56050339	56053619	3	-1.5667
4381b193-2845-49a0-bd81-cecb5063de3d	3	56056162	68697013	9698	0.0046
4381b193-2845-49a0-bd81-cecb5063de3d	3	68697108	68699607	15	-1.3126
4381b193-2845-49a0-bd81-cecb5063de3d	3	68699635	75519398	4926	0.0017
4381b193-2845-49a0-bd81-cecb5063de3d	3	75523398	75537120	5	-1.6498
4381b193-2845-49a0-bd81-cecb5063de3d	3	75537654	99218940	10976	0.002
4381b193-2845-49a0-bd81-cecb5063de3d	3	99225614	99230448	34	-0.4947
4381b193-2845-49a0-bd81-cecb5063de3d	3	99230457	114936935	9455	0.0009
4381b193-2845-49a0-bd81-cecb5063de3d	3	114941745	114950103	7	-1.0122
4381b193-2845-49a0-bd81-cecb5063de3d	3	114950171	162794951	29504	0.0028
4381b193-2845-49a0-bd81-cecb5063de3d	3	162795304	162819035	17	0.5674
4381b193-2845-49a0-bd81-cecb5063de3d	3	162822221	162822702	3	1.9263
4381b193-2845-49a0-bd81-cecb5063de3d	3	162827928	162896180	39	0.4527
4381b193-2845-49a0-bd81-cecb5063de3d	3	162897779	162908815	11	-0.5291
4381b193-2845-49a0-bd81-cecb5063de3d	3	162910826	164137481	728	-0.0108
4381b193-2845-49a0-bd81-cecb5063de3d	3	164137624	164156232	15	-0.5959
4381b193-2845-49a0-bd81-cecb5063de3d	3	164157293	186980310	13904	0.0018
4381b193-2845-49a0-bd81-cecb5063de3d	3	186983049	186983135	2	-3.6622
4381b193-2845-49a0-bd81-cecb5063de3d	3	186991016	187877506	670	-0.0091
4381b193-2845-49a0-bd81-cecb5063de3d	3	187877590	187877925	2	1.8114
4381b193-2845-49a0-bd81-cecb5063de3d	3	187877952	193160113	3826	0.01
4381b193-2845-49a0-bd81-cecb5063de3d	3	193160173	193163042	10	-0.9459
4381b193-2845-49a0-bd81-cecb5063de3d	3	193163053	198169247	2698	-0.0186
4381b193-2845-49a0-bd81-cecb5063de3d	4	68929	75090	10	0.0238
4381b193-2845-49a0-bd81-cecb5063de3d	4	75130	79826	5	-0.7887
4381b193-2845-49a0-bd81-cecb5063de3d	4	80417	503349	168	0.0116
4381b193-2845-49a0-bd81-cecb5063de3d	4	504670	1051323	166	-0.1788
4381b193-2845-49a0-bd81-cecb5063de3d	4	1051383	1335075	155	0.0354
4381b193-2845-49a0-bd81-cecb5063de3d	4	1336247	1505243	27	-0.4109
4381b193-2845-49a0-bd81-cecb5063de3d	4	1510104	10208766	5162	-0.0109
4381b193-2845-49a0-bd81-cecb5063de3d	4	10221792	10229173	22	-0.7984
4381b193-2845-49a0-bd81-cecb5063de3d	4	10229188	10389091	183	-0.0128
4381b193-2845-49a0-bd81-cecb5063de3d	4	10390730	10397663	10	0.6304
4381b193-2845-49a0-bd81-cecb5063de3d	4	10397677	34785527	16790	0.0025
4381b193-2845-49a0-bd81-cecb5063de3d	4	34785541	34823103	34	0.4249
4381b193-2845-49a0-bd81-cecb5063de3d	4	34828250	54353318	10585	0.0068
4381b193-2845-49a0-bd81-cecb5063de3d	4	54353363	54353825	6	-1.145
4381b193-2845-49a0-bd81-cecb5063de3d	4	54353862	63831751	5956	0.0038
4381b193-2845-49a0-bd81-cecb5063de3d	4	63831799	63842540	27	0.5475
4381b193-2845-49a0-bd81-cecb5063de3d	4	63850713	68506285	2871	-0.0014
4381b193-2845-49a0-bd81-cecb5063de3d	4	68509223	68655691	68	0.5687
4381b193-2845-49a0-bd81-cecb5063de3d	4	68663241	69197268	282	0.0059
4381b193-2845-49a0-bd81-cecb5063de3d	4	69199815	69398651	99	0.2147
4381b193-2845-49a0-bd81-cecb5063de3d	4	69398666	71539972	1262	-0.0029
4381b193-2845-49a0-bd81-cecb5063de3d	4	71540749	71541012	2	1.8015
4381b193-2845-49a0-bd81-cecb5063de3d	4	71544631	74585100	1840	0.0051
4381b193-2845-49a0-bd81-cecb5063de3d	4	74585708	74588991	2	-1.3228
4381b193-2845-49a0-bd81-cecb5063de3d	4	74590180	82712673	5182	0.0017
4381b193-2845-49a0-bd81-cecb5063de3d	4	82716215	82720673	12	-1.6545
4381b193-2845-49a0-bd81-cecb5063de3d	4	82723539	103824414	12679	0.0049
4381b193-2845-49a0-bd81-cecb5063de3d	4	103830473	103830487	6	1.3184
4381b193-2845-49a0-bd81-cecb5063de3d	4	103830488	107130343	1852	-0.0031
4381b193-2845-49a0-bd81-cecb5063de3d	4	107144594	107154286	31	-0.7137
4381b193-2845-49a0-bd81-cecb5063de3d	4	107154329	111385895	2565	0.0004
4381b193-2845-49a0-bd81-cecb5063de3d	4	111385910	111385924	2	1.3159
4381b193-2845-49a0-bd81-cecb5063de3d	4	111386201	115244948	2474	0.0066
4381b193-2845-49a0-bd81-cecb5063de3d	4	115251455	115254969	22	-2.5848
4381b193-2845-49a0-bd81-cecb5063de3d	4	115259026	115259214	4	-1.1482
4381b193-2845-49a0-bd81-cecb5063de3d	4	115259399	156047028	24221	0.0023
4381b193-2845-49a0-bd81-cecb5063de3d	4	156047131	156047146	2	-1.6336
4381b193-2845-49a0-bd81-cecb5063de3d	4	156047321	160952760	3065	0.0122
4381b193-2845-49a0-bd81-cecb5063de3d	4	160952773	160963806	26	-0.6154
4381b193-2845-49a0-bd81-cecb5063de3d	4	160963815	168359293	4687	-0.0056
4381b193-2845-49a0-bd81-cecb5063de3d	4	168360847	168361204	5	-1.0552
4381b193-2845-49a0-bd81-cecb5063de3d	4	168367371	171448195	1968	-0.0005
4381b193-2845-49a0-bd81-cecb5063de3d	4	171453733	171456573	11	-0.9766
4381b193-2845-49a0-bd81-cecb5063de3d	4	171456625	190106768	12481	0.0001
4381b193-2845-49a0-bd81-cecb5063de3d	5	15532	717410	311	-0.0783
4381b193-2845-49a0-bd81-cecb5063de3d	5	717446	800724	24	0.5267
4381b193-2845-49a0-bd81-cecb5063de3d	5	801456	1020239	92	0.0038
4381b193-2845-49a0-bd81-cecb5063de3d	5	1021104	1971538	562	-0.1252
4381b193-2845-49a0-bd81-cecb5063de3d	5	1975347	19002182	13266	0.0025
4381b193-2845-49a0-bd81-cecb5063de3d	5	19003629	19003781	2	-1.6404
4381b193-2845-49a0-bd81-cecb5063de3d	5	19004543	20081895	650	-0.0008
4381b193-2845-49a0-bd81-cecb5063de3d	5	20088019	20088589	3	-1.6019
4381b193-2845-49a0-bd81-cecb5063de3d	5	20094117	21370468	736	0.02
4381b193-2845-49a0-bd81-cecb5063de3d	5	21376735	21377744	3	-1.8111
4381b193-2845-49a0-bd81-cecb5063de3d	5	21385957	46191782	14966	0.0044
4381b193-2845-49a0-bd81-cecb5063de3d	5	46195781	46199333	4	-1.1363
4381b193-2845-49a0-bd81-cecb5063de3d	5	46209197	46251204	13	0.154
4381b193-2845-49a0-bd81-cecb5063de3d	5	46270906	46273400	8	1.0553
4381b193-2845-49a0-bd81-cecb5063de3d	5	46278110	82122944	19280	0.0066
4381b193-2845-49a0-bd81-cecb5063de3d	5	82123459	82123471	2	-2.5433
4381b193-2845-49a0-bd81-cecb5063de3d	5	82131663	181363319	62812	0.0018
4381b193-2845-49a0-bd81-cecb5063de3d	6	149661	254283	101	-0.0291
4381b193-2845-49a0-bd81-cecb5063de3d	6	257353	279695	13	0.5755
4381b193-2845-49a0-bd81-cecb5063de3d	6	280399	26747492	20100	-0.0003
4381b193-2845-49a0-bd81-cecb5063de3d	6	26747504	26759781	4	1.2957
4381b193-2845-49a0-bd81-cecb5063de3d	6	26831719	29869411	1416	-0.0057
4381b193-2845-49a0-bd81-cecb5063de3d	6	29869537	29882419	15	-1.1978
4381b193-2845-49a0-bd81-cecb5063de3d	6	29882497	32486746	1171	-0.0205
4381b193-2845-49a0-bd81-cecb5063de3d	6	32488906	32533522	13	1.7054
4381b193-2845-49a0-bd81-cecb5063de3d	6	32540699	33970966	846	0.0069
4381b193-2845-49a0-bd81-cecb5063de3d	6	33974234	33974928	6	-1.1593
4381b193-2845-49a0-bd81-cecb5063de3d	6	33976809	37246546	1877	-0.0059
4381b193-2845-49a0-bd81-cecb5063de3d	6	37251230	37251850	2	1.3869
4381b193-2845-49a0-bd81-cecb5063de3d	6	37251868	38421922	774	-0.008
4381b193-2845-49a0-bd81-cecb5063de3d	6	38424030	38433925	4	-1.2144
4381b193-2845-49a0-bd81-cecb5063de3d	6	38434845	54066269	10213	0.001
4381b193-2845-49a0-bd81-cecb5063de3d	6	54066286	54066621	6	0.8503
4381b193-2845-49a0-bd81-cecb5063de3d	6	54067005	73882142	10379	0.0031
4381b193-2845-49a0-bd81-cecb5063de3d	6	73882509	73891694	10	0.71
4381b193-2845-49a0-bd81-cecb5063de3d	6	73893839	78253172	2765	0.0074
4381b193-2845-49a0-bd81-cecb5063de3d	6	78259348	78325468	112	0.5009
4381b193-2845-49a0-bd81-cecb5063de3d	6	78329517	167225391	57541	0.0001
4381b193-2845-49a0-bd81-cecb5063de3d	6	167225674	170406441	1945	-0.0814
4381b193-2845-49a0-bd81-cecb5063de3d	6	170406574	170741917	135	0.0065
4381b193-2845-49a0-bd81-cecb5063de3d	7	43355	50354	12	-0.2219
4381b193-2845-49a0-bd81-cecb5063de3d	7	50944	63762	10	0.4957
4381b193-2845-49a0-bd81-cecb5063de3d	7	63778	65765	6	-0.8532
4381b193-2845-49a0-bd81-cecb5063de3d	7	68316	148300	61	-0.0983
4381b193-2845-49a0-bd81-cecb5063de3d	7	155066	161442	11	-0.8971
4381b193-2845-49a0-bd81-cecb5063de3d	7	161517	42103678	29904	0.0034
4381b193-2845-49a0-bd81-cecb5063de3d	7	42105907	42116659	9	-1.178
4381b193-2845-49a0-bd81-cecb5063de3d	7	42116764	47243291	3305	-0.0001
4381b193-2845-49a0-bd81-cecb5063de3d	7	47245685	47249326	7	-1.1679
4381b193-2845-49a0-bd81-cecb5063de3d	7	47252356	49133314	1274	-0.002
4381b193-2845-49a0-bd81-cecb5063de3d	7	49134548	49138236	8	-1.1496
4381b193-2845-49a0-bd81-cecb5063de3d	7	49140839	53145660	2987	-0.0013
4381b193-2845-49a0-bd81-cecb5063de3d	7	53146318	53154695	11	-1.0113
4381b193-2845-49a0-bd81-cecb5063de3d	7	53155021	54318812	844	-0.0009
4381b193-2845-49a0-bd81-cecb5063de3d	7	54318816	54318824	5	-2.1904
4381b193-2845-49a0-bd81-cecb5063de3d	7	54325795	143790571	49364	0.0045
4381b193-2845-49a0-bd81-cecb5063de3d	7	143799657	143850179	12	0.7895
4381b193-2845-49a0-bd81-cecb5063de3d	7	143875073	144295437	276	0.0225
4381b193-2845-49a0-bd81-cecb5063de3d	7	144306653	144352208	6	-0.9877
4381b193-2845-49a0-bd81-cecb5063de3d	7	144377836	155671335	7322	-0.003
4381b193-2845-49a0-bd81-cecb5063de3d	7	155673169	155674244	2	1.6721
4381b193-2845-49a0-bd81-cecb5063de3d	7	155676942	159334314	2314	-0.0235
4381b193-2845-49a0-bd81-cecb5063de3d	8	81254	16402103	14573	-0.0098
4381b193-2845-49a0-bd81-cecb5063de3d	8	16404726	16421186	29	-0.7713
4381b193-2845-49a0-bd81-cecb5063de3d	8	16425078	25116928	6845	0.0012
4381b193-2845-49a0-bd81-cecb5063de3d	8	25116961	25126735	25	0.7373
4381b193-2845-49a0-bd81-cecb5063de3d	8	25126818	39372664	9005	-0.0043
4381b193-2845-49a0-bd81-cecb5063de3d	8	39372806	39529446	61	0.8934
4381b193-2845-49a0-bd81-cecb5063de3d	8	39530780	40914477	1072	0.0052
4381b193-2845-49a0-bd81-cecb5063de3d	8	40920333	40920952	2	-2.2512
4381b193-2845-49a0-bd81-cecb5063de3d	8	40926161	49595050	3178	-0.0146
4381b193-2845-49a0-bd81-cecb5063de3d	8	49595143	49595696	3	1.2952
4381b193-2845-49a0-bd81-cecb5063de3d	8	49595775	50182307	396	0.0033
4381b193-2845-49a0-bd81-cecb5063de3d	8	50184729	50191490	6	-1.0829
4381b193-2845-49a0-bd81-cecb5063de3d	8	50201723	88916149	23636	0.0007
4381b193-2845-49a0-bd81-cecb5063de3d	8	88916697	88917248	3	-1.6894
4381b193-2845-49a0-bd81-cecb5063de3d	8	88917766	94545887	3413	0.0034
4381b193-2845-49a0-bd81-cecb5063de3d	8	94546864	94547604	4	-1.1475
4381b193-2845-49a0-bd81-cecb5063de3d	8	94547824	111282237	10250	0.0028
4381b193-2845-49a0-bd81-cecb5063de3d	8	111282417	111282973	5	-1.2795
4381b193-2845-49a0-bd81-cecb5063de3d	8	111283016	114628843	1844	0.0049
4381b193-2845-49a0-bd81-cecb5063de3d	8	114628907	114629502	9	0.7416
4381b193-2845-49a0-bd81-cecb5063de3d	8	114638468	119139771	3109	0.0123
4381b193-2845-49a0-bd81-cecb5063de3d	8	119142545	119147207	4	-0.8916
4381b193-2845-49a0-bd81-cecb5063de3d	8	119150615	121306310	1412	-0.0018
4381b193-2845-49a0-bd81-cecb5063de3d	8	121308836	121327482	15	0.6402
4381b193-2845-49a0-bd81-cecb5063de3d	8	121336061	121382546	32	0.0508
4381b193-2845-49a0-bd81-cecb5063de3d	8	121391767	121415115	19	0.6407
4381b193-2845-49a0-bd81-cecb5063de3d	8	121425143	128467791	5009	0.0054
4381b193-2845-49a0-bd81-cecb5063de3d	8	128467808	128469467	2	-1.4767
4381b193-2845-49a0-bd81-cecb5063de3d	8	128469968	140993377	9637	0.0011
4381b193-2845-49a0-bd81-cecb5063de3d	8	140993499	145072769	1804	-0.09
4381b193-2845-49a0-bd81-cecb5063de3d	9	46587	28044706	23952	0.0075
4381b193-2845-49a0-bd81-cecb5063de3d	9	28047590	28050693	5	-1.117
4381b193-2845-49a0-bd81-cecb5063de3d	9	28055605	39105783	7149	0.0075
4381b193-2845-49a0-bd81-cecb5063de3d	9	39110889	39588611	46	0.3602
4381b193-2845-49a0-bd81-cecb5063de3d	9	39747848	40099591	7	1.5342
4381b193-2845-49a0-bd81-cecb5063de3d	9	40099921	42014203	99	-0.0506
4381b193-2845-49a0-bd81-cecb5063de3d	9	42037471	42574420	37	-0.5813
4381b193-2845-49a0-bd81-cecb5063de3d	9	42585140	42719891	11	0.5686
4381b193-2845-49a0-bd81-cecb5063de3d	9	42720266	42814745	27	-0.0775
4381b193-2845-49a0-bd81-cecb5063de3d	9	42815231	61405110	17	0.4298
4381b193-2845-49a0-bd81-cecb5063de3d	9	61520021	61629689	28	-1.3658
4381b193-2845-49a0-bd81-cecb5063de3d	9	61633080	64510407	105	0.0147
4381b193-2845-49a0-bd81-cecb5063de3d	9	64520620	64839518	13	1.0486
4381b193-2845-49a0-bd81-cecb5063de3d	9	64845973	106892243	27113	0.0022
4381b193-2845-49a0-bd81-cecb5063de3d	9	106909450	106914149	6	-1.1112
4381b193-2845-49a0-bd81-cecb5063de3d	9	106914612	114320531	5716	0.0032
4381b193-2845-49a0-bd81-cecb5063de3d	9	114325122	114326042	2	1.9551
4381b193-2845-49a0-bd81-cecb5063de3d	9	114330749	135319522	13971	0.0024
4381b193-2845-49a0-bd81-cecb5063de3d	9	135322259	135323776	2	-1.8881
4381b193-2845-49a0-bd81-cecb5063de3d	9	135324566	137358495	698	-0.0417
4381b193-2845-49a0-bd81-cecb5063de3d	9	137361190	137361266	2	-2.0107
4381b193-2845-49a0-bd81-cecb5063de3d	9	137361381	138160309	399	-0.017
4381b193-2845-49a0-bd81-cecb5063de3d	9	138177023	138200944	8	-0.5515
4381b193-2845-49a0-bd81-cecb5063de3d	10	45792	2910645	2325	-0.0145
4381b193-2845-49a0-bd81-cecb5063de3d	10	2910855	2915989	2	1.6804
4381b193-2845-49a0-bd81-cecb5063de3d	10	2917539	4244878	1243	-0.0118
4381b193-2845-49a0-bd81-cecb5063de3d	10	4248622	4248824	4	1.0497
4381b193-2845-49a0-bd81-cecb5063de3d	10	4251879	5125961	832	0.021
4381b193-2845-49a0-bd81-cecb5063de3d	10	5125983	5127974	2	1.5609
4381b193-2845-49a0-bd81-cecb5063de3d	10	5132283	24086334	14764	-0.0004
4381b193-2845-49a0-bd81-cecb5063de3d	10	24088745	24089125	11	1.3271
4381b193-2845-49a0-bd81-cecb5063de3d	10	24089979	26934974	1982	-0.0037
4381b193-2845-49a0-bd81-cecb5063de3d	10	26936975	26938795	7	-1.0675
4381b193-2845-49a0-bd81-cecb5063de3d	10	26938836	65548178	23205	0.0055
4381b193-2845-49a0-bd81-cecb5063de3d	10	65548193	65563037	27	0.4854
4381b193-2845-49a0-bd81-cecb5063de3d	10	65563168	87154153	14405	-0.0023
4381b193-2845-49a0-bd81-cecb5063de3d	10	87162547	87169663	2	-2.2364
4381b193-2845-49a0-bd81-cecb5063de3d	10	87171756	87310039	23	0.1814
4381b193-2845-49a0-bd81-cecb5063de3d	10	87310988	87357543	12	-0.8101
4381b193-2845-49a0-bd81-cecb5063de3d	10	87371433	123460520	24493	0.0035
4381b193-2845-49a0-bd81-cecb5063de3d	10	123462218	123465404	7	-1.1665
4381b193-2845-49a0-bd81-cecb5063de3d	10	123466662	130186123	5004	0.0052
4381b193-2845-49a0-bd81-cecb5063de3d	10	130186976	133420671	2081	-0.0559
4381b193-2845-49a0-bd81-cecb5063de3d	10	133420688	133574371	113	0.5725
4381b193-2845-49a0-bd81-cecb5063de3d	10	133576350	133654968	32	-0.0318
4381b193-2845-49a0-bd81-cecb5063de3d	11	198510	277099	53	-0.0922
4381b193-2845-49a0-bd81-cecb5063de3d	11	283928	456012	51	-0.3027
4381b193-2845-49a0-bd81-cecb5063de3d	11	456120	4946166	2307	-0.0115
4381b193-2845-49a0-bd81-cecb5063de3d	11	4946420	4955042	31	0.6635
4381b193-2845-49a0-bd81-cecb5063de3d	11	4955781	5766862	785	0.0089
4381b193-2845-49a0-bd81-cecb5063de3d	11	5768371	5817683	56	-0.3097
4381b193-2845-49a0-bd81-cecb5063de3d	11	5818924	5850293	43	-0.0275
4381b193-2845-49a0-bd81-cecb5063de3d	11	5851007	5862087	7	-1.1044
4381b193-2845-49a0-bd81-cecb5063de3d	11	5864481	6349146	336	0.0207
4381b193-2845-49a0-bd81-cecb5063de3d	11	6349314	6350383	2	-1.4697
4381b193-2845-49a0-bd81-cecb5063de3d	11	6350678	12308374	4533	-0.0008
4381b193-2845-49a0-bd81-cecb5063de3d	11	12315765	12315776	2	-1.9349
4381b193-2845-49a0-bd81-cecb5063de3d	11	12317262	18919323	4447	-0.0028
4381b193-2845-49a0-bd81-cecb5063de3d	11	18927525	18949158	48	0.403
4381b193-2845-49a0-bd81-cecb5063de3d	11	18949201	36948620	13285	0.0068
4381b193-2845-49a0-bd81-cecb5063de3d	11	36948644	37124212	153	0.1729
4381b193-2845-49a0-bd81-cecb5063de3d	11	37124544	39842802	1620	0.0022
4381b193-2845-49a0-bd81-cecb5063de3d	11	39843444	39844001	6	-0.9087
4381b193-2845-49a0-bd81-cecb5063de3d	11	39846133	54743970	6374	0
4381b193-2845-49a0-bd81-cecb5063de3d	11	54762035	54766290	3	-1.3092
4381b193-2845-49a0-bd81-cecb5063de3d	11	54782119	55609201	299	0.0426
4381b193-2845-49a0-bd81-cecb5063de3d	11	55609206	55674842	34	-0.3637
4381b193-2845-49a0-bd81-cecb5063de3d	11	55676735	59042524	2080	0.0064
4381b193-2845-49a0-bd81-cecb5063de3d	11	59043768	59086292	22	0.5012
4381b193-2845-49a0-bd81-cecb5063de3d	11	59087546	60461318	846	0.0017
4381b193-2845-49a0-bd81-cecb5063de3d	11	60461341	60461921	8	-0.9943
4381b193-2845-49a0-bd81-cecb5063de3d	11	60463593	63612378	1716	-0.0018
4381b193-2845-49a0-bd81-cecb5063de3d	11	63612454	63615453	2	2.0103
4381b193-2845-49a0-bd81-cecb5063de3d	11	63628912	67697535	1544	-0.0357
4381b193-2845-49a0-bd81-cecb5063de3d	11	67699048	67736185	14	-0.6464
4381b193-2845-49a0-bd81-cecb5063de3d	11	67739926	86594619	11511	-0.0014
4381b193-2845-49a0-bd81-cecb5063de3d	11	86594771	86595012	5	-1.069
4381b193-2845-49a0-bd81-cecb5063de3d	11	86604132	93201167	4398	-0.0017
4381b193-2845-49a0-bd81-cecb5063de3d	11	93202996	93205318	3	-3.5072
4381b193-2845-49a0-bd81-cecb5063de3d	11	93208587	93287317	40	-0.0711
4381b193-2845-49a0-bd81-cecb5063de3d	11	93288077	93296295	2	-3.1941
4381b193-2845-49a0-bd81-cecb5063de3d	11	93297287	101723653	6348	0.0022
4381b193-2845-49a0-bd81-cecb5063de3d	11	101727129	101727233	4	1.3655
4381b193-2845-49a0-bd81-cecb5063de3d	11	101727481	135074876	23699	0.0013
4381b193-2845-49a0-bd81-cecb5063de3d	12	51460	8204911	5529	-0.0149
4381b193-2845-49a0-bd81-cecb5063de3d	12	8209454	8220161	9	1.0726
4381b193-2845-49a0-bd81-cecb5063de3d	12	8241232	9481274	629	-0.0132
4381b193-2845-49a0-bd81-cecb5063de3d	12	9485313	9562969	22	-1.8671
4381b193-2845-49a0-bd81-cecb5063de3d	12	9575696	11351008	1173	0.0068
4381b193-2845-49a0-bd81-cecb5063de3d	12	11351041	11390452	32	0.6334
4381b193-2845-49a0-bd81-cecb5063de3d	12	11390472	33148472	15368	0.004
4381b193-2845-49a0-bd81-cecb5063de3d	12	33148492	33154440	26	-0.6649
4381b193-2845-49a0-bd81-cecb5063de3d	12	33155426	45506042	5586	0.0166
4381b193-2845-49a0-bd81-cecb5063de3d	12	45510655	45515754	4	-1.48
4381b193-2845-49a0-bd81-cecb5063de3d	12	45519509	99398036	33676	0.0044
4381b193-2845-49a0-bd81-cecb5063de3d	12	99401515	99404956	31	-1.6778
4381b193-2845-49a0-bd81-cecb5063de3d	12	99409315	130445568	21155	-0.0029
4381b193-2845-49a0-bd81-cecb5063de3d	12	130447156	130494743	42	-0.4258
4381b193-2845-49a0-bd81-cecb5063de3d	12	130495925	130664763	147	0.0334
4381b193-2845-49a0-bd81-cecb5063de3d	12	130664989	130665614	5	-1.1356
4381b193-2845-49a0-bd81-cecb5063de3d	12	130665824	133201603	1337	-0.0344
4381b193-2845-49a0-bd81-cecb5063de3d	13	18452809	23055038	2852	-0.008
4381b193-2845-49a0-bd81-cecb5063de3d	13	23055048	23059376	14	-0.682
4381b193-2845-49a0-bd81-cecb5063de3d	13	23064056	23188118	123	0.0323
4381b193-2845-49a0-bd81-cecb5063de3d	13	23188668	23189143	2	1.4593
4381b193-2845-49a0-bd81-cecb5063de3d	13	23189992	37496998	10470	-0.002
4381b193-2845-49a0-bd81-cecb5063de3d	13	37497899	37514193	17	0.7933
4381b193-2845-49a0-bd81-cecb5063de3d	13	37514237	57176962	12513	0.0021
4381b193-2845-49a0-bd81-cecb5063de3d	13	57184136	57204246	34	-0.649
4381b193-2845-49a0-bd81-cecb5063de3d	13	57215580	68668123	6886	0.0057
4381b193-2845-49a0-bd81-cecb5063de3d	13	68674167	68694110	38	-0.7843
4381b193-2845-49a0-bd81-cecb5063de3d	13	68694987	71902850	2062	-0.001
4381b193-2845-49a0-bd81-cecb5063de3d	13	71903417	71905409	2	-1.5971
4381b193-2845-49a0-bd81-cecb5063de3d	13	71906311	72317872	354	-0.0034
4381b193-2845-49a0-bd81-cecb5063de3d	13	72320699	72324442	5	-0.9322
4381b193-2845-49a0-bd81-cecb5063de3d	13	72329817	106730287	23421	0.0031
4381b193-2845-49a0-bd81-cecb5063de3d	13	106731890	106732362	2	-1.8271
4381b193-2845-49a0-bd81-cecb5063de3d	13	106732887	114342922	5263	-0.0166
4381b193-2845-49a0-bd81-cecb5063de3d	14	18239283	19185951	39	-0.0279
4381b193-2845-49a0-bd81-cecb5063de3d	14	19197351	19955213	128	0.3576
4381b193-2845-49a0-bd81-cecb5063de3d	14	19956767	23986216	2712	-0.0034
4381b193-2845-49a0-bd81-cecb5063de3d	14	23989435	23989734	3	-1.568
4381b193-2845-49a0-bd81-cecb5063de3d	14	23992645	26314697	1612	0.0078
4381b193-2845-49a0-bd81-cecb5063de3d	14	26314707	26314712	6	1.0166
4381b193-2845-49a0-bd81-cecb5063de3d	14	26315707	106284182	50529	0.0032
4381b193-2845-49a0-bd81-cecb5063de3d	14	106290131	106360014	30	0.6482
4381b193-2845-49a0-bd81-cecb5063de3d	14	106362628	106877229	273	-0.0308
4381b193-2845-49a0-bd81-cecb5063de3d	15	19811075	19998708	44	-0.0339
4381b193-2845-49a0-bd81-cecb5063de3d	15	20001686	21975606	132	-0.4977
4381b193-2845-49a0-bd81-cecb5063de3d	15	21997003	22003073	3	1.6436
4381b193-2845-49a0-bd81-cecb5063de3d	15	22005276	24429740	1020	-0.02
4381b193-2845-49a0-bd81-cecb5063de3d	15	24429986	24473026	31	-2.0214
4381b193-2845-49a0-bd81-cecb5063de3d	15	24473449	30077828	3594	-0.0075
4381b193-2845-49a0-bd81-cecb5063de3d	15	30094208	30608675	38	-0.6697
4381b193-2845-49a0-bd81-cecb5063de3d	15	30621384	101928837	46643	0.0001
4381b193-2845-49a0-bd81-cecb5063de3d	16	10777	836376	327	-0.112
4381b193-2845-49a0-bd81-cecb5063de3d	16	848328	12590995	9135	-0.0006
4381b193-2845-49a0-bd81-cecb5063de3d	16	12591086	12620537	69	-0.1314
4381b193-2845-49a0-bd81-cecb5063de3d	16	12620596	12620922	2	-1.6932
4381b193-2845-49a0-bd81-cecb5063de3d	16	12621322	19933041	3915	-0.0194
4381b193-2845-49a0-bd81-cecb5063de3d	16	19934328	19956040	29	-1.0062
4381b193-2845-49a0-bd81-cecb5063de3d	16	19958932	32081442	6468	-0.0035
4381b193-2845-49a0-bd81-cecb5063de3d	16	32113010	33045427	42	0.5455
4381b193-2845-49a0-bd81-cecb5063de3d	16	33340712	55761136	6913	0.001
4381b193-2845-49a0-bd81-cecb5063de3d	16	55762477	55762682	4	-0.9982
4381b193-2845-49a0-bd81-cecb5063de3d	16	55764310	55764867	3	2.4888
4381b193-2845-49a0-bd81-cecb5063de3d	16	55770436	55782734	11	-0.3967
4381b193-2845-49a0-bd81-cecb5063de3d	16	55782793	66321930	7030	-0.0007
4381b193-2845-49a0-bd81-cecb5063de3d	16	66322816	66329819	3	-1.7119
4381b193-2845-49a0-bd81-cecb5063de3d	16	66330810	78338543	7240	-0.0029
4381b193-2845-49a0-bd81-cecb5063de3d	16	78338714	78350841	14	0.7374
4381b193-2845-49a0-bd81-cecb5063de3d	16	78350868	81126176	3196	0.0081
4381b193-2845-49a0-bd81-cecb5063de3d	16	81126304	81231246	120	-0.1766
4381b193-2845-49a0-bd81-cecb5063de3d	16	81233162	84008711	3022	-0.0081
4381b193-2845-49a0-bd81-cecb5063de3d	16	84009243	84906427	804	-0.0967
4381b193-2845-49a0-bd81-cecb5063de3d	16	84910080	86518888	1442	-0.0181
4381b193-2845-49a0-bd81-cecb5063de3d	16	86518894	86519041	2	-1.4776
4381b193-2845-49a0-bd81-cecb5063de3d	16	86519107	88003722	1140	0.0047
4381b193-2845-49a0-bd81-cecb5063de3d	16	88005544	90031340	818	-0.1443
4381b193-2845-49a0-bd81-cecb5063de3d	16	90031587	90096867	54	0.0328
4381b193-2845-49a0-bd81-cecb5063de3d	17	150733	4650004	2438	-0.0582
4381b193-2845-49a0-bd81-cecb5063de3d	17	4651849	4652124	2	-2.7725
4381b193-2845-49a0-bd81-cecb5063de3d	17	4662422	4702196	22	0.0134
4381b193-2845-49a0-bd81-cecb5063de3d	17	4708504	4708581	2	-2.5897
4381b193-2845-49a0-bd81-cecb5063de3d	17	4711803	5453593	322	-0.0209
4381b193-2845-49a0-bd81-cecb5063de3d	17	5454180	5455870	2	-2.1143
4381b193-2845-49a0-bd81-cecb5063de3d	17	5458293	8339592	1739	-0.0034
4381b193-2845-49a0-bd81-cecb5063de3d	17	8344229	8344415	2	-3.6309
4381b193-2845-49a0-bd81-cecb5063de3d	17	8346140	36109139	13699	-0.0045
4381b193-2845-49a0-bd81-cecb5063de3d	17	36109315	36460442	39	0.4722
4381b193-2845-49a0-bd81-cecb5063de3d	17	36463349	41224178	2502	-0.0115
4381b193-2845-49a0-bd81-cecb5063de3d	17	41231308	41251089	9	-0.9271
4381b193-2845-49a0-bd81-cecb5063de3d	17	41251605	46099741	2540	-0.0064
4381b193-2845-49a0-bd81-cecb5063de3d	17	46100092	46323701	115	-0.4053
4381b193-2845-49a0-bd81-cecb5063de3d	17	46351954	83091923	21548	-0.0083
4381b193-2845-49a0-bd81-cecb5063de3d	18	48133	122470	13	-0.2547
4381b193-2845-49a0-bd81-cecb5063de3d	18	136240	13805031	9812	0.0024
4381b193-2845-49a0-bd81-cecb5063de3d	18	13808767	13812282	8	-1.612
4381b193-2845-49a0-bd81-cecb5063de3d	18	13816179	14795007	398	0.0096
4381b193-2845-49a0-bd81-cecb5063de3d	18	14795841	14810459	5	-0.8372
4381b193-2845-49a0-bd81-cecb5063de3d	18	14811441	24628025	2192	0.0081
4381b193-2845-49a0-bd81-cecb5063de3d	18	24628253	24628830	3	1.2032
4381b193-2845-49a0-bd81-cecb5063de3d	18	24629195	36831274	7883	0.0051
4381b193-2845-49a0-bd81-cecb5063de3d	18	36831339	36831720	5	-1.0677
4381b193-2845-49a0-bd81-cecb5063de3d	18	36831814	44394050	4828	0.0043
4381b193-2845-49a0-bd81-cecb5063de3d	18	44396921	44398660	6	-0.9924
4381b193-2845-49a0-bd81-cecb5063de3d	18	44402706	63211396	13052	0.0032
4381b193-2845-49a0-bd81-cecb5063de3d	18	63212518	63212566	2	-3.7506
4381b193-2845-49a0-bd81-cecb5063de3d	18	63213063	79373383	12076	0.001
4381b193-2845-49a0-bd81-cecb5063de3d	18	79379494	80052042	294	-0.1391
4381b193-2845-49a0-bd81-cecb5063de3d	18	80052689	80257174	120	-0.0165
4381b193-2845-49a0-bd81-cecb5063de3d	19	90910	5689994	1678	-0.021
4381b193-2845-49a0-bd81-cecb5063de3d	19	5690761	5696951	2	-2.5147
4381b193-2845-49a0-bd81-cecb5063de3d	19	5700464	54725849	25079	-0.0066
4381b193-2845-49a0-bd81-cecb5063de3d	19	54726927	54836508	38	0.4654
4381b193-2845-49a0-bd81-cecb5063de3d	19	54837236	58528332	2261	-0.0114
4381b193-2845-49a0-bd81-cecb5063de3d	19	58528370	58586487	23	-0.4252
4381b193-2845-49a0-bd81-cecb5063de3d	20	80664	1571811	1182	-0.0247
4381b193-2845-49a0-bd81-cecb5063de3d	20	1576544	1580156	18	0.8119
4381b193-2845-49a0-bd81-cecb5063de3d	20	1580276	1590106	13	1.9783
4381b193-2845-49a0-bd81-cecb5063de3d	20	1590128	1590457	4	5.9256
4381b193-2845-49a0-bd81-cecb5063de3d	20	1590626	1601561	22	2.2999
4381b193-2845-49a0-bd81-cecb5063de3d	20	1609611	63598754	40783	0.0006
4381b193-2845-49a0-bd81-cecb5063de3d	20	63599621	64324800	304	-0.1685
4381b193-2845-49a0-bd81-cecb5063de3d	21	10354168	45218478	22983	0.0006
4381b193-2845-49a0-bd81-cecb5063de3d	21	45220111	45588332	192	-0.1605
4381b193-2845-49a0-bd81-cecb5063de3d	21	45591428	46677045	653	-0.043
4381b193-2845-49a0-bd81-cecb5063de3d	22	15294547	23987520	4388	-0.0483
4381b193-2845-49a0-bd81-cecb5063de3d	22	23988078	23989773	2	-3.2734
4381b193-2845-49a0-bd81-cecb5063de3d	22	23990431	42496590	12745	-0.0073
4381b193-2845-49a0-bd81-cecb5063de3d	22	42501276	42547636	24	-0.4523
4381b193-2845-49a0-bd81-cecb5063de3d	22	42554485	48929714	4893	-0.0026
4381b193-2845-49a0-bd81-cecb5063de3d	22	48930387	50796027	1195	-0.1312
4381b193-2845-49a0-bd81-cecb5063de3d	X	251810	7641450	3748	0.0026
4381b193-2845-49a0-bd81-cecb5063de3d	X	7641953	7643017	2	1.6861
4381b193-2845-49a0-bd81-cecb5063de3d	X	7643064	72741009	34109	0.0059
4381b193-2845-49a0-bd81-cecb5063de3d	X	72804528	72915924	2	2.6071
4381b193-2845-49a0-bd81-cecb5063de3d	X	72980271	82140813	4226	0.0028
4381b193-2845-49a0-bd81-cecb5063de3d	X	82141047	82156695	37	-0.9209
4381b193-2845-49a0-bd81-cecb5063de3d	X	82156814	83009777	414	0.0098
4381b193-2845-49a0-bd81-cecb5063de3d	X	83009813	83026077	10	0.7078
4381b193-2845-49a0-bd81-cecb5063de3d	X	83028621	85575594	1351	-0.0015
4381b193-2845-49a0-bd81-cecb5063de3d	X	85575891	85602129	22	-0.7208
4381b193-2845-49a0-bd81-cecb5063de3d	X	85602206	155952689	39646	-0.0006
4381b193-2845-49a0-bd81-cecb5063de3d	Y	2782397	6249869	784	-2.7126
4381b193-2845-49a0-bd81-cecb5063de3d	Y	6252391	8484811	1072	-3.1351
4381b193-2845-49a0-bd81-cecb5063de3d	Y	8485666	9588003	418	-3.5057
4381b193-2845-49a0-bd81-cecb5063de3d	Y	9590178	12912709	739	-3.0519
4381b193-2845-49a0-bd81-cecb5063de3d	Y	12914512	12918905	5	-6.0343
4381b193-2845-49a0-bd81-cecb5063de3d	Y	12920376	13478396	246	-3.0446
4381b193-2845-49a0-bd81-cecb5063de3d	Y	13478462	13482643	3	-7.6945
4381b193-2845-49a0-bd81-cecb5063de3d	Y	13483009	25971733	3200	-3.1843
4381b193-2845-49a0-bd81-cecb5063de3d	Y	26077669	56872112	172	-2.7631
