GDC_Aliquot	Chromosome	Start	End	Num_Probes	Segment_Mean
0aac83d9-dfb0-4aa8-9fc4-b12acef7fdee	1	62920	15823420	8305	-0.1863
0aac83d9-dfb0-4aa8-9fc4-b12acef7fdee	1	15827002	15827430	6	-1.7675
0aac83d9-dfb0-4aa8-9fc4-b12acef7fdee	1	15827706	105470754	54992	-0.1659
0aac83d9-dfb0-4aa8-9fc4-b12acef7fdee	1	105476583	105479722	15	0.8684
0aac83d9-dfb0-4aa8-9fc4-b12acef7fdee	1	105479738	111385772	3937	-0.1457
0aac83d9-dfb0-4aa8-9fc4-b12acef7fdee	1	111386515	111390609	5	-2.4203
0aac83d9-dfb0-4aa8-9fc4-b12acef7fdee	1	111393046	112153651	621	-0.1433
0aac83d9-dfb0-4aa8-9fc4-b12acef7fdee	1	112153686	112154576	17	0.5884
0aac83d9-dfb0-4aa8-9fc4-b12acef7fdee	1	112154591	152583230	7552	-0.1602
0aac83d9-dfb0-4aa8-9fc4-b12acef7fdee	1	152583291	152614100	33	0.9165
0aac83d9-dfb0-4aa8-9fc4-b12acef7fdee	1	152614118	152787202	165	-0.1062
0aac83d9-dfb0-4aa8-9fc4-b12acef7fdee	1	152789447	152796224	37	0.624
0aac83d9-dfb0-4aa8-9fc4-b12acef7fdee	1	152801429	199142393	30624	-0.1621
0aac83d9-dfb0-4aa8-9fc4-b12acef7fdee	1	199142562	199143883	5	-1.9376
0aac83d9-dfb0-4aa8-9fc4-b12acef7fdee	1	199144712	248930189	34120	-0.1696
0aac83d9-dfb0-4aa8-9fc4-b12acef7fdee	2	12784	4155597	2969	-0.1624
0aac83d9-dfb0-4aa8-9fc4-b12acef7fdee	2	4155990	4176429	44	-1.149
0aac83d9-dfb0-4aa8-9fc4-b12acef7fdee	2	4182472	34466002	20871	-0.1517
0aac83d9-dfb0-4aa8-9fc4-b12acef7fdee	2	34474248	34502718	42	0.4795
0aac83d9-dfb0-4aa8-9fc4-b12acef7fdee	2	34502784	97355895	36563	-0.151
0aac83d9-dfb0-4aa8-9fc4-b12acef7fdee	2	97355911	97550415	14	-1.194
0aac83d9-dfb0-4aa8-9fc4-b12acef7fdee	2	97552143	106266773	5523	-0.1455
0aac83d9-dfb0-4aa8-9fc4-b12acef7fdee	2	106266875	106268523	5	-1.6541
0aac83d9-dfb0-4aa8-9fc4-b12acef7fdee	2	106268557	128880504	13290	-0.1468
0aac83d9-dfb0-4aa8-9fc4-b12acef7fdee	2	128880904	128882741	15	-1.6059
0aac83d9-dfb0-4aa8-9fc4-b12acef7fdee	2	128882755	146103818	10332	-0.1375
0aac83d9-dfb0-4aa8-9fc4-b12acef7fdee	2	146103836	146109366	27	0.4299
0aac83d9-dfb0-4aa8-9fc4-b12acef7fdee	2	146120238	206705079	36097	-0.1427
0aac83d9-dfb0-4aa8-9fc4-b12acef7fdee	2	206705398	206709843	2	-2.8952
0aac83d9-dfb0-4aa8-9fc4-b12acef7fdee	2	206710220	207490231	524	-0.119
0aac83d9-dfb0-4aa8-9fc4-b12acef7fdee	2	207490454	207494612	15	-1.5692
0aac83d9-dfb0-4aa8-9fc4-b12acef7fdee	2	207494752	242147305	21912	-0.1486
0aac83d9-dfb0-4aa8-9fc4-b12acef7fdee	3	20930	70500365	48785	-0.1682
0aac83d9-dfb0-4aa8-9fc4-b12acef7fdee	3	70501049	70501311	2	-5.0237
0aac83d9-dfb0-4aa8-9fc4-b12acef7fdee	3	70501561	130062033	32959	-0.1625
0aac83d9-dfb0-4aa8-9fc4-b12acef7fdee	3	130067097	130073932	18	0.5859
0aac83d9-dfb0-4aa8-9fc4-b12acef7fdee	3	130073945	130079938	10	1.3478
0aac83d9-dfb0-4aa8-9fc4-b12acef7fdee	3	130080170	130124370	20	0.7481
0aac83d9-dfb0-4aa8-9fc4-b12acef7fdee	3	130124631	139553128	5619	0.3133
0aac83d9-dfb0-4aa8-9fc4-b12acef7fdee	3	139554075	162790480	14473	0.5042
0aac83d9-dfb0-4aa8-9fc4-b12acef7fdee	3	162794869	162906054	65	-0.9817
0aac83d9-dfb0-4aa8-9fc4-b12acef7fdee	3	162906065	175214913	7444	0.5075
0aac83d9-dfb0-4aa8-9fc4-b12acef7fdee	3	175215438	175701160	417	0.1813
0aac83d9-dfb0-4aa8-9fc4-b12acef7fdee	3	175707475	180758495	3076	0.4926
0aac83d9-dfb0-4aa8-9fc4-b12acef7fdee	3	180759507	180759715	2	-1.5774
0aac83d9-dfb0-4aa8-9fc4-b12acef7fdee	3	180761369	193160256	8086	0.492
0aac83d9-dfb0-4aa8-9fc4-b12acef7fdee	3	193160406	193165114	17	-0.9762
0aac83d9-dfb0-4aa8-9fc4-b12acef7fdee	3	193168646	195559056	1473	0.4868
0aac83d9-dfb0-4aa8-9fc4-b12acef7fdee	3	195656271	195747892	44	-0.3242
0aac83d9-dfb0-4aa8-9fc4-b12acef7fdee	3	195751823	198106569	1122	0.471
0aac83d9-dfb0-4aa8-9fc4-b12acef7fdee	3	198106673	198109014	20	-0.1112
0aac83d9-dfb0-4aa8-9fc4-b12acef7fdee	3	198111342	198169114	17	0.5892
0aac83d9-dfb0-4aa8-9fc4-b12acef7fdee	3	198169131	198169247	3	-0.5173
0aac83d9-dfb0-4aa8-9fc4-b12acef7fdee	4	68929	10208766	5654	-0.1695
0aac83d9-dfb0-4aa8-9fc4-b12acef7fdee	4	10221792	10229874	28	-0.7183
0aac83d9-dfb0-4aa8-9fc4-b12acef7fdee	4	10232590	34777432	16825	-0.1593
0aac83d9-dfb0-4aa8-9fc4-b12acef7fdee	4	34784878	34822561	37	0.5014
0aac83d9-dfb0-4aa8-9fc4-b12acef7fdee	4	34823103	39702143	3289	-0.1571
0aac83d9-dfb0-4aa8-9fc4-b12acef7fdee	4	39702577	39702789	2	-2.5785
0aac83d9-dfb0-4aa8-9fc4-b12acef7fdee	4	39706320	45003835	3285	-0.174
0aac83d9-dfb0-4aa8-9fc4-b12acef7fdee	4	45004175	45004318	3	-2.3311
0aac83d9-dfb0-4aa8-9fc4-b12acef7fdee	4	45008952	47223324	1162	-0.1537
0aac83d9-dfb0-4aa8-9fc4-b12acef7fdee	4	47224187	47225283	2	-2.5253
0aac83d9-dfb0-4aa8-9fc4-b12acef7fdee	4	47226013	60461594	6784	-0.1602
0aac83d9-dfb0-4aa8-9fc4-b12acef7fdee	4	60464276	60465899	2	2.0827
0aac83d9-dfb0-4aa8-9fc4-b12acef7fdee	4	60469846	62802116	1324	-0.1553
0aac83d9-dfb0-4aa8-9fc4-b12acef7fdee	4	62804218	62805944	8	-1.262
0aac83d9-dfb0-4aa8-9fc4-b12acef7fdee	4	62813912	63840033	568	-0.1555
0aac83d9-dfb0-4aa8-9fc4-b12acef7fdee	4	63841863	63842540	8	-1.9567
0aac83d9-dfb0-4aa8-9fc4-b12acef7fdee	4	63850713	66915450	1951	-0.1631
0aac83d9-dfb0-4aa8-9fc4-b12acef7fdee	4	66915899	66918991	2	-2.5551
0aac83d9-dfb0-4aa8-9fc4-b12acef7fdee	4	66919590	68494770	886	-0.1634
0aac83d9-dfb0-4aa8-9fc4-b12acef7fdee	4	68501424	68639397	68	0.4769
0aac83d9-dfb0-4aa8-9fc4-b12acef7fdee	4	68640616	179885857	67016	-0.1509
0aac83d9-dfb0-4aa8-9fc4-b12acef7fdee	4	179888113	179890521	3	-2.1705
0aac83d9-dfb0-4aa8-9fc4-b12acef7fdee	4	179891426	190106768	7140	-0.1591
0aac83d9-dfb0-4aa8-9fc4-b12acef7fdee	5	15532	733497	320	0.5278
0aac83d9-dfb0-4aa8-9fc4-b12acef7fdee	5	741924	825538	30	-0.2199
0aac83d9-dfb0-4aa8-9fc4-b12acef7fdee	5	833513	21376735	15196	0.4942
0aac83d9-dfb0-4aa8-9fc4-b12acef7fdee	5	21377730	21377744	2	-1.9184
0aac83d9-dfb0-4aa8-9fc4-b12acef7fdee	5	21385957	21449167	44	0.4739
0aac83d9-dfb0-4aa8-9fc4-b12acef7fdee	5	21451091	21452329	5	-1.7475
0aac83d9-dfb0-4aa8-9fc4-b12acef7fdee	5	21452387	181363319	96362	0.4963
0aac83d9-dfb0-4aa8-9fc4-b12acef7fdee	6	149661	66331558	41630	-0.1648
0aac83d9-dfb0-4aa8-9fc4-b12acef7fdee	6	66332822	66333299	5	-3.1411
0aac83d9-dfb0-4aa8-9fc4-b12acef7fdee	6	66333342	76726815	6741	-0.1588
0aac83d9-dfb0-4aa8-9fc4-b12acef7fdee	6	76730151	76733530	11	-1.7564
0aac83d9-dfb0-4aa8-9fc4-b12acef7fdee	6	76736482	78259348	980	-0.1659
0aac83d9-dfb0-4aa8-9fc4-b12acef7fdee	6	78259388	78262085	5	0.7183
0aac83d9-dfb0-4aa8-9fc4-b12acef7fdee	6	78262117	78285373	23	-0.0026
0aac83d9-dfb0-4aa8-9fc4-b12acef7fdee	6	78285389	78325468	81	0.4425
0aac83d9-dfb0-4aa8-9fc4-b12acef7fdee	6	78329517	103286950	15339	-0.1591
0aac83d9-dfb0-4aa8-9fc4-b12acef7fdee	6	103286954	103311850	41	0.5478
0aac83d9-dfb0-4aa8-9fc4-b12acef7fdee	6	103311950	118486628	9209	-0.1641
0aac83d9-dfb0-4aa8-9fc4-b12acef7fdee	6	118486684	118492157	4	-2.5706
0aac83d9-dfb0-4aa8-9fc4-b12acef7fdee	6	118492387	170741917	34554	-0.1616
0aac83d9-dfb0-4aa8-9fc4-b12acef7fdee	7	43355	7018997	3471	0.4452
0aac83d9-dfb0-4aa8-9fc4-b12acef7fdee	7	7019041	22395161	12458	0.5085
0aac83d9-dfb0-4aa8-9fc4-b12acef7fdee	7	22395853	22396868	2	-2.4444
0aac83d9-dfb0-4aa8-9fc4-b12acef7fdee	7	22399135	54305455	22274	0.4947
0aac83d9-dfb0-4aa8-9fc4-b12acef7fdee	7	54318812	54318824	6	-1.8377
0aac83d9-dfb0-4aa8-9fc4-b12acef7fdee	7	54325795	55669924	1121	0.5
0aac83d9-dfb0-4aa8-9fc4-b12acef7fdee	7	55673408	77725973	7631	0.4384
0aac83d9-dfb0-4aa8-9fc4-b12acef7fdee	7	77728096	89725622	7783	0.5169
0aac83d9-dfb0-4aa8-9fc4-b12acef7fdee	7	89732426	89733704	3	2.1966
0aac83d9-dfb0-4aa8-9fc4-b12acef7fdee	7	89733704	97873828	5211	0.489
0aac83d9-dfb0-4aa8-9fc4-b12acef7fdee	7	97882049	102806782	1998	0.4027
0aac83d9-dfb0-4aa8-9fc4-b12acef7fdee	7	102807005	126404920	14474	0.5014
0aac83d9-dfb0-4aa8-9fc4-b12acef7fdee	7	126405428	126406561	12	1.8857
0aac83d9-dfb0-4aa8-9fc4-b12acef7fdee	7	126406822	134100424	4671	0.475
0aac83d9-dfb0-4aa8-9fc4-b12acef7fdee	7	134100442	134105690	24	1.2999
0aac83d9-dfb0-4aa8-9fc4-b12acef7fdee	7	134110881	154598185	12772	0.4906
0aac83d9-dfb0-4aa8-9fc4-b12acef7fdee	7	154601461	154607903	4	-1.8968
0aac83d9-dfb0-4aa8-9fc4-b12acef7fdee	7	154609120	159334314	3220	0.4765
0aac83d9-dfb0-4aa8-9fc4-b12acef7fdee	8	81254	39373140	30211	-0.1733
0aac83d9-dfb0-4aa8-9fc4-b12acef7fdee	8	39378084	39529446	59	0.7305
0aac83d9-dfb0-4aa8-9fc4-b12acef7fdee	8	39530780	40324478	582	-0.1692
0aac83d9-dfb0-4aa8-9fc4-b12acef7fdee	8	40324598	40331992	34	-1.3973
0aac83d9-dfb0-4aa8-9fc4-b12acef7fdee	8	40335391	111282237	41018	-0.1611
0aac83d9-dfb0-4aa8-9fc4-b12acef7fdee	8	111282417	111283016	6	1.9414
0aac83d9-dfb0-4aa8-9fc4-b12acef7fdee	8	111283031	145072769	22717	-0.1633
0aac83d9-dfb0-4aa8-9fc4-b12acef7fdee	9	46587	6695986	6300	-0.153
0aac83d9-dfb0-4aa8-9fc4-b12acef7fdee	9	6701145	6708357	7	-2.7245
0aac83d9-dfb0-4aa8-9fc4-b12acef7fdee	9	6712314	16907151	8833	-0.1457
0aac83d9-dfb0-4aa8-9fc4-b12acef7fdee	9	16909635	16912450	29	-1.5596
0aac83d9-dfb0-4aa8-9fc4-b12acef7fdee	9	16913791	23361807	5022	-0.1532
0aac83d9-dfb0-4aa8-9fc4-b12acef7fdee	9	23363117	23373486	8	-1.4625
0aac83d9-dfb0-4aa8-9fc4-b12acef7fdee	9	23378490	31195001	5740	-0.1497
0aac83d9-dfb0-4aa8-9fc4-b12acef7fdee	9	31196130	31234840	36	-2.0961
0aac83d9-dfb0-4aa8-9fc4-b12acef7fdee	9	31242465	61405110	5066	-0.1703
0aac83d9-dfb0-4aa8-9fc4-b12acef7fdee	9	61520021	61647899	30	-0.8129
0aac83d9-dfb0-4aa8-9fc4-b12acef7fdee	9	61665362	103615256	24604	-0.1647
0aac83d9-dfb0-4aa8-9fc4-b12acef7fdee	9	103615821	103626915	5	-1.8007
0aac83d9-dfb0-4aa8-9fc4-b12acef7fdee	9	103627176	138177075	23064	-0.1772
0aac83d9-dfb0-4aa8-9fc4-b12acef7fdee	9	138177488	138200944	6	1.2486
0aac83d9-dfb0-4aa8-9fc4-b12acef7fdee	10	45792	24088745	19003	-0.1723
0aac83d9-dfb0-4aa8-9fc4-b12acef7fdee	10	24088746	24088989	7	-2.3793
0aac83d9-dfb0-4aa8-9fc4-b12acef7fdee	10	24088991	44310606	11180	-0.1788
0aac83d9-dfb0-4aa8-9fc4-b12acef7fdee	10	44313749	44314703	3	-2.1087
0aac83d9-dfb0-4aa8-9fc4-b12acef7fdee	10	44314757	44391787	97	-0.1998
0aac83d9-dfb0-4aa8-9fc4-b12acef7fdee	10	44392481	44392682	2	-3.0247
0aac83d9-dfb0-4aa8-9fc4-b12acef7fdee	10	44392695	46708198	1150	-0.1673
0aac83d9-dfb0-4aa8-9fc4-b12acef7fdee	10	46780843	46898735	7	-1.2869
0aac83d9-dfb0-4aa8-9fc4-b12acef7fdee	10	46901552	53286221	4028	-0.1588
0aac83d9-dfb0-4aa8-9fc4-b12acef7fdee	10	53286387	53286404	2	-4.204
0aac83d9-dfb0-4aa8-9fc4-b12acef7fdee	10	53293578	57443289	3009	-0.1482
0aac83d9-dfb0-4aa8-9fc4-b12acef7fdee	10	57450745	57451013	4	-2.1419
0aac83d9-dfb0-4aa8-9fc4-b12acef7fdee	10	57458735	65548951	5521	-0.1673
0aac83d9-dfb0-4aa8-9fc4-b12acef7fdee	10	65548979	65554688	21	-1.1584
0aac83d9-dfb0-4aa8-9fc4-b12acef7fdee	10	65563037	87286741	14330	-0.1706
0aac83d9-dfb0-4aa8-9fc4-b12acef7fdee	10	87310039	87357543	12	-1.4454
0aac83d9-dfb0-4aa8-9fc4-b12acef7fdee	10	87371433	133654968	31498	-0.1707
0aac83d9-dfb0-4aa8-9fc4-b12acef7fdee	11	198510	1587204	442	-0.2086
0aac83d9-dfb0-4aa8-9fc4-b12acef7fdee	11	1590274	1833503	126	-1.4312
0aac83d9-dfb0-4aa8-9fc4-b12acef7fdee	11	1844881	2801634	391	-0.1618
0aac83d9-dfb0-4aa8-9fc4-b12acef7fdee	11	2802632	2904685	65	-1.369
0aac83d9-dfb0-4aa8-9fc4-b12acef7fdee	11	2905158	4946420	1362	-0.1596
0aac83d9-dfb0-4aa8-9fc4-b12acef7fdee	11	4947280	4952799	25	0.7025
0aac83d9-dfb0-4aa8-9fc4-b12acef7fdee	11	4953934	33721265	20660	-0.1615
0aac83d9-dfb0-4aa8-9fc4-b12acef7fdee	11	33721883	33723299	4	-2.0183
0aac83d9-dfb0-4aa8-9fc4-b12acef7fdee	11	33723331	42885460	6592	-0.1596
0aac83d9-dfb0-4aa8-9fc4-b12acef7fdee	11	42885545	42889588	3	-1.8044
0aac83d9-dfb0-4aa8-9fc4-b12acef7fdee	11	42892251	55606556	4474	-0.1815
0aac83d9-dfb0-4aa8-9fc4-b12acef7fdee	11	55606572	55677512	50	0.3179
0aac83d9-dfb0-4aa8-9fc4-b12acef7fdee	11	55677818	135074876	51829	-0.167
0aac83d9-dfb0-4aa8-9fc4-b12acef7fdee	12	51460	33141726	22602	0.4788
0aac83d9-dfb0-4aa8-9fc4-b12acef7fdee	12	33148472	33154144	26	1.0139
0aac83d9-dfb0-4aa8-9fc4-b12acef7fdee	12	33154440	68035339	18922	0.4705
0aac83d9-dfb0-4aa8-9fc4-b12acef7fdee	12	68035899	68036392	2	-1.7848
0aac83d9-dfb0-4aa8-9fc4-b12acef7fdee	12	68037427	109805128	27049	0.4797
0aac83d9-dfb0-4aa8-9fc4-b12acef7fdee	12	109805239	125568952	9711	0.4389
0aac83d9-dfb0-4aa8-9fc4-b12acef7fdee	12	125579857	133201603	5866	0.4781
0aac83d9-dfb0-4aa8-9fc4-b12acef7fdee	13	18452809	23055038	2827	-0.1633
0aac83d9-dfb0-4aa8-9fc4-b12acef7fdee	13	23055048	23059362	13	0.5779
0aac83d9-dfb0-4aa8-9fc4-b12acef7fdee	13	23059376	37493438	10495	-0.1684
0aac83d9-dfb0-4aa8-9fc4-b12acef7fdee	13	37495907	37510620	19	0.5683
0aac83d9-dfb0-4aa8-9fc4-b12acef7fdee	13	37514193	57176962	12408	-0.1547
0aac83d9-dfb0-4aa8-9fc4-b12acef7fdee	13	57184136	57204246	34	-1.9875
0aac83d9-dfb0-4aa8-9fc4-b12acef7fdee	13	57215580	114342922	37698	-0.1583
0aac83d9-dfb0-4aa8-9fc4-b12acef7fdee	14	18239283	18640726	15	-0.3442
0aac83d9-dfb0-4aa8-9fc4-b12acef7fdee	14	18646056	19746341	59	0.5425
0aac83d9-dfb0-4aa8-9fc4-b12acef7fdee	14	19749414	19955213	91	0.0975
0aac83d9-dfb0-4aa8-9fc4-b12acef7fdee	14	19956767	22065623	1442	-0.1704
0aac83d9-dfb0-4aa8-9fc4-b12acef7fdee	14	22065693	22496189	362	0.0141
0aac83d9-dfb0-4aa8-9fc4-b12acef7fdee	14	22496204	42517374	12480	-0.1594
0aac83d9-dfb0-4aa8-9fc4-b12acef7fdee	14	42518302	42523231	4	-2.0437
0aac83d9-dfb0-4aa8-9fc4-b12acef7fdee	14	42526308	106877229	40433	-0.1672
0aac83d9-dfb0-4aa8-9fc4-b12acef7fdee	15	19811075	20376202	93	-0.0829
0aac83d9-dfb0-4aa8-9fc4-b12acef7fdee	15	20376309	20381704	12	-0.8044
0aac83d9-dfb0-4aa8-9fc4-b12acef7fdee	15	20384774	20625279	32	0.0062
0aac83d9-dfb0-4aa8-9fc4-b12acef7fdee	15	20642631	22296480	67	0.2271
0aac83d9-dfb0-4aa8-9fc4-b12acef7fdee	15	22299009	30094208	4586	-0.1647
0aac83d9-dfb0-4aa8-9fc4-b12acef7fdee	15	30106026	30608675	37	-1.2463
0aac83d9-dfb0-4aa8-9fc4-b12acef7fdee	15	30621384	36754336	4148	-0.1625
0aac83d9-dfb0-4aa8-9fc4-b12acef7fdee	15	36761719	36762042	3	-2.7973
0aac83d9-dfb0-4aa8-9fc4-b12acef7fdee	15	36762756	101928837	42101	-0.1677
0aac83d9-dfb0-4aa8-9fc4-b12acef7fdee	16	10777	90096867	51506	0.4718
0aac83d9-dfb0-4aa8-9fc4-b12acef7fdee	17	150733	18414080	11298	-0.1929
0aac83d9-dfb0-4aa8-9fc4-b12acef7fdee	17	18452078	18561272	26	0.4074
0aac83d9-dfb0-4aa8-9fc4-b12acef7fdee	17	18561907	39707669	8468	-0.1825
0aac83d9-dfb0-4aa8-9fc4-b12acef7fdee	17	39711492	39712509	7	0.9831
0aac83d9-dfb0-4aa8-9fc4-b12acef7fdee	17	39712803	41053891	721	-0.1706
0aac83d9-dfb0-4aa8-9fc4-b12acef7fdee	17	41055656	41065355	12	-3.673
0aac83d9-dfb0-4aa8-9fc4-b12acef7fdee	17	41066554	41262120	114	-0.1919
0aac83d9-dfb0-4aa8-9fc4-b12acef7fdee	17	41265433	41273934	24	0.7842
0aac83d9-dfb0-4aa8-9fc4-b12acef7fdee	17	41274198	83091923	24029	-0.1862
0aac83d9-dfb0-4aa8-9fc4-b12acef7fdee	18	48133	2276469	1611	-0.171
0aac83d9-dfb0-4aa8-9fc4-b12acef7fdee	18	2276758	2278776	3	-2.6924
0aac83d9-dfb0-4aa8-9fc4-b12acef7fdee	18	2280229	24888630	10948	-0.1734
0aac83d9-dfb0-4aa8-9fc4-b12acef7fdee	18	24891420	24895672	2	-2.6909
0aac83d9-dfb0-4aa8-9fc4-b12acef7fdee	18	24896695	26785899	1190	-0.1441
0aac83d9-dfb0-4aa8-9fc4-b12acef7fdee	18	26785951	26786181	3	-2.4245
0aac83d9-dfb0-4aa8-9fc4-b12acef7fdee	18	26786415	80257174	36522	-0.1561
0aac83d9-dfb0-4aa8-9fc4-b12acef7fdee	19	90910	19701829	8455	0.3882
0aac83d9-dfb0-4aa8-9fc4-b12acef7fdee	19	19702210	24274155	2634	0.4356
0aac83d9-dfb0-4aa8-9fc4-b12acef7fdee	19	24278016	24282155	10	-0.5002
0aac83d9-dfb0-4aa8-9fc4-b12acef7fdee	19	24304880	32134140	3451	0.4579
0aac83d9-dfb0-4aa8-9fc4-b12acef7fdee	19	32136329	32137015	3	-1.2274
0aac83d9-dfb0-4aa8-9fc4-b12acef7fdee	19	32140588	35358420	2076	0.4225
0aac83d9-dfb0-4aa8-9fc4-b12acef7fdee	19	35364451	35370946	21	-1.3541
0aac83d9-dfb0-4aa8-9fc4-b12acef7fdee	19	35375842	58586487	12326	0.428
0aac83d9-dfb0-4aa8-9fc4-b12acef7fdee	20	80664	1580305	1191	0.4854
0aac83d9-dfb0-4aa8-9fc4-b12acef7fdee	20	1580353	1613247	42	2.0467
0aac83d9-dfb0-4aa8-9fc4-b12acef7fdee	20	1617300	2473721	759	0.4542
0aac83d9-dfb0-4aa8-9fc4-b12acef7fdee	20	2474145	3533958	632	0.3928
0aac83d9-dfb0-4aa8-9fc4-b12acef7fdee	20	3535277	25530340	16951	0.4865
0aac83d9-dfb0-4aa8-9fc4-b12acef7fdee	20	25532900	37029348	3084	0.4258
0aac83d9-dfb0-4aa8-9fc4-b12acef7fdee	20	37033542	37119070	118	0.2123
0aac83d9-dfb0-4aa8-9fc4-b12acef7fdee	20	37120013	52449292	10649	0.4576
0aac83d9-dfb0-4aa8-9fc4-b12acef7fdee	20	52456081	64324800	8663	0.4801
0aac83d9-dfb0-4aa8-9fc4-b12acef7fdee	21	10354168	17463741	2624	-0.1637
0aac83d9-dfb0-4aa8-9fc4-b12acef7fdee	21	17463998	17464044	2	-3.2359
0aac83d9-dfb0-4aa8-9fc4-b12acef7fdee	21	17466582	46677045	21023	-0.1674
0aac83d9-dfb0-4aa8-9fc4-b12acef7fdee	22	15294547	15473606	6	-0.3409
0aac83d9-dfb0-4aa8-9fc4-b12acef7fdee	22	15473671	16807330	161	0.4904
0aac83d9-dfb0-4aa8-9fc4-b12acef7fdee	22	16819011	18190590	954	-0.2128
0aac83d9-dfb0-4aa8-9fc4-b12acef7fdee	22	18392404	18818348	8	1.0776
0aac83d9-dfb0-4aa8-9fc4-b12acef7fdee	22	18822581	25265731	4056	-0.1713
0aac83d9-dfb0-4aa8-9fc4-b12acef7fdee	22	25268018	25286813	8	-2.0356
0aac83d9-dfb0-4aa8-9fc4-b12acef7fdee	22	25288441	25325879	24	-0.6516
0aac83d9-dfb0-4aa8-9fc4-b12acef7fdee	22	25330708	25519883	249	-2.02
0aac83d9-dfb0-4aa8-9fc4-b12acef7fdee	22	25522742	50796027	17679	-0.1916
0aac83d9-dfb0-4aa8-9fc4-b12acef7fdee	X	251810	62532810	33040	-0.0081
0aac83d9-dfb0-4aa8-9fc4-b12acef7fdee	X	62533660	62937141	65	0.9208
0aac83d9-dfb0-4aa8-9fc4-b12acef7fdee	X	62947312	98348700	17258	-0.0367
0aac83d9-dfb0-4aa8-9fc4-b12acef7fdee	X	98350846	98353296	2	4.1365
0aac83d9-dfb0-4aa8-9fc4-b12acef7fdee	X	98353983	109383150	5517	-0.0085
0aac83d9-dfb0-4aa8-9fc4-b12acef7fdee	X	109383163	109383729	3	2.9211
0aac83d9-dfb0-4aa8-9fc4-b12acef7fdee	X	109383974	138490511	16292	-0.0058
0aac83d9-dfb0-4aa8-9fc4-b12acef7fdee	X	138490569	138490686	2	4.4295
0aac83d9-dfb0-4aa8-9fc4-b12acef7fdee	X	138490846	155952689	10585	-0.0031
0aac83d9-dfb0-4aa8-9fc4-b12acef7fdee	Y	2782397	56872112	6632	-0.4879
