GDC_Aliquot	Chromosome	Start	End	Num_Probes	Segment_Mean
3d18122c-81d2-4112-8250-3d2f04896a63	1	62920	22873456	12553	-0.3946
3d18122c-81d2-4112-8250-3d2f04896a63	1	22873636	22873666	2	-3.886
3d18122c-81d2-4112-8250-3d2f04896a63	1	22873706	25256850	1317	-0.3925
3d18122c-81d2-4112-8250-3d2f04896a63	1	25266637	25336819	25	-1.7042
3d18122c-81d2-4112-8250-3d2f04896a63	1	25336853	29421137	1697	-0.3807
3d18122c-81d2-4112-8250-3d2f04896a63	1	29425071	29425197	3	-3.0822
3d18122c-81d2-4112-8250-3d2f04896a63	1	29426937	72284670	26704	-0.3769
3d18122c-81d2-4112-8250-3d2f04896a63	1	72290430	72297687	9	-2.4826
3d18122c-81d2-4112-8250-3d2f04896a63	1	72302735	72345450	47	0.9178
3d18122c-81d2-4112-8250-3d2f04896a63	1	72345465	105079911	20521	-0.3911
3d18122c-81d2-4112-8250-3d2f04896a63	1	105080318	105080931	2	2.5689
3d18122c-81d2-4112-8250-3d2f04896a63	1	105084196	105470754	215	-0.4159
3d18122c-81d2-4112-8250-3d2f04896a63	1	105476583	105479753	17	0.7796
3d18122c-81d2-4112-8250-3d2f04896a63	1	105481433	109690949	2616	-0.3928
3d18122c-81d2-4112-8250-3d2f04896a63	1	109691609	109691788	2	2.3051
3d18122c-81d2-4112-8250-3d2f04896a63	1	109691933	112153651	1933	-0.3823
3d18122c-81d2-4112-8250-3d2f04896a63	1	112153686	112154768	21	0.3229
3d18122c-81d2-4112-8250-3d2f04896a63	1	112163334	121431111	5041	-0.3913
3d18122c-81d2-4112-8250-3d2f04896a63	1	121433808	121450637	9	1.0766
3d18122c-81d2-4112-8250-3d2f04896a63	1	121451744	144932423	207	-0.3281
3d18122c-81d2-4112-8250-3d2f04896a63	1	145642976	152583291	2275	0.4867
3d18122c-81d2-4112-8250-3d2f04896a63	1	152583319	152614118	33	-0.9738
3d18122c-81d2-4112-8250-3d2f04896a63	1	152618018	171740240	13065	0.492
3d18122c-81d2-4112-8250-3d2f04896a63	1	171743822	171763884	25	-0.0341
3d18122c-81d2-4112-8250-3d2f04896a63	1	171764182	174826800	1783	0.4716
3d18122c-81d2-4112-8250-3d2f04896a63	1	174827128	174832716	19	1.158
3d18122c-81d2-4112-8250-3d2f04896a63	1	174832734	193187149	12143	0.4863
3d18122c-81d2-4112-8250-3d2f04896a63	1	193187187	193187202	2	2.5359
3d18122c-81d2-4112-8250-3d2f04896a63	1	193187218	196740630	2375	0.4869
3d18122c-81d2-4112-8250-3d2f04896a63	1	196741937	196832525	61	1.2432
3d18122c-81d2-4112-8250-3d2f04896a63	1	196832720	235124437	25865	0.479
3d18122c-81d2-4112-8250-3d2f04896a63	1	235124487	235136069	2	2.776
3d18122c-81d2-4112-8250-3d2f04896a63	1	235136133	243143622	5971	0.4628
3d18122c-81d2-4112-8250-3d2f04896a63	1	243144364	243187175	14	1.1856
3d18122c-81d2-4112-8250-3d2f04896a63	1	243189078	247775109	3046	0.4699
3d18122c-81d2-4112-8250-3d2f04896a63	1	247775446	247775555	2	2.9278
3d18122c-81d2-4112-8250-3d2f04896a63	1	247775696	248930189	621	0.5176
3d18122c-81d2-4112-8250-3d2f04896a63	2	12784	4158097	2970	0.0899
3d18122c-81d2-4112-8250-3d2f04896a63	2	4166274	4176429	42	-1.7462
3d18122c-81d2-4112-8250-3d2f04896a63	2	4182472	7498587	2868	0.118
3d18122c-81d2-4112-8250-3d2f04896a63	2	7499242	7506841	3	2.312
3d18122c-81d2-4112-8250-3d2f04896a63	2	7506876	8668931	923	0.1089
3d18122c-81d2-4112-8250-3d2f04896a63	2	8669171	9114679	233	-0.4236
3d18122c-81d2-4112-8250-3d2f04896a63	2	9115481	12749025	2700	0.1238
3d18122c-81d2-4112-8250-3d2f04896a63	2	12750734	12797824	31	-0.468
3d18122c-81d2-4112-8250-3d2f04896a63	2	12801258	13868546	651	0.1311
3d18122c-81d2-4112-8250-3d2f04896a63	2	13878863	14432382	415	-0.3954
3d18122c-81d2-4112-8250-3d2f04896a63	2	14434898	17138577	2009	0.113
3d18122c-81d2-4112-8250-3d2f04896a63	2	17144006	22537704	3762	-0.4088
3d18122c-81d2-4112-8250-3d2f04896a63	2	22541672	22665787	70	0.0575
3d18122c-81d2-4112-8250-3d2f04896a63	2	22667453	32505822	5731	-0.3925
3d18122c-81d2-4112-8250-3d2f04896a63	2	32506851	32509219	2	2.4729
3d18122c-81d2-4112-8250-3d2f04896a63	2	32510766	34466002	1437	-0.417
3d18122c-81d2-4112-8250-3d2f04896a63	2	34474248	34512096	47	0.3385
3d18122c-81d2-4112-8250-3d2f04896a63	2	34512489	41011095	4739	-0.3925
3d18122c-81d2-4112-8250-3d2f04896a63	2	41011303	41018747	22	-1.7152
3d18122c-81d2-4112-8250-3d2f04896a63	2	41024093	46035023	3635	-0.4041
3d18122c-81d2-4112-8250-3d2f04896a63	2	46038490	46890857	742	0.117
3d18122c-81d2-4112-8250-3d2f04896a63	2	46892330	52514599	3707	-0.3999
3d18122c-81d2-4112-8250-3d2f04896a63	2	52516787	52563002	43	0.2622
3d18122c-81d2-4112-8250-3d2f04896a63	2	52563355	54393462	1362	-0.3784
3d18122c-81d2-4112-8250-3d2f04896a63	2	54397299	54397715	2	2.3068
3d18122c-81d2-4112-8250-3d2f04896a63	2	54398371	54846788	378	-0.3834
3d18122c-81d2-4112-8250-3d2f04896a63	2	54847292	55043983	168	0.1119
3d18122c-81d2-4112-8250-3d2f04896a63	2	55044739	55499992	282	-0.3516
3d18122c-81d2-4112-8250-3d2f04896a63	2	55506683	67893997	7831	0.1309
3d18122c-81d2-4112-8250-3d2f04896a63	2	67894174	67894203	2	2.9844
3d18122c-81d2-4112-8250-3d2f04896a63	2	67894770	97359885	13645	0.1229
3d18122c-81d2-4112-8250-3d2f04896a63	2	97524284	97545726	9	-1.1332
3d18122c-81d2-4112-8250-3d2f04896a63	2	97550415	106258266	5521	0.1111
3d18122c-81d2-4112-8250-3d2f04896a63	2	106263639	106266773	5	-0.6381
3d18122c-81d2-4112-8250-3d2f04896a63	2	106266875	106268523	5	-2.1115
3d18122c-81d2-4112-8250-3d2f04896a63	2	106268557	115498486	4911	0.1108
3d18122c-81d2-4112-8250-3d2f04896a63	2	115503505	115665821	104	-0.3885
3d18122c-81d2-4112-8250-3d2f04896a63	2	115673113	128880904	8274	0.1189
3d18122c-81d2-4112-8250-3d2f04896a63	2	128880928	128882755	15	-0.8435
3d18122c-81d2-4112-8250-3d2f04896a63	2	128888874	140815538	7119	0.1146
3d18122c-81d2-4112-8250-3d2f04896a63	2	140822635	140993494	104	-0.362
3d18122c-81d2-4112-8250-3d2f04896a63	2	140995219	141128544	96	-1.3257
3d18122c-81d2-4112-8250-3d2f04896a63	2	141132757	141168302	20	-0.3818
3d18122c-81d2-4112-8250-3d2f04896a63	2	141171380	141263078	47	0.0664
3d18122c-81d2-4112-8250-3d2f04896a63	2	141264223	141364748	75	-0.2793
3d18122c-81d2-4112-8250-3d2f04896a63	2	141365356	146104517	2870	0.0967
3d18122c-81d2-4112-8250-3d2f04896a63	2	146106836	146109366	24	-1.4652
3d18122c-81d2-4112-8250-3d2f04896a63	2	146120238	183929673	23080	0.1073
3d18122c-81d2-4112-8250-3d2f04896a63	2	183929787	183937714	16	-0.8537
3d18122c-81d2-4112-8250-3d2f04896a63	2	183943862	184451949	392	0.1357
3d18122c-81d2-4112-8250-3d2f04896a63	2	184452153	184455332	4	2.081
3d18122c-81d2-4112-8250-3d2f04896a63	2	184460792	185926477	752	0.1423
3d18122c-81d2-4112-8250-3d2f04896a63	2	185928992	186126409	109	-0.3898
3d18122c-81d2-4112-8250-3d2f04896a63	2	186126844	186261939	80	0.1125
3d18122c-81d2-4112-8250-3d2f04896a63	2	186264850	186336585	26	-0.4457
3d18122c-81d2-4112-8250-3d2f04896a63	2	186336620	205057070	10585	0.1128
3d18122c-81d2-4112-8250-3d2f04896a63	2	205059427	205217502	135	-0.4599
3d18122c-81d2-4112-8250-3d2f04896a63	2	205221796	208189585	1879	0.0981
3d18122c-81d2-4112-8250-3d2f04896a63	2	208190524	208193673	2	2.7165
3d18122c-81d2-4112-8250-3d2f04896a63	2	208195839	228394089	13064	0.1155
3d18122c-81d2-4112-8250-3d2f04896a63	2	228397576	228399698	2	2.1107
3d18122c-81d2-4112-8250-3d2f04896a63	2	228401658	232399818	2303	0.11
3d18122c-81d2-4112-8250-3d2f04896a63	2	232400200	232423556	15	-0.5015
3d18122c-81d2-4112-8250-3d2f04896a63	2	232424039	240747750	5546	0.1373
3d18122c-81d2-4112-8250-3d2f04896a63	2	240753542	240765423	11	-0.7961
3d18122c-81d2-4112-8250-3d2f04896a63	2	240766810	242147305	574	0.1206
3d18122c-81d2-4112-8250-3d2f04896a63	3	20930	6183921	5350	-0.388
3d18122c-81d2-4112-8250-3d2f04896a63	3	6183937	6191850	11	0.7265
3d18122c-81d2-4112-8250-3d2f04896a63	3	6192210	16197556	7332	-0.4063
3d18122c-81d2-4112-8250-3d2f04896a63	3	16199049	16199672	6	-2.7275
3d18122c-81d2-4112-8250-3d2f04896a63	3	16199818	22520684	4090	-0.399
3d18122c-81d2-4112-8250-3d2f04896a63	3	22520746	22534913	15	0.3927
3d18122c-81d2-4112-8250-3d2f04896a63	3	22535054	23937812	811	-0.4244
3d18122c-81d2-4112-8250-3d2f04896a63	3	23939938	23940837	2	-3.2482
3d18122c-81d2-4112-8250-3d2f04896a63	3	23940839	29385624	4010	-0.3967
3d18122c-81d2-4112-8250-3d2f04896a63	3	29386062	29477282	106	-1.5513
3d18122c-81d2-4112-8250-3d2f04896a63	3	29478207	52999543	13562	-0.3896
3d18122c-81d2-4112-8250-3d2f04896a63	3	52999634	53005439	25	-0.9636
3d18122c-81d2-4112-8250-3d2f04896a63	3	53005473	60858970	5789	-0.385
3d18122c-81d2-4112-8250-3d2f04896a63	3	60863732	60864509	2	2.3904
3d18122c-81d2-4112-8250-3d2f04896a63	3	60864804	89345442	18655	-0.399
3d18122c-81d2-4112-8250-3d2f04896a63	3	89345459	89345473	2	1.9748
3d18122c-81d2-4112-8250-3d2f04896a63	3	89345501	99229738	3268	-0.4043
3d18122c-81d2-4112-8250-3d2f04896a63	3	99229769	99230470	18	0.2693
3d18122c-81d2-4112-8250-3d2f04896a63	3	99230577	116151568	10095	-0.3969
3d18122c-81d2-4112-8250-3d2f04896a63	3	116155535	116740404	445	-1.2331
3d18122c-81d2-4112-8250-3d2f04896a63	3	116741586	116796438	68	-4.5681
3d18122c-81d2-4112-8250-3d2f04896a63	3	116803740	116808395	10	-1.1629
3d18122c-81d2-4112-8250-3d2f04896a63	3	116808772	116834824	44	-2.6173
3d18122c-81d2-4112-8250-3d2f04896a63	3	116839023	117026652	126	-1.2523
3d18122c-81d2-4112-8250-3d2f04896a63	3	117027414	117052404	20	-4.3787
3d18122c-81d2-4112-8250-3d2f04896a63	3	117055504	117239160	153	-1.4007
3d18122c-81d2-4112-8250-3d2f04896a63	3	117242038	133306023	9677	-0.3821
3d18122c-81d2-4112-8250-3d2f04896a63	3	133306038	133306053	2	2.6766
3d18122c-81d2-4112-8250-3d2f04896a63	3	133306168	162803835	17970	-0.3944
3d18122c-81d2-4112-8250-3d2f04896a63	3	162807070	162908207	59	0.4816
3d18122c-81d2-4112-8250-3d2f04896a63	3	162908784	174963694	7253	-0.4135
3d18122c-81d2-4112-8250-3d2f04896a63	3	174964233	175112560	105	-1.2418
3d18122c-81d2-4112-8250-3d2f04896a63	3	175113644	175240395	116	-3.0911
3d18122c-81d2-4112-8250-3d2f04896a63	3	175242221	175369828	130	-0.3814
3d18122c-81d2-4112-8250-3d2f04896a63	3	175369906	175676285	226	-1.2662
3d18122c-81d2-4112-8250-3d2f04896a63	3	175676363	184609076	5116	-0.4025
3d18122c-81d2-4112-8250-3d2f04896a63	3	184613454	184613658	2	-3.0821
3d18122c-81d2-4112-8250-3d2f04896a63	3	184616962	187877506	2238	-0.4029
3d18122c-81d2-4112-8250-3d2f04896a63	3	187877590	187877925	2	2.6398
3d18122c-81d2-4112-8250-3d2f04896a63	3	187877952	198169247	6470	-0.4077
3d18122c-81d2-4112-8250-3d2f04896a63	4	68929	34784878	22525	0.1241
3d18122c-81d2-4112-8250-3d2f04896a63	4	34785333	34828327	41	1.0419
3d18122c-81d2-4112-8250-3d2f04896a63	4	34828382	40544227	3750	0.1203
3d18122c-81d2-4112-8250-3d2f04896a63	4	40546040	40645769	70	-0.4273
3d18122c-81d2-4112-8250-3d2f04896a63	4	40646033	114252544	42997	0.1133
3d18122c-81d2-4112-8250-3d2f04896a63	4	114254167	114261019	23	-0.9723
3d18122c-81d2-4112-8250-3d2f04896a63	4	114263073	172067997	34731	0.1083
3d18122c-81d2-4112-8250-3d2f04896a63	4	172068015	172079670	15	1.0959
3d18122c-81d2-4112-8250-3d2f04896a63	4	172080680	180828270	5560	0.1172
3d18122c-81d2-4112-8250-3d2f04896a63	4	180829845	180856926	29	-0.5
3d18122c-81d2-4112-8250-3d2f04896a63	4	180861463	180967046	69	-1.3055
3d18122c-81d2-4112-8250-3d2f04896a63	4	180970624	181018373	42	-3.8818
3d18122c-81d2-4112-8250-3d2f04896a63	4	181024624	181086238	26	-0.5887
3d18122c-81d2-4112-8250-3d2f04896a63	4	181086755	181103063	11	-1.4441
3d18122c-81d2-4112-8250-3d2f04896a63	4	181103863	181511620	365	-4.2665
3d18122c-81d2-4112-8250-3d2f04896a63	4	181511766	181741666	214	-1.3485
3d18122c-81d2-4112-8250-3d2f04896a63	4	181742002	181819188	63	-0.3756
3d18122c-81d2-4112-8250-3d2f04896a63	4	181819460	181915205	83	0.054
3d18122c-81d2-4112-8250-3d2f04896a63	4	181917170	182311266	318	-0.4133
3d18122c-81d2-4112-8250-3d2f04896a63	4	182312540	182439862	103	0.1451
3d18122c-81d2-4112-8250-3d2f04896a63	4	182440783	182715929	209	0.4795
3d18122c-81d2-4112-8250-3d2f04896a63	4	182721268	189969273	4838	0.1078
3d18122c-81d2-4112-8250-3d2f04896a63	4	189970431	190106768	24	-0.179
3d18122c-81d2-4112-8250-3d2f04896a63	5	15532	30677	9	0.1891
3d18122c-81d2-4112-8250-3d2f04896a63	5	35793	81777	23	1.0741
3d18122c-81d2-4112-8250-3d2f04896a63	5	82033	732788	288	1.4239
3d18122c-81d2-4112-8250-3d2f04896a63	5	733497	1040379	108	0.9811
3d18122c-81d2-4112-8250-3d2f04896a63	5	1049424	1300469	150	0.2828
3d18122c-81d2-4112-8250-3d2f04896a63	5	1308959	1449251	77	-0.4338
3d18122c-81d2-4112-8250-3d2f04896a63	5	1450329	1897714	264	-0.6547
3d18122c-81d2-4112-8250-3d2f04896a63	5	1901091	12785150	9137	-0.4346
3d18122c-81d2-4112-8250-3d2f04896a63	5	12790757	12790933	2	2.6704
3d18122c-81d2-4112-8250-3d2f04896a63	5	12791608	13042994	84	-0.5968
3d18122c-81d2-4112-8250-3d2f04896a63	5	13043119	13081507	4	1.4179
3d18122c-81d2-4112-8250-3d2f04896a63	5	13087694	15021816	1489	-0.4486
3d18122c-81d2-4112-8250-3d2f04896a63	5	15023504	15023997	3	-2.5221
3d18122c-81d2-4112-8250-3d2f04896a63	5	15024185	15640953	329	-0.383
3d18122c-81d2-4112-8250-3d2f04896a63	5	15643112	15949684	199	0.4783
3d18122c-81d2-4112-8250-3d2f04896a63	5	15953023	16236967	190	1.0545
3d18122c-81d2-4112-8250-3d2f04896a63	5	16237452	18783721	1606	0.4685
3d18122c-81d2-4112-8250-3d2f04896a63	5	18787577	25821576	4063	-0.4047
3d18122c-81d2-4112-8250-3d2f04896a63	5	25821773	25821918	2	-2.991
3d18122c-81d2-4112-8250-3d2f04896a63	5	25824379	33011861	4597	-0.4159
3d18122c-81d2-4112-8250-3d2f04896a63	5	33015766	33633333	415	0.9329
3d18122c-81d2-4112-8250-3d2f04896a63	5	33636489	34623056	560	-0.4016
3d18122c-81d2-4112-8250-3d2f04896a63	5	34624685	35205795	392	0.9945
3d18122c-81d2-4112-8250-3d2f04896a63	5	35209893	35728939	335	0.4505
3d18122c-81d2-4112-8250-3d2f04896a63	5	35729540	38705146	1978	1.0051
3d18122c-81d2-4112-8250-3d2f04896a63	5	38706538	41673777	2040	0.7667
3d18122c-81d2-4112-8250-3d2f04896a63	5	41674555	42782233	543	1.1997
3d18122c-81d2-4112-8250-3d2f04896a63	5	42782390	46251204	1483	0.7869
3d18122c-81d2-4112-8250-3d2f04896a63	5	46270906	46273400	8	-1.2276
3d18122c-81d2-4112-8250-3d2f04896a63	5	46278110	97709417	27761	0.1207
3d18122c-81d2-4112-8250-3d2f04896a63	5	97712762	97763616	42	-3.9273
3d18122c-81d2-4112-8250-3d2f04896a63	5	97763980	97780983	7	0.1008
3d18122c-81d2-4112-8250-3d2f04896a63	5	97781157	97784803	4	-2.7055
3d18122c-81d2-4112-8250-3d2f04896a63	5	97789963	97871862	37	-0.266
3d18122c-81d2-4112-8250-3d2f04896a63	5	97874687	112920609	9324	0.1266
3d18122c-81d2-4112-8250-3d2f04896a63	5	112924706	112940950	10	-1.2019
3d18122c-81d2-4112-8250-3d2f04896a63	5	112948526	177771448	42295	0.1146
3d18122c-81d2-4112-8250-3d2f04896a63	5	177800550	177805604	3	2.6338
3d18122c-81d2-4112-8250-3d2f04896a63	5	177827964	180953203	1785	0.0883
3d18122c-81d2-4112-8250-3d2f04896a63	5	180960138	180991103	16	-1.8471
3d18122c-81d2-4112-8250-3d2f04896a63	5	181006225	181363319	168	-0.0096
3d18122c-81d2-4112-8250-3d2f04896a63	6	149661	434915	252	-0.1293
3d18122c-81d2-4112-8250-3d2f04896a63	6	439183	26120925	19462	0.1105
3d18122c-81d2-4112-8250-3d2f04896a63	6	26121046	26202671	52	-0.5023
3d18122c-81d2-4112-8250-3d2f04896a63	6	26207415	29861195	1686	0.1011
3d18122c-81d2-4112-8250-3d2f04896a63	6	29861331	29881490	36	-0.4292
3d18122c-81d2-4112-8250-3d2f04896a63	6	29882419	73882142	25115	0.1204
3d18122c-81d2-4112-8250-3d2f04896a63	6	73882509	73891694	10	-1.9802
3d18122c-81d2-4112-8250-3d2f04896a63	6	73893839	76318064	1498	0.1164
3d18122c-81d2-4112-8250-3d2f04896a63	6	76323236	76323472	2	2.8471
3d18122c-81d2-4112-8250-3d2f04896a63	6	76323492	76720013	258	0.1134
3d18122c-81d2-4112-8250-3d2f04896a63	6	76726442	76742956	21	0.9238
3d18122c-81d2-4112-8250-3d2f04896a63	6	76742972	78253172	970	0.1164
3d18122c-81d2-4112-8250-3d2f04896a63	6	78259348	78325468	109	-1.9042
3d18122c-81d2-4112-8250-3d2f04896a63	6	78329517	94481005	10281	0.1129
3d18122c-81d2-4112-8250-3d2f04896a63	6	94483388	94504088	16	0.7864
3d18122c-81d2-4112-8250-3d2f04896a63	6	94504137	103286954	5041	0.1175
3d18122c-81d2-4112-8250-3d2f04896a63	6	103290101	103314186	46	0.8916
3d18122c-81d2-4112-8250-3d2f04896a63	6	103317795	108228933	3082	0.0905
3d18122c-81d2-4112-8250-3d2f04896a63	6	108230608	108683319	229	-0.3915
3d18122c-81d2-4112-8250-3d2f04896a63	6	108686558	113900791	3294	0.1032
3d18122c-81d2-4112-8250-3d2f04896a63	6	113903677	113903852	2	-2.0654
3d18122c-81d2-4112-8250-3d2f04896a63	6	113904647	147162833	20692	0.109
3d18122c-81d2-4112-8250-3d2f04896a63	6	147163102	147205673	34	-0.4659
3d18122c-81d2-4112-8250-3d2f04896a63	6	147206849	167291456	14403	0.1078
3d18122c-81d2-4112-8250-3d2f04896a63	6	167292073	170741917	2032	0.0461
3d18122c-81d2-4112-8250-3d2f04896a63	7	43355	946204	225	0.0309
3d18122c-81d2-4112-8250-3d2f04896a63	7	948564	1112832	77	-0.3123
3d18122c-81d2-4112-8250-3d2f04896a63	7	1113505	19134606	13096	0.1228
3d18122c-81d2-4112-8250-3d2f04896a63	7	19134683	19184707	89	0.4738
3d18122c-81d2-4112-8250-3d2f04896a63	7	19184763	91728554	42622	0.1149
3d18122c-81d2-4112-8250-3d2f04896a63	7	91728979	91729225	3	3.3839
3d18122c-81d2-4112-8250-3d2f04896a63	7	91729456	142063324	30144	0.1063
3d18122c-81d2-4112-8250-3d2f04896a63	7	142069843	142090383	31	-1.099
3d18122c-81d2-4112-8250-3d2f04896a63	7	142090403	157962231	9956	0.1105
3d18122c-81d2-4112-8250-3d2f04896a63	7	157962271	157975601	21	-0.499
3d18122c-81d2-4112-8250-3d2f04896a63	7	157975705	159324640	800	0.0553
3d18122c-81d2-4112-8250-3d2f04896a63	7	159324709	159334314	17	-1.1762
3d18122c-81d2-4112-8250-3d2f04896a63	8	81254	1412156	855	0.4179
3d18122c-81d2-4112-8250-3d2f04896a63	8	1412221	1419436	36	-0.0482
3d18122c-81d2-4112-8250-3d2f04896a63	8	1419522	4145783	2777	0.4713
3d18122c-81d2-4112-8250-3d2f04896a63	8	4145941	4145956	2	-2.3258
3d18122c-81d2-4112-8250-3d2f04896a63	8	4146039	4184298	62	0.4684
3d18122c-81d2-4112-8250-3d2f04896a63	8	4185224	4188167	13	0.0351
3d18122c-81d2-4112-8250-3d2f04896a63	8	4188313	4218559	83	0.5404
3d18122c-81d2-4112-8250-3d2f04896a63	8	4218866	4219236	3	2.2051
3d18122c-81d2-4112-8250-3d2f04896a63	8	4219668	5741204	2113	0.4698
3d18122c-81d2-4112-8250-3d2f04896a63	8	5741213	5746973	25	-1.5872
3d18122c-81d2-4112-8250-3d2f04896a63	8	5749566	6034516	365	0.4772
3d18122c-81d2-4112-8250-3d2f04896a63	8	6039087	6039489	2	-1.6398
3d18122c-81d2-4112-8250-3d2f04896a63	8	6040113	6206785	221	0.4108
3d18122c-81d2-4112-8250-3d2f04896a63	8	6207520	6207580	2	3.0695
3d18122c-81d2-4112-8250-3d2f04896a63	8	6207619	7068218	1061	0.4612
3d18122c-81d2-4112-8250-3d2f04896a63	8	7076236	7873171	75	0.064
3d18122c-81d2-4112-8250-3d2f04896a63	8	7886542	12092042	3220	0.459
3d18122c-81d2-4112-8250-3d2f04896a63	8	12130217	12176798	7	-1.0128
3d18122c-81d2-4112-8250-3d2f04896a63	8	12177488	25116961	10351	0.4966
3d18122c-81d2-4112-8250-3d2f04896a63	8	25117007	25126818	25	-1.0253
3d18122c-81d2-4112-8250-3d2f04896a63	8	25133589	39373140	8944	0.4747
3d18122c-81d2-4112-8250-3d2f04896a63	8	39378084	39529446	59	-1.5701
3d18122c-81d2-4112-8250-3d2f04896a63	8	39530780	58130870	9793	0.4663
3d18122c-81d2-4112-8250-3d2f04896a63	8	58130922	58130928	2	-1.804
3d18122c-81d2-4112-8250-3d2f04896a63	8	58131480	67994525	5936	0.4692
3d18122c-81d2-4112-8250-3d2f04896a63	8	67997525	67998146	2	-3.0184
3d18122c-81d2-4112-8250-3d2f04896a63	8	68000198	117320763	29492	0.4827
3d18122c-81d2-4112-8250-3d2f04896a63	8	117320997	117743156	275	0.6888
3d18122c-81d2-4112-8250-3d2f04896a63	8	117743717	141016278	17166	0.4899
3d18122c-81d2-4112-8250-3d2f04896a63	8	141019563	142409225	811	0.347
3d18122c-81d2-4112-8250-3d2f04896a63	8	142409456	145072769	946	0.4532
3d18122c-81d2-4112-8250-3d2f04896a63	9	46587	21828111	19229	0.137
3d18122c-81d2-4112-8250-3d2f04896a63	9	21828229	21920662	38	-0.341
3d18122c-81d2-4112-8250-3d2f04896a63	9	21926592	21986219	34	-1.5949
3d18122c-81d2-4112-8250-3d2f04896a63	9	21988393	22134173	127	-0.4682
3d18122c-81d2-4112-8250-3d2f04896a63	9	22135211	22488679	210	0.11
3d18122c-81d2-4112-8250-3d2f04896a63	9	22490699	22501914	3	-1.5061
3d18122c-81d2-4112-8250-3d2f04896a63	9	22502700	23363117	573	0.0912
3d18122c-81d2-4112-8250-3d2f04896a63	9	23363935	23373486	7	-1.609
3d18122c-81d2-4112-8250-3d2f04896a63	9	23378490	24500842	791	0.1339
3d18122c-81d2-4112-8250-3d2f04896a63	9	24503818	24517684	20	-1.2085
3d18122c-81d2-4112-8250-3d2f04896a63	9	24519686	28309880	2928	0.1404
3d18122c-81d2-4112-8250-3d2f04896a63	9	28310572	28312063	3	2.6247
3d18122c-81d2-4112-8250-3d2f04896a63	9	28316541	39484471	6900	0.1345
3d18122c-81d2-4112-8250-3d2f04896a63	9	39487653	41714376	109	-0.2988
3d18122c-81d2-4112-8250-3d2f04896a63	9	41741096	61369645	90	0.2388
3d18122c-81d2-4112-8250-3d2f04896a63	9	61371448	61668104	37	0.7133
3d18122c-81d2-4112-8250-3d2f04896a63	9	61680289	63580418	36	-0.2244
3d18122c-81d2-4112-8250-3d2f04896a63	9	63590317	63590323	4	1.7553
3d18122c-81d2-4112-8250-3d2f04896a63	9	63590325	77156751	6586	0.1154
3d18122c-81d2-4112-8250-3d2f04896a63	9	77157174	77160864	14	0.8295
3d18122c-81d2-4112-8250-3d2f04896a63	9	77160972	87907679	7629	0.1201
3d18122c-81d2-4112-8250-3d2f04896a63	9	87939236	87939304	2	-2.0821
3d18122c-81d2-4112-8250-3d2f04896a63	9	87943042	90847295	2014	0.1243
3d18122c-81d2-4112-8250-3d2f04896a63	9	90847491	90847850	2	2.342
3d18122c-81d2-4112-8250-3d2f04896a63	9	90850677	102086318	7304	0.129
3d18122c-81d2-4112-8250-3d2f04896a63	9	102088489	102176033	77	0.5592
3d18122c-81d2-4112-8250-3d2f04896a63	9	102178547	116090405	10412	0.1303
3d18122c-81d2-4112-8250-3d2f04896a63	9	116092945	116097104	6	1.6095
3d18122c-81d2-4112-8250-3d2f04896a63	9	116098328	120810585	3855	0.133
3d18122c-81d2-4112-8250-3d2f04896a63	9	120812668	121012709	133	-0.3808
3d18122c-81d2-4112-8250-3d2f04896a63	9	121015870	138200944	9629	0.142
3d18122c-81d2-4112-8250-3d2f04896a63	10	45792	2910645	2297	0.1141
3d18122c-81d2-4112-8250-3d2f04896a63	10	2910855	2915989	2	2.9983
3d18122c-81d2-4112-8250-3d2f04896a63	10	2917539	9575052	5855	0.0918
3d18122c-81d2-4112-8250-3d2f04896a63	10	9578133	9578580	3	1.8077
3d18122c-81d2-4112-8250-3d2f04896a63	10	9579283	13007245	2637	0.1064
3d18122c-81d2-4112-8250-3d2f04896a63	10	13007486	13008428	11	-0.6367
3d18122c-81d2-4112-8250-3d2f04896a63	10	13008610	16973001	3333	0.1016
3d18122c-81d2-4112-8250-3d2f04896a63	10	16973406	16974005	4	-2.1579
3d18122c-81d2-4112-8250-3d2f04896a63	10	16974338	24086334	4872	0.0871
3d18122c-81d2-4112-8250-3d2f04896a63	10	24088745	24089125	11	-1.8449
3d18122c-81d2-4112-8250-3d2f04896a63	10	24089979	46514459	12382	0.0948
3d18122c-81d2-4112-8250-3d2f04896a63	10	46522514	46526086	13	0.9192
3d18122c-81d2-4112-8250-3d2f04896a63	10	46526248	46657149	33	-0.1434
3d18122c-81d2-4112-8250-3d2f04896a63	10	46693480	46967412	13	-0.9534
3d18122c-81d2-4112-8250-3d2f04896a63	10	47002596	54171417	4702	0.1138
3d18122c-81d2-4112-8250-3d2f04896a63	10	54174915	54480292	258	-0.4326
3d18122c-81d2-4112-8250-3d2f04896a63	10	54480933	54544832	45	-3.3074
3d18122c-81d2-4112-8250-3d2f04896a63	10	54544931	54682501	89	-0.3971
3d18122c-81d2-4112-8250-3d2f04896a63	10	54683763	54814677	106	0.1038
3d18122c-81d2-4112-8250-3d2f04896a63	10	54817288	55038941	131	-0.3201
3d18122c-81d2-4112-8250-3d2f04896a63	10	55039949	55266271	124	0.0863
3d18122c-81d2-4112-8250-3d2f04896a63	10	55267321	56237587	692	0.2377
3d18122c-81d2-4112-8250-3d2f04896a63	10	56237830	62007470	4134	0.1042
3d18122c-81d2-4112-8250-3d2f04896a63	10	62007676	62019911	10	-0.6718
3d18122c-81d2-4112-8250-3d2f04896a63	10	62020696	65546518	2261	0.1071
3d18122c-81d2-4112-8250-3d2f04896a63	10	65548165	65554672	27	-1.259
3d18122c-81d2-4112-8250-3d2f04896a63	10	65554688	76493093	6735	0.1122
3d18122c-81d2-4112-8250-3d2f04896a63	10	76497303	76497852	2	2.7397
3d18122c-81d2-4112-8250-3d2f04896a63	10	76501509	130765666	37379	0.1119
3d18122c-81d2-4112-8250-3d2f04896a63	10	130767970	130771558	3	2.1821
3d18122c-81d2-4112-8250-3d2f04896a63	10	130771908	131722849	824	0.0398
3d18122c-81d2-4112-8250-3d2f04896a63	10	131725586	131725588	2	-3.218
3d18122c-81d2-4112-8250-3d2f04896a63	10	131727989	133654968	902	0.0319
3d18122c-81d2-4112-8250-3d2f04896a63	11	198510	3465494	1269	-0.4237
3d18122c-81d2-4112-8250-3d2f04896a63	11	3467200	3467311	2	-3.7557
3d18122c-81d2-4112-8250-3d2f04896a63	11	3485296	4946420	1111	-0.375
3d18122c-81d2-4112-8250-3d2f04896a63	11	4947280	4952799	25	0.4081
3d18122c-81d2-4112-8250-3d2f04896a63	11	4953934	5451505	453	-0.3488
3d18122c-81d2-4112-8250-3d2f04896a63	11	5451592	5451759	2	2.1434
3d18122c-81d2-4112-8250-3d2f04896a63	11	5452584	18918775	9629	-0.4017
3d18122c-81d2-4112-8250-3d2f04896a63	11	18919309	18940586	48	0.2504
3d18122c-81d2-4112-8250-3d2f04896a63	11	18949158	55591984	21497	-0.3918
3d18122c-81d2-4112-8250-3d2f04896a63	11	55592042	55780106	131	-0.0087
3d18122c-81d2-4112-8250-3d2f04896a63	11	55782900	67704862	6089	-0.3883
3d18122c-81d2-4112-8250-3d2f04896a63	11	67708130	67708154	2	-5.0034
3d18122c-81d2-4112-8250-3d2f04896a63	11	67723543	80115226	6848	-0.3888
3d18122c-81d2-4112-8250-3d2f04896a63	11	80116241	80255788	93	-1.0926
3d18122c-81d2-4112-8250-3d2f04896a63	11	80256138	80256165	2	1.5405
3d18122c-81d2-4112-8250-3d2f04896a63	11	80256460	80503203	239	-1.2039
3d18122c-81d2-4112-8250-3d2f04896a63	11	80503307	84119398	2567	-0.3887
3d18122c-81d2-4112-8250-3d2f04896a63	11	84120059	84207276	56	-1.186
3d18122c-81d2-4112-8250-3d2f04896a63	11	84207296	84824862	379	-0.3735
3d18122c-81d2-4112-8250-3d2f04896a63	11	84825592	84835348	5	0.9453
3d18122c-81d2-4112-8250-3d2f04896a63	11	84835869	85037956	195	-0.3742
3d18122c-81d2-4112-8250-3d2f04896a63	11	85038113	85153519	91	-1.3395
3d18122c-81d2-4112-8250-3d2f04896a63	11	85155569	101723653	11605	-0.3853
3d18122c-81d2-4112-8250-3d2f04896a63	11	101727129	101727233	4	1.6205
3d18122c-81d2-4112-8250-3d2f04896a63	11	101727481	131809011	20949	-0.3997
3d18122c-81d2-4112-8250-3d2f04896a63	11	131811155	131811337	2	2.5705
3d18122c-81d2-4112-8250-3d2f04896a63	11	131812326	135074876	2487	-0.416
3d18122c-81d2-4112-8250-3d2f04896a63	12	51460	9498697	6131	0.1288
3d18122c-81d2-4112-8250-3d2f04896a63	12	9498795	9562969	18	-1.6931
3d18122c-81d2-4112-8250-3d2f04896a63	12	9575696	9582373	2	-0.6385
3d18122c-81d2-4112-8250-3d2f04896a63	12	9582374	11066824	1024	0.1155
3d18122c-81d2-4112-8250-3d2f04896a63	12	11068125	11083616	7	-0.5346
3d18122c-81d2-4112-8250-3d2f04896a63	12	11084237	11088933	3	-2.3155
3d18122c-81d2-4112-8250-3d2f04896a63	12	11099275	32152853	14696	0.1136
3d18122c-81d2-4112-8250-3d2f04896a63	12	32153451	32508575	299	0.3937
3d18122c-81d2-4112-8250-3d2f04896a63	12	32517360	33148600	408	0.1174
3d18122c-81d2-4112-8250-3d2f04896a63	12	33148627	33155563	27	0.8917
3d18122c-81d2-4112-8250-3d2f04896a63	12	33155608	46077689	5836	0.1236
3d18122c-81d2-4112-8250-3d2f04896a63	12	46083993	48591727	1555	0.7446
3d18122c-81d2-4112-8250-3d2f04896a63	12	48592447	49292869	302	0.1011
3d18122c-81d2-4112-8250-3d2f04896a63	12	49306288	52599750	1849	0.7371
3d18122c-81d2-4112-8250-3d2f04896a63	12	52599840	54567764	1072	0.1219
3d18122c-81d2-4112-8250-3d2f04896a63	12	54571413	55200613	422	0.7467
3d18122c-81d2-4112-8250-3d2f04896a63	12	55203398	55247645	32	0.1431
3d18122c-81d2-4112-8250-3d2f04896a63	12	55251189	55320564	49	1.3444
3d18122c-81d2-4112-8250-3d2f04896a63	12	55320973	55334804	41	0.8708
3d18122c-81d2-4112-8250-3d2f04896a63	12	55335781	56013055	339	0.1029
3d18122c-81d2-4112-8250-3d2f04896a63	12	56019709	56210664	129	0.6404
3d18122c-81d2-4112-8250-3d2f04896a63	12	56210705	56598016	178	1.3333
3d18122c-81d2-4112-8250-3d2f04896a63	12	56600446	57971991	634	1.7196
3d18122c-81d2-4112-8250-3d2f04896a63	12	57976150	58828619	680	1.4305
3d18122c-81d2-4112-8250-3d2f04896a63	12	58828895	59241080	316	1.8645
3d18122c-81d2-4112-8250-3d2f04896a63	12	59242006	59247232	3	0.513
3d18122c-81d2-4112-8250-3d2f04896a63	12	59248498	59635053	205	1.4021
3d18122c-81d2-4112-8250-3d2f04896a63	12	59635173	59939475	208	1.1123
3d18122c-81d2-4112-8250-3d2f04896a63	12	59939622	60060448	60	0.6659
3d18122c-81d2-4112-8250-3d2f04896a63	12	60063066	60157725	63	0.1391
3d18122c-81d2-4112-8250-3d2f04896a63	12	60159569	60174962	15	0.9258
3d18122c-81d2-4112-8250-3d2f04896a63	12	60175643	60373300	101	-1.1616
3d18122c-81d2-4112-8250-3d2f04896a63	12	60378010	60607860	132	0.0671
3d18122c-81d2-4112-8250-3d2f04896a63	12	60608029	60691115	47	0.7408
3d18122c-81d2-4112-8250-3d2f04896a63	12	60694693	61233127	303	0.1231
3d18122c-81d2-4112-8250-3d2f04896a63	12	61240173	61940873	436	-1.314
3d18122c-81d2-4112-8250-3d2f04896a63	12	61947589	62751675	484	0.1115
3d18122c-81d2-4112-8250-3d2f04896a63	12	62753790	62944634	184	-1.3393
3d18122c-81d2-4112-8250-3d2f04896a63	12	62944957	63007120	35	0.0324
3d18122c-81d2-4112-8250-3d2f04896a63	12	63009095	63291663	225	-1.3022
3d18122c-81d2-4112-8250-3d2f04896a63	12	63292883	63292943	2	-6.6621
3d18122c-81d2-4112-8250-3d2f04896a63	12	63293185	64685631	707	-1.1781
3d18122c-81d2-4112-8250-3d2f04896a63	12	64688626	64826587	69	0.8024
3d18122c-81d2-4112-8250-3d2f04896a63	12	64830931	64984328	104	1.125
3d18122c-81d2-4112-8250-3d2f04896a63	12	64985485	65475774	246	1.7266
3d18122c-81d2-4112-8250-3d2f04896a63	12	65476153	65933900	272	1.4346
3d18122c-81d2-4112-8250-3d2f04896a63	12	65935970	66563325	416	0.0883
3d18122c-81d2-4112-8250-3d2f04896a63	12	66563474	66564104	2	2.1589
3d18122c-81d2-4112-8250-3d2f04896a63	12	66569517	66931419	305	0.1228
3d18122c-81d2-4112-8250-3d2f04896a63	12	66933754	66973075	39	0.7608
3d18122c-81d2-4112-8250-3d2f04896a63	12	66974347	67636716	504	0.1259
3d18122c-81d2-4112-8250-3d2f04896a63	12	67640140	67659022	16	1.2075
3d18122c-81d2-4112-8250-3d2f04896a63	12	67661517	67879285	123	0.0982
3d18122c-81d2-4112-8250-3d2f04896a63	12	67881416	68747184	653	-1.3428
3d18122c-81d2-4112-8250-3d2f04896a63	12	68753515	72848336	2659	0.1099
3d18122c-81d2-4112-8250-3d2f04896a63	12	72851624	72851625	2	2.2146
3d18122c-81d2-4112-8250-3d2f04896a63	12	72859412	72881690	16	0.2112
3d18122c-81d2-4112-8250-3d2f04896a63	12	72881746	73991870	620	-1.1381
3d18122c-81d2-4112-8250-3d2f04896a63	12	74002944	101949174	17802	0.1072
3d18122c-81d2-4112-8250-3d2f04896a63	12	101954522	102147504	94	-0.5081
3d18122c-81d2-4112-8250-3d2f04896a63	12	102153321	133201603	20862	0.1183
3d18122c-81d2-4112-8250-3d2f04896a63	13	18452809	19547319	525	-0.4391
3d18122c-81d2-4112-8250-3d2f04896a63	13	19549755	19549770	2	3.0744
3d18122c-81d2-4112-8250-3d2f04896a63	13	19550361	114342922	62828	-0.3879
3d18122c-81d2-4112-8250-3d2f04896a63	14	18239283	20082381	257	0.1169
3d18122c-81d2-4112-8250-3d2f04896a63	14	20085125	20087037	2	3.5843
3d18122c-81d2-4112-8250-3d2f04896a63	14	20089108	21833069	1144	0.1311
3d18122c-81d2-4112-8250-3d2f04896a63	14	21835401	22501463	590	0.3426
3d18122c-81d2-4112-8250-3d2f04896a63	14	22501487	28600216	3775	0.1331
3d18122c-81d2-4112-8250-3d2f04896a63	14	28600335	28602470	2	-2.7265
3d18122c-81d2-4112-8250-3d2f04896a63	14	28602544	41009901	7724	0.1174
3d18122c-81d2-4112-8250-3d2f04896a63	14	41010025	41016228	4	1.7447
3d18122c-81d2-4112-8250-3d2f04896a63	14	41016235	41138431	113	0.0996
3d18122c-81d2-4112-8250-3d2f04896a63	14	41139155	41207477	21	0.6816
3d18122c-81d2-4112-8250-3d2f04896a63	14	41207493	41631350	282	0.1203
3d18122c-81d2-4112-8250-3d2f04896a63	14	41634591	41868908	183	-0.4057
3d18122c-81d2-4112-8250-3d2f04896a63	14	41870792	80269384	24255	0.1256
3d18122c-81d2-4112-8250-3d2f04896a63	14	80271985	80394225	84	-0.3966
3d18122c-81d2-4112-8250-3d2f04896a63	14	80395817	106447661	16260	0.1253
3d18122c-81d2-4112-8250-3d2f04896a63	14	106454379	106454694	2	2.8438
3d18122c-81d2-4112-8250-3d2f04896a63	14	106454986	106877229	215	0.0808
3d18122c-81d2-4112-8250-3d2f04896a63	15	19811075	25140846	1633	-1.2785
3d18122c-81d2-4112-8250-3d2f04896a63	15	25141280	25207565	34	-2.8041
3d18122c-81d2-4112-8250-3d2f04896a63	15	25207867	29119788	2385	-1.3638
3d18122c-81d2-4112-8250-3d2f04896a63	15	29119844	29133037	7	-5.5073
3d18122c-81d2-4112-8250-3d2f04896a63	15	29133893	46587779	10202	-1.2368
3d18122c-81d2-4112-8250-3d2f04896a63	15	46592321	101928837	36421	-0.3759
3d18122c-81d2-4112-8250-3d2f04896a63	16	10777	72839436	36640	0.1233
3d18122c-81d2-4112-8250-3d2f04896a63	16	72845379	73674608	598	-0.3967
3d18122c-81d2-4112-8250-3d2f04896a63	16	73674625	84024197	10015	0.13
3d18122c-81d2-4112-8250-3d2f04896a63	16	84029323	84792227	697	-0.0003
3d18122c-81d2-4112-8250-3d2f04896a63	16	84794079	88082524	2688	0.1535
3d18122c-81d2-4112-8250-3d2f04896a63	16	88082877	90096867	829	0.0231
3d18122c-81d2-4112-8250-3d2f04896a63	17	150733	83091923	44556	-0.3973
3d18122c-81d2-4112-8250-3d2f04896a63	18	48133	2023812	1424	0.1169
3d18122c-81d2-4112-8250-3d2f04896a63	18	2027952	2028333	2	2.8578
3d18122c-81d2-4112-8250-3d2f04896a63	18	2029049	36314656	18239	0.125
3d18122c-81d2-4112-8250-3d2f04896a63	18	36315896	36586778	260	-0.3864
3d18122c-81d2-4112-8250-3d2f04896a63	18	36589097	40678118	2666	0.1355
3d18122c-81d2-4112-8250-3d2f04896a63	18	40678132	40678426	6	1.7372
3d18122c-81d2-4112-8250-3d2f04896a63	18	40678439	65790732	17134	0.1279
3d18122c-81d2-4112-8250-3d2f04896a63	18	65793965	65794891	4	1.9248
3d18122c-81d2-4112-8250-3d2f04896a63	18	65795238	79351540	10120	0.1288
3d18122c-81d2-4112-8250-3d2f04896a63	18	79353956	79953432	251	-0.0555
3d18122c-81d2-4112-8250-3d2f04896a63	18	79956624	80127538	101	0.204
3d18122c-81d2-4112-8250-3d2f04896a63	18	80127954	80132754	2	2.7333
3d18122c-81d2-4112-8250-3d2f04896a63	18	80133560	80257174	74	0.001
3d18122c-81d2-4112-8250-3d2f04896a63	19	90910	255564	3	0.706
3d18122c-81d2-4112-8250-3d2f04896a63	19	255578	366828	66	1.5938
3d18122c-81d2-4112-8250-3d2f04896a63	19	366945	761789	80	1.1897
3d18122c-81d2-4112-8250-3d2f04896a63	19	764489	1228278	114	0.7548
3d18122c-81d2-4112-8250-3d2f04896a63	19	1228293	2064620	193	1.2297
3d18122c-81d2-4112-8250-3d2f04896a63	19	2084161	2385365	76	0.7147
3d18122c-81d2-4112-8250-3d2f04896a63	19	2389786	2774643	148	1.2586
3d18122c-81d2-4112-8250-3d2f04896a63	19	2779136	3510111	271	0.4486
3d18122c-81d2-4112-8250-3d2f04896a63	19	3521410	4678471	279	0.9419
3d18122c-81d2-4112-8250-3d2f04896a63	19	4682240	5506648	355	0.1026
3d18122c-81d2-4112-8250-3d2f04896a63	19	5510228	5510642	3	-1.8144
3d18122c-81d2-4112-8250-3d2f04896a63	19	5510689	5566221	29	0.1857
3d18122c-81d2-4112-8250-3d2f04896a63	19	5570172	6068542	207	0.4653
3d18122c-81d2-4112-8250-3d2f04896a63	19	6072852	6281966	123	0.9586
3d18122c-81d2-4112-8250-3d2f04896a63	19	6283440	6914088	316	0.4004
3d18122c-81d2-4112-8250-3d2f04896a63	19	6914817	7120452	104	0.9672
3d18122c-81d2-4112-8250-3d2f04896a63	19	7127689	9916794	1400	0.115
3d18122c-81d2-4112-8250-3d2f04896a63	19	9920577	15266021	2556	0.9421
3d18122c-81d2-4112-8250-3d2f04896a63	19	15266792	16149965	572	1.4376
3d18122c-81d2-4112-8250-3d2f04896a63	19	16150519	17060923	469	0.9343
3d18122c-81d2-4112-8250-3d2f04896a63	19	17061343	17705690	262	0.426
3d18122c-81d2-4112-8250-3d2f04896a63	19	17719125	19246400	630	0.0826
3d18122c-81d2-4112-8250-3d2f04896a63	19	19246876	27590132	2905	0.4558
3d18122c-81d2-4112-8250-3d2f04896a63	19	27590479	28093702	285	0.1191
3d18122c-81d2-4112-8250-3d2f04896a63	19	28094161	28094344	2	-1.9463
3d18122c-81d2-4112-8250-3d2f04896a63	19	28100859	29694505	1273	0.1297
3d18122c-81d2-4112-8250-3d2f04896a63	19	29701598	35358420	3903	0.4878
3d18122c-81d2-4112-8250-3d2f04896a63	19	35364451	35375884	23	-0.5021
3d18122c-81d2-4112-8250-3d2f04896a63	19	35375899	36261319	424	0.4331
3d18122c-81d2-4112-8250-3d2f04896a63	19	36261773	36356596	23	-0.607
3d18122c-81d2-4112-8250-3d2f04896a63	19	36356735	51628560	7555	0.4473
3d18122c-81d2-4112-8250-3d2f04896a63	19	51639099	51644944	11	-1.7367
3d18122c-81d2-4112-8250-3d2f04896a63	19	51651652	58586487	4309	0.4288
3d18122c-81d2-4112-8250-3d2f04896a63	20	80664	128631	43	0.0023
3d18122c-81d2-4112-8250-3d2f04896a63	20	128724	10280494	7761	-0.3845
3d18122c-81d2-4112-8250-3d2f04896a63	20	10288392	11285893	784	0.1434
3d18122c-81d2-4112-8250-3d2f04896a63	20	11288079	19216895	6235	-0.3781
3d18122c-81d2-4112-8250-3d2f04896a63	20	19217646	19439505	205	0.1384
3d18122c-81d2-4112-8250-3d2f04896a63	20	19439793	21700719	1672	-0.4096
3d18122c-81d2-4112-8250-3d2f04896a63	20	21720007	22310142	372	0.1081
3d18122c-81d2-4112-8250-3d2f04896a63	20	22310581	22443239	132	0.4671
3d18122c-81d2-4112-8250-3d2f04896a63	20	22449167	23516087	900	0.1393
3d18122c-81d2-4112-8250-3d2f04896a63	20	23516237	23517570	2	2.7492
3d18122c-81d2-4112-8250-3d2f04896a63	20	23517894	63633119	23625	0.1369
3d18122c-81d2-4112-8250-3d2f04896a63	20	63636974	64324800	287	-0.0406
3d18122c-81d2-4112-8250-3d2f04896a63	21	10354168	13028693	97	-0.2847
3d18122c-81d2-4112-8250-3d2f04896a63	21	13080541	18683769	3416	0.4749
3d18122c-81d2-4112-8250-3d2f04896a63	21	18685360	18706106	24	1.0313
3d18122c-81d2-4112-8250-3d2f04896a63	21	18706182	36103191	12781	0.4932
3d18122c-81d2-4112-8250-3d2f04896a63	21	36104061	36112582	3	2.1965
3d18122c-81d2-4112-8250-3d2f04896a63	21	36112644	39575330	2674	0.476
3d18122c-81d2-4112-8250-3d2f04896a63	21	39575388	39575425	2	2.5063
3d18122c-81d2-4112-8250-3d2f04896a63	21	39575548	45591428	4034	0.4967
3d18122c-81d2-4112-8250-3d2f04896a63	21	45592695	45595598	4	1.9085
3d18122c-81d2-4112-8250-3d2f04896a63	21	45596923	46677045	647	0.4441
3d18122c-81d2-4112-8250-3d2f04896a63	22	15294547	18144143	1103	-0.3976
3d18122c-81d2-4112-8250-3d2f04896a63	22	18144230	21095748	1523	-0.5833
3d18122c-81d2-4112-8250-3d2f04896a63	22	21095784	28626100	5522	-0.3983
3d18122c-81d2-4112-8250-3d2f04896a63	22	28629800	28809242	74	-1.1475
3d18122c-81d2-4112-8250-3d2f04896a63	22	28809703	28932295	80	-3.1748
3d18122c-81d2-4112-8250-3d2f04896a63	22	28932739	29010400	55	-1.0817
3d18122c-81d2-4112-8250-3d2f04896a63	22	29012431	29013978	4	-4.471
3d18122c-81d2-4112-8250-3d2f04896a63	22	29014156	29055683	31	-1.2603
3d18122c-81d2-4112-8250-3d2f04896a63	22	29055864	33777419	3133	-0.3795
3d18122c-81d2-4112-8250-3d2f04896a63	22	33778960	33778998	4	-2.2924
3d18122c-81d2-4112-8250-3d2f04896a63	22	33785435	49000642	10374	-0.3973
3d18122c-81d2-4112-8250-3d2f04896a63	22	49001662	50085004	805	-0.5865
3d18122c-81d2-4112-8250-3d2f04896a63	22	50089541	50796027	313	-0.4393
3d18122c-81d2-4112-8250-3d2f04896a63	X	251810	6805671	3129	-0.0228
3d18122c-81d2-4112-8250-3d2f04896a63	X	6806744	6871723	45	-0.8261
3d18122c-81d2-4112-8250-3d2f04896a63	X	6873717	131217169	65171	0.001
3d18122c-81d2-4112-8250-3d2f04896a63	X	131217774	131221163	4	-2.582
3d18122c-81d2-4112-8250-3d2f04896a63	X	131222568	152868061	13169	-0.0005
3d18122c-81d2-4112-8250-3d2f04896a63	X	152868087	154808932	899	-0.1169
3d18122c-81d2-4112-8250-3d2f04896a63	X	154812202	155952689	376	0.0731
3d18122c-81d2-4112-8250-3d2f04896a63	Y	2782397	6167430	746	-2.2237
3d18122c-81d2-4112-8250-3d2f04896a63	Y	6171310	6171622	2	-7.5064
3d18122c-81d2-4112-8250-3d2f04896a63	Y	6180233	6780142	111	-2.1825
3d18122c-81d2-4112-8250-3d2f04896a63	Y	6780720	9330531	1362	-2.6333
3d18122c-81d2-4112-8250-3d2f04896a63	Y	9332936	9550385	21	-4.8263
3d18122c-81d2-4112-8250-3d2f04896a63	Y	9550653	56872112	4389	-2.5114
