GDC_Aliquot	Chromosome	Start	End	Num_Probes	Segment_Mean
c991274f-9425-4de0-b5ae-4589b40db4c5	1	62920	6016361	2811	-0.3123
c991274f-9425-4de0-b5ae-4589b40db4c5	1	6019570	6019642	2	-2.2437
c991274f-9425-4de0-b5ae-4589b40db4c5	1	6020227	13326062	3710	-0.2976
c991274f-9425-4de0-b5ae-4589b40db4c5	1	13338980	13362275	3	-1.8839
c991274f-9425-4de0-b5ae-4589b40db4c5	1	13383455	15823420	1804	-0.3045
c991274f-9425-4de0-b5ae-4589b40db4c5	1	15827002	15827706	7	0.4437
c991274f-9425-4de0-b5ae-4589b40db4c5	1	15827744	16864367	359	-0.3331
c991274f-9425-4de0-b5ae-4589b40db4c5	1	16868660	16935752	53	-0.0231
c991274f-9425-4de0-b5ae-4589b40db4c5	1	16949746	25256850	5256	-0.2976
c991274f-9425-4de0-b5ae-4589b40db4c5	1	25266637	25320253	23	0.3942
c991274f-9425-4de0-b5ae-4589b40db4c5	1	25320455	45151640	10887	-0.2778
c991274f-9425-4de0-b5ae-4589b40db4c5	1	45153815	64961923	13026	-0.3037
c991274f-9425-4de0-b5ae-4589b40db4c5	1	64963532	64964114	6	-1.2978
c991274f-9425-4de0-b5ae-4589b40db4c5	1	64969380	72167620	4691	-0.3166
c991274f-9425-4de0-b5ae-4589b40db4c5	1	72171216	72303233	88	-0.2252
c991274f-9425-4de0-b5ae-4589b40db4c5	1	72303253	72345450	44	-0.87
c991274f-9425-4de0-b5ae-4589b40db4c5	1	72345465	99681022	17589	-0.3087
c991274f-9425-4de0-b5ae-4589b40db4c5	1	99682647	99683312	2	-2.4127
c991274f-9425-4de0-b5ae-4589b40db4c5	1	99683716	108187137	5302	-0.3131
c991274f-9425-4de0-b5ae-4589b40db4c5	1	108191613	108194874	3	-2.0032
c991274f-9425-4de0-b5ae-4589b40db4c5	1	108196482	108223733	17	-0.2539
c991274f-9425-4de0-b5ae-4589b40db4c5	1	108226680	108274557	2	-2.4891
c991274f-9425-4de0-b5ae-4589b40db4c5	1	108310648	112147704	2633	-0.2772
c991274f-9425-4de0-b5ae-4589b40db4c5	1	112153343	112154591	22	0.4071
c991274f-9425-4de0-b5ae-4589b40db4c5	1	112154619	143748012	5256	-0.2918
c991274f-9425-4de0-b5ae-4589b40db4c5	1	143748074	143811517	23	0.2472
c991274f-9425-4de0-b5ae-4589b40db4c5	1	143890323	152588065	2327	-0.2997
c991274f-9425-4de0-b5ae-4589b40db4c5	1	152588392	152613762	22	-1.0669
c991274f-9425-4de0-b5ae-4589b40db4c5	1	152613802	152789781	175	-0.278
c991274f-9425-4de0-b5ae-4589b40db4c5	1	152789809	152796094	30	0.1132
c991274f-9425-4de0-b5ae-4589b40db4c5	1	152796224	161983318	5495	-0.2896
c991274f-9425-4de0-b5ae-4589b40db4c5	1	161985655	161986319	7	-1.502
c991274f-9425-4de0-b5ae-4589b40db4c5	1	161987014	163406119	1209	-0.2903
c991274f-9425-4de0-b5ae-4589b40db4c5	1	163408857	163414403	10	-2.412
c991274f-9425-4de0-b5ae-4589b40db4c5	1	163415319	165557556	1760	-0.334
c991274f-9425-4de0-b5ae-4589b40db4c5	1	165562102	165562490	3	-1.944
c991274f-9425-4de0-b5ae-4589b40db4c5	1	165563768	196745743	20942	-0.303
c991274f-9425-4de0-b5ae-4589b40db4c5	1	196758720	196846661	61	-1.4364
c991274f-9425-4de0-b5ae-4589b40db4c5	1	196847600	199142235	1369	-0.2936
c991274f-9425-4de0-b5ae-4589b40db4c5	1	199142298	199143396	6	-2.2346
c991274f-9425-4de0-b5ae-4589b40db4c5	1	199143883	229675422	20425	-0.3015
c991274f-9425-4de0-b5ae-4589b40db4c5	1	229681109	229684449	3	-1.9776
c991274f-9425-4de0-b5ae-4589b40db4c5	1	229684709	230695312	808	-0.2932
c991274f-9425-4de0-b5ae-4589b40db4c5	1	230696447	230700716	3	-1.5092
c991274f-9425-4de0-b5ae-4589b40db4c5	1	230701040	248446755	12948	-0.3176
c991274f-9425-4de0-b5ae-4589b40db4c5	1	248447206	248473963	10	-1.3576
c991274f-9425-4de0-b5ae-4589b40db4c5	1	248475325	248930189	190	-0.2797
c991274f-9425-4de0-b5ae-4589b40db4c5	2	12784	34476516	24065	-0.2804
c991274f-9425-4de0-b5ae-4589b40db4c5	2	34476558	34511990	43	0.2592
c991274f-9425-4de0-b5ae-4589b40db4c5	2	34512096	52527330	12984	-0.2901
c991274f-9425-4de0-b5ae-4589b40db4c5	2	52527342	52554404	39	-1.5878
c991274f-9425-4de0-b5ae-4589b40db4c5	2	52560811	80226991	18103	-0.2869
c991274f-9425-4de0-b5ae-4589b40db4c5	2	80228126	80228802	2	-4.3003
c991274f-9425-4de0-b5ae-4589b40db4c5	2	80229013	97534580	5714	-0.2833
c991274f-9425-4de0-b5ae-4589b40db4c5	2	97535071	97545247	5	0.8884
c991274f-9425-4de0-b5ae-4589b40db4c5	2	97545726	106263639	5561	-0.2805
c991274f-9425-4de0-b5ae-4589b40db4c5	2	106264257	106268378	8	-2.2081
c991274f-9425-4de0-b5ae-4589b40db4c5	2	106268523	146107615	23810	-0.2874
c991274f-9425-4de0-b5ae-4589b40db4c5	2	146107675	146109366	16	-1.1873
c991274f-9425-4de0-b5ae-4589b40db4c5	2	146120238	147177222	530	-0.276
c991274f-9425-4de0-b5ae-4589b40db4c5	2	147183774	147188778	3	-1.8463
c991274f-9425-4de0-b5ae-4589b40db4c5	2	147189314	156621440	5789	-0.2833
c991274f-9425-4de0-b5ae-4589b40db4c5	2	156631712	156631765	2	-2.0002
c991274f-9425-4de0-b5ae-4589b40db4c5	2	156636819	172119281	9324	-0.2785
c991274f-9425-4de0-b5ae-4589b40db4c5	2	172119631	172121848	2	-2.274
c991274f-9425-4de0-b5ae-4589b40db4c5	2	172127288	172690673	399	-0.2565
c991274f-9425-4de0-b5ae-4589b40db4c5	2	172691152	172691308	2	-3.5151
c991274f-9425-4de0-b5ae-4589b40db4c5	2	172694340	203032174	17966	-0.2774
c991274f-9425-4de0-b5ae-4589b40db4c5	2	203035077	203037323	3	-2.0455
c991274f-9425-4de0-b5ae-4589b40db4c5	2	203039417	207490231	2892	-0.2736
c991274f-9425-4de0-b5ae-4589b40db4c5	2	207490454	207494612	16	-1.9265
c991274f-9425-4de0-b5ae-4589b40db4c5	2	207494752	242030085	21983	-0.2846
c991274f-9425-4de0-b5ae-4589b40db4c5	2	242030144	242035382	11	-1.153
c991274f-9425-4de0-b5ae-4589b40db4c5	2	242037189	242147305	64	-0.4228
c991274f-9425-4de0-b5ae-4589b40db4c5	3	20930	4851939	4373	-0.3285
c991274f-9425-4de0-b5ae-4589b40db4c5	3	4858918	4864372	11	-3.5613
c991274f-9425-4de0-b5ae-4589b40db4c5	3	4873946	4886475	7	-1.6259
c991274f-9425-4de0-b5ae-4589b40db4c5	3	4893278	6609441	1420	-0.3096
c991274f-9425-4de0-b5ae-4589b40db4c5	3	6609524	6613391	23	0.1911
c991274f-9425-4de0-b5ae-4589b40db4c5	3	6613561	16197556	7044	-0.3087
c991274f-9425-4de0-b5ae-4589b40db4c5	3	16199049	16199672	6	-1.3997
c991274f-9425-4de0-b5ae-4589b40db4c5	3	16199818	26384700	6973	-0.3124
c991274f-9425-4de0-b5ae-4589b40db4c5	3	26392633	26397852	4	-2.0811
c991274f-9425-4de0-b5ae-4589b40db4c5	3	26404482	42124918	10458	-0.3154
c991274f-9425-4de0-b5ae-4589b40db4c5	3	42127097	54088517	6085	-0.2817
c991274f-9425-4de0-b5ae-4589b40db4c5	3	54088646	62041960	6126	-0.3207
c991274f-9425-4de0-b5ae-4589b40db4c5	3	62041996	62043607	2	-2.5628
c991274f-9425-4de0-b5ae-4589b40db4c5	3	62044184	99218940	21105	-0.3248
c991274f-9425-4de0-b5ae-4589b40db4c5	3	99225614	99226455	14	-1.6027
c991274f-9425-4de0-b5ae-4589b40db4c5	3	99226551	99230212	13	-3.0487
c991274f-9425-4de0-b5ae-4589b40db4c5	3	99230225	99230434	5	-0.0556
c991274f-9425-4de0-b5ae-4589b40db4c5	3	99230443	99230464	4	-2.306
c991274f-9425-4de0-b5ae-4589b40db4c5	3	99230470	104431957	2946	-0.3168
c991274f-9425-4de0-b5ae-4589b40db4c5	3	104432198	104486929	22	-0.9814
c991274f-9425-4de0-b5ae-4589b40db4c5	3	104491387	117030798	7933	-0.3111
c991274f-9425-4de0-b5ae-4589b40db4c5	3	117033609	117374487	264	-0.904
c991274f-9425-4de0-b5ae-4589b40db4c5	3	117376494	125993370	5163	-0.3142
c991274f-9425-4de0-b5ae-4589b40db4c5	3	125993427	126003019	28	-2.1787
c991274f-9425-4de0-b5ae-4589b40db4c5	3	126003489	126097220	64	-0.3441
c991274f-9425-4de0-b5ae-4589b40db4c5	3	126098361	126098375	2	-2.1144
c991274f-9425-4de0-b5ae-4589b40db4c5	3	126101511	126478942	289	-0.3147
c991274f-9425-4de0-b5ae-4589b40db4c5	3	126481303	126497430	15	0.1697
c991274f-9425-4de0-b5ae-4589b40db4c5	3	126497723	130044016	1952	-0.2949
c991274f-9425-4de0-b5ae-4589b40db4c5	3	130044855	130087393	38	0.2243
c991274f-9425-4de0-b5ae-4589b40db4c5	3	130088081	132269794	1432	-0.3171
c991274f-9425-4de0-b5ae-4589b40db4c5	3	132270020	132270486	3	0.9894
c991274f-9425-4de0-b5ae-4589b40db4c5	3	132270503	138053148	3478	-0.3045
c991274f-9425-4de0-b5ae-4589b40db4c5	3	138057321	138082564	27	0.5844
c991274f-9425-4de0-b5ae-4589b40db4c5	3	138086356	162778121	15294	-0.3117
c991274f-9425-4de0-b5ae-4589b40db4c5	3	162785334	162815162	24	0.0948
c991274f-9425-4de0-b5ae-4589b40db4c5	3	162816942	162822702	6	-0.7879
c991274f-9425-4de0-b5ae-4589b40db4c5	3	162827928	162908784	49	0.1891
c991274f-9425-4de0-b5ae-4589b40db4c5	3	162908815	163941168	580	-0.3191
c991274f-9425-4de0-b5ae-4589b40db4c5	3	163941170	163941173	2	0.9572
c991274f-9425-4de0-b5ae-4589b40db4c5	3	163941185	165323075	732	-0.3269
c991274f-9425-4de0-b5ae-4589b40db4c5	3	165323760	165364151	65	-2.5124
c991274f-9425-4de0-b5ae-4589b40db4c5	3	165367641	193160113	17767	-0.3191
c991274f-9425-4de0-b5ae-4589b40db4c5	3	193160173	193165114	19	2.2188
c991274f-9425-4de0-b5ae-4589b40db4c5	3	193168646	195559056	1480	-0.3052
c991274f-9425-4de0-b5ae-4589b40db4c5	3	195656271	195751823	45	-0.736
c991274f-9425-4de0-b5ae-4589b40db4c5	3	195751990	196938927	545	-0.3521
c991274f-9425-4de0-b5ae-4589b40db4c5	3	196939188	196948008	3	-2.0059
c991274f-9425-4de0-b5ae-4589b40db4c5	3	196949561	198169247	616	-0.354
c991274f-9425-4de0-b5ae-4589b40db4c5	4	68929	4108503	1623	0.4408
c991274f-9425-4de0-b5ae-4589b40db4c5	4	4112194	4174902	19	-0.082
c991274f-9425-4de0-b5ae-4589b40db4c5	4	4175446	10208766	4055	0.4708
c991274f-9425-4de0-b5ae-4589b40db4c5	4	10221792	10229874	28	3.8515
c991274f-9425-4de0-b5ae-4589b40db4c5	4	10232590	10233644	7	1.4974
c991274f-9425-4de0-b5ae-4589b40db4c5	4	10234518	10390730	172	0.5665
c991274f-9425-4de0-b5ae-4589b40db4c5	4	10391530	10399044	15	-0.2636
c991274f-9425-4de0-b5ae-4589b40db4c5	4	10401094	26287196	11538	0.4433
c991274f-9425-4de0-b5ae-4589b40db4c5	4	26290363	26293154	3	-0.8649
c991274f-9425-4de0-b5ae-4589b40db4c5	4	26293552	34777353	5235	0.436
c991274f-9425-4de0-b5ae-4589b40db4c5	4	34777382	34823103	42	0.7688
c991274f-9425-4de0-b5ae-4589b40db4c5	4	34828250	49159741	8964	0.4471
c991274f-9425-4de0-b5ae-4589b40db4c5	4	49203901	49656595	24	-0.2336
c991274f-9425-4de0-b5ae-4589b40db4c5	4	51819533	62802116	6999	0.4291
c991274f-9425-4de0-b5ae-4589b40db4c5	4	62804218	62805944	8	-0.3037
c991274f-9425-4de0-b5ae-4589b40db4c5	4	62813912	63828222	553	0.4222
c991274f-9425-4de0-b5ae-4589b40db4c5	4	63831751	63841863	20	-0.5788
c991274f-9425-4de0-b5ae-4589b40db4c5	4	63841887	63842540	7	-2.2836
c991274f-9425-4de0-b5ae-4589b40db4c5	4	63850713	68354665	2848	0.4381
c991274f-9425-4de0-b5ae-4589b40db4c5	4	68361130	68422424	12	1.388
c991274f-9425-4de0-b5ae-4589b40db4c5	4	68429081	68655691	80	0.258
c991274f-9425-4de0-b5ae-4589b40db4c5	4	68663241	68686026	4	-0.8051
c991274f-9425-4de0-b5ae-4589b40db4c5	4	68725894	70361495	1004	0.4561
c991274f-9425-4de0-b5ae-4589b40db4c5	4	70362548	70383335	30	-0.4448
c991274f-9425-4de0-b5ae-4589b40db4c5	4	70385052	109773096	23742	0.4438
c991274f-9425-4de0-b5ae-4589b40db4c5	4	109773220	112581646	1750	0.2265
c991274f-9425-4de0-b5ae-4589b40db4c5	4	112583146	114258499	1154	0.4562
c991274f-9425-4de0-b5ae-4589b40db4c5	4	114260238	114263110	7	-0.2152
c991274f-9425-4de0-b5ae-4589b40db4c5	4	114263154	114587010	223	0.4175
c991274f-9425-4de0-b5ae-4589b40db4c5	4	114588837	114589298	2	-2.2077
c991274f-9425-4de0-b5ae-4589b40db4c5	4	114593270	129141596	8484	0.4402
c991274f-9425-4de0-b5ae-4589b40db4c5	4	129146391	129147005	2	-2.4945
c991274f-9425-4de0-b5ae-4589b40db4c5	4	129151408	161023010	19289	0.4401
c991274f-9425-4de0-b5ae-4589b40db4c5	4	161025216	161082114	47	0.906
c991274f-9425-4de0-b5ae-4589b40db4c5	4	161085672	171448195	6560	0.4333
c991274f-9425-4de0-b5ae-4589b40db4c5	4	171453733	171456625	12	-0.66
c991274f-9425-4de0-b5ae-4589b40db4c5	4	171459220	172066706	396	0.4732
c991274f-9425-4de0-b5ae-4589b40db4c5	4	172066777	172068382	13	1.0415
c991274f-9425-4de0-b5ae-4589b40db4c5	4	172074828	180067180	4999	0.4335
c991274f-9425-4de0-b5ae-4589b40db4c5	4	180067641	184838776	3572	-0.3473
c991274f-9425-4de0-b5ae-4589b40db4c5	4	184842139	184848544	10	-4.5691
c991274f-9425-4de0-b5ae-4589b40db4c5	4	184857596	190046094	3487	-0.3288
c991274f-9425-4de0-b5ae-4589b40db4c5	4	190094046	190106768	4	0.1812
c991274f-9425-4de0-b5ae-4589b40db4c5	5	15532	698390	309	0.4093
c991274f-9425-4de0-b5ae-4589b40db4c5	5	717264	773432	23	-0.6996
c991274f-9425-4de0-b5ae-4589b40db4c5	5	773453	896700	39	0.3869
c991274f-9425-4de0-b5ae-4589b40db4c5	5	905586	908425	3	-0.6673
c991274f-9425-4de0-b5ae-4589b40db4c5	5	913276	17637752	13007	0.4556
c991274f-9425-4de0-b5ae-4589b40db4c5	5	17640105	17655029	5	-0.4662
c991274f-9425-4de0-b5ae-4589b40db4c5	5	17662996	21376735	2268	0.4401
c991274f-9425-4de0-b5ae-4589b40db4c5	5	21377730	21377744	2	-1.7581
c991274f-9425-4de0-b5ae-4589b40db4c5	5	21385957	32106978	6597	0.4321
c991274f-9425-4de0-b5ae-4589b40db4c5	5	32109483	32158349	39	0.8477
c991274f-9425-4de0-b5ae-4589b40db4c5	5	32170181	60943584	15434	0.4529
c991274f-9425-4de0-b5ae-4589b40db4c5	5	60943616	60981243	15	-0.395
c991274f-9425-4de0-b5ae-4589b40db4c5	5	60986148	104515520	24826	0.4582
c991274f-9425-4de0-b5ae-4589b40db4c5	5	104524672	104524903	4	1.8554
c991274f-9425-4de0-b5ae-4589b40db4c5	5	104525348	133632492	19020	0.4526
c991274f-9425-4de0-b5ae-4589b40db4c5	5	133635161	133647007	20	-0.3162
c991274f-9425-4de0-b5ae-4589b40db4c5	5	133648656	142363042	4984	0.4498
c991274f-9425-4de0-b5ae-4589b40db4c5	5	142364947	143847127	1121	0.5072
c991274f-9425-4de0-b5ae-4589b40db4c5	5	143851225	156049762	8265	0.4553
c991274f-9425-4de0-b5ae-4589b40db4c5	5	156049910	156055719	13	-0.2685
c991274f-9425-4de0-b5ae-4589b40db4c5	5	156068240	165406612	6151	0.4502
c991274f-9425-4de0-b5ae-4589b40db4c5	5	165409250	165419454	4	-0.8455
c991274f-9425-4de0-b5ae-4589b40db4c5	5	165419772	177771448	8636	0.4598
c991274f-9425-4de0-b5ae-4589b40db4c5	5	177800550	177805604	3	3.9314
c991274f-9425-4de0-b5ae-4589b40db4c5	5	177827964	180947523	1796	0.4587
c991274f-9425-4de0-b5ae-4589b40db4c5	5	180951710	180991103	19	1.0956
c991274f-9425-4de0-b5ae-4589b40db4c5	5	181006225	181363319	170	0.4199
c991274f-9425-4de0-b5ae-4589b40db4c5	6	149661	253272	98	-0.3353
c991274f-9425-4de0-b5ae-4589b40db4c5	6	253861	366333	96	0.1667
c991274f-9425-4de0-b5ae-4589b40db4c5	6	373453	17062672	13157	-0.2983
c991274f-9425-4de0-b5ae-4589b40db4c5	6	17062863	25610453	6173	-0.33
c991274f-9425-4de0-b5ae-4589b40db4c5	6	25613912	26328933	455	-0.2673
c991274f-9425-4de0-b5ae-4589b40db4c5	6	26329098	26340802	8	-2.1897
c991274f-9425-4de0-b5ae-4589b40db4c5	6	26342741	29868964	1636	-0.3044
c991274f-9425-4de0-b5ae-4589b40db4c5	6	29869295	29940692	38	0.3157
c991274f-9425-4de0-b5ae-4589b40db4c5	6	29946443	31216419	566	-0.2638
c991274f-9425-4de0-b5ae-4589b40db4c5	6	31216648	31224738	3	-1.3847
c991274f-9425-4de0-b5ae-4589b40db4c5	6	31224798	31318528	72	-0.3018
c991274f-9425-4de0-b5ae-4589b40db4c5	6	31318754	31319724	4	-1.6105
c991274f-9425-4de0-b5ae-4589b40db4c5	6	31327629	32529339	517	-0.3487
c991274f-9425-4de0-b5ae-4589b40db4c5	6	32529429	32605994	18	0.3358
c991274f-9425-4de0-b5ae-4589b40db4c5	6	32606237	32637799	22	-0.7852
c991274f-9425-4de0-b5ae-4589b40db4c5	6	32638107	32656527	4	-0.2011
c991274f-9425-4de0-b5ae-4589b40db4c5	6	32656814	32658841	5	0.7667
c991274f-9425-4de0-b5ae-4589b40db4c5	6	32682835	41673751	5911	-0.2915
c991274f-9425-4de0-b5ae-4589b40db4c5	6	41675648	41790845	77	0.4675
c991274f-9425-4de0-b5ae-4589b40db4c5	6	41793076	54060406	7682	-0.3075
c991274f-9425-4de0-b5ae-4589b40db4c5	6	54066269	54070617	11	0.8579
c991274f-9425-4de0-b5ae-4589b40db4c5	6	54070900	65000836	4458	-0.3261
c991274f-9425-4de0-b5ae-4589b40db4c5	6	65001506	65003844	2	-2.8037
c991274f-9425-4de0-b5ae-4589b40db4c5	6	65003899	73882142	5912	-0.33
c991274f-9425-4de0-b5ae-4589b40db4c5	6	73882509	73887625	9	-1.8946
c991274f-9425-4de0-b5ae-4589b40db4c5	6	73891694	78261995	2772	-0.32
c991274f-9425-4de0-b5ae-4589b40db4c5	6	78262064	78316871	92	-1.6008
c991274f-9425-4de0-b5ae-4589b40db4c5	6	78316969	78325468	15	-0.9175
c991274f-9425-4de0-b5ae-4589b40db4c5	6	78329517	103286941	15457	-0.3262
c991274f-9425-4de0-b5ae-4589b40db4c5	6	103286950	103314186	48	-1.148
c991274f-9425-4de0-b5ae-4589b40db4c5	6	103317795	148565526	28540	-0.3166
c991274f-9425-4de0-b5ae-4589b40db4c5	6	148566506	148566527	2	-2.1508
c991274f-9425-4de0-b5ae-4589b40db4c5	6	148571473	157050143	6099	-0.3184
c991274f-9425-4de0-b5ae-4589b40db4c5	6	157056122	157091621	28	-0.9983
c991274f-9425-4de0-b5ae-4589b40db4c5	6	157092754	170741917	9438	-0.325
c991274f-9425-4de0-b5ae-4589b40db4c5	7	43355	1849963	548	0.4262
c991274f-9425-4de0-b5ae-4589b40db4c5	7	1852673	4342112	1714	0.4706
c991274f-9425-4de0-b5ae-4589b40db4c5	7	4342727	6858609	1173	0.4063
c991274f-9425-4de0-b5ae-4589b40db4c5	7	6860976	6880649	8	-0.2433
c991274f-9425-4de0-b5ae-4589b40db4c5	7	6889070	21133633	11590	0.4454
c991274f-9425-4de0-b5ae-4589b40db4c5	7	21134209	21141371	3	-0.9288
c991274f-9425-4de0-b5ae-4589b40db4c5	7	21141668	31139299	7337	0.4551
c991274f-9425-4de0-b5ae-4589b40db4c5	7	31139860	31237464	74	0.16
c991274f-9425-4de0-b5ae-4589b40db4c5	7	31241955	36145241	3293	0.4412
c991274f-9425-4de0-b5ae-4589b40db4c5	7	36145245	37951315	1405	0.495
c991274f-9425-4de0-b5ae-4589b40db4c5	7	37952200	38279777	222	0.4397
c991274f-9425-4de0-b5ae-4589b40db4c5	7	38279875	38289139	22	0.922
c991274f-9425-4de0-b5ae-4589b40db4c5	7	38289296	38295919	35	0.5565
c991274f-9425-4de0-b5ae-4589b40db4c5	7	38300003	38338955	45	0.7433
c991274f-9425-4de0-b5ae-4589b40db4c5	7	38339129	55576701	12060	0.4396
c991274f-9425-4de0-b5ae-4589b40db4c5	7	55576736	77106361	7373	0.3854
c991274f-9425-4de0-b5ae-4589b40db4c5	7	77109303	91578827	9524	0.4478
c991274f-9425-4de0-b5ae-4589b40db4c5	7	91589569	91589817	3	-1.126
c991274f-9425-4de0-b5ae-4589b40db4c5	7	91595717	100727566	5143	0.4309
c991274f-9425-4de0-b5ae-4589b40db4c5	7	100731621	100731642	2	-2.5712
c991274f-9425-4de0-b5ae-4589b40db4c5	7	100735219	134100424	20082	0.4464
c991274f-9425-4de0-b5ae-4589b40db4c5	7	134100442	134100458	2	1.3498
c991274f-9425-4de0-b5ae-4589b40db4c5	7	134100556	134105244	19	0.7983
c991274f-9425-4de0-b5ae-4589b40db4c5	7	134105258	134110881	4	1.3683
c991274f-9425-4de0-b5ae-4589b40db4c5	7	134110912	138484628	2983	0.4562
c991274f-9425-4de0-b5ae-4589b40db4c5	7	138485768	138528720	22	-0.4888
c991274f-9425-4de0-b5ae-4589b40db4c5	7	138538608	142069843	2199	0.4507
c991274f-9425-4de0-b5ae-4589b40db4c5	7	142069880	142090403	31	-0.2774
c991274f-9425-4de0-b5ae-4589b40db4c5	7	142092108	154598185	7621	0.4507
c991274f-9425-4de0-b5ae-4589b40db4c5	7	154601461	154607903	4	-2.121
c991274f-9425-4de0-b5ae-4589b40db4c5	7	154609120	155173682	571	0.4476
c991274f-9425-4de0-b5ae-4589b40db4c5	7	155174804	155175395	12	-0.0228
c991274f-9425-4de0-b5ae-4589b40db4c5	7	155175417	159334314	2651	0.456
c991274f-9425-4de0-b5ae-4589b40db4c5	8	81254	163380	3	0.2964
c991274f-9425-4de0-b5ae-4589b40db4c5	8	208062	7357997	7722	-0.3295
c991274f-9425-4de0-b5ae-4589b40db4c5	8	7358220	7380497	15	-2.0928
c991274f-9425-4de0-b5ae-4589b40db4c5	8	7396819	13791602	4416	-0.3217
c991274f-9425-4de0-b5ae-4589b40db4c5	8	13791634	13798200	15	-1.0519
c991274f-9425-4de0-b5ae-4589b40db4c5	8	13799452	18573046	4343	-0.3406
c991274f-9425-4de0-b5ae-4589b40db4c5	8	18573108	18575883	2	-2
c991274f-9425-4de0-b5ae-4589b40db4c5	8	18576110	25117062	4922	-0.3195
c991274f-9425-4de0-b5ae-4589b40db4c5	8	25117985	25126818	23	-1.6339
c991274f-9425-4de0-b5ae-4589b40db4c5	8	25133589	32821197	5423	-0.3191
c991274f-9425-4de0-b5ae-4589b40db4c5	8	32821348	32830895	9	0.5703
c991274f-9425-4de0-b5ae-4589b40db4c5	8	32834588	39389156	3576	-0.3409
c991274f-9425-4de0-b5ae-4589b40db4c5	8	39389592	39529446	57	-1.4416
c991274f-9425-4de0-b5ae-4589b40db4c5	8	39530780	57165988	9142	-0.3305
c991274f-9425-4de0-b5ae-4589b40db4c5	8	57168249	57168524	2	-1.94
c991274f-9425-4de0-b5ae-4589b40db4c5	8	57169026	65290136	5205	-0.3195
c991274f-9425-4de0-b5ae-4589b40db4c5	8	65290237	65300602	7	0.3916
c991274f-9425-4de0-b5ae-4589b40db4c5	8	65302466	65317004	14	0.9171
c991274f-9425-4de0-b5ae-4589b40db4c5	8	65323146	71300130	3509	0.4326
c991274f-9425-4de0-b5ae-4589b40db4c5	8	71303076	71304364	8	-1.6908
c991274f-9425-4de0-b5ae-4589b40db4c5	8	71307628	111279265	24078	0.4327
c991274f-9425-4de0-b5ae-4589b40db4c5	8	111282050	111282237	3	2.2789
c991274f-9425-4de0-b5ae-4589b40db4c5	8	111282417	111283031	7	4.5472
c991274f-9425-4de0-b5ae-4589b40db4c5	8	111288052	141564139	21447	0.442
c991274f-9425-4de0-b5ae-4589b40db4c5	8	141564862	141574857	18	0.9054
c991274f-9425-4de0-b5ae-4589b40db4c5	8	141576010	145072769	1436	0.4339
c991274f-9425-4de0-b5ae-4589b40db4c5	9	46587	1118070	1082	0.4082
c991274f-9425-4de0-b5ae-4589b40db4c5	9	1118133	10310942	8809	0.4555
c991274f-9425-4de0-b5ae-4589b40db4c5	9	10314941	10325264	17	0.9187
c991274f-9425-4de0-b5ae-4589b40db4c5	9	10329917	11097562	657	0.4482
c991274f-9425-4de0-b5ae-4589b40db4c5	9	11097575	42585140	20744	0.4224
c991274f-9425-4de0-b5ae-4589b40db4c5	9	42697878	42726239	12	1.3179
c991274f-9425-4de0-b5ae-4589b40db4c5	9	42727685	61405110	42	0.312
c991274f-9425-4de0-b5ae-4589b40db4c5	9	61520021	61647899	30	1.0764
c991274f-9425-4de0-b5ae-4589b40db4c5	9	61665362	63580418	38	0.0954
c991274f-9425-4de0-b5ae-4589b40db4c5	9	63590317	63590325	5	1.6327
c991274f-9425-4de0-b5ae-4589b40db4c5	9	63592670	88200773	14484	0.4317
c991274f-9425-4de0-b5ae-4589b40db4c5	9	88204848	88208131	6	-0.4187
c991274f-9425-4de0-b5ae-4589b40db4c5	9	88208541	111764854	16679	0.4371
c991274f-9425-4de0-b5ae-4589b40db4c5	9	111765261	111769413	2	-1.6337
c991274f-9425-4de0-b5ae-4589b40db4c5	9	111779326	138200944	16846	0.451
c991274f-9425-4de0-b5ae-4589b40db4c5	10	45792	13007585	10899	0.1469
c991274f-9425-4de0-b5ae-4589b40db4c5	10	13007600	13008170	8	-0.6704
c991274f-9425-4de0-b5ae-4589b40db4c5	10	13008428	17480443	3741	0.1372
c991274f-9425-4de0-b5ae-4589b40db4c5	10	17480684	17480700	2	-1.638
c991274f-9425-4de0-b5ae-4589b40db4c5	10	17481042	23955132	4435	0.1194
c991274f-9425-4de0-b5ae-4589b40db4c5	10	23962603	23995835	43	-1.1192
c991274f-9425-4de0-b5ae-4589b40db4c5	10	24011792	34887126	7734	0.1275
c991274f-9425-4de0-b5ae-4589b40db4c5	10	34887225	34894239	4	1.1906
c991274f-9425-4de0-b5ae-4589b40db4c5	10	34894266	43239471	2851	0.0976
c991274f-9425-4de0-b5ae-4589b40db4c5	10	43239500	43244619	4	-1.1307
c991274f-9425-4de0-b5ae-4589b40db4c5	10	43247480	51079913	4247	0.1454
c991274f-9425-4de0-b5ae-4589b40db4c5	10	51079934	51390492	262	-0.2786
c991274f-9425-4de0-b5ae-4589b40db4c5	10	51396323	56756643	4009	0.1221
c991274f-9425-4de0-b5ae-4589b40db4c5	10	56756761	56767077	39	-0.3827
c991274f-9425-4de0-b5ae-4589b40db4c5	10	56772992	65545327	6106	0.1349
c991274f-9425-4de0-b5ae-4589b40db4c5	10	65545353	65566308	36	0.5248
c991274f-9425-4de0-b5ae-4589b40db4c5	10	65566389	92398229	17908	0.1339
c991274f-9425-4de0-b5ae-4589b40db4c5	10	92403721	92408060	4	-1.5633
c991274f-9425-4de0-b5ae-4589b40db4c5	10	92412592	109200269	10661	0.1259
c991274f-9425-4de0-b5ae-4589b40db4c5	10	109206993	109207121	3	-1.0151
c991274f-9425-4de0-b5ae-4589b40db4c5	10	109208262	122564250	9705	0.1329
c991274f-9425-4de0-b5ae-4589b40db4c5	10	122574497	122587462	6	-0.8762
c991274f-9425-4de0-b5ae-4589b40db4c5	10	122597296	133654968	7893	0.1405
c991274f-9425-4de0-b5ae-4589b40db4c5	11	198510	4949137	2423	-0.3061
c991274f-9425-4de0-b5ae-4589b40db4c5	11	4950775	4955042	23	-1.1373
c991274f-9425-4de0-b5ae-4589b40db4c5	11	4955781	5766175	782	-0.3061
c991274f-9425-4de0-b5ae-4589b40db4c5	11	5766850	5788231	34	-1.5416
c991274f-9425-4de0-b5ae-4589b40db4c5	11	5791130	42791601	26582	-0.3151
c991274f-9425-4de0-b5ae-4589b40db4c5	11	42794936	42796489	2	-2.6752
c991274f-9425-4de0-b5ae-4589b40db4c5	11	42799053	55608804	4589	-0.3178
c991274f-9425-4de0-b5ae-4589b40db4c5	11	55609022	55685533	51	-1.5257
c991274f-9425-4de0-b5ae-4589b40db4c5	11	55686100	86594775	17730	-0.3044
c991274f-9425-4de0-b5ae-4589b40db4c5	11	86594833	86595012	3	-2.5667
c991274f-9425-4de0-b5ae-4589b40db4c5	11	86604132	135074876	34494	-0.3132
c991274f-9425-4de0-b5ae-4589b40db4c5	12	51460	64156	3	-0.1353
c991274f-9425-4de0-b5ae-4589b40db4c5	12	69671	1678378	952	0.4399
c991274f-9425-4de0-b5ae-4589b40db4c5	12	1678484	1741990	42	0.1958
c991274f-9425-4de0-b5ae-4589b40db4c5	12	1745382	8191365	4531	0.4637
c991274f-9425-4de0-b5ae-4589b40db4c5	12	8194012	8428347	80	0.2536
c991274f-9425-4de0-b5ae-4589b40db4c5	12	8432076	9477960	559	0.4553
c991274f-9425-4de0-b5ae-4589b40db4c5	12	9481274	9562969	23	-1.4934
c991274f-9425-4de0-b5ae-4589b40db4c5	12	9575696	11074314	1038	0.4661
c991274f-9425-4de0-b5ae-4589b40db4c5	12	11078856	11088933	6	-1.4237
c991274f-9425-4de0-b5ae-4589b40db4c5	12	11099275	11358644	133	0.3746
c991274f-9425-4de0-b5ae-4589b40db4c5	12	11359558	11390472	29	1.2465
c991274f-9425-4de0-b5ae-4589b40db4c5	12	11399258	19314078	5407	0.4463
c991274f-9425-4de0-b5ae-4589b40db4c5	12	19321836	19424002	51	0.8568
c991274f-9425-4de0-b5ae-4589b40db4c5	12	19427570	33569987	10203	0.4356
c991274f-9425-4de0-b5ae-4589b40db4c5	12	33570383	33570541	3	-1.2155
c991274f-9425-4de0-b5ae-4589b40db4c5	12	33570626	37593924	559	0.3969
c991274f-9425-4de0-b5ae-4589b40db4c5	12	37618765	37620216	2	-1.7322
c991274f-9425-4de0-b5ae-4589b40db4c5	12	37640556	45506042	4754	0.4357
c991274f-9425-4de0-b5ae-4589b40db4c5	12	45510655	45515754	4	-1.6463
c991274f-9425-4de0-b5ae-4589b40db4c5	12	45519509	52300265	3726	0.448
c991274f-9425-4de0-b5ae-4589b40db4c5	12	52300509	52857700	544	0.5253
c991274f-9425-4de0-b5ae-4589b40db4c5	12	52861260	99401870	29414	0.4371
c991274f-9425-4de0-b5ae-4589b40db4c5	12	99401959	99409315	29	-0.0374
c991274f-9425-4de0-b5ae-4589b40db4c5	12	99409340	111478477	7787	0.4447
c991274f-9425-4de0-b5ae-4589b40db4c5	12	111478626	112728642	704	0.3641
c991274f-9425-4de0-b5ae-4589b40db4c5	12	112728688	113024428	262	0.504
c991274f-9425-4de0-b5ae-4589b40db4c5	12	113024678	123844942	6877	0.4239
c991274f-9425-4de0-b5ae-4589b40db4c5	12	123845893	124836915	659	0.479
c991274f-9425-4de0-b5ae-4589b40db4c5	12	124838694	133201603	6401	-0.3272
c991274f-9425-4de0-b5ae-4589b40db4c5	13	18452809	30207584	8256	-0.3102
c991274f-9425-4de0-b5ae-4589b40db4c5	13	30207962	30209634	3	-1.6806
c991274f-9425-4de0-b5ae-4589b40db4c5	13	30215542	37496998	5198	-0.3167
c991274f-9425-4de0-b5ae-4589b40db4c5	13	37497899	37510620	16	-1.7057
c991274f-9425-4de0-b5ae-4589b40db4c5	13	37514193	114342922	50579	-0.3177
c991274f-9425-4de0-b5ae-4589b40db4c5	14	18239283	19110634	33	-0.2184
c991274f-9425-4de0-b5ae-4589b40db4c5	14	19134873	19954424	133	0.3014
c991274f-9425-4de0-b5ae-4589b40db4c5	14	19955213	21959698	1387	-0.3073
c991274f-9425-4de0-b5ae-4589b40db4c5	14	21960136	22501272	452	-0.0547
c991274f-9425-4de0-b5ae-4589b40db4c5	14	22501343	69551330	29553	-0.3004
c991274f-9425-4de0-b5ae-4589b40db4c5	14	69551651	69555750	8	-2.0728
c991274f-9425-4de0-b5ae-4589b40db4c5	14	69555996	73540003	2624	-0.2828
c991274f-9425-4de0-b5ae-4589b40db4c5	14	73540147	73554275	7	-1.922
c991274f-9425-4de0-b5ae-4589b40db4c5	14	73563196	74428146	481	-0.3087
c991274f-9425-4de0-b5ae-4589b40db4c5	14	74428260	76127347	1043	-0.2538
c991274f-9425-4de0-b5ae-4589b40db4c5	14	76127949	76128256	2	-1.659
c991274f-9425-4de0-b5ae-4589b40db4c5	14	76130426	76235289	63	-0.2234
c991274f-9425-4de0-b5ae-4589b40db4c5	14	76237008	82004385	3960	-0.3216
c991274f-9425-4de0-b5ae-4589b40db4c5	14	82004789	82008094	2	-2.6301
c991274f-9425-4de0-b5ae-4589b40db4c5	14	82008805	89646804	5087	-0.316
c991274f-9425-4de0-b5ae-4589b40db4c5	14	89649077	106877229	10482	-0.2821
c991274f-9425-4de0-b5ae-4589b40db4c5	15	19811075	24429740	1200	-0.3102
c991274f-9425-4de0-b5ae-4589b40db4c5	15	24429986	24473026	31	-1.6295
c991274f-9425-4de0-b5ae-4589b40db4c5	15	24473449	61392006	23535	-0.3084
c991274f-9425-4de0-b5ae-4589b40db4c5	15	61395970	61405729	12	-2.8308
c991274f-9425-4de0-b5ae-4589b40db4c5	15	61405755	61405782	3	-1.2823
c991274f-9425-4de0-b5ae-4589b40db4c5	15	61408185	72037752	6853	-0.2909
c991274f-9425-4de0-b5ae-4589b40db4c5	15	72039917	72044118	3	-3.7278
c991274f-9425-4de0-b5ae-4589b40db4c5	15	72049039	76599170	2239	-0.2961
c991274f-9425-4de0-b5ae-4589b40db4c5	15	76599286	76603434	20	-1.8306
c991274f-9425-4de0-b5ae-4589b40db4c5	15	76609838	83871965	4408	-0.2989
c991274f-9425-4de0-b5ae-4589b40db4c5	15	83871986	83874798	6	-1.5691
c991274f-9425-4de0-b5ae-4589b40db4c5	15	83878525	91470672	5080	-0.3082
c991274f-9425-4de0-b5ae-4589b40db4c5	15	91474401	91474765	2	-2.0484
c991274f-9425-4de0-b5ae-4589b40db4c5	15	91480507	101928837	8103	-0.3038
c991274f-9425-4de0-b5ae-4589b40db4c5	16	10777	5275094	2296	0.4361
c991274f-9425-4de0-b5ae-4589b40db4c5	16	5277182	6062469	909	-0.3189
c991274f-9425-4de0-b5ae-4589b40db4c5	16	6065354	6152205	126	0.4099
c991274f-9425-4de0-b5ae-4589b40db4c5	16	6155208	6446332	344	-0.3216
c991274f-9425-4de0-b5ae-4589b40db4c5	16	6452764	6885306	579	0.4445
c991274f-9425-4de0-b5ae-4589b40db4c5	16	6889157	7033036	166	-0.3335
c991274f-9425-4de0-b5ae-4589b40db4c5	16	7037472	55761136	22490	0.433
c991274f-9425-4de0-b5ae-4589b40db4c5	16	55762477	55788532	22	-0.1538
c991274f-9425-4de0-b5ae-4589b40db4c5	16	55808442	61067492	3297	0.4397
c991274f-9425-4de0-b5ae-4589b40db4c5	16	61067571	61075312	11	-0.3687
c991274f-9425-4de0-b5ae-4589b40db4c5	16	61078923	78337711	10962	0.4307
c991274f-9425-4de0-b5ae-4589b40db4c5	16	78338543	78345778	13	1.3648
c991274f-9425-4de0-b5ae-4589b40db4c5	16	78349243	78778667	555	0.4215
c991274f-9425-4de0-b5ae-4589b40db4c5	16	78778751	88306642	9310	0.4673
c991274f-9425-4de0-b5ae-4589b40db4c5	16	88316374	90096867	742	0.4023
c991274f-9425-4de0-b5ae-4589b40db4c5	17	150733	10984945	6386	-0.3158
c991274f-9425-4de0-b5ae-4589b40db4c5	17	10992362	10992719	2	-2.9622
c991274f-9425-4de0-b5ae-4589b40db4c5	17	10995502	15143236	3292	-0.3342
c991274f-9425-4de0-b5ae-4589b40db4c5	17	15148071	15148077	4	-1.8021
c991274f-9425-4de0-b5ae-4589b40db4c5	17	15148119	16798212	778	-0.3204
c991274f-9425-4de0-b5ae-4589b40db4c5	17	16806233	16806426	2	-1.8317
c991274f-9425-4de0-b5ae-4589b40db4c5	17	16815664	18414080	910	-0.2878
c991274f-9425-4de0-b5ae-4589b40db4c5	17	18452078	18543365	24	0.526
c991274f-9425-4de0-b5ae-4589b40db4c5	17	18550123	20387400	785	-0.3181
c991274f-9425-4de0-b5ae-4589b40db4c5	17	20389632	20482542	14	0.2093
c991274f-9425-4de0-b5ae-4589b40db4c5	17	20488766	31130728	2579	-0.2769
c991274f-9425-4de0-b5ae-4589b40db4c5	17	31139704	31344369	93	-1.7955
c991274f-9425-4de0-b5ae-4589b40db4c5	17	31355444	41273905	5922	-0.2851
c991274f-9425-4de0-b5ae-4589b40db4c5	17	41273921	41274198	3	-1.8998
c991274f-9425-4de0-b5ae-4589b40db4c5	17	41274279	46130967	2530	-0.2853
c991274f-9425-4de0-b5ae-4589b40db4c5	17	46131308	46446345	94	-0.6651
c991274f-9425-4de0-b5ae-4589b40db4c5	17	46446360	83091923	21543	-0.3079
c991274f-9425-4de0-b5ae-4589b40db4c5	18	48133	80257174	50683	-0.3108
c991274f-9425-4de0-b5ae-4589b40db4c5	19	90910	1416216	312	0.3981
c991274f-9425-4de0-b5ae-4589b40db4c5	19	1423673	1439043	7	-0.4035
c991274f-9425-4de0-b5ae-4589b40db4c5	19	1441984	34881503	16044	0.4226
c991274f-9425-4de0-b5ae-4589b40db4c5	19	34881707	34886199	3	1.6394
c991274f-9425-4de0-b5ae-4589b40db4c5	19	34886568	35358319	328	0.4336
c991274f-9425-4de0-b5ae-4589b40db4c5	19	35358407	35370268	19	-0.1782
c991274f-9425-4de0-b5ae-4589b40db4c5	19	35370747	37263518	946	0.4122
c991274f-9425-4de0-b5ae-4589b40db4c5	19	37264829	37305409	6	-0.4119
c991274f-9425-4de0-b5ae-4589b40db4c5	19	37306430	50972447	6628	0.4306
c991274f-9425-4de0-b5ae-4589b40db4c5	19	50977095	51663702	499	0.5186
c991274f-9425-4de0-b5ae-4589b40db4c5	19	51664653	58586487	4308	0.426
c991274f-9425-4de0-b5ae-4589b40db4c5	20	80664	1571811	1182	0.4595
c991274f-9425-4de0-b5ae-4589b40db4c5	20	1576544	1590770	40	-0.021
c991274f-9425-4de0-b5ae-4589b40db4c5	20	1591078	26309289	18774	0.4466
c991274f-9425-4de0-b5ae-4589b40db4c5	20	26316572	30271154	19	-0.0736
c991274f-9425-4de0-b5ae-4589b40db4c5	20	30293217	37003742	2756	0.4354
c991274f-9425-4de0-b5ae-4589b40db4c5	20	37003756	37087577	119	0.2603
c991274f-9425-4de0-b5ae-4589b40db4c5	20	37088082	63744443	19226	0.4604
c991274f-9425-4de0-b5ae-4589b40db4c5	20	63746996	63747011	2	-0.8576
c991274f-9425-4de0-b5ae-4589b40db4c5	20	63749189	64324800	232	0.4168
c991274f-9425-4de0-b5ae-4589b40db4c5	21	10354168	46677045	23825	-0.314
c991274f-9425-4de0-b5ae-4589b40db4c5	22	15294547	22114208	3116	-0.2871
c991274f-9425-4de0-b5ae-4589b40db4c5	22	22119549	22120255	6	-1.9151
c991274f-9425-4de0-b5ae-4589b40db4c5	22	22127104	28853578	5192	-0.2523
c991274f-9425-4de0-b5ae-4589b40db4c5	22	28854458	28902235	35	-1.8857
c991274f-9425-4de0-b5ae-4589b40db4c5	22	28902764	38148291	6441	-0.3156
c991274f-9425-4de0-b5ae-4589b40db4c5	22	38150693	38212355	37	0.4366
c991274f-9425-4de0-b5ae-4589b40db4c5	22	38213824	38894915	356	-0.2941
c991274f-9425-4de0-b5ae-4589b40db4c5	22	38899250	38900899	3	-2.2376
c991274f-9425-4de0-b5ae-4589b40db4c5	22	38903109	50796027	8062	-0.3106
c991274f-9425-4de0-b5ae-4589b40db4c5	X	251810	55825380	32148	0.0116
c991274f-9425-4de0-b5ae-4589b40db4c5	X	55826194	89719208	14349	-0.0109
c991274f-9425-4de0-b5ae-4589b40db4c5	X	89721825	89726410	2	-1.5444
c991274f-9425-4de0-b5ae-4589b40db4c5	X	89728272	96697308	3369	-0.0133
c991274f-9425-4de0-b5ae-4589b40db4c5	X	96703210	96721577	9	-0.8815
c991274f-9425-4de0-b5ae-4589b40db4c5	X	96732257	139406641	23620	0.0049
c991274f-9425-4de0-b5ae-4589b40db4c5	X	139418132	139535574	70	-0.6652
c991274f-9425-4de0-b5ae-4589b40db4c5	X	139540450	151124426	7642	-0.0012
c991274f-9425-4de0-b5ae-4589b40db4c5	X	151125462	151126987	2	-2.5211
c991274f-9425-4de0-b5ae-4589b40db4c5	X	151128083	155952689	2360	0.0135
c991274f-9425-4de0-b5ae-4589b40db4c5	Y	2782397	6249869	783	-2.3939
c991274f-9425-4de0-b5ae-4589b40db4c5	Y	6252391	9330531	1443	-2.8418
c991274f-9425-4de0-b5ae-4589b40db4c5	Y	9332936	9550385	21	-4.402
c991274f-9425-4de0-b5ae-4589b40db4c5	Y	9550653	13478396	1016	-2.7705
c991274f-9425-4de0-b5ae-4589b40db4c5	Y	13478462	13482643	3	-7.6945
c991274f-9425-4de0-b5ae-4589b40db4c5	Y	13483009	26505154	3293	-2.8072
c991274f-9425-4de0-b5ae-4589b40db4c5	Y	26505846	56872112	79	-2.4407
